0 946.12396 764.60175 0.01764706 -36
1 942.38165 762.7298 0.019607844 -36
2 929.48627 759.6044 0.019607844 -78
3 903.93414 758.12976 0.019607844 -111
4 855.2362 748.909 0.019607844 -144
5 821.4961 746.4499 0.01764706 -177
6 761.23627 741.60785 0.019607844 -193
7 716.2976 737.11115 0.01764706 -210
8 674.9672 733.93164 0.019607844 -226
9 631.7914 728.56384 0.019607844 -243
10 588.2631 720.70953 0.019607844 -259
11 546.5304 712.4377 0.019607844 -276
12 516.62897 709.3782 0.019607844 -292
13 487.29065 707.72406 0.019607844 -309
14 465.83606 709.2081 0.019607844 -326
15 460.37906 712.42535 0.019607844 -359
16 457.21075 717.1753 0.019607844 -375
17 455.47427 742.4454 0.019607844 -392
18 460.37207 798.06354 0.019607844 -408
19 465.67447 845.287 0.01764706 -425
20 472.5169 941.44025 0.01764706 -441
21 473.9355 991.5901 0.019607844 -474
22 473.56152 1023.49945 0.019607844 -491
23 474.5606 1059.1125 0.019607844 -507
24 474.5606 1084.8765 0.01764706 -524
25 474.5606 1091.1996 0.01764706 -557
26 474.5606 1095.1532 0.01764706 -573
27 474.5606 1095.4294 0.01764706 -590
28 474.5606 1096.429 0.01764706 -591
0 834.2276 678.64655 0.025490198 -15
1 805.2544 652.66003 0.01764706 -15
2 787.27106 638.66736 0.019607844 -32
3 763.2933 623.6752 0.019607844 -32
4 763.2933 633.6699 0.025490198 -49
5 717.3358 613.68036 0.019607844 -74
6 714.33856 625.67413 0.025490198 -74
7 682.36816 613.68036 0.019607844 -83
8 660.38855 608.683 0.019607844 -101
9 511.7882 578.09827 0.019607844 -101
10 445.99008 567.50476 0.019607844 -149
11 417.53055 564.7004 0.019607844 -181
12 403.78003 564.7059 0.019607844 -197
13 384.49066 571.42505 0.019607844 -214
14 376.65125 583.696 0.019607844 -247
15 392.63644 648.6621 0.025490198 -260
16 382.6457 656.65796 0.019607844 -287
17 364.66235 742.6132 0.019607844 -287
18 386.642 834.5653 0.025490198 -313
19 376.65125 842.56116 0.019607844 -339
20 387.64108 900.53094 0.025490198 -339
21 379.64847 905.5283 0.019607844 -364
22 375.65216 909.52625 0.019607844 -364
23 385.6429 957.5013 0.025490198 -373
24 382.6457 974.49243 0.019607844 -406
25 377.3595 974.49243 0.019607844 -406
26 374.0593 974.49243 0.019607844 -429
27 372.65494 974.49243 0.019607844 -445
28 371.65588 974.49243 0.01764706 -457
0 923.14526 691.6398 0.01764706 -16
1 921.1471 694.6382 0.01764706 -16
2 921.1471 694.6382 0.01764706 -24
3 869.1952 711.62933 0.01764706 -50
4 869.1952 711.62933 0.01764706 -50
5 869.1952 711.62933 0.01764706 -59
6 822.23865 704.633 0.01764706 -84
7 821.2396 703.6335 0.015686275 -84
8 821.2396 703.6335 0.015686275 -93
9 761.2951 685.6429 0.01764706 -110
10 761.2951 685.6429 0.01764706 -110
11 710.3423 682.6444 0.01764706 -127
12 640.9441 677.64935 0.01764706 -127
13 573.6243 670.59796 0.01764706 -167
14 527.12006 664.6538 0.01764706 -198
15 508.4471 666.92316 0.01764706 -231
16 505.53192 667.6522 0.01764706 -264
17 505.53192 667.6522 0.01764706 -271
18 479.55597 728.6205 0.01764706 -305
19 479.55597 728.6205 0.01764706 -305
20 471.56335 805.5804 0.01764706 -323
21 452.1077 932.56696 0.01764706 -323
22 442.5902 1011.9729 0.01764706 -380
23 436.49957 1071.3082 0.01764706 -413
24 438.5939 1077.4388 0.015686275 -446
25 439.59296 1082.4362 0.01764706 -454
0 413.61703 1281.3326 0.023529414 -70
1 407.13226 1280.1697 0.023529414 -70
2 395.81073 1275.924 0.023529414 -90
3 378.3553 1267.6925 0.021568628 -123
4 357.62946 1262.0828 0.021568628 -156
5 328.0721 1255.9889 0.021568628 -173
6 296.42682 1248.7749 0.019607844 -189
7 266.50146 1244.4985 0.019607844 -206
8 242.5417 1238.6086 0.019607844 -222
9 189.36723 1233.5164 0.019607844 -239
10 137.18712 1233.9144 0.019607844 -272
11 118.34598 1236.2422 0.019607844 -305
12 104.85552 1241.2311 0.019607844 -322
13 93.61161 1248.2177 0.019607844 -338
14 78.76517 1268.582 0.019607844 -355
15 64.7572 1300.3381 0.019607844 -371
16 63.940796 1302.3217 0.019607844 -388
17 63.940796 1302.3217 0.019607844 -389
0 503.53375 1253.3472 0.021568628 -9
1 501.38922 1253.3472 0.021568628 -9
2 482.98367 1254.5707 0.021568628 -34
3 452.0103 1253.4424 0.019607844 -67
4 375.1032 1242.9008 0.019607844 -100
5 321.06427 1235.7925 0.01764706 -133
6 266.9665 1231.6146 0.019607844 -149
7 180.42657 1227.3394 0.019607844 -166
8 143.49973 1226.3612 0.019607844 -199
9 124.05553 1228.0891 0.019607844 -215
10 112.2149 1230.4315 0.019607844 -232
11 102.9961 1235.5016 0.019607844 -248
12 92.60213 1250.3169 0.019607844 -265
13 81.51249 1285.0612 0.01764706 -282
14 71.36576 1357.5504 0.019607844 -298
15 65.52544 1425.0292 0.01764706 -315
16 64.267296 1480.0786 0.01764706 -331
17 60.943573 1514.2113 0.01764706 -348
18 60.943573 1514.2113 0.01764706 -359
0 794.2646 583.696 0.019607844 -43
1 758.5934 579.6101 0.019607844 -43
2 730.4894 575.9221 0.019607844 -66
3 697.3308 571.1115 0.019607844 -82
4 610.0385 564.4063 0.019607844 -99
5 560.69635 561.71515 0.019607844 -132
6 518.4621 558.95404 0.019607844 -149
7 482.02444 558.709 0.019607844 -165
8 450.8904 559.31445 0.019607844 -182
9 421.644 562.5777 0.019607844 -199
10 400.62543 567.5236 0.019607844 -215
11 369.38217 599.50275 0.019607844 -232
12 352.97293 687.94885 0.019607844 -265
13 355.06992 796.147 0.019607844 -298
14 354.30243 852.79346 0.019607844 -331
15 355.6707 898.78766 0.019607844 -347
16 354.6716 936.5708 0.019607844 -364
17 354.6716 959.8104 0.019607844 -381
18 354.6716 972.1203 0.019607844 -397
19 353.67252 978.947 0.019607844 -414
20 353.67252 984.62665 0.019607844 -430
21 353.67252 990.4841 0.01764706 -447
22 353.67252 990.4841 0.01764706 -476
0 817.2433 959.50024 0.019607844 0
1 813.3177 957.858 0.019607844 0
2 804.9355 955.396 0.019607844 -33
3 792.1624 953.11554 0.019607844 -49
4 750.41754 948.5135 0.019607844 -66
5 690.2939 940.5009 0.01764706 -99
6 640.3167 931.56683 0.019607844 -115
7 543.61835 916.4569 0.019607844 -132
8 499.53745 910.026 0.019607844 -165
9 469.40463 907.26733 0.019607844 -181
10 441.68994 906.52783 0.019607844 -198
11 423.69983 907.51807 0.019607844 -214
12 409.79938 910.18915 0.019607844 -231
13 400.73444 914.69446 0.019607844 -247
14 399.62997 915.52313 0.019607844 -264
15 394.6346 922.5195 0.019607844 -266
0 872.19244 945.5075 0.019607844 0
1 864.00555 944.6423 0.019607844 0
2 846.4364 942.8017 0.019607844 -24
3 824.91003 941.0232 0.019607844 -40
4 801.3287 939.2085 0.019607844 -57
5 776.94525 938.51117 0.019607844 -73
6 715.2761 931.8411 0.019607844 -90
7 640.04663 916.0375 0.019607844 -123
8 550.3288 896.55646 0.019607844 -156
9 476.66888 890.53613 0.019607844 -189
10 428.49133 896.0612 0.019607844 -222
11 408.29672 908.782 0.019607844 -255
12 398.71814 934.0769 0.019607844 -288
13 390.46347 1069.7928 0.019607844 -305
14 389.53427 1171.2184 0.019607844 -338
15 389.63922 1239.8557 0.019607844 -354
16 389.63922 1271.3378 0.019607844 -371
17 388.64014 1301.3221 0.019607844 -379
0 873.19147 1009.4742 0.019607844 -9
1 865.28076 1009.4742 0.019607844 -9
2 846.1422 1007.5523 0.019607844 -35
3 818.0755 1003.8313 0.019607844 -52
4 782.15735 999.3617 0.019607844 -68
5 740.27014 992.42993 0.019607844 -85
6 694.1441 982.32983 0.019607844 -102
7 649.03033 971.0502 0.019607844 -118
8 602.8578 958.705 0.019607844 -135
9 560.7219 948.42444 0.019607844 -151
10 520.1745 940.2303 0.019607844 -168
11 493.576 935.6716 0.019607844 -184
12 467.55988 931.51483 0.019607844 -201
13 453.3481 932.82214 0.019607844 -234
14 443.58926 946.507 0.019607844 -267
15 438.5939 962.49866 0.019607844 -289
0 559.48193 1221.3639 0.021568628 0
1 554.16504 1221.3639 0.023529414 -9
2 545.7831 1221.3639 0.023529414 -34
3 534.77124 1221.3639 0.021568628 -51
4 522.4571 1221.3639 0.019607844 -67
5 472.29092 1217.332 0.019607844 -84
6 361.36026 1196.7617 0.019607844 -117
7 262.40213 1176.9186 0.019607844 -150
8 221.15822 1166.3098 0.019607844 -183
9 190.44353 1158.8014 0.019607844 -200
10 166.2956 1154.2987 0.019607844 -216
11 132.41322 1151.4003 0.019607844 -233
12 119.65361 1156.6332 0.019607844 -266
13 104.22436 1188.147 0.019607844 -299
14 94.32067 1228.9646 0.019607844 -332
15 84.049774 1296.5336 0.019607844 -348
16 66.502525 1391.2797 0.019607844 -365
17 59.944496 1419.2607 0.01764706 -398
18 59.944496 1419.2607 0.01764706 -408
0 875.18964 979.4898 0.019607844 0
1 870.46814 977.58215 0.019607844 0
2 858.7711 974.8838 0.019607844 -33
3 838.1899 971.15515 0.019607844 -49
4 813.5454 966.8649 0.019607844 -66
5 748.4406 958.95984 0.019607844 -82
6 657.611 939.5817 0.019607844 -115
7 569.71356 904.7749 0.019607844 -148
8 536.756 891.6368 0.019607844 -181
9 510.90402 882.17523 0.019607844 -198
10 493.55908 876.6482 0.019607844 -214
11 481.73535 874.40814 0.019607844 -231
12 473.7407 873.545 0.019607844 -248
13 466.41287 874.33344 0.019607844 -264
14 460.58258 879.1967 0.019607844 -281
15 451.95358 896.3658 0.019607844 -297
16 442.60797 929.0485 0.019607844 -314
17 435.5546 992.34106 0.019607844 -330
18 429.9834 1051.0494 0.019607844 -347
19 421.18472 1130.168 0.019607844 -363
20 401.40558 1233.694 0.019607844 -380
21 400.62906 1238.355 0.019607844 -413
22 397.63184 1259.3441 0.019607844 -414
0 918.14984 946.507 0.019607844 0
1 918.14984 946.507 0.019607844 0
2 916.5646 945.714 0.019607844 -18
3 901.7583 942.5091 0.019607844 -34
4 872.69714 942.5091 0.019607844 -67
5 796.60535 938.6332 0.019607844 -100
6 714.0337 927.9157 0.019607844 -133
7 630.61743 914.28766 0.019607844 -166
8 591.86066 909.1484 0.019607844 -199
9 561.20105 904.369 0.019607844 -216
10 514.3334 905.2163 0.019607844 -233
11 500.1822 907.0866 0.019607844 -266
12 489.96353 910.31726 0.019607844 -282
13 475.29602 924.98 0.019607844 -299
14 454.4163 1022.81714 0.019607844 -332
15 440.88208 1124.6617 0.019607844 -365
16 429.93338 1213.3876 0.019607844 -398
17 421.13882 1280.6316 0.019607844 -431
18 421.13882 1280.6316 0.019607844 -464
0 912.1554 735.6168 0.019607844 0
1 909.4302 733.7539 0.019607844 0
2 885.768 728.41797 0.019607844 -34
3 865.603 724.1008 0.019607844 -67
4 800.3456 712.31213 0.019607844 -84
5 760.1994 700.0747 0.01764706 -117
6 709.7646 688.7825 0.019607844 -133
7 634.187 668.592 0.019607844 -150
8 585.5593 654.6515 0.019607844 -166
9 546.50336 642.33527 0.019607844 -183
10 518.1528 634.43823 0.019607844 -199
11 492.3977 627.20294 0.019607844 -216
12 477.57275 623.429 0.019607844 -232
13 464.82483 621.7187 0.019607844 -249
14 452.46536 620.6767 0.019607844 -265
15 448.61215 622.1622 0.019607844 -298
16 443.48087 629.51965 0.019607844 -315
17 435.46484 657.1854 0.019607844 -331
18 429.0096 710.16626 0.019607844 -348
19 423.28232 794.98364 0.01764706 -364
20 418.6165 854.51666 0.01764706 -381
21 417.6133 888.5372 0.01764706 -398
22 414.6161 914.5237 0.019607844 -406
0 914.15356 951.5044 0.019607844 0
1 914.15356 951.5044 0.019607844 -8
2 910.55396 950.70337 0.019607844 -33
3 903.8106 950.50494 0.019607844 -50
4 892.3507 950.50494 0.019607844 -66
5 877.4701 951.91724 0.019607844 -83
6 830.23865 954.50287 0.019607844 -99
7 729.4454 947.6309 0.019607844 -132
8 631.71265 934.43524 0.019607844 -165
9 547.5189 917.92706 0.019607844 -198
10 484.81882 907.27997 0.019607844 -231
11 447.6579 904.5289 0.019607844 -264
12 429.97543 906.0702 0.019607844 -297
13 424.19104 909.47046 0.019607844 -331
14 417.21054 915.9261 0.019607844 -347
15 406.06693 944.9195 0.019607844 -364
16 394.37637 993.9356 0.019607844 -380
17 383.9944 1061.5333 0.019607844 -397
18 375.66083 1121.3464 0.019607844 -413
19 367.92343 1174.6055 0.019607844 -430
20 359.667 1227.3607 0.019607844 -446
21 357.66882 1246.3508 0.019607844 -464
0 872.19244 951.5044 0.019607844 -13
1 857.9271 951.5044 0.019607844 -13
2 837.86334 952.28406 0.019607844 -38
3 814.2865 953.50336 0.019607844 -55
4 754.7913 952.0973 0.019607844 -71
5 674.4202 945.10474 0.019607844 -104
6 579.3228 929.06067 0.019607844 -138
7 545.50433 923.2267 0.019607844 -171
8 519.7819 919.9257 0.019607844 -187
9 498.98514 918.5216 0.019607844 -204
10 481.97125 918.5216 0.019607844 -220
11 469.79602 919.63086 0.019607844 -237
12 459.47852 921.53925 0.019607844 -253
13 450.0264 926.25165 0.019607844 -270
14 439.75223 938.57886 0.019607844 -286
15 415.31323 1007.6841 0.019607844 -303
16 405.7853 1056.564 0.019607844 -336
17 398.14014 1098.6294 0.019607844 -352
18 390.5656 1142.3053 0.019607844 -369
19 375.2412 1222.2144 0.019607844 -385
20 369.6577 1246.3508 0.019607844 -418
21 364.66235 1265.341 0.019607844 -426
0 948.12213 730.61945 0.019607844 -7
1 942.84174 729.7986 0.019607844 -7
2 932.5897 727.9713 0.019607844 -32
3 917.9791 726.1583 0.019607844 -48
4 896.0569 722.9906 0.019607844 -65
5 872.47375 719.17236 0.01764706 -81
6 790.96466 714.61096 0.01764706 -98
7 690.1658 707.9744 0.01764706 -131
8 641.2482 706.89496 0.01764706 -165
9 596.5113 707.22845 0.01764706 -181
10 558.1702 708.0968 0.019607844 -198
11 527.4173 709.9698 0.019607844 -214
12 507.54108 713.98975 0.019607844 -231
13 489.50635 716.7307 0.019607844 -247
14 474.5798 722.61536 0.019607844 -264
15 464.1194 728.1814 0.01764706 -280
16 451.9574 748.85815 0.019607844 -297
17 439.9429 785.9197 0.019607844 -313
18 434.5976 811.5773 0.01764706 -330
19 430.6013 838.56323 0.019607844 -341
0 976.0962 851.55646 0.019607844 -16
1 966.141 850.557 0.019607844 -16
2 931.485 850.9147 0.019607844 -40
3 884.2141 852.55597 0.019607844 -73
4 851.62573 852.55597 0.019607844 -106
5 802.2731 849.6421 0.019607844 -123
6 715.9643 837.35266 0.019607844 -139
7 666.83685 830.4765 0.019607844 -173
8 620.5811 824.38934 0.019607844 -189
9 588.6514 820.2776 0.019607844 -206
10 557.3421 817.5653 0.019607844 -222
11 530.01135 815.7676 0.019607844 -239
12 513.27313 814.57574 0.019607844 -255
13 502.20813 814.57574 0.019607844 -272
14 494.74445 814.57574 0.019607844 -288
15 489.2828 816.6627 0.019607844 -305
16 478.89792 838.7097 0.019607844 -321
17 470.28464 885.0386 0.019607844 -338
18 463.57068 941.5103 0.019607844 -354
19 458.43774 1006.9553 0.019607844 -371
20 453.2647 1074.2278 0.019607844 -387
21 445.61847 1139.4186 0.019607844 -404
22 439.08975 1194.575 0.019607844 -420
23 431.9704 1243.1304 0.019607844 -437
24 425.4948 1297.2512 0.019607844 -453
25 421.66113 1323.0017 0.019607844 -470
26 418.704 1341.476 0.019607844 -486
27 417.6133 1354.1973 0.019607844 -503
28 417.6133 1355.2941 0.019607844 -520
29 417.6133 1360.2915 0.019607844 -521
0 869.1952 909.52625 0.019607844 -5
1 863.19806 909.52625 0.019607844 -15
2 849.19727 912.40186 0.019607844 -31
3 829.81146 914.28925 0.019607844 -48
4 803.0926 917.87714 0.019607844 -64
5 798.26086 918.5216 0.019607844 -81
6 782.2757 920.52057 0.019607844 -84
0 955.11566 747.6106 0.01764706 0
1 938.34 753.15436 0.019607844 0
2 917.82574 758.0801 0.01764706 -30
3 890.82245 762.79596 0.019607844 -47
4 862.2892 765.60126 0.01764706 -63
5 790.8986 764.18585 0.01764706 -80
6 701.0901 747.47235 0.01764706 -113
7 661.99524 743.0375 0.019607844 -146
8 635.1442 739.4338 0.019607844 -163
9 610.96967 736.62177 0.019607844 -179
10 590.69366 734.24164 0.019607844 -196
11 580.09796 732.39105 0.019607844 -212
12 570.8059 732.6184 0.019607844 -229
13 564.6385 732.6184 0.019607844 -245
14 559.80145 734.4576 0.01764706 -262
15 553.6113 743.6459 0.01764706 -278
16 545.41455 770.53656 0.01764706 -295
17 537.06055 815.95825 0.01764706 -311
18 518.7583 929.1487 0.01764706 -328
19 505.40656 991.48627 0.01764706 -361
20 493.57248 1050.1438 0.01764706 -377
21 483.23184 1115.5038 0.01764706 -394
22 478.56094 1146.3643 0.01764706 -411
23 472.79758 1174.4469 0.019607844 -427
24 468.85736 1189.3602 0.019607844 -444
25 466.568 1195.3773 0.019607844 -460
26 465.5689 1199.3752 0.019607844 -470
0 947.12305 738.6153 0.019607844 0
1 943.39624 738.6153 0.019607844 0
2 935.2703 736.84344 0.019607844 -31
3 923.2266 735.0023 0.019607844 -48
4 904.48785 732.59155 0.01764706 -64
5 879.78876 727.37573 0.01764706 -81
6 844.6946 722.79504 0.019607844 -97
7 731.4619 696.6429 0.01764706 -114
8 680.5431 687.8094 0.01764706 -147
9 642.9917 682.21106 0.019607844 -163
10 613.0617 678.35034 0.019607844 -180
11 589.7902 676.6476 0.019607844 -196
12 572.82355 675.3542 0.019607844 -213
13 553.79504 673.6491 0.019607844 -229
14 545.6028 676.17053 0.01764706 -262
15 534.28564 701.8867 0.01764706 -295
16 528.3728 733.3077 0.01764706 -328
17 522.11536 782.6105 0.01764706 -345
18 512.2057 848.0652 0.01764706 -361
19 501.85355 896.94165 0.01764706 -378
20 493.12534 939.1831 0.01764706 -395
21 485.2274 988.0719 0.01764706 -411
22 473.56152 1050.4529 0.01764706 -428
23 473.56152 1050.4529 0.01764706 -455
24 465.5689 1121.4159 0.01764706 -481
25 464.09515 1126.8385 0.019607844 -481
26 462.5717 1133.7129 0.019607844 -494
27 459.57446 1142.405 0.019607844 -527
28 458.5754 1145.4034 0.019607844 -541
29 457.57632 1150.4008 0.01764706 -566
30 456.57724 1151.4003 0.01764706 -566
0 921.1471 928.51636 0.019607844 0
1 921.1471 928.51636 0.019607844 0
2 914.8121 927.5169 0.019607844 -26
3 905.75995 927.5169 0.019607844 -60
4 891.6118 927.5169 0.019607844 -76
5 871.6255 927.5169 0.019607844 -93
6 804.92236 925.4574 0.019607844 -109
7 736.5211 912.3825 0.019607844 -142
8 634.08905 895.63007 0.019607844 -159
9 586.1019 888.69446 0.019607844 -192
10 545.4036 883.52966 0.019607844 -208
11 489.58807 879.5419 0.019607844 -225
12 457.972 880.4754 0.019607844 -258
13 441.8075 884.9308 0.019607844 -291
14 435.19754 890.5355 0.019607844 -324
15 426.20898 906.2793 0.019607844 -340
16 415.03717 939.6759 0.019607844 -357
17 406.1743 992.8907 0.019607844 -373
18 400.95325 1051.6576 0.019607844 -390
19 392.05496 1135.9375 0.019607844 -407
20 383.59906 1205.7609 0.019607844 -423
21 375.03174 1260.2971 0.019607844 -440
22 367.12045 1307.5566 0.019607844 -456
23 366.6605 1310.3175 0.019607844 -473
24 363.66327 1326.3092 0.019607844 -474
0 806.2535 563.70636 0.019607844 -54
1 778.21045 560.0876 0.019607844 -54
2 753.6681 557.2359 0.019607844 -76
3 724.4929 556.71 0.019607844 -93
4 653.75305 551.5486 0.019607844 -109
5 593.73334 549.763 0.019607844 -142
6 543.64844 543.5412 0.019607844 -159
7 498.4597 537.70416 0.019607844 -175
8 460.91324 530.4247 0.019607844 -192
9 428.45624 526.23804 0.019607844 -208
10 404.60074 521.5576 0.019607844 -225
11 383.6027 518.81683 0.019607844 -241
12 370.21466 519.46985 0.019607844 -258
13 361.1656 521.2285 0.019607844 -275
14 353.9667 527.0047 0.019607844 -291
15 346.69754 539.68176 0.019607844 -308
16 336.89716 571.3914 0.019607844 -324
17 316.43185 709.9913 0.019607844 -341
18 301.07697 838.37836 0.019607844 -374
19 285.29236 950.053 0.019607844 -407
20 275.06772 1014.5372 0.019607844 -440
21 270.7493 1034.4612 0.01764706 -473
22 269.75024 1039.4586 0.015686275 -495
0 750.3053 595.68976 0.019607844 0
1 744.17004 592.62085 0.019607844 -9
2 731.12836 589.8941 0.019607844 -26
3 711.1864 585.4063 0.019607844 -43
4 687.4908 581.4296 0.019607844 -59
5 663.2278 579.6755 0.019607844 -76
6 636.0164 576.69965 0.019607844 -92
7 603.3322 574.0222 0.019607844 -109
8 570.22 569.231 0.019607844 -125
9 531.19775 562.0104 0.019607844 -142
10 473.22894 548.4825 0.019607844 -158
11 430.13434 539.1372 0.019607844 -175
12 397.3189 533.13196 0.019607844 -191
13 368.8826 528.7694 0.019607844 -208
14 347.24442 524.74133 0.019607844 -225
15 332.7445 522.7277 0.019607844 -241
16 310.4515 525.7784 0.019607844 -258
17 294.49167 542.1889 0.019607844 -291
18 284.93704 564.34357 0.019607844 -324
19 276.86368 600.2339 0.019607844 -340
20 270.39203 710.50397 0.01764706 -357
21 265.26056 835.9723 0.01764706 -390
22 261.6232 964.9776 0.01764706 -423
23 256.67627 1000.21063 0.019607844 -456
24 251.7733 1029.4187 0.019607844 -472
25 248.83217 1046.9542 0.019607844 -489
26 245.00507 1065.7491 0.01764706 -505
27 244.77336 1067.444 0.01764706 -538
28 243.77429 1067.444 0.01764706 -549
0 983.0897 610.68195 0.019607844 -8
1 978.4477 609.8003 0.019607844 -8
2 966.1464 607.91016 0.019607844 -34
3 947.9495 607.6835 0.019607844 -50
4 894.60254 605.6845 0.019607844 -67
5 826.9897 603.61646 0.019607844 -100
6 724.434 591.1155 0.019607844 -133
7 683.74603 577.2362 0.01764706 -166
8 650.52924 569.9617 0.01764706 -183
9 622.47253 565.91174 0.01764706 -199
10 583.56085 566.9045 0.019607844 -216
11 558.7252 577.9534 0.01764706 -249
12 533.40466 609.3982 0.01764706 -282
13 507.28094 690.22144 0.01764706 -315
14 496.53314 749.8464 0.01764706 -348
15 486.05838 859.6084 0.01764706 -364
16 479.69016 927.50946 0.01764706 -381
17 473.8395 988.5897 0.01764706 -398
18 467.40466 1041.6422 0.01764706 -414
19 464.12833 1082.4604 0.01764706 -431
20 458.01605 1132.3292 0.01764706 -447
21 456.04758 1142.5255 0.01764706 -480
22 454.1027 1148.8322 0.01764706 -497
23 452.58093 1153.2338 0.01764706 -513
24 452.58093 1155.7559 0.01764706 -530
25 452.58093 1157.3972 0.01764706 -546
26 452.58093 1158.3966 0.01764706 -560
0 667.3821 1149.4014 0.019607844 -53
1 645.53107 1147.2196 0.019607844 -53
2 615.49603 1142.005 0.019607844 -67
3 580.69507 1136.3396 0.019607844 -83
4 534.3003 1130.6664 0.019607844 -100
5 405.2756 1121.396 0.019607844 -116
6 353.56732 1116.7178 0.019607844 -150
7 311.16006 1112.9155 0.019607844 -166
8 271.48975 1110.2366 0.019607844 -183
9 240.87901 1106.9923 0.019607844 -199
10 191.46706 1105.4242 0.019607844 -216
11 164.0176 1109.0325 0.019607844 -249
12 142.65027 1129.8468 0.01764706 -282
13 131.28275 1161.7813 0.01764706 -315
14 118.33081 1205.0853 0.01764706 -331
15 88.62584 1324.4431 0.01764706 -348
16 76.50072 1389.3708 0.01764706 -381
17 67.793785 1452.1053 0.01764706 -397
18 59.944496 1547.1941 0.01764706 -414
19 59.944496 1547.1941 0.01764706 -437
