0 863.20074 997.48047 0.019607844 -36
1 863.20074 997.48047 0.019607844 -36
2 858.8782 995.4815 0.019607844 -78
3 843.8912 992.00793 0.019607844 -111
4 803.98456 986.01917 0.019607844 -144
5 769.383 982.1657 0.019607844 -177
6 713.29047 972.4856 0.019607844 -193
7 668.5069 965.1574 0.019607844 -210
8 624.2699 957.7568 0.019607844 -226
9 582.3089 951.39105 0.019607844 -243
10 539.69104 943.97626 0.019607844 -259
11 502.36545 937.91583 0.019607844 -276
12 468.5473 933.2616 0.019607844 -292
13 440.19513 930.56165 0.019607844 -309
14 415.3053 929.51587 0.019607844 -326
15 409.42624 929.51587 0.019607844 -359
16 406.25793 930.6982 0.019607844 -375
17 400.52515 947.9743 0.019607844 -392
18 398.6309 999.4628 0.019607844 -408
19 400.40567 1044.4192 0.019607844 -425
20 406.57797 1138.4287 0.019607844 -441
21 404.9993 1187.4935 0.019607844 -474
22 403.1235 1233.1516 0.019607844 -491
23 404.81546 1256.6292 0.019607844 -507
24 407.48306 1291.4895 0.019607844 -524
25 407.62256 1300.0134 0.019607844 -557
26 407.62256 1304.0444 0.019607844 -573
27 407.62256 1304.3207 0.019607844 -590
28 408.62164 1305.3201 0.019607844 -591
0 871.19336 988.48517 0.019607844 -15
1 870.1943 988.48517 0.019607844 -15
2 867.197 988.48517 0.019607844 -32
3 858.2054 987.48566 0.019607844 -32
4 849.2137 987.48566 0.019607844 -49
5 823.23773 987.48566 0.019607844 -74
6 805.2544 987.48566 0.01764706 -74
7 784.2738 987.48566 0.01764706 -83
8 763.2933 987.48566 0.01764706 -101
9 631.14417 974.8916 0.019607844 -101
10 565.879 965.2976 0.019607844 -149
11 534.43335 961.48816 0.019607844 -181
12 518.05884 960.4997 0.019607844 -197
13 497.3861 964.7895 0.019607844 -214
14 490.5458 970.4945 0.019607844 -247
15 484.55133 978.49036 0.019607844 -260
16 471.56335 1014.4716 0.019607844 -287
17 454.5791 1119.417 0.019607844 -287
18 450.5828 1144.4039 0.019607844 -313
19 444.58835 1193.3784 0.019607844 -339
20 442.5902 1214.3674 0.019607844 -339
21 438.5939 1252.3477 0.019607844 -364
22 436.59573 1266.3405 0.019607844 -364
23 435.59668 1278.3342 0.019607844 -373
24 435.59668 1309.318 0.019607844 -406
25 435.59668 1324.8921 0.019607844 -406
26 435.59668 1331.0897 0.019607844 -429
27 435.59668 1334.305 0.019607844 -445
28 435.59668 1336.304 0.01764706 -457
0 905.16187 927.5169 0.019607844 -16
1 904.16284 926.5174 0.019607844 -16
2 901.1656 926.5174 0.019607844 -24
3 889.1767 925.51794 0.019607844 -50
4 881.1841 925.51794 0.019607844 -50
5 871.19336 925.51794 0.019607844 -59
6 839.22296 922.5195 0.019607844 -84
7 822.23865 919.52106 0.019607844 -84
8 800.25903 917.5221 0.019607844 -93
9 778.27936 914.5237 0.019607844 -110
10 755.30066 912.5247 0.019607844 -110
11 729.3247 909.52625 0.019607844 -127
12 622.44867 891.0393 0.019607844 -127
13 558.6382 881.4353 0.019607844 -167
14 513.133 875.8698 0.019607844 -198
15 494.46005 875.54395 0.019607844 -231
16 491.54486 876.54346 0.019607844 -264
17 487.54858 877.5429 0.019607844 -271
18 473.56152 899.5315 0.019607844 -305
19 466.568 924.51843 0.019607844 -305
20 460.57355 944.50806 0.019607844 -323
21 426.71014 1130.8322 0.019607844 -323
22 416.11472 1208.3706 0.019607844 -380
23 412.61795 1264.3038 0.019607844 -413
24 412.61795 1271.3378 0.019607844 -446
25 412.61795 1277.3347 0.019607844 -454
0 807.25256 990.4841 0.021568628 -70
1 802.9294 990.4841 0.021568628 -70
2 793.4425 988.48517 0.019607844 -90
3 774.98804 986.27057 0.019607844 -123
4 755.2613 983.3146 0.019607844 -156
5 726.5424 978.97235 0.019607844 -173
6 691.4174 974.2052 0.019607844 -189
7 663.9866 970.64136 0.019607844 -206
8 632.93646 965.9993 0.019607844 -222
9 577.6434 962.49866 0.019607844 -239
10 525.8273 965.0545 0.019607844 -272
11 505.10178 968.8246 0.019607844 -305
12 489.20715 974.36993 0.019607844 -322
13 475.04147 982.35614 0.019607844 -338
14 458.3975 1002.7206 0.019607844 -355
15 441.5251 1035.3594 0.019607844 -371
16 440.59204 1037.4596 0.019607844 -388
17 433.5985 1057.4492 0.019607844 -389
0 886.17944 989.4846 0.019607844 -9
1 884.7498 988.76953 0.019607844 -9
2 869.8497 987.48566 0.019607844 -34
3 833.6569 987.48566 0.019607844 -67
4 752.1412 982.64935 0.01764706 -100
5 699.1929 976.9273 0.01764706 -133
6 645.9875 971.37823 0.01764706 -149
7 550.9979 963.45544 0.019607844 -166
8 513.51996 964.407 0.019607844 -199
9 489.25998 966.2254 0.019607844 -215
10 475.34244 969.56744 0.019607844 -232
11 464.27988 974.63745 0.019607844 -248
12 455.4848 986.0173 0.019607844 -265
13 446.17484 1021.19867 0.019607844 -282
14 440.73587 1100.2526 0.019607844 -298
15 437.79 1173.3556 0.019607844 -315
16 436.92224 1231.5543 0.019607844 -331
17 436.59573 1267.3398 0.019607844 -348
18 435.59668 1289.3285 0.019607844 -359
0 920.148 999.47943 0.019607844 -43
1 886.5629 996.9367 0.019607844 -43
2 859.37006 993.70447 0.019607844 -66
3 827.2106 990.8929 0.019607844 -82
4 731.6262 978.99054 0.01764706 -99
5 680.57 972.51654 0.01764706 -132
6 639.9818 968.7406 0.01764706 -149
7 604.1743 967.4961 0.019607844 -165
8 574.38184 969.7064 0.019607844 -182
9 546.9633 974.7983 0.019607844 -199
10 526.50885 982.85333 0.019607844 -215
11 492.26837 1017.21936 0.019607844 -232
12 468.4655 1101.333 0.019607844 -265
13 463.17245 1215.7257 0.019607844 -298
14 461.20346 1272.0531 0.019607844 -331
15 458.00723 1314.5712 0.019607844 -347
16 456.44437 1351.0889 0.019607844 -364
17 456.57724 1372.5673 0.019607844 -381
18 455.6528 1384.9053 0.019607844 -397
19 455.5782 1391.7319 0.019607844 -414
20 455.5782 1395.6993 0.019607844 -430
21 455.5782 1399.2711 0.019607844 -447
22 455.5782 1400.2706 0.019607844 -476
0 910.1573 722.6236 0.019607844 0
1 906.2316 720.9814 0.01764706 0
2 895.2986 717.51984 0.019607844 -33
3 882.07916 713.8522 0.019607844 -49
4 839.3427 706.6469 0.019607844 -66
5 780.2176 702.6317 0.019607844 -99
6 731.23254 692.51605 0.01764706 -115
7 631.9872 677.5813 0.01764706 -132
8 586.45703 671.15045 0.019607844 -165
9 556.5438 666.8725 0.019607844 -181
10 531.6067 663.36206 0.019607844 -198
11 513.6166 663.65436 0.019607844 -214
12 501.37778 665.4849 0.019607844 -231
13 491.65027 668.0993 0.019607844 -247
14 490.5458 668.65173 0.019607844 -264
15 486.5495 674.6486 0.01764706 -266
0 956.1147 710.6299 0.019607844 0
1 946.06384 708.76514 0.019607844 0
2 926.9474 705.51074 0.019607844 -24
3 903.35077 702.14764 0.019607844 -40
4 880.5576 700.333 0.019607844 -57
5 854.8731 695.2786 0.019607844 -73
6 790.5329 684.96967 0.01764706 -90
7 716.13794 672.32623 0.019607844 -123
8 624.60895 654.0083 0.01764706 -156
9 552.54297 648.6621 0.019607844 -189
10 507.18246 655.1867 0.019607844 -222
11 488.68732 664.90906 0.019607844 -255
12 480.2601 685.5286 0.01764706 -288
13 475.90933 824.4457 0.019607844 -305
14 478.9767 936.3912 0.019607844 -338
15 479.56952 1007.0176 0.019607844 -354
16 479.55597 1038.4591 0.019607844 -371
17 480.55505 1072.4414 0.019607844 -379
0 939.13043 779.59393 0.019607844 -9
1 933.2014 777.6113 0.019607844 -9
2 918.92053 774.75073 0.019607844 -35
3 891.65326 771.7751 0.019607844 -52
4 855.3836 766.48303 0.019607844 -68
5 813.5916 758.55176 0.019607844 -85
6 769.1803 749.50397 0.019607844 -102
7 718.92896 739.17096 0.019607844 -118
8 675.4912 729.12384 0.019607844 -135
9 631.44006 718.32794 0.019607844 -151
10 592.27576 712.46094 0.019607844 -168
11 563.5112 704.8713 0.019607844 -184
12 534.4979 701.6345 0.019607844 -201
13 521.5929 702.9419 0.019607844 -234
14 509.52823 719.6252 0.019607844 -267
15 504.53284 735.6168 0.019607844 -289
0 907.16003 976.4914 0.019607844 0
1 906.3868 975.71783 0.019607844 -9
2 901.69073 973.87415 0.019607844 -34
3 892.44006 973.4929 0.019607844 -51
4 878.8329 973.4929 0.019607844 -67
5 827.96155 971.494 0.019607844 -84
6 716.8003 957.65546 0.01764706 -117
7 615.5814 936.0566 0.019607844 -150
8 573.83167 924.43567 0.019607844 -183
9 539.8225 916.92737 0.019607844 -200
10 512.82465 912.4247 0.019607844 -216
11 478.40005 909.52625 0.019607844 -233
12 462.3363 914.3475 0.019607844 -266
13 446.90704 941.27545 0.019607844 -299
14 438.12073 976.74084 0.019607844 -332
15 423.78625 1047.6122 0.019607844 -348
16 404.66803 1146.1466 0.019607844 -365
17 399.62997 1176.3873 0.019607844 -398
18 395.63367 1198.3759 0.019607844 -408
0 923.14526 744.6122 0.019607844 0
1 918.4237 742.7045 0.019607844 0
2 905.9233 739.00665 0.019607844 -33
3 886.81433 734.6088 0.019607844 -49
4 862.50006 729.9883 0.019607844 -66
5 800.1224 720.8135 0.019607844 -82
6 710.562 700.7062 0.019607844 -115
7 619.66736 670.6473 0.019607844 -148
8 586.7097 656.45966 0.019607844 -181
9 560.8577 644.82574 0.019607844 -198
10 543.5129 640.77106 0.019607844 -214
11 531.6891 638.531 0.019607844 -231
12 523.6944 636.7132 0.019607844 -248
13 518.1538 637.4568 0.019607844 -264
14 513.53357 641.3206 0.019607844 -281
15 506.4287 657.01605 0.019607844 -297
16 498.9522 688.7772 0.01764706 -314
17 495.0206 750.425 0.019607844 -330
18 488.92883 820.7879 0.019607844 -347
19 483.269 898.21783 0.019607844 -363
20 470.53586 1002.2032 0.019607844 -380
21 469.56522 1006.47577 0.019607844 -413
22 466.568 1030.4633 0.01764706 -414
0 964.1073 714.6278 0.019607844 0
1 964.1073 714.6278 0.019607844 0
2 964.1073 714.6278 0.019607844 -18
3 952.7111 709.82806 0.019607844 -34
4 924.64905 704.467 0.01764706 -67
5 844.5609 700.6351 0.019607844 -100
6 762.3387 690.0396 0.01764706 -133
7 676.2662 677.4111 0.019607844 -166
8 641.00415 673.08234 0.019607844 -199
9 606.9987 670.5708 0.019607844 -216
10 562.97614 669.6512 0.019607844 -233
11 551.135 670.21 0.019607844 -266
12 542.9145 672.44116 0.019607844 -282
13 529.24603 689.1688 0.01764706 -299
14 512.9436 789.7293 0.019607844 -332
15 502.8247 897.6295 0.019607844 -365
16 492.87512 991.49756 0.019607844 -398
17 487.07782 1063.2158 0.01764706 -431
18 487.07782 1063.2158 0.01764706 -464
0 873.19147 955.5023 0.019607844 0
1 868.60406 954.6389 0.019607844 0
2 846.8041 951.9029 0.019607844 -34
3 826.1469 949.99786 0.019607844 -67
4 764.3665 941.522 0.019607844 -84
5 723.03876 932.5389 0.019607844 -117
6 672.3698 919.51917 0.019607844 -133
7 600.23834 898.4722 0.019607844 -150
8 550.4677 885.28326 0.019607844 -166
9 512.0918 875.2139 0.019607844 -183
10 481.74432 866.31744 0.019607844 -199
11 459.1637 860.44904 0.019607844 -216
12 443.60422 856.3077 0.019607844 -232
13 432.81192 854.5974 0.019607844 -249
14 418.93854 854.113 0.019607844 -265
15 413.15872 856.04034 0.019607844 -298
16 407.51416 860.6602 0.019607844 -315
17 398.21637 881.93646 0.019607844 -331
18 387.65244 929.85406 0.019607844 -348
19 378.16122 1008.7095 0.019607844 -364
20 367.6664 1072.4004 0.019607844 -381
21 362.6642 1105.4242 0.019607844 -398
22 358.6679 1131.4106 0.019607844 -406
0 955.11566 729.62 0.019607844 0
1 955.11566 729.62 0.019607844 -8
2 955.11566 729.62 0.019607844 -33
3 950.438 728.9498 0.019607844 -50
4 941.3976 728.6205 0.019607844 -66
5 927.4238 727.62103 0.019607844 -83
6 881.39075 727.62103 0.019607844 -99
7 781.31433 719.74963 0.019607844 -132
8 684.9707 707.8606 0.019607844 -165
9 600.8683 688.0468 0.019607844 -198
10 536.7707 679.52234 0.019607844 -231
11 500.76196 675.6481 0.019607844 -264
12 483.92548 675.6481 0.019607844 -297
13 478.14108 678.06305 0.019607844 -331
14 471.16058 686.39636 0.019607844 -347
15 460.01703 719.8153 0.019607844 -364
16 451.5332 771.47095 0.019607844 -380
17 442.0335 845.1104 0.01764706 -397
18 435.60318 902.4517 0.01764706 -413
19 430.73322 959.3874 0.01764706 -430
20 429.60223 1009.4742 0.01764706 -446
21 428.60315 1032.4623 0.019607844 -464
0 923.14526 732.6184 0.019607844 -13
1 911.77423 730.7225 0.019607844 -13
2 893.37213 730.61945 0.019607844 -38
3 871.87317 730.61945 0.019607844 -55
4 811.3321 729.62 0.019607844 -71
5 731.0991 719.08813 0.019607844 -104
6 635.5431 698.58923 0.01764706 -138
7 600.6891 691.3474 0.01764706 -171
8 575.1355 687.4516 0.01764706 -187
9 553.93427 685.1878 0.01764706 -204
10 538.2061 683.3571 0.01764706 -220
11 524.8549 685.8625 0.019607844 -237
12 515.44586 689.6792 0.019607844 -253
13 506.88516 696.28284 0.01764706 -270
14 496.6995 714.9224 0.01764706 -286
15 477.80573 790.1463 0.01764706 -303
16 470.7252 841.67584 0.01764706 -336
17 463.08002 878.253 0.01764706 -352
18 456.50455 928.88007 0.01764706 -369
19 440.28384 1004.91626 0.01764706 -385
20 435.59668 1035.4607 0.019607844 -418
21 431.60037 1055.4503 0.01764706 -426
0 912.1554 954.50287 0.019607844 -7
1 900.41705 952.6825 0.019607844 -7
2 884.3353 950.8552 0.019607844 -32
3 865.10126 950.04175 0.019607844 -48
4 843.42206 948.18976 0.019607844 -65
5 819.29645 947.5065 0.019607844 -81
6 741.03613 943.4917 0.019607844 -98
7 638.8701 935.68427 0.019607844 -131
8 589.0334 934.51324 0.019607844 -165
9 545.365 934.51324 0.019607844 -181
10 507.68265 935.97815 0.019607844 -198
11 474.78674 937.8512 0.019607844 -214
12 453.59106 939.69135 0.019607844 -231
13 436.76324 943.7165 0.019607844 -247
14 422.62515 949.4972 0.019607844 -264
15 411.27814 956.0627 0.019607844 -280
16 399.00644 969.5295 0.019607844 -297
17 385.26355 1005.07556 0.019607844 -313
18 378.6494 1031.4628 0.019607844 -330
19 373.65402 1054.4508 0.019607844 -341
0 1013.062 633.6699 0.019607844 -16
1 1000.28204 629.0176 0.019607844 -16
2 963.4554 623.31744 0.01764706 -40
3 916.187 620.6792 0.01764706 -73
4 884.7932 620.6767 0.01764706 -106
5 836.1147 619.71954 0.01764706 -123
6 747.3824 610.02386 0.01764706 -139
7 698.76184 603.59467 0.01764706 -173
8 654.3374 597.5075 0.019607844 -189
9 620.4743 593.24835 0.019607844 -206
10 589.32135 590.6835 0.019607844 -222
11 566.5925 590.6923 0.019607844 -239
12 548.633 589.6929 0.019607844 -255
13 537.1758 589.6929 0.019607844 -272
14 529.7121 589.6929 0.019607844 -288
15 523.25134 591.77985 0.01764706 -305
16 513.8087 617.82477 0.019607844 -321
17 508.70898 668.6112 0.019607844 -338
18 504.86584 728.6212 0.01764706 -354
19 501.96634 794.9458 0.01764706 -371
20 501.5356 866.9669 0.01764706 -387
21 498.89215 928.1435 0.01764706 -404
22 493.03983 987.69006 0.01764706 -420
23 489.2322 1036.4973 0.01764706 -437
24 486.51245 1086.4723 0.019607844 -453
25 484.5771 1119.0564 0.019607844 -470
26 482.6448 1136.6743 0.01764706 -486
27 480.7378 1145.6716 0.01764706 -503
28 480.55505 1146.4028 0.01764706 -520
29 479.55597 1149.4014 0.01764706 -521
0 912.1554 684.6434 0.019607844 -5
1 910.15594 684.6434 0.01764706 -15
2 899.9044 683.7668 0.019607844 -31
3 883.29285 683.6439 0.01764706 -48
4 861.03894 687.3196 0.019607844 -64
5 856.2072 687.64185 0.019607844 -81
6 839.22296 690.64026 0.019607844 -84
0 893.173 976.4914 0.019607844 0
1 878.39557 978.3393 0.019607844 0
2 857.6189 981.70105 0.019607844 -30
3 831.28094 985.6799 0.019607844 -47
4 802.1777 987.48566 0.019607844 -63
5 731.1619 987.48566 0.01764706 -80
6 643.92755 971.3557 0.019607844 -113
7 607.04614 965.13403 0.019607844 -146
8 580.1951 960.3187 0.019607844 -163
9 558.0133 956.50726 0.019607844 -179
10 540.1164 954.12714 0.019607844 -196
11 528.14606 953.50336 0.019607844 -212
12 518.987 952.5039 0.019607844 -229
13 511.74118 953.44965 0.019607844 -245
14 505.0121 955.3425 0.019607844 -262
15 498.66214 962.8127 0.019607844 -278
16 488.2353 987.19147 0.019607844 -295
17 476.194 1033.4028 0.019607844 -311
18 452.81937 1143.3306 0.019607844 -328
19 438.2811 1201.6265 0.019607844 -361
20 424.63632 1258.3884 0.019607844 -377
21 410.13916 1319.3174 0.019607844 -394
22 399.64215 1356.253 0.019607844 -411
23 394.79138 1379.4971 0.019607844 -427
24 391.78302 1395.2529 0.019607844 -444
25 390.6383 1402.2697 0.019607844 -460
26 389.63922 1406.2676 0.019607844 -470
0 894.17206 955.5023 0.019607844 0
1 889.581 953.6382 0.019607844 0
2 880.5482 951.73157 0.019607844 -31
3 868.2775 950.8899 0.019607844 -48
4 849.0526 948.99225 0.019607844 -64
5 824.8396 945.6772 0.019607844 -81
6 788.7464 941.95703 0.019607844 -97
7 677.73254 919.4164 0.019607844 -114
8 629.5066 907.77856 0.019607844 -147
9 591.0398 901.09705 0.019607844 -163
10 560.75836 896.2369 0.019607844 -180
11 537.3724 894.06793 0.019607844 -196
12 521.16534 893.5346 0.019607844 -213
13 499.9219 894.45715 0.019607844 -229
14 487.65643 899.4236 0.019607844 -262
15 473.935 919.77325 0.019607844 -295
16 466.43024 945.77454 0.019607844 -328
17 458.7728 991.69916 0.019607844 -345
18 448.21164 1052.6387 0.019607844 -361
19 437.91275 1106.8854 0.019607844 -378
20 428.47614 1151.0543 0.019607844 -395
21 417.741 1193.4161 0.019607844 -411
22 403.62628 1257.3451 0.019607844 -428
23 400.62906 1272.3373 0.019607844 -455
24 396.63275 1303.3212 0.019607844 -481
25 393.6852 1317.59 0.019607844 -481
26 389.3361 1341.8181 0.019607844 -494
27 388.64014 1347.2982 0.019607844 -527
28 388.64014 1350.2966 0.019607844 -541
29 388.64014 1354.2946 0.019607844 -566
30 388.64014 1355.2941 0.01764706 -566
0 960.111 714.6278 0.019607844 0
1 960.111 714.6278 0.019607844 0
2 957.94257 713.6283 0.01764706 -26
3 949.28656 712.0622 0.019607844 -60
4 937.01514 710.1848 0.019607844 -76
5 918.906 710.6299 0.01764706 -93
6 849.82025 705.5114 0.019607844 -109
7 781.45105 691.526 0.01764706 -142
8 678.04834 676.7441 0.01764706 -159
9 630.44666 669.8085 0.01764706 -192
10 589.3527 664.6437 0.019607844 -208
11 530.5502 660.6559 0.019607844 -225
12 500.9322 660.6559 0.019607844 -258
13 483.76865 664.34985 0.01764706 -291
14 477.1587 671.0494 0.01764706 -324
15 469.648 690.3917 0.01764706 -340
16 463.2818 729.5044 0.01764706 -357
17 460.28387 782.8698 0.01764706 -373
18 457.57632 842.21704 0.01764706 -390
19 446.90717 922.8545 0.01764706 -407
20 439.5587 990.8042 0.01764706 -423
21 432.82663 1050.6337 0.01764706 -440
22 427.9107 1100.7435 0.01764706 -456
23 427.60406 1104.4248 0.01764706 -473
24 425.60593 1121.4159 0.01764706 -474
0 991.08234 914.5237 0.019607844 -54
1 966.6567 909.28503 0.019607844 -54
2 942.0199 907.0537 0.019607844 -76
3 912.3189 905.16376 0.019607844 -93
4 843.6593 901.4484 0.019607844 -109
5 783.5576 895.6815 0.019607844 -142
6 736.46985 889.1551 0.019607844 -159
7 694.4845 883.7303 0.019607844 -175
8 656.16547 878.2435 0.019607844 -192
9 624.27496 874.0569 0.019607844 -208
10 599.335 871.4607 0.019607844 -225
11 576.42413 869.63416 0.019607844 -241
12 560.55756 870.2871 0.019607844 -258
13 547.9926 872.0458 0.019607844 -275
14 538.3695 875.39685 0.019607844 -291
15 528.03894 886.2559 0.019607844 -308
16 514.41644 911.8977 0.019607844 -324
17 478.7165 1056.231 0.019607844 -341
18 452.61453 1186.214 0.019607844 -374
19 431.67566 1290.9131 0.019607844 -407
20 420.93265 1350.3623 0.019607844 -440
21 416.61426 1376.2832 0.01764706 -473
22 415.61517 1381.2805 0.01764706 -495
0 963.1082 721.62415 0.019607844 0
1 961.03973 720.5894 0.01764706 -9
2 949.8252 717.7268 0.019607844 -26
3 933.5064 715.8642 0.019607844 -43
4 910.6504 713.36096 0.01764706 -59
5 884.0234 710.11884 0.019607844 -76
6 853.5361 707.2053 0.019607844 -92
7 821.8087 705.2932 0.01764706 -109
8 783.55005 698.92725 0.019607844 -125
9 746.8239 690.94324 0.01764706 -142
10 686.74146 676.1842 0.019607844 -158
11 649.65247 668.93024 0.019607844 -175
12 616.3209 662.47424 0.01764706 -191
13 587.9832 657.3541 0.019607844 -208
14 567.0409 655.1661 0.01764706 -225
15 549.1757 652.2918 0.019607844 -241
16 523.25446 651.71277 0.019607844 -258
17 507.10373 659.2745 0.01764706 -291
18 496.9809 681.80206 0.019607844 -324
19 489.04056 718.67883 0.01764706 -340
20 478.8414 828.3035 0.01764706 -357
21 472.06903 970.38385 0.01764706 -390
22 465.30002 1101.1085 0.01764706 -423
23 458.44644 1130.9274 0.01764706 -456
24 452.59058 1161.3533 0.019607844 -472
25 448.70966 1178.8855 0.019607844 -489
26 443.82095 1196.681 0.019607844 -505
27 442.5902 1199.3752 0.019607844 -538
28 441.59113 1201.3743 0.019607844 -549
0 964.1073 826.56946 0.019607844 -8
1 958.584 826.56946 0.019607844 -8
2 945.93835 825.79663 0.019607844 -34
3 926.1179 824.5705 0.019607844 -50
4 871.0152 823.57104 0.019607844 -67
5 800.8757 821.5721 0.019607844 -100
6 699.45715 809.002 0.019607844 -133
7 661.2546 801.3511 0.019607844 -166
8 628.5496 795.844 0.019607844 -183
9 599.09735 791.79407 0.019607844 -199
10 559.4832 793.6865 0.019607844 -216
11 530.9994 801.83685 0.019607844 -249
12 505.43057 828.25885 0.019607844 -282
13 473.89542 909.5236 0.019607844 -315
14 459.16492 968.5381 0.019607844 -348
15 443.88675 1061.7307 0.019607844 -364
16 431.80167 1134.2675 0.019607844 -381
17 422.1656 1192.6226 0.019607844 -398
18 412.45554 1246.7448 0.019607844 -414
19 406.46072 1289.6316 0.019607844 -431
20 400.62906 1336.7827 0.019607844 -447
21 400.62906 1349.9476 0.019607844 -480
22 399.15356 1357.7234 0.019607844 -497
23 398.6309 1362.125 0.019607844 -513
24 398.6309 1364.6471 0.019607844 -530
25 398.6309 1366.2883 0.019607844 -546
26 398.6309 1367.2878 0.019607844 -560
0 784.2738 559.7085 0.019607844 -53
1 766.1936 557.5268 0.019607844 -53
2 737.3832 553.77814 0.019607844 -67
3 703.93713 548.64575 0.019607844 -83
4 657.4345 542.72455 0.019607844 -100
5 533.227 534.7215 0.019607844 -116
6 480.05093 532.92206 0.019607844 -150
7 434.54114 528.4677 0.019607844 -166
8 397.78024 524.13446 0.019607844 -183
9 363.19687 519.86694 0.019607844 -199
10 316.216 517.73035 0.019607844 -216
11 283.9066 521.53345 0.01764706 -249
12 265.89264 541.44037 0.019607844 -282
13 254.76768 573.48834 0.019607844 -315
14 245.7384 620.38983 0.019607844 -331
15 226.82533 740.4023 0.019607844 -348
16 218.60721 809.14923 0.019607844 -381
17 208.66336 876.8343 0.019607844 -397
18 199.81499 968.49554 0.01764706 -414
19 197.81683 985.4867 0.019607844 -437
