0 526.5125 1232.3582 0.019607844 -36
1 524.7683 1231.4857 0.019607844 -36
2 516.5319 1225.0354 0.019607844 -78
3 496.26233 1214.4661 0.019607844 -111
4 447.61362 1199.4407 0.019607844 -144
5 413.71234 1191.7338 0.019607844 -177
6 356.6148 1179.374 0.019607844 -193
7 313.34064 1170.2156 0.019607844 -210
8 267.97192 1160.2792 0.019607844 -226
9 223.64096 1150.7589 0.019607844 -243
10 183.7866 1141.4904 0.019607844 -259
11 145.89404 1133.6155 0.019607844 -276
12 115.99991 1127.0344 0.019607844 -292
13 90.426285 1122.508 0.019607844 -309
14 71.623505 1121.4159 0.019607844 -326
15 67.14138 1122.8135 0.019607844 -359
16 62.576153 1132.5078 0.019607844 -375
17 60.891613 1155.1263 0.019607844 -392
18 64.738396 1211.5457 0.019607844 -408
19 65.93895 1260.7537 0.019607844 -425
20 69.41296 1353.2258 0.019607844 -441
21 67.563126 1390.762 0.019607844 -474
22 66.93802 1424.5356 0.019607844 -491
23 64.74975 1451.908 0.01764706 -507
24 62.94172 1486.5276 0.01764706 -524
25 62.019943 1493.9897 0.01764706 -557
26 62.803677 1497.0822 0.01764706 -573
27 62.94172 1497.2202 0.01764706 -590
28 62.94172 1497.2202 0.01764706 -591
0 563.4783 1173.3888 0.019607844 -15
1 561.4801 1172.3894 0.019607844 -15
2 558.4829 1171.3899 0.019607844 -32
3 547.49304 1167.392 0.019607844 -32
4 537.5023 1165.393 0.019607844 -49
5 509.52823 1163.394 0.019607844 -74
6 490.5458 1162.3945 0.019607844 -74
7 470.5643 1161.395 0.019607844 -83
8 446.5865 1159.3961 0.019607844 -101
9 309.97507 1143.8037 0.019607844 -101
10 245.27573 1133.1104 0.019607844 -149
11 215.72845 1130.4058 0.019607844 -181
12 199.35396 1130.4113 0.019607844 -197
13 181.10963 1136.5614 0.019607844 -214
14 173.83904 1149.4014 0.019607844 -247
15 169.84274 1163.394 0.019607844 -260
16 160.85106 1202.3738 0.019607844 -287
17 146.86401 1292.3269 0.019607844 -287
18 143.86679 1317.3138 0.019607844 -313
19 136.87326 1360.2915 0.019607844 -339
20 133.87604 1379.2816 0.019607844 -339
21 129.87975 1409.266 0.019607844 -364
22 128.88066 1422.2592 0.019607844 -364
23 127.88159 1432.254 0.019607844 -373
24 127.88159 1456.2415 0.019607844 -406
25 127.88159 1468.1719 0.019607844 -406
26 129.47447 1473.4213 0.01764706 -429
27 129.87975 1475.2316 0.01764706 -445
28 129.87975 1475.2316 0.01764706 -457
0 794.2646 545.71576 0.01764706 -16
1 792.2664 545.71576 0.019607844 -16
2 798.26086 563.70636 0.025490198 -24
3 775.28217 552.7121 0.019607844 -50
4 764.2923 549.7137 0.019607844 -50
5 764.2923 562.7069 0.025490198 -59
6 720.333 547.7147 0.019607844 -84
7 716.33673 557.70953 0.025490198 -84
8 682.36816 546.7152 0.019607844 -93
9 677.3728 554.71106 0.025490198 -110
10 635.4117 540.7184 0.019607844 -110
11 609.4357 534.7215 0.019607844 -127
12 497.55978 509.23816 0.019607844 -127
13 434.91116 497.63525 0.019607844 -167
14 385.92474 489.07126 0.019607844 -198
15 367.57755 490.0153 0.019607844 -231
16 364.66235 490.7444 0.019607844 -264
17 375.65216 526.72565 0.025490198 -271
18 384.64386 591.69183 0.025490198 -305
19 378.6494 594.69025 0.019607844 -305
20 372.65494 599.6876 0.019607844 -323
21 327.3285 758.44714 0.019607844 -323
22 319.20444 841.06195 0.019607844 -380
23 317.70584 890.4986 0.019607844 -413
24 317.70584 899.5315 0.019607844 -446
25 317.70584 907.5273 0.019607844 -454
0 906.16095 729.62 0.019607844 -70
1 901.8378 727.4575 0.019607844 -70
2 891.35187 722.21246 0.019607844 -90
3 874.8955 715.19604 0.019607844 -123
4 854.3428 710.4567 0.019607844 -156
5 825.9326 705.2757 0.019607844 -173
6 796.25134 701.34735 0.019607844 -189
7 768.4633 696.3576 0.019607844 -206
8 739.584 694.3896 0.019607844 -222
9 682.3875 692.4804 0.019607844 -239
10 632.2858 699.30725 0.01764706 -272
11 610.8899 704.962 0.01764706 -305
12 597.3995 711.7992 0.01764706 -322
13 583.7239 724.3583 0.01764706 -338
14 570.3586 752.9316 0.01764706 -355
15 557.1845 789.37085 0.01764706 -371
16 556.48474 791.5877 0.01764706 -388
17 552.48846 809.5783 0.01764706 -389
0 996.0777 738.6153 0.019607844 -9
1 993.93317 737.90015 0.019607844 -9
2 977.9737 734.3933 0.019607844 -34
3 941.46185 728.7157 0.019607844 -67
4 865.488 722.3978 0.019607844 -100
5 813.12994 717.5837 0.019607844 -133
6 755.39844 712.51306 0.019607844 -149
7 663.9361 707.61005 0.019607844 -166
8 622.3285 705.63245 0.019607844 -199
9 598.4302 707.3602 0.019607844 -215
10 584.2416 709.7028 0.019607844 -232
11 574.5595 713.39185 0.019607844 -248
12 566.6006 725.3717 0.019607844 -265
13 559.1526 756.3366 0.019607844 -282
14 556.41284 839.95624 0.01764706 -298
15 557.89734 916.0988 0.01764706 -315
16 560.5006 980.70465 0.01764706 -331
17 561.4801 1018.46954 0.019607844 -348
18 563.4783 1045.4554 0.01764706 -359
0 546.494 1253.3472 0.019607844 -43
1 515.3626 1250.2607 0.019607844 -43
2 487.71417 1246.5729 0.019607844 -66
3 454.55563 1240.4673 0.01764706 -82
4 356.9731 1224.8625 0.01764706 -99
5 307.90735 1218.3884 0.01764706 -132
6 266.32782 1214.6125 0.01764706 -149
7 231.99298 1214.3674 0.01764706 -165
8 204.33023 1215.9724 0.01764706 -182
9 181.60767 1220.6702 0.01764706 -199
10 163.11838 1231.9966 0.01764706 -215
11 133.46892 1277.886 0.019607844 -232
12 117.7902 1366.2958 0.01764706 -265
13 112.49716 1472.9971 0.01764706 -298
14 110.52815 1525.4432 0.01764706 -331
15 107.33191 1567.4395 0.01764706 -347
16 105.76909 1599.5605 0.01764706 -364
17 104.87468 1620.4381 0.01764706 -381
18 102.979324 1629.8523 0.01764706 -397
19 102.90472 1635.7859 0.019607844 -414
20 102.90472 1638.8595 0.01764706 -430
21 101.90564 1640.1458 0.01764706 -447
22 100.90657 1640.1458 0.01764706 -476
0 687.3635 556.71 0.019607844 0
1 678.1566 555.0678 0.019607844 0
2 666.064 550.6068 0.019607844 -33
3 653.291 548.32635 0.019607844 -49
4 613.5293 544.7163 0.019607844 -66
5 557.41925 542.715 0.019607844 -99
6 509.26273 537.2462 0.019607844 -115
7 409.70944 521.66254 0.019607844 -132
8 360.1665 515.23157 0.019607844 -165
9 330.01358 511.21362 0.019607844 -181
10 303.67148 507.4432 0.019607844 -198
11 282.83948 506.73605 0.019607844 -214
12 272.4214 508.5667 0.019607844 -231
13 265.5832 511.45724 0.019607844 -247
14 264.75485 511.73346 0.019607844 -264
15 260.75854 518.7298 0.019607844 -266
0 748.3071 562.7069 0.01764706 0
1 729.33856 557.24677 0.019607844 0
2 697.2093 550.88403 0.019607844 -24
3 668.5682 545.7425 0.019607844 -40
4 644.47394 543.4147 0.019607844 -57
5 617.09326 538.36035 0.019607844 -73
6 558.0951 531.88617 0.019607844 -90
7 485.77036 519.4059 0.019607844 -123
8 399.14322 504.08636 0.019607844 -156
9 323.75482 496.6857 0.019607844 -189
10 273.8705 500.26743 0.019607844 -222
11 257.901 511.9188 0.019607844 -255
12 252.61848 535.989 0.019607844 -288
13 256.2877 673.6991 0.019607844 -305
14 263.38644 784.68036 0.019607844 -338
15 267.7927 851.0988 0.019607844 -354
16 267.75208 880.5414 0.019607844 -371
17 270.7493 916.52264 0.019607844 -379
0 725.3284 619.67725 0.01764706 -9
1 716.43494 618.67773 0.019607844 -9
2 697.20294 615.8335 0.019607844 -35
3 668.2143 613.8573 0.019607844 -52
4 632.5899 609.2708 0.019607844 -68
5 591.019 602.8541 0.019607844 -85
6 542.3903 593.5852 0.01764706 -102
7 492.1389 583.2522 0.019607844 -118
8 448.40222 573.5042 0.019607844 -135
9 407.29657 564.6243 0.019607844 -151
10 364.31885 557.48566 0.019607844 -168
11 338.63998 550.9514 0.019607844 -184
12 312.70325 548.31586 0.019607844 -201
13 301.79645 553.6357 0.019607844 -234
14 291.7299 584.69543 0.01764706 -267
15 288.73267 607.6835 0.01764706 -289
0 966.10547 744.6122 0.019607844 0
1 965.3322 743.8386 0.019607844 -9
2 961.25415 741.99493 0.019607844 -34
3 952.3846 740.61426 0.019607844 -51
4 940.07043 740.61426 0.019607844 -67
5 890.9033 736.59937 0.019607844 -84
6 781.0482 723.5466 0.019607844 -117
7 679.53485 703.1779 0.019607844 -150
8 636.7734 691.557 0.019607844 -183
9 601.76514 684.04865 0.019607844 -200
10 575.86633 677.497 0.019607844 -216
11 539.6505 675.6481 0.019607844 -233
12 524.27893 678.47034 0.019607844 -266
13 509.98447 709.53204 0.019607844 -299
14 502.06152 746.97894 0.019607844 -332
15 492.64594 821.70435 0.019607844 -348
16 479.8591 919.04694 0.019607844 -365
17 476.55875 954.50287 0.019607844 -398
18 472.56244 976.4914 0.019607844 -408
0 713.3395 605.6845 0.019607844 0
1 700.9905 600.96106 0.019607844 0
2 684.51984 595.2773 0.019607844 -33
3 662.68286 588.0157 0.019607844 -49
4 636.2534 582.6089 0.019607844 -66
5 575.1417 574.1603 0.019607844 -82
6 485.77658 555.7752 0.019607844 -115
7 394.87546 522.7243 0.019607844 -148
8 361.26865 508.53668 0.019607844 -181
9 336.53854 498.37512 0.019607844 -198
10 317.7219 492.8481 0.019607844 -214
11 305.89816 490.60803 0.019607844 -231
12 300.81113 490.6996 0.019607844 -248
13 296.35916 494.10907 0.019607844 -264
14 291.73892 505.04617 0.019607844 -281
15 287.68243 529.185 0.019607844 -297
16 285.3394 571.21716 0.019607844 -314
17 283.73727 627.7494 0.019607844 -330
18 281.3272 685.41534 0.019607844 -347
19 274.3207 757.65314 0.019607844 -363
20 259.73105 861.4708 0.019607844 -380
21 258.7604 865.5492 0.019607844 -413
22 255.76318 889.5367 0.019607844 -414
0 580.4625 1189.3805 0.021568628 0
1 578.4644 1189.3805 0.021568628 0
2 572.2966 1189.3805 0.023529414 -18
3 554.0802 1188.9796 0.021568628 -34
4 529.18134 1185.2166 0.019607844 -67
5 458.857 1171.6339 0.019607844 -100
6 375.0471 1158.7955 0.019607844 -133
7 294.23798 1148.4747 0.019607844 -166
8 257.17053 1144.0261 0.019607844 -199
9 225.51187 1139.2467 0.019607844 -216
10 181.01765 1141.0935 0.019607844 -233
11 170.60559 1144.5221 0.019607844 -266
12 163.66138 1148.5889 0.019607844 -282
13 152.66072 1174.18 0.01764706 -299
14 140.4977 1279.6833 0.019607844 -332
15 130.16977 1376.9604 0.01764706 -365
16 123.55134 1469.2543 0.01764706 -398
17 121.887146 1539.4966 0.01764706 -431
18 121.887146 1539.4966 0.01764706 -464
0 560.481 1197.3763 0.019607844 0
1 549.30804 1197.3763 0.019607844 0
2 523.10376 1194.1753 0.019607844 -34
3 503.4457 1189.8583 0.019607844 -67
4 443.3345 1177.0701 0.019607844 -84
5 402.5306 1166.2222 0.019607844 -117
6 353.09482 1152.398 0.019607844 -133
7 279.52863 1130.3448 0.019607844 -150
8 231.01166 1117.2864 0.019607844 -166
9 193.10886 1106.815 0.019607844 -183
10 163.48117 1098.1967 0.019607844 -199
11 140.45879 1093.6951 0.019607844 -216
12 128.01956 1090.1859 0.019607844 -232
13 120.05897 1088.4756 0.019607844 -249
14 109.22533 1088.9907 0.019607844 -265
15 104.44458 1091.8899 0.019607844 -298
16 97.43178 1101.6432 0.019607844 -315
17 89.78493 1131.2216 0.019607844 -331
18 84.32876 1181.3278 0.019607844 -348
19 73.28063 1253.0121 0.019607844 -364
20 64.945335 1314.2731 0.019607844 -381
21 59.944496 1343.3003 0.01764706 -398
22 59.944496 1343.3003 0.01764706 -406
0 745.3099 582.6965 0.019607844 0
1 743.50085 582.6965 0.019607844 -8
2 738.9114 582.6965 0.019607844 -33
3 730.97064 582.6965 0.019607844 -50
4 721.0555 582.6965 0.019607844 -66
5 706.0418 582.6965 0.019607844 -83
6 659.19745 582.4971 0.019607844 -99
7 559.6856 575.8246 0.019607844 -132
8 465.5592 561.9366 0.019607844 -165
9 379.87674 546.3232 0.019607844 -198
10 315.85153 535.47363 0.019607844 -231
11 280.65933 531.723 0.019607844 -264
12 266.6688 532.2649 0.019607844 -297
13 261.34183 537.08057 0.019607844 -331
14 254.36133 554.56976 0.019607844 -347
15 247.73257 587.6246 0.019607844 -364
16 243.3552 636.91174 0.019607844 -380
17 238.50056 713.9001 0.019607844 -397
18 235.78601 774.53143 0.019607844 -413
19 231.85135 826.7866 0.019607844 -430
20 227.7891 871.546 0.019607844 -446
21 227.7891 891.53564 0.019607844 -464
0 713.3395 589.6929 0.019607844 -13
1 692.3896 586.7974 0.019607844 -13
2 671.7972 585.69495 0.019607844 -38
3 645.8026 582.41675 0.019607844 -55
4 585.13464 578.88477 0.019607844 -71
5 508.70804 569.3005 0.019607844 -104
6 412.4773 555.2554 0.019607844 -138
7 377.65973 550.1851 0.019607844 -171
8 350.3436 546.9297 0.019607844 -187
9 329.1424 543.7168 0.019607844 -204
10 312.12854 543.7168 0.019607844 -220
11 301.0621 544.7163 0.019607844 -237
12 293.65128 546.73444 0.019607844 -253
13 286.0896 553.26874 0.019607844 -270
14 277.709 571.3836 0.019607844 -286
15 263.10526 646.22125 0.019607844 -303
16 258.38156 695.1314 0.019607844 -336
17 254.0192 738.8169 0.019607844 -352
18 249.23285 784.7597 0.019607844 -369
19 237.3689 869.29535 0.019607844 -385
20 233.78354 895.53357 0.019607844 -418
21 229.78723 915.52313 0.019607844 -426
0 730.3238 584.69543 0.019607844 -7
1 720.58356 582.87506 0.019607844 -7
2 703.55414 579.3992 0.021568628 -32
3 683.7326 576.23645 0.019607844 -48
4 666.53503 574.38446 0.019607844 -65
5 645.1373 571.47577 0.019607844 -81
6 569.19525 568.6954 0.019607844 -98
7 469.85498 565.0489 0.019607844 -131
8 419.19064 562.23346 0.019607844 -165
9 373.5241 562.30396 0.019607844 -181
10 337.83994 562.17285 0.019607844 -198
11 304.944 562.7069 0.019607844 -214
12 282.7492 564.8866 0.019607844 -231
13 268.02353 567.91223 0.019607844 -247
14 257.77502 573.69293 0.019607844 -264
15 249.31827 586.706 0.019607844 -280
16 238.95807 611.53656 0.019607844 -297
17 230.59662 651.63934 0.019607844 -313
18 226.79001 681.64496 0.019607844 -330
19 224.79185 706.63196 0.019607844 -341
0 787.27106 488.74542 0.019607844 -16
1 770.83966 488.74542 0.019607844 -16
2 728.03125 487.74594 0.019607844 -40
3 685.3982 487.74594 0.019607844 -73
4 657.00415 488.74542 0.019607844 -106
5 610.4084 487.78824 0.019607844 -123
6 525.141 477.0931 0.019607844 -139
7 474.4922 468.66495 0.019607844 -173
8 426.36722 459.79166 0.019607844 -189
9 394.68344 455.32016 0.019607844 -206
10 365.5197 451.73813 0.019607844 -222
11 338.18893 448.95862 0.019607844 -239
12 321.4507 447.76678 0.019607844 -255
13 311.77228 447.76678 0.019607844 -272
14 306.11847 448.9655 0.019607844 -288
15 302.54376 455.11514 0.019607844 -305
16 299.77933 495.31967 0.019607844 -321
17 300.54172 542.85675 0.019607844 -338
18 301.38763 601.02106 0.019607844 -354
19 300.72156 665.5642 0.019607844 -371
20 300.72156 732.40576 0.019607844 -387
21 300.72156 792.92206 0.019607844 -404
22 296.38977 848.59454 0.019607844 -420
23 293.41348 896.311 0.019607844 -437
24 287.6595 944.28674 0.019607844 -453
25 285.7612 974.1318 0.019607844 -470
26 283.8289 993.65704 0.019607844 -486
27 281.92188 1007.3779 0.019607844 -503
28 281.73914 1008.47473 0.019607844 -520
29 280.74005 1013.4721 0.019607844 -521
0 708.3441 555.7106 0.019607844 -5
1 700.34814 553.71094 0.019607844 -15
2 683.5965 549.9595 0.019607844 -31
3 663.965 549.7137 0.019607844 -48
4 641.2752 548.037 0.019607844 -64
5 637.4098 547.7147 0.019607844 -81
6 622.4237 548.7142 0.019607844 -84
0 571.4709 1192.3789 0.019607844 0
1 542.31116 1198.9221 0.019607844 0
2 512.9882 1204.585 0.019607844 -30
3 484.60196 1208.5637 0.019607844 -47
4 453.50055 1209.3701 0.019607844 -63
5 382.48477 1204.7484 0.019607844 -80
6 291.68454 1191.0259 0.019607844 -113
7 255.1597 1185.0195 0.019607844 -146
8 229.11075 1180.6134 0.019607844 -163
9 206.83574 1176.3927 0.019607844 -179
10 190.8158 1174.0126 0.019607844 -196
11 180.46799 1173.3888 0.019607844 -212
12 173.30704 1173.3888 0.019607844 -229
13 168.95107 1174.3346 0.019607844 -245
14 165.16687 1177.9067 0.019607844 -262
15 159.69505 1189.8516 0.019607844 -278
16 152.39455 1221.3018 0.019607844 -295
17 144.4626 1267.281 0.019607844 -311
18 122.83133 1372.2115 0.019607844 -328
19 109.58544 1425.5099 0.019607844 -361
20 97.938805 1477.1127 0.019607844 -377
21 84.52082 1534.2054 0.019607844 -394
22 74.94075 1567.1512 0.019607844 -411
23 67.251526 1591.3081 0.01764706 -427
24 62.233883 1606.1431 0.01764706 -444
25 59.944496 1613.1598 0.01764706 -460
26 59.944496 1613.1598 0.01764706 -470
0 738.3164 586.6944 0.019607844 0
1 730.9976 584.83026 0.019607844 0
2 719.6972 583.696 0.019607844 -31
3 704.814 580.468 0.019607844 -48
4 687.2293 577.67224 0.019607844 -64
5 662.5747 573.87085 0.019607844 -81
6 632.99524 569.8747 0.019607844 -97
7 517.54944 554.9377 0.019607844 -114
8 467.61456 543.88434 0.019607844 -147
9 427.56876 536.6644 0.019607844 -163
10 395.91098 530.42737 0.019607844 -180
11 373.99002 528.2585 0.019607844 -196
12 355.73053 525.1385 0.019607844 -213
13 337.91797 522.7277 0.019607844 -229
14 330.43268 532.2455 0.019607844 -262
15 322.88797 558.36804 0.01764706 -295
16 320.13464 592.5275 0.019607844 -328
17 315.30682 636.6834 0.019607844 -345
18 309.50006 699.82245 0.019607844 -361
19 303.87775 753.1226 0.019607844 -378
20 295.45386 803.79877 0.019607844 -395
21 287.41055 847.46844 0.01764706 -411
22 274.7456 904.5289 0.01764706 -428
23 314.70862 972.49347 0.025490198 -455
24 297.72433 979.4898 0.019607844 -481
25 289.3564 984.9124 0.019607844 -481
26 275.83438 996.39124 0.019607844 -494
27 271.74838 999.47943 0.01764706 -527
28 269.75024 1001.4784 0.01764706 -541
29 267.75208 1004.4768 0.015686275 -566
30 267.75208 1004.4768 0.015686275 -566
0 759.29694 565.7053 0.019607844 0
1 759.29694 565.7053 0.019607844 0
2 747.96655 565.7053 0.019607844 -26
3 737.91534 564.7059 0.019607844 -60
4 720.8793 563.2612 0.019607844 -76
5 701.7828 563.70636 0.019607844 -93
6 635.14014 558.58795 0.019607844 -109
7 563.68115 551.57043 0.019607844 -142
8 460.25 534.818 0.019607844 -159
9 412.49112 526.88293 0.019607844 -192
10 369.06183 521.7181 0.019607844 -208
11 313.7509 519.7293 0.019607844 -225
12 282.1348 520.6628 0.019607844 -258
13 268.66367 526.8132 0.019607844 -291
14 261.95782 539.1181 0.019607844 -324
15 256.32483 560.89703 0.019607844 -340
16 251.90724 595.855 0.019607844 -357
17 249.47908 643.49274 0.019607844 -373
18 247.54562 703.0644 0.019607844 -390
19 244.57953 790.2146 0.019607844 -407
20 239.75513 857.9192 0.019607844 -423
21 236.85649 912.554 0.019607844 -440
22 232.24535 958.81744 0.019607844 -456
23 231.78539 962.49866 0.019607844 -473
24 229.78723 980.4893 0.019607844 -474
0 663.38574 1148.4019 0.019607844 -54
1 632.7245 1146.4028 0.019607844 -54
2 607.2775 1144.9298 0.019607844 -76
3 577.26447 1144.4039 0.019607844 -93
4 505.72592 1140.242 0.019607844 -109
5 444.9205 1134.5571 0.019607844 -142
6 397.98932 1131.6166 0.019607844 -159
7 355.7981 1128.206 0.021568628 -175
8 316.47998 1124.5483 0.021568628 -192
9 285.8322 1120.9282 0.023529414 -208
10 259.56424 1118.3322 0.021568628 -225
11 238.64983 1117.418 0.021568628 -241
12 223.60999 1118.1581 0.021568628 -258
13 212.80296 1119.9167 0.021568628 -275
14 206.5296 1124.2673 0.019607844 -291
15 198.83447 1133.8815 0.019607844 -308
16 186.71985 1163.0833 0.019607844 -324
17 155.87045 1300.3937 0.019607844 -341
18 131.9115 1418.7539 0.019607844 -374
19 111.97168 1522.83 0.019607844 -407
20 99.89111 1580.2426 0.01764706 -440
21 100.90657 1597.1681 0.01764706 -473
22 100.90657 1597.1681 0.01764706 -495
0 932.1369 935.51276 0.019607844 0
1 927.03595 935.51276 0.019607844 -9
2 914.9581 934.61383 0.019607844 -26
3 895.0162 933.5138 0.019607844 -43
4 872.9528 932.8804 0.019607844 -59
5 845.54767 932.0033 0.019607844 -76
6 816.42303 930.08923 0.019607844 -92
7 783.1657 928.1771 0.019607844 -109
8 747.81934 926.2813 0.01764706 -125
9 710.03217 914.4783 0.019607844 -142
10 654.0615 899.12604 0.019607844 -158
11 613.89453 889.8848 0.019607844 -175
12 582.73755 883.1545 0.019607844 -191
13 554.3626 878.2391 0.019607844 -208
14 532.58014 875.0515 0.019607844 -225
15 515.5752 873.545 0.019607844 -241
16 491.23187 874.5967 0.019607844 -258
17 472.327 883.9664 0.019607844 -291
18 461.0142 900.6488 0.019607844 -324
19 449.82352 933.92676 0.019607844 -340
20 432.1694 1042.9731 0.019607844 -357
21 418.6247 1175.783 0.019607844 -390
22 402.42554 1306.7322 0.019607844 -423
23 398.5449 1339.9905 0.019607844 -456
24 393.64197 1371.2472 0.019607844 -472
25 390.7008 1384.9032 0.019607844 -489
26 387.87277 1397.8081 0.019607844 -505
27 387.64108 1400.2706 0.019607844 -538
28 387.64108 1401.2701 0.019607844 -549
0 659.38947 1070.4425 0.019607844 -8
1 648.1073 1070.4425 0.019607844 -8
2 630.1379 1070.4425 0.019607844 -34
3 607.0307 1070.4425 0.019607844 -50
4 550.9208 1068.139 0.019607844 -67
5 483.30795 1062.3085 0.019607844 -100
6 381.61032 1046.878 0.019607844 -133
7 342.80557 1039.4832 0.019607844 -166
8 312.00366 1034.3003 0.019607844 -183
9 284.7852 1030.6697 0.019607844 -199
10 244.8744 1032.5621 0.019607844 -216
11 220.03882 1043.4624 0.019607844 -249
12 195.71733 1079.6405 0.019607844 -282
13 167.38744 1164.0157 0.019607844 -315
14 155.64737 1222.0104 0.019607844 -348
15 141.2372 1309.391 0.019607844 -364
16 125.15276 1377.2081 0.019607844 -381
17 113.72941 1433.4971 0.019607844 -398
18 104.94963 1482.2034 0.019607844 -414
19 98.46689 1520.9063 0.019607844 -431
20 91.914894 1568.222 0.01764706 -447
21 93.443634 1581.8269 0.01764706 -480
22 93.91304 1588.1265 0.01764706 -497
23 93.91304 1591.5883 0.01764706 -513
24 93.91304 1593.1702 0.01764706 -530
25 93.91304 1593.1702 0.01764706 -546
26 94.91212 1594.1697 0.01764706 -560
0 998.07587 899.5315 0.019607844 -53
1 976.22485 897.9409 0.019607844 -53
2 946.2564 896.0666 0.019607844 -67
3 907.68 894.17804 0.019607844 -83
4 861.74896 890.04 0.019607844 -100
5 736.9984 881.5209 0.019607844 -116
6 685.0607 877.74243 0.019607844 -150
7 640.598 874.04004 0.019607844 -166
8 603.1826 871.361 0.019607844 -183
9 569.7123 869.5471 0.019607844 -199
10 520.0272 868.5476 0.019607844 -216
11 485.91443 871.3512 0.019607844 -249
12 463.06653 885.04376 0.019607844 -282
13 445.99493 914.50574 0.019607844 -315
14 429.53415 957.2144 0.019607844 -331
15 400.33722 1075.5728 0.019607844 -348
16 387.213 1143.023 0.019607844 -381
17 373.93857 1213.0874 0.019607844 -397
18 356.66974 1312.3165 0.019607844 -414
19 354.6716 1330.3071 0.019607844 -437
