0 968.10364 560.70795 0.019607844 0
1 968.10364 560.70795 0.019607844 0
2 968.10364 560.70795 0.019607844 -28
3 968.10364 560.70795 0.019607844 -50
4 968.10364 560.70795 0.019607844 -75
5 963.2533 560.70795 0.01764706 -129
6 952.129 560.70795 0.01764706 -165
7 937.5869 560.70795 0.01764706 -182
8 919.82025 560.70795 0.01764706 -198
9 896.1754 559.509 0.01764706 -215
10 871.37134 559.7085 0.01764706 -231
11 828.1517 559.7085 0.01764706 -248
12 791.8925 559.7085 0.01764706 -264
13 755.9225 559.7085 0.01764706 -281
14 716.6375 559.7085 0.01764706 -297
15 682.6967 559.7085 0.01764706 -314
16 648.71704 559.7085 0.01764706 -330
17 615.67035 557.8554 0.01764706 -347
18 596.30884 555.7106 0.01764706 -363
19 585.29877 555.7106 0.01764706 -380
20 577.5682 555.7106 0.019607844 -396
21 574.038 555.7106 0.019607844 -413
22 570.3703 555.7106 0.019607844 -429
23 565.87726 555.7106 0.019607844 -446
24 564.0272 554.71106 0.01764706 -479
25 562.2394 554.71106 0.01764706 -495
26 554.7876 568.7998 0.01764706 -512
27 551.0304 581.8048 0.01764706 -545
28 544.8619 640.78516 0.01764706 -561
29 542.42993 796.85657 0.01764706 -594
30 536.50323 965.07666 0.01764706 -627
31 533.33234 1042.8904 0.01764706 -660
32 530.5088 1095.4294 0.01764706 -677
33 530.5088 1095.4294 0.01764706 -689
34 516.5217 1187.3816 0.01764706 -715
35 517.5208 1194.3779 0.01764706 -715
36 517.5208 1194.3779 0.01764706 -724
37 519.519 1246.3508 0.01764706 -741
38 518.5199 1259.3441 0.01764706 -741
39 497.5393 1250.3488 0.023529414 -767
0 966.10547 505.73657 0.019607844 -19
1 966.10547 505.73657 0.019607844 -34
2 964.45294 507.38977 0.019607844 -52
3 962.4854 509.3581 0.019607844 -68
4 960.65314 508.27783 0.01764706 -85
5 952.72217 508.60318 0.01764706 -101
6 937.7463 512.908 0.019607844 -134
7 908.74854 514.05023 0.01764706 -151
8 871.58234 522.74786 0.01764706 -167
9 834.28326 529.3215 0.01764706 -184
10 788.1355 531.19006 0.01764706 -200
11 741.93054 513.86957 0.015686275 -217
12 688.9661 507.0506 0.01764706 -233
13 633.9765 503.6615 0.01764706 -250
14 601.9911 501.8297 0.015686275 -266
15 582.2258 500.04678 0.01764706 -283
16 570.4718 498.24048 0.01764706 -299
17 563.2554 497.74075 0.01764706 -316
18 559.267 497.74075 0.01764706 -332
19 556.5886 497.74075 0.01764706 -349
20 553.0018 497.74075 0.01764706 -365
21 551.20605 497.74075 0.01764706 -398
22 549.3531 502.2913 0.01764706 -415
23 542.88464 539.8459 0.01764706 -431
24 540.8423 583.0615 0.01764706 -464
25 539.5005 642.55707 0.01764706 -481
26 538.1481 730.5949 0.01764706 -497
27 539.7307 813.41125 0.01764706 -514
28 547.1088 978.7721 0.01764706 -530
29 549.4912 997.48047 0.015686275 -547
30 549.4912 997.48047 0.015686275 -555
31 560.481 1161.395 0.015686275 -597
32 560.481 1178.566 0.01764706 -597
33 560.481 1189.3203 0.01764706 -613
34 560.481 1194.7214 0.01764706 -629
35 558.8815 1197.977 0.01764706 -646
36 557.4838 1199.3752 0.01764706 -662
37 555.48566 1237.3555 0.021568628 -674
0 960.111 553.7116 0.019607844 0
1 960.111 553.7116 0.019607844 -5
2 960.111 553.7116 0.019607844 -22
3 951.5084 550.5097 0.01764706 -98
4 909.62933 549.8509 0.01764706 -131
5 874.6604 552.2653 0.01764706 -164
6 830.0396 554.3283 0.01764706 -180
7 784.7823 553.1638 0.01764706 -197
8 748.59644 554.9465 0.01764706 -213
9 713.7052 552.7121 0.01764706 -230
10 656.9139 548.0668 0.01764706 -246
11 623.72284 542.0428 0.01764706 -279
12 609.7482 539.3441 0.01764706 -312
13 597.58417 533.8201 0.01764706 -329
14 587.61145 527.41864 0.015686275 -345
15 578.06464 522.028 0.013725491 -362
16 560.8905 522.0232 0.019607844 -378
17 553.8576 525.7262 0.01764706 -411
18 548.346 531.016 0.01764706 -444
19 546.4049 545.697 0.01764706 -477
20 547.5794 613.2597 0.01764706 -494
21 550.6727 678.2003 0.01764706 -510
22 550.0656 758.77515 0.01764706 -527
23 551.63617 829.48224 0.015686275 -543
24 548.4921 974.27344 0.01764706 -560
25 545.49493 1039.0952 0.01764706 -593
26 546.4593 1070.1818 0.01764706 -609
27 547.49304 1102.1323 0.013725491 -626
28 547.49304 1117.418 0.01764706 -642
29 547.49304 1117.418 0.01764706 -652
0 966.10547 481.74908 0.019607844 -8
1 966.10547 481.74908 0.019607844 -8
2 966.10547 481.74908 0.019607844 -24
3 966.10547 481.74908 0.019607844 -58
4 951.00226 481.74908 0.01764706 -91
5 909.5966 487.36737 0.01764706 -124
6 877.3479 490.78433 0.01764706 -157
7 838.3382 491.74387 0.01764706 -174
8 791.57306 493.74283 0.01764706 -190
9 733.1799 495.79962 0.01764706 -207
10 668.34546 497.13867 0.015686275 -223
11 625.0702 495.7418 0.01764706 -256
12 613.9258 495.7418 0.01764706 -289
13 606.23474 495.7418 0.01764706 -306
14 596.4749 495.7418 0.01764706 -322
15 592.49725 495.7418 0.01764706 -355
16 589.16254 495.7418 0.01764706 -372
17 585.328 495.95834 0.01764706 -388
18 573.2738 514.5739 0.01764706 -405
19 567.8916 546.2108 0.01764706 -438
20 567.8694 579.8117 0.01764706 -454
21 576.4922 660.4027 0.01764706 -471
22 581.93555 777.84924 0.01764706 -487
23 580.4625 856.142 0.01764706 -504
24 574.63605 926.3051 0.01764706 -520
25 574.9844 995.7968 0.01764706 -537
26 569.9723 1079.4377 0.01764706 -553
27 568.47363 1097.4283 0.01764706 -586
28 568.47363 1097.4283 0.01764706 -592
29 575.46716 1181.3846 0.01764706 -641
30 575.46716 1181.3846 0.01764706 -641
0 963.1082 500.7392 0.019607844 -8
1 963.1082 500.7392 0.019607844 -18
2 963.1082 500.7392 0.019607844 -35
3 963.1082 500.7392 0.01764706 -51
4 963.1082 500.7392 0.01764706 -68
5 961.68713 500.7392 0.01764706 -84
6 957.5176 500.7392 0.01764706 -101
7 949.2101 500.7392 0.015686275 -117
8 932.4295 500.7392 0.01764706 -134
9 910.07806 500.7392 0.01764706 -150
10 887.8127 500.7392 0.015686275 -167
11 862.5539 500.7392 0.01764706 -183
12 840.0085 500.7392 0.015686275 -200
13 809.5996 499.73972 0.01764706 -216
14 734.6251 501.67 0.01764706 -233
15 699.4185 505.96332 0.01764706 -266
16 654.3119 505.73657 0.015686275 -282
17 634.56 510.66022 0.01764706 -315
18 599.10315 521.73157 0.01764706 -332
19 587.82214 518.67645 0.015686275 -365
20 578.8009 521.72614 0.01764706 -381
21 570.01526 523.84143 0.019607844 -398
22 560.2918 527.32007 0.019607844 -414
23 555.2736 530.9357 0.01764706 -447
24 553.38403 532.826 0.01764706 -480
25 552.48846 548.8475 0.01764706 -497
26 551.4894 591.6594 0.01764706 -513
27 552.1804 650.5187 0.013725491 -530
28 548.82446 799.25836 0.01764706 -546
29 549.8373 884.9302 0.013725491 -579
30 535.4581 1032.199 0.01764706 -596
31 532.50696 1080.8132 0.01764706 -629
32 532.50696 1104.4205 0.01764706 -662
33 534.50507 1128.4122 0.01764706 -678
34 534.50507 1133.4097 0.015686275 -707
0 973.099 497.74075 0.019607844 -34
1 973.099 497.74075 0.019607844 -34
2 973.099 497.74075 0.019607844 -58
3 972.0796 497.74075 0.01764706 -75
4 958.35736 497.74075 0.015686275 -91
5 936.0956 497.74075 0.01764706 -124
6 909.666 499.9176 0.015686275 -141
7 866.87823 500.80197 0.015686275 -157
8 831.6657 500.7392 0.015686275 -174
9 789.4716 499.92233 0.015686275 -190
10 748.05646 500.41797 0.01764706 -207
11 708.47296 499.73972 0.01764706 -223
12 676.42456 499.73972 0.015686275 -240
13 633.9152 498.74023 0.01764706 -256
14 613.0793 498.74023 0.01764706 -289
15 607.22003 498.74023 0.01764706 -322
16 599.3774 498.74023 0.01764706 -339
17 595.54065 504.46112 0.01764706 -372
18 593.7117 511.68787 0.01764706 -388
19 586.55634 529.9754 0.01764706 -405
20 583.2639 609.5644 0.01764706 -438
21 579.332 682.1321 0.01764706 -471
22 581.4073 789.49005 0.01764706 -487
23 576.75543 865.6283 0.01764706 -504
24 576.46625 870.5466 0.015686275 -520
25 539.5005 886.53827 0.023529414 -521
26 553.4875 1102.4258 0.01764706 -564
27 553.4875 1102.4258 0.01764706 -564
28 555.48566 1125.4138 0.013725491 -581
29 551.16595 1137.055 0.01764706 -581
30 549.15796 1139.7399 0.01764706 -619
31 548.4921 1142.405 0.01764706 -636
32 548.4921 1142.405 0.01764706 -658
0 992.0814 528.7246 0.01764706 -103
1 977.0066 535.31616 0.01764706 -103
2 907.53015 543.0466 0.01764706 -118
3 834.7627 547.0186 0.01764706 -151
4 757.8014 549.84503 0.01764706 -184
5 671.6206 553.7116 0.015686275 -217
6 623.3198 554.71106 0.01764706 -250
7 600.4472 554.71106 0.01764706 -283
8 590.3285 554.71106 0.01764706 -316
9 582.2616 554.71106 0.01764706 -333
10 575.66974 554.71106 0.01764706 -349
11 570.27057 554.71106 0.01764706 -366
12 567.16534 554.71106 0.01764706 -382
13 564.48175 554.71106 0.01764706 -399
14 562.6598 559.62396 0.015686275 -415
15 560.18304 568.9493 0.01764706 -432
16 556.5046 580.1283 0.01764706 -448
17 554.1343 612.08673 0.01764706 -464
18 552.48846 661.54297 0.01764706 -481
19 552.5706 719.6668 0.01764706 -497
20 553.38086 830.9518 0.01764706 -514
21 551.4894 898.1246 0.01764706 -530
22 548.4921 962.71576 0.01764706 -547
23 548.11554 1004.4463 0.01764706 -563
24 547.94366 1047.6887 0.01764706 -580
25 547.49304 1069.2462 0.01764706 -596
26 546.494 1086.4475 0.01764706 -613
27 546.494 1091.0343 0.01764706 -646
28 546.494 1091.0343 0.025490198 -662
0 979.09344 495.7418 0.019607844 -8
1 979.09344 495.7418 0.019607844 -8
2 979.09344 495.7418 0.01764706 -33
3 979.09344 495.7418 0.01764706 -49
4 978.5707 495.7418 0.01764706 -66
5 976.3047 495.7418 0.01764706 -82
6 971.27155 495.7418 0.01764706 -99
7 960.4746 495.7418 0.015686275 -115
8 943.2354 496.74127 0.01764706 -132
9 916.3651 498.6536 0.01764706 -148
10 890.5158 499.73972 0.013725491 -165
11 856.16437 501.3524 0.015686275 -181
12 816.1462 502.2419 0.015686275 -198
13 721.3715 526.7125 0.01764706 -214
14 649.362 536.523 0.01764706 -247
15 628.92993 538.4404 0.01764706 -280
16 614.21655 539.7189 0.01764706 -297
17 600.16925 539.7189 0.01764706 -313
18 591.01117 539.7189 0.01764706 -330
19 585.0798 539.7189 0.01764706 -346
20 579.5818 539.7189 0.01764706 -363
21 575.9191 539.7189 0.01764706 -379
22 572.3124 539.7189 0.01764706 -396
23 568.646 539.7189 0.01764706 -412
24 562.2119 541.8515 0.01764706 -429
25 554.3338 600.0635 0.01764706 -462
26 554.3338 600.0635 0.01764706 -478
27 556.48474 827.569 0.01764706 -513
28 556.48474 889.5367 0.01764706 -513
29 519.519 902.5299 0.023529414 -521
30 431.60037 920.52057 0.01764706 -546
31 403.5204 980.8071 0.01764706 -546
32 375.15897 1104.3969 0.01764706 -561
33 368.65866 1164.3936 0.01764706 -594
34 367.65958 1171.3899 0.01764706 -624
0 937.13226 477.75116 0.019607844 -8
1 937.13226 477.75116 0.019607844 -8
2 937.13226 477.75116 0.019607844 -50
3 937.13226 477.75116 0.019607844 -66
4 937.13226 477.75116 0.019607844 -83
5 933.51324 475.44116 0.01764706 -99
6 927.56 475.7522 0.01764706 -116
7 918.9069 476.8001 0.01764706 -132
8 878.6541 483.1179 0.01764706 -149
9 850.8255 486.43478 0.01764706 -182
10 776.1425 490.7444 0.01764706 -198
11 693.0686 494.70682 0.01764706 -231
12 631.49316 495.7418 0.01764706 -264
13 614.3855 495.7418 0.01764706 -297
14 596.96643 495.7418 0.01764706 -314
15 586.8714 495.7418 0.01764706 -347
16 580.6242 495.7418 0.01764706 -363
17 575.9556 495.7418 0.01764706 -380
18 572.30884 495.7418 0.01764706 -396
19 570.08905 495.7418 0.01764706 -413
20 566.5538 495.7418 0.015686275 -429
21 562.64136 507.24884 0.01764706 -462
22 560.481 521.14594 0.01764706 -479
23 559.8386 579.76715 0.015686275 -495
24 560.053 644.0871 0.015686275 -528
25 560.8103 697.876 0.015686275 -545
26 560.8103 697.876 0.015686275 -561
27 559.48193 845.5596 0.01764706 -584
28 552.66785 909.76636 0.01764706 -584
29 550.6988 973.423 0.013725491 -611
30 552.48846 1030.3561 0.013725491 -627
31 552.48846 1036.4602 0.01764706 -644
32 552.48846 1036.4602 0.01764706 -645
33 563.4783 1124.4143 0.015686275 -662
34 562.4792 1128.4122 0.01764706 -662
35 562.4792 1128.4122 0.01764706 -671
0 942.1277 513.7324 0.019607844 -9
1 941.1203 512.7246 0.01764706 -43
2 939.14 510.74353 0.01764706 -60
3 932.0943 506.97528 0.015686275 -76
4 920.03973 511.02448 0.01764706 -109
5 900.87537 517.3816 0.01764706 -126
6 875.8839 523.28467 0.01764706 -142
7 847.5653 517.847 0.015686275 -159
8 808.2974 524.1988 0.01764706 -175
9 772.9168 513.14087 0.01764706 -192
10 722.629 507.89124 0.015686275 -208
11 660.95056 504.1749 0.015686275 -225
12 613.84814 502.73816 0.01764706 -258
13 599.1603 502.73816 0.015686275 -291
14 584.1335 501.7025 0.01764706 -307
15 569.3981 506.15805 0.01764706 -324
16 557.55176 512.8466 0.01764706 -340
17 547.3165 517.8186 0.01764706 -357
18 540.03265 520.09595 0.01764706 -373
19 536.14325 521.9083 0.01764706 -390
20 532.42566 523.7679 0.01764706 -406
21 530.6472 528.4477 0.01764706 -423
22 528.79126 532.16095 0.01764706 -439
23 526.9463 536.41797 0.01764706 -456
24 526.5125 555.771 0.01764706 -472
25 527.8255 579.15466 0.01764706 -489
26 531.95386 627.5837 0.01764706 -505
27 535.58795 710.89496 0.01764706 -522
28 536.50323 778.8819 0.01764706 -538
29 537.3047 842.0564 0.01764706 -555
30 538.20856 900.514 0.01764706 -571
31 538.00183 1004.97656 0.01764706 -587
32 540.4995 1065.4451 0.01764706 -620
33 543.4042 1112.0306 0.01764706 -636
34 542.4977 1115.4191 0.01764706 -653
35 542.4977 1115.4191 0.01764706 -659
36 560.481 1186.3821 0.015686275 -684
37 558.24805 1193.0837 0.01764706 -684
38 558.4829 1196.9873 0.01764706 -703
39 558.4829 1196.9873 0.01764706 -719
0 928.1406 524.7267 0.01764706 -25
1 927.0116 522.5977 0.015686275 -25
2 915.0198 515.0785 0.01764706 -33
3 902.1435 511.0135 0.015686275 -66
4 889.17664 509.23474 0.015686275 -83
5 863.2227 513.6606 0.01764706 -97
6 840.7522 510.14618 0.015686275 -116
7 782.247 517.29254 0.015686275 -132
8 744.36005 523.5774 0.01764706 -165
9 707.4821 523.46313 0.01764706 -182
10 656.4074 532.913 0.01764706 -198
11 617.7976 539.4933 0.01764706 -215
12 594.3088 542.1458 0.01764706 -231
13 566.04364 546.9197 0.01764706 -248
14 556.5856 548.93884 0.01764706 -281
15 550.2016 548.7142 0.01764706 -297
16 545.7668 548.7142 0.01764706 -314
17 542.1553 548.7142 0.01764706 -330
18 540.0347 548.7142 0.01764706 -347
19 538.2444 548.7142 0.01764706 -363
20 536.4143 548.7142 0.01764706 -380
21 532.9178 548.7142 0.01764706 -396
22 531.5079 548.7142 0.015686275 -429
23 531.86755 578.0188 0.01764706 -462
24 531.71045 630.9293 0.01764706 -479
25 533.53143 736.3445 0.01764706 -495
26 532.5481 848.1688 0.01764706 -512
27 528.9949 916.70624 0.015686275 -528
28 527.5116 964.4976 0.01764706 -545
29 527.5116 964.4976 0.01764706 -555
30 514.5236 1061.4471 0.01764706 -580
31 513.52454 1066.4446 0.01764706 -580
32 403.62628 1022.46747 0.01764706 -613
33 380.148 1017.9697 0.01764706 -613
34 376.65125 1019.469 0.01764706 -643
35 390.6383 1042.457 0.023529414 -656
0 739.3154 532.72253 0.01764706 -174
1 685.1907 538.66254 0.01764706 -174
2 645.28516 545.28357 0.01764706 -190
3 613.25775 547.7147 0.015686275 -206
4 573.0435 550.98254 0.01764706 -223
5 561.8131 551.71265 0.01764706 -256
6 555.9582 551.71265 0.01764706 -272
7 549.8265 551.71265 0.01764706 -289
8 547.92053 551.71265 0.01764706 -322
9 546.09564 551.71265 0.01764706 -338
10 544.327 551.71265 0.01764706 -355
11 542.4508 551.71265 0.01764706 -371
12 540.5671 551.71265 0.01764706 -388
13 538.71124 551.71265 0.01764706 -404
14 536.8762 551.71265 0.01764706 -421
15 532.0762 603.0761 0.01764706 -437
16 527.45996 678.4772 0.01764706 -470
17 521.7618 750.0274 0.015686275 -487
18 521.7618 750.0274 0.023529414 -503
19 392.63644 826.56946 0.01764706 -528
20 372.65494 867.54816 0.01764706 -528
21 372.65494 867.54816 0.01764706 -537
22 342.6827 1008.47473 0.01764706 -562
23 342.6827 1008.47473 0.01764706 -562
24 345.67993 1074.4404 0.01764706 -579
25 345.67993 1076.4393 0.01764706 -579
26 369.6577 1104.4248 0.023529414 -588
27 376.65125 1117.418 0.01764706 -621
28 373.65402 1115.4191 0.01764706 -621
29 372.65494 1114.4196 0.01764706 -637
0 961.1101 706.63196 0.019607844 0
1 961.1101 706.63196 0.019607844 -5
2 961.1101 706.63196 0.01764706 -64
3 957.93933 705.24146 0.01764706 -80
4 950.94037 703.33887 0.01764706 -97
5 942.3566 701.4804 0.01764706 -113
6 928.9352 701.6345 0.01764706 -130
7 876.3075 700.6351 0.01764706 -146
8 837.77637 701.38226 0.01764706 -179
9 792.98694 702.63403 0.01764706 -196
10 746.2412 714.3411 0.01764706 -212
11 684.663 725.8839 0.01764706 -229
12 662.80115 727.6742 0.01764706 -262
13 632.4236 729.62 0.01764706 -278
14 621.45496 729.62 0.01764706 -311
15 612.47296 729.62 0.01764706 -328
16 604.9996 729.62 0.01764706 -344
17 590.28485 730.66156 0.01764706 -361
18 583.9673 731.61896 0.01764706 -394
19 578.96387 733.11816 0.019607844 -410
20 575.5344 735.0835 0.019607844 -425
21 571.86414 742.8257 0.01764706 -443
22 565.9372 763.21875 0.01764706 -460
23 563.4063 801.3838 0.01764706 -476
24 563.4783 874.24884 0.019607844 -493
25 563.4783 938.46265 0.01764706 -509
26 563.4783 1002.9467 0.01764706 -526
27 561.8709 1066.3181 0.01764706 -542
28 559.96234 1123.4315 0.01764706 -559
29 558.4829 1168.3915 0.01764706 -575
30 558.4829 1193.3784 0.01764706 -588
31 558.4829 1296.3248 0.01764706 -630
32 559.48193 1317.3138 0.01764706 -630
33 561.4801 1338.303 0.01764706 -638
34 563.4783 1360.2915 0.01764706 -655
35 564.47736 1376.2832 0.01764706 -655
36 565.47644 1404.2686 0.01764706 -680
37 565.47644 1445.2472 0.01764706 -680
38 565.47644 1445.2472 0.01764706 -713
0 932.1369 510.73398 0.019607844 -8
1 932.1369 513.54944 0.019607844 -8
2 932.1369 515.56445 0.019607844 -33
3 932.1369 517.5025 0.019607844 -50
4 932.1369 517.73035 0.019607844 -66
5 932.1369 517.73035 0.019607844 -83
6 930.52954 516.12225 0.01764706 -99
7 927.669 513.75104 0.015686275 -116
8 922.10565 510.04062 0.01764706 -132
9 909.1162 516.49677 0.01764706 -148
10 891.6905 522.22266 0.01764706 -165
11 863.8783 526.7764 0.01764706 -181
12 833.3055 529.6019 0.01764706 -198
13 802.3745 532.4533 0.01764706 -214
14 772.9398 528.3738 0.013725491 -231
15 734.2618 532.6805 0.01764706 -247
16 706.4741 534.01965 0.01764706 -264
17 659.36273 525.08044 0.015686275 -280
18 633.3188 530.2042 0.01764706 -313
19 610.1011 533.3889 0.01764706 -330
20 594.64594 535.19666 0.01764706 -346
21 582.71246 537.01166 0.01764706 -363
22 570.9974 538.7984 0.01764706 -379
23 562.8797 540.63824 0.01764706 -396
24 551.1063 544.1777 0.01764706 -412
25 545.4369 546.06824 0.01764706 -445
26 542.30945 546.7152 0.01764706 -462
27 539.5179 546.7152 0.01764706 -478
28 536.6796 547.7147 0.01764706 -495
29 533.16034 564.436 0.01764706 -511
30 528.994 580.74066 0.01764706 -528
31 522.15344 607.47656 0.01764706 -544
32 522.15344 607.47656 0.01764706 -561
33 516.5217 688.6413 0.01764706 -585
34 516.5217 704.633 0.01764706 -585
35 518.5199 734.6174 0.01764706 -602
36 426.605 767.6002 0.019607844 -628
37 382.35056 855.4634 0.01764706 -628
38 375.42593 914.0811 0.01764706 -660
39 374.1097 969.89984 0.01764706 -676
40 374.6531 1017.77216 0.01764706 -693
41 374.6531 1044.6694 0.01764706 -709
42 372.29974 1060.2917 0.01764706 -726
43 370.36484 1068.6123 0.01764706 -742
44 369.4382 1074.0997 0.01764706 -759
45 369.46838 1077.6283 0.01764706 -775
46 368.65866 1079.4377 0.01764706 -792
47 368.65866 1079.4377 0.01764706 -807
0 947.12305 559.7085 0.019607844 0
1 947.12305 559.7085 0.01764706 -25
2 946.12396 558.709 0.019607844 -41
3 945.1249 557.70953 0.019607844 -50
4 889.1767 552.7121 0.01764706 -157
5 845.4875 553.8607 0.01764706 -157
6 796.2627 554.71106 0.01764706 -174
7 796.2627 554.71106 0.01764706 -189
8 674.3756 557.70953 0.01764706 -214
9 674.3756 557.70953 0.01764706 -214
10 625.4209 562.7069 0.015686275 -231
11 597.18945 560.82404 0.015686275 -231
12 573.2782 559.7085 0.01764706 -256
13 544.4566 559.7085 0.01764706 -273
14 533.1115 559.7085 0.01764706 -306
15 530.3715 559.7085 0.01764706 -339
16 528.5262 559.7085 0.01764706 -355
17 526.718 559.7085 0.01764706 -372
18 524.8921 559.7085 0.01764706 -388
19 523.0582 559.7085 0.01764706 -405
20 519.40454 559.7085 0.01764706 -421
21 517.5208 574.7007 0.01764706 -454
22 517.5208 574.7007 0.01764706 -479
23 518.5199 625.67413 0.01764706 -505
24 518.5199 635.73676 0.01764706 -505
25 520.51807 713.19794 0.01764706 -520
26 518.5199 754.60693 0.01764706 -553
27 482.5532 768.5997 0.023529414 -566
28 469.56522 822.57153 0.023529414 -591
29 482.5532 868.5476 0.015686275 -591
30 463.57077 880.5414 0.023529414 -608
31 477.55783 928.51636 0.015686275 -608
32 482.5532 971.494 0.01764706 -625
33 482.5532 971.494 0.01764706 -625
34 494.54208 1095.4294 0.01764706 -650
35 494.54208 1098.4279 0.015686275 -650
36 493.54303 1110.4216 0.01764706 -667
37 491.54486 1129.4117 0.01764706 -667
38 491.54486 1129.4117 0.01764706 -684
39 481.5541 1179.3857 0.01764706 -718
40 481.5541 1179.3857 0.01764706 -718
41 462.5717 1169.3909 0.019607844 -726
0 956.1147 501.73868 0.01764706 -9
1 956.1147 501.73868 0.01764706 -9
2 956.1147 501.73868 0.01764706 -67
3 952.18396 501.73868 0.01764706 -100
4 947.1491 501.73868 0.01764706 -117
5 937.58813 501.73868 0.01764706 -133
6 921.2027 507.16507 0.01764706 -150
7 901.45807 505.73657 0.015686275 -166
8 873.7697 509.8243 0.01764706 -183
9 842.7846 507.32153 0.015686275 -199
10 810.52484 504.7371 0.015686275 -216
11 774.4188 503.28024 0.01764706 -232
12 741.2356 502.73816 0.015686275 -249
13 713.6082 501.56808 0.01764706 -265
14 681.4683 510.07745 0.01764706 -282
15 659.4533 507.8322 0.015686275 -298
16 638.7659 508.68732 0.01764706 -315
17 624.33276 516.0679 0.01764706 -331
18 608.3145 522.1021 0.01764706 -348
19 595.0436 525.41364 0.01764706 -364
20 585.2829 526.9606 0.01764706 -381
21 578.384 528.74475 0.01764706 -397
22 571.15173 530.5535 0.01764706 -414
23 565.5761 532.35614 0.01764706 -430
24 561.64777 534.1379 0.01764706 -447
25 558.2498 534.9547 0.01764706 -463
26 554.6289 538.577 0.01764706 -480
27 551.96954 546.55255 0.01764706 -513
28 549.91876 565.9977 0.01764706 -529
29 548.4921 593.17004 0.01764706 -546
30 551.22394 639.11206 0.013725491 -562
31 552.99994 698.0359 0.013725491 -579
32 552.99994 698.0359 0.013725491 -595
33 553.4875 849.5575 0.01764706 -619
34 553.4875 898.532 0.01764706 -619
35 553.4875 898.532 0.01764706 -636
36 546.494 1048.4539 0.01764706 -653
37 545.55707 1067.8218 0.01764706 -653
38 546.494 1108.215 0.01764706 -678
39 546.494 1125.4097 0.01764706 -711
40 546.494 1134.2251 0.01764706 -727
41 546.494 1139.4753 0.01764706 -744
42 546.494 1140.406 0.01764706 -760
43 533.50604 1152.3998 0.027450982 -764
0 977.0953 482.74857 0.019607844 0
1 977.0953 482.74857 0.019607844 -7
2 975.391 481.04355 0.019607844 -24
3 973.57355 479.22537 0.01764706 -48
4 970.0986 477.75116 0.01764706 -65
5 953.35565 477.75116 0.01764706 -81
6 936.5474 478.75064 0.01764706 -114
7 919.3416 482.92783 0.01764706 -131
8 901.1656 485.747 0.01764706 -147
9 901.1656 485.747 0.01764706 -156
10 818.2424 499.73972 0.01764706 -182
11 775.0426 498.74023 0.01764706 -182
12 733.7327 499.73972 0.015686275 -213
13 661.9049 500.7392 0.01764706 -230
14 637.8795 500.7392 0.015686275 -263
15 610.5533 500.7392 0.015686275 -279
16 593.63794 500.7392 0.015686275 -296
17 580.876 500.7392 0.01764706 -312
18 572.7674 500.7392 0.01764706 -329
19 567.6574 500.7392 0.01764706 -345
20 564.3484 500.7392 0.01764706 -362
21 560.69653 504.5215 0.01764706 -378
22 557.7398 510.70917 0.01764706 -395
23 553.9895 525.7164 0.01764706 -411
24 553.4875 553.46967 0.01764706 -444
25 552.48846 600.88544 0.01764706 -461
26 552.61053 659.178 0.01764706 -477
27 549.4065 727.1831 0.01764706 -494
28 545.5013 845.2284 0.01764706 -510
29 541.72833 911.3517 0.01764706 -527
30 537.6797 983.5162 0.01764706 -543
31 533.50604 1075.4398 0.015686275 -560
32 530.5088 1104.4248 0.01764706 -592
33 530.5088 1104.4248 0.01764706 -597
34 520.51807 1184.383 0.01764706 -621
35 520.51807 1184.383 0.015686275 -621
36 520.51807 1184.383 0.015686275 -646
0 980.0925 485.747 0.01764706 -39
1 977.7057 485.747 0.01764706 -39
2 973.3685 485.747 0.01764706 -53
3 967.57666 485.747 0.01764706 -69
4 960.35986 487.18396 0.015686275 -86
5 940.97833 486.74646 0.01764706 -102
6 919.7092 490.18817 0.01764706 -119
7 894.3435 491.74387 0.01764706 -135
8 853.48846 493.77057 0.01764706 -152
9 777.2448 495.7418 0.01764706 -168
10 696.6501 497.27625 0.01764706 -201
11 638.3649 497.74075 0.01764706 -234
12 601.5031 498.74023 0.015686275 -267
13 586.38135 498.74023 0.01764706 -300
14 577.846 498.74023 0.01764706 -317
15 572.09174 498.74023 0.01764706 -333
16 566.6512 498.74023 0.01764706 -350
17 563.30585 498.74023 0.01764706 -366
18 560.68005 498.74023 0.01764706 -383
19 550.7299 510.87418 0.01764706 -399
20 548.3081 519.65015 0.01764706 -449
21 545.40686 548.6538 0.01764706 -465
22 545.40686 548.6538 0.01764706 -482
23 569.4727 947.5065 0.015686275 -507
24 573.0226 1022.07385 0.015686275 -507
25 576.16614 1102.2095 0.01764706 -531
26 576.46625 1115.4191 0.01764706 -548
27 575.46716 1161.395 0.01764706 -550
28 557.4838 1291.3274 0.01764706 -593
29 554.4866 1312.3165 0.01764706 -593
30 547.49304 1364.2894 0.01764706 -628
31 545.18536 1380.1403 0.01764706 -628
32 544.20825 1387.4288 0.01764706 -647
33 544.49585 1391.7267 0.013725491 -663
34 544.49585 1391.7267 0.013725491 -680
0 752.3034 925.51794 0.019607844 0
1 752.3034 925.51794 0.019607844 -7
2 752.3034 923.48724 0.01764706 -48
3 750.8878 920.1039 0.01764706 -65
4 748.9453 918.1606 0.01764706 -81
5 743.58386 916.2802 0.019607844 -98
6 734.78217 915.52313 0.019607844 -114
7 721.0592 915.52313 0.019607844 -131
8 664.9138 923.127 0.019607844 -147
9 630.17053 926.91156 0.019607844 -180
10 553.3471 935.34375 0.019607844 -197
11 481.1361 941.76404 0.019607844 -230
12 454.17236 943.6167 0.019607844 -263
13 428.04413 945.47363 0.019607844 -279
14 411.07056 945.5075 0.019607844 -296
15 399.74802 947.1536 0.019607844 -312
16 390.5323 949.0322 0.019607844 -329
17 384.50867 950.8832 0.019607844 -345
18 380.21255 951.5044 0.019607844 -362
19 376.51785 953.57007 0.019607844 -378
20 372.79584 956.36084 0.019607844 -395
21 368.21616 962.7558 0.019607844 -411
22 363.57074 974.073 0.019607844 -428
23 357.41495 993.8083 0.019607844 -444
24 349.8603 1025.6367 0.019607844 -461
25 340.0066 1074.1691 0.019607844 -477
26 327.25244 1140.835 0.019607844 -494
27 314.7503 1225.5219 0.019607844 -510
28 306.716 1263.3419 0.019607844 -527
29 291.7299 1337.3035 0.019607844 -535
30 270.7493 1445.2472 0.019607844 -577
31 266.0025 1468.8666 0.019607844 -577
32 265.75394 1470.2343 0.019607844 -593
33 264.75485 1478.2301 0.019607844 -594
0 715.33765 926.5174 0.021568628 0
1 715.33765 926.5174 0.021568628 0
2 715.33765 926.5174 0.021568628 -23
3 715.33765 926.5174 0.019607844 -28
4 715.33765 926.5174 0.019607844 -56
5 715.33765 926.5174 0.019607844 -72
6 715.33765 926.5174 0.019607844 -89
7 712.9436 926.5174 0.019607844 -105
8 705.90955 926.5174 0.019607844 -122
9 688.093 928.5388 0.019607844 -138
10 659.2716 930.4602 0.019607844 -155
11 621.99896 932.3441 0.019607844 -171
12 577.13214 934.8998 0.019607844 -188
13 529.0714 939.67914 0.019607844 -204
14 486.03696 944.93475 0.019607844 -221
15 454.0839 949.19257 0.019607844 -237
16 432.13525 952.9145 0.019607844 -254
17 416.30545 954.50287 0.019607844 -270
18 399.527 954.50287 0.019607844 -287
19 394.39624 954.50287 0.019607844 -320
20 390.69736 954.50287 0.019607844 -336
21 386.84082 955.9026 0.019607844 -353
22 383.27975 957.6839 0.019607844 -370
23 379.47 961.67773 0.019607844 -386
24 368.5669 985.0652 0.019607844 -403
25 362.6198 1005.3356 0.019607844 -436
26 358.56436 1040.1503 0.019607844 -452
27 356.23584 1093.4597 0.019607844 -469
28 353.0156 1158.5747 0.019607844 -485
29 350.4914 1228.3547 0.019607844 -502
30 347.37994 1298.3967 0.019607844 -518
31 338.43115 1385.1742 0.019607844 -535
32 338.43115 1385.1742 0.019607844 -552
33 329.69473 1446.2467 0.019607844 -577
34 325.69843 1472.2332 0.019607844 -577
35 324.69934 1482.228 0.019607844 -593
36 322.7012 1496.2207 0.019607844 -619
37 320.82388 1504.7325 0.019607844 -619
38 317.70584 1514.2113 0.019607844 -634
39 316.70676 1516.2103 0.019607844 -661
0 499.53748 403.78967 0.01764706 -225
1 478.21686 405.37833 0.019607844 -225
2 423.83395 408.78708 0.01764706 -234
3 409.49396 408.78708 0.019607844 -268
4 391.8011 408.78708 0.019607844 -284
5 387.89847 408.78708 0.019607844 -317
6 380.7669 408.78708 0.019607844 -334
7 378.85086 408.78708 0.019607844 -367
8 377.0436 408.78708 0.019607844 -383
9 375.25772 408.78708 0.019607844 -400
10 371.53308 408.78708 0.019607844 -416
11 369.7121 408.78708 0.019607844 -449
12 369.6577 412.256 0.019607844 -466
13 370.35507 426.06012 0.01764706 -482
14 372.2602 449.92996 0.019607844 -499
15 375.94077 489.7743 0.01764706 -515
16 378.9747 537.5339 0.01764706 -532
17 381.64664 626.6736 0.01764706 -548
18 423.6078 717.6262 0.023529414 -563
19 431.60037 785.5908 0.023529414 -588
20 421.60962 793.5867 0.01764706 -588
21 432.59946 849.5575 0.023529414 -605
22 421.60962 856.55383 0.01764706 -605
23 413.61703 865.5492 0.01764706 -623
24 392.84946 907.9301 0.01764706 -623
25 385.22125 930.3963 0.01764706 -648
26 380.9019 952.1948 0.01764706 -664
27 379.04315 971.9468 0.01764706 -681
28 377.09543 987.37354 0.01764706 -697
29 375.65216 996.48096 0.01764706 -714
30 401.6281 1036.4602 0.023529414 -726
0 959.11194 495.7418 0.019607844 0
1 958.0606 495.7418 0.01764706 -7
2 954.1166 495.7418 0.01764706 -33
3 952.1184 495.7418 0.015686275 -50
4 921.1471 495.7418 0.01764706 -98
5 862.88934 498.57953 0.01764706 -98
6 826.10333 499.73972 0.01764706 -132
7 781.88916 508.29 0.013725491 -149
8 738.30176 521.3639 0.01764706 -165
9 703.0911 529.2523 0.01764706 -182
10 677.28357 532.96 0.01764706 -198
11 640.1782 535.72095 0.01764706 -215
12 623.0285 535.72095 0.01764706 -248
13 613.86694 535.72095 0.01764706 -281
14 611.34863 535.72095 0.01764706 -314
15 609.4873 535.72095 0.01764706 -331
16 607.6612 535.72095 0.01764706 -347
17 604.1264 540.34686 0.01764706 -364
18 598.25476 607.04034 0.01764706 -397
19 596.2989 673.9071 0.01764706 -430
20 594.4496 867.33984 0.01764706 -446
21 590.58325 932.9531 0.01764706 -479
22 589.5772 973.80005 0.015686275 -496
23 586.8509 1004.3083 0.01764706 -512
24 585.4579 1014.4716 0.01764706 -529
25 585.4579 1014.4716 0.01764706 -539
26 579.46344 1056.4497 0.01764706 -572
27 579.46344 1056.4497 0.01764706 -572
0 963.1082 494.7423 0.019607844 0
1 963.1082 494.7423 0.019607844 -8
2 963.1082 494.7423 0.01764706 -24
3 960.7993 494.7423 0.01764706 -57
4 954.47876 494.13638 0.01764706 -74
5 940.8895 492.74335 0.01764706 -90
6 923.1187 493.24573 0.01764706 -107
7 895.85596 493.74283 0.01764706 -123
8 862.3869 496.06467 0.015686275 -140
9 817.07996 497.00912 0.01764706 -156
10 755.0387 497.8829 0.015686275 -173
11 703.51654 498.7735 0.01764706 -189
12 667.3211 498.83713 0.015686275 -206
13 641.42505 498.74023 0.01764706 -222
14 621.31714 498.74023 0.01764706 -239
15 607.20856 498.74023 0.01764706 -255
16 597.5827 498.74023 0.01764706 -272
17 585.7785 498.74023 0.01764706 -288
18 577.8858 498.74023 0.01764706 -321
19 572.39014 498.74023 0.01764706 -338
20 568.5228 498.74023 0.01764706 -354
21 563.38184 504.46826 0.01764706 -371
22 560.1627 510.21216 0.01764706 -387
23 556.4843 516.7317 0.01764706 -404
24 552.7544 526.0605 0.01764706 -420
25 543.28503 579.0597 0.01764706 -437
26 540.01825 633.53143 0.01764706 -470
27 538.1247 691.575 0.01764706 -486
28 537.5023 784.25336 0.01764706 -503
29 533.41504 983.13 0.01764706 -519
30 531.58563 1030.2181 0.01764706 -552
31 529.6219 1063.986 0.01764706 -569
32 525.88934 1087.9283 0.01764706 -585
33 523.8244 1093.8115 0.01764706 -618
34 521.9385 1097.5847 0.01764706 -635
35 519.97656 1099.9691 0.01764706 -651
36 519.519 1100.4269 0.015686275 -668
37 519.519 1100.4269 0.015686275 -672
0 722.3312 899.5315 0.019607844 0
1 722.3312 899.5315 0.019607844 -7
2 722.3312 899.5315 0.019607844 -23
3 722.3312 899.5315 0.019607844 -48
4 722.3312 899.5315 0.019607844 -65
5 718.50006 899.5315 0.019607844 -81
6 709.5453 899.5315 0.019607844 -98
7 696.89264 900.7397 0.019607844 -114
8 653.7806 907.3294 0.019607844 -131
9 601.2916 914.95306 0.019607844 -164
10 566.2976 918.9085 0.019607844 -197
11 528.818 922.68866 0.019607844 -213
12 460.8989 931.22424 0.019607844 -230
13 437.7862 933.74774 0.019607844 -263
14 405.33258 937.29834 0.019607844 -279
15 384.71255 940.9927 0.019607844 -312
16 369.60522 945.7705 0.019607844 -346
17 361.7698 949.9528 0.019607844 -379
18 354.58557 954.56744 0.019607844 -395
19 341.84573 970.78235 0.019607844 -412
20 335.99396 988.8297 0.019607844 -445
21 329.95154 1025.6665 0.019607844 -461
22 322.47534 1085.856 0.019607844 -478
23 318.2644 1161.4336 0.019607844 -494
24 303.77585 1294.7546 0.019607844 -511
25 286.72516 1376.3279 0.019607844 -527
26 265.8479 1488.9336 0.019607844 -544
27 260.75854 1514.2113 0.019607844 -577
28 257.76132 1530.203 0.019607844 -586
29 254.76411 1549.1931 0.019607844 -611
30 252.20987 1564.8547 0.019607844 -611
31 250.08601 1569.5474 0.019607844 -643
32 249.76874 1570.1821 0.019607844 -659
33 248.76965 1571.1816 0.019607844 -662
0 929.1397 473.75323 0.01764706 -9
1 932.0738 477.68802 0.01764706 -9
2 932.1369 481.31842 0.01764706 -34
3 930.68396 481.74908 0.01764706 -67
4 917.9498 484.18787 0.01764706 -100
5 869.3687 492.1205 0.01764706 -133
6 835.7663 494.92432 0.01764706 -166
7 782.5046 496.74127 0.01764706 -182
8 740.2498 498.64352 0.01764706 -199
9 700.2051 499.50873 0.01764706 -215
10 666.9397 499.73972 0.015686275 -232
11 642.909 499.73972 0.01764706 -248
12 623.08356 499.73972 0.01764706 -265
13 609.11066 499.73972 0.01764706 -281
14 596.8607 499.73972 0.015686275 -298
15 582.79047 499.73972 0.01764706 -314
16 573.3034 499.73972 0.01764706 -331
17 565.24274 499.73972 0.01764706 -347
18 559.09973 499.73972 0.01764706 -364
19 555.9593 499.73972 0.01764706 -380
20 550.1093 508.24368 0.01764706 -397
21 545.56244 514.63055 0.01764706 -413
22 541.8643 522.81256 0.01764706 -430
23 538.3341 543.88885 0.01764706 -446
24 535.50415 624.78894 0.01764706 -463
25 535.50415 737.6472 0.01764706 -496
26 533.3429 809.6406 0.01764706 -529
27 528.4345 907.27985 0.01764706 -545
28 528.4345 907.27985 0.01764706 -562
29 514.5236 1033.4617 0.01764706 -587
30 514.38873 1058.4235 0.01764706 -587
31 514.5236 1060.4476 0.015686275 -611
32 514.5236 1060.4476 0.015686275 -612
33 514.5236 1122.4154 0.01764706 -646
34 514.5236 1122.4154 0.01764706 -646
35 514.5236 1122.4154 0.01764706 -677
36 513.52454 1149.4014 0.021568628 -688
0 948.12213 499.73972 0.01764706 -8
1 948.12213 499.73972 0.01764706 -8
2 948.12213 499.73972 0.01764706 -49
3 948.12213 499.73972 0.01764706 -66
4 944.33984 499.73972 0.015686275 -82
5 935.8922 497.43063 0.01764706 -132
6 926.12354 497.74075 0.01764706 -148
7 900.7933 497.74075 0.01764706 -165
8 869.48846 498.72394 0.01764706 -181
9 831.66815 498.74023 0.01764706 -198
10 785.8145 499.73972 0.015686275 -214
11 704.5934 500.7392 0.01764706 -231
12 652.36597 499.58365 0.01764706 -264
13 634.8634 499.73972 0.01764706 -297
14 617.7365 499.73972 0.01764706 -313
15 605.46063 499.73972 0.015686275 -330
16 594.85614 499.73972 0.015686275 -346
17 571.99744 499.73972 0.01764706 -363
18 559.6381 501.6345 0.01764706 -396
19 549.9525 514.8084 0.01764706 -429
20 546.22375 522.2689 0.01764706 -462
21 538.7556 557.5557 0.01764706 -478
22 534.6316 607.7079 0.01764706 -511
23 530.2096 666.1928 0.01764706 -528
24 524.43317 762.1065 0.01764706 -544
25 525.43427 836.3145 0.01764706 -561
26 523.51526 908.1891 0.01764706 -577
27 521.26984 979.0755 0.01764706 -594
28 521.6275 1081.9833 0.01764706 -610
29 524.07446 1122.6915 0.01764706 -643
30 524.51434 1140.6042 0.01764706 -660
31 524.51434 1149.2693 0.01764706 -676
32 524.51434 1155.4999 0.01764706 -693
33 523.1423 1159.1428 0.01764706 -709
34 523.1423 1159.1428 0.027450982 -726
0 959.11194 698.6361 0.019607844 0
1 959.11194 698.6361 0.019607844 -8
2 956.18384 697.1715 0.01764706 -65
3 952.3837 696.63715 0.01764706 -98
4 945.51764 695.6377 0.01764706 -115
5 922.78613 693.63873 0.01764706 -131
6 902.9447 693.80054 0.01764706 -164
7 839.13324 693.8476 0.01764706 -181
8 798.31354 696.63715 0.01764706 -214
9 757.6614 699.33 0.01764706 -230
10 722.2866 702.95435 0.01764706 -247
11 651.3461 723.4452 0.01764706 -263
12 610.98193 729.226 0.01764706 -296
13 597.22943 730.61945 0.01764706 -329
14 586.17834 730.61945 0.01764706 -346
15 570.7973 731.61896 0.01764706 -362
16 563.96375 731.61896 0.01764706 -395
17 554.63416 736.4686 0.01764706 -412
18 544.4177 766.91345 0.01764706 -445
19 540.2447 805.3864 0.01764706 -478
20 535.5332 877.1506 0.01764706 -494
21 529.9423 939.4694 0.01764706 -511
22 523.528 999.64294 0.01764706 -527
23 517.5208 1042.457 0.01764706 -544
24 513.52454 1065.4451 0.01764706 -555
25 498.5384 1168.3915 0.01764706 -598
26 496.54025 1186.3821 0.01764706 -598
27 493.54303 1230.3591 0.01764706 -623
28 492.54395 1244.3519 0.01764706 -623
29 491.54486 1255.3462 0.01764706 -632
30 491.54486 1283.3315 0.01764706 -665
31 491.54486 1291.0469 0.01764706 -665
32 491.54486 1298.3237 0.01764706 -677
33 491.54486 1298.3237 0.01764706 -690
0 937.13226 500.7392 0.01764706 -6
1 937.13226 500.7392 0.01764706 -6
2 924.4677 497.74075 0.01764706 -90
3 910.049 497.74075 0.01764706 -123
4 862.3577 499.6872 0.01764706 -139
5 813.1368 500.74362 0.015686275 -172
6 763.457 500.7392 0.01764706 -189
7 721.55524 501.00964 0.015686275 -205
8 651.0461 499.51083 0.01764706 -222
9 606.91174 499.73972 0.01764706 -255
10 590.10175 499.73972 0.01764706 -288
11 578.1714 499.73972 0.01764706 -304
12 570.5839 499.73972 0.01764706 -321
13 564.9768 499.73972 0.01764706 -337
14 560.2993 505.91837 0.019607844 -353
15 557.10004 509.11896 0.01764706 -370
16 552.4607 514.80133 0.01764706 -387
17 543.05927 562.83734 0.01764706 -403
18 544.78894 624.075 0.01764706 -453
19 553.05194 694.27374 0.015686275 -469
20 553.05194 694.27374 0.023529414 -486
21 453.58002 789.58875 0.01764706 -517
22 432.7408 863.98395 0.01764706 -517
23 426.4737 910.44586 0.01764706 -535
24 452.58093 967.4961 0.023529414 -552
25 461.57263 989.4846 0.023529414 -560
26 448.58466 989.4846 0.01764706 -585
27 436.05 989.4846 0.01764706 -585
28 431.79623 989.4846 0.01764706 -618
29 431.60037 989.4846 0.01764706 -634
30 431.60037 989.4846 0.01764706 -635
0 925.1434 524.7267 0.019607844 -8
1 925.1434 526.8421 0.01764706 -8
2 925.1434 528.7512 0.01764706 -25
3 925.1434 528.7246 0.01764706 -41
4 921.4464 528.7246 0.01764706 -58
5 910.1331 529.6022 0.01764706 -74
6 854.448 536.0913 0.015686275 -91
7 805.7902 541.0858 0.01764706 -124
8 760.8119 546.4379 0.01764706 -140
9 718.4667 549.5583 0.01764706 -157
10 655.3051 554.71106 0.01764706 -173
11 625.7277 556.7633 0.01764706 -206
12 609.00006 556.71 0.01764706 -223
13 581.80896 556.71 0.01764706 -239
14 567.29486 556.71 0.01764706 -272
15 562.9993 556.71 0.01764706 -305
16 555.8655 556.71 0.01764706 -322
17 553.742 556.71 0.01764706 -355
18 551.8734 556.71 0.01764706 -371
19 548.50775 563.16754 0.01764706 -388
20 544.77246 573.87054 0.01764706 -404
21 539.50494 631.60376 0.01764706 -421
22 538.5014 727.676 0.01764706 -454
23 537.5023 791.58813 0.01764706 -470
24 538.65393 865.7331 0.01764706 -487
25 536.7473 930.3854 0.01764706 -503
26 534.50507 993.8058 0.01764706 -520
27 531.32886 1052.2438 0.01764706 -536
28 529.5097 1099.3634 0.01764706 -553
29 529.0218 1129.2954 0.01764706 -569
30 527.0787 1144.4373 0.01764706 -586
31 526.5125 1150.6384 0.01764706 -602
32 524.1505 1155.1267 0.01764706 -619
33 522.5162 1157.3972 0.015686275 -635
34 495.54117 1160.3956 0.027450982 -649
0 923.14526 491.74387 0.01764706 -7
1 923.14526 491.74387 0.01764706 -41
2 923.14526 491.74387 0.01764706 -57
3 921.0882 491.74387 0.01764706 -75
4 918.15674 491.74387 0.01764706 -92
5 910.498 492.67517 0.01764706 -108
6 893.0454 493.74283 0.015686275 -125
7 865.81256 495.50098 0.01764706 -141
8 833.4489 496.74127 0.01764706 -158
9 795.0172 497.74075 0.015686275 -174
10 753.3788 499.14563 0.01764706 -191
11 714.93964 499.73972 0.01764706 -207
12 680.04114 500.83618 0.015686275 -224
13 649.3913 499.73972 0.01764706 -240
14 616.42926 499.73972 0.01764706 -257
15 604.57294 499.73972 0.01764706 -289
16 596.4093 499.73972 0.01764706 -306
17 589.2012 499.73972 0.01764706 -323
18 581.8918 506.4133 0.01764706 -339
19 576.31104 511.8887 0.01764706 -356
20 567.71515 520.4881 0.01764706 -372
21 562.89 526.60895 0.01764706 -405
22 553.65796 590.4029 0.01764706 -422
23 551.4894 648.3887 0.01764706 -455
24 549.4912 709.8249 0.01764706 -471
25 550.4903 751.6085 0.013725491 -488
26 550.4903 751.6085 0.013725491 -499
27 549.4912 909.52625 0.01764706 -525
28 547.2307 919.35925 0.01764706 -525
29 545.49493 981.8274 0.01764706 -538
30 542.2464 1040.519 0.01764706 -554
31 540.32184 1066.7565 0.01764706 -570
32 541.4986 1104.6073 0.01764706 -587
33 541.4986 1118.4175 0.01764706 -603
34 541.4986 1118.4175 0.01764706 -612
35 540.4995 1178.3862 0.01764706 -637
36 540.4995 1178.3862 0.01764706 -637
37 540.4995 1178.3862 0.01764706 -653
38 540.4995 1178.3862 0.01764706 -669
39 540.4995 1178.3862 0.01764706 -686
40 513.52454 1160.3956 0.023529414 -688
