0 769.2877 438.77145 0.01764706 -16
1 769.0817 438.77145 0.019607844 -31
2 763.53546 438.77145 0.019607844 -66
3 749.854 438.77145 0.019607844 -99
4 731.25903 436.7725 0.019607844 -132
5 709.33624 438.05853 0.019607844 -165
6 673.9914 439.77094 0.019607844 -198
7 628.88116 442.76938 0.019607844 -231
8 573.00336 444.76834 0.019607844 -264
9 532.126 444.76834 0.019607844 -297
10 502.31635 441.40033 0.019607844 -330
11 478.0463 439.69797 0.019607844 -363
12 448.1871 434.84042 0.019607844 -396
13 424.18515 432.09055 0.019607844 -429
14 409.41425 431.77512 0.019607844 -462
15 400.70135 431.77512 0.019607844 -496
16 396.8508 432.55646 0.019607844 -529
17 394.6346 434.77356 0.019607844 -562
18 413.61703 475.7522 0.025490198 -572
19 408.62164 480.7496 0.019607844 -599
20 387.3869 637.8728 0.019607844 -599
21 373.8821 767.62146 0.019607844 -661
22 369.00644 839.99286 0.019607844 -694
23 361.2411 891.2335 0.019607844 -727
24 357.256 902.35645 0.019607844 -777
25 356.66974 906.69916 0.019607844 -810
26 356.66974 907.5273 0.019607844 -843
27 356.66974 907.5273 0.019607844 -887
28 356.66974 907.5273 0.019607844 -942
29 356.66974 907.5273 0.019607844 -975
30 357.66882 907.5273 0.01764706 -1008
31 357.66882 907.5273 0.01764706 -1026
0 712.34045 720.62463 0.019607844 -200
1 689.1101 718.4113 0.019607844 -200
2 614.8857 716.67725 0.019607844 -208
3 576.10815 712.38367 0.019607844 -241
4 553.89685 706.337 0.019607844 -274
5 550.1266 704.45105 0.019607844 -324
6 546.6733 704.633 0.019607844 -341
7 544.7844 704.633 0.019607844 -374
8 542.9597 706.2448 0.019607844 -390
9 541.1185 710.3908 0.01764706 -407
10 539.5005 718.83575 0.019607844 -423
11 540.4995 748.6101 0.019607844 -456
12 541.4986 767.6002 0.019607844 -482
13 546.494 818.57367 0.019607844 -508
14 549.4912 854.5549 0.019607844 -508
15 545.49493 1243.3524 0.01764706 -660
16 544.0552 1255.4335 0.019607844 -660
17 540.1612 1272.3531 0.019607844 -671
18 540.1612 1272.3531 0.019607844 -704
19 538.5014 1316.3143 0.01764706 -794
20 539.5005 1325.3097 0.01764706 -794
21 539.5005 1335.3044 0.01764706 -801
22 540.4995 1377.2826 0.01764706 -835
23 540.4995 1398.9308 0.01764706 -835
24 540.4995 1408.1548 0.019607844 -870
25 540.4995 1410.2655 0.01764706 -919
26 540.4995 1410.2655 0.01764706 -952
27 540.4995 1410.2655 0.01764706 -960
0 840.22205 901.53046 0.01764706 0
1 829.3401 902.34534 0.019607844 -5
2 808.0303 902.5299 0.019607844 -40
3 781.46124 901.53046 0.01764706 -73
4 736.90686 899.1452 0.019607844 -106
5 659.1034 894.1615 0.019607844 -139
6 562.693 883.1918 0.019607844 -173
7 490.79874 876.5751 0.019607844 -206
8 440.5734 873.545 0.019607844 -239
9 413.6248 873.545 0.019607844 -272
10 401.21085 873.545 0.019607844 -305
11 394.16315 873.545 0.019607844 -338
12 390.57935 874.60345 0.019607844 -371
13 386.82538 894.8819 0.019607844 -404
14 383.4922 963.6362 0.019607844 -437
15 374.8419 1071.5521 0.019607844 -470
16 362.3916 1206.8279 0.019607844 -503
17 348.80817 1345.9001 0.019607844 -536
18 333.37125 1427.75 0.019607844 -569
19 331.69287 1438.2509 0.019607844 -602
20 330.69382 1448.2457 0.019607844 -611
21 328.69565 1476.2311 0.019607844 -669
22 329.69473 1484.0421 0.019607844 -669
23 333.5735 1489.9885 0.019607844 -718
24 336.68826 1504.2166 0.01764706 -751
25 338.6864 1516.2103 0.01764706 -777
0 770.2868 894.53406 0.01764706 -27
1 770.2868 894.53406 0.019607844 -27
2 768.39923 894.53406 0.019607844 -52
3 755.22955 893.5346 0.019607844 -85
4 713.839 891.0359 0.019607844 -118
5 624.64105 880.2966 0.019607844 -150
6 527.23114 865.23834 0.019607844 -184
7 446.9644 862.4881 0.019607844 -217
8 409.23862 863.22687 0.019607844 -250
9 403.62628 863.55023 0.019607844 -283
10 400.62906 863.55023 0.019607844 -294
11 397.63184 875.54395 0.019607844 -356
12 398.84805 882.8445 0.019607844 -356
13 400.62906 889.5367 0.019607844 -366
14 402.6272 900.53094 0.019607844 -372
15 408.62164 951.5044 0.019607844 -399
16 411.23605 1064.3428 0.019607844 -399
17 399.50824 1199.5011 0.019607844 -432
18 382.18484 1329.9017 0.019607844 -465
19 382.18484 1329.9017 0.019607844 -498
20 366.6605 1464.2373 0.01764706 -553
21 365.66144 1475.3655 0.01764706 -553
22 365.66144 1493.5103 0.01764706 -564
23 365.66144 1496.2207 0.01764706 -614
24 365.66144 1497.2202 0.01764706 -647
25 365.66144 1498.2196 0.015686275 -661
0 927.14154 698.6361 0.019607844 -59
1 919.4379 704.2018 0.01764706 -59
2 891.85376 718.42194 0.01764706 -76
3 846.38464 718.4595 0.019607844 -109
4 788.2701 705.13275 0.019607844 -142
5 724.62085 696.343 0.019607844 -174
6 675.5523 693.63873 0.019607844 -208
7 643.4767 692.6392 0.019607844 -241
8 630.214 692.6392 0.019607844 -274
9 624.3678 691.6398 0.019607844 -307
10 620.69495 691.6398 0.019607844 -340
11 616.42926 703.6335 0.019607844 -373
12 615.4302 709.6304 0.019607844 -403
13 427.60406 1025.4658 0.019607844 -454
14 425.60593 1056.4497 0.019607844 -454
15 601.4431 925.51794 0.019607844 -472
16 600.44403 973.4929 0.01764706 -472
17 590.4533 1071.4419 0.019607844 -506
18 582.4607 1127.4127 0.019607844 -506
19 577.46533 1152.3998 0.019607844 -523
20 574.4681 1175.3878 0.019607844 -540
21 572.4699 1189.3805 0.019607844 -540
22 566.47546 1223.3628 0.019607844 -573
23 552.48846 1278.3342 0.019607844 -573
24 551.4894 1281.3326 0.019607844 -658
25 526.5125 1301.3221 0.019607844 -891
26 526.5125 1301.3221 0.019607844 -891
27 523.51526 1301.3221 0.019607844 -998
28 523.51526 1301.3221 0.019607844 -998
29 523.51526 1301.3221 0.019607844 -1006
30 523.51526 1301.3221 0.019607844 -1039
31 523.51526 1301.3221 0.019607844 -1039
32 523.51526 1301.3221 0.019607844 -1056
33 523.51526 1301.3221 0.019607844 -1056
34 523.51526 1302.3217 0.01764706 -1064
0 794.2646 948.506 0.01764706 -8
1 790.3825 948.506 0.019607844 -17
2 780.1346 948.506 0.019607844 -42
3 763.7857 944.92334 0.019607844 -75
4 734.33594 942.06665 0.019607844 -108
5 694.60706 942.5772 0.019607844 -141
6 647.8916 939.61 0.019607844 -174
7 599.73676 934.8707 0.019607844 -207
8 531.2322 928.2435 0.019607844 -240
9 481.74683 924.3026 0.019607844 -290
10 438.1511 923.519 0.019607844 -323
11 409.04294 923.519 0.019607844 -356
12 392.34537 923.519 0.019607844 -389
13 381.92184 923.519 0.019607844 -422
14 377.13242 923.519 0.019607844 -455
15 373.51318 923.519 0.019607844 -488
16 372.65494 924.51843 0.019607844 -521
17 372.65494 926.5174 0.019607844 -545
18 375.65216 949.50543 0.019607844 -589
19 376.65125 958.50073 0.019607844 -589
20 378.6494 970.4945 0.019607844 -599
21 366.6605 1146.4028 0.019607844 -677
22 363.66327 1174.3883 0.019607844 -677
23 348.67715 1294.3258 0.019607844 -711
24 342.6827 1328.3081 0.019607844 -711
25 336.68826 1360.2915 0.019607844 -719
26 329.69473 1392.2748 0.01764706 -736
27 306.716 1510.2134 0.01764706 -736
28 304.71786 1527.2046 0.01764706 -778
29 301.72064 1545.1952 0.01764706 -795
30 292.72894 1589.1722 0.015686275 -795
31 292.72894 1589.1722 0.015686275 -878
0 673.3765 974.49243 0.019607844 -9
1 673.3765 974.49243 0.019607844 -9
2 673.3765 974.49243 0.019607844 -42
3 673.3765 974.49243 0.01764706 -75
4 664.03284 971.1561 0.019607844 -108
5 634.3898 969.4922 0.019607844 -141
6 567.8795 961.82336 0.019607844 -174
7 494.29623 962.11115 0.019607844 -207
8 435.1948 966.0838 0.019607844 -240
9 393.1143 970.6635 0.019607844 -273
10 375.9191 974.6552 0.019607844 -306
11 350.33392 977.49084 0.019607844 -323
12 335.45258 977.49084 0.019607844 -356
13 328.69983 974.49664 0.019607844 -389
14 323.91748 970.7118 0.01764706 -422
15 316.5847 969.49506 0.01764706 -455
16 309.28104 972.70966 0.01764706 -488
17 300.7339 983.4631 0.019607844 -521
18 292.48413 1021.1834 0.019607844 -554
19 285.7203 1090.8911 0.019607844 -587
20 279.74097 1162.3945 0.019607844 -620
21 278.7419 1189.3805 0.019607844 -642
22 253.76503 1393.2743 0.01764706 -702
23 249.76874 1424.2582 0.01764706 -702
24 246.77151 1447.2462 0.01764706 -711
25 243.77429 1479.2295 0.01764706 -736
26 242.7752 1491.2233 0.01764706 -736
27 241.77614 1501.218 0.01764706 -744
28 236.78076 1520.2081 0.01764706 -818
29 236.78076 1519.2087 0.015686275 -818
30 236.78076 1518.2092 0.015686275 -842
0 915.15265 568.7038 0.019607844 -7
1 915.15265 576.6797 0.019607844 -7
2 915.15265 580.0302 0.019607844 -32
3 910.2343 575.7772 0.01764706 -65
4 896.19604 570.3739 0.01764706 -98
5 859.6419 565.7418 0.01764706 -131
6 782.74866 562.87885 0.01764706 -164
7 696.81055 557.59076 0.01764706 -198
8 624.5067 552.1785 0.019607844 -231
9 573.5219 547.7269 0.01764706 -264
10 538.88666 541.71783 0.019607844 -297
11 530.9172 541.71783 0.019607844 -346
12 527.50214 541.71783 0.019607844 -379
13 526.5125 541.71783 0.01764706 -412
14 527.2969 557.2055 0.019607844 -445
15 529.8813 621.62744 0.01764706 -479
16 529.8813 621.62744 0.025490198 -512
17 514.5236 680.6455 0.01764706 -535
18 500.53653 706.63196 0.023529414 -535
19 455.5782 700.6351 0.01764706 -553
20 390.6383 750.609 0.01764706 -587
21 389.63922 772.5976 0.01764706 -587
22 389.63922 772.5976 0.01764706 -604
23 402.6272 874.5445 0.01764706 -629
24 402.6272 874.5445 0.01764706 -629
25 462.5717 1040.4581 0.01764706 -678
26 449.5837 1034.4612 0.01764706 -678
27 449.5837 1034.4612 0.01764706 -686
0 884.18134 510.73398 0.019607844 -52
1 884.18134 511.75198 0.019607844 -52
2 884.18134 513.7324 0.019607844 -60
3 880.7682 510.3179 0.01764706 -93
4 847.33777 504.47562 0.01764706 -126
5 802.2572 501.73868 0.01764706 -159
6 802.2572 501.73868 0.01764706 -182
7 708.3441 500.7392 0.01764706 -208
8 707.34503 500.7392 0.01764706 -208
9 707.34503 500.7392 0.01764706 -216
10 643.40424 499.73972 0.01764706 -234
11 643.40424 499.73972 0.01764706 -234
12 599.44495 497.74075 0.01764706 -251
13 595.44867 497.74075 0.01764706 -251
14 595.44867 497.74075 0.01764706 -287
15 574.4681 502.73816 0.01764706 -446
16 572.4699 509.7345 0.019607844 -446
17 550.4903 500.7392 0.025490198 -463
18 479.55597 465.75742 0.01764706 -498
19 479.55597 465.75742 0.01764706 -498
20 427.60406 505.73657 0.01764706 -524
21 427.60406 505.73657 0.01764706 -524
22 425.60593 559.7085 0.01764706 -541
23 425.60593 559.7085 0.01764706 -541
24 427.60406 617.6783 0.01764706 -558
25 427.60406 617.6783 0.01764706 -558
26 541.4986 860.55176 0.023529414 -600
27 527.5116 861.5513 0.023529414 -600
28 551.4894 1043.4565 0.01764706 -650
29 533.50604 1026.4653 0.025490198 -650
30 465.5689 973.4929 0.01764706 -725
31 426.5272 941.4317 0.01764706 -725
32 422.53177 940.51013 0.01764706 -837
33 418.62003 940.51013 0.01764706 -870
34 417.6133 940.51013 0.01764706 -903
35 417.6133 940.51013 0.01764706 -912
0 743.31177 925.51794 0.01764706 -42
1 739.2225 923.42596 0.01764706 -42
2 732.56866 917.769 0.01764706 -58
3 716.2755 916.52264 0.01764706 -108
4 713.3395 916.52264 0.019607844 -157
5 707.34503 916.52264 0.019607844 -162
6 687.3635 918.5216 0.019607844 -187
7 674.3756 919.52106 0.019607844 -187
8 659.38947 919.52106 0.019607844 -195
9 621.4246 920.52057 0.019607844 -222
10 601.4431 919.52106 0.019607844 -222
11 556.48474 919.52106 0.019607844 -247
12 381.53912 904.49304 0.019607844 -247
13 374.82367 904.5289 0.019607844 -372
14 371.15637 904.5289 0.019607844 -405
15 366.37024 905.6735 0.019607844 -437
16 363.66327 908.5268 0.019607844 -471
17 360.66605 912.5247 0.019607844 -478
18 348.67715 950.50494 0.019607844 -513
19 345.67993 967.4961 0.019607844 -513
20 336.68826 1011.47314 0.019607844 -539
21 330.69382 1039.4586 0.019607844 -539
22 321.70212 1095.4294 0.019607844 -565
23 304.30615 1230.5386 0.019607844 -565
24 304.30615 1230.5386 0.019607844 -603
25 296.72525 1300.3228 0.019607844 -625
26 294.7271 1324.3102 0.019607844 -625
27 293.72803 1343.3003 0.019607844 -633
28 290.7308 1362.2904 0.019607844 -650
29 289.73172 1378.2821 0.019607844 -650
30 289.73172 1408.2665 0.01764706 -683
31 289.73172 1432.5183 0.01764706 -683
32 289.73172 1436.4142 0.01764706 -769
33 289.73172 1436.252 0.01764706 -802
34 289.73172 1437.2513 0.01764706 -809
0 786.272 409.78656 0.019607844 0
1 786.272 409.78656 0.019607844 0
2 786.272 409.78656 0.019607844 -26
3 801.2581 428.77667 0.025490198 -35
4 793.2655 432.7746 0.01764706 -77
5 778.1775 426.41058 0.01764706 -77
6 738.2031 414.0799 0.01764706 -92
7 683.8956 399.4977 0.01764706 -125
8 620.70795 386.3341 0.019607844 -158
9 561.3468 376.62946 0.019607844 -191
10 510.21857 369.99515 0.019607844 -224
11 500.53653 368.8079 0.019607844 -257
12 505.53192 379.8022 0.025490198 -267
13 486.5495 374.80478 0.019607844 -302
14 492.54395 383.8001 0.025490198 -302
15 490.5458 385.79904 0.025490198 -328
16 483.55228 379.8022 0.019607844 -328
17 489.54672 387.798 0.025490198 -346
18 494.54208 392.7954 0.025490198 -346
19 495.54117 401.7907 0.01764706 -458
20 481.5541 397.79282 0.01764706 -458
21 481.5541 397.79282 0.01764706 -485
22 459.57446 457.76157 0.01764706 -510
23 459.57446 457.76157 0.01764706 -510
24 610.4348 674.6486 0.01764706 -527
25 610.4348 674.6486 0.01764706 -527
26 607.43756 753.6075 0.015686275 -552
27 581.4616 767.6002 0.023529414 -552
28 520.51807 770.59863 0.01764706 -561
29 495.54117 780.59344 0.01764706 -578
30 445.58743 879.5419 0.01764706 -578
31 445.58743 879.5419 0.01764706 -611
32 422.6087 996.48096 0.01764706 -636
33 422.6087 996.48096 0.01764706 -636
34 422.6087 996.48096 0.01764706 -661
35 419.61148 1010.4737 0.01764706 -694
36 419.61148 1010.4737 0.01764706 -694
37 417.6133 1008.47473 0.01764706 -711
38 417.6133 1008.47473 0.01764706 -711
39 417.6133 1008.47473 0.01764706 -778
0 781.2766 902.5299 0.01764706 -8
1 781.2766 902.5299 0.01764706 -8
2 766.05054 899.82465 0.01764706 -47
3 727.3209 894.53406 0.019607844 -82
4 660.42615 885.1239 0.019607844 -116
5 631.41534 882.54034 0.019607844 -149
6 611.43384 879.5419 0.019607844 -162
7 577.46533 875.54395 0.019607844 -188
8 495.4174 865.9085 0.019607844 -188
9 472.5462 863.55023 0.019607844 -248
10 451.37943 863.55023 0.019607844 -281
11 439.80716 864.14514 0.019607844 -330
12 431.1345 864.5497 0.019607844 -363
13 424.6836 865.5108 0.019607844 -396
14 420.8743 871.75397 0.019607844 -429
15 416.61426 903.75854 0.019607844 -463
16 410.16757 999.0061 0.019607844 -496
17 408.62164 1025.4658 0.019607844 -529
18 404.62534 1059.4481 0.019607844 -535
19 399.62997 1125.4138 0.019607844 -561
20 395.63367 1161.395 0.019607844 -561
21 394.6346 1189.3805 0.019607844 -578
22 391.6374 1221.3639 0.019607844 -578
23 387.64108 1266.3405 0.01764706 -594
24 385.6429 1291.3274 0.01764706 -594
25 381.64664 1318.3134 0.01764706 -603
26 376.65125 1355.2941 0.01764706 -627
27 372.65494 1369.2867 0.01764706 -627
28 355.6707 1419.2607 0.019607844 -677
29 328.15274 1458.2405 0.01764706 -677
30 326.6975 1457.241 0.015686275 -843
31 326.6975 1457.241 0.015686275 -876
32 326.6975 1457.241 0.013725491 -909
33 326.6975 1457.241 0.015686275 -942
34 326.6975 1457.241 0.015686275 -954
0 675.37463 899.5315 0.01764706 -7
1 675.37463 899.5315 0.019607844 -7
2 668.94025 896.81274 0.01764706 -34
3 655.1169 895.53357 0.015686275 -67
4 628.81836 891.97546 0.01764706 -100
5 578.3944 891.11334 0.01764706 -133
6 529.275 890.53613 0.01764706 -166
7 490.3968 887.5228 0.01764706 -199
8 460.00275 887.5377 0.01764706 -232
9 441.4754 886.53827 0.01764706 -265
10 427.08337 884.5393 0.019607844 -298
11 415.04984 884.5393 0.019607844 -331
12 406.85013 884.5393 0.019607844 -364
13 397.3063 887.2008 0.01764706 -398
14 390.08295 892.09125 0.019607844 -431
15 384.64386 902.5299 0.019607844 -464
16 381.64664 914.5237 0.01764706 -485
17 352.67346 1139.4065 0.019607844 -554
18 346.67902 1173.3888 0.019607844 -554
19 341.68362 1205.3722 0.019607844 -570
20 335.68918 1235.3566 0.019607844 -570
21 328.69565 1267.3398 0.01764706 -587
22 306.41895 1384.8645 0.01764706 -587
23 300.84882 1426.2382 0.01764706 -630
24 295.89124 1448.7498 0.01764706 -662
25 292.72894 1458.0122 0.01764706 -695
26 289.90338 1462.0667 0.01764706 -728
27 286.01163 1464.9604 0.01764706 -762
28 285.73544 1465.2368 0.01764706 -795
29 285.73544 1465.7415 0.01764706 -828
30 285.73544 1466.2363 0.01764706 -861
31 285.73544 1466.2363 0.01764706 -892
32 285.73544 1466.2363 0.01764706 -925
33 285.73544 1466.2363 0.01764706 -931
0 950.12024 560.70795 0.01764706 -7
1 950.12024 560.70795 0.01764706 -7
2 945.1144 559.95575 0.01764706 -50
3 912.5488 557.29553 0.01764706 -83
4 839.68695 551.48224 0.01764706 -116
5 758.148 544.0357 0.019607844 -150
6 675.21185 540.7184 0.01764706 -183
7 630.6211 538.7399 0.019607844 -216
8 592.5583 537.7199 0.019607844 -249
9 583.6087 537.7199 0.019607844 -298
10 581.1422 537.7199 0.019607844 -331
11 577.5464 537.7199 0.019607844 -348
12 576.46625 538.7194 0.01764706 -381
13 576.46625 538.7194 0.01764706 -407
14 572.4699 600.68713 0.01764706 -450
15 550.4903 605.6845 0.023529414 -450
16 543.49677 660.6559 0.023529414 -475
17 562.4792 725.6221 0.01764706 -475
18 567.47455 749.60956 0.01764706 -492
19 582.23645 901.57184 0.01764706 -492
20 560.481 980.4893 0.023529414 -531
21 564.47736 1021.46796 0.01764706 -559
22 563.4783 1046.455 0.01764706 -576
23 546.494 1046.455 0.023529414 -576
24 554.4866 1090.432 0.01764706 -601
25 555.48566 1140.5114 0.019607844 -601
26 554.3948 1144.4957 0.019607844 -679
27 553.4875 1147.4023 0.019607844 -712
28 553.4875 1148.4019 0.019607844 -745
29 553.4875 1148.4019 0.019607844 -778
0 794.2646 848.55804 0.019607844 -101
1 769.0895 832.0039 0.019607844 -101
2 717.71173 813.27673 0.019607844 -127
3 652.6304 804.0796 0.01764706 -159
4 616.5051 801.4364 0.01764706 -193
5 541.4081 792.7185 0.01764706 -209
6 506.0315 792.58716 0.01764706 -242
7 492.58075 792.58716 0.01764706 -275
8 487.0087 792.58716 0.01764706 -308
9 483.49112 792.58716 0.01764706 -341
10 479.79623 792.58716 0.019607844 -374
11 476.20917 793.9364 0.019607844 -407
12 474.45062 801.0231 0.019607844 -441
13 470.59494 824.2332 0.019607844 -457
14 464.2328 892.6078 0.019607844 -474
15 456.57724 951.5044 0.019607844 -507
16 450.5828 982.4883 0.019607844 -529
17 441.59113 1028.4644 0.019607844 -556
18 432.59946 1071.4419 0.019607844 -556
19 210.80481 1336.304 0.019607844 -583
20 200.81406 1386.278 0.019607844 -583
21 194.81961 1411.2649 0.019607844 -602
22 392.63644 1251.3483 0.019607844 -627
23 388.64014 1268.3394 0.019607844 -627
24 385.6429 1282.332 0.019607844 -636
25 379.64847 1316.3143 0.019607844 -670
26 370.71262 1341.2456 0.019607844 -670
27 368.65866 1344.8662 0.019607844 -740
28 368.65866 1347.2982 0.019607844 -771
29 368.65866 1348.2977 0.019607844 -792
0 703.34875 981.4888 0.019607844 -43
1 697.181 981.4888 0.019607844 -43
2 690.37805 980.49365 0.019607844 -60
3 681.98553 978.6137 0.019607844 -76
4 641.8017 969.9601 0.01764706 -93
5 584.11523 950.81305 0.019607844 -126
6 528.26074 934.9938 0.019607844 -159
7 495.00174 928.1923 0.019607844 -192
8 471.9637 922.6287 0.019607844 -209
9 444.76465 918.5216 0.019607844 -225
10 434.09094 918.5216 0.019607844 -258
11 422.35315 918.5216 0.019607844 -275
12 416.80954 918.5216 0.019607844 -308
13 413.12552 918.5216 0.019607844 -341
14 409.86417 918.89954 0.019607844 -374
15 398.92184 925.22687 0.019607844 -391
16 392.63873 942.0014 0.019607844 -440
17 391.6374 945.5075 0.019607844 -473
18 390.6383 954.50287 0.019607844 -478
19 391.6374 981.4888 0.019607844 -504
20 391.6374 998.4799 0.019607844 -504
21 392.63644 1067.444 0.019607844 -531
22 392.63644 1095.4294 0.019607844 -531
23 390.6383 1125.4138 0.019607844 -540
24 387.64108 1184.383 0.019607844 -567
25 385.6429 1214.3674 0.019607844 -567
26 373.65402 1300.3228 0.019607844 -601
27 369.6577 1325.3097 0.019607844 -601
28 364.66235 1352.2957 0.019607844 -618
29 354.6716 1399.2711 0.019607844 -618
30 350.6753 1419.2607 0.019607844 -635
31 340.68454 1456.2415 0.019607844 -661
32 336.68826 1472.2332 0.019607844 -661
33 326.6975 1508.2145 0.019607844 -687
34 321.70212 1531.2025 0.019607844 -687
35 317.70584 1543.1962 0.019607844 -704
36 303.71878 1581.1764 0.019607844 -796
37 302.7197 1583.1754 0.019607844 -796
38 302.7197 1583.1754 0.019607844 -822
0 930.1388 797.5846 0.01764706 -26
1 917.46686 797.5846 0.01764706 -26
2 900.16547 797.5846 0.01764706 -53
3 878.49066 797.5846 0.01764706 -69
4 819.4704 797.5846 0.01764706 -86
5 751.0352 792.437 0.01764706 -119
6 687.8413 768.759 0.01764706 -152
7 650.75903 758.9765 0.01764706 -185
8 624.6275 752.6521 0.01764706 -201
9 603.792 748.8802 0.01764706 -218
10 575.7719 746.61115 0.019607844 -234
11 559.4403 746.61115 0.019607844 -268
12 550.4976 746.61115 0.019607844 -301
13 545.49493 746.61115 0.019607844 -334
14 544.49585 747.6106 0.019607844 -362
15 535.50415 766.6007 0.019607844 -396
16 533.50604 779.59393 0.019607844 -396
17 510.52728 925.51794 0.019607844 -440
18 503.2446 977.32404 0.01764706 -440
19 481.33597 1127.1599 0.019607844 -449
20 480.55505 1133.4097 0.019607844 -482
21 472.56244 1171.3899 0.019607844 -483
22 451.58188 1267.3398 0.019607844 -517
23 447.58557 1295.3253 0.019607844 -517
24 443.58926 1316.3143 0.019607844 -534
25 440.59204 1333.3055 0.019607844 -534
26 437.59482 1373.2847 0.019607844 -567
27 437.59482 1394.3276 0.019607844 -567
28 437.59482 1396.7761 0.019607844 -614
29 437.59482 1398.685 0.019607844 -630
30 437.59482 1400.6543 0.019607844 -647
31 437.59482 1402.6176 0.019607844 -664
32 437.59482 1402.2697 0.019607844 -680
33 437.59482 1402.2697 0.019607844 -697
34 437.59482 1402.2697 0.019607844 -730
35 437.59482 1402.2697 0.019607844 -757
0 741.3136 968.49554 0.01764706 -26
1 738.4814 966.5791 0.01764706 -26
2 731.04535 962.85956 0.01764706 -42
3 718.24023 961.4992 0.015686275 -75
4 710.3307 959.9971 0.015686275 -108
5 700.4855 959.0228 0.01764706 -124
6 688.9076 957.5013 0.01764706 -141
7 673.5587 957.5013 0.019607844 -157
8 650.366 960.6843 0.019607844 -174
9 629.98376 960.4997 0.019607844 -191
10 594.2015 961.4992 0.019607844 -207
11 570.54266 960.58887 0.019607844 -224
12 521.3662 951.1461 0.019607844 -240
13 474.27072 939.29 0.019607844 -273
14 452.07065 933.87524 0.019607844 -306
15 415.19254 928.46936 0.019607844 -323
16 400.9618 927.5169 0.019607844 -356
17 388.76218 927.5169 0.019607844 -372
18 381.2144 927.5169 0.019607844 -389
19 375.78717 927.5169 0.019607844 -405
20 372.01892 927.5169 0.019607844 -422
21 365.6441 932.549 0.019607844 -438
22 365.6441 932.549 0.019607844 -472
23 362.6642 968.49554 0.019607844 -498
24 361.66513 990.4841 0.019607844 -498
25 348.67715 1279.3336 0.019607844 -575
26 344.68085 1318.3134 0.019607844 -575
27 312.71045 1544.1957 0.019607844 -658
28 311.25836 1553.0048 0.019607844 -658
29 307.38864 1562.8395 0.01764706 -670
30 306.716 1565.1848 0.01764706 -703
31 306.716 1565.1848 0.013725491 -736
32 306.716 1566.1842 0.013725491 -750
0 913.1545 738.6153 0.01764706 -7
1 909.5837 737.6158 0.01764706 -7
2 890.6515 737.6158 0.01764706 -82
3 862.33417 737.6158 0.01764706 -115
4 797.5842 735.6168 0.01764706 -148
5 723.50415 721.2455 0.01764706 -181
6 657.89526 703.4348 0.01764706 -214
7 609.0627 696.59985 0.01764706 -247
8 586.04456 692.78595 0.019607844 -280
9 575.17114 690.64026 0.019607844 -313
10 570.04785 690.64026 0.019607844 -346
11 566.4538 690.64026 0.019607844 -380
12 561.5446 698.41016 0.019607844 -413
13 559.48193 704.633 0.019607844 -446
14 558.4829 711.62933 0.019607844 -455
15 556.48474 754.60693 0.019607844 -481
16 555.48566 871.546 0.019607844 -481
17 555.48566 915.52313 0.01764706 -515
18 554.4866 952.5039 0.019607844 -533
19 555.48566 992.48303 0.019607844 -533
20 548.4921 1139.4065 0.019607844 -574
21 548.4921 1169.3909 0.01764706 -574
22 546.494 1195.3773 0.019607844 -591
23 545.49493 1227.3607 0.01764706 -591
24 545.49493 1243.3524 0.01764706 -608
25 543.49677 1256.3456 0.019607844 -608
26 542.4977 1267.3398 0.019607844 -617
27 539.5005 1287.3295 0.019607844 -649
28 539.5005 1303.3212 0.019607844 -649
29 539.5005 1304.3207 0.019607844 -724
0 744.31085 900.53094 0.015686275 -17
1 740.72656 900.53094 0.01764706 -26
2 724.4353 898.1871 0.019607844 -58
3 690.06805 896.5707 0.01764706 -91
4 633.55817 891.6991 0.01764706 -124
5 569.08466 889.325 0.019607844 -157
6 514.9426 886.6474 0.01764706 -190
7 467.45557 886.53827 0.01764706 -224
8 447.78653 886.53827 0.01764706 -257
9 438.6944 886.53827 0.01764706 -290
10 433.38278 886.53827 0.019607844 -323
11 429.7314 888.40796 0.019607844 -356
12 423.8207 919.7505 0.01764706 -389
13 417.6133 992.48303 0.01764706 -422
14 414.6161 1019.469 0.01764706 -448
15 403.62628 1087.4336 0.01764706 -474
16 398.6309 1117.418 0.01764706 -474
17 392.63644 1152.3998 0.01764706 -491
18 387.64108 1184.383 0.01764706 -491
19 381.64664 1218.3654 0.01764706 -499
20 375.65216 1254.3467 0.01764706 -515
21 371.65588 1283.3315 0.01764706 -515
22 367.65958 1313.3159 0.01764706 -532
23 364.66235 1339.3024 0.01764706 -532
24 348.67715 1433.2534 0.01764706 -581
25 347.67807 1443.2483 0.01764706 -581
26 346.67902 1449.2451 0.01764706 -590
0 789.2692 853.5554 0.019607844 -8
1 783.8726 853.5554 0.019607844 -8
2 760.14484 855.11383 0.01764706 -66
3 704.72363 849.3157 0.01764706 -99
4 615.5822 830.78754 0.019607844 -132
5 514.77075 809.22797 0.019607844 -165
6 443.13605 794.1213 0.019607844 -199
7 406.12396 791.5877 0.019607844 -232
8 393.46548 791.5877 0.019607844 -264
9 387.8122 791.5877 0.019607844 -298
10 384.15604 791.5877 0.019607844 -331
11 382.6457 793.85565 0.019607844 -364
12 382.6457 819.19916 0.019607844 -397
13 379.64847 870.5466 0.019607844 -430
14 379.64847 888.5372 0.019607844 -456
15 375.65216 934.51324 0.019607844 -483
16 366.683 1032.1471 0.019607844 -483
17 365.66144 1046.455 0.019607844 -513
18 361.66513 1076.4393 0.019607844 -518
19 355.6707 1129.4117 0.019607844 -543
20 352.67346 1154.3987 0.019607844 -543
21 333.69104 1241.3534 0.019607844 -577
22 329.69473 1258.3446 0.019607844 -577
23 310.7123 1361.291 0.019607844 -636
24 307.7151 1380.2811 0.01764706 -636
25 302.7197 1428.2561 0.01764706 -668
26 301.72064 1442.2488 0.01764706 -668
27 303.71878 1485.2264 0.01764706 -709
28 309.71323 1508.2145 0.015686275 -709
29 309.71323 1510.2134 0.015686275 -758
0 753.3025 932.5143 0.015686275 -74
1 751.8933 932.5143 0.015686275 -74
2 730.0203 936.5628 0.01764706 -84
3 690.26855 944.43243 0.01764706 -133
4 626.3145 947.801 0.01764706 -166
5 547.5553 943.0356 0.01764706 -199
6 480.3342 939.24695 0.019607844 -232
7 437.34344 939.5106 0.019607844 -265
8 413.98657 938.6036 0.019607844 -299
9 404.47342 937.5117 0.019607844 -332
10 397.2142 937.5117 0.019607844 -365
11 392.94342 938.3576 0.019607844 -398
12 387.04285 952.0968 0.019607844 -431
13 386.642 954.50287 0.019607844 -464
14 386.642 963.49817 0.019607844 -468
15 387.64108 1000.4789 0.019607844 -493
16 389.63922 1024.4664 0.019607844 -493
17 390.6383 1051.4524 0.019607844 -502
18 393.63553 1079.4377 0.019607844 -520
19 393.63553 1111.4211 0.019607844 -520
20 395.63367 1142.405 0.019607844 -537
21 396.63275 1176.3873 0.019607844 -537
22 398.6309 1208.3706 0.019607844 -554
23 399.62997 1259.3441 0.019607844 -554
24 397.63184 1318.3134 0.019607844 -579
25 395.63367 1364.2894 0.019607844 -579
26 395.63367 1381.2805 0.019607844 -596
27 392.63644 1427.2566 0.019607844 -629
28 391.6374 1453.243 0.019607844 -629
29 391.6374 1459.24 0.019607844 -654
30 391.6374 1486.2258 0.019607844 -729
31 384.0489 1494.8169 0.01764706 -729
32 380.64755 1497.2202 0.019607844 -860
33 379.64847 1497.2202 0.019607844 -889
0 748.3071 922.5195 0.01764706 -33
1 746.2219 921.52 0.01764706 -33
2 735.5362 921.52 0.01764706 -42
3 717.3152 921.52 0.01764706 -75
4 678.5233 921.9299 0.01764706 -108
5 604.6014 914.7558 0.01764706 -141
6 513.78625 898.8176 0.019607844 -174
7 415.30826 878.66284 0.019607844 -207
8 333.51825 864.4016 0.019607844 -240
9 295.22668 858.05304 0.019607844 -273
10 284.73636 858.5528 0.019607844 -305
11 282.73822 858.5528 0.019607844 -328
12 278.7419 858.5528 0.019607844 -355
13 275.7447 858.5528 0.019607844 -355
14 274.7456 858.5528 0.019607844 -381
15 278.7419 869.5471 0.019607844 -443
16 281.73914 878.5424 0.019607844 -443
17 285.73544 892.5351 0.019607844 -451
18 309.71323 1121.4159 0.019607844 -537
19 308.71414 1151.4003 0.019607844 -537
20 307.7151 1175.3878 0.019607844 -553
21 305.71692 1202.3738 0.019607844 -553
22 290.7308 1367.2878 0.01764706 -621
23 290.7308 1381.2805 0.01764706 -621
24 293.72803 1416.2623 0.01764706 -653
25 293.72803 1437.2513 0.01764706 -653
26 293.72803 1444.2478 0.01764706 -670
27 292.72894 1485.2264 0.019607844 -803
28 292.72894 1488.5254 0.019607844 -803
29 292.72894 1493.3691 0.019607844 -820
30 292.72894 1495.2212 0.019607844 -853
31 292.72894 1495.2212 0.01764706 -886
32 292.72894 1495.2212 0.01764706 -902
33 292.72894 1495.2212 0.01764706 -918
0 919.1489 556.71 0.019607844 0
1 919.1489 556.71 0.019607844 -8
2 918.36304 556.71 0.019607844 -33
3 902.2872 554.10175 0.019607844 -67
4 870.5262 553.7116 0.01764706 -100
5 818.9238 553.92224 0.01764706 -133
6 767.1825 554.71106 0.01764706 -166
7 710.2291 555.7106 0.01764706 -199
8 669.3877 554.07574 0.019607844 -232
9 639.40796 551.71265 0.01764706 -265
10 625.4656 551.71265 0.01764706 -297
11 613.2215 549.6435 0.019607844 -331
12 601.9294 549.7137 0.019607844 -364
13 595.9386 549.7137 0.019607844 -397
14 592.35675 549.7137 0.01764706 -430
15 590.25494 549.7137 0.01764706 -463
16 587.45605 560.70795 0.01764706 -480
17 562.4792 557.70953 0.025490198 -488
18 567.47455 614.6798 0.01764706 -514
19 549.4912 614.6798 0.025490198 -514
20 505.53192 596.6892 0.01764706 -523
21 433.5985 632.6705 0.01764706 -557
22 433.5985 637.66785 0.01764706 -557
23 433.5985 637.66785 0.01764706 -564
24 418.6124 879.5419 0.01764706 -615
25 418.6124 879.5419 0.01764706 -615
26 419.61148 930.5153 0.01764706 -631
27 419.61148 930.5153 0.01764706 -631
28 530.5088 1164.3936 0.01764706 -656
29 530.5088 1164.3936 0.01764706 -656
30 515.52264 1150.4008 0.025490198 -681
0 921.1471 737.6158 0.01764706 -36
1 921.1471 737.6158 0.01764706 -36
2 919.2933 737.6158 0.01764706 -86
3 910.1401 737.6158 0.01764706 -103
4 887.30786 737.6158 0.01764706 -136
5 840.35175 738.6153 0.01764706 -169
6 757.3734 739.61475 0.01764706 -202
7 721.58545 739.61475 0.01764706 -235
8 664.2162 739.61475 0.01764706 -252
9 633.20764 737.6158 0.01764706 -285
10 617.5626 736.61633 0.01764706 -318
11 610.4858 736.61633 0.01764706 -351
12 606.7052 736.61633 0.01764706 -384
13 602.99036 736.61633 0.019607844 -417
14 602.4422 736.61633 0.019607844 -450
15 601.4431 737.6158 0.019607844 -455
16 590.4533 768.5997 0.019607844 -497
17 587.45605 782.5924 0.01764706 -497
18 579.46344 830.5674 0.01764706 -523
19 568.47363 891.53564 0.019607844 -523
20 526.5125 1195.3773 0.01764706 -599
21 520.51807 1229.3596 0.01764706 -599
22 516.5217 1251.3483 0.01764706 -615
23 511.52637 1273.3368 0.019607844 -615
24 505.53192 1309.318 0.01764706 -640
25 503.53375 1319.3129 0.01764706 -640
26 502.5347 1327.3087 0.01764706 -648
0 779.27844 944.50806 0.019607844 -7
1 779.27844 944.50806 0.019607844 -7
2 779.27844 944.50806 0.019607844 -41
3 771.1857 940.11017 0.019607844 -58
4 770.2868 939.5106 0.019607844 -91
5 766.29047 937.5117 0.019607844 -93
6 751.3043 933.5138 0.01764706 -118
7 729.3247 929.51587 0.019607844 -118
8 716.33673 927.5169 0.019607844 -135
9 685.3654 924.51843 0.019607844 -160
10 595.51434 912.82635 0.019607844 -160
11 544.33276 904.40875 0.01764706 -206
12 508.22415 903.5294 0.019607844 -239
13 476.94904 907.186 0.019607844 -272
14 457.96033 909.52625 0.019607844 -306
15 447.408 909.52625 0.019607844 -339
16 442.7986 909.52625 0.01764706 -372
17 439.0934 909.52625 0.019607844 -405
18 435.44025 910.68225 0.019607844 -436
19 433.36295 911.76086 0.019607844 -471
20 432.59946 912.5247 0.019607844 -487
21 430.6013 916.52264 0.019607844 -495
22 424.60684 952.5039 0.019607844 -548
23 422.6087 966.4966 0.019607844 -548
24 413.61703 1005.4763 0.019607844 -574
25 410.6198 1027.4648 0.019607844 -574
26 403.62628 1078.4382 0.019607844 -600
27 398.6309 1107.4232 0.019607844 -600
28 386.642 1189.3805 0.019607844 -633
29 382.6457 1219.3649 0.019607844 -633
30 377.65033 1266.3405 0.019607844 -651
31 375.65216 1314.3154 0.019607844 -651
32 373.65402 1339.3024 0.019607844 -668
33 373.65402 1358.2925 0.019607844 -685
34 372.65494 1375.2837 0.019607844 -685
35 368.65866 1424.2582 0.019607844 -718
36 367.65958 1436.252 0.019607844 -718
37 365.66144 1450.2446 0.01764706 -726
38 361.66513 1481.2285 0.019607844 -759
39 356.66974 1507.215 0.019607844 -759
40 355.6707 1513.2118 0.019607844 -784
41 349.67624 1535.2004 0.019607844 -842
42 349.67624 1537.1993 0.019607844 -842
43 349.67624 1538.1989 0.019607844 -859
44 349.67624 1543.1962 0.01764706 -859
45 349.67624 1543.1962 0.01764706 -926
0 937.13226 795.58563 0.015686275 -18
1 937.13226 795.58563 0.015686275 -18
2 937.13226 795.58563 0.015686275 -51
3 928.3029 794.5861 0.01764706 -85
4 908.2202 794.09406 0.01764706 -118
5 855.6195 793.5867 0.015686275 -151
6 769.1226 792.58716 0.01764706 -184
7 676.15027 790.6149 0.01764706 -217
8 604.9911 789.86176 0.01764706 -250
9 560.53174 788.58923 0.01764706 -283
10 544.10913 788.58923 0.01764706 -316
11 534.7812 788.58923 0.01764706 -332
12 525.5136 788.58923 0.01764706 -349
13 521.71906 788.58923 0.01764706 -382
14 517.9319 788.58923 0.01764706 -415
15 516.5217 788.58923 0.01764706 -448
16 513.52454 788.58923 0.01764706 -481
17 512.52545 791.5877 0.019607844 -504
18 497.5393 942.5091 0.01764706 -566
19 495.54117 979.4898 0.01764706 -566
20 495.54117 1004.4768 0.01764706 -582
21 494.54208 1041.4575 0.01764706 -582
22 494.54208 1065.4451 0.01764706 -599
23 494.54208 1102.4258 0.01764706 -599
24 494.54208 1122.4154 0.01764706 -616
25 493.54303 1146.4028 0.019607844 -616
26 493.54303 1171.3899 0.01764706 -632
27 493.54303 1188.381 0.01764706 -632
28 492.54395 1206.3717 0.019607844 -641
29 492.54395 1245.3513 0.01764706 -665
30 492.54395 1261.343 0.01764706 -665
31 492.54395 1267.3398 0.01764706 -682
32 490.5458 1291.3274 0.019607844 -731
33 490.5458 1295.3253 0.019607844 -731
34 490.5458 1298.3237 0.019607844 -747
35 490.5458 1344.2998 0.01764706 -747
36 490.5458 1345.2993 0.01764706 -897
0 909.1582 741.6137 0.01764706 -17
1 909.1582 741.6137 0.01764706 -17
2 900.09076 741.6137 0.01764706 -49
3 884.42584 743.6127 0.01764706 -82
4 882.18317 743.6127 0.01764706 -115
5 877.1878 743.6127 0.01764706 -119
6 844.2183 742.6132 0.01764706 -151
7 831.23035 741.6137 0.01764706 -151
8 796.2627 739.61475 0.01764706 -177
9 665.13635 737.6158 0.01764706 -177
10 615.8191 736.61633 0.01764706 -248
11 580.8768 736.61633 0.01764706 -281
12 562.3163 736.61633 0.01764706 -314
13 552.2667 736.61633 0.01764706 -347
14 546.4806 736.61633 0.01764706 -380
15 540.95935 736.61633 0.019607844 -413
16 539.5005 736.61633 0.019607844 -446
17 538.5014 736.61633 0.019607844 -458
18 534.50507 759.6044 0.01764706 -502
19 533.50604 769.5991 0.019607844 -502
20 530.5088 848.55804 0.01764706 -536
21 527.5116 893.5346 0.01764706 -536
22 524.51434 924.51843 0.01764706 -554
23 516.5217 1007.4752 0.01764706 -588
24 512.52545 1041.4575 0.01764706 -588
25 510.52728 1061.4471 0.01764706 -605
26 508.52914 1081.4368 0.01764706 -605
27 497.5393 1181.3846 0.01764706 -646
28 494.54208 1199.3752 0.019607844 -646
29 489.54672 1243.3524 0.01764706 -671
30 486.5495 1258.3446 0.01764706 -671
31 484.55133 1273.3368 0.01764706 -679
32 480.55505 1308.3186 0.01764706 -704
33 478.5569 1319.3129 0.019607844 -704
34 474.5606 1370.2863 0.01764706 -753
35 473.56152 1396.048 0.01764706 -753
36 473.56152 1397.2722 0.01764706 -843
37 473.56152 1398.2717 0.01764706 -852
