0 885.1804 829.56793 0.019607844 -16
1 879.7731 827.569 0.019607844 -31
2 872.43463 825.69116 0.019607844 -66
3 861.6134 822.70856 0.019607844 -99
4 848.76306 820.5726 0.019607844 -132
5 825.22894 820.5726 0.019607844 -165
6 796.52826 820.5726 0.019607844 -198
7 751.2069 821.5721 0.019607844 -231
8 699.00934 821.54755 0.019607844 -264
9 658.5908 819.5731 0.019607844 -297
10 629.19885 817.2046 0.019607844 -330
11 606.99994 813.50323 0.019607844 -363
12 580.13184 808.6457 0.01764706 -396
13 555.06396 804.89636 0.019607844 -429
14 541.2921 802.582 0.019607844 -462
15 534.5412 802.582 0.019607844 -496
16 530.7268 802.582 0.019607844 -529
17 529.5097 802.582 0.019607844 -562
18 528.5106 803.5814 0.019607844 -572
19 524.51434 822.57153 0.019607844 -599
20 505.27774 989.85913 0.01764706 -599
21 489.6988 1119.9707 0.01764706 -661
22 480.25153 1192.5055 0.019607844 -694
23 473.13748 1251.8945 0.01764706 -727
24 471.56335 1266.1669 0.01764706 -777
25 471.56335 1271.5092 0.01764706 -810
26 471.56335 1276.835 0.01764706 -843
27 471.56335 1276.3352 0.01764706 -887
28 471.56335 1277.3347 0.01764706 -942
29 471.56335 1278.3342 0.019607844 -975
30 471.56335 1279.3336 0.01764706 -1008
31 471.56335 1279.3336 0.01764706 -1026
0 570.4718 381.80115 0.019607844 -200
1 545.13617 381.80115 0.019607844 -200
2 469.02075 380.8522 0.019607844 -208
3 423.7587 380.17935 0.019607844 -241
4 394.74908 374.5098 0.019607844 -274
5 391.27368 374.80478 0.019607844 -324
6 387.82034 373.8053 0.019607844 -341
7 385.9315 373.8053 0.019607844 -374
8 384.10678 373.8053 0.019607844 -390
9 382.26563 375.185 0.01764706 -407
10 378.57944 385.14966 0.019607844 -423
11 378.6494 420.78082 0.01764706 -456
12 378.6494 420.78082 0.01764706 -482
13 394.6346 528.7246 0.01764706 -508
14 394.6346 528.7246 0.01764706 -508
15 454.5791 976.4914 0.01764706 -660
16 440.5047 970.1715 0.01764706 -660
17 420.2563 964.1591 0.01764706 -671
18 420.2563 964.1591 0.023529414 -704
19 437.59482 1020.4685 0.01764706 -794
20 431.60037 1019.469 0.01764706 -794
21 431.60037 1019.469 0.01764706 -801
22 548.4921 1225.3618 0.01764706 -835
23 548.4921 1225.3618 0.01764706 -835
24 548.4921 1225.3618 0.01764706 -870
25 548.4921 1225.3618 0.01764706 -919
26 548.4921 1225.3618 0.01764706 -952
27 548.4921 1225.3618 0.01764706 -960
0 971.1008 497.74075 0.01764706 0
1 971.1008 497.74075 0.01764706 -5
2 963.1753 497.74075 0.01764706 -40
3 945.7906 497.74075 0.01764706 -73
4 904.52466 497.74075 0.01764706 -106
5 833.1286 496.555 0.01764706 -139
6 733.40393 495.95892 0.01764706 -173
7 661.64056 491.74387 0.01764706 -206
8 607.3213 489.19635 0.01764706 -239
9 577.47314 488.9107 0.01764706 -272
10 564.35095 488.74542 0.01764706 -305
11 557.0124 488.74542 0.01764706 -338
12 553.4285 488.74542 0.01764706 -371
13 549.6746 497.7217 0.01764706 -404
14 543.3442 557.08435 0.01764706 -437
15 541.7687 678.2714 0.01764706 -470
16 540.31775 808.7618 0.01764706 -503
17 532.5943 955.8848 0.01764706 -536
18 521.9832 1037.8068 0.01764706 -569
19 522.5162 1054.4508 0.01764706 -602
20 522.5162 1054.4508 0.01764706 -611
21 520.51807 1119.417 0.01764706 -669
22 520.51807 1119.417 0.01764706 -669
23 520.51807 1119.417 0.01764706 -718
24 521.5171 1125.4138 0.01764706 -751
25 515.52264 1127.4127 0.019607844 -777
0 948.12213 733.61786 0.01764706 -27
1 948.12213 733.61786 0.013725491 -27
2 947.17834 732.6737 0.01764706 -52
3 935.06305 726.6215 0.01764706 -85
4 894.67163 726.6215 0.015686275 -118
5 798.8573 700.14557 0.01764706 -150
6 705.17004 682.23 0.01764706 -184
7 626.7352 677.64703 0.01764706 -217
8 591.07025 677.64703 0.01764706 -250
9 585.4579 677.64703 0.01764706 -283
10 583.4598 677.64703 0.01764706 -294
11 579.46344 680.6455 0.019607844 -356
12 581.896 692.8129 0.01764706 -356
13 583.4598 697.63666 0.01764706 -366
14 585.4579 705.63245 0.01764706 -372
15 593.4505 754.60693 0.01764706 -399
16 596.75586 870.9108 0.01764706 -399
17 588.75745 1007.4497 0.019607844 -432
18 574.3722 1142.6338 0.01764706 -465
19 574.3722 1142.6338 0.01764706 -498
20 554.4866 1282.332 0.019607844 -553
21 553.1322 1302.878 0.01764706 -553
22 549.4912 1329.5956 0.01764706 -564
23 549.4912 1334.4438 0.01764706 -614
24 549.4912 1336.304 0.01764706 -647
25 549.4912 1337.3035 0.01764706 -661
0 791.26733 389.79697 0.019607844 -59
1 774.288 381.65906 0.019607844 -59
2 744.85394 377.80322 0.019607844 -76
3 699.243 375.52652 0.01764706 -109
4 637.4098 372.80582 0.019607844 -142
5 573.3495 368.8079 0.019607844 -174
6 520.76416 366.8774 0.019607844 -208
7 491.2722 369.80737 0.019607844 -241
8 474.55652 367.0072 0.019607844 -274
9 469.5382 366.80893 0.019607844 -307
10 465.83832 367.53888 0.019607844 -340
11 461.57263 373.8053 0.01764706 -373
12 461.57263 373.8053 0.01764706 -403
13 607.43756 824.5705 0.019607844 -454
14 605.4394 860.55176 0.019607844 -454
15 512.52545 612.6809 0.01764706 -472
16 512.52545 612.6809 0.01764706 -472
17 605.4394 879.5419 0.01764706 -506
18 573.469 916.52264 0.023529414 -506
19 575.46716 937.5117 0.01764706 -523
20 582.4607 978.49036 0.01764706 -540
21 582.4607 978.49036 0.01764706 -540
22 579.46344 1059.4481 0.01764706 -573
23 570.4718 1083.4357 0.01764706 -573
24 552.48846 1072.4414 0.025490198 -658
25 514.5236 1068.4435 0.019607844 -891
26 510.52728 1064.4456 0.025490198 -891
27 455.5782 999.47943 0.01764706 -998
28 447.58557 990.4841 0.01764706 -998
29 447.58557 990.4841 0.01764706 -1006
30 418.6124 948.506 0.01764706 -1039
31 418.6124 948.506 0.01764706 -1039
32 421.60962 948.506 0.01764706 -1056
33 421.60962 948.506 0.01764706 -1056
34 421.60962 948.506 0.01764706 -1064
0 959.11194 752.608 0.019607844 -8
1 959.11194 752.608 0.019607844 -17
2 954.6873 751.6085 0.019607844 -42
3 940.20685 751.0243 0.019607844 -75
4 913.6126 749.1671 0.019607844 -108
5 874.44055 747.6106 0.019607844 -141
6 825.7269 744.71155 0.019607844 -174
7 775.21655 740.97174 0.01764706 -207
8 706.3431 738.34247 0.01764706 -240
9 656.58496 737.6158 0.01764706 -290
10 613.9419 736.61633 0.019607844 -323
11 584.47687 736.61633 0.01764706 -356
12 569.5042 736.61633 0.01764706 -389
13 560.7562 736.61633 0.019607844 -422
14 555.96686 736.61633 0.019607844 -455
15 552.34766 736.61633 0.019607844 -488
16 550.4903 736.61633 0.019607844 -521
17 550.4903 736.61633 0.019607844 -545
18 551.4894 752.608 0.019607844 -589
19 551.4894 760.6038 0.019607844 -589
20 552.48846 769.5991 0.019607844 -599
21 544.49585 946.507 0.019607844 -677
22 541.4986 981.4888 0.019607844 -677
23 528.5106 1101.4263 0.019607844 -711
24 524.51434 1133.4097 0.019607844 -711
25 518.5199 1168.3915 0.019607844 -719
26 511.52637 1197.3763 0.019607844 -736
27 488.54764 1320.3123 0.019607844 -736
28 486.5495 1337.3035 0.019607844 -778
29 482.5532 1359.292 0.019607844 -795
30 474.5606 1407.267 0.019607844 -795
31 473.56152 1408.2665 0.019607844 -878
0 884.18134 600.68713 0.019607844 -9
1 884.18134 600.68713 0.019607844 -9
2 884.18134 600.68713 0.019607844 -42
3 884.18134 600.68713 0.019607844 -75
4 876.51227 600.68713 0.019607844 -108
5 854.1834 598.6853 0.019607844 -141
6 796.3436 584.66846 0.01764706 -174
7 728.753 571.0903 0.01764706 -207
8 663.2771 586.57495 0.019607844 -240
9 614.40216 596.0278 0.019607844 -273
10 596.7147 599.8504 0.01764706 -306
11 571.4609 604.68506 0.01764706 -323
12 553.8381 603.2735 0.019607844 -356
13 545.5033 601.6908 0.019607844 -389
14 540.71674 600.68713 0.019607844 -422
15 536.9417 600.68713 0.019607844 -455
16 533.29 600.68713 0.019607844 -488
17 531.51404 604.6789 0.01764706 -521
18 524.51434 635.894 0.019607844 -554
19 518.5048 706.13684 0.01764706 -587
20 514.5236 781.5929 0.019607844 -620
21 514.5236 781.5929 0.019607844 -642
22 372.65494 872.54553 0.019607844 -702
23 371.65588 880.5414 0.01764706 -702
24 371.65588 880.5414 0.01764706 -711
25 484.55133 1173.3888 0.01764706 -736
26 484.55133 1173.3888 0.01764706 -736
27 467.56708 1154.3987 0.025490198 -744
28 394.6346 1062.4467 0.01764706 -818
29 380.64755 1040.4581 0.01764706 -818
30 380.64755 1040.4581 0.01764706 -842
0 716.33673 963.49817 0.019607844 -7
1 716.33673 963.49817 0.019607844 -7
2 715.6697 962.8308 0.019607844 -32
3 709.9583 955.5794 0.019607844 -65
4 691.05695 949.1766 0.019607844 -98
5 654.86804 944.54456 0.019607844 -131
6 572.771 938.0276 0.019607844 -164
7 485.3627 925.2805 0.019607844 -198
8 411.59363 909.8143 0.019607844 -231
9 355.7236 897.54065 0.01764706 -264
10 325.62225 894.53406 0.019607844 -297
11 320.40775 894.53406 0.019607844 -346
12 318.7049 894.5435 0.01764706 -379
13 322.04907 902.8979 0.01764706 -412
14 323.7003 939.22144 0.01764706 -445
15 317.33423 1001.82574 0.019607844 -479
16 317.33423 1001.82574 0.019607844 -512
17 310.7123 1064.4456 0.019607844 -535
18 305.71692 1134.4092 0.019607844 -535
19 305.71692 1164.3936 0.019607844 -553
20 304.71786 1244.3519 0.019607844 -587
21 305.71692 1297.3242 0.019607844 -587
22 305.71692 1325.3097 0.01764706 -604
23 305.71692 1374.2842 0.01764706 -629
24 305.71692 1396.2727 0.01764706 -629
25 306.716 1481.2285 0.01764706 -678
26 306.716 1490.2238 0.01764706 -678
27 306.716 1498.2196 0.01764706 -686
0 901.1656 718.6257 0.01764706 -52
1 900.148 718.6257 0.01764706 -52
2 896.45123 718.6257 0.01764706 -60
3 880.27094 711.7967 0.019607844 -93
4 835.8252 699.85065 0.01764706 -126
5 787.27106 693.63873 0.01764706 -159
6 769.2877 691.6398 0.01764706 -182
7 729.3247 688.6413 0.01764706 -208
8 713.3395 687.64185 0.01764706 -208
9 685.3654 685.6429 0.01764706 -216
10 666.383 683.6439 0.01764706 -234
11 652.39594 682.6444 0.01764706 -234
12 638.4089 681.64496 0.01764706 -251
13 594.4496 679.646 0.01764706 -251
14 588.45514 679.646 0.01764706 -287
15 560.481 680.6455 0.019607844 -446
16 562.4792 697.63666 0.019607844 -446
17 562.4792 703.6335 0.019607844 -463
18 566.47546 740.61426 0.019607844 -498
19 568.47363 763.6023 0.019607844 -498
20 568.47363 815.5752 0.019607844 -524
21 566.47546 840.5622 0.019607844 -524
22 565.47644 867.54816 0.019607844 -541
23 562.4792 896.533 0.019607844 -541
24 560.481 924.51843 0.019607844 -558
25 557.4838 953.50336 0.019607844 -558
26 547.49304 1062.4467 0.019607844 -600
27 545.49493 1082.4362 0.019607844 -600
28 537.5023 1182.3842 0.01764706 -650
29 535.50415 1194.3779 0.019607844 -650
30 531.5079 1247.3503 0.01764706 -725
31 530.5088 1275.4136 0.01764706 -725
32 530.5088 1277.3347 0.01764706 -837
33 526.52014 1281.3251 0.019607844 -870
34 525.5134 1282.332 0.019607844 -903
35 524.51434 1283.3315 0.019607844 -912
0 920.148 747.6106 0.01764706 -42
1 917.05786 745.5186 0.01764706 -42
2 908.65265 739.86163 0.01764706 -58
3 892.1127 738.6153 0.01764706 -108
4 889.1767 738.6153 0.01764706 -157
5 883.18225 738.6153 0.01764706 -162
6 864.1998 739.61475 0.01764706 -187
7 851.21185 739.61475 0.01764706 -187
8 836.2257 739.61475 0.01764706 -195
9 799.25995 739.61475 0.01764706 -222
10 780.2775 739.61475 0.01764706 -222
11 737.3173 739.61475 0.01764706 -247
12 564.4057 736.61633 0.01764706 -247
13 558.6535 736.61633 0.01764706 -372
14 554.9861 736.61633 0.01764706 -405
15 551.34424 736.61633 0.019607844 -437
16 550.4903 736.61633 0.019607844 -471
17 549.4912 736.61633 0.019607844 -478
18 538.5014 760.6038 0.019607844 -513
19 534.50507 774.59656 0.019607844 -513
20 523.51526 819.5731 0.019607844 -539
21 518.5199 843.5606 0.019607844 -539
22 508.52914 901.53046 0.019607844 -565
23 493.13132 1056.3362 0.01764706 -565
24 493.13132 1056.3362 0.019607844 -603
25 486.5495 1115.4191 0.019607844 -625
26 484.55133 1139.4065 0.019607844 -625
27 484.55133 1167.392 0.01764706 -633
28 482.5532 1184.383 0.019607844 -650
29 481.5541 1198.3759 0.019607844 -650
30 480.55505 1237.3555 0.01764706 -683
31 480.55505 1272.6016 0.01764706 -683
32 480.55505 1276.4974 0.01764706 -769
33 480.55505 1276.3352 0.01764706 -802
34 480.55505 1276.3352 0.01764706 -809
0 781.2766 932.5143 0.019607844 0
1 779.26013 933.52295 0.019607844 0
2 777.2803 933.5138 0.019607844 -26
3 775.28217 933.5138 0.019607844 -35
4 766.29047 933.5138 0.01764706 -77
5 757.3532 932.7251 0.015686275 -77
6 721.8944 920.8159 0.015686275 -92
7 660.4859 908.2327 0.01764706 -125
8 591.5027 900.0665 0.019607844 -158
9 530.2013 890.449 0.019607844 -191
10 481.62082 883.7276 0.019607844 -224
11 471.56335 882.54034 0.019607844 -257
12 464.56985 881.54083 0.019607844 -267
13 450.5828 881.54083 0.019607844 -302
14 446.5865 881.54083 0.019607844 -302
15 441.59113 881.54083 0.019607844 -328
16 439.59296 881.54083 0.019607844 -328
17 437.59482 881.54083 0.01764706 -346
18 436.59573 881.54083 0.01764706 -346
19 424.60684 884.5393 0.019607844 -458
20 424.60684 896.533 0.019607844 -458
21 425.60593 910.52576 0.01764706 -485
22 427.60406 959.50024 0.01764706 -510
23 427.60406 994.482 0.01764706 -510
24 425.60593 1029.4637 0.01764706 -527
25 421.60962 1067.444 0.01764706 -527
26 404.62534 1152.3998 0.01764706 -552
27 397.63184 1191.3795 0.019607844 -552
28 388.64014 1231.3586 0.019607844 -561
29 379.64847 1273.3368 0.019607844 -578
30 352.67346 1408.2665 0.01764706 -578
31 348.67715 1430.255 0.019607844 -611
32 343.68176 1463.2379 0.01764706 -636
33 338.6864 1496.2207 0.01764706 -636
34 338.6864 1502.2175 0.01764706 -661
35 338.6864 1511.2129 0.01764706 -694
36 338.6864 1513.2118 0.01764706 -694
37 338.6864 1514.2113 0.01764706 -711
38 338.6864 1520.2081 0.01764706 -711
39 338.6864 1520.2081 0.01764706 -778
0 952.1184 734.6174 0.01764706 -8
1 952.1184 734.6174 0.01764706 -8
2 937.8915 730.7926 0.01764706 -47
3 903.3351 720.09357 0.01764706 -82
4 836.26337 700.7482 0.01764706 -116
5 805.2544 693.63873 0.01764706 -149
6 785.2729 689.6408 0.01764706 -162
7 749.3062 685.6429 0.01764706 -188
8 662.6221 678.64655 0.01764706 -188
9 639.3917 677.64703 0.01764706 -248
10 621.27277 676.6476 0.01764706 -281
11 611.6481 676.6476 0.01764706 -330
12 603.9744 676.6476 0.019607844 -363
13 599.48334 676.6476 0.019607844 -396
14 595.7124 677.3832 0.019607844 -429
15 588.4265 706.3184 0.019607844 -463
16 578.0122 802.7119 0.019607844 -496
17 578.4644 824.5705 0.019607844 -529
18 575.46716 860.55176 0.019607844 -535
19 573.469 927.5169 0.019607844 -561
20 571.4709 975.4919 0.01764706 -561
21 571.4709 1000.4789 0.019607844 -578
22 569.4727 1038.4591 0.01764706 -578
23 566.47546 1076.4393 0.019607844 -594
24 563.4783 1107.4232 0.01764706 -594
25 560.481 1130.4113 0.019607844 -603
26 554.4866 1172.3894 0.01764706 -627
27 551.4894 1187.3816 0.019607844 -627
28 537.5023 1242.3529 0.01764706 -677
29 517.5208 1283.3315 0.019607844 -677
30 517.5208 1283.3315 0.019607844 -843
31 517.5208 1283.3315 0.019607844 -876
32 517.5208 1283.3315 0.019607844 -909
33 517.5208 1283.3315 0.019607844 -942
34 517.5208 1284.331 0.019607844 -954
0 849.2137 703.6335 0.019607844 -7
1 849.2137 703.6335 0.019607844 -7
2 846.77563 703.6335 0.019607844 -34
3 834.606 705.28796 0.019607844 -67
4 806.65375 705.0728 0.019607844 -100
5 754.80853 702.21173 0.019607844 -133
6 706.1112 699.4325 0.019607844 -166
7 668.24695 697.62177 0.019607844 -199
8 635.8399 698.6361 0.019607844 -232
9 618.3117 698.1074 0.019607844 -265
10 604.29956 697.63666 0.019607844 -298
11 594.0727 697.63666 0.019607844 -331
12 586.6836 697.63666 0.019607844 -364
13 578.13885 697.63666 0.019607844 -398
14 569.63873 704.023 0.01764706 -431
15 564.47736 713.6283 0.019607844 -464
16 561.4801 722.6236 0.019607844 -485
17 537.5023 949.50543 0.019607844 -554
18 532.50696 986.4862 0.019607844 -554
19 529.5097 1016.4706 0.019607844 -570
20 523.51526 1052.4518 0.019607844 -570
21 517.5208 1084.4352 0.019607844 -587
22 495.2441 1209.1542 0.019607844 -587
23 487.67584 1256.454 0.019607844 -630
24 483.71732 1278.6731 0.019607844 -662
25 481.5541 1287.1012 0.019607844 -695
26 480.55505 1291.1556 0.019607844 -728
27 479.55597 1293.3264 0.019607844 -762
28 478.5569 1293.3264 0.019607844 -795
29 478.5569 1293.3264 0.019607844 -828
30 478.5569 1293.3264 0.019607844 -861
31 478.5569 1293.3264 0.019607844 -892
32 478.5569 1293.3264 0.019607844 -925
33 478.5569 1293.3264 0.019607844 -931
0 961.1101 746.61115 0.019607844 -7
1 957.4034 746.61115 0.019607844 -7
2 943.3634 743.8599 0.01764706 -50
3 907.2608 740.90704 0.01764706 -83
4 832.309 738.00037 0.01764706 -116
5 749.15643 735.2765 0.01764706 -150
6 662.6366 733.61786 0.01764706 -183
7 621.60895 732.6389 0.01764706 -216
8 580.5694 732.6184 0.01764706 -249
9 571.61975 732.6184 0.01764706 -298
10 569.1533 732.6184 0.019607844 -331
11 565.5575 732.6184 0.01764706 -348
12 562.4792 732.6184 0.019607844 -381
13 562.4792 733.61786 0.019607844 -407
14 562.4792 796.5851 0.019607844 -450
15 563.4783 818.57367 0.019607844 -450
16 565.47644 880.5414 0.019607844 -475
17 566.47546 918.5216 0.019607844 -475
18 567.47455 945.5075 0.019607844 -492
19 562.88696 1096.3682 0.019607844 -492
20 553.4875 1196.3768 0.019607844 -531
21 550.4903 1228.3602 0.01764706 -559
22 546.494 1245.3513 0.019607844 -576
23 543.49677 1261.343 0.019607844 -576
24 537.5023 1295.3253 0.01764706 -601
25 524.409 1336.4093 0.019607844 -601
26 520.4263 1340.3937 0.019607844 -679
27 516.47833 1340.3019 0.019607844 -712
28 515.52264 1340.3019 0.019607844 -745
29 515.52264 1340.3019 0.019607844 -778
0 797.2618 434.77356 0.019607844 -101
1 755.46643 431.84796 0.019607844 -101
2 689.7133 422.90515 0.019607844 -127
3 613.91376 410.7828 0.019607844 -159
4 578.2481 408.3487 0.019607844 -193
5 493.61395 398.95386 0.019607844 -209
6 449.0842 395.79385 0.019607844 -242
7 430.67487 391.81433 0.019607844 -275
8 420.52988 389.79697 0.019607844 -308
9 416.5531 389.79697 0.019607844 -341
10 415.61517 392.31467 0.019607844 -374
11 415.61517 404.53873 0.019607844 -407
12 414.5061 416.6636 0.019607844 -441
13 411.6495 443.33957 0.019607844 -457
14 400.27988 516.8035 0.019607844 -474
15 388.64014 575.70013 0.019607844 -507
16 388.64014 575.70013 0.019607844 -529
17 473.56152 863.55023 0.019607844 -556
18 473.56152 863.55023 0.019607844 -556
19 418.6124 1133.4097 0.019607844 -583
20 406.6235 1187.3816 0.019607844 -583
21 400.62906 1210.3696 0.019607844 -602
22 313.70953 915.52313 0.019607844 -627
23 313.70953 916.52264 0.019607844 -627
24 313.70953 916.52264 0.019607844 -636
25 427.60406 1159.3961 0.019607844 -670
26 427.60406 1159.3961 0.019607844 -670
27 427.60406 1159.3961 0.019607844 -740
28 427.60406 1159.3961 0.019607844 -771
29 422.6087 1156.3977 0.021568628 -792
0 895.17114 798.58405 0.01764706 -43
1 889.0034 798.58405 0.01764706 -43
2 880.2066 798.58405 0.01764706 -60
3 870.8107 797.70795 0.01764706 -76
4 827.9956 783.78973 0.019607844 -93
5 769.6746 761.06604 0.01764706 -126
6 709.0933 746.09216 0.01764706 -159
7 672.6752 742.45123 0.01764706 -192
8 648.8 739.6512 0.01764706 -209
9 621.6009 736.61633 0.01764706 -225
10 609.9281 736.61633 0.01764706 -258
11 597.06354 736.61633 0.019607844 -275
12 591.64764 736.61633 0.019607844 -308
13 587.9636 736.61633 0.019607844 -341
14 586.07916 736.61633 0.019607844 -374
15 579.6089 736.61633 0.019607844 -391
16 575.4694 739.11163 0.019607844 -440
17 574.4681 740.61426 0.019607844 -473
18 573.469 745.61163 0.019607844 -478
19 571.4709 769.5991 0.019607844 -504
20 570.4718 785.5908 0.019607844 -504
21 573.469 856.55383 0.019607844 -531
22 574.4681 881.54083 0.019607844 -531
23 573.469 918.5216 0.019607844 -540
24 572.4699 980.4893 0.019607844 -567
25 571.4709 1005.4763 0.019607844 -567
26 562.4792 1092.431 0.019607844 -601
27 559.48193 1119.417 0.019607844 -601
28 554.4866 1144.4039 0.019607844 -618
29 546.494 1194.3779 0.019607844 -618
30 543.49677 1214.3674 0.019607844 -635
31 533.50604 1254.3467 0.019607844 -661
32 530.5088 1268.3394 0.019607844 -661
33 520.51807 1310.3175 0.019607844 -687
34 515.52264 1333.3055 0.019607844 -687
35 512.52545 1343.3003 0.019607844 -704
36 497.5393 1394.2738 0.019607844 -796
37 495.54117 1397.2722 0.01764706 -796
38 495.54117 1398.2717 0.01764706 -822
0 811.24884 408.78708 0.01764706 -26
1 799.8037 411.8994 0.019607844 -26
2 788.26935 415.78366 0.019607844 -53
3 761.5989 418.58133 0.019607844 -69
4 707.05255 424.39847 0.019607844 -86
5 637.95856 421.20547 0.019607844 -119
6 567.1125 409.9459 0.019607844 -152
7 532.1201 404.41245 0.019607844 -185
8 505.72293 396.83743 0.019607844 -201
9 487.7643 393.92993 0.019607844 -218
10 459.26395 389.18146 0.019607844 -234
11 439.5513 385.53876 0.019607844 -268
12 429.60956 383.8001 0.019607844 -301
13 423.6078 383.8001 0.01764706 -334
14 439.59296 418.78186 0.025490198 -362
15 435.59668 437.77197 0.01764706 -396
16 435.59668 437.77197 0.01764706 -396
17 534.50507 734.6174 0.01764706 -440
18 528.366 784.8936 0.01764706 -440
19 495.44937 904.5518 0.01764706 -449
20 491.54486 905.5283 0.021568628 -482
21 449.5837 892.5351 0.01764706 -483
22 373.65402 932.5143 0.01764706 -517
23 373.65402 932.5143 0.01764706 -517
24 367.65958 997.48047 0.01764706 -534
25 367.65958 997.48047 0.01764706 -534
26 483.55228 1224.3623 0.019607844 -567
27 483.55228 1224.3623 0.019607844 -567
28 483.55228 1224.3623 0.019607844 -614
29 483.55228 1224.3623 0.019607844 -630
30 483.55228 1224.3623 0.019607844 -647
31 483.55228 1224.3623 0.019607844 -664
32 483.55228 1224.3623 0.019607844 -680
33 483.55228 1224.3623 0.019607844 -697
34 483.55228 1224.3623 0.019607844 -730
35 483.55228 1224.3623 0.021568628 -757
0 904.16284 796.5851 0.01764706 -26
1 904.16284 796.5851 0.01764706 -26
2 901.88715 793.0314 0.01764706 -42
3 890.08105 783.54456 0.01764706 -75
4 881.6691 779.5882 0.01764706 -108
5 871.8045 775.6407 0.01764706 -124
6 859.9311 771.77985 0.01764706 -141
7 843.4015 767.9739 0.01764706 -157
8 820.20874 766.4161 0.01764706 -174
9 797.6982 764.47156 0.01764706 -191
10 764.0597 762.5873 0.019607844 -207
11 737.5665 759.7828 0.01764706 -224
12 689.8517 752.2497 0.01764706 -240
13 641.1163 744.7982 0.01764706 -273
14 616.91797 742.2942 0.01764706 -306
15 581.08594 738.5683 0.01764706 -323
16 568.75885 736.6639 0.01764706 -356
17 556.831 736.61633 0.01764706 -372
18 548.05994 736.61633 0.01764706 -389
19 542.2006 736.61633 0.019607844 -405
20 537.8654 736.61633 0.019607844 -422
21 533.4974 737.62445 0.019607844 -438
22 533.4974 737.62445 0.019607844 -472
23 530.5088 765.60126 0.019607844 -498
24 529.5097 786.5903 0.019607844 -498
25 530.5088 1078.4382 0.019607844 -575
26 528.5106 1122.4154 0.019607844 -575
27 501.5356 1370.2863 0.019607844 -658
28 500.08353 1380.5481 0.019607844 -658
29 496.2138 1392.928 0.019607844 -670
30 493.54303 1398.5465 0.01764706 -703
31 493.54303 1400.2706 0.01764706 -736
32 493.54303 1401.2701 0.01764706 -750
0 917.1508 550.71313 0.019607844 -7
1 917.1508 550.71313 0.019607844 -7
2 906.89044 550.71313 0.01764706 -82
3 880.8451 549.7137 0.01764706 -115
4 816.29205 547.5395 0.01764706 -148
5 744.6109 527.7831 0.01764706 -181
6 677.57733 509.83533 0.01764706 -214
7 631.0423 503.7003 0.01764706 -247
8 607.1718 500.7392 0.01764706 -280
9 597.1508 500.7392 0.01764706 -313
10 592.0275 500.7392 0.01764706 -346
11 588.4335 500.7392 0.01764706 -380
12 582.5575 506.5424 0.01764706 -413
13 579.46344 512.7329 0.01764706 -446
14 552.48846 504.7371 0.023529414 -455
15 556.48474 556.71 0.01764706 -481
16 550.4903 638.66736 0.025490198 -481
17 550.4903 638.66736 0.025490198 -515
18 445.58743 627.6731 0.01764706 -533
19 445.58743 627.6731 0.01764706 -533
20 555.48566 930.5153 0.021568628 -574
21 559.48193 974.49243 0.01764706 -574
22 549.4912 975.4919 0.021568628 -591
23 556.48474 1027.4648 0.01764706 -591
24 558.4829 1048.4539 0.01764706 -608
25 558.4829 1062.4467 0.01764706 -608
26 548.4921 1058.4487 0.023529414 -617
27 493.54303 1013.4721 0.01764706 -649
28 457.57632 983.48773 0.015686275 -649
29 457.57632 983.48773 0.015686275 -724
0 907.16003 733.61786 0.01764706 -17
1 903.57574 731.825 0.01764706 -26
2 887.594 720.66 0.01764706 -58
3 855.9145 709.1871 0.01764706 -91
4 797.5698 700.7985 0.01764706 -124
5 731.7223 696.4255 0.01764706 -157
6 677.7918 694.7473 0.01764706 -190
7 633.302 693.63873 0.019607844 -224
8 613.03394 693.63873 0.019607844 -257
9 602.5427 693.63873 0.019607844 -290
10 598.23016 693.63873 0.019607844 -323
11 594.5788 697.9899 0.019607844 -356
12 588.668 723.49207 0.019607844 -389
13 581.4616 797.5846 0.01764706 -422
14 578.4644 822.57153 0.01764706 -448
15 569.4727 887.5377 0.019607844 -474
16 565.47644 921.52 0.01764706 -474
17 560.481 955.5023 0.019607844 -491
18 557.4838 991.4836 0.01764706 -491
19 552.48846 1036.4602 0.01764706 -499
20 548.4921 1064.4456 0.019607844 -515
21 545.49493 1101.4263 0.01764706 -515
22 541.4986 1128.4122 0.019607844 -532
23 538.5014 1163.394 0.01764706 -532
24 526.5125 1251.3483 0.019607844 -581
25 525.5134 1261.343 0.019607844 -581
26 524.51434 1268.3394 0.019607844 -590
0 943.1267 670.6507 0.01764706 -8
1 935.3308 670.6507 0.01764706 -8
2 913.0033 671.2096 0.01764706 -66
3 859.58026 670.23694 0.01764706 -99
4 766.1885 645.12146 0.01764706 -132
5 664.63196 621.2331 0.01764706 -165
6 593.99634 610.9492 0.01764706 -199
7 557.98334 608.683 0.01764706 -232
8 547.3797 608.683 0.01764706 -264
9 542.6688 608.683 0.01764706 -298
10 539.5005 608.683 0.01764706 -331
11 539.5005 608.683 0.019607844 -364
12 539.5005 624.3488 0.01764706 -397
13 539.5005 674.6486 0.01764706 -430
14 539.5005 691.6398 0.019607844 -456
15 537.5023 737.6158 0.01764706 -483
16 534.0168 837.18097 0.019607844 -483
17 533.50604 854.5549 0.01764706 -513
18 530.5088 879.5419 0.019607844 -518
19 523.51526 937.5117 0.01764706 -543
20 520.51807 957.5013 0.01764706 -543
21 502.5347 1055.4503 0.01764706 -577
22 500.53653 1070.4425 0.019607844 -577
23 483.55228 1182.3842 0.01764706 -636
24 481.5541 1196.3768 0.019607844 -636
25 476.55875 1246.3508 0.01764706 -668
26 475.55966 1260.3435 0.019607844 -668
27 478.5569 1314.3154 0.01764706 -709
28 479.55597 1335.3044 0.01764706 -709
29 479.55597 1337.3035 0.01764706 -758
0 909.1582 752.608 0.01764706 -74
1 908.9531 752.608 0.01764706 -74
2 889.9229 752.608 0.01764706 -84
3 852.1187 756.5303 0.01764706 -133
4 789.5739 758.8994 0.01764706 -166
5 710.9308 755.1334 0.01764706 -199
6 645.7087 751.34485 0.01764706 -232
7 601.1917 751.6085 0.01764706 -265
8 579.83295 751.6085 0.019607844 -299
9 570.3199 751.6085 0.019607844 -332
10 565.26764 751.6085 0.019607844 -365
11 561.6336 751.6085 0.019607844 -398
12 555.8865 768.9946 0.01764706 -431
13 555.48566 770.59863 0.019607844 -464
14 555.48566 776.5955 0.019607844 -468
15 554.4866 807.57935 0.019607844 -493
16 556.48474 826.56946 0.019607844 -493
17 557.4838 858.5528 0.01764706 -502
18 559.48193 883.5398 0.019607844 -520
19 561.4801 919.52106 0.01764706 -520
20 564.47736 946.507 0.01764706 -537
21 565.47644 983.48773 0.01764706 -537
22 568.47363 1013.4721 0.01764706 -554
23 571.4709 1066.4446 0.01764706 -554
24 571.4709 1131.4106 0.01764706 -579
25 570.4718 1184.383 0.019607844 -579
26 570.4718 1200.3748 0.01764706 -596
27 569.4727 1248.3497 0.01764706 -629
28 569.4727 1272.3373 0.019607844 -629
29 569.4727 1278.3342 0.01764706 -654
30 570.4718 1315.315 0.01764706 -729
31 566.8796 1335.8997 0.01764706 -729
32 564.47736 1338.303 0.015686275 -860
33 563.4783 1337.3035 0.01764706 -889
0 916.15173 749.60956 0.01764706 -33
1 915.0656 748.5666 0.01764706 -33
2 902.4541 747.6106 0.01764706 -42
3 884.8302 746.94086 0.01764706 -75
4 846.9573 746.02155 0.01764706 -108
5 775.4432 739.73083 0.01764706 -141
6 684.39014 733.2609 0.01764706 -174
7 585.24133 703.8743 0.01764706 -207
8 501.36285 685.49475 0.01764706 -240
9 465.06937 680.14575 0.01764706 -273
10 456.57724 678.64655 0.01764706 -305
11 453.58002 678.64655 0.019607844 -328
12 449.5837 678.64655 0.019607844 -355
13 446.5865 678.64655 0.019607844 -355
14 445.58743 678.64655 0.019607844 -381
15 448.58466 688.6413 0.01764706 -443
16 450.5828 696.63715 0.019607844 -443
17 453.58002 706.63196 0.019607844 -451
18 487.54858 938.51117 0.019607844 -537
19 486.5495 976.4914 0.01764706 -537
20 486.5495 994.482 0.01764706 -553
21 484.55133 1017.47003 0.019607844 -553
22 471.56335 1188.381 0.019607844 -621
23 471.56335 1203.3732 0.019607844 -621
24 473.56152 1246.3508 0.01764706 -653
25 472.56244 1262.3425 0.019607844 -653
26 472.56244 1268.3394 0.019607844 -670
27 474.5606 1316.3143 0.01764706 -803
28 474.5606 1324.761 0.01764706 -803
29 474.5606 1333.5992 0.01764706 -820
30 474.5606 1337.2311 0.01764706 -853
31 474.5606 1338.303 0.01764706 -886
32 474.5606 1338.303 0.01764706 -902
33 474.5606 1338.303 0.01764706 -918
0 926.14246 742.6132 0.01764706 0
1 926.14246 742.6132 0.01764706 -8
2 920.57446 739.82806 0.01764706 -33
3 898.0718 737.6158 0.01764706 -67
4 863.2366 735.32056 0.01764706 -100
5 807.0918 736.82697 0.01764706 -133
6 754.1767 736.61633 0.01764706 -166
7 698.24023 737.6158 0.01764706 -199
8 654.0376 736.61633 0.01764706 -232
9 626.42004 734.1177 0.01764706 -265
10 610.1613 733.61786 0.01764706 -297
11 599.3046 732.6184 0.01764706 -331
12 588.9414 732.6184 0.01764706 -364
13 582.9506 732.6184 0.019607844 -397
14 579.3688 733.7125 0.019607844 -430
15 578.4644 739.21063 0.019607844 -463
16 576.46625 750.609 0.019607844 -480
17 575.46716 765.60126 0.019607844 -488
18 572.4699 809.5783 0.019607844 -514
19 570.4718 828.5684 0.01764706 -514
20 566.47546 860.55176 0.01764706 -523
21 558.4829 955.5023 0.019607844 -557
22 556.48474 989.4846 0.01764706 -557
23 553.4875 1037.4596 0.01764706 -564
24 536.50323 1198.3759 0.01764706 -615
25 530.5088 1230.3591 0.01764706 -615
26 526.5125 1250.3488 0.019607844 -631
27 523.51526 1267.3398 0.01764706 -631
28 513.52454 1307.3191 0.01764706 -656
29 507.53006 1330.3071 0.019607844 -656
30 506.531 1335.3044 0.019607844 -681
0 790.26825 376.80374 0.01764706 -36
1 790.26825 376.80374 0.01764706 -36
2 788.4145 376.80374 0.01764706 -86
3 781.268 376.80374 0.019607844 -103
4 767.1206 379.0364 0.019607844 -136
5 726.63104 383.91608 0.019607844 -169
6 640.35986 388.7975 0.01764706 -202
7 608.69 390.84033 0.019607844 -235
8 547.32446 388.7975 0.019607844 -252
9 506.7904 383.26605 0.019607844 -285
10 488.39377 381.80115 0.019607844 -318
11 481.6051 380.80167 0.019607844 -351
12 477.82452 380.80167 0.019607844 -384
13 474.10968 380.80167 0.01764706 -417
14 473.56152 380.80167 0.01764706 -450
15 492.54395 416.78293 0.025490198 -455
16 493.54303 453.76364 0.01764706 -497
17 493.54303 453.76364 0.01764706 -497
18 462.5717 507.73553 0.01764706 -523
19 462.5717 507.73553 0.01764706 -523
20 428.60315 868.5476 0.01764706 -599
21 428.60315 868.5476 0.01764706 -599
22 426.605 929.51587 0.01764706 -615
23 426.605 929.51587 0.01764706 -615
24 533.50604 1166.3925 0.019607844 -640
25 533.50604 1166.3925 0.019607844 -640
26 520.51807 1153.3993 0.025490198 -648
0 944.1258 787.5898 0.01764706 -7
1 943.1267 776.77216 0.01764706 -7
2 939.1311 771.59875 0.01764706 -41
3 931.0377 764.20184 0.01764706 -58
4 930.1388 763.6023 0.01764706 -91
5 927.14154 761.60333 0.01764706 -93
6 914.15356 757.6054 0.01764706 -118
7 893.173 751.6085 0.01764706 -118
8 882.18317 748.6101 0.01764706 -135
9 850.21277 743.6127 0.01764706 -160
10 762.7086 735.26794 0.01764706 -160
11 707.18195 732.6184 0.01764706 -206
12 670.0743 732.6184 0.01764706 -239
13 641.4552 731.61896 0.01764706 -272
14 623.80676 731.61896 0.01764706 -306
15 614.2535 731.61896 0.01764706 -339
16 609.6441 731.61896 0.01764706 -372
17 605.93896 731.61896 0.01764706 -405
18 602.28577 731.61896 0.01764706 -436
19 600.20844 731.61896 0.01764706 -471
20 599.44495 731.61896 0.01764706 -487
21 598.44586 732.6184 0.019607844 -495
22 593.4505 761.60333 0.019607844 -548
23 591.4524 773.59705 0.019607844 -548
24 585.4579 817.57416 0.019607844 -574
25 583.4598 835.5648 0.01764706 -574
26 575.46716 887.5377 0.01764706 -600
27 570.4718 920.52057 0.01764706 -600
28 563.4783 1003.47736 0.01764706 -633
29 560.481 1040.4581 0.01764706 -633
30 557.4838 1079.4377 0.019607844 -651
31 556.48474 1131.4106 0.01764706 -651
32 554.4866 1165.393 0.01764706 -668
33 553.4875 1181.3846 0.01764706 -685
34 553.4875 1196.3768 0.01764706 -685
35 549.4912 1247.3503 0.01764706 -718
36 548.4921 1259.3441 0.01764706 -718
37 546.494 1271.3378 0.019607844 -726
38 543.49677 1309.318 0.01764706 -759
39 539.5005 1332.306 0.019607844 -759
40 538.5014 1339.3024 0.01764706 -784
41 533.50604 1361.291 0.01764706 -842
42 533.50604 1363.2899 0.01764706 -842
43 533.50604 1371.2858 0.01764706 -859
44 532.50696 1390.2759 0.01764706 -859
45 531.5079 1390.2759 0.01764706 -926
0 778.27936 965.49713 0.019607844 -18
1 778.27936 965.49713 0.019607844 -18
2 778.27936 965.49713 0.01764706 -51
3 769.83716 965.49713 0.01764706 -85
4 748.8754 963.00604 0.01764706 -118
5 696.3068 961.22943 0.01764706 -151
6 605.8782 956.5018 0.01764706 -184
7 511.38315 949.55896 0.01764706 -217
8 441.96155 949.50543 0.019607844 -250
9 396.6733 949.50543 0.019607844 -283
10 383.8221 949.50543 0.019607844 -316
11 375.92828 948.07526 0.01764706 -332
12 366.6607 947.5065 0.01764706 -349
13 362.86615 947.5065 0.019607844 -382
14 359.07895 947.5065 0.019607844 -415
15 355.3173 948.85956 0.019607844 -448
16 349.67624 961.4992 0.019607844 -481
17 348.67715 970.4945 0.01764706 -504
18 330.69382 1132.4102 0.019607844 -566
19 328.69565 1164.3936 0.019607844 -566
20 327.6966 1193.3784 0.019607844 -582
21 326.6975 1224.3623 0.019607844 -582
22 326.6975 1252.3477 0.019607844 -599
23 325.69843 1282.332 0.01764706 -599
24 325.69843 1305.3201 0.019607844 -616
25 323.7003 1332.306 0.01764706 -616
26 323.7003 1353.2952 0.01764706 -632
27 323.7003 1370.2863 0.019607844 -632
28 321.70212 1391.2754 0.01764706 -641
29 320.70306 1419.2607 0.01764706 -665
30 320.70306 1438.2509 0.01764706 -665
31 320.70306 1444.2478 0.01764706 -682
32 318.7049 1470.2343 0.01764706 -731
33 317.70584 1475.2316 0.01764706 -731
34 317.70584 1479.2295 0.01764706 -747
35 315.70767 1515.2108 0.01764706 -747
36 315.70767 1516.2103 0.01764706 -897
0 749.3062 927.5169 0.019607844 -17
1 749.3062 927.5169 0.019607844 -17
2 739.23975 926.5174 0.01764706 -49
3 724.57385 925.9667 0.01764706 -82
4 722.3312 925.51794 0.01764706 -115
5 715.33765 924.51843 0.01764706 -119
6 683.36725 923.519 0.01764706 -151
7 669.3802 921.52 0.01764706 -151
8 638.4089 918.5216 0.01764706 -177
9 506.36652 917.5221 0.019607844 -177
10 455.782 916.52264 0.019607844 -248
11 421.02478 916.52264 0.019607844 -281
12 399.4671 916.52264 0.019607844 -314
13 387.30847 916.52264 0.019607844 -347
14 379.62164 916.52264 0.019607844 -380
15 374.11386 916.52264 0.019607844 -413
16 371.65588 918.5216 0.019607844 -446
17 369.6577 920.52057 0.019607844 -458
18 364.66235 943.50854 0.019607844 -502
19 363.66327 956.5018 0.019607844 -502
20 358.6679 1025.4658 0.019607844 -536
21 354.6716 1082.4362 0.019607844 -536
22 350.6753 1110.4216 0.019607844 -554
23 341.68362 1189.3805 0.019607844 -588
24 336.68826 1217.366 0.01764706 -588
25 333.69104 1239.3545 0.019607844 -605
26 330.69382 1261.343 0.019607844 -605
27 316.70676 1352.2957 0.01764706 -646
28 312.71045 1374.2842 0.01764706 -646
29 307.7151 1411.2649 0.01764706 -671
30 304.71786 1430.255 0.01764706 -671
31 302.7197 1447.2462 0.01764706 -679
32 298.72342 1475.2316 0.01764706 -704
33 295.7262 1491.2233 0.01764706 -704
34 290.7308 1525.2056 0.01764706 -753
35 290.7308 1541.1973 0.01764706 -753
36 290.7308 1541.1973 0.01764706 -843
37 290.7308 1541.1973 0.01764706 -852
