0 725.3284 361.81155 0.023529414 -348
1 720.87225 361.81155 0.023529414 -348
2 717.3358 361.81155 0.021568628 -391
3 716.3193 361.81155 0.019607844 -440
4 712.8857 361.81155 0.019607844 -473
5 709.4626 362.6916 0.019607844 -506
6 701.94196 364.27963 0.019607844 -539
7 683.41925 368.7949 0.019607844 -572
8 629.346 374.80478 0.019607844 -605
9 597.9831 376.06668 0.019607844 -638
10 569.56354 376.80374 0.019607844 -655
11 532.2467 375.2637 0.019607844 -671
12 469.6295 371.61072 0.019607844 -688
13 428.93332 367.8084 0.019607844 -721
14 406.73172 365.80948 0.019607844 -754
15 400.78253 365.80948 0.019607844 -787
16 393.14343 365.80948 0.019607844 -803
17 389.00903 365.80948 0.019607844 -836
18 385.6436 365.80948 0.019607844 -869
19 384.64386 367.63742 0.019607844 -902
20 386.46674 376.27777 0.019607844 -935
21 390.0284 387.96655 0.019607844 -968
22 395.4385 401.40024 0.019607844 -1001
23 403.62628 427.27744 0.019607844 -1034
24 410.67957 454.0027 0.019607844 -1067
25 415.26743 486.61386 0.01764706 -1100
26 419.86902 524.8199 0.019607844 -1133
27 426.96832 582.24243 0.019607844 -1167
28 432.50656 680.437 0.019607844 -1200
29 434.69846 751.6273 0.019607844 -1233
30 435.59668 798.2364 0.01764706 -1266
31 438.09436 831.5669 0.019607844 -1299
32 437.59482 851.6708 0.019607844 -1331
33 439.49042 876.97864 0.01764706 -1365
34 441.59113 915.72015 0.01764706 -1398
35 445.0496 949.199 0.019607844 -1431
36 444.58835 965.7723 0.019607844 -1464
37 442.8632 980.94257 0.019607844 -1497
38 439.0934 985.98645 0.019607844 -1546
39 435.4251 987.48566 0.019607844 -1579
40 433.5985 988.4406 0.019607844 -1612
41 433.5985 989.4846 0.015686275 -1645
42 433.5985 989.4846 0.015686275 -1655
0 733.321 371.80634 0.023529414 -353
1 731.01306 371.80634 0.023529414 -353
2 727.75525 370.80685 0.023529414 -376
3 724.4979 370.80685 0.023529414 -409
4 721.25305 370.80685 0.023529414 -442
5 721.3321 370.80685 0.023529414 -475
6 721.3321 370.80685 0.021568628 -508
7 721.3321 370.80685 0.019607844 -541
8 721.3321 370.80685 0.019607844 -574
9 721.3321 370.80685 0.019607844 -607
10 706.63586 371.47934 0.019607844 -640
11 668.043 371.80634 0.019607844 -673
12 592.90735 368.4046 0.019607844 -706
13 526.025 362.5185 0.019607844 -739
14 469.71606 357.36734 0.019607844 -773
15 428.54877 352.81622 0.019607844 -806
16 415.27765 352.81622 0.019607844 -855
17 407.5256 352.81622 0.019607844 -888
18 403.77615 352.81622 0.019607844 -921
19 400.3618 352.81622 0.019607844 -954
20 397.63184 356.5752 0.019607844 -987
21 397.63184 368.9772 0.019607844 -1020
22 397.63184 383.45465 0.019607844 -1053
23 397.63184 399.01724 0.019607844 -1086
24 403.90515 427.5335 0.019607844 -1119
25 407.7586 460.1222 0.019607844 -1152
26 413.31866 505.55545 0.019607844 -1185
27 417.9232 552.4341 0.019607844 -1219
28 419.61148 603.1257 0.019607844 -1252
29 424.44553 658.9456 0.019607844 -1285
30 427.5448 711.6802 0.019607844 -1318
31 430.6013 781.991 0.019607844 -1351
32 430.6013 830.1524 0.019607844 -1384
33 429.60223 861.78046 0.019607844 -1417
34 429.1358 888.80225 0.019607844 -1450
35 429.60223 912.8225 0.019607844 -1483
36 429.60223 931.8468 0.019607844 -1516
37 429.60223 951.89264 0.019607844 -1549
38 429.60223 968.08325 0.019607844 -1582
39 429.60223 980.9391 0.019607844 -1615
40 428.60315 989.7279 0.019607844 -1648
41 427.60406 993.48254 0.019607844 -1698
42 427.60406 993.48254 0.019607844 -1747
43 427.60406 994.482 0.015686275 -1780
44 427.60406 994.482 0.015686275 -1793
0 747.30804 418.78186 0.023529414 -283
1 745.3884 418.78186 0.023529414 -283
2 740.3825 418.78186 0.023529414 -301
3 739.3154 418.78186 0.021568628 -350
4 739.3154 418.78186 0.021568628 -384
5 739.3154 418.78186 0.019607844 -417
6 739.3154 418.78186 0.019607844 -450
7 739.3154 418.78186 0.019607844 -483
8 734.9932 418.78186 0.019607844 -516
9 722.5507 418.78186 0.019607844 -549
10 704.54663 419.78134 0.019607844 -582
11 667.934 422.15073 0.019607844 -615
12 602.5917 423.77927 0.019607844 -648
13 520.1465 425.77823 0.019607844 -681
14 448.5019 422.7798 0.019607844 -714
15 378.24075 419.78134 0.019607844 -747
16 362.68246 419.78134 0.019607844 -796
17 353.4544 419.78134 0.019607844 -830
18 349.24786 419.78134 0.019607844 -863
19 345.82825 419.78134 0.019607844 -896
20 342.46002 419.78134 0.019607844 -929
21 342.6827 419.78134 0.019607844 -962
22 344.38672 423.19077 0.019607844 -978
23 350.1076 430.20767 0.019607844 -995
24 358.74506 450.68893 0.019607844 -1028
25 366.05243 479.48962 0.019607844 -1061
26 371.46027 509.8208 0.019607844 -1094
27 376.69794 555.6079 0.019607844 -1127
28 379.64847 609.8451 0.019607844 -1160
29 386.13583 692.333 0.019607844 -1193
30 391.6374 759.1049 0.019607844 -1226
31 394.27994 797.3574 0.019607844 -1259
32 394.6346 829.1414 0.019607844 -1276
33 397.63184 882.662 0.019607844 -1292
34 398.1426 913.1256 0.019607844 -1325
35 401.8241 936.49316 0.019607844 -1358
36 402.6272 954.055 0.019607844 -1390
37 402.6272 967.31067 0.019607844 -1423
38 402.6272 976.0356 0.019607844 -1456
39 401.65283 978.49036 0.019607844 -1489
40 397.9981 978.49036 0.019607844 -1522
41 394.38364 978.49036 0.019607844 -1555
42 394.6346 979.4898 0.01764706 -1588
43 394.6346 979.4898 0.01764706 -1612
0 727.32654 389.79697 0.023529414 -252
1 725.66205 389.79697 0.023529414 -252
2 720.8325 389.79697 0.023529414 -268
3 717.5193 389.79697 0.023529414 -317
4 714.32275 389.79697 0.023529414 -351
5 711.3414 389.79697 0.021568628 -384
6 711.3414 389.79697 0.019607844 -433
7 711.3414 389.79697 0.019607844 -466
8 706.7797 389.79697 0.019607844 -516
9 703.32904 389.79697 0.019607844 -565
10 697.08936 389.79697 0.019607844 -598
11 682.98834 390.89124 0.019607844 -631
12 653.7628 392.43158 0.019607844 -664
13 558.5608 400.78754 0.019607844 -697
14 463.49658 401.30948 0.019607844 -747
15 408.26553 401.8443 0.019607844 -780
16 380.36124 399.60806 0.019607844 -813
17 365.74393 399.79178 0.019607844 -846
18 358.8465 397.79282 0.021568628 -879
19 354.37173 397.79282 0.021568628 -912
20 350.97662 397.79282 0.021568628 -945
21 350.6753 397.79282 0.019607844 -978
22 357.1491 412.18433 0.019607844 -1011
23 360.6069 428.48083 0.019607844 -1044
24 367.72394 455.48825 0.019607844 -1077
25 373.64612 475.71268 0.019607844 -1110
26 380.06424 503.40234 0.019607844 -1143
27 384.84488 532.3323 0.019607844 -1176
28 389.45624 572.7714 0.019607844 -1209
29 392.63644 633.063 0.019607844 -1242
30 393.63553 688.7773 0.019607844 -1275
31 393.63553 751.6085 0.019607844 -1308
32 393.63553 809.61774 0.019607844 -1341
33 391.6374 851.0629 0.019607844 -1374
34 390.94678 893.7558 0.019607844 -1407
35 390.13876 926.51746 0.019607844 -1441
36 388.46634 952.7214 0.019607844 -1473
37 384.92657 972.0788 0.019607844 -1507
38 381.1642 987.4172 0.019607844 -1540
39 380.64755 1001.0991 0.019607844 -1573
40 380.64755 1011.1207 0.019607844 -1606
41 380.64755 1018.78687 0.019607844 -1639
42 380.64755 1020.4685 0.019607844 -1688
43 380.64755 1020.4685 0.015686275 -1721
44 380.64755 1020.4685 0.015686275 -1748
0 726.32745 411.78552 0.023529414 -147
1 726.32745 411.78552 0.023529414 -147
2 726.32745 411.78552 0.023529414 -168
3 726.32745 411.78552 0.023529414 -201
4 726.32745 411.78552 0.023529414 -234
5 726.32745 411.78552 0.023529414 -267
6 726.32745 410.78604 0.021568628 -283
7 726.32745 408.78708 0.021568628 -333
8 718.5323 408.78708 0.019607844 -366
9 698.379 411.78186 0.019607844 -399
10 655.9629 413.7845 0.019607844 -432
11 604.26465 413.7845 0.019607844 -465
12 529.98456 412.47446 0.019607844 -498
13 475.5792 409.78656 0.019607844 -531
14 438.32413 406.62946 0.021568628 -564
15 424.99658 406.78812 0.019607844 -597
16 418.73227 406.78812 0.019607844 -630
17 415.36633 406.78812 0.021568628 -663
18 413.02014 408.3847 0.021568628 -696
19 412.61795 410.07144 0.019607844 -729
20 411.61887 412.76755 0.019607844 -746
21 411.61887 416.8626 0.019607844 -762
22 411.61887 422.06528 0.019607844 -779
23 411.61887 435.20505 0.019607844 -795
24 413.13626 451.3213 0.019607844 -828
25 417.2522 466.5883 0.019607844 -861
26 419.66833 489.14352 0.019607844 -894
27 424.62094 528.30237 0.019607844 -927
28 429.4563 560.3935 0.019607844 -960
29 435.89322 613.83545 0.019607844 -993
30 435.0938 681.84985 0.019607844 -1026
31 431.06967 736.8034 0.019607844 -1059
32 435.37473 803.91614 0.01764706 -1092
33 436.19824 862.7228 0.019607844 -1125
34 438.5939 907.68414 0.019607844 -1158
35 436.59573 938.01434 0.019607844 -1191
36 436.59573 954.60284 0.019607844 -1224
37 435.69208 965.21075 0.019607844 -1257
38 432.0653 973.5622 0.019607844 -1290
39 428.4222 977.6719 0.019607844 -1323
40 424.79755 977.49084 0.019607844 -1356
41 423.6078 978.49036 0.01764706 -1390
42 423.6078 978.49036 0.01764706 -1419
0 734.32007 386.79852 0.023529414 -237
1 732.11163 386.79852 0.023529414 -237
2 730.42346 386.79852 0.023529414 -259
3 727.2293 386.79852 0.023529414 -276
4 725.3284 387.798 0.023529414 -309
5 725.3284 388.51797 0.023529414 -342
6 725.3284 388.7975 0.023529414 -375
7 725.3284 388.7975 0.021568628 -408
8 725.3284 388.7975 0.019607844 -441
9 723.3599 388.7975 0.019607844 -490
10 719.8335 388.7975 0.019607844 -523
11 714.19 388.7975 0.019607844 -556
12 700.09875 389.79697 0.019607844 -589
13 673.7456 393.08755 0.019607844 -622
14 599.08496 387.8536 0.019607844 -655
15 479.5113 371.6323 0.019607844 -689
16 412.58957 363.67535 0.019607844 -722
17 384.88995 363.81052 0.019607844 -755
18 373.85913 363.81052 0.019607844 -788
19 370.38794 363.81052 0.019607844 -821
20 370.6568 363.81052 0.019607844 -854
21 370.6568 363.81052 0.019607844 -887
22 370.6568 366.30084 0.019607844 -920
23 372.57825 370.65338 0.019607844 -953
24 377.45435 383.80975 0.019607844 -986
25 381.62067 398.68842 0.019607844 -1019
26 385.14215 413.7795 0.019607844 -1052
27 385.6429 427.99854 0.019607844 -1085
28 396.13324 466.25714 0.019607844 -1118
29 404.57947 515.135 0.019607844 -1150
30 409.62073 573.7012 0.019607844 -1184
31 418.52286 632.8638 0.019607844 -1217
32 425.1064 728.1208 0.019607844 -1250
33 423.66083 795.0283 0.019607844 -1282
34 423.8335 873.96533 0.019607844 -1316
35 423.29694 920.6318 0.019607844 -1349
36 419.58365 943.6478 0.019607844 -1382
37 418.6124 965.2986 0.019607844 -1415
38 418.6124 981.2708 0.019607844 -1448
39 418.6124 993.96826 0.019607844 -1481
40 418.6124 1005.0115 0.019607844 -1514
41 418.6124 1010.95416 0.019607844 -1547
42 417.6133 1013.4721 0.019607844 -1580
43 416.61426 1013.4721 0.019607844 -1613
44 416.61426 1013.4721 0.01764706 -1646
45 416.61426 1013.4721 0.01764706 -1656
0 748.3071 447.76678 0.023529414 -344
1 748.3071 447.76678 0.023529414 -344
2 748.3071 447.76678 0.023529414 -359
3 748.3071 447.76678 0.023529414 -388
4 748.3071 447.76678 0.023529414 -421
5 748.3071 447.76678 0.023529414 -448
6 748.3071 447.76678 0.021568628 -508
7 748.3071 447.76678 0.021568628 -541
8 748.3071 447.76678 0.019607844 -574
9 748.3071 447.76678 0.019607844 -607
10 748.3071 447.76678 0.019607844 -640
11 747.8645 447.32397 0.019607844 -673
12 744.2766 444.76834 0.019607844 -706
13 738.49567 444.76834 0.019607844 -739
14 733.0992 444.76834 0.019607844 -772
15 725.5373 444.76834 0.019607844 -789
16 719.2063 443.7369 0.019607844 -805
17 708.3197 442.76938 0.019607844 -822
18 697.6121 442.76938 0.019607844 -838
19 686.86694 442.76938 0.019607844 -855
20 647.49634 439.77777 0.019607844 -871
21 596.50793 435.773 0.019607844 -904
22 543.9135 431.66965 0.019607844 -937
23 514.159 429.0539 0.019607844 -970
24 471.2522 425.44727 0.019607844 -987
25 451.3814 422.93958 0.019607844 -1020
26 442.07233 421.7803 0.019607844 -1053
27 435.16302 420.78082 0.019607844 -1086
28 430.3247 420.78082 0.019607844 -1119
29 423.44342 420.78082 0.019607844 -1152
30 419.6262 420.78082 0.019607844 -1185
31 416.30264 420.78082 0.019607844 -1218
32 412.89032 423.50677 0.019607844 -1251
33 410.6198 428.94418 0.019607844 -1284
34 410.6198 436.38165 0.019607844 -1317
35 410.6198 446.8268 0.019607844 -1350
36 410.6198 453.8017 0.019607844 -1383
37 415.86194 468.25012 0.019607844 -1416
38 419.33096 483.34442 0.019607844 -1449
39 419.61148 497.5936 0.019607844 -1482
40 423.28995 522.2963 0.019607844 -1515
41 425.60593 549.56006 0.019607844 -1548
42 429.46246 584.8561 0.019607844 -1581
43 429.60223 617.9009 0.019607844 -1614
44 429.75882 637.5487 0.019607844 -1647
45 431.60037 672.5019 0.019607844 -1664
46 434.5976 720.72363 0.019607844 -1697
47 433.53177 741.3488 0.019607844 -1730
48 435.4646 771.7473 0.019607844 -1746
49 435.59668 790.4224 0.019607844 -1763
50 435.72803 821.0186 0.019607844 -1779
51 437.59482 852.74884 0.019607844 -1812
52 436.06226 870.68243 0.019607844 -1845
53 437.59482 889.10266 0.019607844 -1878
54 437.59482 901.7911 0.019607844 -1911
55 437.59482 910.43054 0.019607844 -1944
56 437.59482 917.6767 0.019607844 -1977
57 436.59573 925.9742 0.019607844 -2010
58 435.59668 933.3085 0.019607844 -2043
59 433.57816 939.55133 0.019607844 -2077
60 431.60037 943.06604 0.019607844 -2110
61 429.4965 945.6133 0.019607844 -2142
62 428.60315 945.5075 0.019607844 -2175
63 428.60315 945.5075 0.01764706 -2208
64 428.60315 945.5075 0.015686275 -2225
65 428.60315 945.5075 0.015686275 -2227
0 742.3127 429.77615 0.023529414 -272
1 740.2467 429.77615 0.023529414 -272
2 737.0014 429.77615 0.023529414 -292
3 737.3173 429.77615 0.023529414 -325
4 737.3173 429.77615 0.023529414 -357
5 737.3173 429.77615 0.021568628 -407
6 737.3173 429.77615 0.019607844 -440
7 737.3173 429.77615 0.021568628 -473
8 737.3173 429.07297 0.021568628 -490
9 737.3173 427.7772 0.019607844 -506
10 737.3173 427.7772 0.019607844 -540
11 736.6206 427.7772 0.019607844 -556
12 734.8774 427.7772 0.019607844 -573
13 728.47156 426.7777 0.019607844 -589
14 715.3379 426.00037 0.019607844 -622
15 670.1377 421.47748 0.019607844 -639
16 609.4213 415.1909 0.019607844 -672
17 560.20856 407.07584 0.019607844 -705
18 525.0254 399.93787 0.019607844 -738
19 502.20044 396.40445 0.019607844 -771
20 486.80725 395.79385 0.019607844 -804
21 474.57684 394.4666 0.019607844 -837
22 466.9283 394.79437 0.019607844 -870
23 460.07098 394.79437 0.019607844 -903
24 456.8344 394.79437 0.019607844 -936
25 451.08725 393.7949 0.019607844 -969
26 444.04797 393.7949 0.019607844 -1002
27 437.19165 392.59375 0.019607844 -1035
28 432.89893 392.7954 0.019607844 -1068
29 431.14148 392.7954 0.019607844 -1101
30 429.49683 392.7954 0.019607844 -1117
31 427.7569 392.7954 0.019607844 -1134
32 426.0646 392.7954 0.019607844 -1150
33 424.35526 392.7954 0.019607844 -1167
34 420.99835 394.4064 0.019607844 -1183
35 417.5956 401.84387 0.019607844 -1216
36 417.6133 408.2052 0.019607844 -1249
37 417.6133 424.90045 0.019607844 -1266
38 417.6133 441.07004 0.019607844 -1299
39 416.61426 468.46954 0.019607844 -1332
40 416.61426 495.26886 0.019607844 -1365
41 416.61426 543.4037 0.019607844 -1398
42 410.529 602.4133 0.019607844 -1431
43 403.62628 667.8421 0.019607844 -1464
44 401.58078 691.256 0.019607844 -1497
45 400.62906 708.7516 0.019607844 -1514
46 401.20245 726.7869 0.019607844 -1530
47 401.6281 742.30066 0.019607844 -1547
48 403.84747 754.1569 0.019607844 -1563
49 411.2167 795.9019 0.019607844 -1580
50 418.02228 847.88007 0.019607844 -1613
51 418.6124 867.22656 0.019607844 -1646
52 418.6124 879.08856 0.019607844 -1662
53 419.55548 893.0863 0.019607844 -1679
54 420.61053 906.70264 0.019607844 -1695
55 420.61053 923.44965 0.019607844 -1713
56 420.61053 934.98834 0.019607844 -1745
57 420.61053 945.0092 0.019607844 -1778
58 420.61053 952.18567 0.019607844 -1812
59 421.60962 961.53534 0.019607844 -1844
60 421.60962 965.2401 0.019607844 -1877
61 421.60962 968.19086 0.019607844 -1894
62 421.60962 970.01776 0.019607844 -1911
63 421.60962 973.6494 0.019607844 -1927
64 421.60962 973.4929 0.019607844 -1960
65 421.60962 973.4929 0.01764706 -1972
66 421.60962 973.4929 0.01764706 -2043
0 740.3145 411.78552 0.023529414 -404
1 740.28345 411.78552 0.023529414 -404
2 739.3154 411.78552 0.021568628 -425
3 739.3154 411.78552 0.021568628 -458
4 739.3154 411.78552 0.021568628 -491
5 739.3154 411.78552 0.019607844 -524
6 738.677 411.78552 0.019607844 -557
7 735.2517 411.78552 0.019607844 -590
8 731.7207 411.78552 0.019607844 -623
9 728.2682 411.78552 0.019607844 -656
10 719.44727 411.78552 0.019607844 -689
11 704.59607 411.78552 0.019607844 -722
12 667.89496 409.31778 0.019607844 -755
13 598.074 402.95895 0.019607844 -788
14 502.038 393.24136 0.019607844 -821
15 432.10007 384.11243 0.019607844 -854
16 406.90088 379.0581 0.019607844 -887
17 401.8466 377.41275 0.021568628 -920
18 396.94617 374.80478 0.021568628 -937
19 395.235 374.80478 0.019607844 -970
20 393.56348 374.80478 0.019607844 -986
21 391.92383 374.80478 0.019607844 -1003
22 390.6383 375.81406 0.019607844 -1019
23 390.6383 377.557 0.019607844 -1052
24 390.6383 380.78036 0.019607844 -1069
25 390.6383 389.46252 0.019607844 -1085
26 390.6383 402.3589 0.019607844 -1118
27 390.6383 409.4933 0.019607844 -1151
28 394.04916 426.31296 0.019607844 -1168
29 397.8943 443.0827 0.019607844 -1201
30 398.85202 463.98776 0.019607844 -1234
31 399.62997 496.037 0.019607844 -1267
32 400.4525 540.00806 0.019607844 -1300
33 399.9881 572.96625 0.019607844 -1333
34 397.52658 630.2522 0.019607844 -1349
35 395.63367 687.83777 0.019607844 -1382
36 394.6346 710.2657 0.019607844 -1415
37 394.6346 752.4053 0.019607844 -1432
38 394.6346 767.06946 0.019607844 -1465
39 394.6346 781.7204 0.019607844 -1481
40 394.6346 796.45447 0.019607844 -1498
41 394.6346 821.3603 0.019607844 -1515
42 397.62872 857.52216 0.019607844 -1548
43 398.6309 887.3673 0.019607844 -1581
44 398.6309 905.7326 0.019607844 -1614
45 398.6309 912.0322 0.019607844 -1647
46 396.5786 917.6846 0.019607844 -1663
47 396.63275 924.09607 0.019607844 -1680
48 396.63275 929.59454 0.019607844 -1696
49 396.63275 938.1955 0.019607844 -1713
50 396.63275 943.57007 0.019607844 -1746
51 396.63275 947.28894 0.019607844 -1779
52 396.63275 949.1858 0.019607844 -1795
53 396.63275 951.0177 0.019607844 -1812
54 396.63275 955.58813 0.019607844 -1828
55 396.63275 959.27374 0.019607844 -1861
56 396.63275 961.125 0.019607844 -1894
57 396.63275 964.7565 0.019607844 -1911
58 396.63275 966.4357 0.019607844 -1944
59 396.63275 966.4966 0.01764706 -1977
60 396.63275 966.4966 0.01764706 -1991
0 742.3127 389.79697 0.023529414 -214
1 741.3136 389.79697 0.021568628 -214
2 741.3136 389.79697 0.021568628 -234
3 741.3136 389.79697 0.021568628 -267
4 741.3136 389.79697 0.021568628 -279
5 741.3136 391.1234 0.021568628 -300
6 741.3136 390.79645 0.021568628 -317
7 741.3136 390.79645 0.021568628 -333
8 741.3136 390.79645 0.021568628 -350
9 741.3136 390.79645 0.021568628 -366
10 741.3136 390.79645 0.021568628 -383
11 741.3136 390.79645 0.021568628 -399
12 741.3136 390.79645 0.021568628 -416
13 741.3136 390.79645 0.019607844 -449
14 741.3136 390.79645 0.019607844 -466
15 739.54266 390.79645 0.019607844 -482
16 737.8252 390.79645 0.019607844 -499
17 734.95325 390.79645 0.019607844 -515
18 731.4996 390.79645 0.019607844 -532
19 725.56616 390.79645 0.019607844 -548
20 719.4779 391.2602 0.019607844 -565
21 708.7095 391.79593 0.019607844 -581
22 697.2724 391.79593 0.019607844 -598
23 679.33563 391.02438 0.019607844 -614
24 658.4309 388.3018 0.019607844 -631
25 638.94104 387.798 0.019607844 -647
26 592.399 385.79904 0.019607844 -664
27 566.75684 385.79904 0.019607844 -697
28 538.311 386.9445 0.019607844 -713
29 474.96466 387.798 0.019607844 -730
30 449.05777 385.86667 0.019607844 -763
31 426.8018 383.56665 0.019607844 -779
32 413.82574 381.83096 0.019607844 -796
33 404.13507 380.10388 0.019607844 -812
34 396.98572 378.39124 0.019607844 -829
35 392.45868 377.80322 0.019607844 -845
36 385.71487 377.80322 0.019607844 -862
37 382.88452 377.80322 0.019607844 -895
38 379.55905 377.80322 0.019607844 -928
39 377.86957 377.80322 0.019607844 -961
40 376.1566 379.29755 0.019607844 -977
41 379.60187 394.5613 0.019607844 -994
42 381.40756 404.35367 0.019607844 -1027
43 382.6457 412.284 0.019607844 -1043
44 383.66138 430.90848 0.019607844 -1060
45 385.4341 446.46857 0.019607844 -1093
46 387.14154 466.7569 0.019607844 -1109
47 391.0729 492.7883 0.019607844 -1126
48 397.28632 551.7209 0.019607844 -1142
49 403.87424 636.64636 0.019607844 -1175
50 406.40314 742.4372 0.019607844 -1208
51 408.62164 815.3695 0.019607844 -1241
52 409.62073 857.2069 0.019607844 -1274
53 407.81708 873.9607 0.019607844 -1307
54 404.62534 880.9711 0.019607844 -1340
55 404.62534 882.84125 0.019607844 -1373
56 404.62534 884.6677 0.019607844 -1390
57 404.62534 886.4957 0.019607844 -1407
58 403.8523 886.53827 0.019607844 -1423
59 402.6272 886.53827 0.019607844 -1440
60 401.52014 886.53827 0.019607844 -1473
61 401.6281 886.53827 0.019607844 -1489
62 402.49792 886.53827 0.019607844 -1522
63 402.6272 886.53827 0.01764706 -1555
64 402.6272 886.53827 0.01764706 -1560
0 734.32007 415.78345 0.021568628 -331
1 734.32007 415.78345 0.021568628 -331
2 734.32007 415.78345 0.021568628 -342
3 734.32007 415.78345 0.021568628 -358
4 734.32007 415.78345 0.021568628 -375
5 734.32007 415.78345 0.019607844 -408
6 734.32007 415.78345 0.019607844 -424
7 733.10364 415.78345 0.019607844 -474
8 731.345 415.78345 0.019607844 -490
9 729.6068 415.78345 0.019607844 -507
10 727.8599 415.78345 0.019607844 -523
11 726.0453 415.78345 0.019607844 -540
12 721.2217 415.78345 0.019607844 -556
13 715.1847 415.78345 0.019607844 -573
14 708.0448 415.78345 0.019607844 -589
15 699.22174 415.4285 0.019607844 -606
16 675.45294 412.785 0.019607844 -622
17 649.4458 410.09772 0.019607844 -655
18 596.68695 406.3183 0.019607844 -672
19 543.3842 400.27277 0.019607844 -706
20 521.3288 398.17377 0.019607844 -739
21 504.9704 397.79282 0.019607844 -755
22 492.6462 396.66516 0.019607844 -772
23 466.52618 394.79437 0.019607844 -788
24 456.50214 393.7949 0.019607844 -821
25 441.15067 393.7949 0.019607844 -838
26 432.42593 393.7949 0.019607844 -871
27 411.3678 395.79385 0.019607844 -887
28 400.88434 395.79385 0.019607844 -937
29 393.41278 395.79385 0.019607844 -970
30 389.99442 397.61514 0.019607844 -1003
31 385.37842 403.3194 0.019607844 -1020
32 384.38232 417.21207 0.019607844 -1053
33 391.32352 446.85358 0.019607844 -1086
34 393.9136 468.33325 0.01764706 -1119
35 399.18314 543.2195 0.019607844 -1135
36 399.62997 572.9694 0.019607844 -1168
37 398.6309 600.7767 0.019607844 -1185
38 398.6309 631.35736 0.019607844 -1201
39 399.62997 693.7328 0.019607844 -1218
40 399.62997 716.6281 0.019607844 -1251
41 400.62906 740.82605 0.019607844 -1267
42 400.62906 762.54877 0.019607844 -1284
43 401.46133 782.5893 0.019607844 -1300
44 402.6272 800.5729 0.019607844 -1317
45 402.6272 816.2901 0.019607844 -1333
46 402.6272 831.31903 0.019607844 -1350
47 401.50336 843.4348 0.019607844 -1366
48 404.4701 868.6153 0.019607844 -1383
49 404.62534 885.65765 0.019607844 -1416
50 404.62534 893.0516 0.019607844 -1449
51 404.62534 898.09326 0.019607844 -1465
52 404.62534 903.7955 0.019607844 -1482
53 404.62534 909.30164 0.019607844 -1498
54 405.3892 914.81714 0.019607844 -1515
55 407.228 919.73114 0.019607844 -1531
56 407.62256 923.412 0.019607844 -1548
57 407.62256 928.51636 0.019607844 -1564
58 407.62256 928.51636 0.019607844 -1614
59 407.62256 928.51636 0.01764706 -1637
60 406.6235 928.51636 0.01764706 -1680
61 406.6235 928.51636 0.01764706 -1686
0 746.30896 440.77042 0.021568628 -205
1 744.16626 440.77042 0.021568628 -205
2 742.4111 440.77042 0.021568628 -226
3 740.75366 440.77042 0.021568628 -242
4 740.3145 439.51202 0.021568628 -259
5 740.3145 439.77094 0.021568628 -275
6 739.3154 438.77145 0.021568628 -292
7 739.3154 438.77145 0.019607844 -308
8 738.3164 438.77145 0.019607844 -325
9 737.6073 438.77145 0.021568628 -341
10 735.89624 438.77145 0.021568628 -358
11 736.31824 438.77145 0.019607844 -374
12 736.31824 437.77197 0.019607844 -385
13 736.31824 437.77197 0.019607844 -424
14 736.31824 437.77197 0.019607844 -440
15 734.4376 437.77197 0.019607844 -457
16 732.66327 437.77197 0.019607844 -473
17 721.7989 436.7725 0.019607844 -490
18 687.9988 432.35428 0.019607844 -523
19 580.79285 411.62622 0.019607844 -556
20 490.88806 392.18616 0.019607844 -605
21 447.6999 383.62308 0.019607844 -638
22 433.40466 380.03235 0.019607844 -671
23 419.65518 376.48517 0.019607844 -688
24 417.5503 376.80374 0.019607844 -721
25 415.894 376.80374 0.019607844 -738
26 412.64304 376.80374 0.019607844 -754
27 409.3097 376.80374 0.019607844 -787
28 407.44318 381.34 0.019607844 -820
29 405.7517 386.41647 0.019607844 -837
30 405.62442 393.76422 0.019607844 -853
31 405.62442 401.0093 0.019607844 -870
32 407.69516 410.2223 0.019607844 -886
33 409.50232 419.18903 0.019607844 -903
34 411.2573 428.60522 0.019607844 -919
35 413.02145 437.7913 0.019607844 -936
36 414.73743 452.85715 0.019607844 -952
37 418.32813 474.90326 0.019607844 -969
38 423.31244 514.0717 0.019607844 -985
39 427.23053 554.5982 0.019607844 -1002
40 433.6102 596.9585 0.019607844 -1018
41 440.21503 661.4327 0.019607844 -1035
42 443.0441 713.89404 0.019607844 -1051
43 441.8572 750.7342 0.019607844 -1068
44 440.52826 777.489 0.019607844 -1084
45 438.64267 797.14557 0.01764706 -1101
46 440.59204 834.665 0.019607844 -1117
47 440.59204 844.8491 0.019607844 -1150
48 440.59204 858.4541 0.019607844 -1167
49 440.59204 871.36755 0.01764706 -1200
50 442.21133 880.6452 0.019607844 -1233
51 442.5902 888.38324 0.019607844 -1249
52 442.5902 894.4304 0.019607844 -1266
53 442.5902 899.8735 0.019607844 -1282
54 442.5902 907.0122 0.019607844 -1299
55 442.5902 909.22107 0.019607844 -1332
56 442.5902 912.06757 0.019607844 -1348
57 442.5902 913.86774 0.019607844 -1365
58 442.5902 915.71185 0.019607844 -1381
59 442.5902 917.57697 0.019607844 -1398
60 442.5902 918.5216 0.019607844 -1414
61 442.5902 918.5216 0.019607844 -1431
62 442.5902 918.5216 0.019607844 -1447
63 442.2268 918.5216 0.019607844 -1464
64 438.66602 918.5216 0.019607844 -1480
65 437.59482 918.5216 0.019607844 -1513
66 437.59482 918.5216 0.019607844 -1546
67 437.59482 918.5216 0.01764706 -1563
68 437.59482 918.5216 0.01764706 -1579
0 748.3071 395.79385 0.021568628 -284
1 748.3071 395.79385 0.023529414 -284
2 748.3071 395.79385 0.023529414 -300
3 748.3071 395.79385 0.023529414 -316
4 748.3071 395.79385 0.023529414 -349
5 748.3071 395.79385 0.021568628 -366
6 748.3071 395.79385 0.021568628 -382
7 748.3071 395.79385 0.021568628 -415
8 748.3071 395.79385 0.021568628 -442
9 748.3071 395.79385 0.021568628 -498
10 748.3071 395.79385 0.021568628 -509
11 748.3071 395.79385 0.019607844 -547
12 748.3071 395.79385 0.019607844 -564
13 745.773 393.7949 0.019607844 -580
14 742.5302 392.7954 0.019607844 -613
15 731.6289 392.7954 0.019607844 -630
16 702.4346 390.79645 0.019607844 -663
17 688.5538 390.79645 0.019607844 -696
18 667.9426 388.57623 0.019607844 -712
19 607.29 388.14044 0.019607844 -729
20 573.469 384.79956 0.019607844 -762
21 505.64426 381.9067 0.019607844 -778
22 467.4812 376.65845 0.019607844 -811
23 420.8273 371.7352 0.019607844 -828
24 406.57657 370.80685 0.019607844 -861
25 397.08618 370.80685 0.019607844 -877
26 390.1115 370.80685 0.019607844 -894
27 385.46356 369.80737 0.019607844 -910
28 381.07858 369.80737 0.019607844 -927
29 379.14893 369.80737 0.019607844 -943
30 377.3932 369.80737 0.019607844 -959
31 375.69125 369.80737 0.019607844 -976
32 374.0043 369.80737 0.019607844 -993
33 372.34192 369.80737 0.019607844 -1009
34 370.6201 369.80737 0.019607844 -1026
35 368.94684 370.51855 0.019607844 -1042
36 367.26645 373.59238 0.019607844 -1059
37 367.65958 379.11676 0.019607844 -1075
38 367.65958 383.51575 0.019607844 -1092
39 370.87006 392.82898 0.019607844 -1108
40 377.50223 416.04208 0.019607844 -1125
41 379.35364 425.30298 0.019607844 -1174
42 382.1067 436.07535 0.019607844 -1191
43 385.03357 443.5491 0.019607844 -1207
44 386.62582 450.70053 0.019607844 -1224
45 388.38605 459.48895 0.019607844 -1240
46 391.84888 475.81052 0.019607844 -1257
47 394.4395 494.57065 0.019607844 -1290
48 396.22568 503.70038 0.019607844 -1323
49 396.63275 512.526 0.019607844 -1339
50 396.63275 519.11304 0.019607844 -1356
51 396.63275 527.3453 0.019607844 -1372
52 400.96143 553.7055 0.019607844 -1389
53 401.6281 569.5433 0.019607844 -1422
54 404.1127 602.52875 0.019607844 -1439
55 405.90256 618.18365 0.019607844 -1472
56 406.6235 635.43274 0.019607844 -1488
57 408.32928 659.7299 0.019607844 -1505
58 410.25803 686.57294 0.019607844 -1521
59 413.46042 712.953 0.019607844 -1538
60 413.61703 734.5857 0.019607844 -1554
61 413.61703 753.8809 0.019607844 -1571
62 415.43747 780.2812 0.019607844 -1587
63 415.61517 799.0799 0.019607844 -1604
64 415.61517 813.54803 0.019607844 -1620
65 415.61517 835.029 0.019607844 -1637
66 415.61517 844.9706 0.019607844 -1670
67 415.61517 853.429 0.019607844 -1686
68 415.61517 860.14496 0.019607844 -1703
69 415.61517 872.00464 0.019607844 -1719
70 415.61517 877.60016 0.019607844 -1752
71 415.61517 882.9539 0.019607844 -1769
72 415.61517 888.22473 0.019607844 -1785
73 415.61517 893.809 0.019607844 -1802
74 417.60504 909.4849 0.019607844 -1818
75 417.6133 917.279 0.019607844 -1851
76 417.6133 923.884 0.019607844 -1868
77 416.61426 932.278 0.019607844 -1884
78 416.61426 938.6378 0.019607844 -1917
79 416.61426 941.45276 0.019607844 -1950
80 416.61426 943.281 0.019607844 -1967
81 416.07037 945.0521 0.019607844 -1983
82 415.61517 946.9213 0.019607844 -2000
83 412.74576 947.5065 0.019607844 -2016
84 412.61795 947.5065 0.019607844 -2049
85 412.61795 947.5065 0.01764706 -2082
86 412.61795 947.5065 0.01764706 -2094
0 737.3173 434.77356 0.023529414 -222
1 735.973 434.77356 0.023529414 -222
2 732.6505 433.77408 0.023529414 -235
3 731.0176 433.77408 0.023529414 -268
4 729.37317 433.77408 0.023529414 -285
5 727.71747 433.77408 0.023529414 -301
6 725.47 433.77408 0.023529414 -318
7 723.8226 433.77408 0.023529414 -351
8 723.33026 433.77408 0.021568628 -367
9 723.33026 432.9528 0.023529414 -384
10 723.33026 432.7746 0.021568628 -400
11 723.33026 432.7746 0.021568628 -417
12 723.33026 432.7746 0.021568628 -433
13 723.33026 432.7746 0.019607844 -450
14 721.0861 432.7746 0.019607844 -466
15 719.382 432.7746 0.019607844 -483
16 717.6028 432.7746 0.019607844 -499
17 715.8383 432.27597 0.019607844 -516
18 714.06213 430.49908 0.019607844 -532
19 712.27795 430.77563 0.019607844 -549
20 706.339 430.77563 0.019607844 -565
21 691.6279 429.20328 0.019607844 -582
22 671.52814 428.77667 0.019607844 -598
23 646.59796 427.72366 0.019607844 -615
24 616.74286 427.7772 0.019607844 -631
25 530.98157 424.03766 0.019607844 -648
26 442.37878 421.7803 0.019607844 -681
27 424.6318 421.7803 0.019607844 -730
28 405.63214 420.78082 0.019607844 -747
29 400.3713 420.78082 0.021568628 -780
30 397.61108 419.77097 0.021568628 -797
31 394.9063 418.78186 0.021568628 -813
32 393.25046 418.78186 0.019607844 -830
33 391.61313 418.78186 0.019607844 -846
34 389.87027 418.78186 0.019607844 -863
35 388.23105 418.78186 0.019607844 -879
36 385.6429 419.46774 0.019607844 -896
37 385.6429 422.9585 0.019607844 -929
38 385.6429 426.6216 0.019607844 -962
39 387.99698 434.84222 0.019607844 -978
40 391.54947 446.95923 0.019607844 -995
41 395.1142 459.44077 0.019607844 -1011
42 398.41995 473.12018 0.019607844 -1028
43 400.86423 485.30655 0.019607844 -1044
44 403.0374 498.61435 0.019607844 -1061
45 404.78232 509.83444 0.019607844 -1077
46 406.75192 533.4935 0.019607844 -1094
47 409.07697 554.72424 0.019607844 -1127
48 409.62073 575.36566 0.019607844 -1143
49 411.49835 599.99854 0.019607844 -1160
50 411.61887 626.931 0.019607844 -1176
51 414.29855 651.43567 0.019607844 -1193
52 415.76044 674.39355 0.019607844 -1209
53 415.61517 691.7344 0.019607844 -1226
54 418.6124 725.89514 0.019607844 -1242
55 418.6124 738.5459 0.019607844 -1275
56 418.6124 747.9726 0.019607844 -1292
57 422.27063 773.22864 0.019607844 -1308
58 422.6087 792.8068 0.019607844 -1341
59 422.6087 809.89746 0.019607844 -1374
60 422.6087 817.1954 0.019607844 -1407
61 422.6087 824.45337 0.019607844 -1424
62 424.88525 836.2365 0.019607844 -1440
63 425.60593 844.89233 0.019607844 -1457
64 425.60593 853.3017 0.019607844 -1473
65 425.60593 860.4698 0.019607844 -1490
66 425.60593 866.1892 0.019607844 -1506
67 425.60593 871.60803 0.019607844 -1523
68 424.7867 879.18195 0.019607844 -1539
69 423.8374 883.0804 0.019607844 -1572
70 423.6078 886.1158 0.019607844 -1589
71 423.6078 887.93427 0.019607844 -1605
72 423.6078 890.74316 0.019607844 -1622
73 425.60593 901.6971 0.019607844 -1638
74 425.60593 905.80035 0.019607844 -1671
75 425.60593 907.9863 0.019607844 -1688
76 425.60593 908.5268 0.019607844 -1704
77 425.60593 911.0255 0.019607844 -1721
78 425.60593 910.52576 0.01764706 -1742
79 425.60593 910.52576 0.01764706 -1763
0 737.3173 421.7803 0.023529414 -276
1 737.3173 421.7803 0.023529414 -276
2 737.3173 421.7803 0.023529414 -293
3 737.3173 421.7803 0.023529414 -310
4 737.3173 421.7803 0.023529414 -326
5 737.3173 421.7803 0.023529414 -343
6 737.3173 421.7803 0.023529414 -359
7 737.3173 421.7803 0.023529414 -376
8 737.3173 421.7803 0.023529414 -392
9 737.3173 421.7803 0.023529414 -409
10 737.3173 421.7803 0.023529414 -425
11 737.3173 421.7803 0.021568628 -442
12 737.3173 421.7803 0.021568628 -475
13 737.3173 421.7803 0.019607844 -491
14 733.89984 420.0709 0.019607844 -508
15 730.48663 419.78134 0.019607844 -524
16 725.7387 419.78134 0.019607844 -541
17 707.88403 419.78134 0.019607844 -558
18 659.71674 418.97845 0.019607844 -591
19 577.07526 410.13434 0.019607844 -622
20 517.2324 403.82507 0.019607844 -638
21 456.41183 399.7262 0.019607844 -655
22 400.08298 395.4614 0.019607844 -671
23 363.6463 391.25644 0.019607844 -688
24 346.50226 389.5552 0.019607844 -704
25 335.9089 387.84198 0.019607844 -721
26 327.0929 386.79852 0.019607844 -737
27 324.74942 385.79904 0.019607844 -770
28 323.0433 385.79904 0.019607844 -787
29 319.7449 385.79904 0.019607844 -803
30 318.7049 387.33783 0.019607844 -836
31 318.7049 390.72852 0.019607844 -853
32 319.8516 393.09073 0.019607844 -869
33 321.61206 395.70377 0.019607844 -886
34 324.89395 404.37375 0.019607844 -902
35 326.85938 410.27234 0.019607844 -936
36 328.68076 417.72284 0.019607844 -952
37 332.02097 427.21036 0.019607844 -969
38 335.8161 439.15237 0.019607844 -985
39 338.02432 448.4531 0.019607844 -1002
40 341.95038 456.42972 0.019607844 -1018
41 359.84048 497.50552 0.019607844 -1035
42 377.4055 534.33356 0.019607844 -1068
43 412.1188 620.0114 0.019607844 -1084
44 425.0845 657.5698 0.019607844 -1117
45 435.83 690.341 0.019607844 -1134
46 443.59372 714.892 0.019607844 -1150
47 451.88828 748.83673 0.019607844 -1167
48 453.58002 762.13135 0.019607844 -1200
49 453.58002 769.74756 0.019607844 -1216
50 453.58002 780.61865 0.019607844 -1233
51 453.58002 787.558 0.019607844 -1266
52 453.58002 794.70654 0.019607844 -1282
53 454.13693 801.3696 0.019607844 -1299
54 455.99515 809.24786 0.019607844 -1315
55 455.5782 816.18005 0.019607844 -1332
56 455.5782 822.5549 0.019607844 -1348
57 455.5782 828.96936 0.019607844 -1365
58 455.0015 834.2971 0.019607844 -1381
59 454.5791 838.42993 0.019607844 -1398
60 454.5791 842.9609 0.019607844 -1414
61 454.5791 848.7416 0.019607844 -1431
62 456.3196 856.78015 0.019607844 -1447
63 458.26013 866.97064 0.019607844 -1464
64 458.5754 874.52765 0.019607844 -1480
65 458.5754 880.4487 0.019607844 -1497
66 458.5754 885.9325 0.019607844 -1514
67 458.5754 892.2977 0.019607844 -1530
68 458.5754 897.79266 0.019607844 -1547
69 458.5754 902.7245 0.019607844 -1563
70 456.39197 908.71216 0.019607844 -1580
71 453.58002 912.33484 0.019607844 -1613
72 453.58002 914.2744 0.019607844 -1646
73 453.58002 918.683 0.019607844 -1662
74 453.58002 921.67725 0.019607844 -1695
75 453.58002 923.56024 0.019607844 -1712
76 453.58002 925.3673 0.019607844 -1728
77 453.58002 926.5174 0.019607844 -1745
78 453.58002 926.5174 0.019607844 -1761
79 453.58002 926.5174 0.019607844 -1778
80 453.58002 926.5174 0.019607844 -1794
81 453.58002 926.5174 0.01764706 -1811
82 453.58002 926.5174 0.01764706 -1838
0 766.29047 422.7798 0.023529414 -164
1 766.29047 421.7803 0.023529414 -164
2 766.29047 421.7803 0.023529414 -184
3 766.29047 421.7803 0.023529414 -217
4 766.29047 421.7803 0.023529414 -234
5 766.29047 421.7803 0.023529414 -250
6 766.29047 421.7803 0.023529414 -267
7 766.29047 420.39893 0.021568628 -316
8 767.4059 420.78082 0.021568628 -349
9 770.68604 420.78082 0.019607844 -366
10 772.46344 420.78082 0.019607844 -399
11 774.23364 420.78082 0.019607844 -415
12 775.28217 420.78082 0.019607844 -432
13 775.28217 420.78082 0.019607844 -465
14 775.28217 420.78082 0.019607844 -482
15 775.28217 420.78082 0.019607844 -498
16 775.28217 420.78082 0.019607844 -515
17 772.93994 420.78082 0.019607844 -521
18 771.1507 419.64612 0.019607844 -548
19 767.7188 418.78186 0.019607844 -564
20 760.2205 418.78186 0.019607844 -597
21 754.5982 418.78186 0.019607844 -630
22 744.0392 415.3597 0.019607844 -647
23 733.3276 412.7872 0.019607844 -680
24 726.3539 412.785 0.019607844 -713
25 712.7179 411.63007 0.019607844 -729
26 693.4054 410.78604 0.019607844 -762
27 676.3937 410.78604 0.019607844 -795
28 657.73505 411.78552 0.019607844 -812
29 637.53326 411.78552 0.019607844 -828
30 614.39655 412.95447 0.019607844 -845
31 593.2588 413.7845 0.019607844 -861
32 576.0241 413.7845 0.019607844 -878
33 563.03 413.7845 0.019607844 -894
34 551.7888 413.7845 0.019607844 -911
35 539.8483 413.7845 0.019607844 -927
36 526.0597 413.7845 0.019607844 -944
37 515.1181 412.785 0.019607844 -960
38 502.93335 412.785 0.019607844 -977
39 490.28668 412.785 0.019607844 -993
40 477.61584 413.91898 0.019607844 -1010
41 461.25146 413.7845 0.019607844 -1027
42 447.6384 413.7845 0.019607844 -1043
43 433.5985 413.7845 0.019607844 -1060
44 425.623 413.7845 0.019607844 -1076
45 417.57205 414.78397 0.019607844 -1093
46 410.67593 414.78397 0.019607844 -1109
47 405.40613 414.78397 0.019607844 -1126
48 401.29623 414.78397 0.019607844 -1142
49 397.93378 414.78397 0.019607844 -1159
50 394.63458 414.78397 0.021568628 -1175
51 393.3906 414.78397 0.021568628 -1191
52 390.13876 414.78397 0.019607844 -1208
53 388.21722 414.78397 0.019607844 -1239
54 386.57584 415.84964 0.019607844 -1258
55 384.89328 420.0323 0.019607844 -1274
56 385.7269 434.27817 0.019607844 -1291
57 386.57184 442.48862 0.019607844 -1324
58 388.28943 450.0105 0.019607844 -1340
59 390.03723 458.7529 0.019607844 -1357
60 391.83826 465.5617 0.019607844 -1373
61 394.54993 475.4557 0.019607844 -1390
62 397.36993 487.17343 0.019607844 -1406
63 399.13043 499.24 0.019607844 -1423
64 400.88977 512.82043 0.019607844 -1439
65 403.70673 533.2456 0.019607844 -1456
66 407.18222 571.07477 0.019607844 -1472
67 409.10287 602.35645 0.019607844 -1489
68 409.62073 625.9863 0.019607844 -1505
69 410.6887 650.55743 0.019607844 -1522
70 410.6198 676.9143 0.019607844 -1538
71 410.6198 693.72156 0.019607844 -1555
72 411.09976 709.4347 0.019607844 -1571
73 412.86575 725.8542 0.019607844 -1588
74 413.61703 755.03406 0.019607844 -1605
75 413.61703 767.9218 0.019607844 -1638
76 416.93564 793.83826 0.019607844 -1654
77 417.81296 804.7798 0.019607844 -1687
78 417.6133 819.947 0.019607844 -1704
79 418.35828 833.53107 0.019607844 -1719
80 418.6124 846.00616 0.019607844 -1735
81 418.6124 857.01843 0.019607844 -1752
82 418.6124 864.35864 0.019607844 -1768
83 418.6124 871.73096 0.019607844 -1785
84 418.6124 884.37756 0.019607844 -1802
85 418.6124 888.61676 0.019607844 -1835
86 418.6124 892.149 0.019607844 -1851
87 418.6124 893.699 0.019607844 -1868
88 416.59335 895.5545 0.019607844 -1884
89 414.78278 897.3658 0.019607844 -1901
90 414.6161 898.532 0.019607844 -1917
91 414.6161 898.532 0.019607844 -1934
92 414.6161 898.532 0.019607844 -1941
93 414.6161 898.532 0.019607844 -1964
94 414.6161 898.532 0.019607844 -1983
95 414.6161 898.532 0.019607844 -2000
96 413.20593 898.532 0.019607844 -2033
97 412.39087 898.532 0.019607844 -2049
98 412.61795 898.532 0.019607844 -2066
99 412.61795 898.532 0.019607844 -2083
100 412.61795 898.532 0.019607844 -2097
0 754.3016 410.78604 0.021568628 -392
1 754.3016 410.78604 0.021568628 -392
2 754.3016 410.78604 0.021568628 -415
3 754.3016 410.78604 0.021568628 -448
4 754.3016 410.78604 0.021568628 -465
5 754.3016 410.78604 0.021568628 -481
6 754.3016 410.78604 0.021568628 -498
7 754.3016 410.78604 0.021568628 -514
8 754.3016 410.78604 0.021568628 -531
9 754.3016 410.78604 0.021568628 -547
10 754.3016 410.78604 0.019607844 -564
11 754.3016 410.78604 0.019607844 -580
12 754.3016 410.78604 0.019607844 -597
13 753.6438 410.78604 0.019607844 -613
14 751.43774 410.78604 0.019607844 -630
15 747.9554 409.6106 0.019607844 -646
16 743.2895 407.77646 0.019607844 -663
17 737.36487 407.7876 0.019607844 -679
18 730.3237 407.7876 0.019607844 -696
19 721.3667 407.7876 0.019607844 -712
20 707.1899 406.65982 0.019607844 -729
21 688.62195 407.764 0.019607844 -745
22 607.9457 402.7911 0.019607844 -762
23 537.0767 398.6576 0.019607844 -795
24 502.11935 394.87054 0.019607844 -828
25 460.07404 390.2967 0.019607844 -844
26 449.92084 389.79697 0.019607844 -877
27 442.2539 388.7975 0.019607844 -894
28 437.16925 387.98926 0.019607844 -910
29 429.09195 386.79852 0.019607844 -927
30 425.46112 386.79852 0.019607844 -960
31 421.98416 386.79852 0.019607844 -977
32 418.6527 386.79852 0.019607844 -993
33 415.31226 386.79852 0.019607844 -1010
34 411.8981 386.79852 0.019607844 -1026
35 410.07083 387.34772 0.019607844 -1043
36 408.40134 389.01788 0.019607844 -1059
37 406.6871 390.73282 0.019607844 -1076
38 406.6235 394.7744 0.019607844 -1092
39 406.6235 398.55893 0.019607844 -1109
40 406.6235 402.1639 0.019607844 -1125
41 404.73007 407.47327 0.019607844 -1142
42 404.62534 412.7152 0.019607844 -1158
43 404.62534 419.54526 0.019607844 -1175
44 406.77127 425.2222 0.019607844 -1191
45 406.6235 430.7373 0.019607844 -1208
46 407.62256 438.77698 0.019607844 -1224
47 407.62256 445.93658 0.019607844 -1241
48 407.62256 452.93607 0.019607844 -1257
49 409.24335 470.2441 0.019607844 -1274
50 410.6198 494.39722 0.019607844 -1307
51 411.46408 525.0221 0.019607844 -1340
52 411.61887 583.7314 0.019607844 -1373
53 413.61703 610.27875 0.019607844 -1406
54 414.55356 643.28784 0.019607844 -1422
55 414.6161 669.27374 0.019607844 -1439
56 414.6161 695.63763 0.019607844 -1455
57 415.89014 720.4778 0.019607844 -1472
58 415.61517 743.0346 0.019607844 -1488
59 415.61517 762.58624 0.019607844 -1505
60 415.61517 781.24976 0.019607844 -1521
61 415.61517 794.08636 0.019607844 -1538
62 415.61517 807.63385 0.019607844 -1554
63 414.4575 817.5267 0.019607844 -1571
64 412.5778 828.8095 0.019607844 -1588
65 412.61795 842.27765 0.019607844 -1604
66 412.61795 853.42926 0.019607844 -1621
67 412.61795 862.57404 0.019607844 -1637
68 412.61795 870.8225 0.019607844 -1654
69 412.61795 879.107 0.019607844 -1670
70 413.5472 891.9064 0.019607844 -1687
71 415.38657 908.4675 0.019607844 -1703
72 416.61426 921.1075 0.019607844 -1720
73 416.61426 930.6635 0.019607844 -1736
74 416.61426 938.3554 0.019607844 -1753
75 416.61426 943.5938 0.019607844 -1769
76 415.924 951.886 0.019607844 -1786
77 414.11655 955.5023 0.019607844 -1819
78 412.31866 957.8007 0.019607844 -1835
79 410.44324 959.6769 0.019607844 -1852
80 410.6198 960.4997 0.019607844 -1868
81 410.6198 960.4997 0.019607844 -1885
82 410.6198 960.4997 0.019607844 -1901
83 410.6198 960.4997 0.019607844 -1918
84 410.6198 960.4997 0.019607844 -1934
85 410.6198 960.4997 0.019607844 -1951
86 410.6198 960.4997 0.01764706 -1972
87 410.6198 960.4997 0.01764706 -2031
0 731.3229 404.78915 0.021568628 -247
1 730.0487 404.78915 0.021568628 -247
2 726.7405 404.78915 0.021568628 -259
3 724.32935 404.78915 0.021568628 -292
4 724.32935 404.78915 0.021568628 -325
5 724.32935 404.78915 0.019607844 -341
6 724.32935 404.78915 0.019607844 -374
7 724.32935 404.78915 0.019607844 -391
8 724.32935 404.78915 0.019607844 -407
9 724.32935 404.78915 0.019607844 -424
10 724.32935 404.78915 0.019607844 -457
11 724.32935 404.78915 0.021568628 -473
12 724.32935 404.78915 0.019607844 -501
13 724.32935 404.78915 0.021568628 -539
14 724.32935 404.78915 0.019607844 -556
15 724.32935 404.78915 0.019607844 -572
16 722.7019 403.78967 0.019607844 -589
17 720.9416 403.78967 0.019607844 -605
18 719.2113 401.668 0.019607844 -622
19 718.3349 401.15152 0.019607844 -638
20 718.3349 400.24973 0.019607844 -671
21 716.9743 398.43066 0.019607844 -688
22 715.1154 398.7923 0.019607844 -704
23 704.5362 398.7923 0.019607844 -721
24 689.3909 399.56644 0.019607844 -737
25 646.8909 401.7907 0.01764706 -754
26 595.3161 402.6145 0.019607844 -787
27 557.211 402.0633 0.019607844 -820
28 509.40295 398.7923 0.019607844 -837
29 484.93445 395.8486 0.019607844 -870
30 459.46643 393.01776 0.019607844 -886
31 439.84674 391.79593 0.019607844 -903
32 408.05566 388.85165 0.019607844 -919
33 397.59152 388.7975 0.019607844 -952
34 389.51364 388.26633 0.019607844 -969
35 383.9968 387.798 0.019607844 -985
36 379.64902 387.798 0.019607844 -1002
37 376.32617 387.798 0.019607844 -1018
38 372.88733 387.798 0.019607844 -1035
39 371.51892 387.798 0.019607844 -1051
40 369.8266 389.62802 0.019607844 -1068
41 368.15912 392.7954 0.019607844 -1084
42 366.3701 397.37436 0.019607844 -1100
43 366.6605 404.99353 0.019607844 -1117
44 366.6605 414.72836 0.019607844 -1134
45 366.12244 423.47232 0.019607844 -1150
46 365.66144 430.91095 0.019607844 -1167
47 365.66144 436.98846 0.019607844 -1183
48 368.02365 461.6749 0.019607844 -1200
49 373.60114 506.41852 0.019607844 -1233
50 377.17783 556.0353 0.01764706 -1266
51 380.8519 605.15063 0.01764706 -1282
52 383.0072 646.62366 0.019607844 -1299
53 385.03317 683.9301 0.019607844 -1315
54 388.54855 731.58 0.019607844 -1332
55 393.63553 812.8311 0.019607844 -1348
56 396.9262 877.24255 0.019607844 -1381
57 396.63275 898.9222 0.019607844 -1415
58 398.6763 919.97546 0.019607844 -1431
59 398.6309 931.0154 0.019607844 -1448
60 399.62997 939.5517 0.019607844 -1464
61 400.24823 946.3636 0.019607844 -1481
62 400.62906 951.94446 0.019607844 -1497
63 400.62906 957.4213 0.019607844 -1514
64 400.62906 960.9212 0.019607844 -1530
65 400.62906 964.56067 0.019607844 -1547
66 400.62906 967.35974 0.019607844 -1563
67 400.62906 970.2143 0.019607844 -1580
68 400.62906 972.0466 0.019607844 -1596
69 400.62906 973.9234 0.019607844 -1613
70 400.62906 975.7474 0.019607844 -1629
71 400.62906 977.6767 0.019607844 -1646
72 400.62906 979.5178 0.019607844 -1662
73 400.62906 981.3418 0.019607844 -1679
74 400.62906 981.4888 0.019607844 -1695
75 400.62906 981.4888 0.019607844 -1712
76 400.62906 981.4888 0.019607844 -1728
77 400.62906 981.4888 0.019607844 -1745
78 400.62906 981.4888 0.01764706 -1761
79 400.62906 981.4888 0.01764706 -1776
0 749.3062 420.78082 0.021568628 -309
1 748.4783 420.78082 0.021568628 -309
2 748.3071 420.78082 0.021568628 -325
3 747.30804 420.78082 0.021568628 -341
4 746.52655 420.78082 0.021568628 -358
5 746.30896 420.78082 0.021568628 -374
6 746.30896 420.78082 0.021568628 -391
7 746.30896 420.78082 0.019607844 -407
8 746.30896 420.78082 0.019607844 -430
9 746.30896 420.78082 0.019607844 -472
10 746.30896 420.78082 0.019607844 -523
11 744.64264 420.78082 0.019607844 -539
12 742.8577 420.78082 0.019607844 -556
13 741.07587 420.78082 0.019607844 -572
14 737.17065 420.78082 0.019607844 -589
15 727.3777 420.78082 0.019607844 -605
16 712.6081 421.7803 0.019607844 -622
17 693.4064 421.7803 0.019607844 -638
18 665.7508 420.53876 0.019607844 -655
19 632.57764 417.68042 0.019607844 -671
20 587.7162 413.19055 0.019607844 -688
21 552.04016 410.0691 0.019607844 -704
22 522.13666 407.45154 0.019607844 -721
23 497.61972 405.64105 0.019607844 -737
24 477.8424 403.0042 0.019607844 -754
25 463.53662 401.1187 0.019607844 -770
26 454.36365 399.34888 0.019607844 -787
27 449.0648 398.7923 0.019607844 -803
28 443.7908 398.7923 0.019607844 -820
29 440.237 398.7923 0.019607844 -837
30 436.78723 398.7923 0.019607844 -853
31 430.09863 398.7923 0.019607844 -870
32 426.54395 398.7923 0.019607844 -903
33 421.70108 399.7003 0.019607844 -919
34 419.9936 401.40845 0.019607844 -952
35 418.25 403.15274 0.019607844 -969
36 417.6133 410.36917 0.019607844 -985
37 417.6133 418.0017 0.019607844 -1002
38 417.6133 432.4849 0.019607844 -1018
39 417.6133 440.3859 0.019607844 -1051
40 417.6133 448.27747 0.019607844 -1068
41 417.6133 455.3752 0.019607844 -1084
42 417.6133 462.4731 0.019607844 -1101
43 418.83438 472.08716 0.019607844 -1117
44 419.61148 482.84543 0.01764706 -1134
45 419.61148 493.44543 0.019607844 -1150
46 424.1425 524.9376 0.019607844 -1167
47 424.60684 549.7453 0.019607844 -1200
48 423.81952 590.33496 0.019607844 -1216
49 422.14053 629.3628 0.019607844 -1233
50 422.6087 658.7352 0.019607844 -1249
51 420.48862 683.2305 0.019607844 -1266
52 418.6124 706.776 0.019607844 -1282
53 418.6124 723.7304 0.019607844 -1299
54 418.6124 737.116 0.019607844 -1315
55 417.24472 746.4558 0.019607844 -1332
56 417.6133 754.4289 0.019607844 -1349
57 417.6133 762.7257 0.019607844 -1365
58 415.75812 770.0266 0.019607844 -1382
59 414.6161 777.3648 0.019607844 -1398
60 414.6161 793.1634 0.019607844 -1415
61 414.6161 800.7632 0.019607844 -1448
62 414.6161 808.8852 0.019607844 -1464
63 414.6161 826.2209 0.019607844 -1481
64 412.21597 841.1712 0.019607844 -1514
65 412.61795 851.16315 0.019607844 -1547
66 412.61795 861.3225 0.019607844 -1563
67 412.61795 870.3082 0.019607844 -1580
68 412.61795 877.6702 0.019607844 -1596
69 412.61795 883.3458 0.019607844 -1613
70 412.61795 888.8208 0.019607844 -1629
71 412.61795 893.0065 0.019607844 -1646
72 411.61887 896.80743 0.019607844 -1662
73 409.6955 900.38135 0.019607844 -1679
74 409.62073 903.2758 0.019607844 -1695
75 409.62073 905.09424 0.019607844 -1712
76 409.62073 906.92926 0.019607844 -1728
77 408.62164 908.80475 0.019607844 -1745
78 408.62164 910.59766 0.019607844 -1761
79 408.62164 910.52576 0.019607844 -1778
80 408.62164 910.52576 0.019607844 -1811
81 407.44037 910.52576 0.019607844 -1826
82 405.38635 910.52576 0.019607844 -1844
83 405.62442 910.52576 0.019607844 -1861
84 405.62442 910.52576 0.019607844 -1877
85 405.62442 910.52576 0.01764706 -1943
86 405.62442 910.52576 0.01764706 -1960
0 755.30066 354.8152 0.021568628 -258
1 755.30066 354.8152 0.021568628 -258
2 755.30066 354.8152 0.021568628 -266
3 755.30066 354.8152 0.021568628 -300
4 755.30066 354.8152 0.021568628 -316
5 755.30066 354.8152 0.021568628 -333
6 755.30066 354.8152 0.021568628 -349
7 755.30066 354.8152 0.021568628 -366
8 755.30066 354.8152 0.021568628 -382
9 755.30066 354.8152 0.021568628 -399
10 755.30066 354.8152 0.019607844 -415
11 755.30066 354.8152 0.019607844 -432
12 755.30066 354.8152 0.019607844 -448
13 755.30066 354.8152 0.019607844 -465
14 755.30066 354.8152 0.019607844 -481
15 755.30066 354.8152 0.019607844 -498
16 755.30066 354.8152 0.019607844 -514
17 755.30066 354.8152 0.019607844 -531
18 750.2297 353.7779 0.019607844 -547
19 740.4167 352.00037 0.019607844 -580
20 722.6502 349.63626 0.019607844 -597
21 698.2962 347.4578 0.019607844 -613
22 663.34436 344.53088 0.019607844 -630
23 616.06335 342.9501 0.019607844 -646
24 575.31537 342.82144 0.019607844 -663
25 536.0021 341.3903 0.019607844 -679
26 515.7988 340.82248 0.019607844 -696
27 499.4709 342.7178 0.019607844 -712
28 476.73044 342.82144 0.019607844 -729
29 471.29163 342.82144 0.019607844 -762
30 467.87872 342.82144 0.019607844 -778
31 464.40427 342.82144 0.019607844 -795
32 460.90988 342.82144 0.019607844 -811
33 457.35962 342.82144 0.019607844 -828
34 454.0207 342.82144 0.019607844 -844
35 449.08417 342.82144 0.019607844 -861
36 446.2197 343.82092 0.019607844 -877
37 440.95978 346.45148 0.019607844 -894
38 439.20413 349.5963 0.019607844 -927
39 437.41516 354.3549 0.019607844 -944
40 436.59573 361.581 0.019607844 -960
41 436.59573 369.63922 0.019607844 -977
42 436.59573 376.63116 0.019607844 -993
43 437.7612 386.96408 0.019607844 -1010
44 437.59482 395.75458 0.019607844 -1026
45 437.59482 419.28162 0.019607844 -1043
46 436.294 430.58783 0.019607844 -1075
47 434.5976 459.07468 0.019607844 -1092
48 434.5976 477.23917 0.019607844 -1125
49 433.2815 493.9159 0.019607844 -1142
50 433.26862 560.14197 0.019607844 -1158
51 432.7473 638.07153 0.019607844 -1191
52 430.6013 710.35565 0.019607844 -1224
53 430.68295 739.8093 0.019607844 -1257
54 432.9394 765.02466 0.019607844 -1274
55 433.5985 784.06464 0.019607844 -1290
56 431.25745 814.1435 0.019607844 -1307
57 431.60037 830.1295 0.019607844 -1340
58 432.59946 840.90375 0.019607844 -1356
59 432.59946 850.43866 0.019607844 -1373
60 432.59946 858.788 0.019607844 -1389
61 430.71976 867.07404 0.019607844 -1406
62 429.91306 874.3002 0.019607844 -1423
63 429.60223 880.0605 0.019607844 -1439
64 430.93448 889.5378 0.019607844 -1456
65 431.81802 897.404 0.019607844 -1472
66 432.6354 905.7081 0.019607844 -1489
67 433.47162 913.0164 0.019607844 -1505
68 433.5985 918.6586 0.019607844 -1522
69 433.5985 924.126 0.019607844 -1538
70 433.5985 929.64795 0.019607844 -1555
71 433.5985 932.90497 0.019607844 -1571
72 430.78278 941.1465 0.019607844 -1588
73 427.15158 946.9597 0.019607844 -1621
74 424.60355 950.50824 0.019607844 -1654
75 424.60684 951.5044 0.019607844 -1687
76 424.60684 951.5044 0.019607844 -1703
77 424.60684 951.5044 0.019607844 -1707
78 424.60684 951.5044 0.019607844 -1753
79 424.60684 951.5044 0.015686275 -1769
80 424.60684 951.5044 0.015686275 -1786
0 723.33026 413.7845 0.023529414 -328
1 723.33026 413.7845 0.021568628 -328
2 721.55164 412.785 0.021568628 -342
3 720.8325 412.785 0.021568628 -375
4 721.3321 412.785 0.021568628 -383
5 721.3321 412.785 0.021568628 -408
6 721.3321 412.785 0.019607844 -421
7 721.3321 412.785 0.019607844 -441
8 721.3321 412.785 0.019607844 -450
9 719.3641 410.78604 0.019607844 -507
10 717.5299 410.78604 0.019607844 -540
11 715.75287 410.78604 0.019607844 -557
12 713.9904 410.78604 0.019607844 -573
13 709.62146 410.78604 0.019607844 -590
14 694.8135 410.78604 0.01764706 -623
15 680.8181 410.78604 0.019607844 -656
16 664.89636 410.78604 0.019607844 -672
17 650.23047 410.78604 0.019607844 -689
18 634.85004 409.78656 0.019607844 -705
19 606.5738 408.78708 0.019607844 -721
20 576.5381 405.7976 0.019607844 -754
21 545.2385 406.48346 0.019607844 -787
22 528.86176 405.78864 0.01764706 -820
23 514.0541 405.78864 0.01764706 -836
24 500.04703 405.78864 0.019607844 -853
25 482.91556 406.78812 0.019607844 -869
26 462.70685 406.78812 0.01764706 -886
27 448.6884 406.78812 0.019607844 -902
28 437.92834 407.23224 0.019607844 -919
29 422.05365 407.7876 0.019607844 -935
30 416.46814 407.7876 0.019607844 -968
31 412.74945 407.7876 0.019607844 -985
32 409.27316 407.7876 0.019607844 -1001
33 406.6472 407.7876 0.019607844 -1018
34 404.88992 407.7876 0.019607844 -1034
35 403.17194 407.7876 0.019607844 -1051
36 401.46683 408.94843 0.019607844 -1067
37 399.72748 410.68848 0.019607844 -1084
38 397.9998 414.04776 0.019607844 -1100
39 396.22754 417.999 0.019607844 -1117
40 395.63367 432.45715 0.019607844 -1133
41 397.36862 440.45337 0.019607844 -1167
42 398.7516 453.2472 0.019607844 -1183
43 398.6309 464.5719 0.019607844 -1216
44 398.6309 472.27383 0.019607844 -1249
45 400.04495 480.82635 0.019607844 -1266
46 401.7927 488.4046 0.019607844 -1282
47 403.61597 497.6892 0.019607844 -1299
48 407.89264 518.568 0.019607844 -1315
49 411.6189 544.21655 0.019607844 -1332
50 413.86124 562.6401 0.019607844 -1348
51 415.61517 620.387 0.019607844 -1365
52 417.1138 650.66113 0.019607844 -1398
53 418.85272 671.5366 0.019607844 -1414
54 419.61148 691.01587 0.019607844 -1431
55 422.44086 719.44147 0.019607844 -1447
56 423.6078 739.0314 0.019607844 -1464
57 423.6078 755.5533 0.019607844 -1480
58 425.60593 800.6467 0.019607844 -1497
59 426.605 835.90656 0.019607844 -1530
60 426.605 860.2558 0.019607844 -1546
61 426.15997 881.1958 0.019607844 -1563
62 426.605 901.692 0.019607844 -1579
63 426.605 916.06335 0.019607844 -1596
64 426.605 927.96185 0.019607844 -1612
65 427.50116 943.47845 0.019607844 -1629
66 428.60315 965.9969 0.019607844 -1645
67 428.60315 974.34485 0.019607844 -1678
68 428.60315 980.29224 0.019607844 -1695
69 427.60406 984.7886 0.019607844 -1711
70 426.62726 988.4407 0.019607844 -1728
71 425.60593 991.30994 0.019607844 -1744
72 424.96606 993.12317 0.019607844 -1761
73 423.09476 994.482 0.019607844 -1777
74 422.6087 994.482 0.019607844 -1794
75 420.4659 994.482 0.019607844 -1810
76 420.61053 994.482 0.019607844 -1827
77 420.61053 994.482 0.01764706 -1860
78 420.61053 994.482 0.01764706 -1869
0 774.2831 423.77927 0.021568628 -311
1 774.2831 423.77927 0.019607844 -311
2 774.2831 423.77927 0.021568628 -358
3 774.2831 423.77927 0.019607844 -398
4 774.2831 423.77927 0.019607844 -406
5 774.2831 423.77927 0.019607844 -444
6 772.7238 423.77927 0.019607844 -464
7 770.8742 423.77927 0.019607844 -497
8 769.175 423.77927 0.019607844 -513
9 763.76434 423.77927 0.019607844 -530
10 756.72314 423.77927 0.019607844 -563
11 751.9788 423.77927 0.019607844 -596
12 743.1477 424.6594 0.019607844 -613
13 726.914 424.77875 0.019607844 -629
14 707.62726 424.77875 0.019607844 -646
15 682.0477 422.62515 0.019607844 -662
16 587.5245 413.36102 0.019607844 -679
17 513.389 402.3039 0.019607844 -712
18 468.44022 399.07956 0.019607844 -745
19 455.5422 398.7923 0.019607844 -778
20 447.86765 398.7923 0.019607844 -795
21 441.7129 397.83344 0.019607844 -811
22 438.25317 397.79282 0.019607844 -828
23 434.8237 397.79282 0.019607844 -844
24 431.7785 397.79282 0.019607844 -861
25 425.12683 397.79282 0.019607844 -894
26 422.6322 397.79282 0.019607844 -927
27 420.23788 397.79282 0.019607844 -943
28 416.81488 397.79282 0.019607844 -960
29 412.77295 397.79282 0.019607844 -976
30 411.0595 397.79282 0.019607844 -1009
31 407.74026 399.67404 0.019607844 -1026
32 404.1277 402.2886 0.019607844 -1059
33 400.67746 404.2652 0.019607844 -1075
34 398.25027 409.35822 0.019607844 -1092
35 395.70282 413.68073 0.019607844 -1108
36 393.89542 419.7409 0.019607844 -1125
37 394.14374 428.32025 0.019607844 -1141
38 394.6346 437.3331 0.019607844 -1158
39 395.63367 449.54898 0.019607844 -1174
40 395.63367 465.72708 0.019607844 -1191
41 397.63184 491.18286 0.019607844 -1208
42 397.63184 519.05615 0.01764706 -1224
43 401.4112 554.5399 0.019607844 -1241
44 405.22073 596.79974 0.019607844 -1257
45 405.62442 634.1061 0.019607844 -1274
46 406.6235 667.0405 0.019607844 -1290
47 407.5489 707.5671 0.019607844 -1307
48 406.23706 749.17096 0.019607844 -1323
49 408.5232 788.956 0.019607844 -1340
50 406.2191 823.4167 0.019607844 -1356
51 405.62442 852.5693 0.019607844 -1373
52 401.83972 880.2706 0.019607844 -1389
53 399.89078 895.7061 0.019607844 -1406
54 398.02548 905.5582 0.019607844 -1422
55 396.18127 913.33185 0.019607844 -1439
56 394.3585 918.3508 0.019607844 -1455
57 394.47906 921.83124 0.019607844 -1472
58 393.63553 932.0224 0.019607844 -1488
59 393.63553 936.98376 0.019607844 -1521
60 393.63553 940.0853 0.019607844 -1538
61 393.63553 941.93915 0.019607844 -1554
62 393.63553 945.51587 0.019607844 -1571
63 393.63553 947.52905 0.019607844 -1604
64 393.63553 949.00574 0.019607844 -1620
65 393.63553 952.5039 0.019607844 -1634
66 393.63553 952.5039 0.019607844 -1670
67 393.63553 952.5039 0.019607844 -1696
68 394.6346 952.5039 0.01764706 -1717
69 394.6346 952.5039 0.01764706 -1736
0 756.29974 424.77875 0.021568628 -204
1 756.29974 424.77875 0.019607844 -204
2 756.29974 424.77875 0.021568628 -217
3 756.29974 424.77875 0.021568628 -233
4 756.29974 424.77875 0.021568628 -250
5 756.29974 424.77875 0.021568628 -266
6 756.29974 424.77875 0.019607844 -299
7 756.29974 424.77875 0.019607844 -316
8 756.29974 424.77875 0.019607844 -332
9 756.29974 424.77875 0.019607844 -349
10 756.29974 424.77875 0.019607844 -382
11 756.29974 424.77875 0.019607844 -399
12 756.29974 424.77875 0.019607844 -415
13 756.29974 424.77875 0.019607844 -421
14 756.29974 424.77875 0.019607844 -448
15 756.29974 424.77875 0.019607844 -465
16 756.29974 424.77875 0.019607844 -481
17 756.29974 424.77875 0.019607844 -498
18 755.3003 423.7789 0.019607844 -514
19 752.57117 423.77927 0.019607844 -531
20 749.3804 423.77927 0.019607844 -547
21 747.0142 422.6328 0.019607844 -564
22 737.744 421.13742 0.019607844 -580
23 731.9237 419.3154 0.019607844 -613
24 726.80237 418.78186 0.019607844 -630
25 720.5372 418.78186 0.019607844 -646
26 711.74603 417.7824 0.019607844 -663
27 696.1958 416.32098 0.019607844 -679
28 669.637 416.78293 0.019607844 -696
29 631.4868 415.78345 0.019607844 -712
30 564.2803 411.40958 0.019607844 -729
31 518.4088 407.219 0.019607844 -745
32 476.72214 402.74374 0.019607844 -762
33 414.8037 393.33536 0.019607844 -778
34 403.50977 391.6365 0.019607844 -811
35 396.28244 389.95923 0.019607844 -828
36 388.56937 387.7626 0.019607844 -844
37 385.70178 386.85742 0.019607844 -877
38 384.00137 386.79852 0.019607844 -894
39 382.28934 386.79852 0.019607844 -910
40 379.56442 386.79852 0.019607844 -927
41 376.9406 386.79852 0.019607844 -944
42 375.23138 386.79852 0.019607844 -960
43 373.53714 386.79852 0.019607844 -977
44 371.89957 387.55423 0.019607844 -993
45 371.65588 393.7444 0.019607844 -1010
46 373.81226 400.42493 0.019607844 -1026
47 375.57104 407.46304 0.019607844 -1043
48 376.65125 415.4346 0.019607844 -1059
49 376.65125 422.33365 0.019607844 -1076
50 376.65125 429.41403 0.019607844 -1092
51 376.65125 437.27795 0.019607844 -1109
52 379.30023 454.92883 0.019607844 -1125
53 379.64847 472.14362 0.019607844 -1142
54 379.64847 485.82144 0.019607844 -1158
55 380.48337 503.60135 0.019607844 -1175
56 382.14618 520.72876 0.019607844 -1191
57 383.90338 529.2774 0.019607844 -1207
58 385.714 540.14545 0.019607844 -1224
59 390.23392 558.8875 0.019607844 -1241
60 393.72638 576.1546 0.019607844 -1257
61 398.44687 595.9527 0.019607844 -1274
62 409.67313 655.6574 0.019607844 -1290
63 418.0774 715.2597 0.019607844 -1323
64 420.7368 744.508 0.019607844 -1356
65 424.41318 783.2659 0.019607844 -1373
66 429.03146 821.14496 0.019607844 -1389
67 430.6013 847.05804 0.019607844 -1406
68 430.6013 869.32214 0.019607844 -1422
69 433.7945 890.4978 0.019607844 -1439
70 434.5976 904.4897 0.019607844 -1455
71 434.5976 913.7177 0.019607844 -1472
72 434.5976 919.565 0.019607844 -1488
73 434.5976 923.4968 0.019607844 -1505
74 434.5976 928.1788 0.019607844 -1522
75 434.5976 934.41046 0.019607844 -1538
76 434.5976 936.3287 0.019607844 -1571
77 434.5976 938.1672 0.019607844 -1588
78 434.5976 940.51013 0.019607844 -1604
79 433.49774 941.6104 0.019607844 -1637
80 432.59946 941.5096 0.019607844 -1654
81 431.10083 941.5096 0.019607844 -1670
82 431.60037 941.5096 0.019607844 -1685
83 431.60037 941.5096 0.019607844 -1703
84 431.60037 941.5096 0.019607844 -1712
85 431.60037 941.5096 0.015686275 -1734
86 431.60037 941.5096 0.015686275 -1753
0 758.29785 390.79645 0.021568628 -246
1 757.2988 390.79645 0.021568628 -246
2 756.2527 390.79645 0.021568628 -258
3 755.30066 390.79645 0.021568628 -274
4 755.30066 390.79645 0.021568628 -291
5 754.3016 390.79645 0.021568628 -324
6 753.3025 390.79645 0.021568628 -357
7 753.3025 390.79645 0.021568628 -373
8 753.3025 390.79645 0.019607844 -390
9 753.3025 390.79645 0.019607844 -423
10 752.3034 390.79645 0.019607844 -439
11 752.3034 390.79645 0.019607844 -456
12 752.3034 390.79645 0.019607844 -489
13 752.3034 390.79645 0.019607844 -505
14 750.05237 390.79645 0.019607844 -522
15 748.3087 390.79645 0.019607844 -538
16 746.52783 390.79645 0.019607844 -555
17 743.2048 390.79645 0.019607844 -571
18 739.68274 390.79645 0.019607844 -588
19 734.91003 390.79645 0.019607844 -604
20 722.15955 390.79645 0.019607844 -621
21 688.17163 393.21432 0.019607844 -637
22 633.90295 392.7954 0.019607844 -670
23 588.76324 392.0371 0.019607844 -703
24 550.9724 388.79565 0.019607844 -720
25 520.4283 386.55807 0.019607844 -736
26 490.34613 385.79904 0.019607844 -753
27 467.44354 385.0609 0.019607844 -769
28 451.4112 384.79956 0.019607844 -786
29 442.7083 384.79956 0.019607844 -802
30 429.73828 384.79956 0.019607844 -819
31 425.81003 384.79956 0.019607844 -852
32 419.18173 384.79956 0.019607844 -869
33 413.46423 384.79956 0.019607844 -902
34 411.7297 386.68762 0.019607844 -935
35 410.03986 388.3782 0.019607844 -951
36 408.30978 390.10895 0.019607844 -968
37 407.62256 392.8121 0.019607844 -984
38 407.62256 400.11658 0.019607844 -1001
39 408.81488 405.36914 0.019607844 -1034
40 410.58978 412.66486 0.019607844 -1050
41 412.32764 421.3277 0.019607844 -1067
42 413.61703 431.65906 0.019607844 -1083
43 413.61703 441.0347 0.019607844 -1100
44 415.62936 452.8636 0.019607844 -1116
45 416.61426 473.15933 0.019607844 -1133
46 416.61426 524.6178 0.019607844 -1149
47 417.6133 551.44116 0.019607844 -1182
48 420.24023 592.6488 0.01764706 -1199
49 420.61053 624.32947 0.019607844 -1215
50 421.7146 659.7578 0.01764706 -1232
51 421.60962 688.5076 0.019607844 -1248
52 420.93655 724.0753 0.019607844 -1265
53 419.1497 748.2325 0.019607844 -1281
54 418.6124 783.3345 0.019607844 -1298
55 419.61148 811.0006 0.019607844 -1331
56 419.61148 822.1755 0.019607844 -1364
57 419.61148 831.52545 0.019607844 -1380
58 419.61148 853.9867 0.019607844 -1397
59 419.61148 867.44183 0.01764706 -1430
60 419.61148 878.51984 0.019607844 -1446
61 419.61148 887.8289 0.019607844 -1463
62 419.61148 898.47626 0.019607844 -1479
63 419.61148 909.6965 0.019607844 -1496
64 419.61148 918.6279 0.019607844 -1512
65 419.61148 925.02783 0.019607844 -1529
66 419.61148 930.4995 0.019607844 -1545
67 419.61148 935.4737 0.019607844 -1562
68 419.61148 939.1286 0.019607844 -1578
69 419.61148 942.8317 0.019607844 -1595
70 419.61148 944.4869 0.019607844 -1611
71 419.61148 946.29535 0.019607844 -1628
72 419.61148 948.091 0.019607844 -1644
73 419.61148 949.9035 0.019607844 -1661
74 419.61148 949.50543 0.019607844 -1678
75 419.61148 949.50543 0.01764706 -1694
76 419.61148 949.50543 0.013725491 -1760
77 419.61148 949.50543 0.013725491 -1765
0 752.3034 395.79385 0.021568628 -226
1 752.3034 395.79385 0.021568628 -226
2 752.3034 395.79385 0.021568628 -242
3 750.9717 395.79385 0.021568628 -275
4 751.3043 395.79385 0.021568628 -308
5 751.3043 395.79385 0.021568628 -318
6 751.3043 395.79385 0.021568628 -357
7 751.3043 395.79385 0.019607844 -374
8 751.3043 395.79385 0.019607844 -387
9 750.3053 395.79385 0.019607844 -420
10 750.3053 395.79385 0.019607844 -440
11 750.3053 395.79385 0.019607844 -473
12 749.251 395.79385 0.019607844 -489
13 745.59076 395.79385 0.019607844 -506
14 741.5225 395.79385 0.019607844 -523
15 734.167 395.79385 0.019607844 -539
16 711.0011 397.79282 0.01764706 -556
17 695.7026 399.6235 0.019607844 -589
18 668.7824 402.43997 0.019607844 -605
19 632.8826 403.78967 0.019607844 -638
20 596.50946 402.7902 0.019607844 -671
21 563.5283 401.08395 0.019607844 -688
22 532.8287 398.4376 0.019607844 -704
23 508.31552 396.79333 0.019607844 -721
24 480.6812 393.86993 0.019607844 -737
25 461.49496 392.12045 0.019607844 -754
26 448.57834 390.3672 0.019607844 -770
27 439.7323 390.79645 0.019607844 -787
28 431.74747 390.79645 0.019607844 -803
29 422.9274 391.53226 0.019607844 -820
30 413.89514 392.7954 0.019607844 -836
31 405.1023 391.49158 0.019607844 -853
32 398.28882 391.79593 0.019607844 -869
33 386.24228 390.79645 0.019607844 -886
34 378.42453 390.79645 0.019607844 -919
35 374.8433 390.79645 0.019607844 -952
36 371.42087 392.4132 0.019607844 -968
37 367.98584 394.13144 0.019607844 -985
38 365.56976 397.97626 0.019607844 -1001
39 364.66235 412.1472 0.019607844 -1018
40 363.73087 425.57538 0.019607844 -1051
41 363.66327 432.133 0.019607844 -1084
42 363.66327 440.29758 0.019607844 -1100
43 363.66327 447.5225 0.019607844 -1117
44 363.66327 456.51642 0.019607844 -1133
45 365.64142 469.61502 0.019607844 -1150
46 365.66144 495.24203 0.019607844 -1166
47 365.66144 510.97192 0.019607844 -1199
48 366.6605 533.5662 0.019607844 -1216
49 369.1582 600.1874 0.01764706 -1232
50 370.6568 653.3394 0.019607844 -1265
51 372.30017 683.2706 0.019607844 -1299
52 373.65402 703.5204 0.019607844 -1315
53 373.65402 716.4163 0.019607844 -1332
54 373.65402 723.7096 0.019607844 -1348
55 373.65402 731.171 0.019607844 -1365
56 373.65402 736.4538 0.019607844 -1381
57 373.65402 742.9506 0.019607844 -1398
58 373.65402 748.3557 0.019607844 -1414
59 372.24658 752.42554 0.019607844 -1431
60 372.65494 757.02246 0.019607844 -1447
61 374.74008 765.94934 0.019607844 -1464
62 374.6531 774.16064 0.019607844 -1480
63 374.6531 781.53485 0.019607844 -1497
64 374.6531 788.89935 0.019607844 -1513
65 374.6531 796.2743 0.019607844 -1530
66 374.6531 805.27264 0.01764706 -1546
67 375.65216 845.12756 0.019607844 -1563
68 374.86838 861.82745 0.019607844 -1596
69 375.65216 879.0485 0.019607844 -1612
70 375.65216 893.2892 0.019607844 -1629
71 375.65216 912.5199 0.019607844 -1645
72 375.65216 919.80273 0.019607844 -1678
73 375.65216 926.12115 0.019607844 -1695
74 373.91223 931.7394 0.019607844 -1711
75 373.65402 937.33057 0.019607844 -1728
76 371.65588 950.107 0.019607844 -1744
77 371.65588 959.3523 0.019607844 -1777
78 371.65588 965.5746 0.019607844 -1794
79 372.65494 975.81067 0.019607844 -1810
80 372.65494 981.9834 0.019607844 -1843
81 372.65494 983.9271 0.019607844 -1876
82 372.65494 985.7895 0.019607844 -1893
83 372.65494 985.4867 0.019607844 -1909
84 372.65494 985.4867 0.01764706 -1926
85 372.65494 985.4867 0.015686275 -1942
86 372.65494 985.4867 0.015686275 -1950
0 752.3034 430.77563 0.019607844 -209
1 752.3034 430.77563 0.019607844 -209
2 752.3034 430.77563 0.019607844 -227
3 752.3034 430.77563 0.019607844 -243
4 752.3034 430.77563 0.019607844 -260
5 752.3034 430.77563 0.019607844 -326
6 752.3034 430.77563 0.019607844 -351
7 752.3034 430.77563 0.019607844 -375
8 752.3034 430.77563 0.019607844 -386
9 752.3034 430.77563 0.019607844 -425
10 752.3034 430.77563 0.019607844 -441
11 752.2287 430.70093 0.019607844 -458
12 740.60144 427.1587 0.019607844 -474
13 721.01337 424.80286 0.019607844 -507
14 692.3368 423.77927 0.019607844 -524
15 649.0285 421.57428 0.019607844 -540
16 543.3562 412.20718 0.019607844 -557
17 508.50223 411.78552 0.019607844 -590
18 478.06998 409.3765 0.019607844 -606
19 457.16907 409.78656 0.019607844 -623
20 440.1888 409.78656 0.019607844 -639
21 429.8207 411.342 0.019607844 -656
22 422.44446 413.07596 0.019607844 -673
23 416.39215 412.785 0.019607844 -689
24 413.03415 412.785 0.019607844 -706
25 409.62073 412.785 0.019607844 -722
26 406.216 412.785 0.019607844 -739
27 404.6257 412.785 0.019607844 -755
28 402.1775 413.50967 0.019607844 -772
29 398.69714 415.25058 0.019607844 -788
30 397.42334 418.1996 0.019607844 -805
31 395.63513 421.77734 0.019607844 -821
32 393.8885 426.01852 0.019607844 -838
33 392.1369 429.77615 0.019607844 -854
34 392.63644 441.3271 0.019607844 -871
35 392.63644 449.08994 0.019607844 -887
36 392.63644 459.25537 0.019607844 -904
37 392.63644 468.3873 0.019607844 -920
38 392.63644 477.8602 0.019607844 -937
39 392.63644 486.43018 0.019607844 -953
40 393.63553 499.49582 0.019607844 -970
41 393.63553 519.6861 0.019607844 -986
42 396.15393 553.0967 0.019607844 -1019
43 401.20145 609.26624 0.01764706 -1052
44 403.32886 637.50006 0.019607844 -1085
45 407.6376 665.2664 0.019607844 -1102
46 409.93652 691.0651 0.019607844 -1118
47 415.01498 719.42004 0.019607844 -1135
48 421.65186 754.80975 0.019607844 -1151
49 432.59943 815.5752 0.019607844 -1168
50 433.5985 856.664 0.019607844 -1200
51 431.60037 890.6564 0.019607844 -1234
52 431.60037 902.717 0.019607844 -1267
53 431.60037 911.33826 0.019607844 -1283
54 431.60037 918.5216 0.019607844 -1300
55 429.15784 926.29675 0.019607844 -1316
56 427.405 931.1128 0.019607844 -1333
57 426.605 936.86096 0.019607844 -1349
58 426.605 944.41516 0.019607844 -1366
59 426.605 953.4384 0.019607844 -1382
60 426.605 962.0771 0.019607844 -1399
61 426.605 969.60046 0.019607844 -1415
62 426.605 976.9439 0.019607844 -1432
63 426.605 982.21204 0.019607844 -1448
64 425.53046 986.7127 0.019607844 -1465
65 423.69388 990.3118 0.019607844 -1482
66 423.6078 996.0947 0.019607844 -1498
67 423.6078 998.4799 0.019607844 -1531
68 423.6078 998.4799 0.019607844 -1564
69 423.6078 998.4799 0.01764706 -1581
70 423.6078 998.4799 0.013725491 -1647
71 423.6078 998.4799 0.013725491 -1652
0 748.3071 388.7975 0.019607844 -113
1 745.7327 387.798 0.019607844 -113
2 742.308 386.79852 0.019607844 -135
3 739.05945 386.79852 0.019607844 -168
4 737.1648 386.79852 0.019607844 -201
5 733.8451 385.32388 0.019607844 -217
6 734.32007 385.79904 0.019607844 -250
7 734.32007 385.79904 0.019607844 -267
8 734.32007 385.79904 0.019607844 -283
9 734.32007 385.79904 0.019607844 -300
10 734.32007 385.79904 0.019607844 -309
11 734.32007 385.79904 0.019607844 -333
12 734.32007 385.79904 0.019607844 -349
13 734.32007 385.79904 0.019607844 -366
14 734.32007 385.79904 0.019607844 -382
15 734.32007 385.79904 0.019607844 -399
16 734.32007 385.79904 0.019607844 -415
17 734.32007 385.79904 0.019607844 -432
18 734.32007 385.79904 0.019607844 -448
19 734.32007 385.79904 0.019607844 -464
20 732.1604 385.79904 0.019607844 -482
21 730.41364 385.79904 0.019607844 -498
22 728.6808 385.79904 0.019607844 -515
23 726.84534 385.79904 0.019607844 -531
24 723.7898 385.79904 0.019607844 -548
25 714.61957 387.91772 0.01764706 -564
26 692.5576 391.61157 0.019607844 -581
27 659.09515 393.49475 0.01764706 -597
28 620.8282 395.79385 0.019607844 -614
29 583.77875 395.79385 0.019607844 -630
30 543.8986 394.72177 0.019607844 -647
31 487.30515 392.2281 0.019607844 -663
32 470.77316 390.3228 0.019607844 -696
33 462.98718 390.79645 0.019607844 -713
34 455.95926 390.79645 0.019607844 -729
35 449.47107 390.79645 0.019607844 -745
36 444.1804 390.79645 0.019607844 -762
37 435.77878 390.79645 0.019607844 -778
38 431.9272 389.96045 0.019607844 -811
39 428.46378 389.79697 0.019607844 -828
40 425.0086 389.79697 0.019607844 -844
41 423.55884 389.79697 0.019607844 -861
42 421.8232 389.79697 0.019607844 -877
43 420.111 389.79697 0.019607844 -894
44 418.3355 389.79697 0.019607844 -910
45 416.6449 389.79697 0.019607844 -927
46 414.9608 389.79697 0.019607844 -943
47 413.18195 391.23172 0.019607844 -960
48 411.52292 392.89142 0.019607844 -976
49 411.61887 395.53427 0.019607844 -993
50 411.61887 400.6991 0.019607844 -1010
51 413.01855 407.39166 0.019607844 -1026
52 413.76785 417.6882 0.019607844 -1043
53 413.61703 427.6405 0.019607844 -1059
54 413.61703 439.32382 0.019607844 -1076
55 413.61703 449.81995 0.019607844 -1092
56 413.61703 460.80756 0.019607844 -1109
57 413.61703 475.82407 0.019607844 -1125
58 414.6161 496.18896 0.01764706 -1142
59 415.61517 521.0629 0.019607844 -1158
60 416.34232 624.69244 0.019607844 -1175
61 418.6124 706.2297 0.019607844 -1224
62 417.6133 785.1263 0.019607844 -1257
63 417.6133 826.5428 0.019607844 -1290
64 416.98676 855.3346 0.019607844 -1307
65 415.16733 879.36945 0.019607844 -1323
66 416.9283 902.30194 0.019607844 -1340
67 416.61426 922.19366 0.019607844 -1356
68 416.61426 943.5366 0.019607844 -1373
69 416.61426 962.53815 0.019607844 -1389
70 416.61426 977.1483 0.019607844 -1406
71 416.61426 988.9272 0.019607844 -1422
72 416.61426 998.41174 0.019607844 -1439
73 416.61426 1005.1761 0.019607844 -1455
74 415.61517 1010.7601 0.019607844 -1472
75 415.61517 1016.25824 0.019607844 -1489
76 414.84546 1020.0096 0.019607844 -1505
77 413.61703 1023.08154 0.019607844 -1522
78 412.15918 1025.9248 0.019607844 -1538
79 410.32486 1027.7599 0.019607844 -1555
80 408.41718 1029.6682 0.019607844 -1571
81 407.62256 1029.4637 0.019607844 -1588
82 406.12396 1029.4637 0.019607844 -1604
83 406.6235 1029.4637 0.019607844 -1617
84 406.6235 1029.4637 0.019607844 -1637
85 406.6235 1029.4637 0.019607844 -1654
86 406.6235 1029.4637 0.01764706 -1670
87 406.6235 1029.4637 0.01764706 -1676
0 744.31085 407.7876 0.019607844 -241
1 744.31085 407.7876 0.019607844 -241
2 744.31085 407.7876 0.019607844 -251
3 743.0951 407.7876 0.019607844 -284
4 741.39294 407.7876 0.019607844 -301
5 739.719 407.7876 0.019607844 -317
6 738.0755 407.7876 0.019607844 -334
7 736.3401 407.7876 0.019607844 -350
8 734.67126 407.7876 0.019607844 -367
9 732.984 407.7876 0.019607844 -383
10 731.2364 407.7876 0.019607844 -400
11 729.5079 407.7876 0.019607844 -416
12 726.2249 407.7876 0.019607844 -433
13 724.2217 407.7876 0.019607844 -466
14 722.4386 407.7876 0.019607844 -482
15 720.64386 407.7876 0.019607844 -499
16 710.916 407.7876 0.019607844 -515
17 695.3607 406.78812 0.019607844 -548
18 641.69165 406.78812 0.019607844 -565
19 618.6413 406.78812 0.019607844 -598
20 593.2917 406.5626 0.019607844 -615
21 576.664 406.78812 0.019607844 -631
22 562.5603 404.94354 0.019607844 -648
23 552.3679 404.78915 0.019607844 -664
24 544.7786 404.78915 0.019607844 -681
25 537.5537 403.55264 0.019607844 -697
26 529.4986 403.78967 0.019607844 -714
27 520.3778 402.96204 0.019607844 -730
28 510.96924 401.1981 0.019607844 -747
29 477.66733 398.72385 0.019607844 -763
30 454.6932 396.80212 0.019607844 -796
31 436.6171 395.01886 0.019607844 -813
32 422.38098 394.26614 0.019607844 -829
33 409.49823 392.49234 0.019607844 -846
34 402.53204 391.79593 0.019607844 -862
35 396.4011 390.79645 0.019607844 -879
36 392.75366 390.79645 0.019607844 -895
37 388.87054 391.56543 0.019607844 -912
38 387.04608 393.39066 0.019607844 -945
39 386.642 395.05792 0.019607844 -961
40 386.642 398.79605 0.019607844 -978
41 386.642 402.26413 0.019607844 -994
42 386.642 405.7385 0.019607844 -1011
43 387.6117 414.6958 0.019607844 -1027
44 392.0314 435.13974 0.019607844 -1060
45 395.68582 454.02448 0.019607844 -1094
46 401.01212 490.0453 0.019607844 -1127
47 404.5168 508.19208 0.019607844 -1160
48 407.01315 529.25946 0.019607844 -1176
49 414.29868 600.06256 0.019607844 -1193
50 418.9637 688.08075 0.019607844 -1226
51 421.81476 731.1366 0.019607844 -1259
52 423.61856 777.9402 0.019607844 -1275
53 426.29126 815.4348 0.019607844 -1292
54 427.60406 843.383 0.019607844 -1308
55 429.11157 865.16486 0.019607844 -1325
56 432.6609 900.0231 0.019607844 -1341
57 432.59946 925.31604 0.01764706 -1374
58 435.20572 942.94354 0.019607844 -1407
59 435.59668 948.9497 0.019607844 -1440
60 435.59668 958.166 0.019607844 -1457
61 434.44467 958.50073 0.019607844 -1490
62 433.6149 959.50024 0.019607844 -1506
63 432.59946 959.50024 0.019607844 -1523
64 432.59946 959.50024 0.019607844 -1539
65 432.59946 959.50024 0.019607844 -1555
66 432.59946 959.50024 0.01764706 -1638
67 432.59946 959.50024 0.01764706 -1650
0 758.29785 395.79385 0.019607844 -201
1 758.29785 395.79385 0.019607844 -201
2 758.29785 395.79385 0.019607844 -218
3 758.29785 395.79385 0.021568628 -235
4 758.29785 395.79385 0.021568628 -251
5 758.29785 395.79385 0.021568628 -284
6 758.29785 395.79385 0.021568628 -317
7 758.29785 395.79385 0.021568628 -334
8 758.29785 395.79385 0.021568628 -350
9 758.29785 395.79385 0.019607844 -367
10 758.29785 395.79385 0.019607844 -383
11 758.29785 395.79385 0.019607844 -408
12 758.29785 395.79385 0.019607844 -440
13 758.29785 395.79385 0.019607844 -482
14 758.29785 395.79385 0.019607844 -499
15 756.76044 395.79385 0.019607844 -514
16 750.5228 396.79333 0.019607844 -615
17 746.95386 397.79282 0.019607844 -648
18 737.78986 397.79282 0.019607844 -664
19 712.5933 400.85913 0.019607844 -697
20 674.4738 400.83047 0.019607844 -730
21 594.4496 400.29153 0.01764706 -747
22 522.50745 394.79388 0.019607844 -780
23 484.48602 393.02673 0.019607844 -813
24 464.19247 392.7954 0.019607844 -829
25 449.46594 392.7954 0.019607844 -846
26 440.91837 392.7954 0.019607844 -862
27 434.10553 392.7954 0.019607844 -879
28 428.80563 392.7954 0.019607844 -895
29 421.43213 392.7954 0.019607844 -912
30 415.65445 392.7954 0.019607844 -945
31 413.89017 392.7954 0.019607844 -978
32 412.22336 392.7954 0.019607844 -995
33 410.53537 392.7954 0.019607844 -1011
34 407.302 393.7949 0.019607844 -1028
35 405.5187 395.8996 0.019607844 -1061
36 402.26202 399.15762 0.019607844 -1077
37 400.50058 400.9198 0.019607844 -1110
38 398.82373 403.40384 0.019607844 -1127
39 397.15207 406.7486 0.019607844 -1143
40 395.45728 412.31494 0.019607844 -1160
41 394.6346 427.77884 0.019607844 -1176
42 394.6346 436.17197 0.019607844 -1209
43 398.1346 449.77878 0.019607844 -1226
44 400.12146 457.72925 0.019607844 -1257
45 400.7645 465.43536 0.019607844 -1274
46 403.54883 480.05237 0.019607844 -1290
47 405.22778 501.97455 0.019607844 -1307
48 406.90222 527.189 0.019607844 -1323
49 407.62256 563.112 0.019607844 -1340
50 408.62164 601.9058 0.019607844 -1356
51 407.62256 729.4912 0.019607844 -1373
52 402.8706 783.5269 0.01764706 -1422
53 399.52768 820.9427 0.019607844 -1439
54 395.86884 847.91077 0.01764706 -1455
55 395.42407 874.0622 0.019607844 -1472
56 395.63367 890.1634 0.019607844 -1488
57 393.71683 901.12384 0.019607844 -1505
58 392.17218 911.45465 0.019607844 -1521
59 392.63644 915.5232 0.019607844 -1554
60 392.63644 916.76636 0.019607844 -1571
61 392.63644 918.6521 0.019607844 -1588
62 392.63644 921.40656 0.019607844 -1604
63 392.63644 925.01105 0.019607844 -1621
64 394.18167 930.1554 0.019607844 -1637
65 394.6346 938.7281 0.019607844 -1654
66 394.73785 942.61237 0.019607844 -1687
67 396.63275 948.8724 0.019607844 -1703
68 396.63275 952.7115 0.019607844 -1736
69 396.63275 958.65643 0.019607844 -1753
70 397.63184 964.20306 0.019607844 -1786
71 397.63184 966.29175 0.019607844 -1819
72 397.63184 968.14276 0.019607844 -1835
73 397.63184 969.9786 0.019607844 -1852
74 397.63184 971.8206 0.019607844 -1868
75 397.63184 971.494 0.019607844 -1885
76 397.63184 971.494 0.019607844 -1913
77 397.63184 971.494 0.01764706 -1951
78 397.63184 971.494 0.01764706 -1963
0 737.3173 444.76834 0.019607844 -111
1 734.8196 444.76834 0.021568628 -111
2 732.95197 444.76834 0.019607844 -134
3 731.2416 444.76834 0.019607844 -151
4 730.3238 444.76834 0.019607844 -167
5 730.3238 444.76834 0.019607844 -184
6 730.3238 444.76834 0.019607844 -200
7 730.3238 444.76834 0.019607844 -217
8 729.60596 444.76834 0.019607844 -233
9 729.3247 444.76834 0.019607844 -250
10 727.5636 444.76834 0.019607844 -283
11 726.827 444.76834 0.019607844 -299
12 725.9128 444.76834 0.019607844 -306
13 726.32745 444.76834 0.019607844 -329
14 726.32745 444.76834 0.019607844 -382
15 723.1844 442.76938 0.019607844 -432
16 719.6213 441.05783 0.019607844 -465
17 717.7452 440.18045 0.019607844 -498
18 714.4708 438.3379 0.019607844 -514
19 707.6317 436.59433 0.019607844 -531
20 697.0997 434.7311 0.019607844 -547
21 673.1542 432.91125 0.019607844 -564
22 649.21246 430.46344 0.019607844 -580
23 622.0588 426.79565 0.019607844 -597
24 588.3574 421.97528 0.019607844 -613
25 547.3442 416.4094 0.01764706 -630
26 464.01752 402.47125 0.019607844 -646
27 421.21106 395.53964 0.019607844 -679
28 401.32428 391.22018 0.019607844 -712
29 395.8215 389.52643 0.019607844 -745
30 393.64398 387.8065 0.019607844 -762
31 391.9244 387.798 0.019607844 -778
32 390.23468 389.2013 0.019607844 -795
33 389.63922 390.86673 0.019607844 -811
34 388.64014 391.79593 0.019607844 -828
35 388.64014 393.3467 0.019607844 -844
36 388.64014 401.8952 0.019607844 -861
37 388.64014 414.78397 0.019607844 -894
38 388.99683 422.56494 0.019607844 -927
39 391.6374 443.52374 0.019607844 -943
40 392.63644 454.46704 0.019607844 -976
41 392.63644 470.93665 0.019607844 -993
42 392.63644 479.48465 0.019607844 -1026
43 394.5342 497.53497 0.019607844 -1042
44 395.63367 515.30475 0.019607844 -1059
45 395.63367 533.87354 0.01764706 -1076
46 398.78125 562.8138 0.019607844 -1092
47 398.6309 586.1947 0.01764706 -1109
48 399.62997 645.6637 0.019607844 -1121
49 400.62906 670.8058 0.019607844 -1158
50 399.53256 688.61646 0.019607844 -1175
51 394.14517 722.07336 0.019607844 -1191
52 392.63644 758.94977 0.019607844 -1224
53 389.63922 785.31146 0.019607844 -1257
54 389.58194 803.89343 0.01764706 -1290
55 389.63922 824.04224 0.019607844 -1307
56 390.23773 846.54517 0.019607844 -1323
57 390.51465 898.26495 0.01764706 -1340
58 390.67957 952.0498 0.019607844 -1373
59 388.72845 968.8765 0.019607844 -1406
60 386.8531 977.6456 0.019607844 -1422
61 385.6429 985.97675 0.019607844 -1439
62 385.6429 989.7108 0.019607844 -1472
63 385.6429 992.48303 0.019607844 -1505
64 385.6429 992.48303 0.019607844 -1538
65 385.6429 993.2922 0.019607844 -1571
66 385.6429 993.48254 0.019607844 -1587
67 385.6429 994.9817 0.019607844 -1604
68 385.6429 994.482 0.019607844 -1614
69 385.6429 994.482 0.019607844 -1637
70 385.6429 994.482 0.01764706 -1648
71 385.6429 994.482 0.01764706 -1661
