0 894.17206 392.7954 0.019607844 -93
1 869.97675 401.56732 0.019607844 -93
2 841.9366 410.96014 0.019607844 -135
3 826.2952 414.7689 0.019607844 -168
4 809.03516 418.42523 0.019607844 -184
5 763.54834 424.82837 0.019607844 -201
6 700.3432 428.5273 0.019607844 -234
7 653.96094 428.77667 0.019607844 -267
8 631.82465 428.77667 0.019607844 -300
9 606.2009 429.77615 0.019607844 -316
10 573.99347 430.75064 0.019607844 -333
11 544.98663 430.77563 0.019607844 -349
12 524.9488 430.77563 0.019607844 -366
13 509.78195 430.77563 0.019607844 -382
14 486.78015 430.77563 0.019607844 -399
15 467.16202 428.09595 0.019607844 -432
16 457.78714 426.2202 0.019607844 -465
17 450.03076 424.3908 0.021568628 -481
18 438.6408 420.79648 0.021568628 -498
19 430.37485 419.78134 0.021568628 -531
20 423.08978 419.78134 0.019607844 -564
21 419.38477 419.78134 0.019607844 -597
22 413.977 428.96594 0.019607844 -613
23 408.6035 445.82236 0.019607844 -630
24 401.7715 475.10672 0.021568628 -646
25 400.38217 502.69214 0.019607844 -663
26 396.50308 538.7043 0.021568628 -679
27 393.72104 596.89197 0.019607844 -696
28 390.6383 650.0571 0.019607844 -712
29 390.8382 703.235 0.019607844 -729
30 392.63644 809.1289 0.019607844 -745
31 403.40448 941.2897 0.021568628 -778
32 412.36987 1037.9965 0.021568628 -811
33 414.17905 1101.5521 0.021568628 -844
34 419.03235 1153.704 0.021568628 -877
35 420.61053 1172.9408 0.019607844 -910
36 421.94186 1187.7092 0.019607844 -927
37 421.60962 1195.5966 0.019607844 -943
38 421.60962 1202.3696 0.019607844 -960
39 421.60962 1202.3696 0.023529414 -976
0 932.1369 589.6929 0.019607844 -6
1 932.1369 589.6929 0.019607844 -6
2 932.1369 589.6929 0.019607844 -57
3 932.1369 589.6929 0.019607844 -82
4 932.1369 589.6929 0.019607844 -98
5 924.8641 595.82947 0.019607844 -131
6 913.8239 600.8108 0.019607844 -164
7 896.4445 604.4303 0.019607844 -181
8 878.40375 607.43726 0.019607844 -197
9 858.99744 609.28326 0.019607844 -214
10 835.5373 611.1193 0.019607844 -230
11 814.651 613.0075 0.019607844 -247
12 792.7356 613.79803 0.019607844 -263
13 767.20935 614.6798 0.019607844 -280
14 735.7911 618.387 0.019607844 -296
15 708.1072 620.0173 0.019607844 -313
16 683.1931 622.63226 0.019607844 -329
17 627.41235 623.8089 0.019607844 -346
18 596.33746 622.66187 0.019607844 -379
19 533.23676 620.0712 0.019607844 -395
20 500.35852 617.6783 0.019607844 -428
21 490.83752 617.6783 0.019607844 -461
22 483.9215 617.6783 0.019607844 -478
23 479.09235 617.6783 0.019607844 -494
24 475.53558 617.6783 0.019607844 -511
25 473.1872 617.6783 0.019607844 -527
26 471.44604 617.6783 0.019607844 -544
27 469.5853 617.6783 0.019607844 -560
28 465.96548 619.4789 0.019607844 -577
29 459.74765 635.5401 0.019607844 -593
30 452.99835 652.6156 0.019607844 -610
31 447.00253 684.7284 0.019607844 -626
32 443.5413 711.9892 0.019607844 -643
33 445.41168 767.2023 0.019607844 -659
34 450.35858 817.14624 0.019607844 -676
35 458.4438 872.5025 0.019607844 -692
36 466.7432 930.5078 0.019607844 -709
37 473.9665 986.93134 0.019607844 -725
38 480.13232 1050.4812 0.019607844 -742
39 484.3394 1116.9631 0.019607844 -758
40 486.2446 1161.545 0.019607844 -775
41 486.5495 1196.938 0.019607844 -791
42 486.16144 1236.7935 0.019607844 -808
43 484.31348 1256.4882 0.019607844 -824
44 483.40692 1264.7776 0.019607844 -841
45 482.5532 1280.637 0.019607844 -857
46 482.5532 1288.2401 0.019607844 -890
47 482.5532 1300.6843 0.019607844 -907
48 482.5532 1313.3159 0.01764706 -923
49 482.5532 1313.3159 0.01764706 -935
0 930.1388 398.7923 0.021568628 -172
1 903.3922 398.7923 0.021568628 -172
2 874.2712 399.79178 0.021568628 -194
3 834.2408 399.79178 0.021568628 -210
4 799.52747 399.79178 0.021568628 -227
5 734.4334 399.79178 0.021568628 -243
6 671.9603 399.79178 0.021568628 -277
7 671.9603 399.79178 0.027450982 -307
8 605.4394 411.78552 0.021568628 -333
9 566.3654 407.1954 0.021568628 -333
10 536.75146 405.78864 0.021568628 -357
11 518.03894 403.89334 0.021568628 -390
12 502.0534 402.2941 0.021568628 -423
13 492.72458 401.7907 0.021568628 -456
14 469.597 401.7907 0.021568628 -472
15 437.24493 401.7907 0.021568628 -505
16 431.00656 401.7907 0.021568628 -555
17 425.5958 402.79358 0.021568628 -571
18 421.95926 404.61426 0.021568628 -588
19 418.3497 406.41977 0.021568628 -604
20 414.46378 411.0908 0.019607844 -621
21 414.46378 411.0908 0.027450982 -654
22 416.61426 470.7548 0.021568628 -679
23 413.34082 480.77005 0.019607844 -679
24 412.61795 504.34872 0.019607844 -703
25 412.61795 537.338 0.023529414 -720
26 412.61795 568.23425 0.019607844 -736
27 418.26456 667.9484 0.023529414 -753
28 418.65057 708.76135 0.019607844 -786
29 420.91632 752.036 0.019607844 -802
30 422.5042 883.9253 0.021568628 -819
31 426.3098 977.87665 0.021568628 -851
32 426.605 1040.9578 0.021568628 -884
33 428.60315 1075.2633 0.019607844 -917
34 429.60223 1099.671 0.021568628 -950
35 429.60223 1108.095 0.021568628 -983
36 429.60223 1116.0135 0.019607844 -1000
37 429.60223 1116.0135 0.023529414 -1016
0 962.1092 403.78967 0.021568628 -119
1 943.7777 403.78967 0.021568628 -119
2 904.86505 406.99683 0.021568628 -141
3 877.706 407.7876 0.021568628 -174
4 836.5522 407.7876 0.021568628 -190
5 799.8854 407.7876 0.021568628 -207
6 761.73267 406.21033 0.021568628 -223
7 725.5691 405.78864 0.021568628 -240
8 687.80396 405.78864 0.021568628 -256
9 614.6535 405.78864 0.021568628 -273
10 584.0424 405.09454 0.021568628 -306
11 560.1603 403.78967 0.021568628 -322
12 539.757 402.45007 0.021568628 -339
13 521.25757 400.66534 0.021568628 -355
14 490.77792 397.79282 0.023529414 -372
15 475.382 397.79282 0.023529414 -405
16 467.68256 397.79282 0.023529414 -438
17 463.98114 397.79282 0.023529414 -471
18 460.4448 397.79282 0.021568628 -487
19 458.18802 397.79282 0.021568628 -504
20 454.32324 400.04773 0.021568628 -520
21 446.32504 414.32324 0.019607844 -537
22 441.51 433.2614 0.021568628 -570
23 436.55194 486.5356 0.021568628 -586
24 435.66696 525.8973 0.019607844 -619
25 435.3417 601.52 0.021568628 -636
26 438.7295 660.69165 0.023529414 -652
27 441.0236 722.30975 0.021568628 -669
28 448.3287 780.5194 0.021568628 -685
29 449.8117 854.54266 0.021568628 -702
30 454.62872 953.7309 0.021568628 -718
31 453.6204 1016.09705 0.019607844 -735
32 453.58002 1057.3065 0.019607844 -751
33 454.30435 1089.5824 0.021568628 -768
34 454.1614 1106.4971 0.021568628 -784
35 453.58002 1116.2139 0.021568628 -801
36 453.58002 1122.1771 0.021568628 -817
37 453.58002 1125.6312 0.021568628 -834
38 453.58002 1130.2552 0.021568628 -850
39 452.75885 1136.6956 0.019607844 -867
40 451.58188 1141.4055 0.019607844 -883
41 451.58188 1141.4055 0.019607844 -893
0 991.08234 636.6684 0.019607844 -103
1 982.51855 636.6684 0.019607844 -103
2 946.66974 633.38226 0.019607844 -117
3 922.91943 631.512 0.019607844 -150
4 888.49744 631.67096 0.019607844 -166
5 855.08203 631.67096 0.019607844 -183
6 824.94415 631.67096 0.019607844 -199
7 792.3164 633.0887 0.019607844 -216
8 760.4741 634.8941 0.019607844 -232
9 675.05975 635.6689 0.019607844 -248
10 599.58417 633.2414 0.019607844 -281
11 572.48315 631.38635 0.019607844 -314
12 545.87213 627.3256 0.019607844 -331
13 523.55853 623.849 0.019607844 -347
14 509.3613 621.9379 0.019607844 -364
15 500.39407 620.14136 0.019607844 -380
16 493.19342 618.3404 0.019607844 -397
17 485.79666 618.67773 0.019607844 -413
18 482.11234 620.39746 0.019607844 -446
19 478.51236 622.7202 0.019607844 -463
20 473.55743 637.0152 0.019607844 -479
21 470.38388 651.56354 0.019607844 -496
22 467.62402 682.4474 0.019607844 -512
23 468.56613 814.87463 0.019607844 -529
24 469.9271 885.0277 0.019607844 -562
25 470.5643 951.8162 0.019607844 -578
26 471.54562 1035.5195 0.019607844 -595
27 471.56335 1123.055 0.019607844 -611
28 471.56335 1177.8192 0.019607844 -628
29 471.56335 1208.6405 0.019607844 -644
30 471.56335 1246.4946 0.019607844 -661
31 471.56335 1259.0979 0.019607844 -677
32 471.56335 1265.9852 0.019607844 -694
33 469.61526 1274.2362 0.01764706 -710
34 468.56613 1275.3357 0.01764706 -743
35 464.56985 1253.3472 0.023529414 -752
0 946.12396 418.78186 0.019607844 -130
1 920.53296 421.03888 0.019607844 -130
2 841.0311 426.70535 0.019607844 -150
3 796.2364 428.59616 0.019607844 -182
4 768.28864 429.77615 0.019607844 -199
5 743.31177 463.75845 0.027450982 -210
6 697.3543 448.76627 0.019607844 -237
7 665.8477 442.40732 0.019607844 -237
8 569.76544 432.79236 0.019607844 -249
9 530.5764 430.937 0.019607844 -282
10 499.89572 427.49182 0.019607844 -298
11 477.88406 425.31113 0.021568628 -315
12 462.93314 422.5069 0.021568628 -331
13 446.87054 419.78134 0.021568628 -348
14 442.0694 419.0211 0.021568628 -381
15 436.28308 418.78186 0.021568628 -397
16 432.62668 418.78186 0.019607844 -430
17 432.59946 434.12418 0.021568628 -463
18 434.82883 457.84464 0.019607844 -480
19 442.1848 536.6627 0.021568628 -496
20 446.78287 591.93475 0.021568628 -529
21 461.1914 675.2824 0.021568628 -546
22 467.89163 739.2139 0.021568628 -562
23 471.17773 810.91003 0.019607844 -579
24 470.0592 873.22845 0.019607844 -595
25 466.67862 928.5219 0.019607844 -612
26 466.21994 974.5952 0.021568628 -628
27 466.36862 1003.271 0.019607844 -645
28 462.38898 1035.8322 0.021568628 -661
29 459.61618 1054.263 0.021568628 -678
30 457.74722 1064.5902 0.021568628 -694
31 456.57724 1080.4371 0.019607844 -711
32 455.5782 1085.7583 0.019607844 -744
33 454.5791 1087.4336 0.019607844 -760
34 454.5791 1087.4336 0.019607844 -765
0 951.1193 387.798 0.021568628 -87
1 926.87714 390.45706 0.021568628 -87
2 902.5226 389.6137 0.021568628 -109
3 831.9609 392.99857 0.021568628 -126
4 760.86285 396.0352 0.021568628 -159
5 699.44257 398.76025 0.021568628 -175
6 647.86597 399.79178 0.021568628 -192
7 557.03436 401.20905 0.021568628 -208
8 495.14157 401.7907 0.021568628 -241
9 470.57803 401.7907 0.021568628 -275
10 461.8212 401.7907 0.021568628 -308
11 455.48404 403.88385 0.019607844 -341
12 446.6292 425.60733 0.021568628 -374
13 442.62982 452.84766 0.019607844 -407
14 441.59113 492.19373 0.019607844 -423
15 442.50934 654.3683 0.019607844 -440
16 447.9537 743.29767 0.021568628 -473
17 452.13217 824.1806 0.019607844 -489
18 454.5791 916.6878 0.021568628 -506
19 455.5782 996.74036 0.019607844 -522
20 460.57355 1113.7325 0.019607844 -539
21 457.57632 1168.123 0.019607844 -572
22 454.4616 1190.5559 0.019607844 -588
23 452.58093 1208.5522 0.019607844 -605
24 452.58093 1217.0182 0.019607844 -638
25 452.58093 1217.0182 0.023529414 -654
0 949.1212 387.798 0.021568628 -95
1 920.51074 392.88635 0.021568628 -95
2 892.0087 395.19223 0.021568628 -117
3 812.86426 397.79282 0.021568628 -133
4 738.9507 389.49976 0.021568628 -166
5 681.5282 384.33395 0.023529414 -183
6 628.35034 377.11545 0.019607844 -199
7 582.04266 371.98724 0.019607844 -216
8 510.42334 366.80283 0.019607844 -232
9 510.42334 366.80283 0.027450982 -265
10 477.55783 379.8022 0.019607844 -292
11 465.68698 374.86383 0.019607844 -292
12 459.75845 373.53348 0.019607844 -315
13 452.70404 370.80685 0.019607844 -331
14 449.2685 374.12067 0.023529414 -364
15 445.7211 379.1018 0.021568628 -381
16 437.49582 414.6759 0.023529414 -397
17 432.21814 468.88147 0.019607844 -430
18 427.6526 523.7466 0.019607844 -447
19 422.68564 591.38275 0.023529414 -463
20 419.10168 661.1159 0.021568628 -480
21 416.24692 736.0289 0.019607844 -496
22 412.61795 855.172 0.021568628 -513
23 412.61795 935.7413 0.021568628 -529
24 413.348 1003.0528 0.019607844 -546
25 415.2935 1052.6563 0.019607844 -562
26 417.2313 1091.3135 0.021568628 -579
27 419.08704 1122.3157 0.021568628 -595
28 419.61148 1129.8425 0.019607844 -628
29 419.61148 1134.4092 0.019607844 -645
30 424.60684 1178.3862 0.023529414 -658
0 965.1064 375.80426 0.021568628 -134
1 935.04767 379.9585 0.021568628 -134
2 904.431 385.98685 0.021568628 -156
3 865.9993 391.42593 0.021568628 -172
4 824.4021 395.04074 0.021568628 -189
5 757.7848 401.74365 0.021568628 -205
6 707.8675 405.46573 0.021568628 -222
7 640.40704 409.78656 0.021568628 -238
8 624.4218 410.78604 0.021568628 -266
9 594.4496 411.78552 0.021568628 -293
10 576.62396 411.78552 0.021568628 -293
11 540.01434 410.8503 0.021568628 -305
12 529.68225 409.78656 0.021568628 -337
13 517.4313 409.78656 0.021568628 -354
14 510.4138 409.78656 0.021568628 -387
15 506.66138 409.78656 0.021568628 -420
16 497.87943 412.33844 0.019607844 -436
17 481.02448 443.04153 0.019607844 -469
18 471.43176 477.1993 0.021568628 -502
19 464.04764 541.94464 0.023529414 -519
20 463.57077 603.1424 0.021568628 -535
21 470.4568 740.6459 0.019607844 -552
22 471.56335 915.5078 0.019607844 -585
23 476.34628 976.4358 0.021568628 -618
24 477.55783 1015.1588 0.019607844 -634
25 477.55783 1044.7448 0.021568628 -651
26 477.55783 1059.8141 0.021568628 -667
27 477.55783 1068.4436 0.021568628 -684
28 477.55783 1076.6234 0.021568628 -700
29 477.55783 1081.4368 0.019607844 -733
30 481.5541 1125.4138 0.023529414 -757
0 971.1008 430.77563 0.019607844 -5
1 971.1008 430.77563 0.019607844 -5
2 971.1008 430.77563 0.019607844 -14
3 964.1073 428.77667 0.019607844 -109
4 954.32513 428.77667 0.019607844 -109
5 910.2711 425.55634 0.021568628 -123
6 874.8112 424.601 0.021568628 -156
7 829.00995 422.80484 0.021568628 -172
8 788.24304 420.9699 0.021568628 -189
9 747.7599 421.4409 0.021568628 -205
10 711.7871 421.7803 0.021568628 -222
11 674.7822 421.7803 0.021568628 -238
12 641.4149 420.62347 0.021568628 -255
13 602.8799 419.7996 0.021568628 -271
14 546.0605 416.16376 0.021568628 -288
15 525.6138 412.89413 0.021568628 -321
16 503.68655 410.26865 0.021568628 -337
17 487.63507 408.67297 0.021568628 -354
18 475.0327 406.86682 0.021568628 -370
19 461.05502 404.78915 0.023529414 -387
20 455.342 404.78915 0.021568628 -420
21 451.1811 404.78915 0.021568628 -436
22 447.48563 404.78915 0.021568628 -453
23 441.9888 404.78915 0.021568628 -469
24 438.24515 404.78915 0.021568628 -486
25 434.64743 406.26346 0.019607844 -502
26 429.5964 409.45728 0.019607844 -519
27 424.04965 421.03555 0.021568628 -535
28 420.66864 443.95444 0.021568628 -552
29 420.36157 491.01303 0.021568628 -568
30 423.71332 545.08923 0.021568628 -585
31 425.94333 611.5282 0.021568628 -601
32 424.4088 680.58276 0.019607844 -618
33 425.66745 791.022 0.019607844 -634
34 427.35983 857.64185 0.021568628 -651
35 427.3554 919.8009 0.021568628 -667
36 427.60406 980.024 0.021568628 -684
37 427.60406 1032.8829 0.021568628 -700
38 428.1405 1070.255 0.019607844 -717
39 429.09775 1103.3658 0.021568628 -733
40 429.60223 1122.5605 0.019607844 -750
41 429.60223 1132.4473 0.021568628 -766
42 429.60223 1138.1648 0.021568628 -783
43 429.60223 1144.6992 0.019607844 -799
44 429.60223 1146.4028 0.019607844 -832
45 429.60223 1146.4028 0.019607844 -838
0 938.13135 399.79178 0.019607844 0
1 938.13135 399.79178 0.021568628 0
2 938.13135 399.79178 0.021568628 -43
3 937.1713 399.31158 0.021568628 -47
4 931.7529 394.41025 0.019607844 -126
5 916.86316 395.79385 0.021568628 -142
6 894.8853 395.79385 0.021568628 -159
7 860.60785 396.8192 0.021568628 -175
8 823.39764 398.6419 0.021568628 -192
9 785.773 401.17194 0.021568628 -208
10 743.6708 404.84253 0.021568628 -225
11 697.9868 408.53656 0.021568628 -241
12 659.67145 413.29172 0.021568628 -258
13 620.8689 417.9853 0.019607844 -274
14 560.13916 424.48358 0.019607844 -291
15 545.89154 425.77823 0.019607844 -324
16 534.54675 425.77823 0.019607844 -340
17 523.32355 425.77823 0.019607844 -357
18 503.71667 425.77823 0.019607844 -373
19 488.13754 425.77823 0.019607844 -406
20 477.55783 425.77823 0.019607844 -439
21 471.56335 461.7595 0.027450982 -463
22 457.57632 466.7569 0.019607844 -499
23 450.17886 458.35693 0.019607844 -499
24 446.0911 454.26755 0.019607844 -522
25 442.42334 450.5983 0.019607844 -538
26 439.68484 447.8587 0.019607844 -555
27 437.88147 446.05457 0.019607844 -571
28 436.0737 444.2461 0.019607844 -588
29 434.26666 442.43832 0.019607844 -604
30 434.26666 442.43832 0.027450982 -621
31 430.6013 475.7522 0.021568628 -645
32 424.47977 482.4213 0.019607844 -645
33 419.57623 501.9501 0.021568628 -670
34 414.61206 539.75116 0.023529414 -687
35 412.20544 589.6799 0.021568628 -703
36 415.62143 667.7692 0.019607844 -720
37 421.10074 735.5235 0.021568628 -736
38 426.87973 808.07904 0.023529414 -753
39 432.92264 875.19055 0.019607844 -769
40 446.84924 1006.90845 0.023529414 -786
41 450.38235 1115.0089 0.021568628 -819
42 447.58557 1166.1193 0.021568628 -852
43 446.05066 1178.068 0.021568628 -885
44 443.58926 1189.9784 0.021568628 -901
45 441.3707 1193.8195 0.021568628 -934
46 440.59204 1196.5928 0.021568628 -951
47 440.59204 1200.7241 0.019607844 -967
48 440.59204 1203.3732 0.01764706 -984
49 446.5865 1247.3503 0.023529414 -991
0 954.1166 437.77197 0.019607844 -133
1 950.13306 436.7789 0.021568628 -133
2 940.94403 434.90936 0.019607844 -150
3 924.53656 433.0403 0.019607844 -166
4 903.9154 432.17093 0.019607844 -182
5 879.40985 433.5811 0.019607844 -199
6 851.4583 434.45685 0.019607844 -215
7 821.1146 432.59085 0.019607844 -232
8 821.1146 432.59085 0.027450982 -249
9 759.29694 448.76627 0.019607844 -274
10 713.3992 439.66388 0.019607844 -274
11 679.24854 435.64838 0.019607844 -298
12 643.2735 431.96194 0.019607844 -315
13 613.50836 428.3153 0.019607844 -331
14 584.88947 424.56967 0.021568628 -348
15 551.24524 421.83426 0.021568628 -364
16 529.94415 420.00256 0.021568628 -381
17 494.4238 415.43713 0.021568628 -397
18 480.0647 413.7845 0.021568628 -430
19 461.93915 412.785 0.021568628 -447
20 454.57718 412.785 0.021568628 -480
21 448.82724 412.785 0.021568628 -496
22 444.74783 412.785 0.021568628 -513
23 438.54382 412.785 0.021568628 -529
24 434.7811 412.785 0.021568628 -562
25 431.17923 413.4954 0.021568628 -579
26 427.55716 415.30716 0.019607844 -595
27 423.9174 417.12778 0.019607844 -612
28 417.08923 430.99948 0.021568628 -628
29 411.79605 461.34094 0.021568628 -645
30 409.62073 499.88928 0.019607844 -661
31 410.21628 549.42395 0.021568628 -678
32 413.03146 613.6499 0.021568628 -694
33 417.24103 679.96484 0.019607844 -711
34 420.82834 744.6467 0.019607844 -727
35 426.5153 856.5005 0.023529414 -744
36 426.605 922.04126 0.021568628 -760
37 426.30148 981.7861 0.021568628 -777
38 423.6078 1036.0314 0.021568628 -793
39 420.22873 1072.5773 0.019607844 -810
40 415.72504 1106.0994 0.021568628 -826
41 415.2625 1121.5337 0.019607844 -843
42 414.6161 1138.3398 0.019607844 -859
43 414.6161 1144.4039 0.019607844 -892
44 420.61053 1186.3821 0.023529414 -915
0 961.1101 426.7777 0.019607844 -146
1 941.5766 425.77823 0.019607844 -146
2 914.39276 424.77875 0.019607844 -166
3 869.4942 424.77875 0.019607844 -182
4 822.19556 426.6595 0.019607844 -199
5 778.0308 427.5073 0.019607844 -215
6 734.93726 427.7772 0.019607844 -232
7 687.8483 427.7772 0.019607844 -248
8 653.0352 427.7772 0.019607844 -265
9 617.0813 427.7772 0.019607844 -281
10 582.94464 425.84567 0.019607844 -298
11 554.77844 424.77875 0.021568628 -314
12 536.32275 423.20395 0.021568628 -331
13 508.90155 420.5485 0.021568628 -347
14 502.22562 418.70456 0.021568628 -380
15 496.0468 418.78186 0.021568628 -397
16 491.16638 418.78186 0.021568628 -413
17 483.98306 418.78186 0.021568628 -430
18 480.29306 418.78186 0.019607844 -463
19 475.65686 419.74893 0.019607844 -480
20 468.48227 425.09155 0.023529414 -496
21 462.3216 432.58762 0.023529414 -513
22 456.48428 442.95535 0.021568628 -529
23 450.18713 464.60617 0.023529414 -546
24 445.60254 492.62247 0.023529414 -562
25 443.58926 596.94305 0.023529414 -579
26 445.0116 658.06036 0.023529414 -612
27 446.77362 715.18365 0.023529414 -628
28 446.5865 781.0747 0.021568628 -645
29 450.60745 882.52795 0.021568628 -661
30 453.39252 938.6929 0.021568628 -678
31 453.58002 983.78174 0.021568628 -694
32 454.1871 1020.79803 0.021568628 -711
33 454.5791 1047.547 0.021568628 -727
34 454.5791 1067.0154 0.019607844 -744
35 455.5782 1101.5653 0.021568628 -760
36 456.57724 1111.2058 0.021568628 -793
37 458.36108 1117.7743 0.021568628 -810
38 458.5754 1124.4143 0.019607844 -826
39 460.57355 1172.3894 0.023529414 -845
0 960.111 404.78915 0.021568628 -127
1 941.84814 402.38043 0.021568628 -127
2 923.8145 400.55838 0.021568628 -148
3 901.44977 400.79126 0.021568628 -164
4 863.7691 399.82172 0.021568628 -181
5 827.5172 398.7923 0.021568628 -197
6 792.19244 400.49512 0.021568628 -214
7 753.2374 401.36548 0.021568628 -230
8 713.3787 403.21667 0.021568628 -247
9 635.28864 409.09924 0.021568628 -263
10 554.2808 416.55988 0.019607844 -296
11 507.21973 419.78134 0.019607844 -329
12 489.87012 419.78134 0.019607844 -362
13 478.7733 420.78082 0.019607844 -379
14 465.13297 420.78082 0.019607844 -395
15 461.29395 420.78082 0.019607844 -428
16 457.67175 420.78082 0.019607844 -445
17 454.00467 420.78082 0.019607844 -461
18 448.72104 420.78082 0.019607844 -478
19 443.13632 431.4998 0.021568628 -511
20 438.34857 447.372 0.019607844 -527
21 433.6475 478.73596 0.021568628 -544
22 429.9965 509.27478 0.019607844 -560
23 426.605 648.59534 0.021568628 -577
24 428.4379 717.5141 0.019607844 -610
25 427.5458 783.5475 0.021568628 -626
26 428.1374 844.1082 0.021568628 -643
27 431.0518 906.055 0.021568628 -659
28 434.37564 969.71844 0.021568628 -676
29 442.02203 1064.1119 0.019607844 -692
30 443.58926 1129.589 0.019607844 -725
31 443.58926 1145.5505 0.019607844 -758
32 443.58926 1147.4023 0.019607844 -791
33 443.58926 1149.4014 0.019607844 -799
0 973.099 414.78397 0.019607844 -109
1 941.93884 415.56732 0.019607844 -109
2 917.10767 415.78345 0.021568628 -132
3 891.0337 417.29276 0.019607844 -149
4 863.4376 419.16583 0.019607844 -165
5 830.44135 421.0624 0.019607844 -182
6 798.4309 424.09354 0.019607844 -198
7 750.3262 427.84033 0.019607844 -215
8 678.3164 437.52063 0.021568628 -231
9 613.67096 443.40915 0.021568628 -264
10 589.928 438.3831 0.019607844 -297
11 566.3915 435.6827 0.019607844 -314
12 532.5452 432.06616 0.019607844 -330
13 519.63135 430.22055 0.019607844 -363
14 497.30273 426.5717 0.019607844 -380
15 480.13406 425.77823 0.019607844 -413
16 473.42212 424.77875 0.021568628 -446
17 468.5284 424.77875 0.019607844 -462
18 464.86594 424.77875 0.019607844 -479
19 461.16132 424.77875 0.019607844 -495
20 456.5531 426.7938 0.021568628 -512
21 450.24496 433.11255 0.021568628 -528
22 442.96182 443.36816 0.021568628 -545
23 437.1648 456.10007 0.019607844 -561
24 430.7114 492.08252 0.019607844 -578
25 424.10617 540.8944 0.021568628 -594
26 421.6408 630.7353 0.021568628 -611
27 420.7974 702.1535 0.019607844 -627
28 421.92166 764.536 0.019607844 -644
29 423.6078 826.6284 0.021568628 -660
30 422.25998 874.9215 0.019607844 -677
31 427.00348 927.5022 0.019607844 -693
32 427.77582 972.1042 0.021568628 -710
33 430.6013 1035.9836 0.021568628 -726
34 430.6013 1051.1093 0.021568628 -759
35 430.6013 1060.6152 0.021568628 -776
36 430.6013 1067.8049 0.019607844 -792
37 430.6013 1073.7047 0.019607844 -809
38 430.6013 1079.6328 0.019607844 -825
39 429.60223 1083.4357 0.01764706 -842
40 429.60223 1083.4357 0.01764706 -852
0 988.0851 1043.4565 0.019607844 -130
1 968.0378 1046.0181 0.019607844 -130
2 949.2302 1047.4545 0.019607844 -151
3 928.8058 1047.4545 0.019607844 -168
4 902.5791 1047.4545 0.019607844 -184
5 862.7525 1047.4545 0.01764706 -201
6 826.94775 1047.4545 0.019607844 -217
7 791.16595 1047.4545 0.019607844 -234
8 757.3351 1047.4545 0.019607844 -250
9 722.79755 1047.4545 0.019607844 -267
10 689.9104 1047.4545 0.019607844 -283
11 652.71716 1047.4545 0.01764706 -300
12 607.49164 1047.4545 0.01764706 -316
13 576.6291 1047.4545 0.01764706 -333
14 550.909 1047.4545 0.01764706 -349
15 529.53125 1047.4545 0.01764706 -366
16 504.84024 1046.5062 0.01764706 -382
17 497.293 1046.455 0.01764706 -415
18 492.30505 1046.455 0.01764706 -432
19 487.325 1046.455 0.01764706 -448
20 484.24084 1046.455 0.01764706 -465
21 480.5164 1046.455 0.01764706 -481
22 475.86267 1046.455 0.019607844 -498
23 471.62592 1046.455 0.019607844 -514
24 464.15808 1047.6604 0.019607844 -531
25 460.4423 1051.6494 0.019607844 -564
26 453.95865 1074.798 0.019607844 -580
27 448.91714 1117.7603 0.01764706 -597
28 446.66296 1157.2494 0.019607844 -613
29 444.37827 1207.2587 0.019607844 -630
30 438.3622 1289.039 0.019607844 -646
31 431.82336 1404.1764 0.019607844 -663
32 425.98535 1542.2213 0.01764706 -679
33 423.6078 1632.6506 0.019607844 -712
34 422.6087 1691.3834 0.01764706 -745
35 422.6087 1698.4985 0.01764706 -778
36 422.6087 1703.2452 0.01764706 -795
37 422.6087 1708.0111 0.01764706 -811
38 422.6087 1708.1104 0.01764706 -844
39 422.6087 1709.1097 0.01764706 -845
0 979.09344 601.6866 0.019607844 -127
1 965.8897 607.2647 0.019607844 -127
2 949.9309 614.0977 0.019607844 -148
3 903.23553 622.4748 0.019607844 -165
4 853.46356 628.4022 0.019607844 -198
5 814.3088 627.12225 0.019607844 -214
6 774.39966 630.21594 0.019607844 -231
7 733.6285 631.67096 0.019607844 -247
8 644.4902 632.6705 0.019607844 -264
9 575.25995 626.2601 0.019607844 -297
10 549.9907 628.17285 0.019607844 -330
11 532.9138 626.15533 0.019607844 -346
12 521.0241 623.59296 0.019607844 -363
13 513.0462 621.80646 0.019607844 -379
14 506.61035 620.03687 0.019607844 -396
15 502.69217 618.2568 0.019607844 -412
16 499.16644 618.67773 0.019607844 -429
17 495.4409 618.67773 0.019607844 -445
18 491.8066 618.67773 0.019607844 -462
19 488.19507 619.3539 0.019607844 -478
20 484.60388 621.6236 0.019607844 -495
21 480.9832 626.5309 0.019607844 -511
22 474.12463 642.6835 0.019607844 -528
23 465.8575 678.1447 0.019607844 -544
24 458.05466 770.5445 0.019607844 -561
25 460.77118 889.07544 0.019607844 -594
26 461.57263 953.7976 0.019607844 -627
27 463.57077 1061.6301 0.019607844 -643
28 465.2892 1121.4172 0.019607844 -660
29 467.10693 1162.8802 0.019607844 -676
30 468.56613 1224.8208 0.019607844 -693
31 468.56613 1262.6526 0.019607844 -726
32 468.56613 1268.1436 0.019607844 -759
33 465.89026 1275.0143 0.01764706 -775
34 465.5689 1275.3357 0.01764706 -808
35 462.5717 1251.3483 0.023529414 -811
0 961.1101 403.78967 0.021568628 -119
1 938.3943 406.1528 0.021568628 -119
2 887.06116 410.93497 0.021568628 -139
3 843.51105 413.723 0.019607844 -172
4 803.6694 415.5734 0.021568628 -189
5 764.83075 418.4108 0.019607844 -205
6 724.2526 420.69693 0.019607844 -222
7 683.0304 423.05518 0.019607844 -238
8 644.20416 424.93103 0.019607844 -255
9 599.70734 426.73264 0.019607844 -271
10 563.41565 426.7777 0.019607844 -288
11 517.43646 426.7777 0.019607844 -304
12 500.9783 426.7777 0.019607844 -337
13 486.331 424.75143 0.021568628 -354
14 475.27228 422.92218 0.021568628 -370
15 462.17435 422.7798 0.021568628 -387
16 457.8183 421.4016 0.021568628 -420
17 454.1715 421.7803 0.021568628 -436
18 450.52188 421.7803 0.021568628 -453
19 446.92825 421.7803 0.021568628 -469
20 442.26877 421.7803 0.021568628 -486
21 438.67923 421.7803 0.019607844 -502
22 435.0516 421.7803 0.019607844 -519
23 427.27618 429.10468 0.021568628 -535
24 417.24118 452.88156 0.021568628 -552
25 410.45386 488.908 0.021568628 -568
26 408.15607 537.67206 0.021568628 -585
27 409.95218 594.6383 0.021568628 -601
28 408.62164 658.6199 0.021568628 -618
29 411.66687 733.3484 0.019607844 -634
30 411.61887 852.1864 0.021568628 -651
31 410.817 920.5997 0.021568628 -667
32 410.6198 979.90137 0.021568628 -684
33 411.07346 1026.9299 0.021568628 -700
34 411.20938 1056.9583 0.019607844 -717
35 410.6198 1073.866 0.019607844 -733
36 410.6198 1082.7352 0.019607844 -750
37 410.6198 1087.7722 0.019607844 -766
38 412.63437 1098.51 0.019607844 -783
39 412.63437 1098.51 0.019607844 -799
0 961.1101 428.77667 0.019607844 -145
1 939.27057 425.00668 0.021568628 -145
2 914.66 422.39642 0.021568628 -166
3 887.78076 420.6877 0.021568628 -183
4 842.0792 418.78186 0.021568628 -199
5 802.0393 417.7824 0.021568628 -216
6 762.0638 418.38348 0.021568628 -232
7 721.85297 420.2177 0.021568628 -249
8 679.6477 419.53265 0.021568628 -265
9 637.327 418.69135 0.021568628 -282
10 583.07745 416.0766 0.021568628 -298
11 546.4593 412.3694 0.021568628 -315
12 518.9681 408.70834 0.021568628 -331
13 497.68494 406.43152 0.021568628 -348
14 477.72247 403.78967 0.023529414 -364
15 472.13376 403.78967 0.023529414 -397
16 468.34476 403.78967 0.023529414 -414
17 462.44586 403.78967 0.023529414 -430
18 459.5075 403.78967 0.021568628 -463
19 457.77133 403.78967 0.021568628 -480
20 455.3651 404.396 0.021568628 -496
21 451.32376 410.14197 0.019607844 -513
22 445.88885 427.1051 0.021568628 -529
23 439.28348 461.38593 0.021568628 -546
24 433.9009 529.4776 0.021568628 -562
25 433.07755 672.26904 0.021568628 -579
26 433.5985 745.19446 0.019607844 -612
27 433.5985 807.28546 0.019607844 -628
28 430.4813 909.24994 0.019607844 -645
29 427.6318 968.7179 0.021568628 -661
30 425.76932 1008.87634 0.019607844 -678
31 421.99707 1057.3469 0.021568628 -694
32 420.61053 1068.8313 0.019607844 -727
33 419.1372 1074.8644 0.019607844 -744
34 419.61148 1080.446 0.019607844 -760
35 419.61148 1084.0786 0.019607844 -777
36 419.61148 1086.4341 0.01764706 -793
37 419.61148 1086.4341 0.01764706 -799
0 964.1073 385.79904 0.021568628 -147
1 948.3306 387.76324 0.021568628 -147
2 924.8489 391.45685 0.021568628 -159
3 900.9106 394.93524 0.021568628 -176
4 830.76935 403.198 0.021568628 -192
5 756.1161 410.75595 0.021568628 -225
6 718.12006 415.81415 0.021568628 -258
7 646.26544 419.78134 0.021568628 -275
8 600.9145 420.78082 0.021568628 -308
9 573.71326 420.15576 0.021568628 -324
10 553.491 418.28247 0.021568628 -341
11 540.40173 416.4834 0.021568628 -357
12 530.90186 415.78345 0.021568628 -374
13 521.984 413.8779 0.021568628 -390
14 514.567 412.785 0.021568628 -407
15 509.02866 412.785 0.021568628 -423
16 503.44308 412.785 0.021568628 -439
17 498.14508 412.785 0.021568628 -456
18 490.57272 413.77774 0.021568628 -473
19 483.38348 415.57578 0.019607844 -489
20 475.6975 417.35504 0.019607844 -506
21 468.15814 423.18796 0.023529414 -522
22 460.06274 430.28717 0.023529414 -539
23 446.51453 450.14163 0.021568628 -555
24 434.32623 489.67926 0.021568628 -588
25 444.08533 716.06104 0.023529414 -621
26 453.4399 793.8961 0.021568628 -687
27 465.75037 952.20636 0.021568628 -704
28 468.829 1017.33795 0.021568628 -737
29 477.4517 1132.0294 0.019607844 -753
30 477.55783 1174.4225 0.021568628 -786
31 477.55783 1182.6937 0.021568628 -819
32 477.55783 1186.3821 0.019607844 -836
33 479.55597 1237.3555 0.023529414 -846
0 963.1082 416.78293 0.019607844 -31
1 963.1082 416.78293 0.019607844 -31
2 963.1082 416.78293 0.019607844 -40
3 963.1082 416.78293 0.021568628 -73
4 956.83496 415.78345 0.019607844 -89
5 929.72046 414.54224 0.021568628 -122
6 906.36743 414.90347 0.021568628 -155
7 822.52704 419.58652 0.019607844 -172
8 781.05005 423.04855 0.019607844 -205
9 738.80536 426.25574 0.019607844 -221
10 661.79767 429.8056 0.019607844 -238
11 661.79767 429.8056 0.027450982 -271
12 599.44495 452.76416 0.019607844 -297
13 538.38745 436.85822 0.019607844 -297
14 512.97125 432.68234 0.021568628 -337
15 495.66412 429.0573 0.019607844 -370
16 483.67392 427.7772 0.019607844 -403
17 473.633 427.7772 0.019607844 -436
18 467.26123 433.25394 0.023529414 -469
19 459.92807 441.73904 0.021568628 -485
20 452.6565 458.97733 0.019607844 -502
21 446.67557 486.30096 0.021568628 -518
22 443.58926 579.2264 0.019607844 -535
23 447.58557 743.62286 0.021568628 -568
24 456.85596 891.81024 0.021568628 -601
25 462.91168 962.1496 0.021568628 -634
26 462.5717 1033.7429 0.021568628 -650
27 464.48123 1103.0308 0.021568628 -667
28 464.93393 1158.1168 0.021568628 -683
29 463.99637 1169.6869 0.021568628 -716
30 463.57077 1175.9259 0.021568628 -733
31 462.5717 1180.3851 0.019607844 -749
32 462.5717 1180.3851 0.019607844 -762
