0 944.1258 614.6798 0.019607844 -93
1 917.9324 618.56604 0.019607844 -93
2 888.4806 625.2614 0.019607844 -135
3 872.75977 628.6575 0.019607844 -168
4 854.9926 632.3138 0.019607844 -184
5 809.6546 637.71747 0.019607844 -201
6 747.0505 637.66785 0.019607844 -234
7 697.9202 639.6668 0.019607844 -267
8 674.4859 639.6668 0.019607844 -300
9 648.16205 639.6668 0.019607844 -316
10 615.9796 640.6663 0.019607844 -333
11 587.76904 640.6663 0.019607844 -349
12 569.564 639.6668 0.019607844 -366
13 555.2081 638.19934 0.019607844 -382
14 532.7376 634.5413 0.019607844 -399
15 512.12036 628.3106 0.019607844 -432
16 504.30188 625.11664 0.019607844 -465
17 497.37506 623.28723 0.019607844 -481
18 487.57986 619.6929 0.019607844 -498
19 480.32858 617.6783 0.019607844 -531
20 475.04166 617.6783 0.019607844 -564
21 471.33664 619.79065 0.019607844 -597
22 466.83795 632.7697 0.019607844 -613
23 462.22656 650.38855 0.019607844 -630
24 458.64706 688.78015 0.019607844 -646
25 457.32944 706.8444 0.019607844 -663
26 458.5754 746.20685 0.019607844 -679
27 456.62 796.045 0.019607844 -696
28 456.0251 856.5152 0.019607844 -712
29 452.98053 907.72833 0.019607844 -729
30 451.58188 1011.7715 0.019607844 -745
31 464.34805 1156.8666 0.019607844 -778
32 469.56522 1242.628 0.019607844 -811
33 471.56335 1307.0698 0.019607844 -844
34 472.9824 1367.955 0.01764706 -877
35 472.56244 1380.6487 0.019607844 -910
36 472.56244 1389.6064 0.019607844 -927
37 472.56244 1396.1874 0.019607844 -943
38 472.56244 1399.9347 0.01764706 -960
39 472.56244 1399.9347 0.01764706 -976
0 973.099 809.5783 0.01764706 -6
1 973.099 809.5783 0.01764706 -6
2 972.36475 810.31287 0.01764706 -57
3 970.46497 813.2129 0.019607844 -82
4 966.78217 810.2553 0.01764706 -98
5 959.6921 814.85516 0.019607844 -131
6 947.7925 819.6968 0.019607844 -164
7 932.2839 825.1878 0.019607844 -181
8 912.8645 829.0755 0.019607844 -197
9 890.96783 832.1672 0.019607844 -214
10 868.944 835.44006 0.019607844 -230
11 842.6448 836.89087 0.019607844 -247
12 819.71063 839.68036 0.019607844 -263
13 795.1835 841.5678 0.019607844 -280
14 765.4728 849.1214 0.01764706 -296
15 739.41833 851.8965 0.01764706 -313
16 713.122 854.5115 0.01764706 -329
17 659.2491 856.8213 0.01764706 -346
18 631.31195 854.5342 0.019607844 -379
19 568.59827 849.74005 0.019607844 -395
20 532.018 844.24915 0.019607844 -428
21 522.8079 842.4196 0.019607844 -461
22 516.79865 840.65454 0.019607844 -478
23 512.0618 839.8305 0.019607844 -494
24 508.50504 839.5627 0.019607844 -511
25 506.15668 838.1888 0.019607844 -527
26 504.41553 838.56323 0.019607844 -544
27 501.57574 840.52203 0.019607844 -560
28 497.93588 844.1634 0.01764706 -577
29 493.7162 852.6448 0.01764706 -593
30 489.75543 878.87115 0.01764706 -610
31 486.1608 892.0915 0.01764706 -626
32 485.5504 936.8721 0.01764706 -643
33 489.1952 993.316 0.01764706 -659
34 494.90918 1040.4381 0.019607844 -676
35 503.40216 1096.7594 0.019607844 -692
36 512.7006 1153.1569 0.019607844 -709
37 520.92303 1206.4116 0.019607844 -725
38 528.9813 1279.8329 0.01764706 -742
39 532.08307 1339.9675 0.01764706 -758
40 532.50696 1375.6215 0.01764706 -775
41 532.50696 1423.3907 0.01764706 -791
42 531.1198 1442.9673 0.01764706 -808
43 529.27185 1453.4332 0.01764706 -824
44 527.3663 1478.3938 0.019607844 -841
45 526.5125 1508.3442 0.01764706 -857
46 525.5134 1515.3939 0.01764706 -890
47 525.5134 1520.4945 0.01764706 -907
48 525.5134 1523.2067 0.01764706 -923
49 524.51434 1525.2056 0.01764706 -935
0 966.10547 613.68036 0.019607844 -172
1 938.35974 613.68036 0.019607844 -172
2 909.23883 613.68036 0.019607844 -194
3 867.99976 613.68036 0.019607844 -210
4 832.49695 613.68036 0.019607844 -227
5 766.1033 613.68036 0.019607844 -243
6 704.0094 613.68036 0.019607844 -277
7 704.0094 613.68036 0.019607844 -307
8 583.4598 615.6793 0.019607844 -333
9 578.09467 615.6793 0.019607844 -333
10 565.101 615.6793 0.019607844 -357
11 551.9039 615.6793 0.019607844 -390
12 538.0201 615.6793 0.019607844 -423
13 528.6913 615.6793 0.019607844 -456
14 504.5646 615.6793 0.019607844 -472
15 474.2107 615.6793 0.019607844 -505
16 467.97232 615.6793 0.019607844 -555
17 463.564 615.6793 0.019607844 -571
18 459.9241 615.6793 0.019607844 -588
19 457.94452 615.6793 0.019607844 -604
20 454.4268 619.982 0.019607844 -621
21 454.4268 619.982 0.019607844 -654
22 449.5837 693.63873 0.019607844 -679
23 448.58466 699.1034 0.019607844 -679
24 448.58466 715.3036 0.019607844 -703
25 449.85098 748.4956 0.019607844 -720
26 449.5837 777.34393 0.019607844 -736
27 451.58188 875.5366 0.019607844 -753
28 452.1005 918.09503 0.019607844 -786
29 452.58093 965.1493 0.019607844 -802
30 455.4737 1096.5531 0.019607844 -819
31 455.5782 1185.3595 0.019607844 -851
32 458.07587 1253.3472 0.019607844 -884
33 457.57632 1282.52 0.019607844 -917
34 458.5754 1315.9138 0.019607844 -950
35 458.5754 1324.9819 0.01764706 -983
36 457.42773 1330.753 0.01764706 -1000
37 457.42773 1330.753 0.01764706 -1016
0 989.08417 1036.4602 0.01764706 -119
1 968.27185 1038.942 0.01764706 -119
2 926.6361 1042.6658 0.01764706 -141
3 899.7843 1043.4565 0.01764706 -174
4 857.5328 1037.8385 0.01764706 -190
5 820.11005 1040.2147 0.01764706 -207
6 782.71326 1035.1951 0.019607844 -223
7 745.38495 1035.9579 0.01764706 -240
8 712.43243 1036.1117 0.01764706 -256
9 639.46094 1028.6515 0.01764706 -273
10 610.71216 1020.3852 0.019607844 -306
11 586.66254 1013.89166 0.019607844 -322
12 568.0711 1009.79346 0.019607844 -339
13 550.2308 1004.09906 0.019607844 -355
14 521.74927 998.6852 0.019607844 -372
15 508.35147 996.48096 0.019607844 -405
16 500.652 996.48096 0.019607844 -438
17 498.74356 996.48096 0.019607844 -471
18 496.9754 996.48096 0.019607844 -487
19 495.15375 997.86804 0.019607844 -504
20 491.289 1010.9856 0.019607844 -520
21 486.79538 1029.741 0.019607844 -537
22 483.01218 1056.9366 0.01764706 -570
23 479.51218 1112.4727 0.019607844 -586
24 477.69836 1161.933 0.019607844 -619
25 479.301 1225.6846 0.019607844 -636
26 480.55505 1282.6392 0.019607844 -652
27 480.55505 1366.0217 0.01764706 -669
28 480.55505 1420.9215 0.01764706 -685
29 479.32794 1484.3557 0.019607844 -702
30 476.45953 1594.2483 0.01764706 -718
31 473.64224 1654.4817 0.019607844 -735
32 471.68927 1685.4835 0.019607844 -751
33 470.11472 1716.2311 0.019607844 -768
34 467.98477 1740.7487 0.01764706 -784
35 467.56708 1750.8833 0.01764706 -801
36 467.56708 1756.8466 0.01764706 -817
37 465.4602 1761.3003 0.01764706 -834
38 465.5689 1764.0292 0.01764706 -850
39 464.74777 1765.9021 0.01764706 -867
40 464.56985 1767.0796 0.01764706 -883
41 463.57077 1768.0791 0.01764706 -893
0 965.1064 427.7772 0.019607844 -103
1 955.5435 427.7772 0.019607844 -103
2 918.4082 426.49005 0.019607844 -117
3 892.9472 425.77823 0.019607844 -150
4 858.5252 425.77823 0.021568628 -166
5 825.90515 425.77823 0.021568628 -183
6 795.97095 425.77823 0.021568628 -199
7 764.92334 425.77823 0.019607844 -216
8 732.50006 425.77823 0.019607844 -232
9 650.74786 425.77823 0.019607844 -248
10 576.74774 425.77823 0.019607844 -281
11 547.22174 425.77823 0.021568628 -314
12 520.89526 423.66345 0.021568628 -331
13 497.6695 419.95514 0.021568628 -347
14 481.3872 418.0441 0.021568628 -364
15 470.88574 416.24756 0.021568628 -380
16 463.2212 415.78345 0.021568628 -397
17 455.82443 415.78345 0.021568628 -413
18 452.14008 415.78345 0.021568628 -446
19 450.06097 416.30545 0.019607844 -463
20 445.5833 423.45294 0.023529414 -479
21 440.3214 440.76364 0.021568628 -496
22 436.70966 472.38577 0.019607844 -512
23 436.59573 604.4375 0.023529414 -529
24 437.9567 673.50006 0.023529414 -562
25 438.5939 738.19696 0.019607844 -578
26 440.59204 816.811 0.023529414 -595
27 443.58926 909.4517 0.023529414 -611
28 444.58835 964.0499 0.021568628 -628
29 446.17758 997.569 0.019607844 -644
30 446.5865 1027.3032 0.021568628 -661
31 447.58557 1042.2109 0.021568628 -677
32 446.42548 1051.2583 0.021568628 -694
33 446.5865 1062.2964 0.021568628 -710
34 445.58743 1066.4446 0.019607844 -743
35 445.58743 1066.4446 0.019607844 -752
0 973.099 616.6788 0.019607844 -130
1 944.76874 616.6788 0.019607844 -130
2 865.15356 626.45654 0.019607844 -150
3 822.21234 631.30994 0.019607844 -182
4 793.2655 633.6699 0.019607844 -199
5 793.2655 633.6699 0.019607844 -210
6 687.3635 639.6668 0.019607844 -237
7 681.9846 638.66736 0.019607844 -237
8 625.5983 632.6705 0.019607844 -249
9 577.1791 625.15875 0.019607844 -282
10 534.57806 621.3908 0.019607844 -298
11 510.3866 619.21014 0.019607844 -315
12 493.63168 617.6783 0.019607844 -331
13 476.8428 617.6783 0.019607844 -348
14 473.0407 617.6783 0.019607844 -381
15 468.25348 617.6783 0.019607844 -397
16 464.59708 619.65 0.019607844 -430
17 465.38577 637.2017 0.019607844 -463
18 468.41345 666.6617 0.019607844 -480
19 476.15335 744.3565 0.019607844 -496
20 480.8496 800.9242 0.019607844 -529
21 490.2408 884.9443 0.019607844 -546
22 496.09058 947.3052 0.019607844 -562
23 499.76526 1021.32654 0.019607844 -579
24 500.03146 1083.6466 0.019607844 -595
25 496.65082 1134.1914 0.019607844 -612
26 492.84692 1181.7906 0.019607844 -628
27 489.148 1207.9625 0.019607844 -645
28 485.3677 1246.6309 0.019607844 -661
29 481.59583 1260.2183 0.019607844 -678
30 479.72687 1266.8269 0.019607844 -694
31 476.0592 1276.3352 0.019607844 -711
32 474.11975 1284.5372 0.019607844 -744
33 472.56244 1287.3295 0.019607844 -760
34 469.56522 1276.3352 0.023529414 -765
0 981.0916 601.6866 0.01764706 -87
1 953.8521 606.3446 0.01764706 -87
2 928.86066 604.41016 0.01764706 -109
3 856.53156 609.0893 0.01764706 -126
4 787.8379 610.8026 0.019607844 -159
5 730.31775 611.6814 0.019607844 -175
6 676.8391 612.6809 0.019607844 -192
7 587.2604 612.6809 0.019607844 -208
8 526.2205 612.6809 0.019607844 -241
9 503.54752 612.6809 0.019607844 -275
10 494.79068 612.6809 0.019607844 -308
11 490.49875 612.6809 0.019607844 -341
12 482.24863 634.8887 0.019607844 -374
13 478.59653 662.6194 0.019607844 -407
14 476.322 693.956 0.019607844 -423
15 476.55875 854.07385 0.019607844 -440
16 478.34656 961.07904 0.019607844 -473
17 479.55597 1030.6959 0.019607844 -489
18 481.08853 1131.3818 0.019607844 -506
19 481.5541 1206.1859 0.019607844 -522
20 480.42267 1319.4928 0.019607844 -539
21 477.4279 1370.3674 0.019607844 -572
22 475.44217 1391.6864 0.019607844 -588
23 474.5606 1413.4456 0.019607844 -605
24 474.5606 1429.8202 0.01764706 -638
25 474.5606 1429.8202 0.01764706 -654
0 981.0916 599.6876 0.01764706 -95
1 950.02893 605.77545 0.019607844 -95
2 921.1856 608.4792 0.019607844 -117
3 840.8384 612.7762 0.019607844 -133
4 765.2776 602.6522 0.019607844 -166
5 708.015 597.98975 0.01764706 -183
6 656.32446 584.8818 0.019607844 -199
7 609.42676 576.2429 0.019607844 -216
8 540.39557 564.6875 0.019607844 -232
9 540.39557 564.6875 0.019607844 -265
10 472.56244 557.70953 0.019607844 -292
11 472.56244 557.70953 0.019607844 -292
12 472.56244 557.70953 0.019607844 -315
13 472.56244 559.5853 0.019607844 -331
14 472.56244 574.30524 0.019607844 -364
15 472.56244 583.8613 0.019607844 -381
16 471.56335 620.7172 0.019607844 -397
17 467.87598 672.0124 0.019607844 -430
18 462.6202 727.43665 0.019607844 -447
19 457.65326 803.5033 0.019607844 -463
20 452.81534 867.49817 0.019607844 -480
21 449.3388 947.1835 0.019607844 -496
22 443.65833 1065.3737 0.019607844 -513
23 439.95407 1150.4607 0.019607844 -529
24 438.5939 1216.5952 0.019607844 -546
25 439.59296 1262.2251 0.019607844 -562
26 442.2082 1303.3502 0.019607844 -579
27 442.5902 1328.7332 0.019607844 -595
28 442.5902 1334.259 0.01764706 -628
29 442.5902 1337.3035 0.01764706 -645
30 442.5902 1337.3035 0.01764706 -658
0 987.08606 591.69183 0.01764706 -134
1 953.56964 596.8455 0.01764706 -134
2 923.41345 602.8739 0.019607844 -156
3 886.19055 607.1037 0.019607844 -172
4 841.26324 609.8056 0.019607844 -189
5 774.72205 612.6652 0.019607844 -205
6 725.3667 613.68036 0.019607844 -222
7 658.3904 614.6798 0.019607844 -238
8 643.40424 614.6798 0.019607844 -266
9 613.432 614.6798 0.019607844 -293
10 596.60547 614.6798 0.019607844 -293
11 561.9297 614.6798 0.019607844 -305
12 551.6619 614.6798 0.019607844 -337
13 539.4108 614.6798 0.019607844 -354
14 532.3935 614.6798 0.019607844 -387
15 528.641 614.6798 0.019607844 -420
16 520.85815 617.7846 0.019607844 -436
17 505.10822 649.82776 0.019607844 -469
18 495.43588 690.00946 0.019607844 -502
19 489.86462 752.4714 0.019607844 -519
20 487.54858 814.3725 0.019607844 -535
21 488.54764 951.4206 0.019607844 -552
22 490.61002 1122.4 0.019607844 -585
23 492.4731 1185.6813 0.019607844 -618
24 494.32095 1227.3842 0.019607844 -634
25 494.54208 1252.8734 0.019607844 -651
26 494.54208 1263.5859 0.019607844 -667
27 494.54208 1269.8386 0.019607844 -684
28 494.54208 1276.4272 0.019607844 -700
29 494.54208 1279.3336 0.01764706 -733
30 494.54208 1279.3336 0.01764706 -757
0 1013.062 794.5861 0.01764706 -5
1 1018.0574 809.5783 0.01764706 -5
2 1018.0574 809.5783 0.01764706 -14
3 1016.0592 842.56116 0.019607844 -109
4 1005.27795 844.35693 0.019607844 -109
5 961.7794 844.33826 0.019607844 -123
6 930.11566 836.7858 0.01764706 -156
7 886.9061 829.7936 0.019607844 -172
8 842.5711 825.705 0.019607844 -189
9 803.3875 823.2128 0.01764706 -205
10 766.7363 818.6628 0.01764706 -222
11 731.1086 824.1243 0.019607844 -238
12 698.5195 820.9427 0.01764706 -255
13 659.8454 815.62994 0.01764706 -271
14 604.387 809.9586 0.01764706 -288
15 583.5601 808.13367 0.01764706 -321
16 567.14545 806.3212 0.01764706 -337
17 551.5759 806.5799 0.01764706 -354
18 537.054 805.5804 0.01764706 -370
19 521.9986 805.5804 0.01764706 -387
20 516.2856 805.5804 0.01764706 -420
21 512.12463 805.5804 0.01764706 -436
22 508.4292 805.5804 0.019607844 -453
23 504.79797 805.5804 0.019607844 -469
24 501.18686 805.5804 0.019607844 -486
25 497.58914 808.529 0.019607844 -502
26 492.8731 826.9162 0.019607844 -519
27 491.40555 834.1233 0.01764706 -535
28 490.5458 862.98 0.01764706 -552
29 490.5458 917.0468 0.019607844 -568
30 489.9935 972.1837 0.019607844 -585
31 488.21024 1054.6746 0.01764706 -601
32 486.35147 1112.5381 0.01764706 -618
33 483.42923 1227.2874 0.01764706 -634
34 481.67624 1283.7087 0.01764706 -651
35 478.80554 1341.3502 0.01764706 -667
36 475.88495 1400.27 0.01764706 -684
37 474.5606 1456.8768 0.01764706 -700
38 473.0251 1497.1265 0.01764706 -717
39 471.56335 1512.6874 0.01764706 -733
40 471.56335 1538.5679 0.019607844 -750
41 471.56335 1549.6372 0.019607844 -766
42 471.56335 1555.3264 0.019607844 -783
43 470.5643 1553.8951 0.01764706 -799
44 470.5643 1553.191 0.01764706 -832
45 470.5643 1553.191 0.01764706 -838
0 990.08325 805.5804 0.01764706 0
1 990.08325 804.5868 0.01764706 0
2 990.08325 804.0812 0.01764706 -43
3 987.12506 804.58093 0.01764706 -47
4 981.70667 804.58093 0.01764706 -126
5 970.09985 804.58093 0.01764706 -142
6 947.83624 804.58093 0.01764706 -159
7 912.53394 804.58093 0.01764706 -175
8 876.19824 804.58093 0.01764706 -192
9 836.7258 804.58093 0.01764706 -208
10 796.14886 804.58093 0.01764706 -225
11 755.05804 805.95483 0.01764706 -241
12 713.6215 811.23944 0.01764706 -258
13 675.9532 825.24677 0.019607844 -274
14 623.3759 844.5601 0.019607844 -291
15 607.31995 844.5601 0.019607844 -324
16 595.49036 847.21155 0.01764706 -340
17 584.2671 849.75604 0.01764706 -357
18 567.421 853.3189 0.01764706 -373
19 556.42694 853.5554 0.019607844 -406
20 550.4903 853.5554 0.019607844 -439
21 548.4921 853.5554 0.019607844 -463
22 537.5023 855.5544 0.01764706 -499
23 527.639 855.5544 0.01764706 -499
24 522.7722 855.5544 0.019607844 -522
25 518.353 855.5544 0.019607844 -538
26 514.7074 855.5544 0.019607844 -555
27 512.8121 855.5544 0.019607844 -571
28 511.00433 855.5544 0.019607844 -588
29 507.86728 855.5544 0.019607844 -604
30 507.86728 855.5544 0.019607844 -621
31 502.5347 855.5544 0.019607844 -645
32 493.41592 887.21045 0.019607844 -645
33 488.51242 929.2804 0.01764706 -670
34 484.88165 949.8521 0.01764706 -687
35 482.34692 1002.98724 0.01764706 -703
36 482.5532 1100.5502 0.01764706 -720
37 482.5532 1165.9597 0.019607844 -736
38 484.55133 1236.7433 0.01764706 -753
39 485.99118 1305.5253 0.01764706 -769
40 489.54672 1430.57 0.01764706 -786
41 488.74808 1548.5824 0.01764706 -819
42 484.9147 1578.7229 0.01764706 -852
43 483.01645 1584.7836 0.01764706 -885
44 481.5541 1591.4702 0.01764706 -901
45 480.55505 1593.3906 0.01764706 -934
46 480.55505 1595.3851 0.01764706 -951
47 480.55505 1597.3428 0.01764706 -967
48 480.55505 1598.1676 0.01764706 -984
49 480.55505 1598.1676 0.01764706 -991
0 980.0925 650.6611 0.019607844 -133
1 975.1164 649.67444 0.01764706 -133
2 965.05756 645.9353 0.019607844 -150
3 946.7818 642.93097 0.019607844 -166
4 925.2916 640.45844 0.019607844 -182
5 898.84357 641.8278 0.019607844 -199
6 872.7555 643.0313 0.019607844 -215
7 840.09705 641.48206 0.019607844 -232
8 840.09705 641.48206 0.019607844 -249
9 721.3321 639.6668 0.019607844 -274
10 711.72205 637.96533 0.019607844 -274
11 692.0485 633.10785 0.019607844 -298
12 663.8806 631.2646 0.019607844 -315
13 634.95013 624.9821 0.019607844 -331
14 603.7674 621.4671 0.019607844 -348
15 576.16815 619.7312 0.019607844 -364
16 554.14307 617.89954 0.019607844 -381
17 518.4016 616.33246 0.019607844 -397
18 507.03973 616.6788 0.019607844 -430
19 488.91415 616.6788 0.019607844 -447
20 483.30106 616.6788 0.019607844 -480
21 478.38562 616.6788 0.019607844 -496
22 474.72003 616.6788 0.019607844 -513
23 468.51605 616.6788 0.019607844 -529
24 464.75336 616.6788 0.019607844 -562
25 461.1515 617.38916 0.019607844 -579
26 457.52942 619.2009 0.019607844 -595
27 453.88968 622.3659 0.019607844 -612
28 447.0615 639.8907 0.019607844 -628
29 442.7674 671.8766 0.019607844 -645
30 439.81924 705.87604 0.019607844 -661
31 439.59296 756.4888 0.019607844 -678
32 442.00464 826.02264 0.019607844 -694
33 443.7982 888.6015 0.019607844 -711
34 446.6591 956.97217 0.019607844 -727
35 450.49307 1068.3901 0.019607844 -744
36 449.78644 1131.9174 0.019607844 -760
37 447.28204 1189.2855 0.019607844 -777
38 443.5037 1243.2949 0.019607844 -793
39 439.67145 1282.8499 0.019607844 -810
40 437.1502 1315.1003 0.019607844 -826
41 435.24402 1324.7219 0.019607844 -843
42 434.5976 1335.9259 0.019607844 -859
43 434.5976 1340.3019 0.01764706 -892
44 434.5976 1340.3019 0.01764706 -915
0 985.0879 624.6746 0.019607844 -146
1 964.3005 622.42065 0.019607844 -146
2 936.5563 620.49274 0.019607844 -166
3 889.4757 621.6536 0.019607844 -182
4 841.178 621.91266 0.019607844 -199
5 796.284 626.86334 0.019607844 -215
6 752.1757 629.2541 0.019607844 -232
7 709.59973 625.34564 0.019607844 -248
8 670.48303 628.9404 0.019607844 -265
9 638.19214 623.4145 0.019607844 -281
10 603.92523 622.81055 0.019607844 -298
11 578.2864 620.91174 0.019607844 -314
12 559.30145 619.1019 0.019607844 -331
13 533.1116 617.6783 0.019607844 -347
14 525.20435 617.6783 0.019607844 -380
15 518.8991 617.6783 0.019607844 -397
16 514.1451 617.6783 0.019607844 -413
17 506.9618 617.6783 0.019607844 -430
18 503.27176 617.6783 0.019607844 -463
19 499.6023 618.6453 0.019607844 -480
20 493.23035 635.06616 0.019607844 -496
21 488.4226 643.9149 0.019607844 -513
22 484.8224 651.1182 0.019607844 -529
23 480.1594 681.41736 0.019607844 -546
24 476.57385 699.56757 0.019607844 -562
25 473.56152 809.6531 0.019607844 -579
26 474.98386 871.79626 0.019607844 -612
27 474.5606 927.26056 0.019607844 -628
28 474.5606 988.49493 0.019607844 -645
29 475.55966 1099.2422 0.019607844 -661
30 476.37125 1155.1403 0.019607844 -678
31 476.55875 1193.9575 0.019607844 -694
32 476.55875 1238.4694 0.019607844 -711
33 476.55875 1256.8993 0.019607844 -727
34 476.55875 1273.9078 0.019607844 -744
35 477.55783 1318.4523 0.019607844 -760
36 477.55783 1326.137 0.019607844 -793
37 477.55783 1331.6628 0.019607844 -810
38 476.55875 1335.3044 0.01764706 -826
39 476.55875 1335.3044 0.01764706 -845
0 982.09064 614.6798 0.01764706 -127
1 962.4191 614.6798 0.01764706 -127
2 943.796 614.6798 0.01764706 -148
3 921.28845 614.6798 0.019607844 -164
4 883.7207 614.6798 0.019607844 -181
5 846.49963 614.6798 0.019607844 -197
6 812.17395 614.6798 0.019607844 -214
7 772.7938 614.6798 0.019607844 -230
8 731.9349 614.6798 0.019607844 -247
9 652.27295 615.8354 0.019607844 -263
10 571.48804 615.6793 0.019607844 -296
11 523.6356 615.6793 0.019607844 -329
12 509.44672 615.6793 0.019607844 -362
13 499.9104 615.6793 0.019607844 -379
14 487.924 615.6793 0.019607844 -395
15 484.27267 615.6793 0.019607844 -428
16 480.65045 615.6793 0.019607844 -445
17 476.9834 615.6793 0.019607844 -461
18 468.7707 619.4726 0.019607844 -478
19 462.11874 637.21045 0.019607844 -511
20 456.7088 655.50916 0.019607844 -527
21 451.63083 689.1999 0.019607844 -544
22 447.9799 722.07196 0.019607844 -560
23 442.5902 856.40265 0.019607844 -577
24 443.424 928.06604 0.019607844 -610
25 443.58926 997.00574 0.019607844 -626
26 444.58835 1056.8622 0.019607844 -643
27 446.0379 1117.5922 0.019607844 -659
28 449.3618 1182.3856 0.01764706 -676
29 453.79547 1276.8638 0.019607844 -692
30 456.57724 1334.3352 0.019607844 -725
31 455.52917 1349.4443 0.019607844 -758
32 454.5791 1351.2961 0.01764706 -791
33 453.58002 1353.2952 0.01764706 -799
0 1001.07306 1009.4742 0.01764706 -109
1 969.6969 1023.6019 0.01764706 -109
2 945.7272 1030.4011 0.01764706 -132
3 917.9885 1035.4808 0.01764706 -149
4 889.4136 1039.227 0.01764706 -165
5 856.4173 1043.0203 0.01764706 -182
6 822.4087 1044.613 0.01764706 -198
7 777.3959 1048.5486 0.019607844 -215
8 703.9798 1052.4518 0.019607844 -231
9 641.28546 1053.4513 0.01764706 -264
10 614.71075 1052.4518 0.01764706 -297
11 593.4568 1051.362 0.019607844 -314
12 559.8112 1049.4534 0.01764706 -330
13 546.0515 1048.4539 0.01764706 -363
14 522.2796 1048.4539 0.01764706 -380
15 506.11002 1047.4545 0.01764706 -413
16 501.10965 1047.4545 0.01764706 -446
17 497.5016 1047.4545 0.01764706 -462
18 493.8391 1047.4545 0.01764706 -479
19 490.1345 1047.4545 0.019607844 -495
20 485.52628 1048.4619 0.019607844 -512
21 476.22092 1065.2869 0.01764706 -528
22 470.59323 1075.7247 0.01764706 -545
23 465.1389 1089.2472 0.019607844 -561
24 457.68643 1127.5652 0.019607844 -578
25 450.9143 1176.3986 0.01764706 -594
26 442.7774 1278.7421 0.019607844 -611
27 438.9676 1340.6339 0.019607844 -627
28 435.28464 1400.205 0.019607844 -644
29 432.6621 1456.1123 0.019607844 -660
30 430.25256 1508.9404 0.019607844 -677
31 428.40393 1558.9768 0.01764706 -693
32 426.605 1613.0826 0.01764706 -710
33 423.6475 1680.767 0.01764706 -726
34 421.65863 1691.8735 0.01764706 -759
35 419.77777 1698.6158 0.01764706 -776
36 419.61148 1702.6873 0.01764706 -792
37 419.61148 1705.8661 0.01764706 -809
38 419.61148 1707.8422 0.01764706 -825
39 419.61148 1709.1097 0.01764706 -842
40 422.6087 1695.1171 0.023529414 -852
0 982.09064 652.66003 0.019607844 -130
1 961.48096 650.0985 0.019607844 -130
2 942.6809 648.2177 0.019607844 -151
3 922.81134 645.0578 0.019607844 -168
4 895.1883 641.26825 0.019607844 -184
5 859.8666 639.61115 0.019607844 -201
6 825.8536 637.763 0.019607844 -217
7 792.16504 637.66785 0.019607844 -234
8 759.9097 637.66785 0.019607844 -250
9 724.39954 637.66785 0.019607844 -267
10 692.9076 637.66785 0.019607844 -283
11 655.71436 636.6684 0.019607844 -300
12 609.5875 636.6684 0.019607844 -316
13 579.62634 631.67096 0.019607844 -333
14 553.40045 631.67096 0.019607844 -349
15 530.1689 627.5881 0.019607844 -366
16 504.84024 622.7269 0.019607844 -382
17 496.2939 620.865 0.019607844 -415
18 490.687 619.67725 0.019607844 -432
19 485.32687 618.27 0.019607844 -448
20 481.24362 618.67773 0.019607844 -465
21 477.51917 619.67725 0.019607844 -481
22 472.01788 621.52466 0.019607844 -498
23 466.63052 623.32117 0.019607844 -514
24 455.95956 629.08453 0.019607844 -531
25 449.3868 643.05927 0.019607844 -564
26 442.96884 666.13715 0.019607844 -580
27 439.25888 700.98047 0.019607844 -597
28 437.1335 750.6143 0.019607844 -613
29 435.38663 804.5197 0.019607844 -630
30 434.5976 872.71466 0.019607844 -646
31 434.5976 985.91504 0.019607844 -663
32 437.2154 1124.2614 0.019607844 -679
33 440.93555 1222.5833 0.019607844 -712
34 442.5902 1274.9617 0.019607844 -745
35 442.5902 1283.8424 0.019607844 -778
36 442.5902 1289.527 0.019607844 -795
37 442.5902 1297.1256 0.019607844 -811
38 442.5902 1297.3242 0.019607844 -844
39 441.59113 1284.331 0.023529414 -845
0 969.10266 413.7845 0.019607844 -127
1 952.90173 414.31122 0.019607844 -127
2 938.2961 416.13766 0.019607844 -148
3 890.24756 419.7144 0.019607844 -165
4 842.2936 422.68967 0.019607844 -198
5 801.3208 423.77927 0.019607844 -214
6 760.32434 423.77927 0.019607844 -231
7 719.5925 423.77927 0.019607844 -247
8 628.4746 423.77927 0.019607844 -264
9 559.6881 422.7798 0.021568628 -297
10 534.0055 421.28058 0.021568628 -330
11 519.1858 419.52222 0.021568628 -346
12 504.87463 419.78134 0.021568628 -363
13 495.0628 419.78134 0.021568628 -379
14 488.627 419.78134 0.021568628 -396
15 483.28897 419.78134 0.021568628 -412
16 480.18402 419.78134 0.021568628 -429
17 476.45847 419.78134 0.021568628 -445
18 472.8242 419.78134 0.021568628 -462
19 469.21262 419.78134 0.021568628 -478
20 466.62054 419.78134 0.019607844 -495
21 464.2844 419.78134 0.019607844 -511
22 456.995 433.9377 0.021568628 -528
23 449.8723 465.3711 0.019607844 -544
24 441.07037 551.1375 0.021568628 -561
25 442.78784 669.9808 0.021568628 -594
26 445.65906 735.9827 0.019607844 -627
27 449.3207 839.6927 0.023529414 -643
28 452.30124 902.4115 0.021568628 -660
29 456.65607 946.07196 0.019607844 -676
30 458.78012 1007.52423 0.019607844 -693
31 457.57632 1040.7682 0.021568628 -726
32 457.57632 1047.2587 0.021568628 -759
33 457.89767 1057.1628 0.019607844 -775
34 457.57632 1058.4487 0.01764706 -808
35 457.57632 1058.4487 0.01764706 -811
0 983.0897 616.6788 0.019607844 -119
1 958.7398 616.6788 0.019607844 -119
2 905.8947 616.6788 0.019607844 -139
3 862.6164 619.49274 0.019607844 -172
4 824.44 619.67725 0.019607844 -189
5 783.07135 622.04724 0.019607844 -205
6 741.32074 626.04803 0.019607844 -222
7 702.8387 630.22284 0.019607844 -238
8 660.0371 632.82275 0.019607844 -255
9 615.82776 634.6244 0.019607844 -271
10 582.9601 634.66943 0.019607844 -288
11 535.04895 634.66943 0.019607844 -304
12 520.1336 630.1525 0.019607844 -337
13 508.36526 626.61896 0.019607844 -354
14 498.25098 624.817 0.019607844 -370
15 485.15308 621.2105 0.019607844 -387
16 479.4194 619.2985 0.019607844 -420
17 476.15115 619.67725 0.019607844 -436
18 471.472 618.67773 0.019607844 -453
19 467.08066 619.5063 0.019607844 -469
20 462.58908 621.3372 0.019607844 -486
21 458.66074 623.1327 0.019607844 -502
22 454.03403 624.94727 0.019607844 -519
23 445.25958 640.1588 0.019607844 -535
24 438.04263 671.9607 0.019607844 -552
25 433.15488 703.0744 0.019607844 -568
26 430.6013 752.5601 0.019607844 -585
27 430.6013 809.52637 0.019607844 -601
28 431.75314 877.6587 0.019607844 -618
29 431.60037 952.1383 0.019607844 -634
30 430.68546 1069.4102 0.019607844 -651
31 427.9984 1135.6982 0.019607844 -667
32 425.90918 1193.2726 0.019607844 -684
33 424.06143 1239.9973 0.019607844 -700
34 423.6078 1267.8484 0.019607844 -717
35 423.6078 1286.0586 0.019607844 -733
36 423.6078 1295.9489 0.019607844 -750
37 423.6078 1300.6614 0.019607844 -766
38 423.6078 1317.4288 0.01764706 -783
39 423.6078 1317.4288 0.023529414 -799
0 982.09064 631.67096 0.019607844 -145
1 956.8684 629.2863 0.019607844 -145
2 934.833 625.2908 0.019607844 -166
3 903.57983 621.49 0.019607844 -183
4 857.2268 619.758 0.019607844 -199
5 819.26245 619.67725 0.019607844 -216
6 779.2506 619.67725 0.019607844 -232
7 737.402 622.2393 0.019607844 -249
8 697.12915 620.428 0.019607844 -265
9 653.4932 618.5872 0.019607844 -282
10 605.47015 617.776 0.019607844 -298
11 566.31714 617.6783 0.019607844 -315
12 537.49036 616.6788 0.019607844 -331
13 520.021 616.6788 0.019607844 -348
14 501.70026 616.6788 0.019607844 -364
15 496.92053 616.6788 0.019607844 -397
16 493.32162 616.6788 0.019607844 -414
17 488.4218 616.6788 0.019607844 -430
18 486.51602 616.6788 0.019607844 -463
19 484.74634 616.6788 0.019607844 -480
20 481.34106 617.2851 0.019607844 -496
21 476.88065 624.2888 0.019607844 -513
22 470.86572 640.52844 0.019607844 -529
23 463.2613 679.58203 0.019607844 -546
24 457.87872 745.3651 0.019607844 -562
25 453.10193 877.8124 0.019607844 -579
26 452.23175 960.38336 0.019607844 -612
27 449.25946 1023.984 0.019607844 -628
28 446.4665 1120.9595 0.019607844 -645
29 444.6161 1184.7441 0.019607844 -661
30 440.91885 1227.781 0.019607844 -678
31 436.9832 1266.2382 0.019607844 -694
32 435.00024 1277.7224 0.019607844 -727
33 433.1242 1283.7555 0.019607844 -744
34 432.59946 1288.0016 0.019607844 -760
35 431.27902 1289.3285 0.01764706 -777
36 431.60037 1289.3285 0.01764706 -793
37 430.6013 1288.329 0.01764706 -799
0 991.08234 990.4841 0.01764706 -147
1 974.3066 990.96643 0.01764706 -147
2 950.8248 992.81323 0.019607844 -159
3 924.88837 995.76324 0.019607844 -176
4 852.749 1011.3026 0.019607844 -192
5 774.0994 1033.4015 0.01764706 -225
6 735.1043 1038.4897 0.01764706 -258
7 663.2951 1042.4116 0.01764706 -275
8 625.3712 1037.6743 0.01764706 -308
9 599.93976 1039.0842 0.01764706 -324
10 578.9678 1040.9575 0.01764706 -341
11 568.6753 1040.4581 0.01764706 -357
12 558.8759 1040.4581 0.01764706 -374
13 551.8629 1032.8359 0.019607844 -390
14 545.2777 1027.2476 0.019607844 -407
15 540.0 1023.467 0.019607844 -423
16 535.77673 1021.10455 0.019607844 -439
17 530.1155 1019.3378 0.019607844 -456
18 524.53455 1023.4534 0.01764706 -473
19 518.35114 1027.0496 0.019607844 -489
20 512.808 1030.0359 0.019607844 -506
21 507.47385 1033.1661 0.019607844 -522
22 502.1516 1036.7157 0.019607844 -539
23 489.47473 1064.1259 0.01764706 -555
24 481.13065 1113.3544 0.01764706 -588
25 485.0474 1339.7292 0.019607844 -621
26 487.1209 1423.4171 0.01764706 -687
27 489.84186 1569.0449 0.019607844 -704
28 489.54672 1657.9778 0.01764706 -737
29 489.54672 1744.0824 0.01764706 -753
30 487.54858 1803.7727 0.01764706 -786
31 487.54858 1809.2302 0.01764706 -819
32 487.54858 1808.0582 0.01764706 -836
33 487.54858 1807.0588 0.01764706 -846
0 980.0925 618.67773 0.01764706 -31
1 980.0925 618.67773 0.01764706 -31
2 980.0925 618.67773 0.01764706 -40
3 980.0925 618.67773 0.019607844 -73
4 972.82025 618.67773 0.019607844 -89
5 942.70844 618.67773 0.019607844 -122
6 920.1156 618.67773 0.019607844 -155
7 835.32025 621.87103 0.019607844 -172
8 792.40515 627.5765 0.019607844 -205
9 750.3614 632.104 0.019607844 -221
10 670.701 637.6973 0.019607844 -238
11 670.701 637.6973 0.019607844 -271
12 583.4598 643.66473 0.019607844 -297
13 548.8349 639.20996 0.019607844 -297
14 525.05237 635.5766 0.019607844 -337
15 509.65118 631.2328 0.019607844 -370
16 498.66006 626.381 0.019607844 -403
17 491.61633 627.6373 0.019607844 -436
18 484.2455 640.6255 0.019607844 -469
19 478.57233 648.3084 0.019607844 -485
20 471.15826 669.7541 0.019607844 -502
21 464.6589 696.2807 0.019607844 -518
22 462.49203 794.8748 0.019607844 -535
23 467.1867 955.70526 0.019607844 -568
24 470.84302 1113.4845 0.019607844 -601
25 472.67578 1172.5863 0.019607844 -634
26 473.56152 1243.3007 0.019607844 -650
27 473.56152 1312.9215 0.019607844 -667
28 472.56244 1375.3682 0.019607844 -683
29 472.56244 1385.5745 0.019607844 -716
30 471.05103 1391.8135 0.01764706 -733
31 469.56522 1395.2733 0.01764706 -749
32 469.56522 1395.2733 0.01764706 -762
