0 882.18317 1107.4232 0.015686275 -93
1 867.86694 1107.4232 0.01764706 -93
2 838.93933 1107.4232 0.01764706 -135
3 822.29895 1107.4232 0.01764706 -168
4 803.7185 1107.4232 0.01764706 -184
5 753.60724 1107.4232 0.01764706 -201
6 690.853 1107.4232 0.01764706 -234
7 641.51965 1107.4232 0.01764706 -267
8 620.1346 1107.4232 0.01764706 -300
9 597.3812 1107.4232 0.01764706 -316
10 566.92505 1106.4487 0.01764706 -333
11 539.6357 1100.6724 0.01764706 -349
12 522.26434 1091.8053 0.019607844 -366
13 509.7185 1085.03 0.019607844 -382
14 492.03168 1075.1836 0.019607844 -399
15 471.47693 1064.4023 0.019607844 -432
16 461.78345 1060.3322 0.01764706 -465
17 453.63928 1056.6733 0.01764706 -481
18 443.62054 1052.4674 0.01764706 -498
19 437.36838 1048.8403 0.01764706 -531
20 433.3395 1048.4539 0.019607844 -564
21 431.487 1048.4539 0.019607844 -597
22 428.7831 1059.3673 0.019607844 -613
23 426.93198 1073.8225 0.019607844 -630
24 426.605 1092.5363 0.019607844 -646
25 426.605 1127.8722 0.019607844 -663
26 426.605 1171.1536 0.01764706 -679
27 425.64868 1224.5222 0.019607844 -696
28 423.0556 1279.8345 0.019607844 -712
29 422.00922 1332.7073 0.019607844 -729
30 418.6124 1434.0399 0.019607844 -745
31 424.47375 1551.1053 0.019607844 -778
32 427.60406 1658.1836 0.019607844 -811
33 425.16888 1727.6635 0.01764706 -844
34 426.605 1767.8622 0.019607844 -877
35 425.60593 1800.0088 0.01764706 -910
36 425.60593 1814.0504 0.01764706 -927
37 425.60593 1822.2701 0.01764706 -943
38 425.60593 1826.7124 0.01764706 -960
39 425.60593 1826.7124 0.01764706 -976
0 904.16284 374.80478 0.019607844 -6
1 904.16284 374.80478 0.019607844 -6
2 904.16284 374.80478 0.019607844 -57
3 904.16284 374.80478 0.019607844 -82
4 904.16284 374.80478 0.019607844 -98
5 897.8891 378.9424 0.021568628 -131
6 884.8096 384.96445 0.021568628 -164
7 867.4714 390.41428 0.021568628 -181
8 847.9246 395.30142 0.021568628 -197
9 829.2262 398.9934 0.021568628 -214
10 809.43677 401.22864 0.021568628 -230
11 787.67596 404.4429 0.021568628 -247
12 766.87726 406.9058 0.021568628 -263
13 741.2334 409.79272 0.021568628 -280
14 707.817 414.49326 0.019607844 -296
15 679.4739 418.10184 0.019607844 -313
16 653.2209 420.25937 0.019607844 -329
17 594.3092 423.913 0.019607844 -346
18 566.3721 423.77927 0.019607844 -379
19 503.05316 422.17432 0.019607844 -395
20 467.07816 420.78082 0.021568628 -428
21 455.72845 419.63983 0.021568628 -461
22 447.9548 417.87476 0.021568628 -478
23 441.39523 417.7824 0.021568628 -494
24 437.5707 417.7824 0.021568628 -511
25 433.84894 417.7824 0.021568628 -527
26 431.48306 417.7824 0.021568628 -544
27 429.6223 417.7824 0.021568628 -560
28 426.0025 418.5835 0.019607844 -577
29 420.1754 428.64783 0.021568628 -593
30 413.03534 447.11823 0.019607844 -610
31 406.84518 475.64273 0.021568628 -626
32 403.5783 505.097 0.019607844 -643
33 404.2738 559.01447 0.019607844 -659
34 409.9878 611.88574 0.021568628 -676
35 417.10843 672.475 0.021568628 -692
36 423.07843 729.5528 0.021568628 -709
37 431.00626 782.0381 0.021568628 -725
38 440.95703 846.4816 0.019607844 -742
39 443.37732 908.79865 0.021568628 -758
40 445.28253 953.6533 0.019607844 -775
41 445.58743 992.0447 0.019607844 -791
42 447.58557 1021.90546 0.023529414 -808
43 447.58557 1044.075 0.021568628 -824
44 446.5865 1058.3217 0.021568628 -841
45 447.58557 1078.5681 0.019607844 -857
46 446.5865 1085.6178 0.019607844 -890
47 446.5865 1093.5762 0.019607844 -907
48 446.5865 1104.4248 0.019607844 -923
49 457.57632 1174.3883 0.023529414 -935
0 1009.0657 806.5799 0.01764706 -172
1 979.4542 806.5799 0.01764706 -172
2 947.80853 806.5799 0.01764706 -194
3 902.54803 806.5799 0.01764706 -210
4 870.3327 806.5799 0.01764706 -227
5 801.27386 806.5799 0.01764706 -243
6 739.8187 806.5799 0.01764706 -277
7 739.8187 806.5799 0.01764706 -307
8 675.37463 806.5799 0.01764706 -333
9 640.4818 806.5799 0.01764706 -333
10 613.68024 806.5799 0.01764706 -357
11 594.9677 806.5799 0.01764706 -390
12 577.9831 806.5799 0.01764706 -423
13 568.6543 806.5799 0.01764706 -456
14 542.5374 806.5799 0.01764706 -472
15 510.17743 806.5799 0.01764706 -505
16 503.93903 806.5799 0.01764706 -555
17 500.52975 806.5799 0.01764706 -571
18 496.8899 809.05365 0.01764706 -588
19 493.28033 822.3605 0.01764706 -604
20 489.3944 837.0214 0.019607844 -621
21 489.3944 837.0214 0.019607844 -654
22 489.54672 864.5497 0.01764706 -679
23 489.54672 896.7445 0.01764706 -679
24 490.5458 933.0606 0.01764706 -703
25 490.5458 951.91187 0.01764706 -720
26 491.54486 1000.22784 0.01764706 -736
27 490.5458 1097.9838 0.019607844 -753
28 489.54672 1145.1678 0.01764706 -786
29 488.24185 1187.8907 0.01764706 -802
30 486.5495 1297.6509 0.019607844 -819
31 485.5504 1404.6313 0.01764706 -851
32 485.5504 1451.7439 0.01764706 -884
33 485.5504 1508.0378 0.01764706 -917
34 485.5504 1521.7404 0.01764706 -950
35 485.5504 1525.5415 0.01764706 -983
36 485.5504 1527.3533 0.01764706 -1000
37 485.5504 1527.3533 0.01764706 -1016
0 1018.0574 829.56793 0.019607844 -119
1 999.20953 833.53217 0.019607844 -119
2 959.3969 838.772 0.019607844 -141
3 934.75195 842.56116 0.019607844 -174
4 890.5654 834.1342 0.019607844 -190
5 854.0786 835.3215 0.019607844 -207
6 817.68085 829.724 0.01764706 -223
7 779.93585 829.0656 0.019607844 -240
8 745.185 828.0029 0.019607844 -256
9 668.7731 822.4197 0.019607844 -273
10 640.6844 816.4914 0.01764706 -306
11 617.10754 812.52325 0.01764706 -322
12 596.7043 810.23773 0.01764706 -339
13 579.3298 808.45294 0.01764706 -355
14 552.7206 806.5799 0.01764706 -372
15 538.3237 806.5799 0.01764706 -405
16 531.62335 805.5804 0.01764706 -438
17 529.7149 805.5804 0.01764706 -471
18 527.9467 805.5804 0.01764706 -487
19 526.1251 805.5804 0.01764706 -504
20 522.2603 812.0892 0.019607844 -520
21 516.7676 833.33545 0.01764706 -537
22 513.9835 858.8239 0.019607844 -570
23 510.4835 913.5762 0.019607844 -586
24 510.52728 960.3896 0.01764706 -619
25 512.75964 1028.2145 0.01764706 -636
26 515.65826 1085.4205 0.01764706 -652
27 517.95233 1155.9478 0.019607844 -669
28 518.5199 1219.7866 0.019607844 -685
29 519.747 1298.7346 0.01764706 -702
30 517.4712 1393.4521 0.019607844 -718
31 516.5621 1452.9099 0.01764706 -735
32 515.64856 1494.457 0.01764706 -751
33 513.7993 1517.5345 0.01764706 -768
34 511.94406 1536.2732 0.019607844 -784
35 510.0789 1545.99 0.019607844 -801
36 509.52823 1551.9532 0.019607844 -817
37 508.42044 1555.4073 0.019607844 -834
38 507.58206 1559.0839 0.019607844 -850
39 506.70892 1562.8298 0.019607844 -867
40 505.53192 1567.1837 0.01764706 -883
41 505.53192 1567.1837 0.01764706 -893
0 1017.0583 870.5466 0.01764706 -103
1 1006.90063 868.95215 0.01764706 -103
2 972.9333 866.54865 0.01764706 -117
3 946.8973 865.5492 0.01764706 -150
4 912.5057 865.5492 0.01764706 -166
5 881.446 865.5492 0.01764706 -183
6 849.0634 865.5492 0.01764706 -199
7 817.7113 865.5492 0.019607844 -216
8 782.77905 865.5492 0.01764706 -232
9 698.87054 865.5492 0.01764706 -248
10 624.70337 865.5492 0.019607844 -281
11 593.89374 864.2651 0.01764706 -314
12 570.9648 860.08844 0.019607844 -331
13 548.6223 853.903 0.019607844 -347
14 532.34 850.08093 0.019607844 -364
15 522.3737 847.0232 0.019607844 -380
16 515.17303 845.2222 0.019607844 -397
17 507.7763 842.56116 0.019607844 -413
18 504.09198 844.2809 0.019607844 -446
19 502.01288 846.0816 0.01764706 -463
20 500.20212 847.89307 0.01764706 -479
21 497.4491 874.9889 0.019607844 -496
22 496.54025 905.21735 0.01764706 -512
23 496.54025 1036.7217 0.019607844 -529
24 497.90118 1118.5283 0.01764706 -562
25 497.5393 1174.9695 0.01764706 -578
26 495.5589 1237.8757 0.019607844 -595
27 491.72336 1347.5088 0.019607844 -611
28 489.81512 1393.2145 0.01764706 -628
29 488.95654 1431.9335 0.01764706 -644
30 488.54764 1448.934 0.01764706 -661
31 487.20468 1456.6182 0.01764706 -677
32 487.54858 1461.7222 0.01764706 -694
33 486.5495 1467.1857 0.01764706 -710
34 486.5495 1468.2352 0.01764706 -743
35 486.5495 1469.2347 0.01764706 -752
0 1011.06384 831.5669 0.019607844 -130
1 984.21576 835.0814 0.019607844 -130
2 904.9719 852.26654 0.01764706 -150
3 861.5372 857.1923 0.01764706 -182
4 835.2266 858.5528 0.01764706 -199
5 813.247 859.5523 0.01764706 -210
6 766.29047 861.5513 0.01764706 -237
7 732.48883 861.5513 0.01764706 -237
8 637.6848 851.6097 0.01764706 -249
9 598.5135 845.04425 0.019607844 -282
10 570.47314 831.71027 0.01764706 -298
11 547.3524 822.7021 0.01764706 -315
12 531.8693 817.0284 0.01764706 -331
13 515.8067 812.6715 0.01764706 -348
14 512.00464 810.817 0.01764706 -381
15 505.9057 811.20337 0.019607844 -397
16 503.53375 828.405 0.01764706 -430
17 506.16473 845.81 0.01764706 -463
18 510.75854 875.9325 0.01764706 -480
19 520.9139 941.6787 0.01764706 -496
20 527.70795 999.24854 0.01764706 -529
21 536.122 1098.0779 0.01764706 -546
22 539.27563 1166.1912 0.019607844 -562
23 540.4995 1235.6366 0.01764706 -579
24 539.4894 1296.9299 0.01764706 -595
25 535.61475 1366.9633 0.01764706 -612
26 531.81085 1383.46 0.01764706 -628
27 525.9144 1429.4459 0.01764706 -645
28 521.243 1447.0692 0.01764706 -661
29 515.58527 1471.0249 0.019607844 -678
30 511.86816 1484.2007 0.019607844 -694
31 506.0315 1499.2192 0.019607844 -711
32 504.09195 1508.8618 0.01764706 -744
33 503.53375 1511.2129 0.01764706 -760
34 503.53375 1515.2108 0.015686275 -765
0 1018.0574 803.5814 0.01764706 -87
1 990.81793 803.5814 0.01764706 -87
2 964.3736 803.5814 0.01764706 -109
3 892.7014 803.5814 0.01764706 -126
4 823.9252 803.5814 0.01764706 -159
5 766.22034 803.5814 0.01764706 -175
6 714.07587 803.5814 0.01764706 -192
7 625.2252 803.5814 0.01764706 -208
8 566.1835 803.5814 0.01764706 -241
9 543.5105 803.5814 0.01764706 -275
10 535.1289 803.5814 0.01764706 -308
11 530.4147 808.8143 0.019607844 -341
12 525.8607 834.8273 0.01764706 -374
13 524.0346 870.26904 0.01764706 -407
14 522.2794 909.6872 0.019607844 -423
15 520.59894 1080.7129 0.01764706 -440
16 520.51807 1155.4514 0.01764706 -473
17 519.8809 1253.6815 0.01764706 -489
18 518.5199 1328.0756 0.01764706 -506
19 517.63 1426.6259 0.01764706 -522
20 510.2625 1546.0375 0.01764706 -539
21 504.14297 1592.5118 0.019607844 -572
22 501.41812 1618.6858 0.01764706 -588
23 499.53748 1639.3279 0.01764706 -605
24 499.53748 1644.4044 0.01764706 -638
25 499.53748 1644.4044 0.01764706 -654
0 1016.0592 802.582 0.01764706 -95
1 987.9938 802.582 0.01764706 -95
2 957.9477 802.582 0.01764706 -117
3 876.90027 803.5814 0.01764706 -133
4 800.5084 803.5814 0.01764706 -166
5 745.23627 803.5814 0.01764706 -183
6 694.6009 802.0196 0.01764706 -199
7 647.98157 798.7175 0.01764706 -216
8 581.3699 781.52563 0.01764706 -232
9 581.3699 781.52563 0.019607844 -265
10 551.4894 778.5945 0.019607844 -292
11 540.61755 777.12476 0.019607844 -292
12 536.9589 777.595 0.019607844 -315
13 531.631 780.4703 0.019607844 -331
14 529.8516 782.25037 0.019607844 -364
15 528.07794 784.0247 0.01764706 -381
16 525.4639 823.0668 0.01764706 -397
17 519.1377 889.2808 0.01764706 -430
18 512.9231 948.2731 0.01764706 -447
19 505.22473 1012.5473 0.01764706 -463
20 497.51883 1087.1287 0.019607844 -480
21 491.05505 1169.7639 0.01764706 -496
22 482.6913 1283.3269 0.01764706 -513
23 477.91895 1354.6918 0.019607844 -529
24 475.8287 1424.8723 0.01764706 -546
25 475.55966 1485.4308 0.01764706 -562
26 475.55966 1507.1559 0.01764706 -579
27 475.55966 1523.6316 0.01764706 -595
28 475.55966 1528.1581 0.01764706 -628
29 475.55966 1530.203 0.01764706 -645
30 475.55966 1531.2025 0.01764706 -658
0 1017.0583 802.582 0.01764706 -134
1 985.00146 802.582 0.01764706 -134
2 952.99005 802.582 0.01764706 -156
3 915.7433 802.582 0.01764706 -172
4 873.47986 803.5814 0.01764706 -189
5 804.75696 804.58093 0.01764706 -205
6 756.338 804.58093 0.01764706 -222
7 689.3617 805.5804 0.01764706 -238
8 689.3617 805.5804 0.01764706 -266
9 593.4505 808.57886 0.01764706 -293
10 592.93427 808.3206 0.01764706 -293
11 579.72034 806.5799 0.01764706 -305
12 573.1729 806.5799 0.01764706 -337
13 565.7497 806.5799 0.01764706 -354
14 559.4252 806.5799 0.01764706 -387
15 555.616 806.5799 0.01764706 -420
16 548.38586 826.3356 0.019607844 -436
17 539.0768 866.3055 0.01764706 -469
18 533.42706 887.801 0.01764706 -502
19 528.82855 968.06335 0.01764706 -519
20 527.5116 1026.1605 0.01764706 -535
21 526.5125 1174.9893 0.01764706 -552
22 524.51434 1351.2166 0.01764706 -585
23 524.44354 1408.2185 0.01764706 -618
24 524.51434 1437.8163 0.01764706 -634
25 523.8242 1451.6976 0.01764706 -651
26 522.9548 1463.9697 0.01764706 -667
27 522.5162 1481.2285 0.019607844 -684
28 521.5171 1477.2306 0.01764706 -700
29 521.5171 1477.2306 0.01764706 -733
30 521.5171 1477.2306 0.01764706 -757
0 1012.0629 1045.4554 0.01764706 -5
1 1012.0629 1045.4554 0.01764706 -5
2 1012.0629 1045.4554 0.01764706 -14
3 997.0768 1044.4559 0.01764706 -109
4 984.09973 1044.4559 0.01764706 -109
5 934.8044 1044.4559 0.01764706 -123
6 904.495 1035.0383 0.019607844 -156
7 859.95624 1028.69 0.01764706 -172
8 816.21716 1027.5999 0.01764706 -189
9 779.07043 1025.7678 0.019607844 -205
10 742.7584 1021.5571 0.019607844 -222
11 708.4403 1028.3287 0.01764706 -238
12 675.69806 1024.6791 0.019607844 -255
13 638.8283 1015.5623 0.019607844 -271
14 583.0263 1004.238 0.019607844 -288
15 562.5795 1000.588 0.019607844 -321
16 542.65045 996.9631 0.019607844 -337
17 527.598 994.36786 0.019607844 -354
18 514.9957 992.56177 0.019607844 -370
19 501.01804 991.4836 0.019607844 -387
20 495.30502 991.4836 0.019607844 -420
21 492.14316 991.4836 0.019607844 -436
22 488.4477 991.4836 0.019607844 -453
23 484.81647 991.4836 0.019607844 -469
24 481.87927 991.4836 0.019607844 -486
25 475.65933 1006.22656 0.01764706 -502
26 474.22565 1015.1476 0.019607844 -519
27 472.42313 1023.16425 0.019607844 -535
28 470.6224 1054.055 0.019607844 -552
29 468.8151 1112.6859 0.01764706 -568
30 467.56708 1171.4462 0.01764706 -585
31 464.89407 1239.2145 0.019607844 -601
32 462.17563 1298.2521 0.019607844 -618
33 456.39267 1411.2063 0.01764706 -634
34 452.82516 1470.5891 0.019607844 -651
35 448.33154 1532.242 0.019607844 -667
36 443.5661 1591.4264 0.019607844 -684
37 439.39142 1645.1736 0.019607844 -700
38 437.05838 1682.5668 0.01764706 -717
39 436.59573 1704.5676 0.019607844 -733
40 435.13654 1738.306 0.01764706 -750
41 434.19055 1749.9403 0.01764706 -766
42 434.5976 1756.2217 0.01764706 -783
43 434.5976 1754.7905 0.019607844 -799
44 434.5976 1754.0864 0.01764706 -832
45 434.5976 1754.0864 0.01764706 -838
0 969.10266 988.48517 0.01764706 0
1 969.10266 988.48517 0.01764706 0
2 969.10266 988.48517 0.01764706 -43
3 968.14264 988.00494 0.01764706 -47
4 961.26416 987.48566 0.01764706 -126
5 945.55066 987.48566 0.01764706 -142
6 922.669 987.48566 0.019607844 -159
7 886.5838 987.48566 0.019607844 -175
8 847.3754 989.3342 0.019607844 -192
9 809.06104 991.1742 0.019607844 -208
10 770.22626 994.5354 0.019607844 -225
11 727.33435 998.22943 0.019607844 -241
12 688.8135 1010.4737 0.019607844 -258
13 649.9096 1025.804 0.01764706 -274
14 595.10675 1036.8693 0.01764706 -291
15 581.3735 1038.9735 0.01764706 -324
16 570.51337 1040.7843 0.01764706 -340
17 560.48773 1040.4581 0.01764706 -357
18 543.44324 1040.4581 0.01764706 -373
19 530.451 1040.4581 0.01764706 -406
20 523.51526 1040.4581 0.019607844 -439
21 520.51807 1040.4581 0.019607844 -463
22 511.52637 1040.4581 0.019607844 -499
23 503.12982 1040.4581 0.019607844 -499
24 497.79532 1040.4581 0.019607844 -522
25 494.3752 1040.4581 0.019607844 -538
26 491.72864 1040.4581 0.019607844 -555
27 489.83337 1040.4581 0.019607844 -571
28 488.0256 1040.4581 0.019607844 -588
29 486.21857 1040.4581 0.019607844 -604
30 486.21857 1040.4581 0.019607844 -621
31 482.5532 1043.4565 0.019607844 -645
32 473.43442 1076.9479 0.019607844 -645
33 467.53183 1115.1836 0.01764706 -670
34 463.90112 1147.7611 0.019607844 -687
35 461.3664 1198.1243 0.019607844 -703
36 458.57333 1286.4491 0.019607844 -720
37 457.57632 1363.2152 0.01764706 -736
38 457.57632 1425.8323 0.01764706 -753
39 458.5754 1498.6008 0.019607844 -769
40 459.57446 1616.5388 0.019607844 -786
41 455.7786 1732.8876 0.01764706 -819
42 451.94525 1767.261 0.01764706 -852
43 450.5828 1776.2201 0.01764706 -885
44 449.5837 1784.6687 0.019607844 -901
45 449.5837 1788.5098 0.019607844 -934
46 449.5837 1790.2836 0.019607844 -951
47 449.5837 1792.2412 0.019607844 -967
48 449.5837 1793.066 0.019607844 -984
49 449.5837 1794.0656 0.019607844 -991
0 977.0953 1047.4545 0.01764706 -133
1 977.0953 1047.4545 0.01764706 -133
2 969.78143 1046.455 0.01764706 -150
3 954.50885 1046.455 0.01764706 -166
4 933.6799 1046.455 0.01764706 -182
5 907.83527 1046.455 0.01764706 -199
6 883.06287 1046.455 0.01764706 -215
7 851.2705 1046.455 0.01764706 -232
8 851.2705 1046.455 0.01764706 -249
9 790.26825 1046.455 0.01764706 -274
10 741.6706 1046.455 0.01764706 -274
11 709.22076 1046.455 0.01764706 -298
12 677.46155 1045.0491 0.01764706 -315
13 645.47876 1044.2252 0.01764706 -331
14 620.06616 1034.5198 0.019607844 -348
15 592.1534 1021.7916 0.019607844 -364
16 572.90436 1013.35754 0.019607844 -381
17 539.3822 1004.78375 0.019607844 -397
18 528.0203 1001.23004 0.019607844 -430
19 510.8938 998.4799 0.019607844 -447
20 506.0305 997.48047 0.019607844 -480
21 502.3634 997.48047 0.019607844 -496
22 498.69788 997.48047 0.019607844 -513
23 494.492 997.48047 0.019607844 -529
24 492.63568 997.48047 0.019607844 -562
25 487.12744 1008.02875 0.01764706 -579
26 483.50534 1015.56494 0.01764706 -595
27 479.86563 1021.5031 0.019607844 -612
28 478.3822 1029.3381 0.019607844 -628
29 475.55966 1065.4402 0.01764706 -645
30 473.56152 1116.3417 0.01764706 -661
31 473.56152 1173.3107 0.01764706 -678
32 473.97504 1233.7047 0.01764706 -694
33 475.7686 1297.8977 0.019607844 -711
34 475.55966 1370.0304 0.019607844 -727
35 473.74097 1470.1033 0.019607844 -744
36 468.9716 1544.9342 0.01764706 -760
37 463.26724 1605.5498 0.01764706 -777
38 457.40512 1648.4266 0.019607844 -793
39 453.11972 1684.1122 0.01764706 -810
40 451.13727 1708.4506 0.019607844 -826
41 451.58188 1717.5173 0.019607844 -843
42 451.58188 1727.722 0.019607844 -859
43 451.58188 1731.0984 0.019607844 -892
44 451.58188 1732.0978 0.019607844 -915
0 1015.0601 850.557 0.019607844 -146
1 994.5276 846.049 0.019607844 -146
2 965.16174 844.37616 0.019607844 -166
3 918.4037 847.53595 0.019607844 -182
4 873.1484 849.79395 0.01764706 -199
5 829.4431 854.7447 0.01764706 -215
6 784.891 858.1349 0.01764706 -232
7 740.68506 852.7843 0.019607844 -248
8 703.98804 857.8212 0.01764706 -265
9 669.0332 850.166 0.019607844 -281
10 637.7589 848.8278 0.01764706 -298
11 610.4917 844.03064 0.019607844 -314
12 591.27185 840.411 0.019607844 -331
13 567.3124 826.87195 0.01764706 -347
14 560.17194 822.41693 0.01764706 -380
15 554.8658 818.8266 0.01764706 -397
16 551.1109 816.88513 0.01764706 -413
17 545.2108 813.292 0.01764706 -430
18 542.23566 811.4462 0.01764706 -463
19 538.5662 822.3122 0.019607844 -480
20 533.9636 832.4214 0.019607844 -496
21 530.3837 839.2506 0.019607844 -513
22 525.4205 856.92584 0.019607844 -529
23 522.2524 882.9922 0.01764706 -546
24 518.535 910.3671 0.01764706 -562
25 517.06604 1020.439 0.01764706 -579
26 517.5208 1067.4927 0.01764706 -612
27 516.3346 1125.9727 0.01764706 -628
28 515.40485 1212.2039 0.019607844 -645
29 514.5483 1304.8018 0.01764706 -661
30 513.52454 1358.7878 0.019607844 -678
31 512.52545 1412.5614 0.019607844 -694
32 512.52545 1440.3262 0.01764706 -711
33 511.52637 1470.3423 0.019607844 -727
34 511.52637 1496.2205 0.01764706 -744
35 511.52637 1517.7789 0.01764706 -760
36 511.52637 1523.0774 0.01764706 -793
37 511.52637 1526.7758 0.01764706 -810
38 511.52637 1529.2035 0.01764706 -826
39 510.52728 1530.203 0.015686275 -845
0 1014.06104 805.5804 0.01764706 -127
1 993.39044 805.5804 0.01764706 -127
2 974.53455 805.5804 0.01764706 -148
3 950.2616 805.5804 0.01764706 -164
4 912.75366 805.5804 0.01764706 -181
5 879.97614 805.5804 0.01764706 -197
6 844.14435 805.5804 0.01764706 -214
7 805.6144 805.5804 0.01764706 -230
8 765.3306 805.5804 0.01764706 -247
9 686.08545 805.5804 0.01764706 -263
10 605.4566 827.89923 0.019607844 -296
11 560.6014 824.43274 0.019607844 -329
12 545.11633 826.86664 0.019607844 -362
13 534.878 828.72504 0.019607844 -379
14 522.0802 829.56793 0.019607844 -395
15 518.2412 829.56793 0.019607844 -428
16 514.619 829.56793 0.019607844 -445
17 510.9519 829.56793 0.019607844 -461
18 502.67108 838.3586 0.01764706 -478
19 497.2684 849.7353 0.01764706 -511
20 492.2986 876.3941 0.01764706 -527
21 488.12158 903.745 0.01764706 -544
22 483.94653 941.3524 0.01764706 -560
23 477.55783 1092.0977 0.019607844 -577
24 476.55875 1156.1202 0.01764706 -610
25 475.55966 1213.5569 0.01764706 -626
26 474.5606 1269.2925 0.01764706 -643
27 474.5606 1328.1478 0.01764706 -659
28 474.5606 1378.6715 0.01764706 -676
29 476.55875 1496.1027 0.01764706 -692
30 477.55783 1562.5107 0.01764706 -725
31 477.55783 1578.3251 0.01764706 -758
32 477.55783 1580.177 0.01764706 -791
33 473.56152 1618.1572 0.021568628 -799
0 1015.0601 831.5669 0.019607844 -109
1 992.2435 834.3492 0.019607844 -109
2 970.05865 836.85596 0.019607844 -132
3 944.9837 844.60046 0.01764706 -149
4 914.6219 846.5591 0.019607844 -165
5 883.6738 854.4002 0.01764706 -182
6 848.2276 858.86707 0.01764706 -198
7 802.30963 861.6144 0.01764706 -215
8 729.2692 865.23645 0.01764706 -231
9 665.94257 865.5492 0.01764706 -264
10 639.8818 865.5492 0.01764706 -297
11 618.2531 865.5492 0.01764706 -314
12 582.49896 865.5492 0.01764706 -330
13 570.13995 865.5492 0.01764706 -363
14 548.25555 864.3436 0.01764706 -380
15 531.08685 864.5497 0.01764706 -413
16 525.374 864.5497 0.01764706 -446
17 519.96185 864.5497 0.01764706 -462
18 515.8187 864.5497 0.01764706 -479
19 512.11414 864.5497 0.01764706 -495
20 507.50592 864.5497 0.01764706 -512
21 501.19778 870.8845 0.019607844 -528
22 494.57104 886.1375 0.01764706 -545
23 489.1167 897.39343 0.01764706 -561
24 481.36786 938.44324 0.01764706 -578
25 476.05807 988.83264 0.01764706 -594
26 470.6891 1076.9719 0.01764706 -611
27 469.56522 1152.8616 0.01764706 -627
28 468.56613 1211.2404 0.01764706 -644
29 467.56708 1265.9604 0.01764706 -660
30 466.21927 1313.5988 0.01764706 -677
31 465.3697 1371.875 0.01764706 -693
32 464.56985 1423.9004 0.01764706 -710
33 461.61234 1478.7926 0.019607844 -726
34 460.62256 1501.7764 0.01764706 -759
35 459.57446 1511.5469 0.01764706 -776
36 458.5754 1517.5707 0.01764706 -792
37 458.5754 1521.7167 0.01764706 -809
38 457.57632 1523.9379 0.01764706 -825
39 456.57724 1525.2056 0.01764706 -842
40 456.57724 1525.2056 0.01764706 -852
0 1016.0592 867.54816 0.01764706 -130
1 996.5742 867.54816 0.01764706 -130
2 979.6467 866.54865 0.01764706 -151
3 958.4752 865.2463 0.01764706 -168
4 934.74817 865.5492 0.01764706 -184
5 897.8871 864.494 0.01764706 -201
6 861.10657 864.5497 0.019607844 -217
7 826.87506 864.5497 0.01764706 -234
8 791.7262 864.5497 0.01764706 -250
9 758.16125 864.5497 0.019607844 -267
10 721.49774 864.5497 0.01764706 -283
11 687.773 864.5497 0.01764706 -300
12 643.36066 864.5497 0.019607844 -316
13 609.15405 859.5523 0.019607844 -333
14 584.3842 859.5523 0.019607844 -349
15 562.1393 855.46936 0.019607844 -366
16 534.81244 848.6093 0.019607844 -382
17 526.2662 846.7473 0.019607844 -415
18 519.66016 844.94037 0.019607844 -432
19 514.3 843.1529 0.019607844 -448
20 510.2168 843.7159 0.019607844 -465
21 506.49234 845.5789 0.019607844 -481
22 502.8377 847.407 0.019607844 -498
23 499.24612 849.2035 0.019607844 -514
24 492.13217 852.76196 0.019607844 -531
25 488.41638 854.62054 0.01764706 -564
26 483.8047 881.1515 0.019607844 -580
27 479.2219 921.5328 0.019607844 -597
28 477.09653 961.04553 0.01764706 -613
29 475.34958 1003.26227 0.01764706 -630
30 473.48428 1103.831 0.01764706 -646
31 472.56244 1217.0507 0.01764706 -663
32 469.56522 1346.1458 0.019607844 -679
33 468.56613 1439.4075 0.01764706 -712
34 468.56613 1504.6614 0.01764706 -745
35 468.56613 1512.7233 0.01764706 -778
36 468.56613 1518.4077 0.01764706 -795
37 468.56613 1524.1068 0.01764706 -811
38 468.56613 1524.206 0.01764706 -844
39 468.56613 1525.2056 0.01764706 -845
0 1015.0601 838.56323 0.019607844 -127
1 999.3857 843.14185 0.019607844 -127
2 985.25256 847.2675 0.019607844 -148
3 938.0693 854.42096 0.019607844 -165
4 888.16095 858.4627 0.019607844 -198
5 846.2792 857.0025 0.019607844 -214
6 807.73627 859.0967 0.019607844 -231
7 768.94543 860.90125 0.019607844 -247
8 676.339 861.5513 0.019607844 -264
9 608.6428 853.7278 0.019607844 -297
10 584.45886 856.05414 0.019607844 -330
11 569.1396 852.778 0.019607844 -346
12 557.9899 849.3931 0.019607844 -363
13 550.01196 847.6888 0.019607844 -379
14 544.5752 845.9192 0.019607844 -396
15 539.2371 844.13916 0.019607844 -412
16 536.1322 842.37555 0.019607844 -429
17 532.4067 841.56165 0.019607844 -445
18 528.7724 841.56165 0.019607844 -462
19 525.1608 842.2378 0.019607844 -478
20 521.56964 844.03406 0.019607844 -495
21 517.949 845.84515 0.019607844 -511
22 511.94412 856.86285 0.019607844 -528
23 503.82236 895.0895 0.019607844 -544
24 496.0195 988.86707 0.019607844 -561
25 494.54208 1112.1241 0.019607844 -594
26 493.54303 1173.8264 0.019607844 -627
27 492.54395 1277.8322 0.01764706 -643
28 493.26334 1336.986 0.01764706 -660
29 493.54303 1380.7667 0.01764706 -676
30 493.54303 1444.0919 0.01764706 -693
31 491.54486 1459.426 0.01764706 -726
32 491.54486 1463.1074 0.01764706 -759
33 491.54486 1466.9143 0.01764706 -775
34 491.54486 1467.2357 0.01764706 -808
35 491.54486 1468.2352 0.01764706 -811
0 1014.06104 814.57574 0.019607844 -119
1 993.07245 817.0319 0.01764706 -119
2 942.01025 829.7913 0.019607844 -139
3 897.4611 839.1322 0.019607844 -172
4 857.0403 840.3521 0.019607844 -189
5 817.7817 844.93115 0.01764706 -205
6 776.6621 850.9309 0.01764706 -222
7 737.2558 856.38055 0.01764706 -238
8 698.3064 858.7051 0.019607844 -255
9 655.61053 860.5067 0.01764706 -271
10 620.363 861.5513 0.01764706 -288
11 575.7538 861.5513 0.01764706 -304
12 559.9237 858.03375 0.019607844 -337
13 546.3028 853.5008 0.019607844 -354
14 534.36005 849.8423 0.019607844 -370
15 520.12067 845.09393 0.019607844 -387
16 514.38696 843.1819 0.019607844 -420
17 510.11966 841.3577 0.019607844 -436
18 506.4701 841.5921 0.01764706 -453
19 502.87646 843.38965 0.01764706 -469
20 499.21603 845.22064 0.019607844 -486
21 495.62656 847.0161 0.019607844 -502
22 491.99887 848.8307 0.019607844 -519
23 488.3837 850.63904 0.019607844 -535
24 480.9133 873.1109 0.019607844 -552
25 475.11603 918.01666 0.019607844 -568
26 473.56152 962.3929 0.01764706 -585
27 472.231 1005.448 0.01764706 -601
28 472.56244 1107.9851 0.019607844 -618
29 471.56335 1168.6023 0.019607844 -634
30 466.73633 1281.4464 0.01764706 -651
31 460.9679 1354.3738 0.019607844 -667
32 456.1847 1415.0676 0.019607844 -684
33 452.48917 1460.612 0.019607844 -700
34 450.5828 1492.7313 0.01764706 -717
35 450.5828 1508.3365 0.01764706 -733
36 450.5828 1516.5093 0.01764706 -750
37 450.5828 1521.5463 0.01764706 -766
38 450.5828 1524.2224 0.01764706 -783
39 450.5828 1524.2224 0.01764706 -799
0 1014.06104 855.5544 0.019607844 -145
1 992.6072 857.93915 0.01764706 -145
2 968.4184 849.982 0.019607844 -166
3 939.73267 845.37335 0.019607844 -183
4 892.95135 842.6419 0.019607844 -199
5 853.46985 840.80115 0.019607844 -216
6 814.0157 840.5622 0.019607844 -232
7 773.242 845.68634 0.019607844 -249
8 729.10425 842.0638 0.019607844 -265
9 688.37036 833.6564 0.019607844 -282
10 640.43774 825.44995 0.019607844 -298
11 602.40753 816.7429 0.019607844 -315
12 577.532 812.49805 0.019607844 -331
13 559.984 810.2212 0.019607844 -348
14 540.6641 806.6211 0.019607844 -364
15 535.0755 805.7706 0.019607844 -397
16 531.2865 805.5804 0.019607844 -414
17 526.3867 805.5804 0.019607844 -430
18 524.4809 805.5804 0.019607844 -463
19 521.9071 807.1892 0.019607844 -480
20 518.3068 816.03467 0.019607844 -496
21 514.6845 828.66565 0.019607844 -513
22 509.82965 847.5844 0.019607844 -529
23 505.3772 880.5481 0.019607844 -546
24 500.83893 969.64294 0.01764706 -562
25 493.58594 1099.0897 0.019607844 -579
26 490.84647 1182.559 0.01764706 -612
27 487.22433 1240.5466 0.01764706 -628
28 484.43134 1349.9004 0.01764706 -645
29 480.61053 1409.072 0.01764706 -661
30 478.72028 1437.4523 0.01764706 -678
31 471.9508 1485.4093 0.019607844 -694
32 469.96786 1503.7986 0.01764706 -727
33 469.56522 1512.1113 0.01764706 -744
34 469.56522 1517.2186 0.01764706 -760
35 468.24478 1518.2092 0.019607844 -777
36 467.56708 1518.2092 0.01764706 -793
37 467.56708 1518.2092 0.01764706 -799
0 1017.0583 803.5814 0.01764706 -147
1 1001.76373 803.5814 0.01764706 -147
2 980.12805 803.5814 0.01764706 -159
3 952.1451 803.5814 0.01764706 -176
4 882.32697 811.19617 0.01764706 -192
5 804.0718 830.9919 0.019607844 -225
6 766.7621 840.967 0.01764706 -258
7 695.2201 843.6061 0.019607844 -275
8 652.69293 840.2978 0.019607844 -308
9 627.9139 837.9382 0.019607844 -324
10 608.4401 836.0649 0.019607844 -341
11 594.0524 834.26575 0.019607844 -357
12 582.73254 833.56586 0.019607844 -374
13 573.9359 826.84973 0.019607844 -390
14 567.2573 822.09357 0.019607844 -407
15 561.9797 818.5736 0.019607844 -423
16 557.7564 816.2113 0.019607844 -439
17 554.22437 814.4446 0.01764706 -456
18 550.5037 817.56067 0.019607844 -473
19 543.328 828.5296 0.019607844 -489
20 537.78485 835.28217 0.019607844 -506
21 532.45074 839.267 0.019607844 -522
22 527.1285 842.81665 0.019607844 -539
23 512.68524 868.83563 0.019607844 -555
24 503.1103 914.273 0.019607844 -588
25 511.51944 1148.5562 0.01764706 -621
26 515.66644 1220.6666 0.019607844 -687
27 521.8122 1369.4442 0.01764706 -704
28 524.6458 1452.9795 0.019607844 -737
29 523.5683 1554.2875 0.01764706 -753
30 519.6798 1596.0419 0.019607844 -786
31 519.519 1601.166 0.019607844 -819
32 519.519 1601.166 0.01764706 -836
33 519.519 1601.166 0.01764706 -846
0 1006.0685 952.5039 0.01764706 -31
1 1005.06146 963.5539 0.01764706 -31
2 1001.2723 981.8903 0.019607844 -40
3 998.58746 985.97437 0.01764706 -73
4 985.5293 1002.7412 0.01764706 -89
5 958.93536 1010.4737 0.019607844 -122
6 932.3434 1021.22894 0.01764706 -155
7 845.7005 1035.6809 0.01764706 -172
8 804.2974 1040.7268 0.01764706 -205
9 762.82764 1042.9346 0.01764706 -221
10 684.74695 1045.4554 0.01764706 -238
11 684.74695 1045.4554 0.01764706 -271
12 625.4209 1045.4554 0.01764706 -297
13 566.3615 1045.4554 0.01764706 -297
14 543.0357 1045.4554 0.01764706 -337
15 527.6345 1045.4554 0.01764706 -370
16 516.6434 1045.4554 0.01764706 -403
17 507.60153 1045.4554 0.019607844 -436
18 503.88037 1046.2816 0.019607844 -469
19 498.89197 1056.3881 0.019607844 -485
20 493.10013 1073.7705 0.019607844 -502
21 486.33524 1113.6176 0.01764706 -518
22 482.63287 1193.3052 0.01764706 -535
23 480.55505 1365.0099 0.01764706 -568
24 478.5569 1505.5851 0.019607844 -601
25 474.33395 1597.2935 0.01764706 -634
26 471.35846 1660.3394 0.01764706 -650
27 465.74612 1730.4135 0.01764706 -667
28 464.56985 1763.2595 0.01764706 -683
29 464.56985 1770.7998 0.01764706 -716
30 464.56985 1774.5885 0.01764706 -733
31 464.56985 1776.075 0.01764706 -749
32 464.56985 1776.075 0.01764706 -762
