0 845.2174 572.7017 0.019607844 -154
1 802.871 577.6991 0.019607844 -154
2 778.1568 577.6991 0.019607844 -218
3 752.78906 577.6991 0.019607844 -267
4 738.12305 577.6991 0.019607844 -317
5 720.9997 575.9779 0.019607844 -350
6 693.9195 575.70013 0.019607844 -383
7 656.37616 574.7007 0.019607844 -432
8 628.3883 574.7007 0.019607844 -482
9 583.4598 577.6991 0.019607844 -515
10 544.4882 581.4481 0.019607844 -564
11 514.21136 586.557 0.019607844 -614
12 490.39224 591.7302 0.019607844 -664
13 475.40668 596.76575 0.019607844 -713
14 465.5689 613.68036 0.019607844 -763
15 463.57077 628.67255 0.019607844 -799
16 526.5125 1186.3821 0.019607844 -913
17 524.51434 1219.3649 0.019607844 -913
18 522.5162 1238.355 0.019607844 -930
0 951.1193 450.76523 0.019607844 -52
1 944.86896 447.13904 0.019607844 -69
2 922.7678 435.0401 0.019607844 -102
3 867.7985 417.90057 0.019607844 -151
4 709.0835 404.78915 0.019607844 -184
5 621.8316 410.7408 0.019607844 -250
6 543.8107 419.03458 0.019607844 -283
7 481.98474 429.66846 0.019607844 -316
8 409.1931 456.1498 0.019607844 -349
9 382.19073 564.4017 0.019607844 -415
10 424.76147 808.2684 0.019607844 -465
11 471.56335 1041.4575 0.019607844 -514
12 475.55966 1065.4451 0.019607844 -558
0 955.11566 655.6585 0.019607844 -9
1 944.4382 652.60657 0.01764706 -18
2 844.74677 637.51855 0.01764706 -68
3 706.98865 613.3722 0.019607844 -118
4 598.81036 601.511 0.019607844 -167
5 538.5413 607.2757 0.019607844 -217
6 484.59012 658.69946 0.01764706 -267
7 476.8627 923.7344 0.019607844 -333
8 492.54395 1199.3752 0.019607844 -382
9 498.5384 1308.3186 0.01764706 -423
0 904.16284 418.78186 0.01764706 -9
1 902.6869 418.78186 0.019607844 -18
2 894.5706 418.78186 0.019607844 -68
3 887.168 414.77347 0.019607844 -118
4 877.9456 409.66586 0.019607844 -167
5 869.07733 406.0825 0.019607844 -217
6 822.89154 400.56696 0.019607844 -250
7 789.3862 397.79282 0.019607844 -332
8 754.26117 396.79333 0.019607844 -382
9 706.43195 396.79333 0.019607844 -432
10 679.35315 395.79385 0.019607844 -481
11 617.5863 392.7954 0.019607844 -514
12 510.24045 395.02298 0.019607844 -564
13 401.81787 424.35757 0.019607844 -613
14 383.64478 506.9009 0.019607844 -679
15 449.72525 748.2925 0.019607844 -729
16 487.76187 997.6602 0.019607844 -778
17 485.57742 1158.8826 0.019607844 -828
18 480.55505 1202.3738 0.019607844 -877
19 480.55505 1206.3717 0.019607844 -930
0 984.0888 580.6975 0.019607844 -44
1 981.15594 580.6975 0.019607844 -44
2 967.5366 582.80994 0.019607844 -67
3 918.5345 595.65796 0.019607844 -100
4 846.20105 606.73627 0.019607844 -133
5 764.2271 609.68243 0.019607844 -166
6 699.78564 610.68195 0.019607844 -199
7 647.94336 609.68243 0.019607844 -232
8 601.3202 612.1934 0.019607844 -265
9 574.21014 615.7309 0.019607844 -298
10 554.7067 629.97125 0.019607844 -331
11 542.68567 717.84326 0.01764706 -381
12 551.0868 930.27185 0.019607844 -414
13 563.43054 1131.739 0.01764706 -463
14 563.7887 1236.8987 0.019607844 -496
15 562.0133 1308.8462 0.019607844 -529
16 559.48193 1361.291 0.019607844 -562
17 559.48193 1372.2853 0.01764706 -601
0 896.1702 627.6731 0.019607844 -15
1 891.5837 627.6731 0.019607844 -15
2 864.7102 630.5864 0.019607844 -41
3 803.62714 635.8502 0.019607844 -74
4 640.2384 633.6699 0.019607844 -107
5 557.7065 633.6699 0.019607844 -156
6 488.35068 635.3689 0.019607844 -189
7 448.505 638.9643 0.019607844 -223
8 427.0722 642.5718 0.019607844 -256
9 415.3824 646.07446 0.019607844 -289
10 408.8267 649.5591 0.019607844 -322
11 401.7937 661.3241 0.019607844 -355
12 401.7465 723.9263 0.019607844 -388
13 432.08984 884.6622 0.019607844 -421
14 465.25436 1031.2175 0.019607844 -454
15 491.23065 1173.2732 0.019607844 -487
16 512.0799 1295.6494 0.019607844 -520
17 521.902 1366.2922 0.019607844 -553
18 532.50696 1413.2639 0.019607844 -586
19 533.50604 1418.2612 0.019607844 -632
0 862.20166 674.6486 0.01764706 -16
1 862.20166 673.8808 0.01764706 -16
2 858.27435 669.7202 0.019607844 -58
3 836.4102 662.25165 0.019607844 -91
4 758.9441 644.4458 0.019607844 -124
5 672.8125 628.1426 0.019607844 -157
6 602.59344 618.0891 0.019607844 -190
7 548.75604 614.3417 0.019607844 -223
8 514.42065 616.4892 0.019607844 -256
9 491.02615 618.67773 0.019607844 -289
10 475.17734 621.3529 0.019607844 -322
11 462.30927 624.76215 0.019607844 -355
12 451.22897 632.61206 0.019607844 -388
13 434.2718 683.2094 0.019607844 -421
14 434.32092 838.98334 0.019607844 -454
15 450.38416 1013.3237 0.019607844 -487
16 465.2559 1223.4095 0.019607844 -520
17 467.15955 1334.5149 0.019607844 -553
18 467.56708 1407.9117 0.019607844 -586
19 469.72647 1457.8545 0.019607844 -619
20 471.56335 1491.298 0.019607844 -652
21 471.56335 1495.2212 0.019607844 -685
22 471.56335 1498.2196 0.019607844 -693
0 906.16095 617.6783 0.01764706 -17
1 906.1274 617.6783 0.01764706 -17
2 886.63995 617.6783 0.019607844 -25
3 829.6083 618.67773 0.019607844 -58
4 742.6473 618.657 0.019607844 -91
5 663.4268 618.67773 0.019607844 -124
6 597.63 619.67725 0.019607844 -157
7 544.686 626.5036 0.019607844 -191
8 511.40454 633.562 0.019607844 -224
9 489.4705 642.71106 0.019607844 -257
10 472.06293 658.1572 0.019607844 -290
11 456.34766 704.93506 0.019607844 -322
12 467.737 850.55176 0.019607844 -356
13 492.0919 1010.12286 0.019607844 -389
14 522.2127 1198.2499 0.019607844 -422
15 534.0604 1309.645 0.019607844 -455
16 539.05457 1371.3759 0.019607844 -488
17 540.4995 1397.642 0.019607844 -521
18 540.4995 1406.2676 0.019607844 -554
19 540.4995 1408.2665 0.019607844 -576
0 904.16284 570.70276 0.019607844 -7
1 904.16284 570.70276 0.019607844 -7
2 889.8184 570.70276 0.019607844 -32
3 852.166 573.7815 0.019607844 -65
4 779.4192 576.69965 0.019607844 -98
5 713.9553 578.0535 0.019607844 -131
6 657.606 579.52893 0.019607844 -164
7 613.24817 580.9868 0.019607844 -197
8 581.99054 581.697 0.019607844 -230
9 560.7932 582.6965 0.019607844 -264
10 546.3802 585.4735 0.019607844 -297
11 534.58514 592.38135 0.019607844 -330
12 511.86703 665.45795 0.019607844 -363
13 511.23303 820.18256 0.019607844 -396
14 520.75366 990.14325 0.019607844 -429
15 529.30334 1191.1494 0.019607844 -462
16 530.5088 1307.6211 0.019607844 -495
17 530.5088 1386.0144 0.019607844 -528
18 532.50696 1436.252 0.019607844 -561
19 532.50696 1443.2483 0.019607844 -591
0 729.3247 891.53564 0.023529414 0
1 729.3247 891.53564 0.025490198 -8
2 729.3247 891.53564 0.023529414 -33
3 729.3247 891.53564 0.023529414 -66
4 729.3247 888.3833 0.023529414 -99
5 732.98315 884.87726 0.023529414 -132
6 736.4169 881.4422 0.023529414 -165
7 736.31824 877.8221 0.023529414 -198
8 736.31824 872.56665 0.023529414 -231
9 739.7439 869.11847 0.021568628 -280
10 741.3136 865.5881 0.021568628 -314
11 741.3136 862.1563 0.021568628 -347
12 741.3136 858.7027 0.021568628 -380
13 741.3136 856.55383 0.023529414 -413
14 741.3136 856.55383 0.023529414 -462
15 739.42267 856.55383 0.021568628 -495
16 736.00275 856.55383 0.023529414 -528
17 732.5746 857.55334 0.025490198 -561
18 726.1634 860.6338 0.025490198 -594
19 719.26086 864.08655 0.025490198 -627
20 712.28503 867.57587 0.023529414 -660
21 703.72174 871.0885 0.023529414 -693
22 686.32623 877.15845 0.023529414 -726
23 667.27325 880.8927 0.021568628 -776
24 645.47095 884.4058 0.021568628 -809
25 593.73285 890.6158 0.021568628 -842
26 552.2832 895.84344 0.021568628 -892
27 517.14856 899.6562 0.021568628 -925
28 475.13177 904.7668 0.021568628 -958
29 432.24783 911.7709 0.021568628 -991
30 394.17294 917.06854 0.021568628 -1024
31 366.51425 919.52106 0.021568628 -1057
32 344.86008 921.52 0.021568628 -1090
33 332.4283 920.4327 0.021568628 -1123
34 326.03543 919.8582 0.019607844 -1156
35 322.44952 919.52106 0.019607844 -1189
36 318.81912 919.52106 0.021568628 -1222
37 313.06006 921.8449 0.023529414 -1255
38 309.9349 922.2977 0.021568628 -1288
39 306.5327 925.7013 0.023529414 -1321
40 303.71878 928.51636 0.023529414 -1354
41 302.7197 928.51636 0.023529414 -1387
42 302.7197 928.51636 0.023529414 -1420
43 301.21066 928.51636 0.023529414 -1447
44 297.77505 928.51636 0.023529414 -1503
45 294.3799 928.51636 0.025490198 -1536
46 291.05115 930.5153 0.025490198 -1569
47 287.7079 933.5395 0.025490198 -1602
48 284.40536 937.84283 0.025490198 -1635
49 280.97296 945.808 0.025490198 -1668
50 277.60886 954.90497 0.025490198 -1701
51 274.1013 964.7873 0.025490198 -1734
52 270.70084 971.591 0.025490198 -1767
53 267.24142 981.02246 0.025490198 -1800
54 265.75394 992.5088 0.025490198 -1833
55 265.75394 1012.02985 0.025490198 -1866
56 267.8013 1056.337 0.025490198 -1899
57 271.31912 1168.3535 0.025490198 -1932
58 274.9488 1295.2404 0.023529414 -1965
59 273.74652 1443.0339 0.023529414 -1998
60 270.2961 1533.9127 0.021568628 -2031
61 269.75024 1585.7408 0.021568628 -2064
62 269.75024 1607.8762 0.021568628 -2097
63 269.75024 1615.8064 0.021568628 -2130
64 269.75024 1620.1561 0.021568628 -2163
65 269.75024 1620.1561 0.019607844 -2193
0 868.1961 364.81 0.019607844 -19
1 866.30615 363.86462 0.019607844 -19
2 857.4321 361.81155 0.019607844 -45
3 813.21765 361.81155 0.019607844 -78
4 758.8921 361.0516 0.019607844 -127
5 704.0316 360.81207 0.019607844 -161
6 647.63257 359.8126 0.019607844 -194
7 602.2852 359.8126 0.019607844 -227
8 555.3429 360.81207 0.019607844 -260
9 517.69763 360.81207 0.019607844 -293
10 478.1286 360.81207 0.019607844 -327
11 447.80414 363.53333 0.019607844 -360
12 425.04535 365.07004 0.019607844 -393
13 405.53238 371.4434 0.019607844 -426
14 392.26004 379.83472 0.019607844 -459
15 376.94165 426.83978 0.019607844 -492
16 375.1601 536.8 0.019607844 -526
17 416.37488 853.6802 0.019607844 -559
18 423.74686 1028.4238 0.019607844 -608
19 423.65448 1181.4967 0.019607844 -637
20 422.6087 1237.5809 0.019607844 -670
21 422.6087 1239.3545 0.019607844 -703
22 422.6087 1244.3519 0.019607844 -705
0 949.1212 632.6705 0.019607844 0
1 949.1212 632.6705 0.019607844 -7
2 935.61615 631.67096 0.019607844 -32
3 891.4775 637.4586 0.019607844 -65
4 727.1704 635.7392 0.019607844 -98
5 576.3978 624.0771 0.019607844 -148
6 485.12167 617.2415 0.019607844 -181
7 432.46622 614.6798 0.019607844 -214
8 400.5883 615.6793 0.019607844 -247
9 388.3155 615.6793 0.019607844 -280
10 382.87704 615.6793 0.019607844 -313
11 379.3497 615.6793 0.019607844 -346
12 372.7977 634.66925 0.019607844 -379
13 372.63672 722.31366 0.019607844 -412
14 393.6766 861.2776 0.019607844 -445
15 420.44818 1037.4845 0.019607844 -478
16 440.4951 1154.3973 0.019607844 -511
17 455.39252 1247.5922 0.019607844 -544
18 475.19894 1329.5437 0.019607844 -577
19 480.55505 1344.2998 0.019607844 -611
20 485.5504 1363.2899 0.019607844 -618
0 879.1859 620.6767 0.019607844 0
1 879.1859 620.6767 0.019607844 -4
2 878.19055 620.6767 0.019607844 -30
3 862.1108 623.9867 0.019607844 -63
4 776.53656 638.49396 0.019607844 -96
5 693.37573 650.3086 0.019607844 -129
6 634.1766 658.9762 0.019607844 -162
7 581.2381 662.49347 0.019607844 -195
8 552.1541 663.65436 0.019607844 -228
9 521.9217 663.65436 0.019607844 -261
10 509.25644 663.65436 0.019607844 -311
11 501.71005 666.5655 0.019607844 -344
12 491.5768 700.79944 0.019607844 -377
13 495.773 813.5158 0.019607844 -410
14 522.78894 1039.6274 0.019607844 -443
15 536.71735 1246.4226 0.019607844 -476
16 541.7566 1381.9938 0.019607844 -509
17 542.4977 1461.185 0.019607844 -542
18 542.4977 1487.2894 0.019607844 -575
19 542.4977 1492.2228 0.019607844 -608
20 542.4977 1494.2217 0.019607844 -625
0 897.1693 375.80426 0.019607844 0
1 886.5489 375.80426 0.019607844 0
2 855.4283 380.67075 0.019607844 -38
3 802.86285 389.09656 0.019607844 -71
4 711.13934 390.92355 0.019607844 -104
5 630.4952 383.7269 0.019607844 -137
6 561.2407 374.58093 0.019607844 -170
7 501.80786 371.05844 0.019607844 -203
8 462.4046 370.80685 0.01764706 -236
9 439.71326 372.78577 0.019607844 -269
10 423.4452 376.34467 0.019607844 -302
11 410.46664 380.90384 0.019607844 -335
12 399.31503 392.26855 0.01764706 -369
13 391.4394 439.33862 0.019607844 -402
14 412.34668 596.66943 0.01764706 -435
15 440.9752 782.9931 0.019607844 -468
16 471.74326 969.8231 0.019607844 -501
17 477.62244 1154.9855 0.019607844 -534
18 478.5569 1239.151 0.019607844 -567
19 479.3024 1267.3247 0.01764706 -600
20 479.55597 1271.3378 0.01764706 -633
21 480.55505 1274.3363 0.019607844 -643
0 695.35614 865.5492 0.019607844 -7
1 685.81683 867.96716 0.019607844 -7
2 664.11285 876.39557 0.019607844 -41
3 628.31537 889.2378 0.019607844 -74
4 573.73364 904.58417 0.019607844 -107
5 504.76862 921.7283 0.021568628 -140
6 414.18423 938.3977 0.021568628 -173
7 352.48773 948.36237 0.021568628 -206
8 301.93817 953.93787 0.021568628 -239
9 262.2456 959.0857 0.021568628 -272
10 246.56885 962.5493 0.021568628 -322
11 234.74043 969.0269 0.021568628 -355
12 219.52168 990.0344 0.021568628 -388
13 214.5344 1108.3745 0.021568628 -421
14 235.24207 1260.5552 0.021568628 -454
15 272.83093 1470.4736 0.019607844 -487
16 290.6273 1604.8635 0.019607844 -520
17 298.18143 1684.5278 0.019607844 -553
18 304.01453 1723.1746 0.01764706 -586
19 306.716 1732.0978 0.01764706 -619
20 307.7151 1734.0968 0.01764706 -641
0 789.2692 382.80063 0.019607844 0
1 789.2692 382.80063 0.019607844 -7
2 781.02655 378.50275 0.019607844 -33
3 752.61096 373.37897 0.01764706 -66
4 692.78357 371.80634 0.019607844 -99
5 584.5006 374.72314 0.019607844 -132
6 511.31906 380.93576 0.019607844 -165
7 458.98553 388.22937 0.019607844 -198
8 419.28366 393.62778 0.019607844 -231
9 389.31522 399.1232 0.019607844 -264
10 378.91534 402.65717 0.019607844 -314
11 370.77377 406.22986 0.019607844 -347
12 362.73602 414.68817 0.019607844 -380
13 349.61176 464.59686 0.019607844 -413
14 354.86902 591.4581 0.019607844 -446
15 381.45416 805.97266 0.019607844 -479
16 411.47617 974.3212 0.019607844 -512
17 422.98517 1155.2534 0.019607844 -545
18 431.8769 1357.5515 0.019607844 -578
19 434.5976 1419.2607 0.019607844 -611
20 435.59668 1446.2467 0.019607844 -626
0 863.20074 339.823 0.019607844 0
1 861.69385 339.823 0.019607844 -8
2 844.78467 341.2514 0.019607844 -41
3 810.47156 344.9981 0.019607844 -74
4 758.2296 346.53867 0.019607844 -107
5 710.2843 346.81937 0.019607844 -140
6 660.8949 345.90356 0.019607844 -173
7 608.0287 345.8199 0.019607844 -206
8 566.98553 345.8199 0.019607844 -239
9 523.9411 350.55807 0.019607844 -272
10 496.93155 357.68314 0.019607844 -305
11 476.43643 366.88232 0.019607844 -338
12 459.0052 386.39648 0.019607844 -371
13 444.29874 435.22272 0.019607844 -404
14 451.07117 591.0916 0.019607844 -437
15 477.8744 748.6697 0.019607844 -470
16 501.03455 887.1965 0.019607844 -503
17 519.8821 993.4456 0.019607844 -537
18 530.21576 1046.229 0.019607844 -569
19 533.50604 1077.0912 0.01764706 -602
20 534.50507 1097.9254 0.019607844 -635
21 534.50507 1103.4253 0.019607844 -668
22 534.50507 1106.4237 0.019607844 -682
0 890.1758 567.7043 0.019607844 0
1 883.28864 567.7043 0.019607844 0
2 845.6151 576.1253 0.019607844 -41
3 772.4764 590.6083 0.019607844 -74
4 691.2167 603.70703 0.019607844 -107
5 609.7847 615.6211 0.019607844 -140
6 560.1808 622.1837 0.019607844 -173
7 522.18964 626.5988 0.019607844 -206
8 496.90955 630.1978 0.019607844 -239
9 482.23816 633.77496 0.019607844 -272
10 470.74356 639.07745 0.019607844 -305
11 463.57214 650.6576 0.01764706 -355
12 465.9653 751.98065 0.019607844 -388
13 491.48807 894.5274 0.019607844 -421
14 523.1671 1051.3615 0.019607844 -454
15 539.7394 1214.672 0.019607844 -487
16 547.38403 1310.8977 0.019607844 -520
17 551.7831 1375.1057 0.019607844 -553
18 553.4875 1399.6833 0.019607844 -586
19 553.4875 1402.2697 0.019607844 -619
20 553.4875 1404.2686 0.019607844 -626
0 955.11566 560.70795 0.01764706 -24
1 951.7284 560.70795 0.01764706 -24
2 907.99506 571.06323 0.019607844 -33
3 828.08167 585.2141 0.01764706 -83
4 753.4959 597.96643 0.019607844 -133
5 689.86743 603.3853 0.019607844 -166
6 638.91736 609.2198 0.01764706 -199
7 588.43787 615.54834 0.019607844 -232
8 554.0806 619.1641 0.019607844 -265
9 529.78925 625.58093 0.019607844 -298
10 512.42584 632.7203 0.019607844 -330
11 499.0 646.3358 0.019607844 -363
12 477.79495 730.9578 0.019607844 -396
13 471.3051 866.6969 0.019607844 -429
14 487.38705 1060.4712 0.019607844 -462
15 509.84238 1221.8121 0.019607844 -495
16 523.1186 1314.7958 0.019607844 -528
17 529.92926 1353.2347 0.019607844 -562
18 530.5088 1357.2931 0.019607844 -595
19 531.5079 1369.2867 0.019607844 -600
0 844.2183 379.8022 0.019607844 -49
1 837.33057 381.7747 0.019607844 -49
2 813.0006 386.18698 0.019607844 -66
3 761.7105 391.22543 0.019607844 -99
4 682.6396 395.0092 0.019607844 -132
5 596.6247 398.6055 0.019607844 -165
6 542.6787 402.23807 0.019607844 -199
7 497.76056 408.08386 0.019607844 -232
8 453.23868 414.51828 0.019607844 -265
9 424.99118 418.15582 0.019607844 -298
10 407.8168 422.68262 0.019607844 -331
11 396.98004 426.87924 0.019607844 -364
12 388.17865 441.69373 0.019607844 -397
13 386.39487 516.2997 0.019607844 -430
14 394.43936 623.75507 0.019607844 -463
15 412.34833 798.34595 0.019607844 -496
16 423.39545 962.24 0.019607844 -529
17 439.95468 1154.0624 0.019607844 -562
18 443.58926 1207.8329 0.019607844 -612
19 443.58926 1223.3628 0.019607844 -645
20 443.58926 1228.3602 0.019607844 -665
0 934.1351 618.67773 0.019607844 -17
1 921.80994 616.6788 0.01764706 -17
2 891.548 616.6788 0.019607844 -50
3 846.8792 617.8579 0.019607844 -83
4 778.37286 620.5604 0.019607844 -116
5 719.83636 620.6767 0.019607844 -149
6 668.5071 621.73444 0.019607844 -182
7 617.70544 623.3463 0.01764706 -215
8 575.7798 626.972 0.019607844 -248
9 540.6105 631.46906 0.019607844 -281
10 512.8148 635.1209 0.019607844 -314
11 494.45135 641.7021 0.019607844 -347
12 481.26038 652.52765 0.01764706 -380
13 466.24026 689.75604 0.019607844 -413
14 467.59714 833.1082 0.019607844 -446
15 489.55197 992.01746 0.019607844 -479
16 519.1264 1135.8484 0.019607844 -512
17 538.2537 1290.3618 0.019607844 -545
18 543.49677 1367.7931 0.019607844 -578
19 543.49677 1408.2323 0.019607844 -611
20 543.49677 1435.2524 0.019607844 -644
21 543.49677 1442.2488 0.019607844 -664
0 651.39685 821.5721 0.021568628 0
1 651.39685 821.5721 0.021568628 -4
2 637.5536 819.5731 0.019607844 -30
3 590.4421 817.57416 0.019607844 -63
4 516.90704 817.57416 0.019607844 -96
5 425.3097 820.30115 0.019607844 -129
6 358.04825 824.2676 0.019607844 -162
7 311.07755 827.6218 0.019607844 -195
8 270.90536 832.297 0.021568628 -228
9 241.14981 838.68854 0.021568628 -261
10 227.36122 842.37067 0.021568628 -310
11 216.39583 849.02576 0.019607844 -343
12 206.72153 859.66833 0.021568628 -376
13 191.92567 920.5901 0.021568628 -409
14 193.2786 1045.3782 0.021568628 -442
15 222.46573 1256.9452 0.021568628 -475
16 246.06816 1453.566 0.019607844 -508
17 263.79395 1588.9113 0.019607844 -541
18 275.91937 1654.2714 0.01764706 -574
19 279.74097 1665.1327 0.01764706 -607
20 281.73914 1670.1301 0.01764706 -620
0 803.2562 380.80167 0.019607844 -25
1 796.05035 380.80167 0.019607844 -25
2 770.25494 380.80167 0.019607844 -50
3 727.64307 379.8022 0.019607844 -83
4 658.84 376.5872 0.019607844 -116
5 583.6446 373.92773 0.019607844 -149
6 520.8056 371.80634 0.019607844 -182
7 479.1712 371.80634 0.019607844 -215
8 444.67627 371.80634 0.019607844 -248
9 420.65335 371.80634 0.019607844 -281
10 404.51416 371.80634 0.019607844 -314
11 395.32037 373.46228 0.019607844 -347
12 383.55847 382.91574 0.019607844 -380
13 373.9456 442.30615 0.019607844 -429
14 373.65402 559.1004 0.019607844 -462
15 389.26788 717.65283 0.019607844 -495
16 415.66345 948.6446 0.01764706 -528
17 422.6087 1114.2085 0.019607844 -561
18 422.6087 1236.4045 0.019607844 -594
19 422.6087 1313.3115 0.01764706 -627
20 422.6087 1313.3115 0.019607844 -660
0 850.21277 400.79126 0.019607844 -9
1 850.21277 400.79126 0.019607844 -9
2 844.1466 398.4352 0.019607844 -42
3 811.7863 398.7923 0.019607844 -75
4 731.0121 400.79126 0.019607844 -108
5 663.91046 399.3212 0.019607844 -141
6 612.6928 395.73697 0.019607844 -174
7 567.7712 393.7949 0.019607844 -207
8 529.89484 393.7949 0.019607844 -240
9 501.7008 393.7949 0.019607844 -273
10 478.04767 397.295 0.019607844 -306
11 464.26974 400.89133 0.019607844 -339
12 455.36127 404.39792 0.019607844 -372
13 445.99234 413.9738 0.019607844 -405
14 436.65967 469.9554 0.01764706 -438
15 441.12857 630.7516 0.019607844 -471
16 466.002 815.4595 0.019607844 -504
17 489.883 1081.7701 0.019607844 -537
18 498.42984 1223.1038 0.019607844 -570
19 499.53748 1301.2843 0.019607844 -603
20 497.5393 1330.3577 0.019607844 -636
21 497.5393 1331.3065 0.01764706 -669
22 497.5393 1334.305 0.01764706 -672
0 851.21185 403.78967 0.019607844 -9
1 833.243 405.6619 0.019607844 -9
2 794.34125 409.35272 0.019607844 -43
3 741.8137 413.1776 0.019607844 -76
4 685.3926 412.72018 0.019607844 -109
5 623.8155 407.21204 0.019607844 -142
6 575.15283 403.34702 0.019607844 -175
7 539.59235 401.7907 0.019607844 -208
8 509.9198 402.63562 0.019607844 -241
9 479.99286 407.1786 0.019607844 -274
10 455.2652 412.5562 0.01764706 -308
11 431.04187 421.11606 0.019607844 -341
12 397.6406 467.93954 0.019607844 -374
13 374.24994 567.54663 0.019607844 -407
14 379.6185 722.9351 0.019607844 -440
15 427.68604 971.89575 0.019607844 -473
16 469.2843 1150.5642 0.019607844 -506
17 497.0586 1271.1664 0.019607844 -539
18 513.7178 1336.0778 0.019607844 -572
19 519.17444 1361.2563 0.019607844 -605
20 519.519 1367.2878 0.019607844 -638
21 519.519 1369.2867 0.019607844 -658
0 618.42737 827.569 0.019607844 -15
1 615.8137 827.569 0.019607844 -24
2 578.9837 833.15607 0.019607844 -49
3 497.7316 853.9314 0.021568628 -82
4 404.44293 877.3321 0.021568628 -115
5 343.9925 890.31067 0.021568628 -148
6 308.93887 897.9761 0.021568628 -181
7 288.31058 902.4145 0.021568628 -214
8 271.469 907.66705 0.021568628 -247
9 258.16263 911.72455 0.021568628 -280
10 247.19797 915.3809 0.021568628 -313
11 236.18535 923.1151 0.021568628 -346
12 224.24274 935.06256 0.021568628 -379
13 202.6329 1008.5516 0.021568628 -412
14 194.81961 1126.2737 0.019607844 -445
15 195.97139 1267.6058 0.019607844 -478
16 192.87329 1465.0957 0.019607844 -511
17 183.17133 1582.5731 0.019607844 -544
18 175.4305 1661.6876 0.019607844 -577
19 171.84088 1697.7898 0.01764706 -610
20 170.84181 1707.1108 0.01764706 -643
21 170.84181 1707.1108 0.01764706 -654
0 738.3164 374.80478 0.019607844 -24
1 704.73773 366.88693 0.019607844 -24
2 631.621 360.08228 0.019607844 -50
3 557.563 361.2519 0.019607844 -83
4 498.32877 364.95724 0.019607844 -117
5 449.75974 368.70102 0.019607844 -150
6 420.16132 371.80634 0.019607844 -183
7 400.55002 372.80582 0.019607844 -216
8 384.6576 375.8008 0.019607844 -249
9 372.51285 379.51642 0.019607844 -282
10 365.00726 383.12787 0.019607844 -315
11 357.69397 387.77286 0.019607844 -348
12 350.40222 399.975 0.019607844 -381
13 352.9968 445.62216 0.01764706 -414
14 364.7107 589.2172 0.019607844 -447
15 383.7665 746.15137 0.019607844 -480
16 405.82535 898.8201 0.019607844 -513
17 418.13406 1019.7661 0.019607844 -546
18 423.7938 1101.5911 0.019607844 -579
19 426.605 1131.0989 0.019607844 -612
20 426.605 1131.0989 0.019607844 -645
0 819.24146 617.6783 0.019607844 -8
1 817.1236 617.6783 0.01764706 -8
2 800.7692 618.46204 0.01764706 -34
3 761.7947 622.17596 0.01764706 -67
4 705.4878 627.9969 0.01764706 -99
5 638.9472 634.9903 0.019607844 -133
6 584.0455 637.66785 0.019607844 -166
7 544.69543 641.6658 0.019607844 -199
8 516.6238 641.794 0.019607844 -232
9 485.1977 647.33344 0.019607844 -265
10 468.85916 651.00226 0.019607844 -315
11 454.55005 657.672 0.019607844 -348
12 437.2863 672.62024 0.019607844 -381
13 415.51517 718.22614 0.019607844 -414
14 404.63715 860.0678 0.019607844 -447
15 409.27652 1005.3846 0.019607844 -480
16 416.3814 1133.6808 0.019607844 -513
17 429.82883 1241.2236 0.019607844 -546
18 452.15775 1339.3774 0.019607844 -579
19 461.57263 1378.2821 0.019607844 -612
20 463.57077 1386.278 0.019607844 -636
0 797.2618 372.80582 0.019607844 0
1 797.2618 372.80582 0.019607844 -5
2 778.23004 370.80685 0.019607844 -32
3 716.92737 375.34537 0.01764706 -65
4 625.9559 378.8027 0.019607844 -98
5 540.51666 378.42276 0.019607844 -131
6 469.3817 376.80374 0.019607844 -164
7 425.34128 377.52985 0.019607844 -197
8 395.88046 377.80322 0.019607844 -231
9 366.00162 379.8022 0.019607844 -264
10 351.17844 383.4244 0.019607844 -312
11 339.78082 387.09988 0.019607844 -345
12 332.48972 391.99826 0.019607844 -378
13 323.15503 431.91385 0.019607844 -411
14 328.7814 527.0747 0.019607844 -444
15 357.01215 678.0318 0.019607844 -477
16 408.7897 918.7387 0.019607844 -510
17 431.26065 1068.0635 0.019607844 -543
18 443.77127 1167.6222 0.019607844 -576
19 449.5837 1219.3649 0.019607844 -609
20 450.5828 1228.3602 0.019607844 -637
0 733.321 386.79852 0.019607844 -4
1 721.484 386.79852 0.019607844 -14
2 669.50934 387.798 0.019607844 -40
3 600.1398 392.7954 0.019607844 -73
4 524.3441 394.79437 0.019607844 -106
5 456.44724 395.79385 0.019607844 -139
6 393.35605 400.64798 0.019607844 -172
7 357.4961 404.3855 0.019607844 -205
8 333.4215 408.87695 0.019607844 -238
9 325.1583 409.78656 0.019607844 -288
10 320.34525 409.78656 0.019607844 -321
11 316.7023 411.78998 0.019607844 -354
12 313.70953 426.01266 0.019607844 -387
13 319.8688 477.03268 0.019607844 -420
14 349.97845 626.0993 0.019607844 -453
15 377.09717 787.86273 0.019607844 -486
16 413.23254 969.801 0.019607844 -519
17 426.89038 1116.132 0.019607844 -552
18 427.60406 1157.3972 0.019607844 -585
19 427.60406 1167.392 0.01764706 -609
