0 557.4838 250.86934 0.019607844 -154
1 538.8463 250.60042 0.019607844 -154
2 512.622 251.8688 0.019607844 -218
3 483.16022 257.74423 0.019607844 -267
4 464.0784 261.16235 0.019607844 -317
5 444.25592 260.86414 0.019607844 -350
6 417.17572 260.86414 0.019607844 -383
7 379.63242 260.86414 0.019607844 -432
8 348.14404 262.8631 0.019607844 -482
9 303.21924 267.86047 0.019607844 -515
10 261.50122 274.11008 0.019607844 -564
11 232.47221 284.57678 0.019607844 -614
12 203.61931 295.96115 0.019607844 -664
13 185.59845 322.29153 0.01764706 -713
14 182.83072 373.8053 0.015686275 -763
15 182.83072 373.8053 0.015686275 -799
16 302.7197 966.4966 0.015686275 -913
17 301.72064 973.4929 0.01764706 -913
18 301.72064 978.49036 0.01764706 -930
0 692.35895 377.80322 0.01764706 -52
1 690.10486 376.176 0.019607844 -69
2 658.27936 365.07654 0.019607844 -102
3 596.6733 353.68674 0.021568628 -151
4 434.3379 351.1196 0.021568628 -184
5 347.086 357.7684 0.021568628 -250
6 270.1484 366.97742 0.021568628 -283
7 209.23727 377.69553 0.021568628 -316
8 147.78201 407.86868 0.019607844 -349
9 142.68025 532.41833 0.019607844 -415
10 198.01363 769.2887 0.019607844 -465
11 249.76874 992.48303 0.019607844 -514
12 255.76318 1014.4716 0.019607844 -558
0 696.3552 383.8001 0.01764706 -9
1 677.10535 376.22372 0.019607844 -18
2 567.2872 356.66483 0.019607844 -68
3 423.18976 335.57852 0.021568628 -118
4 311.25232 329.82822 0.021568628 -167
5 251.10345 334.41782 0.021568628 -217
6 203.09105 402.3136 0.021568628 -267
7 219.27498 654.87445 0.019607844 -333
8 252.76596 922.5195 0.019607844 -382
9 268.75116 1024.4664 0.019607844 -423
0 681.3691 401.7907 0.01764706 -9
1 673.89874 401.7907 0.019607844 -18
2 665.7825 400.79126 0.019607844 -68
3 655.3722 395.78336 0.019607844 -118
4 644.16205 389.67627 0.021568628 -167
5 630.8859 384.38782 0.021568628 -217
6 579.11725 374.58047 0.023529414 -250
7 540.6166 372.80582 0.021568628 -332
8 508.72836 371.80634 0.021568628 -382
9 459.68195 371.80634 0.021568628 -432
10 428.4763 371.80634 0.021568628 -481
11 368.7956 366.81946 0.021568628 -514
12 264.46802 368.037 0.019607844 -564
13 166.15182 401.6009 0.019607844 -613
14 168.6351 498.33832 0.019607844 -679
15 236.40833 730.5301 0.019607844 -729
16 285.35376 980.4782 0.019607844 -778
17 281.79318 1131.9777 0.019607844 -828
18 270.7493 1171.3899 0.015686275 -877
19 270.7493 1171.3899 0.015686275 -930
0 696.3552 346.81937 0.01764706 -44
1 692.955 346.81937 0.019607844 -44
2 675.6933 346.81937 0.019607844 -67
3 613.107 347.56104 0.019607844 -100
4 528.4429 348.81833 0.019607844 -133
5 445.6308 348.0361 0.019607844 -166
6 385.07703 343.45 0.019607844 -199
7 337.23108 340.82248 0.019607844 -232
8 291.63156 343.33347 0.019607844 -265
9 271.59363 348.92154 0.019607844 -298
10 258.24115 387.9164 0.019607844 -331
11 266.62433 482.7182 0.019607844 -381
12 294.52332 705.19006 0.019607844 -414
13 300.72156 900.5729 0.019607844 -463
14 301.72064 1003.64154 0.019607844 -496
15 304.71786 1069.9707 0.019607844 -529
16 303.71878 1122.4154 0.015686275 -562
17 303.71878 1122.4154 0.015686275 -601
0 605.4394 366.80893 0.015686275 -15
1 605.4394 366.80893 0.01764706 -15
2 581.4299 368.2656 0.019607844 -41
3 516.71136 369.80737 0.019607844 -74
4 343.03833 367.2839 0.019607844 -107
5 258.851 364.67783 0.019607844 -156
6 189.62726 365.20944 0.019607844 -189
7 153.07565 369.10483 0.019607844 -223
8 135.24887 375.6173 0.019607844 -256
9 126.061264 385.0325 0.019607844 -289
10 120.990585 401.3805 0.019607844 -322
11 120.88807 441.19293 0.019607844 -355
12 141.28387 511.97742 0.01764706 -388
13 179.48703 667.61194 0.019607844 -421
14 222.15077 813.66644 0.019607844 -454
15 251.68092 947.0483 0.019607844 -487
16 279.18405 1065.9921 0.019607844 -520
17 291.11566 1129.4155 0.019607844 -553
18 297.72433 1180.3851 0.015686275 -586
19 297.72433 1180.3851 0.015686275 -632
0 601.4431 423.77927 0.01764706 -16
1 598.90906 422.012 0.019607844 -16
2 584.6657 416.8519 0.019607844 -58
3 554.268 406.9812 0.019607844 -91
4 468.21326 386.58008 0.019607844 -124
5 375.705 369.2773 0.019607844 -157
6 301.14664 358.2245 0.019607844 -190
7 249.7095 353.4776 0.021568628 -223
8 214.69818 353.6261 0.021568628 -256
9 191.30367 354.8152 0.019607844 -289
10 178.80484 357.49033 0.019607844 -322
11 168.58124 364.07306 0.021568628 -355
12 158.67647 390.26813 0.019607844 -388
13 153.79239 455.32813 0.019607844 -421
14 168.71556 620.09735 0.019607844 -454
15 188.94669 789.7606 0.019607844 -487
16 215.17412 987.689 0.019607844 -520
17 223.97679 1096.2312 0.019607844 -553
18 228.17961 1168.4272 0.019607844 -586
19 231.94662 1213.9816 0.019607844 -619
20 234.78261 1245.4136 0.01764706 -652
21 234.78261 1251.3483 0.01764706 -685
22 234.78261 1251.3483 0.01764706 -693
0 604.4403 376.80374 0.01764706 -17
1 604.4403 376.80374 0.01764706 -17
2 589.9147 376.15018 0.019607844 -25
3 530.5173 374.43698 0.019607844 -58
4 433.78772 369.76584 0.019607844 -91
5 350.36462 368.45602 0.019607844 -124
6 287.3663 372.03073 0.019607844 -157
7 235.80194 377.63327 0.019607844 -191
8 206.13318 387.13632 0.019607844 -224
9 188.76419 400.85226 0.019607844 -257
10 173.83904 431.27536 0.019607844 -290
11 173.91557 492.3522 0.019607844 -322
12 199.52142 636.29736 0.019607844 -356
13 231.33333 797.32556 0.019607844 -389
14 272.7223 977.22577 0.019607844 -422
15 288.06573 1081.5413 0.019607844 -455
16 293.28207 1139.9427 0.019607844 -488
17 294.7271 1163.4215 0.019607844 -521
18 294.7271 1170.3904 0.015686275 -554
19 294.7271 1170.3904 0.015686275 -576
0 634.4126 332.82663 0.01764706 -7
1 630.0473 331.0378 0.019607844 -7
2 604.9035 327.43652 0.019607844 -32
3 559.437 322.67117 0.019607844 -65
4 481.26645 321.83237 0.019607844 -98
5 411.23563 324.1858 0.019607844 -131
6 352.71912 324.8308 0.019607844 -164
7 305.24387 324.8308 0.019607844 -197
8 277.08167 327.63818 0.019607844 -230
9 258.0735 331.16504 0.019607844 -264
10 247.43547 337.15982 0.019607844 -297
11 239.3185 360.34183 0.019607844 -330
12 238.58752 456.80035 0.019607844 -363
13 248.90253 604.4555 0.019607844 -396
14 267.34195 772.13885 0.019607844 -429
15 284.32358 963.6482 0.019607844 -462
16 289.87576 1074.1705 0.019607844 -495
17 294.1239 1148.9491 0.019607844 -528
18 296.72525 1191.3795 0.015686275 -561
19 296.72525 1191.3795 0.015686275 -591
0 642.4052 369.80737 0.019607844 0
1 642.4052 369.80737 0.019607844 -8
2 639.3181 369.80737 0.019607844 -33
3 635.7373 369.80737 0.019607844 -66
4 634.4126 369.80737 0.019607844 -99
5 634.4126 369.14584 0.019607844 -132
6 634.4126 368.8079 0.019607844 -165
7 633.69257 368.8079 0.019607844 -198
8 632.4144 367.8084 0.019607844 -231
9 632.4144 364.38132 0.019607844 -280
10 632.4144 361.81155 0.019607844 -314
11 629.023 359.41818 0.019607844 -347
12 625.57074 356.96402 0.019607844 -380
13 622.4237 354.8152 0.019607844 -413
14 621.4246 354.8152 0.019607844 -462
15 619.42645 354.8152 0.019607844 -495
16 617.1128 354.8152 0.019607844 -528
17 614.6838 354.8152 0.019607844 -561
18 611.3518 354.8152 0.019607844 -594
19 607.9006 354.8152 0.021568628 -627
20 604.4126 354.8152 0.021568628 -660
21 597.3624 354.8152 0.019607844 -693
22 581.2312 354.8152 0.019607844 -726
23 564.71967 354.8152 0.019607844 -776
24 536.9721 354.8152 0.019607844 -809
25 483.75494 356.89383 0.019607844 -842
26 440.73148 360.4673 0.019607844 -892
27 403.254 363.93524 0.019607844 -925
28 363.2354 368.04633 0.019607844 -958
29 322.22684 375.05045 0.019607844 -991
30 283.82132 381.89352 0.021568628 -1024
31 255.56819 385.82343 0.019607844 -1057
32 232.49402 390.2668 0.019607844 -1090
33 216.44772 393.8828 0.019607844 -1123
34 208.4816 397.45566 0.019607844 -1156
35 201.30977 404.29324 0.019607844 -1189
36 196.93198 412.55646 0.019607844 -1222
37 194.81961 419.4316 0.019607844 -1255
38 194.81961 422.558 0.019607844 -1288
39 194.81961 425.96158 0.019607844 -1321
40 194.81961 429.40906 0.019607844 -1354
41 194.81961 430.77563 0.019607844 -1387
42 194.81961 432.1909 0.019607844 -1420
43 194.81961 431.77512 0.019607844 -1447
44 194.81961 431.77512 0.019607844 -1503
45 194.81961 432.7746 0.019607844 -1536
46 194.81961 433.4536 0.019607844 -1569
47 194.81961 435.79874 0.021568628 -1602
48 193.82054 439.10257 0.021568628 -1635
49 193.82054 444.3023 0.021568628 -1668
50 193.82054 453.16623 0.019607844 -1701
51 193.82054 464.6927 0.019607844 -1734
52 193.82054 474.89816 0.019607844 -1767
53 194.3312 486.28015 0.019607844 -1800
54 196.8242 502.77036 0.019607844 -1833
55 200.32266 529.7892 0.019607844 -1866
56 205.90791 572.4411 0.019607844 -1899
57 212.3737 676.7578 0.019607844 -1932
58 219.40698 799.9051 0.019607844 -1965
59 221.79463 948.59326 0.019607844 -1998
60 221.79463 1043.9824 0.019607844 -2031
61 221.79463 1098.9944 0.019607844 -2064
62 222.79372 1126.1844 0.019607844 -2097
63 222.79372 1136.0563 0.019607844 -2130
64 222.79372 1138.4071 0.01764706 -2163
65 222.79372 1138.4071 0.01764706 -2193
0 655.3932 374.80478 0.01764706 -19
1 652.5041 374.80478 0.019607844 -19
2 632.27527 372.80582 0.019607844 -45
3 565.1306 370.72772 0.019607844 -78
4 505.3665 368.04794 0.019607844 -127
5 448.26846 367.8084 0.019607844 -161
6 391.8872 366.80893 0.019607844 -194
7 347.03467 366.80893 0.019607844 -227
8 300.41412 366.80893 0.019607844 -260
9 262.2871 366.80893 0.019607844 -293
10 225.73593 368.99463 0.019607844 -327
11 196.75925 372.52863 0.019607844 -360
12 174.27751 376.0643 0.019607844 -393
13 159.39714 384.25513 0.019607844 -426
14 147.83057 404.54276 0.019607844 -459
15 150.5699 463.72366 0.019607844 -492
16 167.85454 574.79517 0.019607844 -526
17 205.45038 884.66406 0.019607844 -559
18 218.07646 1047.1359 0.019607844 -608
19 215.84688 1199.3938 0.019607844 -637
20 213.99902 1247.9697 0.01764706 -670
21 213.80203 1249.3492 0.01764706 -703
22 213.80203 1249.3492 0.01764706 -705
0 661.38763 430.77563 0.019607844 0
1 660.0505 430.77563 0.019607844 -7
2 641.63544 430.77563 0.019607844 -32
3 588.177 430.77563 0.019607844 -65
4 421.7631 422.85007 0.019607844 -98
5 267.7841 406.492 0.019607844 -148
6 172.97371 389.4861 0.019607844 -181
7 124.775345 382.7885 0.019607844 -214
8 100.474335 384.40793 0.019607844 -247
9 91.75257 386.79852 0.019607844 -280
10 88.149956 393.86856 0.019607844 -313
11 87.918594 412.57944 0.019607844 -346
12 92.62847 463.04422 0.019607844 -379
13 104.86642 555.43713 0.019607844 -412
14 120.799126 692.71466 0.019607844 -445
15 158.30342 862.76935 0.019607844 -478
16 173.80672 975.03925 0.019607844 -511
17 196.7176 1063.4167 0.019607844 -544
18 220.54118 1138.6431 0.01764706 -577
19 224.79185 1154.3987 0.015686275 -611
20 224.79185 1154.3987 0.015686275 -618
0 605.4394 409.78656 0.015686275 0
1 605.4394 409.78656 0.01764706 -4
2 601.9482 410.28445 0.019607844 -30
3 575.9082 416.095 0.019607844 -63
4 476.98743 429.51602 0.019607844 -96
5 386.56155 437.87015 0.019607844 -129
6 322.14603 440.77042 0.019607844 -162
7 273.523 439.77094 0.019607844 -195
8 240.44276 438.77145 0.019607844 -228
9 213.04572 438.77145 0.019607844 -261
10 205.9613 441.19418 0.019607844 -311
11 200.90128 459.23697 0.019607844 -344
12 207.22823 522.79626 0.019607844 -377
13 227.25372 640.60583 0.019607844 -410
14 258.45798 855.58685 0.019607844 -443
15 283.7611 1050.0962 0.019607844 -476
16 291.98785 1185.6124 0.019607844 -509
17 292.72894 1262.2886 0.019607844 -542
18 293.72803 1279.3656 0.01764706 -575
19 293.72803 1282.332 0.015686275 -608
20 293.72803 1282.332 0.015686275 -625
0 765.2914 872.54553 0.019607844 0
1 747.8729 877.9557 0.021568628 0
2 709.1293 887.40686 0.021568628 -38
3 654.99976 895.83264 0.019607844 -71
4 562.4042 898.532 0.021568628 -104
5 481.15176 899.5315 0.021568628 -137
6 408.3823 897.53253 0.021568628 -170
7 349.9485 898.532 0.021568628 -203
8 315.89218 900.8827 0.021568628 -236
9 295.82645 902.5098 0.021568628 -269
10 280.1186 907.06824 0.021568628 -302
11 270.6472 910.57684 0.023529414 -335
12 263.5983 919.8361 0.021568628 -369
13 258.5624 954.4757 0.021568628 -402
14 269.9024 1108.2507 0.021568628 -435
15 290.63104 1283.0164 0.021568628 -468
16 301.95642 1457.861 0.019607844 -501
17 299.65787 1632.1548 0.019607844 -534
18 297.72433 1703.4602 0.019607844 -567
19 298.72342 1728.3384 0.019607844 -600
20 299.72247 1732.0978 0.019607844 -633
21 299.72247 1733.0973 0.01764706 -643
0 631.41534 392.7954 0.019607844 -7
1 623.5841 392.7954 0.019607844 -7
2 601.4549 392.7954 0.021568628 -41
3 561.75073 396.71863 0.021568628 -74
4 502.7717 402.30426 0.019607844 -107
5 427.83984 407.8223 0.021568628 -140
6 331.261 414.25586 0.021568628 -173
7 271.51483 417.73456 0.021568628 -206
8 225.44373 422.21484 0.021568628 -239
9 186.9006 427.94763 0.021568628 -272
10 173.63637 432.87598 0.021568628 -322
11 162.31805 447.34088 0.019607844 -355
12 153.74762 493.78802 0.019607844 -388
13 172.88367 635.776 0.019607844 -421
14 208.9963 791.3471 0.019607844 -454
15 257.58322 1002.58636 0.019607844 -487
16 281.8996 1143.0005 0.019607844 -520
17 291.1879 1225.2245 0.019607844 -553
18 295.02286 1261.1193 0.019607844 -586
19 294.7271 1274.3363 0.01764706 -619
20 294.7271 1274.3363 0.01764706 -641
0 547.49304 369.80737 0.015686275 0
1 546.5361 368.8079 0.01764706 -7
2 537.25226 368.8079 0.019607844 -33
3 506.55908 368.8079 0.019607844 -66
4 443.8155 370.0059 0.019607844 -99
5 333.7328 375.641 0.019607844 -132
6 257.98657 383.93417 0.019607844 -165
7 207.21864 392.44296 0.019607844 -198
8 167.34976 400.45706 0.019607844 -231
9 140.87631 406.11954 0.019607844 -264
10 132.14381 409.65353 0.019607844 -314
11 125.00133 417.10715 0.019607844 -347
12 118.91386 438.57986 0.019607844 -380
13 117.89084 497.98267 0.019607844 -413
14 131.27362 622.24457 0.019607844 -446
15 168.1998 829.6862 0.019607844 -479
16 194.42001 993.56836 0.019607844 -512
17 208.37228 1167.0588 0.019607844 -545
18 222.2094 1362.8256 0.019607844 -578
19 224.79185 1420.2603 0.019607844 -611
20 226.79001 1444.2478 0.019607844 -626
0 655.3932 354.8152 0.019607844 0
1 644.8781 354.8152 0.019607844 -8
2 613.14087 357.24307 0.019607844 -41
3 572.5141 359.8126 0.019607844 -74
4 516.7341 360.81207 0.019607844 -107
5 461.838 360.81207 0.019607844 -140
6 410.12708 357.81363 0.019607844 -173
7 354.69336 357.81363 0.019607844 -206
8 310.22327 359.93665 0.019607844 -239
9 271.91513 364.5508 0.019607844 -272
10 247.16283 371.67584 0.019607844 -305
11 229.66493 385.9214 0.019607844 -338
12 216.77136 417.40826 0.019607844 -371
13 214.87352 474.2748 0.019607844 -404
14 232.27377 628.3744 0.019607844 -437
15 262.23248 783.038 0.019607844 -470
16 287.1495 914.26544 0.019607844 -503
17 298.34186 1014.30743 0.019607844 -537
18 307.12906 1066.5117 0.019607844 -569
19 313.2404 1094.6124 0.019607844 -602
20 313.9607 1114.9165 0.015686275 -635
21 311.71136 1120.4164 0.015686275 -668
22 311.71136 1120.4164 0.015686275 -682
0 584.45886 366.80893 0.019607844 0
1 572.4064 365.80948 0.019607844 0
2 525.43646 366.75922 0.019607844 -41
3 446.3205 373.03467 0.019607844 -74
4 358.51758 384.82104 0.019607844 -107
5 274.74222 394.08926 0.019607844 -140
6 225.998 399.04605 0.019607844 -173
7 191.42114 402.71542 0.019607844 -206
8 166.21574 408.3134 0.019607844 -239
9 151.54436 411.89056 0.019607844 -272
10 141.45874 425.82956 0.019607844 -305
11 145.86287 460.7517 0.019607844 -355
12 171.43637 587.66125 0.01764706 -388
13 212.412 732.72205 0.019607844 -421
14 236.54865 879.33484 0.019607844 -454
15 266.8508 1033.0492 0.019607844 -487
16 277.63373 1124.2134 0.019607844 -520
17 284.03098 1184.205 0.019607844 -553
18 287.816 1205.702 0.01764706 -586
19 287.73358 1208.3706 0.01764706 -619
20 287.73358 1208.3706 0.01764706 -626
0 599.44495 374.80478 0.01764706 -24
1 599.1524 374.80478 0.01764706 -24
2 560.6773 375.80426 0.019607844 -33
3 473.63138 376.80374 0.019607844 -83
4 393.89835 380.94055 0.019607844 -133
5 334.8957 384.49933 0.019607844 -166
6 285.24478 388.0664 0.019607844 -199
7 238.76166 396.5314 0.019607844 -232
8 205.88963 405.7619 0.019607844 -265
9 189.01154 412.69177 0.019607844 -298
10 178.26016 425.9277 0.019607844 -330
11 171.70651 458.24075 0.019607844 -363
12 172.83997 562.1178 0.019607844 -396
13 179.35089 695.9765 0.019607844 -429
14 210.01025 882.4087 0.019607844 -462
15 233.94061 1038.4695 0.019607844 -495
16 255.969 1125.8942 0.019607844 -528
17 268.5912 1160.0754 0.01764706 -562
18 269.75024 1162.3945 0.01764706 -595
19 269.75024 1162.3945 0.01764706 -600
0 597.44684 392.7954 0.01764706 -49
1 595.5015 391.8224 0.01764706 -49
2 570.53107 391.79593 0.019607844 -66
3 512.51196 391.36694 0.019607844 -99
4 430.65802 392.01074 0.019607844 -132
5 346.66925 398.4187 0.019607844 -165
6 291.91092 402.68546 0.019607844 -199
7 246.84465 410.08282 0.019607844 -232
8 204.20345 417.251 0.019607844 -265
9 179.59203 421.15424 0.019607844 -298
10 167.99028 427.63144 0.019607844 -331
11 159.75049 444.0735 0.019607844 -364
12 160.00581 471.98587 0.019607844 -397
13 172.09857 550.0347 0.019607844 -430
14 179.63824 656.3358 0.019607844 -463
15 206.2693 828.08704 0.019607844 -496
16 226.43611 982.5836 0.01764706 -529
17 238.46024 1163.0146 0.019607844 -562
18 238.77892 1211.2241 0.01764706 -612
19 238.77892 1224.3623 0.015686275 -645
20 238.77892 1224.3623 0.015686275 -665
0 646.4015 393.7949 0.01764706 -17
1 622.7503 389.13 0.019607844 -17
2 580.1111 384.4371 0.01764706 -50
3 531.1716 383.62045 0.01764706 -83
4 459.66794 379.91843 0.019607844 -116
5 399.13297 376.30417 0.019607844 -149
6 348.91956 376.80374 0.019607844 -182
7 296.00333 376.80374 0.019607844 -215
8 256.77655 380.1006 0.019607844 -248
9 221.70372 385.49622 0.019607844 -281
10 197.10718 393.6984 0.019607844 -314
11 180.76 403.84412 0.019607844 -347
12 168.6968 432.65668 0.019607844 -380
13 168.97475 498.3806 0.019607844 -413
14 191.91266 645.4389 0.019607844 -446
15 226.17151 798.1132 0.019607844 -479
16 259.56906 950.2486 0.019607844 -512
17 286.2392 1097.8339 0.019607844 -545
18 292.47958 1168.6473 0.019607844 -578
19 294.34818 1208.3364 0.019607844 -611
20 294.7271 1230.3591 0.01764706 -644
21 294.7271 1230.3591 0.01764706 -664
0 547.49304 391.79593 0.015686275 0
1 545.76105 389.06372 0.01764706 -4
2 535.64795 384.98346 0.019607844 -30
3 487.3494 379.61407 0.019607844 -63
4 403.91467 374.77246 0.019607844 -96
5 300.154 373.8053 0.019607844 -129
6 231.51384 373.8053 0.019607844 -162
7 180.14594 375.80426 0.019607844 -195
8 145.75172 382.26187 0.019607844 -228
9 121.51135 388.9228 0.019607844 -261
10 113.27628 393.41394 0.019607844 -310
11 105.96601 404.66095 0.019607844 -343
12 105.90195 426.01028 0.019607844 -376
13 115.42196 510.33264 0.019607844 -409
14 141.15714 637.3618 0.019607844 -442
15 187.57845 855.9279 0.019607844 -475
16 224.06613 1051.0941 0.019607844 -508
17 237.28984 1189.5906 0.019607844 -541
18 241.77614 1255.479 0.015686275 -574
19 241.77614 1266.3405 0.015686275 -607
20 241.77614 1266.3405 0.015686275 -620
0 571.4709 404.78915 0.01764706 -25
1 563.4625 402.98694 0.01764706 -25
2 531.91656 395.67572 0.01764706 -50
3 485.47708 386.0184 0.01764706 -83
4 414.8493 377.37012 0.01764706 -116
5 335.1197 378.55783 0.019607844 -149
6 273.035 379.31876 0.019607844 -182
7 229.61911 381.80115 0.019607844 -215
8 197.90475 382.6798 0.019607844 -248
9 175.3733 384.29272 0.019607844 -281
10 163.76491 387.8258 0.019607844 -314
11 156.54146 390.11038 0.019607844 -347
12 148.8334 412.95767 0.019607844 -380
13 158.10255 483.9926 0.019607844 -429
14 171.66971 601.6307 0.019607844 -462
15 180.70879 750.8214 0.019607844 -495
16 207.22198 974.2174 0.019607844 -528
17 215.3214 1130.2002 0.019607844 -561
18 213.80203 1245.0413 0.019607844 -594
19 215.13385 1315.6442 0.01764706 -627
20 215.13385 1315.6442 0.01764706 -660
0 649.3987 397.79282 0.019607844 -9
1 645.3239 397.79282 0.019607844 -9
2 626.27655 397.79282 0.019607844 -42
3 582.73254 403.05588 0.019607844 -75
4 492.786 409.6022 0.019607844 -108
5 419.7241 408.3165 0.019607844 -141
6 366.8066 406.73123 0.019607844 -174
7 321.7242 405.78864 0.019607844 -207
8 283.12326 405.78864 0.019607844 -240
9 255.95197 405.78864 0.019607844 -273
10 237.77208 409.28876 0.019607844 -306
11 227.589 412.88507 0.019607844 -339
12 220.57864 424.21326 0.019607844 -372
13 215.50311 447.14587 0.019607844 -405
14 218.73349 502.06668 0.019607844 -438
15 231.32283 658.6877 0.019607844 -471
16 248.06047 836.01874 0.019607844 -504
17 281.24448 1091.5967 0.019607844 -537
18 290.62225 1228.2097 0.019607844 -570
19 291.7299 1301.5726 0.019607844 -603
20 290.04788 1329.042 0.01764706 -636
21 289.73172 1330.3071 0.01764706 -669
22 289.73172 1330.3071 0.01764706 -672
0 675.37463 829.56793 0.01764706 -9
1 661.4021 835.1846 0.019607844 -9
2 624.1966 848.25604 0.019607844 -43
3 574.3616 858.7312 0.019607844 -76
4 520.6099 862.61554 0.019607844 -109
5 461.7535 865.3372 0.019607844 -142
6 414.85834 866.9913 0.019607844 -175
7 382.8384 866.54865 0.019607844 -208
8 351.2214 867.39355 0.019607844 -241
9 320.83554 871.2415 0.019607844 -274
10 296.4123 878.3136 0.019607844 -308
11 271.0782 889.87195 0.019607844 -341
12 240.78586 932.89825 0.019607844 -374
13 211.465 1024.4373 0.019607844 -407
14 210.38718 1174.7297 0.019607844 -440
15 239.83536 1410.6754 0.019607844 -473
16 270.46838 1578.626 0.019607844 -506
17 294.2464 1690.195 0.01764706 -539
18 307.17786 1752.3987 0.01764706 -572
19 310.7123 1772.3871 0.01764706 -605
20 310.7123 1774.0759 0.01764706 -638
21 310.7123 1774.0759 0.01764706 -658
0 541.4986 376.80374 0.01764706 -15
1 539.0767 375.9961 0.019607844 -24
2 500.9359 378.39294 0.019607844 -49
3 406.79742 392.15356 0.019607844 -82
4 309.5835 404.68375 0.019607844 -115
5 246.49132 414.9668 0.019607844 -148
6 211.02953 421.0026 0.019607844 -181
7 189.51756 427.5463 0.019607844 -214
8 171.5615 434.9133 0.019607844 -247
9 160.2533 440.96976 0.019607844 -280
10 149.28862 449.3391 0.019607844 -313
11 141.80473 462.41907 0.019607844 -346
12 135.73691 487.12036 0.019607844 -379
13 138.37956 573.6141 0.019607844 -412
14 150.8448 700.97577 0.019607844 -445
15 165.45813 845.9782 0.019607844 -478
16 168.84366 1038.292 0.019607844 -511
17 162.36107 1161.622 0.019607844 -544
18 154.44992 1240.6104 0.019607844 -577
19 150.86032 1275.6221 0.01764706 -610
20 146.86401 1282.332 0.015686275 -643
21 146.86401 1282.332 0.015686275 -654
0 506.531 378.8027 0.015686275 -24
1 484.86325 374.85678 0.01764706 -24
2 406.82916 369.80737 0.019607844 -50
3 320.94165 372.68597 0.019607844 -83
4 249.5591 377.95047 0.019607844 -117
5 202.8814 381.69427 0.019607844 -150
6 176.38704 388.37265 0.01764706 -183
7 156.77574 392.01163 0.019607844 -216
8 138.88515 393.79144 0.019607844 -249
9 129.45197 396.50757 0.019607844 -282
10 123.5582 402.44516 0.019607844 -315
11 120.88807 417.69437 0.019607844 -348
12 120.88807 445.13483 0.019607844 -381
13 132.4954 495.9196 0.019607844 -414
14 157.9344 625.16626 0.019607844 -447
15 175.89806 778.1347 0.019607844 -480
16 192.46313 925.60504 0.019607844 -513
17 210.58687 1041.7546 0.019607844 -546
18 221.16756 1115.2115 0.01764706 -579
19 224.79185 1139.9567 0.015686275 -612
20 224.79185 1139.9567 0.015686275 -645
0 486.5495 391.79593 0.01764706 -8
1 486.5495 391.79593 0.019607844 -8
2 472.07358 391.79593 0.019607844 -34
3 436.09622 395.29413 0.019607844 -67
4 374.14673 397.79282 0.019607844 -99
5 296.9428 397.79282 0.019607844 -133
6 238.58084 398.7923 0.019607844 -166
7 202.43457 403.21222 0.019607844 -199
8 176.93828 406.04504 0.019607844 -232
9 146.18219 414.12552 0.019607844 -265
10 133.85204 420.1225 0.019607844 -315
11 121.8581 434.8244 0.019607844 -348
12 112.57224 461.7154 0.019607844 -381
13 107.90009 525.4266 0.019607844 -414
14 117.86724 668.1678 0.019607844 -447
15 128.1252 806.8325 0.019607844 -480
16 151.1609 935.1676 0.019607844 -513
17 171.06844 1034.8406 0.019607844 -546
18 180.94774 1127.3726 0.015686275 -579
19 182.83072 1159.3961 0.015686275 -612
20 182.83072 1159.3961 0.015686275 -636
0 596.44775 377.80322 0.01764706 0
1 591.2464 375.73557 0.01764706 -5
2 558.90845 374.80478 0.01764706 -32
3 487.28775 381.34225 0.015686275 -65
4 393.0943 384.79956 0.01764706 -98
5 298.98007 383.4202 0.019607844 -131
6 227.60558 382.80063 0.019607844 -164
7 185.29004 387.52463 0.019607844 -197
8 157.10156 390.25555 0.01764706 -231
9 130.15189 394.72632 0.01764706 -264
10 118.01843 398.4166 0.01764706 -312
11 110.29483 403.3929 0.019607844 -345
12 103.80267 417.28873 0.01764706 -378
13 106.44718 469.44006 0.019607844 -411
14 118.558876 567.0539 0.01764706 -444
15 150.87437 711.5108 0.01764706 -477
16 201.56569 944.933 0.019607844 -510
17 229.44753 1086.322 0.01764706 -543
18 238.37036 1178.0258 0.01764706 -576
19 239.77798 1229.3596 0.015686275 -609
20 239.77798 1229.3596 0.015686275 -637
0 524.51434 403.78967 0.01764706 -4
1 501.81778 403.78967 0.01764706 -14
2 438.9522 406.55884 0.01764706 -40
3 365.16742 413.37967 0.01764706 -73
4 286.1346 418.642 0.01764706 -106
5 212.42258 420.90607 0.019607844 -139
6 149.58176 425.63495 0.019607844 -172
7 119.31276 429.3725 0.019607844 -205
8 101.725945 433.86395 0.019607844 -238
9 98.13882 434.77356 0.019607844 -288
10 94.5543 438.12994 0.019607844 -321
11 94.91212 448.7885 0.019607844 -354
12 100.86955 473.64215 0.019607844 -387
13 112.769325 531.0046 0.019607844 -420
14 147.904 680.07117 0.019607844 -453
15 173.7111 833.1367 0.019607844 -486
16 207.65364 1006.6282 0.019607844 -519
17 224.07817 1151.2565 0.019607844 -552
18 223.79279 1190.38 0.01764706 -585
19 223.79279 1190.38 0.01764706 -609
