0 615.4302 843.5606 0.021568628 -154
1 566.82043 847.2896 0.023529414 -154
2 547.1514 848.55804 0.023529414 -218
3 528.8748 851.55646 0.023529414 -267
4 518.6247 852.55597 0.021568628 -317
5 505.92093 853.2777 0.023529414 -350
6 480.11743 853.5554 0.021568628 -383
7 443.44632 855.5544 0.021568628 -432
8 415.0895 858.0568 0.021568628 -482
9 372.65497 863.0504 0.021568628 -515
10 334.4337 871.0482 0.021568628 -564
11 307.26547 877.4055 0.021568628 -614
12 279.549 886.6151 0.023529414 -664
13 262.52722 898.68506 0.025490198 -713
14 256.76227 923.519 0.023529414 -763
15 256.76227 940.51013 0.023529414 -799
16 308.71414 1454.2426 0.01764706 -913
17 308.71414 1487.2253 0.01764706 -913
18 308.71414 1487.2253 0.01764706 -930
0 953.1175 690.64026 0.01764706 -52
1 947.8662 687.0141 0.01764706 -69
2 924.7659 679.73486 0.019607844 -102
3 872.5469 671.89734 0.019607844 -151
4 713.6842 667.9546 0.019607844 -184
5 628.303 672.1273 0.019607844 -250
6 549.721 679.89874 0.019607844 -283
7 486.50748 690.5326 0.019607844 -316
8 415.8401 716.0145 0.019607844 -349
9 388.64014 801.0999 0.019607844 -415
10 422.74927 1043.1742 0.019607844 -465
11 462.5717 1270.3384 0.019607844 -514
12 465.5689 1296.3248 0.019607844 -558
0 933.136 424.77875 0.019607844 -9
1 918.40875 419.20135 0.019607844 -18
2 812.20215 395.92792 0.019607844 -68
3 672.7737 368.4997 0.019607844 -118
4 565.6654 356.63855 0.019607844 -167
5 501.27982 359.40482 0.019607844 -217
6 445.6262 416.18622 0.019607844 -267
7 448.1935 682.85986 0.019607844 -333
8 479.55597 961.4992 0.019607844 -382
9 489.54672 1067.444 0.019607844 -423
0 944.1258 640.6663 0.01764706 -9
1 944.1258 640.6663 0.01764706 -18
2 940.5281 638.8667 0.01764706 -68
3 932.1264 633.6594 0.01764706 -118
4 921.9049 629.67206 0.01764706 -167
5 908.6287 629.67206 0.01764706 -217
6 860.8564 624.4503 0.01764706 -250
7 829.6179 623.6752 0.01764706 -332
8 794.2241 625.0545 0.019607844 -382
9 747.9043 628.67255 0.019607844 -432
10 717.318 630.56244 0.019607844 -481
11 652.5434 633.65936 0.019607844 -514
12 544.20905 637.8964 0.019607844 -564
13 434.55615 665.2321 0.019607844 -613
14 417.6133 724.7127 0.019607844 -679
15 474.474 963.1228 0.019607844 -729
16 513.7378 1216.142 0.019607844 -778
17 503.6148 1373.8247 0.019607844 -828
18 494.54208 1415.2628 0.019607844 -877
19 493.54303 1418.2612 0.019607844 -930
0 806.2535 860.55176 0.021568628 -44
1 799.38873 861.0193 0.021568628 -44
2 778.4846 866.7755 0.021568628 -67
3 720.97534 882.2508 0.021568628 -100
4 645.6851 895.5858 0.021568628 -133
5 567.40936 905.31104 0.021568628 -166
6 499.5999 905.1574 0.021568628 -199
7 447.2128 903.5294 0.021568628 -232
8 402.50427 904.04144 0.021568628 -265
9 376.39334 907.57886 0.021568628 -298
10 353.63306 926.07684 0.023529414 -331
11 337.4401 1003.82306 0.021568628 -381
12 334.6901 1220.9215 0.021568628 -414
13 335.73688 1410.4506 0.023529414 -463
14 334.00146 1513.6865 0.021568628 -496
15 333.69104 1574.7078 0.021568628 -529
16 333.69104 1621.1556 0.019607844 -562
17 333.69104 1628.152 0.019607844 -601
0 682.36816 884.5393 0.019607844 -15
1 676.91876 885.40247 0.019607844 -15
2 646.91187 892.45 0.019607844 -41
3 584.0119 897.53253 0.019607844 -74
4 419.4428 898.532 0.019607844 -107
5 339.04123 900.6631 0.019607844 -156
6 273.24966 902.2299 0.019607844 -189
7 234.70297 904.8258 0.019607844 -223
8 214.26923 910.3388 0.019607844 -256
9 201.58032 915.3453 0.021568628 -289
10 193.02649 922.31433 0.021568628 -322
11 188.40842 939.01373 0.021568628 -355
12 192.99902 1004.78 0.021568628 -388
13 215.84785 1159.961 0.021568628 -421
14 242.12535 1304.4109 0.019607844 -454
15 263.32742 1438.1353 0.019607844 -487
16 284.17944 1552.9613 0.019607844 -520
17 296.803 1615.1626 0.019607844 -553
18 308.71414 1662.1343 0.019607844 -586
19 310.7123 1666.1322 0.019607844 -632
0 682.36816 921.52 0.019607844 -16
1 676.06946 921.52 0.019607844 -16
2 655.66895 917.0569 0.019607844 -58
3 611.6098 909.12305 0.01764706 -91
4 524.0314 903.5294 0.019607844 -124
5 442.1738 901.1481 0.021568628 -157
6 375.52966 901.53046 0.021568628 -190
7 320.30585 903.5294 0.021568628 -223
8 288.4402 908.1476 0.021568628 -256
9 265.23523 910.7788 0.021568628 -289
10 249.06325 914.2004 0.023529414 -322
11 235.43178 920.7831 0.023529414 -355
12 224.43896 935.6308 0.023529414 -388
13 211.60841 987.8551 0.023529414 -421
14 209.38048 1143.6759 0.023529414 -454
15 219.43776 1315.4868 0.021568628 -487
16 231.47235 1504.4199 0.021568628 -520
17 234.37508 1609.5955 0.019607844 -553
18 238.17035 1680.7697 0.019607844 -586
19 243.09769 1731.035 0.019607844 -619
20 247.78304 1761.145 0.019607844 -652
21 247.77058 1764.0812 0.019607844 -685
22 247.77058 1766.0801 0.019607844 -693
0 706.346 889.5367 0.019607844 -17
1 704.2807 889.55347 0.019607844 -17
2 676.52673 893.18866 0.019607844 -25
3 615.8063 895.53357 0.019607844 -58
4 528.86597 895.5543 0.021568628 -91
5 447.57053 899.1796 0.021568628 -124
6 389.04764 903.9782 0.021568628 -157
7 335.96426 914.26874 0.021568628 -191
8 301.15323 924.85626 0.021568628 -224
9 278.65045 938.57214 0.021568628 -257
10 258.7604 960.49963 0.021568628 -290
11 245.61937 1012.00494 0.021568628 -322
12 259.296 1152.4924 0.021568628 -356
13 280.9235 1307.2404 0.021568628 -389
14 305.2048 1486.7516 0.021568628 -422
15 312.48813 1591.2758 0.021568628 -455
16 315.70767 1645.6793 0.019607844 -488
17 315.70767 1670.1576 0.019607844 -521
18 315.70767 1677.1265 0.019607844 -554
19 315.70767 1679.1254 0.019607844 -576
0 695.35614 854.5549 0.019607844 -7
1 693.7781 854.5549 0.019607844 -7
2 674.2322 853.5554 0.021568628 -32
3 637.52545 850.4767 0.019607844 -65
4 567.6153 850.557 0.019607844 -98
5 502.79623 855.2638 0.021568628 -131
6 444.9721 862.3816 0.021568628 -164
7 400.4452 869.1262 0.021568628 -197
8 369.18756 874.3534 0.021568628 -230
9 348.9893 877.88025 0.021568628 -264
10 338.35126 879.5419 0.021568628 -297
11 330.00458 885.2288 0.021568628 -330
12 314.47513 963.1113 0.021568628 -363
13 312.13757 1113.1906 0.021568628 -396
14 313.70953 1280.4025 0.021568628 -429
15 314.70862 1468.7982 0.019607844 -462
16 315.28015 1579.4795 0.019607844 -495
17 320.09985 1655.8738 0.019607844 -528
18 321.70212 1703.1129 0.01764706 -561
19 321.70212 1711.1088 0.01764706 -591
0 857.2063 370.80685 0.019607844 0
1 857.2063 370.80685 0.019607844 -8
2 857.2063 370.80685 0.019607844 -33
3 857.2063 370.80685 0.019607844 -66
4 857.2063 370.80685 0.019607844 -99
5 857.2063 370.80685 0.019607844 -132
6 857.2063 370.80685 0.019607844 -165
7 857.2063 370.80685 0.019607844 -198
8 857.2063 370.80685 0.019607844 -231
9 857.2063 369.3787 0.019607844 -280
10 857.2063 364.84888 0.019607844 -314
11 857.2063 361.41714 0.019607844 -347
12 857.2063 357.9635 0.019607844 -380
13 854.20905 352.80835 0.019607844 -413
14 851.73486 351.81674 0.019607844 -462
15 850.32 351.81674 0.019607844 -495
16 847.8991 351.81674 0.019607844 -528
17 844.471 351.81674 0.019607844 -561
18 842.22015 351.81674 0.019607844 -594
19 839.22296 351.81674 0.019607844 -627
20 838.2239 351.81674 0.019607844 -660
21 834.68494 354.35764 0.019607844 -693
22 823.8142 358.62088 0.019607844 -726
23 810.8433 358.8131 0.019607844 -776
24 790.4703 361.67804 0.019607844 -809
25 743.4348 362.89072 0.019607844 -842
26 698.8374 364.4652 0.019607844 -892
27 656.89435 365.80948 0.019607844 -925
28 618.618 370.0453 0.019607844 -958
29 580.2337 375.05045 0.019607844 -991
30 540.4913 381.3476 0.019607844 -1024
31 512.3792 384.82394 0.019607844 -1057
32 489.2563 388.26785 0.019607844 -1090
33 471.21182 391.88385 0.019607844 -1123
34 460.24847 392.7954 0.019607844 -1156
35 453.07663 392.7954 0.019607844 -1189
36 448.69888 392.7954 0.019607844 -1222
37 445.2627 394.11978 0.019607844 -1255
38 441.8128 394.5726 0.019607844 -1288
39 438.4106 395.9772 0.019607844 -1321
40 436.59573 396.79333 0.019607844 -1354
41 435.55472 396.79333 0.019607844 -1387
42 435.59668 396.79333 0.019607844 -1420
43 435.0867 396.79333 0.019607844 -1447
44 432.65018 396.79333 0.019607844 -1503
45 430.2541 396.79333 0.019607844 -1536
46 428.9235 398.47183 0.019607844 -1569
47 426.5793 401.81644 0.019607844 -1602
48 424.27585 405.12027 0.019607844 -1635
49 424.60684 408.55408 0.019607844 -1668
50 421.47565 411.91956 0.01764706 -1701
51 418.96716 422.0047 0.019607844 -1734
52 417.6133 434.919 0.01764706 -1767
53 416.61426 447.30048 0.01764706 -1800
54 415.60873 460.78577 0.01764706 -1833
55 415.61517 492.31686 0.01764706 -1866
56 415.61517 534.5594 0.019607844 -1899
57 417.6133 645.91455 0.019607844 -1932
58 423.0151 772.9192 0.019607844 -1965
59 426.3725 926.37213 0.019607844 -1998
60 426.605 1025.4457 0.019607844 -2031
61 426.605 1082.2169 0.019607844 -2064
62 426.605 1111.135 0.019607844 -2097
63 426.605 1122.7113 0.019607844 -2130
64 426.605 1128.4122 0.01764706 -2163
65 426.605 1128.4122 0.01764706 -2193
0 789.2692 849.5575 0.019607844 -19
1 779.49475 851.5024 0.021568628 -19
2 759.7486 859.3264 0.021568628 -45
3 691.934 874.7819 0.021568628 -78
4 629.2518 880.3018 0.021568628 -127
5 570.8015 884.99023 0.021568628 -161
6 511.79404 888.51935 0.021568628 -194
7 468.89563 891.04895 0.021568628 -227
8 420.63248 893.5346 0.021568628 -260
9 384.52695 897.1797 0.021568628 -293
10 352.99176 899.7182 0.021568628 -327
11 325.917 903.2522 0.021568628 -360
12 304.41718 906.7879 0.021568628 -393
13 289.2769 912.34326 0.021568628 -426
14 278.70935 920.55304 0.023529414 -459
15 268.04248 952.05066 0.023529414 -492
16 265.25687 1053.0536 0.023529414 -526
17 281.61945 1370.1117 0.021568628 -559
18 280.60098 1527.8854 0.019607844 -608
19 271.84177 1671.1948 0.019607844 -637
20 268.75116 1715.7261 0.019607844 -670
21 268.75116 1717.1056 0.019607844 -703
22 268.75116 1721.1035 0.019607844 -705
0 779.27844 911.5252 0.021568628 0
1 771.60876 913.19354 0.021568628 -7
2 747.03204 922.2784 0.021568628 -32
3 689.2928 926.5174 0.019607844 -65
4 523.6687 915.9032 0.021568628 -98
5 371.58746 904.72986 0.021568628 -148
6 274.44275 899.0947 0.021568628 -181
7 224.65862 898.532 0.021568628 -214
8 198.38368 897.53253 0.021568628 -247
9 186.50237 897.53253 0.021568628 -280
10 181.06392 899.30005 0.021568628 -313
11 177.53658 904.42615 0.023529414 -346
12 174.83812 937.2973 0.021568628 -379
13 180.3057 1031.1711 0.023529414 -412
14 194.34062 1166.4678 0.021568628 -445
15 215.0259 1335.492 0.021568628 -478
16 235.20134 1445.3428 0.021568628 -511
17 254.12167 1530.9019 0.019607844 -544
18 285.22668 1608.0376 0.019607844 -577
19 293.72803 1624.154 0.01764706 -611
20 293.72803 1624.154 0.01764706 -618
0 719.334 881.54083 0.019607844 0
1 717.6827 882.3668 0.019607844 -4
2 703.35986 887.534 0.019607844 -30
3 668.355 897.00037 0.019607844 -63
4 574.8967 918.00134 0.019607844 -96
5 496.6561 937.708 0.021568628 -129
6 435.3607 947.82574 0.021568628 -162
7 385.4194 948.506 0.019607844 -195
8 353.33823 947.5065 0.021568628 -228
9 323.1867 949.4245 0.021568628 -261
10 310.44052 952.9277 0.021568628 -311
11 302.89413 958.23895 0.023529414 -344
12 295.2426 1005.06104 0.021568628 -377
13 300.9534 1123.509 0.021568628 -410
14 322.8376 1342.0457 0.021568628 -443
15 331.50262 1525.6343 0.021568628 -476
16 332.69196 1660.6232 0.019607844 -509
17 335.8512 1736.0419 0.019607844 -542
18 339.70148 1754.1345 0.019607844 -575
19 340.68454 1757.0848 0.019607844 -608
20 340.68454 1757.0848 0.019607844 -625
0 681.3691 386.79852 0.019607844 0
1 660.34534 387.798 0.019607844 0
2 618.77844 391.23074 0.019607844 -38
3 558.7897 396.94287 0.019607844 -71
4 455.7573 390.05118 0.019607844 -104
5 368.7741 382.76404 0.019607844 -137
6 298.59592 376.69183 0.019607844 -170
7 241.04929 377.55164 0.019607844 -203
8 208.9912 380.15393 0.019607844 -236
9 188.94548 384.7795 0.019607844 -269
10 175.2157 390.87778 0.019607844 -302
11 164.69418 399.945 0.019607844 -335
12 161.42934 426.14496 0.019607844 -369
13 169.43768 478.51642 0.019607844 -402
14 197.69775 634.13336 0.019607844 -435
15 230.20364 811.7784 0.019607844 -468
16 253.9449 989.81274 0.019607844 -501
17 263.8204 1172.653 0.019607844 -534
18 267.61447 1250.6959 0.019607844 -567
19 271.4948 1274.5747 0.01764706 -600
20 271.74838 1276.3352 0.01764706 -633
21 271.74838 1276.3352 0.01764706 -643
0 865.1989 389.79697 0.019607844 -7
1 861.0738 388.08823 0.019607844 -7
2 843.5148 386.79852 0.019607844 -41
3 810.2216 387.7233 0.019607844 -74
4 753.51184 394.82202 0.019607844 -107
5 676.5401 399.8612 0.019607844 -140
6 585.55396 406.26 0.019607844 -173
7 527.1345 409.7387 0.019607844 -206
8 476.21155 416.218 0.019607844 -239
9 439.08185 422.95023 0.019607844 -272
10 421.3563 428.87805 0.019607844 -322
11 406.58133 438.81363 0.019607844 -355
12 390.41846 478.74084 0.019607844 -388
13 398.82983 615.3643 0.019607844 -421
14 429.42722 775.17303 0.019607844 -454
15 478.50958 996.4586 0.019607844 -487
16 500.69702 1141.8975 0.019607844 -520
17 510.98438 1229.2224 0.019607844 -553
18 514.81934 1269.7067 0.019607844 -586
19 514.5236 1281.3326 0.019607844 -619
20 514.5236 1283.3315 0.019607844 -641
0 637.4098 840.5622 0.019607844 0
1 632.5406 840.5622 0.019607844 -7
2 615.5298 842.21136 0.019607844 -33
3 581.34296 845.9859 0.019607844 -66
4 518.9445 848.75653 0.019607844 -99
5 406.66525 852.3927 0.019607844 -132
6 329.48746 859.25366 0.019607844 -165
7 273.94104 864.7654 0.019607844 -198
8 231.62462 870.21234 0.019607844 -231
9 199.49095 875.8748 0.019607844 -264
10 188.22496 879.4089 0.021568628 -314
11 179.95045 882.98157 0.021568628 -347
12 170.91362 892.46326 0.019607844 -380
13 160.7866 937.7536 0.021568628 -413
14 162.98082 1051.889 0.021568628 -446
15 184.185 1248.2904 0.021568628 -479
16 203.66858 1414.7205 0.019607844 -512
17 210.99304 1591.2147 0.019607844 -545
18 222.2094 1792.0485 0.019607844 -578
19 227.7891 1851.0359 0.019607844 -611
20 227.7891 1851.0359 0.019607844 -626
0 702.3497 800.583 0.019607844 0
1 698.09125 800.583 0.019607844 -8
2 677.93915 806.43823 0.019607844 -41
3 641.45026 815.1089 0.019607844 -74
4 594.38135 824.7279 0.021568628 -107
5 551.4314 831.24335 0.021568628 -140
6 504.95557 834.4816 0.019607844 -173
7 454.31073 836.5643 0.019607844 -206
8 412.12894 839.68677 0.019607844 -239
9 372.0817 844.30096 0.019607844 -272
10 340.2072 851.426 0.019607844 -305
11 318.55814 862.6486 0.021568628 -338
12 300.15225 877.113 0.021568628 -371
13 280.30563 916.75446 0.019607844 -404
14 272.4455 1059.4521 0.019607844 -437
15 285.28043 1214.5856 0.021568628 -470
16 301.05356 1335.6306 0.019607844 -503
17 317.32428 1439.0862 0.019607844 -537
18 328.10965 1490.291 0.019607844 -569
19 335.75 1519.3912 0.019607844 -602
20 339.6855 1534.9491 0.019607844 -635
21 340.68454 1538.1989 0.019607844 -668
22 340.68454 1540.1978 0.019607844 -682
0 658.3904 791.5877 0.019607844 0
1 651.7796 792.31067 0.019607844 0
2 614.8288 799.5338 0.019607844 -41
3 539.2345 810.4937 0.019607844 -74
4 458.44656 825.59863 0.019607844 -107
5 379.64508 843.1499 0.019607844 -140
6 330.64722 854.31665 0.019607844 -173
7 295.39966 862.4012 0.021568628 -206
8 266.59674 869.5992 0.021568628 -239
9 250.45277 874.64954 0.021568628 -272
10 235.55109 881.3615 0.021568628 -305
11 224.79393 898.52576 0.021568628 -355
12 222.19101 1002.6476 0.021568628 -388
13 245.71564 1143.7855 0.021568628 -421
14 266.5209 1290.237 0.021568628 -454
15 285.59427 1437.8383 0.021568628 -487
16 295.6171 1528.003 0.019607844 -520
17 302.01437 1580.4106 0.019607844 -553
18 305.79935 1601.4133 0.019607844 -586
19 306.716 1603.165 0.019607844 -619
20 307.7151 1605.164 0.019607844 -626
0 721.3321 765.60126 0.019607844 -24
1 717.84735 767.8929 0.019607844 -24
2 674.57184 792.3088 0.019607844 -33
3 598.03516 813.3548 0.019607844 -83
4 526.8447 827.9162 0.021568628 -133
5 464.07648 838.96216 0.021568628 -166
6 411.85898 848.09534 0.021568628 -199
7 366.5778 859.2904 0.021568628 -232
8 333.28506 868.5209 0.021568628 -265
9 313.9425 877.4497 0.021568628 -298
10 298.62378 884.5891 0.021568628 -330
11 283.06543 897.20514 0.021568628 -363
12 253.62117 981.2088 0.021568628 -396
13 244.77336 1105.2125 0.021568628 -429
14 261.70163 1294.8771 0.019607844 -462
15 281.61557 1440.8218 0.019607844 -495
16 293.3314 1521.688 0.019607844 -528
17 301.56064 1559.7073 0.019607844 -562
18 302.7197 1563.1858 0.01764706 -595
19 303.71878 1567.1837 0.01764706 -600
0 688.3626 809.5783 0.019607844 -49
1 681.47485 809.5783 0.019607844 -49
2 648.07117 816.65686 0.019607844 -66
3 591.156 828.8559 0.019607844 -99
4 520.4346 845.849 0.019607844 -132
5 438.77087 861.8035 0.021568628 -165
6 385.82397 872.44073 0.021568628 -199
7 339.9067 879.83813 0.021568628 -232
8 299.11554 889.271 0.021568628 -265
9 272.50598 893.908 0.021568628 -298
10 255.00693 899.4829 0.021568628 -331
11 240.12527 906.62933 0.021568628 -364
12 229.32576 915.9848 0.021568628 -397
13 216.29445 970.3 0.021568628 -430
14 218.00499 1071.1083 0.021568628 -463
15 232.39328 1245.4781 0.019607844 -496
16 240.6355 1394.44 0.019607844 -529
17 243.77429 1575.7997 0.019607844 -562
18 242.7752 1624.4021 0.019607844 -612
19 242.7752 1636.1478 0.019607844 -645
20 242.7752 1639.1462 0.019607844 -665
0 701.3506 821.5721 0.021568628 -17
1 687.35974 823.2385 0.021568628 -17
2 659.1258 829.29333 0.019607844 -50
3 617.27155 835.92413 0.019607844 -83
4 549.70087 843.3281 0.021568628 -116
5 491.04822 848.5577 0.021568628 -149
6 441.83353 853.6719 0.021568628 -182
7 389.91635 857.2245 0.021568628 -215
8 347.69235 860.85016 0.021568628 -248
9 311.8223 868.24475 0.021568628 -281
10 282.57635 872.997 0.021568628 -314
11 262.68414 881.57715 0.021568628 -347
12 246.90387 892.4027 0.021568628 -380
13 227.39581 932.6952 0.021568628 -413
14 226.49712 1056.8712 0.021568628 -446
15 249.77399 1202.7755 0.019607844 -479
16 278.4504 1355.3411 0.019607844 -512
17 297.47668 1498.8729 0.019607844 -545
18 303.4694 1565.6901 0.019607844 -578
19 304.71786 1607.7491 0.019607844 -611
20 305.71692 1626.153 0.019607844 -644
21 305.71692 1632.1499 0.019607844 -664
0 776.28125 370.80685 0.019607844 0
1 776.28125 370.80685 0.019607844 -4
2 764.4361 367.4006 0.019607844 -30
3 717.1366 363.6224 0.019607844 -63
4 638.7296 360.81207 0.019607844 -96
5 545.655 353.08768 0.019607844 -129
6 478.9363 351.81674 0.019607844 -162
7 426.91745 353.86853 0.019607844 -195
8 386.79807 357.54425 0.019607844 -228
9 355.04437 362.93634 0.019607844 -261
10 343.25394 365.619 0.019607844 -310
11 334.75418 369.27557 0.019607844 -343
12 327.6386 379.94724 0.019607844 -376
13 326.59424 456.62503 0.019607844 -409
14 349.50665 589.302 0.019607844 -442
15 395.8747 816.744 0.019607844 -475
16 424.22162 1017.0671 0.019607844 -508
17 445.62558 1166.6025 0.019607844 -541
18 457.35977 1240.6616 0.019607844 -574
19 460.57355 1255.3462 0.019607844 -607
20 461.57263 1260.3435 0.019607844 -620
0 662.38666 805.5804 0.019607844 -25
1 650.57874 811.1838 0.019607844 -25
2 623.9495 816.13403 0.019607844 -50
3 580.77905 818.57367 0.019607844 -83
4 518.8363 820.7891 0.019607844 -116
5 444.7732 829.0782 0.021568628 -149
6 384.93143 836.0809 0.021568628 -182
7 342.51456 838.56323 0.019607844 -215
8 311.92007 839.44183 0.019607844 -248
9 285.77823 841.0548 0.021568628 -281
10 270.63812 842.56116 0.021568628 -314
11 258.78998 844.2171 0.021568628 -347
12 244.68707 853.6417 0.019607844 -380
13 227.24881 897.69556 0.021568628 -429
14 216.24731 1015.2439 0.021568628 -462
15 219.6727 1162.8545 0.021568628 -495
16 232.46753 1385.6858 0.019607844 -528
17 232.26418 1544.9841 0.019607844 -561
18 225.07385 1665.7454 0.01764706 -594
19 220.79556 1734.7589 0.01764706 -627
20 220.79556 1734.7589 0.01764706 -660
0 679.371 831.5669 0.021568628 -9
1 679.371 831.5669 0.021568628 -9
2 673.3048 831.5669 0.019607844 -42
3 638.94635 832.69916 0.019607844 -75
4 564.9814 844.1914 0.019607844 -108
5 502.002 851.49817 0.021568628 -141
6 452.89764 854.61176 0.019607844 -174
7 403.92285 854.5549 0.021568628 -207
8 367.4067 857.9146 0.021568628 -240
9 336.85345 859.5287 0.021568628 -273
10 316.699 864.5536 0.021568628 -306
11 303.41867 870.64667 0.021568628 -339
12 294.5102 874.15326 0.021568628 -372
13 285.8433 881.433 0.019607844 -405
14 269.91006 927.87683 0.021568628 -438
15 262.7567 1079.9806 0.021568628 -471
16 273.32034 1254.8007 0.019607844 -504
17 289.9419 1503.0879 0.019607844 -537
18 292.6204 1644.3412 0.019607844 -570
19 292.72894 1716.3566 0.019607844 -603
20 292.72894 1745.1417 0.01764706 -636
21 292.72894 1746.0906 0.01764706 -669
22 291.7299 1749.089 0.01764706 -672
0 623.4227 411.78552 0.01764706 -9
1 606.45294 413.65775 0.019607844 -9
2 563.9885 420.347 0.019607844 -43
3 506.63867 424.17188 0.019607844 -76
4 446.54883 424.77875 0.019607844 -109
5 381.2522 420.9928 0.019607844 -142
6 332.82007 418.78186 0.019607844 -175
7 294.71823 418.78186 0.019607844 -208
8 264.14737 419.62677 0.019607844 -241
9 233.22134 423.47476 0.019607844 -274
10 209.49277 429.54736 0.019607844 -308
11 191.26389 442.32864 0.019607844 -341
12 165.25316 498.52188 0.019607844 -374
13 152.85846 595.1288 0.019607844 -407
14 166.01025 743.3425 0.019607844 -440
15 216.9058 986.88794 0.019607844 -473
16 256.91153 1157.7029 0.019607844 -506
17 288.49857 1271.4131 0.019607844 -539
18 297.45572 1334.3475 0.01764706 -572
19 298.72342 1355.6041 0.01764706 -605
20 298.72342 1357.2931 0.01764706 -638
21 298.72342 1357.2931 0.015686275 -658
0 769.2877 364.81 0.019607844 -15
1 759.2567 362.0034 0.019607844 -24
2 721.85144 363.34076 0.019607844 -49
3 632.9275 372.8242 0.019607844 -82
4 542.2626 381.72208 0.019607844 -115
5 480.86575 390.97928 0.019607844 -148
6 445.81213 397.23688 0.019607844 -181
7 420.41928 403.55878 0.019607844 -214
8 400.34964 410.35617 0.019607844 -247
9 388.04236 413.98383 0.019607844 -280
10 379.93277 418.49744 0.019607844 -313
11 372.59103 427.37335 0.019607844 -346
12 365.38687 448.86545 0.01764706 -379
13 360.66605 538.3042 0.019607844 -412
14 364.6546 665.50586 0.019607844 -445
15 373.113 816.1466 0.019607844 -478
16 377.65033 1018.32837 0.019607844 -511
17 371.9965 1143.6313 0.019607844 -544
18 365.9576 1227.3209 0.019607844 -577
19 362.6642 1267.0142 0.019607844 -610
20 362.6642 1274.3363 0.019607844 -643
21 362.6642 1276.3352 0.01764706 -654
0 582.4607 808.57886 0.019607844 -24
1 552.90436 811.52527 0.019607844 -24
2 474.49664 820.76306 0.019607844 -50
3 399.70914 829.44806 0.019607844 -83
4 341.62115 835.7121 0.019607844 -117
5 296.90128 839.4558 0.019607844 -150
6 268.30194 844.13525 0.021568628 -183
7 250.68878 847.77423 0.019607844 -216
8 233.8007 850.5536 0.019607844 -249
9 217.94186 854.98285 0.021568628 -282
10 208.15247 858.88 0.021568628 -315
11 200.8392 862.53815 0.021568628 -348
12 193.54745 872.72876 0.021568628 -381
13 186.5037 909.73315 0.021568628 -414
14 188.84933 1040.9418 0.019607844 -447
15 200.56221 1192.9795 0.019607844 -480
16 213.12334 1335.8315 0.019607844 -513
17 222.31538 1447.5007 0.019607844 -546
18 227.97508 1519.8147 0.019607844 -579
19 231.92285 1542.6094 0.01764706 -612
20 231.92285 1542.6094 0.01764706 -645
0 568.47363 825.57 0.019607844 -8
1 566.3558 825.57 0.019607844 -8
2 549.78577 830.136 0.019607844 -34
3 514.02405 837.5637 0.019607844 -67
4 459.71536 845.20764 0.019607844 -99
5 394.28073 859.0876 0.019607844 -133
6 341.05493 868.1168 0.021568628 -166
7 304.3402 874.9665 0.021568628 -199
8 277.84485 878.6706 0.021568628 -232
9 249.08691 883.2106 0.021568628 -265
10 231.0793 886.87946 0.021568628 -315
11 213.76573 894.55585 0.019607844 -348
12 195.51016 907.83594 0.019607844 -381
13 170.39215 956.452 0.021568628 -414
14 154.8802 1089.9835 0.021568628 -447
15 155.51149 1224.9592 0.021568628 -480
16 161.6173 1342.6545 0.019607844 -513
17 174.81958 1442.3829 0.019607844 -546
18 200.39085 1532.0465 0.01764706 -579
19 211.8039 1571.1816 0.01764706 -612
20 214.80112 1583.1754 0.01764706 -636
0 647.4006 818.57367 0.019607844 0
1 646.3328 818.57367 0.019607844 -5
2 623.4921 818.57367 0.019607844 -32
3 556.76434 822.3421 0.019607844 -65
4 465.64288 830.18335 0.019607844 -98
5 381.66376 839.3231 0.019607844 -131
6 313.5129 845.5727 0.019607844 -164
7 273.93445 848.28467 0.019607844 -197
8 249.47485 850.557 0.019607844 -231
9 219.13759 851.55646 0.019607844 -264
10 204.31442 854.5549 0.019607844 -312
11 192.91681 856.85516 0.019607844 -345
12 184.62662 860.6529 0.019607844 -378
13 166.98102 898.6708 0.019607844 -411
14 162.6837 986.6696 0.021568628 -444
15 179.84052 1131.7954 0.019607844 -477
16 216.07211 1355.823 0.019607844 -510
17 233.71158 1493.182 0.019607844 -543
18 245.95442 1587.9944 0.019607844 -576
19 251.76688 1638.1467 0.01764706 -609
20 252.76596 1648.1416 0.01764706 -637
0 593.4505 832.56635 0.019607844 -4
1 578.63806 833.5441 0.019607844 -14
2 528.9513 838.3339 0.019607844 -40
3 460.86374 842.1563 0.019607844 -73
4 390.32822 847.4187 0.019607844 -106
5 321.44693 851.80695 0.019607844 -139
6 254.77107 860.2652 0.019607844 -172
7 219.62375 868.7398 0.021568628 -205
8 195.54915 873.6349 0.021568628 -238
9 187.28595 874.5445 0.021568628 -288
10 182.11508 874.5445 0.021568628 -321
11 177.82645 877.5518 0.021568628 -354
12 170.53346 887.8092 0.021568628 -387
13 168.42654 936.08484 0.021568628 -420
14 188.30254 1083.0356 0.021568628 -453
15 213.82274 1241.4984 0.021568628 -486
16 237.9334 1411.9557 0.019607844 -519
17 252.19495 1543.6237 0.019607844 -552
18 257.76132 1581.1764 0.019607844 -585
19 258.7604 1591.1713 0.01764706 -609
