0 878.1869 896.533 0.019607844 -77
1 862.0921 895.53357 0.019607844 -77
2 824.66364 902.18335 0.021568628 -115
3 802.1175 906.5493 0.021568628 -148
4 754.3978 910.71924 0.023529414 -164
5 705.8004 912.0219 0.023529414 -197
6 660.2394 908.746 0.021568628 -230
7 621.2907 904.51544 0.021568628 -263
8 606.972 902.8465 0.021568628 -296
9 587.71857 902.5299 0.023529414 -313
10 573.8852 902.5299 0.023529414 -329
11 561.17303 902.5299 0.023529414 -346
12 551.701 902.5299 0.023529414 -362
13 542.49164 902.5299 0.023529414 -379
14 531.3253 902.5299 0.023529414 -395
15 520.73975 923.8974 0.019607844 -428
16 509.87473 992.58844 0.019607844 -461
17 500.5747 1066.1392 0.019607844 -478
18 492.9003 1126.7877 0.019607844 -494
19 485.84006 1176.6477 0.019607844 -511
20 481.87943 1213.4838 0.019607844 -527
21 480.12054 1232.7072 0.021568628 -544
22 480.55505 1237.9742 0.021568628 -560
23 480.55505 1237.9742 0.019607844 -577
0 623.4227 1148.4019 0.021568628 -8
1 621.1943 1149.4014 0.019607844 -8
2 619.5549 1149.4014 0.019607844 -30
3 617.88104 1149.4014 0.019607844 -46
4 613.73944 1149.4014 0.019607844 -63
5 587.45605 1159.3962 0.019607844 -79
6 533.00006 1169.1832 0.021568628 -112
7 493.23682 1171.3899 0.019607844 -145
8 472.52063 1171.3899 0.019607844 -178
9 441.25516 1172.806 0.019607844 -195
10 392.40305 1175.1189 0.019607844 -211
11 335.76837 1175.3878 0.019607844 -244
12 275.23572 1182.4081 0.021568628 -277
13 256.41187 1187.2194 0.021568628 -310
14 242.85716 1190.4994 0.023529414 -327
15 231.82712 1194.7883 0.023529414 -343
16 223.10684 1197.8507 0.023529414 -360
17 217.76172 1202.4104 0.023529414 -376
18 211.60379 1219.0327 0.021568628 -393
19 204.39503 1255.9861 0.021568628 -409
20 183.0902 1429.9343 0.021568628 -426
21 174.71994 1508.4268 0.021568628 -459
22 170.99832 1566.7975 0.023529414 -475
23 170.84181 1610.8795 0.019607844 -492
24 172.24693 1632.6205 0.019607844 -508
25 173.98994 1640.9006 0.019607844 -525
26 175.79807 1645.0648 0.019607844 -541
27 176.83626 1646.1426 0.019607844 -558
28 177.83534 1647.1421 0.01764706 -567
0 817.2433 374.80478 0.021568628 -121
1 774.55786 376.41174 0.021568628 -121
2 749.1622 378.07935 0.021568628 -156
3 726.33374 376.80374 0.019607844 -173
4 695.35724 377.37485 0.021568628 -189
5 656.83203 380.2165 0.019607844 -206
6 619.3165 382.80063 0.019607844 -222
7 564.62976 387.24234 0.021568628 -239
8 532.6751 386.8857 0.021568628 -255
9 472.20105 393.55518 0.019607844 -272
10 424.74832 399.0696 0.019607844 -305
11 401.62656 401.00555 0.019607844 -338
12 386.13657 402.64087 0.019607844 -354
13 371.95346 405.61142 0.021568628 -371
14 363.73022 406.77472 0.021568628 -388
15 356.96002 408.87082 0.021568628 -404
16 351.34494 410.8959 0.019607844 -421
17 346.3106 415.94165 0.019607844 -437
18 342.6827 446.23346 0.019607844 -454
19 346.251 490.88885 0.019607844 -470
20 351.5544 546.66455 0.019607844 -487
21 363.12296 706.32495 0.019607844 -503
22 365.8589 744.7621 0.019607844 -536
23 365.66144 768.6755 0.019607844 -553
24 365.66144 768.6755 0.019607844 -569
0 804.2553 412.785 0.019607844 -27
1 803.7483 412.27777 0.021568628 -27
2 799.59753 409.34537 0.021568628 -49
3 793.06885 407.73843 0.021568628 -65
4 756.9012 406.78812 0.019607844 -82
5 730.1074 407.7876 0.021568628 -115
6 701.048 407.97235 0.021568628 -131
7 668.8112 409.21533 0.021568628 -148
8 643.50616 409.78656 0.021568628 -164
9 619.3581 410.4961 0.021568628 -181
10 591.43823 413.4922 0.021568628 -198
11 562.69727 415.7689 0.019607844 -214
12 510.41113 416.78293 0.021568628 -231
13 475.72406 416.78293 0.021568628 -264
14 444.64627 415.78345 0.019607844 -297
15 429.9228 415.78345 0.021568628 -330
16 421.58914 415.78345 0.021568628 -346
17 414.31955 415.78345 0.021568628 -363
18 409.1659 415.78345 0.021568628 -379
19 405.02295 417.58353 0.019607844 -396
20 401.7412 420.66766 0.019607844 -412
21 396.25638 432.0935 0.019607844 -429
22 391.8532 453.68353 0.019607844 -445
23 386.27148 488.88086 0.019607844 -462
24 381.23462 533.49194 0.019607844 -478
25 374.72327 590.6656 0.019607844 -495
26 374.72327 590.6656 0.019607844 -511
0 655.3932 1154.3987 0.019607844 -36
1 655.3932 1154.3987 0.01764706 -36
2 652.05316 1152.0569 0.01764706 -60
3 643.5074 1150.4008 0.019607844 -77
4 633.71356 1151.85 0.019607844 -110
5 620.1947 1154.7063 0.019607844 -126
6 583.40594 1164.7716 0.019607844 -143
7 559.9799 1169.1991 0.019607844 -176
8 520.1966 1175.1173 0.019607844 -193
9 477.70706 1180.8235 0.021568628 -209
10 438.15585 1187.7339 0.021568628 -226
11 396.3252 1192.3074 0.021568628 -243
12 367.8601 1196.5499 0.021568628 -259
13 323.97485 1201.0244 0.021568628 -276
14 308.6074 1202.8298 0.023529414 -309
15 297.10312 1203.4619 0.023529414 -325
16 286.5024 1205.7827 0.023529414 -342
17 276.57495 1207.7324 0.023529414 -359
18 269.90747 1209.3308 0.023529414 -375
19 262.36963 1213.7552 0.019607844 -392
20 261.75763 1275.5688 0.019607844 -425
21 269.81537 1417.2689 0.019607844 -458
22 274.7456 1494.2217 0.01764706 -491
23 274.7456 1494.2217 0.01764706 -508
24 284.73636 1667.1317 0.019607844 -602
25 284.73636 1667.1317 0.019607844 -602
0 826.235 383.8001 0.019607844 -19
1 826.235 383.8001 0.019607844 -19
2 824.93396 382.4986 0.019607844 -42
3 820.916 382.80063 0.019607844 -59
4 778.97595 383.8001 0.019607844 -75
5 688.72473 388.9284 0.021568628 -108
6 603.94116 389.79697 0.019607844 -141
7 574.39703 390.9182 0.019607844 -174
8 547.75806 389.79697 0.019607844 -191
9 502.87695 389.79697 0.021568628 -207
10 475.8057 389.3801 0.019607844 -240
11 461.53723 391.15323 0.021568628 -273
12 448.23117 414.757 0.019607844 -307
13 444.58835 589.71747 0.019607844 -340
14 444.58835 687.1421 0.019607844 -373
15 441.20557 760.3222 0.019607844 -389
16 436.0208 865.94055 0.019607844 -406
17 432.18393 894.61365 0.019607844 -439
18 431.60037 893.5346 0.01764706 -472
19 431.60037 893.5346 0.01764706 -477
0 939.13043 613.68036 0.021568628 0
1 939.13043 613.68036 0.021568628 -20
2 939.13043 613.68036 0.021568628 -49
3 939.13043 613.68036 0.021568628 -66
4 939.13043 613.68036 0.019607844 -68
5 886.17944 603.68555 0.019607844 -138
6 862.9939 601.4765 0.019607844 -138
7 828.16364 600.68713 0.019607844 -148
8 745.37756 599.31006 0.019607844 -165
9 718.5761 600.797 0.019607844 -198
10 690.3142 601.6866 0.019607844 -214
11 657.5054 604.27765 0.019607844 -231
12 634.5458 605.9818 0.019607844 -247
13 620.1911 607.70953 0.019607844 -264
14 606.7488 609.42584 0.019607844 -280
15 592.8477 614.0315 0.021568628 -297
16 579.381 617.89465 0.021568628 -313
17 571.2944 623.18146 0.019607844 -330
18 556.908 635.2454 0.019607844 -346
19 540.61316 667.38696 0.019607844 -363
20 529.1218 722.01825 0.019607844 -379
21 523.1007 926.9413 0.019607844 -396
22 522.5162 1055.7039 0.019607844 -429
23 526.5386 1097.8976 0.019607844 -462
24 528.31177 1117.6265 0.019607844 -478
25 528.5106 1128.4 0.019607844 -495
26 528.5106 1134.5289 0.019607844 -511
27 528.5106 1137.6918 0.019607844 -528
28 528.5106 1138.4071 0.019607844 -544
29 528.5106 1138.4071 0.019607844 -552
0 957.1138 533.722 0.021568628 -9
1 957.1138 533.722 0.021568628 -9
2 957.1138 533.722 0.021568628 -23
3 954.3359 531.94244 0.021568628 -40
4 952.043 530.1861 0.021568628 -56
5 927.0829 531.7314 0.019607844 -73
6 884.6 538.91644 0.019607844 -106
7 817.2399 548.62396 0.019607844 -122
8 767.4315 556.4042 0.021568628 -139
9 734.9457 560.43164 0.021568628 -155
10 701.35724 564.3415 0.021568628 -172
11 673.3663 568.10547 0.021568628 -188
12 649.6891 570.56805 0.021568628 -205
13 627.0986 572.2287 0.021568628 -221
14 611.1235 573.8649 0.021568628 -238
15 589.9228 578.5423 0.021568628 -254
16 573.7151 583.3846 0.021568628 -287
17 563.70337 588.081 0.019607844 -320
18 557.45044 607.5773 0.019607844 -337
19 557.4638 666.3025 0.019607844 -353
20 575.8704 792.7536 0.01764706 -370
21 593.37146 899.77606 0.019607844 -386
22 609.44794 997.55817 0.019607844 -403
23 614.9212 1074.4685 0.019607844 -419
24 618.44116 1130.6046 0.019607844 -436
25 621.27374 1165.4302 0.019607844 -452
26 621.4246 1180.9315 0.019607844 -469
27 621.4246 1194.7058 0.019607844 -485
28 621.4246 1195.3773 0.019607844 -518
29 621.4246 1195.3773 0.01764706 -535
0 1018.0574 541.71783 0.021568628 -11
1 1002.8364 545.7745 0.019607844 -11
2 998.3313 545.71576 0.019607844 -42
3 992.084 546.2865 0.019607844 -58
4 977.56335 549.2764 0.019607844 -75
5 940.7308 556.6054 0.021568628 -91
6 894.8022 563.2436 0.021568628 -108
7 843.1992 567.2576 0.021568628 -124
8 803.4731 569.69293 0.021568628 -141
9 743.32214 570.3558 0.021568628 -157
10 683.4323 573.3035 0.021568628 -174
11 628.5005 576.6938 0.021568628 -190
12 579.0016 582.5989 0.021568628 -207
13 536.07715 587.53217 0.021568628 -223
14 489.75464 592.17426 0.021568628 -240
15 472.89166 599.52295 0.019607844 -273
16 463.08374 625.38043 0.019607844 -306
17 455.9908 666.9679 0.019607844 -322
18 450.2476 703.31775 0.019607844 -339
19 447.66522 745.937 0.019607844 -355
20 445.17947 816.10815 0.019607844 -372
21 445.09906 863.77344 0.019607844 -388
22 446.8795 912.3234 0.019607844 -405
23 448.85202 943.12164 0.019607844 -422
24 452.39334 1034.143 0.019607844 -438
25 452.58093 1038.4591 0.01764706 -471
26 451.58188 1055.4503 0.01764706 -473
0 707.34503 433.77408 0.019607844 -6
1 706.6052 433.77408 0.019607844 -6
2 703.383 433.77408 0.019607844 -22
3 697.43677 433.77408 0.019607844 -39
4 683.2204 432.65994 0.019607844 -56
5 628.93494 436.53812 0.019607844 -72
6 547.5681 436.7725 0.019607844 -89
7 394.55948 438.74945 0.019607844 -105
8 277.7021 440.0536 0.019607844 -138
9 252.87573 440.77042 0.019607844 -171
10 236.30103 440.77042 0.019607844 -188
11 225.66547 442.124 0.019607844 -204
12 218.62436 441.8276 0.019607844 -221
13 210.80481 456.7621 0.01764706 -237
14 210.80481 456.7621 0.01764706 -265
15 378.6494 804.58093 0.01764706 -319
16 388.45166 893.1765 0.01764706 -319
17 391.4217 1003.40985 0.019607844 -336
18 389.02518 1061.1975 0.019607844 -353
19 387.1406 1089.9429 0.019607844 -369
20 386.642 1103.7087 0.019607844 -386
21 386.642 1106.4237 0.019607844 -402
22 383.64478 1111.4211 0.01764706 -408
0 781.2766 350.81726 0.019607844 0
1 778.7308 349.81778 0.021568628 0
2 777.013 349.81778 0.021568628 -24
3 775.2433 349.81778 0.019607844 -40
4 771.83716 350.6334 0.019607844 -57
5 752.3985 353.0542 0.019607844 -73
6 708.91455 353.8157 0.019607844 -90
7 639.3143 356.89343 0.019607844 -106
8 561.124 354.8152 0.019607844 -123
9 508.0729 354.8152 0.019607844 -139
10 475.17493 353.67728 0.019607844 -156
11 436.33102 353.8157 0.019607844 -172
12 427.12503 353.8157 0.019607844 -206
13 420.3755 354.5604 0.019607844 -222
14 415.40784 356.21698 0.019607844 -239
15 412.68243 448.79892 0.019607844 -255
16 419.19556 617.7315 0.019607844 -288
17 427.3344 745.5204 0.019607844 -305
18 431.38806 860.3579 0.019607844 -321
19 429.14984 944.0175 0.019607844 -338
20 428.56458 1001.6367 0.019607844 -354
21 426.73468 1025.168 0.019607844 -371
22 425.60593 1035.321 0.019607844 -387
23 425.60593 1040.4581 0.01764706 -404
24 425.60593 1040.4581 0.01764706 -424
0 667.3821 1178.3862 0.023529414 0
1 667.3821 1178.3862 0.021568628 -9
2 667.3821 1178.3862 0.019607844 -33
3 662.50397 1174.4763 0.019607844 -49
4 611.2107 1162.7241 0.019607844 -66
5 496.24594 1153.5454 0.019607844 -82
6 430.36725 1151.4537 0.019607844 -115
7 363.84335 1148.7183 0.019607844 -132
8 321.44135 1146.9564 0.019607844 -148
9 292.75574 1146.4028 0.019607844 -165
10 272.97186 1145.4034 0.019607844 -181
11 257.27304 1148.5239 0.019607844 -198
12 246.51498 1153.0278 0.019607844 -214
13 237.05228 1192.8562 0.019607844 -231
14 232.78445 1318.9038 0.019607844 -264
15 230.54112 1395.3042 0.019607844 -297
16 224.11075 1543.2396 0.019607844 -313
17 222.29419 1579.6772 0.019607844 -346
18 222.79372 1600.2258 0.019607844 -362
19 222.79372 1614.1593 0.019607844 -379
20 222.79372 1622.155 0.019607844 -394
0 972.0999 585.69495 0.021568628 -6
1 972.0999 585.69495 0.021568628 -6
2 972.0999 585.69495 0.021568628 -31
3 972.0999 585.69495 0.019607844 -47
4 956.96246 583.86395 0.019607844 -64
5 852.55054 566.1731 0.019607844 -80
6 704.95374 549.0589 0.019607844 -113
7 659.86096 543.7135 0.019607844 -146
8 634.6446 542.71735 0.019607844 -163
9 615.0781 539.7836 0.019607844 -180
10 604.7484 538.18134 0.021568628 -196
11 597.5434 536.49475 0.019607844 -213
12 593.29785 536.89496 0.019607844 -229
13 554.9562 648.15765 0.019607844 -246
14 532.0986 752.4037 0.019607844 -279
15 517.9156 857.3094 0.019607844 -295
16 502.39944 1002.8316 0.019607844 -312
17 499.53748 1130.3215 0.019607844 -328
18 499.53748 1140.406 0.019607844 -361
19 501.5356 1165.393 0.01764706 -364
0 979.09344 572.7017 0.021568628 -7
1 976.55695 572.7017 0.019607844 -7
2 974.86554 572.7017 0.019607844 -31
3 968.7887 572.7017 0.019607844 -48
4 915.7851 571.81226 0.019607844 -64
5 841.0645 563.0262 0.019607844 -81
6 682.64716 558.709 0.019607844 -97
7 579.1371 563.176 0.021568628 -130
8 566.3106 563.70636 0.021568628 -163
9 557.4072 564.5213 0.021568628 -180
10 550.6527 564.7059 0.021568628 -196
11 546.05383 564.7059 0.019607844 -213
12 546.59625 645.7037 0.01764706 -229
13 569.9204 837.3945 0.01764706 -262
14 578.3579 1020.539 0.01764706 -295
15 580.0045 1077.1041 0.019607844 -328
16 580.4625 1104.4248 0.019607844 -345
17 580.4625 1119.417 0.019607844 -356
0 723.33026 1160.3956 0.019607844 -17
1 721.79865 1156.7983 0.01764706 -17
2 721.3321 1155.3982 0.01764706 -40
3 721.3321 1155.3982 0.01764706 -45
4 574.4681 1134.4092 0.01764706 -122
5 547.7749 1142.311 0.019607844 -122
6 402.3923 1176.2489 0.021568628 -140
7 356.684 1184.7439 0.021568628 -173
8 328.9139 1188.8535 0.021568628 -189
9 312.01672 1191.7642 0.021568628 -206
10 296.49026 1196.6119 0.021568628 -222
11 293.72803 1220.9287 0.019607844 -255
12 296.02878 1366.6171 0.019607844 -272
13 295.7262 1427.2566 0.019607844 -305
14 285.73544 1559.1879 0.019607844 -312
15 278.7419 1610.1614 0.019607844 -331
16 254.04143 1786.9943 0.019607844 -331
17 246.51297 1825.3433 0.01764706 -371
18 243.77429 1829.0474 0.01764706 -404
19 243.77429 1829.0474 0.01764706 -419
0 890.1758 493.74283 0.019607844 0
1 890.1758 493.74283 0.021568628 -7
2 890.1758 493.74283 0.021568628 -30
3 890.1758 493.74283 0.021568628 -46
4 890.1758 493.74283 0.019607844 -63
5 886.1873 493.74283 0.019607844 -79
6 845.60266 504.4842 0.021568628 -96
7 800.02026 512.93933 0.021568628 -129
8 774.5569 517.2136 0.019607844 -162
9 744.3489 519.78357 0.019607844 -178
10 716.97296 523.1479 0.019607844 -195
11 698.2437 525.6372 0.019607844 -211
12 681.51135 525.7262 0.021568628 -228
13 670.6378 525.7262 0.021568628 -244
14 663.3262 526.72565 0.021568628 -261
15 648.4365 531.0321 0.021568628 -278
16 643.5405 534.2974 0.019607844 -327
17 639.50244 536.6732 0.019607844 -344
18 631.4335 547.8893 0.019607844 -360
19 622.95264 559.7672 0.019607844 -377
20 613.8817 587.78345 0.019607844 -393
21 602.6361 706.9627 0.019607844 -410
22 598.44586 764.60175 0.019607844 -426
23 595.44867 821.5721 0.019607844 -436
0 633.4135 1065.4451 0.021568628 -7
1 624.18005 1068.7401 0.021568628 -7
2 617.1202 1070.7694 0.021568628 -22
3 612.1962 1072.5204 0.019607844 -39
4 590.32306 1078.532 0.019607844 -55
5 546.56995 1090.6628 0.019607844 -72
6 438.7467 1115.6042 0.019607844 -88
7 348.3181 1130.665 0.019607844 -121
8 331.7259 1133.603 0.019607844 -154
9 321.59845 1134.4092 0.019607844 -171
10 316.70676 1135.4086 0.01764706 -187
11 316.70676 1135.4086 0.01764706 -199
0 959.11194 539.7189 0.021568628 -9
1 959.11194 539.7189 0.021568628 -9
2 959.11194 539.7189 0.019607844 -39
3 955.0992 537.212 0.019607844 -56
4 924.7145 532.6127 0.019607844 -72
5 861.0255 531.34546 0.019607844 -105
6 826.7719 533.722 0.019607844 -138
7 798.2256 533.722 0.019607844 -155
8 773.42035 535.63354 0.019607844 -171
9 748.32465 538.3336 0.019607844 -188
10 731.73987 540.0057 0.019607844 -204
11 722.58356 541.66736 0.019607844 -221
12 714.13806 543.3571 0.019607844 -237
13 694.1152 568.1537 0.019607844 -254
14 664.4094 689.8239 0.019607844 -287
15 655.47296 757.08746 0.019607844 -320
16 656.95 812.1146 0.019607844 -336
17 655.3932 895.53357 0.019607844 -353
18 657.3913 941.5096 0.019607844 -377
0 745.3099 1118.4175 0.021568628 -7
1 743.0156 1120.7126 0.021568628 -7
2 741.2703 1121.4159 0.019607844 -30
3 733.2523 1120.5715 0.019607844 -46
4 732.3219 1120.4164 0.01764706 -63
5 732.3219 1120.4164 0.01764706 -64
6 570.4718 1116.4185 0.01764706 -100
7 512.3596 1137.4664 0.019607844 -100
8 462.3814 1152.0281 0.019607844 -129
9 421.81827 1162.3424 0.019607844 -145
10 407.54108 1163.4031 0.019607844 -162
11 398.95343 1164.3936 0.019607844 -178
12 393.5554 1165.7528 0.019607844 -195
13 392.63644 1170.3904 0.01764706 -211
14 392.63644 1170.3904 0.01764706 -217
15 378.6494 1519.2087 0.01764706 -286
16 364.5459 1620.0887 0.01764706 -286
17 354.96826 1690.7166 0.01764706 -310
18 351.67438 1722.103 0.01764706 -327
19 351.67438 1722.103 0.01764706 -338
0 986.087 673.6491 0.019607844 0
1 984.0888 673.6491 0.019607844 0
2 978.8467 673.6491 0.019607844 -20
3 972.8759 674.4545 0.019607844 -36
4 957.11383 679.14624 0.019607844 -53
5 894.8015 694.71857 0.019607844 -69
6 831.1736 707.53595 0.019607844 -102
7 774.8923 716.94763 0.019607844 -119
8 736.44855 724.22064 0.019607844 -135
9 700.40155 731.0383 0.019607844 -152
10 663.20917 743.19025 0.021568628 -168
11 640.54315 752.325 0.021568628 -185
12 627.40283 759.0425 0.019607844 -201
13 598.63617 795.5804 0.019607844 -218
14 586.0539 843.23224 0.019607844 -251
15 576.47986 959.62036 0.019607844 -267
16 563.78955 1175.8701 0.019607844 -284
17 561.4801 1209.3701 0.019607844 -317
18 557.4838 1260.3435 0.019607844 -322
0 750.3053 1150.4008 0.019607844 -7
1 739.72784 1153.595 0.019607844 -7
2 725.057 1152.3727 0.01764706 -39
3 662.77734 1144.41 0.01764706 -55
4 601.4431 1141.4055 0.019607844 -72
5 542.4977 1142.405 0.019607844 -82
6 300.72156 1149.4014 0.021568628 -128
7 213.23137 1146.7257 0.019607844 -128
8 177.61176 1146.4028 0.019607844 -154
9 161.58423 1146.4028 0.019607844 -171
10 149.93056 1148.9739 0.019607844 -187
11 148.86217 1149.4014 0.019607844 -204
12 145.86494 1162.3945 0.019607844 -206
0 682.36816 1143.4044 0.021568628 0
1 682.36816 1143.4044 0.019607844 0
2 680.51056 1141.546 0.019607844 -38
3 680.37006 1141.4055 0.01764706 -54
4 680.37006 1141.4055 0.01764706 -55
5 572.4699 1119.417 0.01764706 -90
6 390.3291 1149.3372 0.021568628 -90
7 301.7764 1160.3097 0.021568628 -137
8 246.89879 1166.7443 0.019607844 -154
9 225.0407 1170.1635 0.019607844 -170
10 210.31024 1173.5538 0.019607844 -187
11 202.55672 1178.328 0.019607844 -203
12 194.22432 1202.7568 0.019607844 -220
13 189.9698 1296.0066 0.019607844 -236
14 183.3714 1389.248 0.019607844 -253
15 174.31839 1480.4229 0.019607844 -269
16 166.9797 1564.3048 0.019607844 -286
17 160.9318 1696.1268 0.01764706 -302
18 160.85106 1699.115 0.01764706 -335
19 160.85106 1699.115 0.01764706 -336
0 716.33673 1095.4294 0.021568628 -7
1 716.33673 1095.4294 0.019607844 -7
2 716.33673 1092.1866 0.019607844 -39
3 716.33673 1092.1866 0.019607844 -55
4 548.4921 1123.4149 0.01764706 -107
5 472.50894 1157.8292 0.021568628 -107
6 357.6039 1188.9069 0.021568628 -138
7 314.72754 1199.2125 0.021568628 -171
8 298.33405 1202.4517 0.021568628 -187
9 288.02838 1205.607 0.021568628 -204
10 278.49283 1209.2698 0.021568628 -220
11 273.0443 1213.2467 0.019607844 -237
12 251.30138 1312.3451 0.019607844 -253
13 234.99788 1475.5223 0.019607844 -286
14 224.81024 1565.8226 0.01764706 -319
15 213.72893 1646.6128 0.01764706 -336
16 213.72893 1646.6128 0.01764706 -352
0 630.41626 1212.3685 0.021568628 -9
1 630.41626 1212.3685 0.021568628 -9
2 630.41626 1212.3685 0.021568628 -25
3 630.41626 1208.9717 0.01764706 -42
4 630.41626 1206.3717 0.01764706 -58
5 630.41626 1206.3717 0.01764706 -66
6 547.49304 1166.3925 0.01764706 -109
7 451.9681 1163.6565 0.01764706 -109
8 398.4431 1166.5432 0.01764706 -157
9 315.8307 1179.3341 0.01764706 -174
10 268.9073 1186.5695 0.01764706 -190
11 243.68233 1192.0417 0.019607844 -207
12 230.25719 1196.2426 0.019607844 -223
13 216.20544 1202.7698 0.019607844 -240
14 204.92206 1222.0281 0.021568628 -273
15 199.67366 1237.7795 0.021568628 -306
16 190.51137 1301.4761 0.019607844 -322
17 185.98491 1355.8796 0.019607844 -355
18 182.05234 1402.398 0.019607844 -372
19 179.64752 1443.3434 0.019607844 -388
20 181.77782 1480.9899 0.019607844 -405
21 186.35712 1538.0846 0.01764706 -422
22 187.82608 1566.1842 0.01764706 -455
23 187.82608 1566.1842 0.01764706 -476
0 645.4024 1107.4232 0.019607844 -9
1 645.4024 1107.4232 0.019607844 -9
2 645.4024 1107.4232 0.019607844 -33
3 634.593 1102.7208 0.01764706 -50
4 583.2165 1103.8275 0.019607844 -83
5 508.45337 1112.3234 0.019607844 -116
6 469.1276 1116.8003 0.019607844 -149
7 413.64725 1123.8087 0.019607844 -166
8 390.2621 1128.1626 0.021568628 -199
9 353.461 1136.8993 0.021568628 -215
10 312.88495 1147.2639 0.021568628 -248
11 288.25583 1156.2235 0.023529414 -281
12 275.9661 1167.6891 0.021568628 -314
13 270.44214 1199.5272 0.019607844 -347
14 264.28265 1333.8029 0.019607844 -364
15 260.40063 1464.4929 0.019607844 -380
16 253.7689 1600.5936 0.019607844 -397
17 242.05324 1732.8994 0.01764706 -413
18 242.05324 1732.8994 0.01764706 -430
0 666.383 432.7746 0.019607844 -214
1 625.27734 438.6492 0.019607844 -214
2 544.2034 444.8829 0.019607844 -230
3 471.24283 449.43185 0.019607844 -263
4 446.6006 451.1212 0.019607844 -297
5 428.1112 452.8134 0.019607844 -313
6 410.57327 451.7647 0.019607844 -330
7 396.28064 451.7647 0.019607844 -346
8 385.85013 453.8957 0.019607844 -363
9 373.6819 457.41913 0.019607844 -379
10 365.46783 462.95264 0.019607844 -396
11 358.59366 476.16925 0.019607844 -412
12 353.37787 509.79898 0.019607844 -429
13 351.9355 587.2512 0.019607844 -445
14 348.38028 640.1239 0.019607844 -462
15 343.45114 685.89966 0.019607844 -478
16 338.67557 755.6823 0.019607844 -495
17 334.8617 781.1885 0.019607844 -528
18 333.05405 801.95795 0.019607844 -544
19 331.24457 820.50854 0.019607844 -561
20 333.71378 871.88727 0.019607844 -577
21 338.45874 920.01416 0.019607844 -610
22 341.86008 955.28766 0.019607844 -627
23 344.68085 982.422 0.01764706 -643
24 342.6827 998.4799 0.01764706 -660
25 342.6827 998.4799 0.01764706 -672
0 706.346 415.78345 0.019607844 -101
1 696.61707 420.82358 0.019607844 -101
2 666.8847 431.18668 0.019607844 -123
3 637.9409 437.58286 0.019607844 -156
4 599.3327 442.82748 0.019607844 -172
5 553.59283 443.76886 0.019607844 -189
6 498.74835 443.76886 0.019607844 -205
7 420.74667 439.59204 0.019607844 -222
8 400.82974 438.87146 0.019607844 -255
9 381.9036 436.17996 0.019607844 -271
10 372.2333 435.773 0.019607844 -288
11 362.12405 455.3176 0.019607844 -304
12 361.66513 458.76105 0.019607844 -337
13 359.667 481.74908 0.019607844 -340
0 1015.0601 555.7106 0.019607844 -63
1 1001.59863 557.7885 0.019607844 -63
2 970.62604 562.17847 0.019607844 -81
3 931.69775 566.83563 0.019607844 -98
4 892.9204 571.6913 0.019607844 -115
5 858.84735 571.7022 0.019607844 -131
6 827.58264 570.11725 0.019607844 -148
7 774.07544 570.93176 0.019607844 -164
8 753.5638 570.70276 0.019607844 -197
9 718.3124 574.0368 0.021568628 -214
10 709.13275 576.74176 0.021568628 -247
11 700.87067 579.0905 0.021568628 -263
12 693.9536 582.39856 0.019607844 -280
13 683.36725 602.6861 0.019607844 -296
14 676.3737 655.6585 0.019607844 -321
15 671.37836 852.55597 0.019607844 -356
16 670.3793 998.6674 0.01764706 -356
17 679.371 1173.3888 0.019607844 -379
18 684.36633 1206.3717 0.019607844 -411
0 934.1351 608.683 0.021568628 -8
1 934.1351 608.683 0.021568628 -8
2 934.1351 608.683 0.021568628 -31
3 933.2748 606.9618 0.021568628 -47
4 930.8142 605.0229 0.019607844 -64
5 905.9058 599.4595 0.019607844 -80
6 821.13477 594.4418 0.019607844 -113
7 776.1039 593.6908 0.019607844 -146
8 745.9394 592.5728 0.019607844 -163
9 712.12885 593.5262 0.019607844 -179
10 678.231 594.2282 0.019607844 -196
11 650.7862 595.91534 0.019607844 -212
12 626.82556 598.66113 0.019607844 -229
13 602.3567 602.9838 0.019607844 -245
14 570.3873 610.71014 0.021568628 -262
15 561.8653 619.0149 0.019607844 -295
16 538.65674 667.4272 0.019607844 -311
17 527.41125 728.344 0.019607844 -344
18 519.519 801.5825 0.019607844 -360
19 517.5208 849.5575 0.019607844 -369
0 954.1166 606.684 0.019607844 -17
1 954.1166 606.684 0.019607844 -17
2 949.93146 604.59064 0.019607844 -40
3 931.53723 601.0647 0.019607844 -57
4 907.94635 600.68713 0.019607844 -90
5 877.35876 601.7941 0.019607844 -106
6 837.50916 601.6866 0.019607844 -123
7 799.10095 601.6866 0.019607844 -139
8 767.5333 604.10266 0.019607844 -156
9 737.81604 606.6563 0.019607844 -172
10 681.1565 616.33636 0.019607844 -189
11 638.84955 623.4351 0.019607844 -205
12 574.8515 636.1186 0.019607844 -222
13 543.4142 648.2037 0.019607844 -255
14 537.5023 653.65955 0.019607844 -288
15 532.50696 673.6491 0.019607844 -305
