0 941.1286 650.6611 0.021568628 -77
1 938.0656 649.6397 0.021568628 -77
2 908.5658 648.6621 0.021568628 -115
3 887.0388 648.6621 0.021568628 -148
4 835.7417 647.4692 0.021568628 -164
5 783.7283 643.6586 0.021568628 -197
6 736.3882 637.10675 0.021568628 -230
7 698.23285 633.6565 0.021568628 -263
8 681.53644 631.98755 0.021568628 -296
9 662.93634 630.38416 0.021568628 -313
10 648.81586 630.6715 0.023529414 -329
11 636.1036 630.6715 0.023529414 -346
12 623.6696 630.7068 0.023529414 -362
13 611.9243 630.6715 0.023529414 -379
14 595.2661 630.6715 0.023529414 -395
15 586.58997 657.7698 0.019607844 -428
16 576.51965 729.4321 0.019607844 -461
17 570.2949 801.8844 0.019607844 -478
18 561.8365 866.05225 0.019607844 -494
19 559.5543 919.5642 0.019607844 -511
20 558.4829 962.28906 0.019607844 -527
21 558.4829 981.8377 0.019607844 -544
22 558.4829 989.3102 0.021568628 -560
23 558.4829 989.3102 0.021568628 -577
0 982.09064 528.7246 0.021568628 -8
1 966.72144 534.1829 0.021568628 -8
2 961.4954 536.592 0.021568628 -30
3 960.111 536.72046 0.021568628 -46
4 958.88135 536.72046 0.019607844 -63
5 944.12585 544.21655 0.021568628 -79
6 895.66425 556.087 0.023529414 -112
7 853.8773 559.7085 0.021568628 -145
8 829.92926 558.9554 0.021568628 -178
9 797.9249 558.709 0.021568628 -195
10 743.3471 557.70953 0.021568628 -211
11 686.44366 560.76544 0.021568628 -244
12 634.2686 568.06946 0.021568628 -277
13 616.0248 571.59406 0.021568628 -310
14 604.0824 574.82 0.021568628 -327
15 594.6281 577.9727 0.021568628 -343
16 586.77014 580.1724 0.021568628 -360
17 580.0807 582.0424 0.019607844 -376
18 572.1364 595.35754 0.019607844 -393
19 564.062 630.7275 0.019607844 -409
20 546.74786 799.7654 0.019607844 -426
21 543.4672 888.9564 0.019607844 -459
22 541.4986 951.8645 0.019607844 -475
23 543.31915 1006.83856 0.019607844 -492
24 547.30615 1033.7454 0.019607844 -508
25 548.643 1044.3623 0.019607844 -525
26 550.4512 1051.335 0.019607844 -541
27 550.4903 1052.4518 0.019607844 -558
28 550.4903 1052.4518 0.019607844 -567
0 668.3811 1174.3883 0.019607844 -121
1 650.31976 1181.8157 0.021568628 -121
2 632.3755 1187.2104 0.021568628 -156
3 612.3618 1191.2247 0.021568628 -173
4 581.8909 1195.6628 0.019607844 -189
5 539.31903 1199.7896 0.021568628 -206
6 495.6937 1204.9783 0.021568628 -222
7 439.2645 1211.2946 0.021568628 -239
8 411.78705 1213.5424 0.021568628 -255
9 338.42453 1219.1251 0.021568628 -272
10 289.596 1224.0012 0.021568628 -305
11 264.5391 1225.576 0.021568628 -338
12 247.26514 1227.2114 0.021568628 -354
13 230.262 1228.7714 0.023529414 -371
14 216.90637 1231.3452 0.023529414 -388
15 208.09785 1233.4413 0.023529414 -404
16 201.3739 1236.5758 0.023529414 -421
17 197.23822 1239.9333 0.023529414 -437
18 191.86685 1257.9886 0.021568628 -454
19 188.44444 1296.0884 0.021568628 -470
20 187.82608 1351.2755 0.021568628 -487
21 189.82423 1506.908 0.019607844 -503
22 193.21632 1540.1501 0.019607844 -536
23 198.84117 1565.2859 0.01764706 -553
24 198.84117 1565.2859 0.01764706 -569
0 694.35706 1209.3701 0.019607844 -27
1 689.34674 1206.8639 0.019607844 -27
2 685.9235 1203.9315 0.01764706 -49
3 679.1743 1200.2764 0.01764706 -65
4 638.4107 1202.1736 0.019607844 -82
5 604.7802 1210.1085 0.021568628 -115
6 572.9817 1217.6263 0.021568628 -131
7 540.9296 1224.0763 0.021568628 -148
8 515.84766 1227.5839 0.021568628 -164
9 484.5136 1230.7787 0.021568628 -181
10 450.5074 1234.0647 0.021568628 -198
11 423.8404 1235.342 0.021568628 -214
12 365.89117 1238.5281 0.021568628 -231
13 325.4126 1235.3895 0.021568628 -264
14 302.2636 1233.3575 0.021568628 -297
15 289.46164 1231.9496 0.021568628 -330
16 279.7205 1232.3582 0.021568628 -346
17 272.4509 1232.3582 0.021568628 -363
18 267.29724 1231.2069 0.021568628 -379
19 264.1534 1231.3586 0.019607844 -396
20 260.87164 1232.8014 0.019607844 -412
21 258.38403 1237.9203 0.019607844 -429
22 257.76132 1255.338 0.01764706 -445
23 257.76132 1300.885 0.01764706 -462
24 253.35306 1354.4183 0.01764706 -478
25 249.53651 1405.776 0.01764706 -495
26 249.53651 1405.776 0.01764706 -511
0 940.1295 825.57 0.021568628 -36
1 937.63184 824.07074 0.021568628 -36
2 935.79047 823.57104 0.021568628 -60
3 928.9673 823.57104 0.021568628 -77
4 919.44904 825.0202 0.021568628 -110
5 907.08295 827.8766 0.021568628 -126
6 870.6805 833.48474 0.021568628 -143
7 850.2499 837.1027 0.021568628 -176
8 813.7624 841.3993 0.021568628 -193
9 772.43414 844.77924 0.021568628 -209
10 732.88293 848.23444 0.021568628 -226
11 692.0514 852.4844 0.021568628 -243
12 663.0002 854.1417 0.021568628 -259
13 620.52527 859.3774 0.021568628 -276
14 605.3327 861.0078 0.021568628 -309
15 595.9153 862.6395 0.021568628 -325
16 585.2258 864.25525 0.021568628 -342
17 576.6586 865.9105 0.023529414 -359
18 569.62994 867.50885 0.023529414 -375
19 558.9013 871.9333 0.021568628 -392
20 543.2411 919.1497 0.019607844 -425
21 533.3287 1057.4563 0.019607844 -458
22 536.50323 1129.4117 0.019607844 -491
23 540.4995 1166.3925 0.019607844 -508
24 555.48566 1303.3212 0.019607844 -602
25 555.48566 1305.3201 0.019607844 -602
0 990.08325 835.5648 0.021568628 -19
1 987.57806 835.5648 0.019607844 -19
2 985.78503 835.5648 0.019607844 -42
3 983.927 835.5648 0.019607844 -59
4 935.50037 833.56586 0.019607844 -75
5 844.58044 838.69415 0.021568628 -108
6 755.9743 841.9744 0.021568628 -141
7 729.3754 841.4399 0.021568628 -174
8 702.1379 841.56165 0.021568628 -191
9 659.79144 841.56165 0.021568628 -207
10 635.492 841.56165 0.021568628 -240
11 618.7132 842.56116 0.021568628 -273
12 607.08405 853.1748 0.019607844 -307
13 580.81885 1018.17267 0.019607844 -340
14 574.96765 1111.9208 0.019607844 -373
15 568.7016 1186.8718 0.019607844 -389
16 563.69037 1283.1477 0.019607844 -406
17 563.4783 1310.3972 0.019607844 -439
18 563.4783 1312.3165 0.019607844 -472
19 563.4783 1315.315 0.01764706 -477
0 645.4024 1219.3649 0.023529414 0
1 646.40216 1217.3646 0.019607844 -20
2 649.8821 1210.9178 0.019607844 -49
3 650.39777 1209.3701 0.01764706 -66
4 650.39777 1209.3701 0.01764706 -68
5 555.48566 1160.3956 0.01764706 -138
6 553.4875 1160.3956 0.01764706 -138
7 540.41406 1160.3956 0.01764706 -148
8 476.11597 1168.9021 0.019607844 -165
9 447.60718 1173.7184 0.019607844 -198
10 418.5659 1178.1422 0.019607844 -214
11 388.75418 1181.5693 0.019607844 -231
12 365.79462 1184.9777 0.019607844 -247
13 347.4176 1187.4076 0.019607844 -264
14 330.518 1189.8668 0.019607844 -280
15 314.65482 1193.2793 0.019607844 -297
16 300.85544 1199.808 0.019607844 -313
17 287.88605 1209.3822 0.019607844 -330
18 270.17352 1235.2787 0.021568628 -346
19 252.5592 1271.3931 0.021568628 -363
20 237.26263 1331.636 0.021568628 -379
21 216.04472 1524.7046 0.021568628 -396
22 212.80296 1645.6569 0.021568628 -429
23 213.80203 1677.5175 0.019607844 -462
24 213.80203 1692.725 0.019607844 -478
25 213.80203 1699.9072 0.019607844 -495
26 213.80203 1703.859 0.019607844 -511
27 213.80203 1706.3955 0.019607844 -528
28 213.80203 1708.1104 0.019607844 -544
29 213.80203 1710.1093 0.021568628 -552
0 952.1184 761.60333 0.021568628 -9
1 949.2022 761.60333 0.021568628 -9
2 947.0696 761.60333 0.021568628 -23
3 945.3442 761.60333 0.021568628 -40
4 938.44257 762.14075 0.019607844 -56
5 895.08734 773.6222 0.019607844 -73
6 847.8348 783.38776 0.021568628 -106
7 778.3061 797.979 0.021568628 -122
8 730.9858 806.274 0.019607844 -139
9 696.1199 811.16284 0.019607844 -155
10 665.39056 814.7563 0.019607844 -172
11 633.80084 818.97485 0.021568628 -188
12 611.1858 821.4374 0.021568628 -205
13 591.6047 823.62445 0.021568628 -221
14 572.8313 825.73376 0.021568628 -238
15 546.54114 828.99 0.021568628 -254
16 531.75397 832.25494 0.021568628 -287
17 526.12555 835.4897 0.019607844 -320
18 519.6921 853.036 0.019607844 -337
19 517.5208 907.20703 0.019607844 -353
20 529.44556 1032.6287 0.019607844 -370
21 542.3252 1141.4775 0.019607844 -386
22 553.4957 1242.4307 0.019607844 -403
23 558.85046 1315.0979 0.019607844 -419
24 561.487 1369.4733 0.019607844 -436
25 561.4801 1398.6106 0.019607844 -452
26 561.4801 1410.5128 0.019607844 -469
27 561.4801 1421.5876 0.019607844 -485
28 561.4801 1425.3856 0.019607844 -518
29 561.4801 1425.3856 0.019607844 -535
0 990.08325 792.58716 0.021568628 -11
1 979.0347 792.58716 0.021568628 -11
2 977.22296 792.58716 0.021568628 -42
3 972.24445 793.15796 0.019607844 -58
4 957.30084 797.42847 0.021568628 -75
5 921.6699 805.50195 0.019607844 -91
6 874.08984 811.48004 0.019607844 -108
7 823.2177 817.68036 0.021568628 -124
8 781.5451 820.5519 0.021568628 -141
9 724.3397 822.8771 0.019607844 -157
10 657.95056 826.1718 0.021568628 -174
11 601.54016 828.56256 0.021568628 -190
12 547.76227 833.10254 0.021568628 -207
13 506.66324 835.8441 0.021568628 -223
14 467.25812 842.5265 0.021568628 -240
15 447.24493 849.22815 0.021568628 -273
16 435.8652 870.87445 0.019607844 -306
17 425.2258 903.06775 0.019607844 -322
18 417.05466 942.08154 0.019607844 -339
19 410.8588 984.57355 0.019607844 -355
20 407.21463 1054.688 0.019607844 -372
21 405.62442 1104.2041 0.019607844 -388
22 405.62442 1146.1486 0.019607844 -405
23 407.75626 1182.0605 0.019607844 -422
24 412.43036 1269.396 0.019607844 -438
25 412.61795 1273.3368 0.019607844 -471
26 414.6161 1293.3264 0.019607844 -473
0 921.1471 616.6788 0.021568628 -6
1 918.6683 616.6788 0.021568628 -6
2 913.70544 616.6788 0.021568628 -22
3 903.63416 617.98395 0.019607844 -39
4 885.8034 618.67773 0.019607844 -56
5 829.82715 618.67773 0.019607844 -72
6 737.4168 623.99194 0.019607844 -89
7 584.4497 632.62646 0.019607844 -105
8 467.45056 636.31 0.021568628 -138
9 442.63644 637.66785 0.021568628 -171
10 427.12433 638.66736 0.021568628 -188
11 416.48877 638.66736 0.021568628 -204
12 409.4477 638.72504 0.021568628 -221
13 399.62997 646.6632 0.01764706 -237
14 368.65866 643.66473 0.025490198 -265
15 222.79372 687.64185 0.01764706 -319
16 223.74567 717.49426 0.019607844 -319
17 222.79372 812.80444 0.019607844 -336
18 220.56657 864.7582 0.019607844 -353
19 218.29692 895.54315 0.019607844 -369
20 217.79834 908.81036 0.01764706 -386
21 215.80019 909.52625 0.01764706 -402
22 215.80019 909.52625 0.01764706 -408
0 965.1064 546.7152 0.021568628 0
1 960.56244 546.7152 0.021568628 0
2 958.84467 546.7152 0.021568628 -24
3 957.0749 546.7152 0.021568628 -40
4 955.29944 546.7152 0.019607844 -57
5 944.69666 545.71576 0.019607844 -73
6 908.07715 545.71576 0.019607844 -90
7 836.9726 549.87225 0.019607844 -106
8 763.40424 549.7137 0.019607844 -123
9 704.02423 551.08636 0.019607844 -139
10 675.1283 550.71313 0.019607844 -156
11 630.3759 552.10016 0.019607844 -172
12 618.7558 551.71265 0.019607844 -206
13 612.1979 551.71265 0.019607844 -222
14 607.2302 551.71265 0.019607844 -239
15 597.44684 639.7855 0.019607844 -255
16 599.237 813.4622 0.019607844 -288
17 600.44403 939.57275 0.019607844 -305
18 599.0516 1052.4703 0.019607844 -321
19 598.67206 1142.367 0.019607844 -338
20 598.48444 1200.7261 0.019607844 -354
21 598.44586 1223.1947 0.019607844 -371
22 598.44586 1233.2179 0.019607844 -387
23 597.44684 1238.355 0.01764706 -404
24 597.44684 1238.355 0.01764706 -424
0 945.1249 839.5627 0.021568628 0
1 945.1249 839.5627 0.021568628 -9
2 943.9566 838.394 0.019607844 -33
3 935.3102 837.5637 0.019607844 -49
4 882.69336 836.8301 0.019607844 -66
5 767.9943 833.61456 0.019607844 -82
6 703.0078 831.62036 0.019607844 -115
7 634.22614 830.8838 0.019607844 -132
8 591.1916 829.1221 0.019607844 -148
9 565.61914 829.56793 0.019607844 -165
10 544.8426 829.56793 0.019607844 -181
11 529.58203 831.1282 0.021568628 -198
12 520.47076 832.7757 0.021568628 -214
13 504.89133 857.6615 0.019607844 -231
14 496.54025 974.76025 0.019607844 -264
15 496.66284 1059.6018 0.019607844 -297
16 498.22043 1219.7716 0.019607844 -313
17 500.03702 1258.3445 0.019607844 -346
18 501.8736 1279.3931 0.019607844 -362
19 502.5347 1293.3264 0.019607844 -379
20 503.53375 1300.3228 0.01764706 -394
0 683.36725 1155.3982 0.023529414 -6
1 683.36725 1155.3982 0.023529414 -6
2 683.36725 1155.3982 0.021568628 -31
3 682.33026 1154.3607 0.019607844 -47
4 665.56836 1151.7362 0.019607844 -64
5 556.3779 1141.3204 0.021568628 -80
6 420.87186 1132.1787 0.021568628 -113
7 381.62027 1128.4089 0.021568628 -146
8 360.49158 1126.2157 0.021568628 -163
9 345.1985 1124.479 0.021568628 -180
10 336.5351 1124.4143 0.021568628 -196
11 331.01602 1123.1892 0.019607844 -213
12 323.50403 1122.7208 0.019607844 -229
13 270.3144 1246.7512 0.019607844 -246
14 231.63223 1339.9371 0.021568628 -279
15 206.82803 1432.9463 0.019607844 -295
16 183.64041 1568.3881 0.019607844 -312
17 180.47255 1698.0259 0.019607844 -328
18 180.83257 1708.1104 0.01764706 -361
19 180.83257 1708.1104 0.01764706 -364
0 708.3441 1155.3982 0.023529414 -7
1 705.8077 1155.3982 0.021568628 -7
2 704.11615 1155.3982 0.019607844 -31
3 696.97754 1152.2113 0.019607844 -48
4 632.5978 1131.6217 0.019607844 -64
5 553.3205 1121.7456 0.019607844 -81
6 396.62573 1132.887 0.021568628 -97
7 315.19785 1138.8762 0.021568628 -130
8 305.94006 1138.4071 0.019607844 -163
9 298.46234 1137.5922 0.019607844 -180
10 291.89227 1137.4076 0.019607844 -196
11 287.29337 1138.554 0.019607844 -213
12 274.64328 1228.0931 0.021568628 -229
13 274.05225 1410.484 0.021568628 -262
14 278.6354 1587.9896 0.019607844 -295
15 281.28113 1644.9545 0.019607844 -328
16 282.73822 1679.1254 0.019607844 -345
17 282.73822 1679.1254 0.019607844 -356
0 973.099 828.5684 0.021568628 -17
1 973.099 828.5684 0.019607844 -17
2 973.099 828.5684 0.019607844 -40
3 973.099 828.5684 0.019607844 -45
4 864.1998 821.5721 0.019607844 -122
5 781.8269 832.47235 0.019607844 -122
6 644.1033 853.271 0.021568628 -140
7 611.8088 858.8234 0.019607844 -173
8 588.1466 860.0247 0.021568628 -189
9 571.7762 862.9354 0.019607844 -206
10 553.50726 867.0386 0.019607844 -222
11 545.71454 879.88226 0.019607844 -255
12 539.5005 1016.34534 0.019607844 -272
13 539.5005 1070.4425 0.019607844 -305
14 543.49677 1066.4446 0.019607844 -312
15 546.494 1070.4425 0.019607844 -331
16 559.0515 1230.0078 0.019607844 -331
17 554.228 1278.9218 0.019607844 -371
18 551.4894 1287.3295 0.019607844 -404
19 549.4912 1289.3285 0.01764706 -419
0 633.4135 1084.4352 0.023529414 0
1 633.4135 1084.4352 0.021568628 -7
2 634.5123 1082.2366 0.019607844 -30
3 635.4117 1079.6486 0.019607844 -46
4 634.8623 1077.8887 0.019607844 -63
5 633.0831 1077.4388 0.019607844 -79
6 601.51544 1087.8671 0.021568628 -96
7 562.34357 1099.7369 0.021568628 -129
8 538.4309 1106.562 0.021568628 -162
9 508.5672 1113.5287 0.021568628 -178
10 483.60944 1119.0477 0.021568628 -195
11 465.4593 1123.2369 0.021568628 -211
12 451.80353 1125.9532 0.023529414 -228
13 441.8497 1127.5361 0.021568628 -244
14 435.53708 1128.1772 0.021568628 -261
15 415.99734 1133.7183 0.021568628 -278
16 409.46945 1136.9835 0.021568628 -327
17 403.768 1141.2638 0.021568628 -344
18 397.8425 1147.7877 0.021568628 -360
19 394.04697 1157.1619 0.019607844 -377
20 392.52658 1195.3468 0.01764706 -393
21 379.8424 1314.0833 0.01764706 -410
22 370.6568 1375.2837 0.01764706 -426
23 370.6568 1375.2837 0.01764706 -436
0 874.19055 717.6262 0.021568628 -7
1 864.30927 720.9213 0.021568628 -7
2 854.2464 722.9505 0.021568628 -22
3 845.822 725.7799 0.019607844 -39
4 824.1066 732.71216 0.019607844 -55
5 782.5603 744.843 0.019607844 -72
6 675.50104 769.7843 0.019607844 -88
7 581.68414 786.84406 0.021568628 -121
8 562.319 790.7815 0.021568628 -154
9 550.5657 792.408 0.021568628 -171
10 545.49493 793.5867 0.021568628 -187
11 542.4977 793.5867 0.019607844 -199
0 738.3164 1128.4122 0.023529414 -9
1 735.18286 1128.4122 0.021568628 -9
2 733.3113 1128.4122 0.019607844 -39
3 728.5548 1126.9048 0.019607844 -56
4 692.9291 1121.306 0.019607844 -72
5 634.34644 1124.281 0.019607844 -105
6 603.22266 1129.241 0.019607844 -138
7 578.6832 1132.6644 0.019607844 -155
8 555.622 1136.2333 0.019607844 -171
9 528.52814 1141.2477 0.019607844 -188
10 509.37192 1146.2638 0.021568628 -204
11 497.84216 1148.3513 0.021568628 -221
12 488.06705 1150.6809 0.019607844 -237
13 465.2579 1182.9718 0.019607844 -254
14 432.02954 1299.5555 0.019607844 -287
15 424.68668 1360.5529 0.019607844 -320
16 421.0518 1414.3594 0.019607844 -336
17 420.61053 1494.2217 0.01764706 -353
18 420.61053 1494.2217 0.01764706 -377
0 971.1008 786.5903 0.023529414 -7
1 963.21893 786.5903 0.021568628 -7
2 959.02545 786.5903 0.021568628 -30
3 955.4258 786.5903 0.021568628 -46
4 955.11566 786.5903 0.019607844 -63
5 945.1249 787.5898 0.019607844 -64
6 844.2183 797.5846 0.019607844 -100
7 722.144 817.60626 0.019607844 -100
8 674.86237 825.21484 0.021568628 -129
9 645.5328 829.21735 0.021568628 -145
10 631.3429 830.5764 0.021568628 -162
11 622.7462 830.5674 0.021568628 -178
12 617.34814 830.5674 0.021568628 -195
13 616.42926 831.5669 0.019607844 -211
14 613.432 834.5653 0.019607844 -217
15 600.44403 1138.4071 0.019607844 -286
16 587.3978 1305.3335 0.019607844 -286
17 583.1086 1361.5092 0.019607844 -310
18 581.4616 1386.278 0.019607844 -327
19 580.4625 1398.2717 0.019607844 -338
0 745.3099 1027.4648 0.021568628 0
1 745.3099 1027.4648 0.021568628 0
2 741.14905 1027.4648 0.021568628 -20
3 736.90027 1027.4648 0.021568628 -36
4 728.8252 1028.9641 0.019607844 -53
5 669.01056 1046.5675 0.021568628 -69
6 602.85065 1062.8853 0.021568628 -102
7 546.104 1074.2256 0.021568628 -119
8 507.66037 1080.9153 0.021568628 -135
9 470.6143 1088.7068 0.021568628 -152
10 434.93158 1099.4937 0.021568628 -168
11 415.03864 1106.997 0.021568628 -185
12 401.6119 1113.8577 0.021568628 -201
13 372.84518 1155.705 0.019607844 -218
14 360.32056 1206.1008 0.019607844 -251
15 349.68982 1322.2626 0.019607844 -267
16 328.7408 1535.5271 0.01764706 -284
17 324.69934 1570.1821 0.01764706 -317
18 324.69934 1570.1821 0.01764706 -322
0 998.07587 824.5705 0.021568628 -7
1 986.1083 825.57 0.019607844 -7
2 974.90717 825.57 0.019607844 -39
3 923.0271 828.2332 0.019607844 -55
4 864.1998 828.5684 0.019607844 -72
5 805.2544 828.5684 0.019607844 -82
6 562.4792 821.5721 0.019607844 -128
7 468.96356 819.89594 0.021568628 -128
8 428.1462 818.1627 0.021568628 -154
9 412.35205 819.59973 0.021568628 -171
10 400.91205 822.144 0.021568628 -187
11 399.62997 822.57153 0.021568628 -204
12 393.63553 829.56793 0.019607844 -206
0 928.1406 794.5861 0.021568628 0
1 928.1406 794.5861 0.021568628 0
2 928.1406 794.5861 0.021568628 -38
3 928.1406 794.5861 0.019607844 -54
4 925.1434 794.5861 0.019607844 -55
5 860.2035 803.5814 0.019607844 -90
6 609.0624 823.03925 0.019607844 -90
7 532.6727 829.65985 0.021568628 -137
8 498.37006 832.9182 0.021568628 -154
9 479.69135 834.45184 0.021568628 -170
10 468.07156 836.14703 0.021568628 -187
11 459.00534 839.1908 0.019607844 -203
12 448.69077 859.6377 0.019607844 -220
13 441.80948 951.1134 0.019607844 -236
14 438.21072 1044.4276 0.019607844 -253
15 433.59045 1139.1128 0.019607844 -269
16 428.44904 1224.4818 0.019607844 -286
17 414.939 1364.8146 0.019607844 -302
18 414.6161 1368.2874 0.019607844 -335
19 412.61795 1391.2754 0.019607844 -336
0 956.1147 765.60126 0.021568628 -7
1 956.1147 765.60126 0.019607844 -7
2 956.1147 765.60126 0.019607844 -39
3 956.1147 765.60126 0.019607844 -55
4 831.23035 796.5851 0.019607844 -107
5 697.3008 839.8597 0.021568628 -107
6 591.00586 864.3786 0.019607844 -138
7 560.9692 870.6488 0.019607844 -171
8 547.1815 873.62286 0.021568628 -187
9 538.414 875.1616 0.021568628 -204
10 530.70917 876.9931 0.019607844 -220
11 524.8112 879.0693 0.019607844 -237
12 500.81467 968.5242 0.019607844 -253
13 482.98373 1140.0045 0.019607844 -286
14 474.7751 1234.5841 0.019607844 -319
15 466.51578 1318.8567 0.019607844 -336
16 466.51578 1318.8567 0.019607844 -352
0 906.16095 863.55023 0.021568628 -9
1 901.87933 864.5497 0.019607844 -9
2 899.81055 864.5497 0.019607844 -25
3 897.96924 864.5497 0.019607844 -42
4 897.1693 864.5497 0.019607844 -58
5 894.17206 864.5497 0.019607844 -66
6 836.2257 858.5528 0.019607844 -109
7 680.2317 861.07654 0.019607844 -109
8 624.0833 863.70105 0.019607844 -157
9 558.8913 872.7993 0.019607844 -174
10 523.2187 878.1832 0.019607844 -190
11 499.66617 881.9823 0.021568628 -207
12 484.08936 884.47217 0.021568628 -223
13 469.9705 887.7357 0.021568628 -240
14 460.68524 890.7948 0.021568628 -273
15 455.43686 897.0547 0.019607844 -306
16 439.6246 953.3136 0.019607844 -322
17 433.14178 1005.2909 0.019607844 -355
18 428.82385 1055.3578 0.019607844 -372
19 427.60406 1098.709 0.019607844 -388
20 428.54935 1141.9508 0.019607844 -405
21 431.60037 1198.7317 0.019607844 -422
22 433.5985 1227.3607 0.019607844 -455
23 434.5976 1239.3545 0.019607844 -476
0 898.1684 775.596 0.021568628 -9
1 898.1684 775.596 0.021568628 -9
2 898.1684 775.596 0.019607844 -33
3 882.65845 771.7456 0.019607844 -50
4 827.58777 775.401 0.019607844 -83
5 755.1763 785.445 0.019607844 -116
6 715.20874 789.9705 0.019607844 -149
7 662.5481 795.84814 0.019607844 -166
8 642.77856 799.3339 0.019607844 -199
9 603.73773 806.07166 0.019607844 -215
10 569.26807 814.43726 0.021568628 -248
11 544.01904 820.39844 0.021568628 -281
12 530.7302 826.0887 0.019607844 -314
13 518.8023 849.29974 0.019607844 -347
14 508.32037 986.79706 0.019607844 -364
15 507.53006 1117.3528 0.019607844 -380
16 504.5348 1255.2726 0.019607844 -397
17 500.8556 1391.7788 0.019607844 -413
18 500.8556 1391.7788 0.019607844 -430
0 834.2276 872.54553 0.019607844 -214
1 790.5632 876.7016 0.019607844 -214
2 704.4818 887.8815 0.021568628 -230
3 630.4295 893.2007 0.021568628 -263
4 606.80835 894.89 0.021568628 -297
5 591.00964 896.5822 0.021568628 -313
6 575.42065 897.2373 0.021568628 -330
7 561.12805 897.53253 0.021568628 -346
8 550.6975 898.664 0.021568628 -363
9 542.3544 899.3603 0.021568628 -379
10 535.8585 901.0791 0.021568628 -396
11 531.9703 904.0663 0.019607844 -412
12 523.0242 924.8946 0.019607844 -429
13 513.04767 999.775 0.019607844 -445
14 506.9363 1054.2596 0.019607844 -462
15 501.305 1102.5033 0.019607844 -478
16 494.53125 1166.4738 0.019607844 -495
17 490.889 1192.1462 0.019607844 -528
18 487.27368 1211.7445 0.019607844 -544
19 483.65472 1233.191 0.019607844 -561
20 480.55505 1288.7157 0.019607844 -577
21 481.44028 1335.7976 0.019607844 -610
22 482.5532 1370.346 0.019607844 -627
23 482.5532 1398.783 0.019607844 -643
24 482.5532 1413.2639 0.019607844 -660
25 482.5532 1419.2607 0.019607844 -672
0 918.14984 851.55646 0.019607844 -101
1 911.7654 851.9039 0.019607844 -101
2 879.8348 858.96387 0.019607844 -123
3 843.33636 864.96387 0.019607844 -156
4 799.08966 870.60474 0.019607844 -172
5 751.5094 874.744 0.019607844 -189
6 693.76324 873.74036 0.019607844 -205
7 615.38745 870.1888 0.021568628 -222
8 595.5494 869.64716 0.021568628 -255
9 580.31274 868.5476 0.021568628 -271
10 569.76605 868.5476 0.021568628 -288
11 553.8653 880.2447 0.019607844 -304
12 552.48846 882.54034 0.019607844 -337
13 546.494 902.5299 0.019607844 -340
0 780.2775 1146.4028 0.01764706 -63
1 755.5894 1145.4034 0.019607844 -63
2 710.74786 1149.0491 0.019607844 -81
3 667.24634 1154.0952 0.019607844 -98
4 628.49493 1158.0563 0.019607844 -115
5 601.3121 1159.4714 0.019607844 -131
6 572.4048 1159.3961 0.019607844 -148
7 517.08435 1158.3966 0.019607844 -164
8 494.8509 1159.3723 0.019607844 -197
9 457.21835 1162.7302 0.021568628 -214
10 445.2928 1164.4357 0.021568628 -247
11 436.1158 1166.7844 0.021568628 -263
12 429.19876 1170.0924 0.019607844 -280
13 424.60684 1198.3759 0.019607844 -296
14 424.60684 1198.3759 0.019607844 -321
15 406.6235 1459.24 0.01764706 -356
16 396.1734 1529.6016 0.019607844 -356
17 393.63553 1693.1182 0.019607844 -379
18 393.63553 1693.1182 0.019607844 -411
0 936.13324 829.56793 0.023529414 -8
1 933.76416 829.56793 0.021568628 -8
2 932.0226 829.56793 0.021568628 -31
3 930.2776 829.56793 0.021568628 -47
4 927.15564 829.56793 0.019607844 -64
5 896.57214 832.6804 0.019607844 -80
6 809.3943 837.5637 0.019607844 -113
7 766.53687 838.98706 0.019607844 -146
8 734.06885 838.56323 0.021568628 -163
9 699.14087 842.23193 0.021568628 -179
10 666.2421 843.0986 0.021568628 -196
11 641.2464 844.7857 0.021568628 -212
12 617.7798 847.50446 0.021568628 -229
13 594.66174 851.85425 0.021568628 -245
14 562.3853 860.57996 0.021568628 -262
15 551.15234 867.4397 0.021568628 -295
16 527.6669 910.9384 0.019607844 -311
17 513.38403 973.1762 0.019607844 -344
18 503.53375 1051.4524 0.019607844 -360
19 499.53748 1097.4283 0.019607844 -369
0 728.3256 1185.3826 0.023529414 -17
1 725.9119 1185.3826 0.021568628 -17
2 722.04803 1184.2887 0.019607844 -40
3 694.0236 1183.0061 0.019607844 -57
4 666.8221 1186.0773 0.019607844 -90
5 631.2639 1189.5956 0.021568628 -106
6 593.73486 1192.9722 0.021568628 -123
7 557.32477 1194.8856 0.019607844 -139
8 525.7572 1196.5854 0.019607844 -156
9 490.12854 1199.3198 0.019607844 -172
10 430.65695 1205.2982 0.019607844 -189
11 383.76587 1212.1285 0.019607844 -205
12 320.2706 1224.6288 0.021568628 -222
13 295.0051 1235.8976 0.021568628 -255
14 289.73172 1244.3519 0.019607844 -288
15 289.73172 1244.3519 0.019607844 -305
