0 519.519 1221.3639 0.01764706 -77
1 514.5017 1221.3639 0.019607844 -77
2 481.3082 1234.9897 0.023529414 -115
3 462.4642 1241.3856 0.023529414 -148
4 422.89832 1251.9287 0.023529414 -164
5 382.60275 1256.3456 0.023529414 -197
6 342.0954 1253.5664 0.021568628 -230
7 307.59454 1249.3358 0.021568628 -263
8 294.26154 1247.6669 0.021568628 -296
9 276.2943 1247.3503 0.023529414 -313
10 263.01566 1246.5082 0.023529414 -329
11 253.28491 1246.3508 0.023529414 -346
12 242.98683 1246.3508 0.023529414 -362
13 235.2771 1246.3508 0.023529414 -379
14 224.60933 1248.9408 0.023529414 -395
15 214.97847 1291.2623 0.021568628 -428
16 204.15779 1362.9823 0.021568628 -461
17 192.0756 1437.3383 0.021568628 -478
18 185.31375 1494.4675 0.019607844 -494
19 180.05072 1541.5302 0.019607844 -511
20 176.16249 1568.9268 0.019607844 -527
21 175.83719 1582.2203 0.019607844 -544
22 175.83719 1584.5874 0.019607844 -560
23 175.83719 1584.5874 0.019607844 -577
0 781.2766 350.81726 0.019607844 -8
1 779.0481 350.81726 0.021568628 -8
2 777.4087 350.81726 0.021568628 -30
3 775.7349 350.81726 0.023529414 -46
4 774.0525 350.81726 0.021568628 -63
5 758.29785 353.31598 0.019607844 -79
6 710.6278 356.60645 0.021568628 -112
7 665.0522 355.81467 0.019607844 -145
8 637.8606 354.8152 0.019607844 -178
9 604.687 354.8152 0.019607844 -195
10 547.52844 355.2769 0.019607844 -211
11 489.7409 358.87064 0.019607844 -244
12 436.79282 364.834 0.019607844 -277
13 421.1511 367.70026 0.019607844 -310
14 406.70547 370.3668 0.021568628 -327
15 395.6754 373.07947 0.021568628 -343
16 386.95514 376.27866 0.019607844 -360
17 378.9214 380.83832 0.019607844 -376
18 370.32327 402.6582 0.019607844 -393
19 364.10107 439.1194 0.019607844 -409
20 359.667 612.8627 0.019607844 -426
21 356.66974 695.02783 0.019607844 -459
22 356.66974 762.5897 0.019607844 -475
23 357.66882 816.3304 0.019607844 -492
24 359.07397 842.84467 0.019607844 -508
25 358.6679 853.4618 0.019607844 -525
26 360.62692 859.4349 0.019607844 -541
27 360.66605 859.5523 0.01764706 -558
28 360.66605 859.5523 0.01764706 -567
0 1016.0592 575.70013 0.021568628 -121
1 971.9829 579.9136 0.021568628 -121
2 949.52924 581.97314 0.021568628 -156
3 924.2279 581.697 0.021568628 -173
4 893.6023 581.1259 0.021568628 -189
5 854.64886 581.9042 0.021568628 -206
6 814.6611 584.56415 0.021568628 -222
7 760.9293 590.6178 0.021568628 -239
8 730.6662 589.78 0.021568628 -255
9 667.0206 595.0701 0.021568628 -272
10 619.20703 601.3255 0.021568628 -305
11 597.6594 602.9004 0.021568628 -338
12 580.9562 604.5357 0.021568628 -354
13 563.953 606.09564 0.021568628 -371
14 551.5965 607.6701 0.021568628 -388
15 540.7061 610.3078 0.021568628 -404
16 534.1756 613.9001 0.021568628 -421
17 529.1413 616.2581 0.021568628 -437
18 526.5125 640.13245 0.019607844 -454
19 526.5125 680.02814 0.019607844 -470
20 530.4488 735.7162 0.019607844 -487
21 540.41797 897.68445 0.019607844 -503
22 539.5005 932.0716 0.019607844 -536
23 541.5112 957.5897 0.019607844 -553
24 541.5112 957.5897 0.019607844 -569
0 1016.0592 604.68506 0.019607844 -27
1 1005.54645 605.6845 0.019607844 -27
2 997.9725 604.4645 0.019607844 -49
3 990.8857 602.6369 0.019607844 -65
4 950.5216 602.6861 0.019607844 -82
5 915.04956 606.97943 0.019607844 -115
6 885.50745 609.4977 0.019607844 -131
7 850.78577 611.1102 0.019607844 -148
8 825.3378 613.90356 0.021568628 -164
9 795.9352 616.38885 0.021568628 -181
10 763.5713 619.3849 0.021568628 -198
11 739.5335 621.6471 0.021568628 -214
12 685.94104 624.84766 0.021568628 -231
13 644.1175 624.6746 0.021568628 -264
14 619.22736 624.6746 0.021568628 -297
15 603.35345 624.6746 0.021568628 -330
16 592.42755 624.6746 0.023529414 -346
17 582.01587 624.6746 0.023529414 -363
18 574.8607 624.6746 0.023529414 -379
19 571.6697 624.6746 0.023529414 -396
20 570.0288 624.6746 0.021568628 -412
21 568.28546 629.23737 0.019607844 -429
22 565.6203 643.80054 0.019607844 -445
23 561.7944 673.72833 0.019607844 -462
24 557.07184 717.3961 0.019607844 -478
25 552.02405 776.26624 0.019607844 -495
26 552.02405 776.26624 0.019607844 -511
0 769.2877 363.81052 0.019607844 -36
1 769.2877 363.81052 0.019607844 -36
2 769.2877 363.81052 0.019607844 -60
3 763.84436 363.81052 0.019607844 -77
4 757.49884 363.81052 0.021568628 -110
5 745.07904 364.9638 0.021568628 -126
6 710.74744 369.2671 0.019607844 -143
7 690.3979 372.34476 0.019607844 -176
8 659.52625 374.69656 0.019607844 -193
9 622.012 376.41357 0.019607844 -209
10 584.0208 380.816 0.019607844 -226
11 542.14246 382.75293 0.019607844 -243
12 512.313 385.38586 0.019607844 -259
13 471.4883 387.6231 0.019607844 -276
14 456.4705 389.25357 0.021568628 -309
15 444.96625 390.88522 0.021568628 -325
16 436.0693 392.50095 0.021568628 -342
17 429.15665 394.1562 0.019607844 -359
18 422.76593 397.71417 0.019607844 -375
19 411.84375 407.75626 0.019607844 -392
20 399.67636 476.68253 0.019607844 -425
21 397.8092 615.15405 0.019607844 -458
22 406.6235 692.6392 0.019607844 -491
23 412.61795 731.61896 0.019607844 -508
24 432.59946 867.54816 0.01764706 -602
25 432.59946 867.54816 0.01764706 -602
0 1015.0601 584.69543 0.021568628 -19
1 1008.0516 584.69543 0.021568628 -19
2 1004.4656 584.69543 0.021568628 -42
3 1001.91034 584.69543 0.019607844 -59
4 964.7999 584.36096 0.021568628 -75
5 876.4854 589.8893 0.019607844 -108
6 788.35736 591.27905 0.021568628 -141
7 761.22406 592.81305 0.019607844 -174
8 731.93604 591.69183 0.021568628 -191
9 689.704 592.6913 0.021568628 -207
10 660.6345 594.69025 0.021568628 -240
11 646.3661 596.36786 0.021568628 -273
12 633.9707 605.2155 0.019607844 -307
13 617.10693 775.95966 0.019607844 -340
14 611.93335 870.0469 0.019607844 -373
15 608.0511 950.8019 0.019607844 -389
16 602.6543 1050.0569 0.019607844 -406
17 602.4422 1076.1033 0.019607844 -439
18 602.4422 1077.4388 0.019607844 -472
19 601.4431 1078.4382 0.01764706 -477
0 746.30896 430.77563 0.019607844 0
1 746.30896 430.77563 0.019607844 -20
2 746.30896 430.77563 0.019607844 -49
3 746.30896 430.77563 0.019607844 -66
4 746.30896 430.77563 0.019607844 -68
5 678.3719 421.7803 0.019607844 -138
6 654.08215 419.57126 0.019607844 -138
7 617.5618 420.67926 0.019607844 -148
8 535.9492 421.7803 0.019607844 -165
9 506.5526 423.99896 0.019607844 -198
10 477.5113 425.77823 0.019607844 -214
11 444.5178 428.96136 0.019607844 -231
12 420.74374 431.0729 0.019607844 -247
13 404.39093 432.80066 0.019607844 -264
14 392.43375 434.51697 0.019607844 -280
15 380.49472 436.22318 0.019607844 -297
16 368.7925 437.88016 0.019607844 -313
17 360.48953 444.11005 0.019607844 -330
18 348.77365 460.45175 0.019607844 -346
19 337.7631 494.79755 0.019607844 -363
20 331.56357 548.9789 0.019607844 -379
21 334.27557 749.27856 0.019607844 -396
22 338.81644 881.4454 0.019607844 -429
23 340.7106 918.9648 0.019607844 -462
24 338.88528 936.9196 0.019607844 -478
25 337.09033 945.8975 0.019607844 -495
26 336.68826 951.6242 0.019607844 -511
27 337.8293 954.787 0.019607844 -528
28 338.6864 955.5023 0.01764706 -544
29 338.6864 955.5023 0.01764706 -552
0 749.3062 353.8157 0.019607844 -9
1 749.3062 353.8157 0.019607844 -9
2 749.3062 353.8157 0.021568628 -23
3 746.52826 350.2566 0.021568628 -40
4 744.7727 348.2809 0.019607844 -56
5 725.27814 348.82672 0.019607844 -73
6 686.1816 354.0128 0.019607844 -106
7 621.3912 361.2667 0.019607844 -122
8 576.12915 365.1568 0.019607844 -139
9 541.26324 368.5316 0.019607844 -155
10 509.53482 369.89764 0.019607844 -172
11 479.14474 373.20697 0.019607844 -188
12 455.5993 375.6696 0.019607844 -205
13 435.80243 376.33072 0.019607844 -221
14 419.13742 377.96698 0.019607844 -238
15 397.10132 379.8022 0.019607844 -254
16 377.20862 386.1757 0.019607844 -287
17 369.80783 397.0303 0.019607844 -320
18 364.04285 424.08618 0.019607844 -337
19 369.6077 487.3656 0.019607844 -353
20 389.04343 605.63855 0.019607844 -370
21 410.6342 714.7933 0.019607844 -386
22 430.2833 813.9844 0.019607844 -403
23 439.08398 884.95404 0.019607844 -419
24 443.6031 940.6828 0.019607844 -436
25 444.58835 975.52905 0.019607844 -452
26 444.58835 988.7325 0.019607844 -469
27 444.58835 998.8078 0.019607844 -485
28 443.52536 999.47943 0.01764706 -518
29 443.52536 999.47943 0.01764706 -535
0 808.25165 362.81104 0.019607844 -11
1 808.25165 362.81104 0.021568628 -11
2 805.5098 362.81104 0.021568628 -42
3 794.1251 362.81104 0.019607844 -58
4 776.1872 364.09164 0.019607844 -75
5 742.8355 367.7561 0.019607844 -91
6 695.6208 371.0752 0.019607844 -108
7 643.1079 373.0822 0.019607844 -124
8 603.6788 375.77325 0.019607844 -141
9 544.1594 375.80426 0.019607844 -157
10 487.21606 375.80426 0.019607844 -174
11 432.68472 379.7963 0.019607844 -190
12 381.45273 384.06818 0.019607844 -207
13 337.9812 389.91455 0.019607844 -223
14 292.9369 391.79593 0.019607844 -240
15 281.3985 405.96472 0.019607844 -273
16 274.87985 439.20865 0.019607844 -306
17 270.95563 478.87564 0.019607844 -322
18 266.41782 518.3023 0.019607844 -339
19 263.91513 566.7114 0.019607844 -355
20 262.34875 635.0899 0.019607844 -372
21 263.26743 685.9108 0.019607844 -388
22 266.33997 731.24457 0.019607844 -405
23 268.15314 766.4108 0.019607844 -422
24 273.55893 852.05005 0.01764706 -438
25 273.74652 856.55383 0.01764706 -471
26 273.74652 856.55383 0.01764706 -473
0 626.42 1190.38 0.019607844 -6
1 626.42 1190.38 0.019607844 -6
2 624.9385 1188.8978 0.019607844 -22
3 615.9006 1185.7708 0.01764706 -39
4 592.73065 1181.0408 0.01764706 -56
5 528.5751 1180.307 0.01764706 -72
6 442.6897 1188.332 0.019607844 -89
7 286.6814 1208.2606 0.021568628 -105
8 182.94144 1213.368 0.021568628 -138
9 157.9001 1212.3685 0.021568628 -171
10 139.67047 1212.3685 0.021568628 -188
11 128.75519 1212.3685 0.021568628 -204
12 120.65734 1212.4263 0.021568628 -221
13 110.897316 1220.3644 0.019607844 -237
14 106.90102 1232.3582 0.019607844 -265
15 91.914894 1405.2681 0.019607844 -319
16 84.157906 1513.8627 0.019607844 -319
17 78.35923 1572.1361 0.019607844 -336
18 74.701645 1606.7675 0.019607844 -353
19 70.932396 1628.1597 0.019607844 -369
20 67.17657 1640.4292 0.01764706 -386
21 65.93895 1643.1442 0.01764706 -402
22 64.93987 1647.1421 0.01764706 -408
0 704.34784 1109.4221 0.01764706 0
1 699.8039 1110.4216 0.019607844 0
2 698.0861 1110.4216 0.019607844 -24
3 693.20264 1109.3833 0.01764706 -40
4 677.9476 1106.9752 0.01764706 -57
5 639.6933 1103.806 0.01764706 -73
6 582.67413 1106.0973 0.019607844 -90
7 507.04007 1116.8942 0.021568628 -106
8 429.71317 1125.0828 0.021568628 -123
9 378.56625 1129.1587 0.021568628 -139
10 349.42987 1129.481 0.021568628 -156
11 305.06485 1132.7977 0.023529414 -172
12 294.15228 1133.5055 0.023529414 -206
13 288.4976 1134.1544 0.023529414 -222
14 283.52994 1135.8108 0.021568628 -239
15 278.67743 1223.5029 0.019607844 -255
16 265.58673 1398.7411 0.019607844 -288
17 257.87772 1516.5421 0.021568628 -305
18 250.19334 1623.9915 0.019607844 -321
19 242.0966 1702.3961 0.019607844 -338
20 239.73941 1747.0168 0.019607844 -354
21 239.77798 1765.172 0.019607844 -371
22 240.77705 1770.5079 0.019607844 -387
23 240.77705 1772.077 0.01764706 -404
24 240.77705 1772.077 0.01764706 -424
0 764.2923 408.78708 0.021568628 0
1 764.2923 408.78708 0.021568628 -9
2 764.2923 408.78708 0.021568628 -33
3 759.41425 406.81747 0.019607844 -49
4 722.24615 406.05444 0.019607844 -66
5 613.1377 399.93787 0.019607844 -82
6 548.20465 396.95377 0.019607844 -115
7 478.42072 394.47797 0.019607844 -132
8 432.00058 391.90363 0.019607844 -148
9 411.1104 393.9109 0.019607844 -165
10 389.10925 394.67197 0.019607844 -181
11 372.16666 397.91495 0.019607844 -198
12 361.4086 401.20996 0.019607844 -214
13 348.4926 434.61005 0.019607844 -231
14 353.64108 558.6227 0.019607844 -264
15 360.03476 636.0678 0.019607844 -297
16 373.0181 800.62646 0.019607844 -313
17 375.15265 837.064 0.019607844 -346
18 377.32718 862.625 0.019607844 -362
19 379.64847 874.5445 0.01764706 -379
20 379.64847 874.5445 0.01764706 -394
0 776.28125 398.7923 0.019607844 -6
1 774.2224 398.7923 0.021568628 -6
2 772.05133 398.7923 0.021568628 -31
3 770.2489 398.7923 0.019607844 -47
4 756.9796 396.9613 0.019607844 -64
5 653.3732 382.354 0.019607844 -80
6 502.94864 364.15524 0.019607844 -113
7 457.54337 360.80878 0.019607844 -146
8 429.63678 357.41846 0.019607844 -163
9 410.2678 353.94516 0.019607844 -180
10 398.40115 352.27817 0.019607844 -196
11 390.73495 351.81674 0.019607844 -213
12 385.5557 353.0344 0.019607844 -229
13 361.13565 464.87775 0.019607844 -246
14 342.52228 566.2525 0.019607844 -279
15 330.5476 670.4897 0.019607844 -295
16 320.60837 812.87634 0.019607844 -312
17 317.70584 944.77856 0.019607844 -328
18 317.70584 954.50287 0.019607844 -361
19 320.70306 979.4898 0.019607844 -364
0 765.2914 401.7907 0.021568628 -7
1 765.2914 401.7907 0.021568628 -7
2 765.2914 401.7907 0.021568628 -31
3 760.1076 399.72894 0.019607844 -48
4 716.41925 393.12552 0.019607844 -64
5 638.901 386.4584 0.019607844 -81
6 481.0246 382.70526 0.019607844 -97
7 378.26187 380.80167 0.019607844 -130
8 360.24255 380.80167 0.019607844 -163
9 349.59967 379.8022 0.019607844 -180
10 342.8451 379.8022 0.019607844 -196
11 340.5378 379.8022 0.019607844 -213
12 352.2802 467.59164 0.019607844 -229
13 384.3982 654.1839 0.019607844 -262
14 395.42065 840.84576 0.019607844 -295
15 395.40466 900.3423 0.019607844 -328
16 395.63367 926.5174 0.019607844 -345
17 395.63367 941.5096 0.019607844 -356
0 1016.0592 582.6965 0.021568628 -17
1 1008.99963 582.6965 0.021568628 -17
2 1008.0666 582.6965 0.019607844 -40
3 1006.0685 582.6965 0.019607844 -45
4 886.17944 584.69543 0.019607844 -122
5 804.83246 596.60864 0.019607844 -122
6 662.6553 612.3964 0.019607844 -140
7 633.9688 614.77 0.019607844 -173
8 612.1244 618.62317 0.019607844 -189
9 591.9877 622.0609 0.021568628 -206
10 577.23035 626.164 0.019607844 -222
11 570.24786 640.5629 0.019607844 -255
12 570.9257 780.92224 0.019607844 -272
13 573.469 831.5669 0.019607844 -305
14 573.469 831.5669 0.019607844 -312
15 535.50415 1279.3336 0.019607844 -331
16 519.36487 1434.917 0.019607844 -331
17 509.01114 1506.8031 0.019607844 -371
18 507.53006 1516.2103 0.01764706 -404
19 506.531 1520.2081 0.015686275 -419
0 668.3811 326.82977 0.019607844 0
1 668.3811 326.82977 0.021568628 -7
2 668.3811 326.82977 0.021568628 -30
3 668.3811 326.82977 0.021568628 -46
4 668.3811 326.82977 0.019607844 -63
5 665.7222 326.82977 0.019607844 -79
6 628.8034 334.88577 0.019607844 -96
7 584.1169 344.0273 0.019607844 -129
8 559.7558 349.12885 0.019607844 -162
9 531.6002 352.87054 0.019607844 -178
10 506.37817 356.23483 0.019607844 -195
11 483.6205 358.72412 0.019607844 -211
12 465.71118 358.8131 0.019607844 -228
13 454.83768 358.8131 0.019607844 -244
14 446.52692 358.8131 0.019607844 -261
15 433.6354 364.11908 0.019607844 -278
16 428.73944 367.38434 0.019607844 -327
17 422.79764 373.61627 0.019607844 -344
18 414.6342 387.56918 0.019607844 -360
19 407.44632 401.14392 0.019607844 -377
20 402.40744 434.3033 0.019607844 -393
21 398.67938 544.14453 0.019607844 -410
22 398.6309 599.6876 0.019607844 -426
23 397.63184 651.6606 0.019607844 -436
0 615.4302 322.83185 0.019607844 -7
1 615.4302 322.83185 0.019607844 -7
2 614.1043 322.83185 0.019607844 -22
3 610.27704 322.83185 0.019607844 -39
4 594.71484 327.22543 0.019607844 -55
5 557.76843 336.84668 0.019607844 -72
6 452.68088 356.9729 0.019607844 -88
7 356.89224 374.4768 0.019607844 -121
8 340.71756 377.99652 0.019607844 -154
9 329.59103 380.62253 0.019607844 -171
10 325.69843 381.80115 0.019607844 -187
11 323.7003 383.8001 0.019607844 -199
0 749.3062 371.80634 0.019607844 -9
1 749.3062 371.80634 0.019607844 -9
2 745.29047 369.79767 0.019607844 -39
3 739.5447 368.05417 0.019607844 -56
4 704.8082 363.59073 0.019607844 -72
5 637.6102 365.67612 0.019607844 -105
6 601.8093 369.22226 0.019607844 -138
7 574.4328 372.0606 0.019607844 -155
8 549.62756 374.63004 0.019607844 -171
9 525.7588 377.41745 0.019607844 -188
10 508.65952 379.0895 0.019607844 -204
11 495.8945 380.75116 0.019607844 -221
12 487.34802 383.72058 0.019607844 -237
13 470.35696 416.44025 0.019607844 -254
14 448.79922 537.1182 0.019607844 -287
15 444.58835 598.78973 0.019607844 -320
16 445.86636 662.42596 0.019607844 -336
17 445.58743 735.6168 0.019607844 -353
18 447.58557 783.59186 0.019607844 -377
0 737.3173 383.8001 0.019607844 -7
1 737.3173 383.8001 0.019607844 -7
2 737.3173 383.8001 0.019607844 -30
3 736.4733 382.95575 0.019607844 -46
4 736.31824 382.80063 0.019607844 -63
5 723.33026 382.80063 0.01764706 -64
6 617.4283 384.79956 0.019607844 -100
7 490.3479 397.8142 0.019607844 -100
8 441.75583 405.4335 0.019607844 -129
9 409.10245 409.436 0.019607844 -145
10 395.56122 410.7951 0.019607844 -162
11 386.9645 411.455 0.019607844 -178
12 382.9253 414.50424 0.019607844 -195
13 381.64664 417.7824 0.019607844 -211
14 379.64847 425.77823 0.019607844 -217
15 398.6309 729.62 0.019607844 -286
16 398.6309 897.6041 0.019607844 -286
17 396.63275 956.4233 0.019607844 -310
18 396.63275 983.48773 0.019607844 -327
19 396.63275 995.4815 0.019607844 -338
0 732.3219 269.85944 0.019607844 0
1 731.3229 269.85944 0.019607844 0
2 726.0807 269.85944 0.019607844 -20
3 719.1109 271.6643 0.019607844 -36
4 704.84735 274.85684 0.019607844 -53
5 640.02136 290.9289 0.019607844 -69
6 577.9423 299.98108 0.019607844 -102
7 522.1263 307.69653 0.019607844 -119
8 482.80298 314.31454 0.019607844 -135
9 450.34256 322.10602 0.019607844 -152
10 418.45786 330.87186 0.019607844 -168
11 400.19574 337.39774 0.019607844 -185
12 387.62485 344.25854 0.019607844 -201
13 365.10107 400.3471 0.019607844 -218
14 359.55182 453.72333 0.019607844 -251
15 358.8367 560.01105 0.019607844 -267
16 360.66605 768.97156 0.019607844 -284
17 360.66605 799.58356 0.019607844 -317
18 356.66974 847.55853 0.019607844 -322
0 763.2933 416.78293 0.019607844 -7
1 760.904 415.5878 0.019607844 -7
2 754.193 413.75732 0.019607844 -39
3 713.38275 411.95313 0.019607844 -55
4 654.3941 407.7876 0.01764706 -72
5 654.3941 407.7876 0.01764706 -82
6 335.68918 388.7975 0.01764706 -128
7 293.83374 386.12186 0.019607844 -128
8 250.0775 384.38858 0.019607844 -154
9 225.44525 389.85016 0.019607844 -171
10 209.73068 397.5097 0.019607844 -187
11 207.80759 398.7923 0.01764706 -204
12 207.80759 398.7923 0.01764706 -206
0 722.3312 386.79852 0.019607844 0
1 722.3312 386.79852 0.021568628 0
2 722.3312 386.79852 0.019607844 -38
3 722.3312 386.79852 0.019607844 -54
4 719.334 385.79904 0.01764706 -55
5 651.39685 386.79852 0.01764706 -90
6 415.53217 393.2631 0.019607844 -90
7 341.3958 398.43048 0.019607844 -137
8 302.847 400.9672 0.019607844 -154
9 283.87268 402.6767 0.019607844 -170
10 273.41684 405.95355 0.019607844 -187
11 266.4975 413.35437 0.019607844 -203
12 259.31302 451.34 0.01764706 -220
13 267.31537 542.9089 0.019607844 -236
14 274.82083 635.64056 0.019607844 -253
15 274.23398 721.29803 0.019607844 -269
16 270.1727 806.85364 0.019607844 -286
17 256.24756 950.19214 0.019607844 -302
18 255.76318 953.50336 0.019607844 -335
19 253.76503 981.4888 0.019607844 -336
0 758.29785 351.81674 0.021568628 -7
1 758.29785 351.81674 0.021568628 -7
2 758.29785 351.81674 0.019607844 -39
3 758.29785 351.81674 0.019607844 -55
4 636.4107 385.79904 0.019607844 -107
5 501.5091 422.0503 0.019607844 -107
6 390.0604 444.4658 0.019607844 -138
7 359.1561 448.50125 0.019607844 -171
8 344.3304 451.84262 0.019607844 -187
9 336.21872 453.38132 0.019607844 -204
10 328.89606 455.21274 0.019607844 -220
11 324.1727 460.34167 0.019607844 -237
12 311.47864 561.736 0.019607844 -253
13 312.71045 730.9561 0.019607844 -286
14 309.5171 818.9968 0.019607844 -319
15 306.69513 910.1113 0.019607844 -336
16 306.69513 910.1113 0.019607844 -352
0 688.3626 466.7569 0.021568628 -9
1 688.3626 466.7569 0.021568628 -9
2 688.3626 466.7569 0.021568628 -25
3 688.3626 466.7569 0.019607844 -42
4 688.3626 466.7569 0.019607844 -58
5 685.3654 464.75793 0.019607844 -66
6 626.42 451.7647 0.019607844 -109
7 474.21005 444.76834 0.019607844 -109
8 421.64798 447.9176 0.019607844 -157
9 361.14185 454.2039 0.019607844 -174
10 326.40094 460.94742 0.019607844 -190
11 300.40894 465.19943 0.019607844 -207
12 283.34244 465.75742 0.019607844 -223
13 267.15826 466.7569 0.019607844 -240
14 257.87305 477.52765 0.019607844 -273
15 252.62463 489.40845 0.019607844 -306
16 243.29056 554.5213 0.019607844 -322
17 239.77798 603.6572 0.019607844 -355
18 238.38972 651.1789 0.019607844 -372
19 237.77983 697.6625 0.019607844 -388
20 240.61562 741.9976 0.019607844 -405
21 246.3609 795.5307 0.019607844 -422
22 252.76596 824.5705 0.019607844 -455
23 254.76411 834.5653 0.019607844 -476
0 680.37006 362.81104 0.019607844 -9
1 679.82275 362.2635 0.021568628 -9
2 678.0808 360.5209 0.019607844 -33
3 665.56433 357.81363 0.019607844 -50
4 611.38556 360.617 0.019607844 -83
5 537.4265 365.76086 0.019607844 -116
6 497.4104 370.18918 0.019607844 -149
7 448.87726 376.06677 0.019607844 -166
8 426.10403 377.6784 0.019607844 -199
9 392.42493 383.04626 0.019607844 -215
10 361.83963 391.0373 0.019607844 -248
11 336.21143 395.6197 0.019607844 -281
12 320.406 410.8617 0.019607844 -314
13 314.40146 446.3295 0.019607844 -347
14 322.38312 578.9324 0.019607844 -364
15 333.08722 700.8532 0.019607844 -380
16 340.6807 828.5006 0.019607844 -397
17 346.35995 970.998 0.019607844 -413
18 346.35995 970.998 0.019607844 -430
0 516.5217 1160.3956 0.01764706 -214
1 509.49234 1161.8336 0.019607844 -214
2 443.72327 1180.0732 0.019607844 -230
3 367.34348 1194.3756 0.021568628 -263
4 325.7949 1200.7991 0.021568628 -297
5 307.12473 1202.423 0.021568628 -313
6 291.68338 1204.7817 0.021568628 -330
7 275.97296 1208.2087 0.023529414 -346
8 264.96207 1210.6337 0.023529414 -363
9 256.4478 1214.025 0.023529414 -379
10 251.67009 1218.0109 0.023529414 -396
11 248.23299 1226.9725 0.021568628 -412
12 244.57692 1258.3108 0.021568628 -429
13 239.17058 1332.7323 0.021568628 -445
14 234.83682 1383.4396 0.019607844 -462
15 228.14763 1428.5128 0.019607844 -478
16 217.7875 1490.2996 0.019607844 -495
17 213.14616 1515.1497 0.019607844 -528
18 209.53085 1537.4875 0.019607844 -544
19 207.35928 1557.5734 0.019607844 -561
20 205.80943 1608.5264 0.019607844 -577
21 205.80943 1652.8604 0.019607844 -610
22 207.53339 1687.1809 0.019607844 -627
23 208.80666 1712.1975 0.019607844 -643
24 208.80666 1727.1005 0.019607844 -660
25 208.80666 1732.0978 0.01764706 -672
0 652.39594 1167.392 0.01764706 -101
1 651.7014 1167.392 0.019607844 -101
2 627.6267 1174.6522 0.019607844 -123
3 592.7756 1183.4016 0.019607844 -156
4 547.9694 1189.4386 0.019607844 -172
5 496.54584 1192.5784 0.019607844 -189
6 434.39438 1193.3784 0.019607844 -205
7 354.6289 1192.3789 0.019607844 -222
8 334.79083 1190.48 0.019607844 -255
9 321.14554 1190.38 0.019607844 -271
10 312.28882 1190.38 0.019607844 -288
11 303.94824 1213.2338 0.019607844 -304
12 303.71878 1217.366 0.01764706 -337
13 303.71878 1217.366 0.01764706 -340
0 1018.0574 813.57623 0.019607844 -63
1 1001.55914 814.61523 0.019607844 -63
2 964.9837 818.0452 0.019607844 -81
3 923.5744 822.268 0.019607844 -98
4 885.25714 826.229 0.019607844 -115
5 853.9273 825.4946 0.019607844 -131
6 822.5873 825.57 0.019607844 -148
7 769.0801 825.799 0.019607844 -164
8 746.59406 825.57 0.019607844 -197
9 712.6535 828.90405 0.021568628 -214
10 702.0971 829.56793 0.021568628 -247
11 693.1817 831.9588 0.021568628 -263
12 684.6114 835.26685 0.021568628 -280
13 672.37744 850.557 0.019607844 -296
14 664.3848 910.52576 0.019607844 -321
15 646.4015 1098.4279 0.019607844 -356
16 640.9965 1240.3118 0.019607844 -356
17 652.39594 1413.2639 0.019607844 -379
18 655.3932 1443.2483 0.019607844 -411
0 730.3238 418.78186 0.021568628 -8
1 726.2138 418.78186 0.019607844 -8
2 724.215 417.7824 0.019607844 -31
3 722.47 416.78293 0.019607844 -47
4 720.0094 416.78293 0.019607844 -64
5 690.8767 418.89594 0.019607844 -80
6 604.20856 421.1563 0.019607844 -113
7 561.7265 422.20413 0.019607844 -146
8 530.25757 420.66238 0.019607844 -163
9 495.49417 421.6157 0.019607844 -179
10 465.50342 420.78082 0.019607844 -196
11 438.98227 423.23096 0.019607844 -212
12 414.96756 425.7512 0.019607844 -229
13 389.25604 430.72256 0.019607844 -245
14 352.589 440.79858 0.019607844 -262
15 342.3457 453.54684 0.019607844 -295
16 325.2163 506.63156 0.019607844 -311
17 318.66473 563.38965 0.019607844 -344
18 314.70862 633.6699 0.019607844 -360
19 315.70767 681.64496 0.019607844 -369
0 726.32745 441.7699 0.019607844 -17
1 726.32745 441.7699 0.019607844 -17
2 726.32745 441.7699 0.019607844 -40
3 710.12 437.15005 0.019607844 -57
4 688.8443 435.42566 0.019607844 -90
5 658.5614 435.773 0.019607844 -106
6 617.32275 436.3662 0.019607844 -123
7 581.2867 437.28018 0.019607844 -139
8 548.73596 438.98 0.019607844 -156
9 519.0186 442.71396 0.019607844 -172
10 465.088 451.42224 0.019607844 -189
11 420.17212 457.0818 0.019607844 -205
12 356.4205 471.20447 0.019607844 -222
13 323.4374 486.64874 0.019607844 -255
14 314.70862 497.74075 0.019607844 -288
15 311.71136 522.7277 0.019607844 -305
