0 736.31824 440.77042 0.021568628 0
1 736.31824 440.77042 0.023529414 -9
2 736.31824 440.77042 0.023529414 -47
3 736.31824 440.77042 0.023529414 -80
4 736.31824 440.77042 0.023529414 -114
5 730.32385 440.77042 0.023529414 -147
6 707.4117 439.77094 0.023529414 -178
7 663.2729 437.8311 0.023529414 -213
8 642.90466 436.27277 0.023529414 -246
9 585.58307 432.16916 0.023529414 -262
10 537.96716 426.1889 0.023529414 -296
11 511.08527 422.87283 0.023529414 -329
12 497.32663 422.7798 0.023529414 -362
13 490.86472 422.7798 0.023529414 -395
14 487.09262 422.7798 0.023529414 -428
15 489.7436 496.31784 0.023529414 -461
16 492.54395 582.1329 0.023529414 -511
17 496.04056 673.14575 0.023529414 -544
18 494.54208 713.6138 0.023529414 -577
19 495.54117 736.78577 0.019607844 -610
20 494.54208 739.61475 0.019607844 -643
21 494.54208 739.61475 0.019607844 -652
0 746.30896 372.80582 0.019607844 -11
1 746.30896 372.80582 0.019607844 -11
2 734.3611 372.80582 0.023529414 -42
3 714.33856 376.80374 0.023529414 -75
4 710.3423 425.77823 0.03137255 -91
5 714.33856 550.71313 0.023529414 -133
6 697.80383 574.1164 0.023529414 -133
7 657.89087 593.19104 0.023529414 -158
8 616.9057 602.9133 0.023529414 -190
9 594.57935 606.4581 0.023529414 -224
10 583.466 606.684 0.023529414 -257
11 578.2922 606.684 0.023529414 -290
12 572.8988 620.2451 0.023529414 -323
13 567.9741 651.1609 0.023529414 -356
14 562.4792 703.6335 0.023529414 -388
15 559.1078 752.97424 0.023529414 -425
16 553.9793 816.65173 0.023529414 -439
17 553.4875 830.058 0.023529414 -472
18 552.48846 842.63293 0.023529414 -489
19 555.48566 847.55853 0.019607844 -522
20 555.48566 848.55804 0.01764706 -546
0 867.197 782.5924 0.021568628 -21
1 864.2869 782.5924 0.023529414 -21
2 855.75665 783.40894 0.023529414 -44
3 832.5295 788.12946 0.023529414 -77
4 790.3026 796.2946 0.023529414 -110
5 728.75714 802.46045 0.023529414 -143
6 667.36115 806.6862 0.023529414 -176
7 619.60547 811.01587 0.023529414 -209
8 586.8986 814.22705 0.023529414 -242
9 570.9763 815.5752 0.023529414 -275
10 563.3524 817.57416 0.023529414 -309
11 556.95764 824.36066 0.023529414 -342
12 549.4249 864.3458 0.023529414 -375
13 543.66504 934.6387 0.023529414 -408
14 537.3382 1022.4102 0.023529414 -441
15 530.54486 1090.1431 0.023529414 -474
16 527.5116 1129.2162 0.023529414 -507
17 525.5134 1149.7139 0.023529414 -540
18 525.5134 1153.3993 0.021568628 -573
19 525.5134 1154.3987 0.01764706 -590
0 926.14246 561.70746 0.019607844 -35
1 918.6494 560.2082 0.019607844 -35
2 897.38727 560.70795 0.019607844 -58
3 852.81805 560.70795 0.019607844 -92
4 807.06366 560.70795 0.019607844 -125
5 696.29126 562.7069 0.019607844 -158
6 632.34015 567.7096 0.019607844 -208
7 591.99 577.4378 0.023529414 -241
8 575.28705 580.2879 0.023529414 -274
9 565.3368 584.26556 0.023529414 -307
10 558.98755 587.44147 0.023529414 -340
11 556.48474 596.3785 0.019607844 -373
12 547.8549 678.08356 0.019607844 -406
13 546.49396 755.1067 0.019607844 -440
14 548.0516 873.752 0.019607844 -471
15 548.66455 983.55414 0.021568628 -506
16 549.4912 1012.05035 0.019607844 -539
17 552.48846 1024.4664 0.019607844 -572
18 552.48846 1025.4658 0.019607844 -602
0 932.1369 775.596 0.019607844 -17
1 931.1962 774.655 0.021568628 -17
2 918.6494 774.59656 0.021568628 -42
3 889.9195 774.59656 0.021568628 -75
4 809.61597 776.5197 0.021568628 -109
5 747.48584 784.8734 0.021568628 -159
6 682.8677 789.089 0.021568628 -192
7 639.5898 791.5877 0.021568628 -224
8 607.6188 792.58716 0.021568628 -258
9 594.5455 792.58716 0.021568628 -291
10 587.561 792.58716 0.021568628 -325
11 582.6257 793.8648 0.021568628 -358
12 579.67584 793.5867 0.021568628 -374
13 576.4663 795.0858 0.021568628 -391
14 573.0839 803.54504 0.021568628 -407
15 568.2295 825.6029 0.023529414 -424
16 563.2024 856.6363 0.021568628 -441
17 557.4838 926.5174 0.021568628 -457
18 555.48566 968.49554 0.023529414 -483
19 553.4875 1035.4607 0.023529414 -512
20 549.6417 1126.3883 0.023529414 -512
21 546.494 1177.3867 0.021568628 -540
22 545.49493 1192.3789 0.023529414 -561
23 544.49585 1204.3727 0.023529414 -580
24 544.49585 1237.3555 0.021568628 -580
25 544.49585 1238.355 0.019607844 -645
0 897.1693 558.709 0.019607844 -15
1 897.1693 558.709 0.019607844 -15
2 893.1888 558.709 0.019607844 -48
3 869.6435 558.709 0.019607844 -81
4 824.4225 558.709 0.019607844 -114
5 771.95776 559.7085 0.019607844 -148
6 702.1161 565.0861 0.019607844 -181
7 611.43384 572.7017 0.019607844 -214
8 578.81067 577.0341 0.019607844 -247
9 559.2848 581.83075 0.021568628 -280
10 551.46 585.7096 0.021568628 -313
11 546.21375 586.9748 0.021568628 -346
12 543.49677 592.34595 0.019607844 -379
13 537.9445 622.6101 0.019607844 -412
14 533.84827 693.8927 0.019607844 -445
15 523.36395 813.0 0.019607844 -479
16 522.90393 878.21387 0.019607844 -512
17 520.51807 939.7876 0.019607844 -545
18 520.51807 957.32434 0.019607844 -578
19 521.5171 961.4992 0.019607844 -611
20 520.51807 961.4992 0.019607844 -631
0 889.1767 751.6085 0.019607844 -9
1 889.1767 751.6085 0.019607844 -19
2 882.34717 751.6085 0.021568628 -43
3 853.86127 755.91064 0.021568628 -76
4 815.7446 761.1035 0.021568628 -109
5 750.5097 765.60126 0.021568628 -141
6 683.72363 766.6007 0.021568628 -175
7 630.58875 769.70654 0.021568628 -208
8 590.4528 769.9323 0.021568628 -241
9 567.518 770.59863 0.021568628 -274
10 552.81744 770.59863 0.021568628 -307
11 546.6185 771.5981 0.021568628 -340
12 538.97815 780.29065 0.021568628 -373
13 529.43335 803.81067 0.021568628 -407
14 517.00244 889.76306 0.021568628 -440
15 510.536 996.35425 0.021568628 -473
16 506.8221 1083.0021 0.021568628 -506
17 500.71982 1129.5771 0.019607844 -539
18 498.5384 1151.346 0.021568628 -572
19 498.5384 1159.2151 0.021568628 -605
20 498.5384 1160.3956 0.019607844 -638
21 498.5384 1160.3956 0.019607844 -648
0 903.16376 773.59705 0.019607844 -8
1 903.16376 773.59705 0.021568628 -8
2 903.16376 773.59705 0.021568628 -33
3 903.16376 773.59705 0.021568628 -49
4 893.81213 773.59705 0.021568628 -66
5 868.3684 776.57983 0.021568628 -99
6 821.4573 786.3043 0.021568628 -132
7 760.2755 794.13367 0.019607844 -165
8 688.3342 798.58545 0.019607844 -198
9 631.25714 801.82806 0.019607844 -231
10 593.3197 802.582 0.019607844 -264
11 572.13153 803.5814 0.019607844 -298
12 561.36926 803.5814 0.021568628 -331
13 554.5312 805.05835 0.021568628 -364
14 545.64435 822.58276 0.021568628 -397
15 531.9675 875.2439 0.019607844 -430
16 519.1906 965.46576 0.021568628 -463
17 511.95856 1050.0457 0.021568628 -496
18 507.3556 1132.3792 0.021568628 -529
19 506.531 1171.3925 0.021568628 -563
20 506.531 1187.469 0.021568628 -596
21 506.531 1193.0201 0.021568628 -629
22 506.531 1194.3779 0.019607844 -662
23 505.53192 1195.3773 0.019607844 -673
0 890.1758 756.6059 0.019607844 -6
1 890.1758 756.6059 0.019607844 -16
2 888.9644 755.3941 0.019607844 -38
3 879.8191 755.60645 0.021568628 -75
4 858.54517 755.60645 0.021568628 -108
5 819.7076 757.24115 0.021568628 -141
6 771.61365 759.65234 0.021568628 -175
7 710.8519 763.88275 0.021568628 -208
8 654.9195 767.3485 0.021568628 -241
9 604.2137 770.59863 0.021568628 -274
10 590.10785 770.59863 0.021568628 -324
11 584.01056 770.59863 0.021568628 -357
12 575.4661 778.9294 0.019607844 -391
13 566.2367 805.3772 0.021568628 -424
14 554.2365 896.03644 0.021568628 -457
15 544.5538 1047.2183 0.019607844 -490
16 540.1222 1165.4784 0.021568628 -524
17 534.45917 1271.8656 0.021568628 -557
18 529.851 1324.8937 0.019607844 -590
19 526.5125 1347.7174 0.021568628 -624
20 526.5125 1354.4336 0.019607844 -657
21 526.5125 1354.2946 0.019607844 -690
22 526.5125 1354.2946 0.019607844 -697
0 927.14154 753.6075 0.019607844 -7
1 927.14154 753.6075 0.019607844 -17
2 927.14154 753.6075 0.019607844 -42
3 895.62573 753.6075 0.021568628 -84
4 853.8521 756.63336 0.021568628 -134
5 791.7312 761.94916 0.021568628 -167
6 732.4749 768.86334 0.021568628 -200
7 677.62067 773.65485 0.021568628 -233
8 643.3087 776.9049 0.021568628 -267
9 624.0192 778.5945 0.021568628 -300
10 613.49316 779.59393 0.021568628 -333
11 607.9382 782.09155 0.019607844 -366
12 599.9445 793.0869 0.021568628 -399
13 588.5801 841.8111 0.021568628 -431
14 580.1239 946.5912 0.021568628 -466
15 573.7322 1075.5364 0.021568628 -499
16 567.8426 1159.3965 0.021568628 -532
17 563.7141 1213.5349 0.021568628 -565
18 561.4801 1238.9719 0.021568628 -599
19 561.4801 1248.348 0.021568628 -632
20 561.4801 1251.3483 0.019607844 -665
21 560.481 1251.3483 0.01764706 -682
0 896.1702 703.6335 0.019607844 -6
1 896.1702 703.6335 0.021568628 -17
2 893.75 703.6335 0.021568628 -32
3 879.2609 709.2722 0.021568628 -79
4 846.87146 723.1611 0.019607844 -113
5 789.62146 738.9812 0.019607844 -147
6 728.0284 746.5935 0.019607844 -180
7 681.28564 750.61456 0.021568628 -214
8 642.8916 751.72485 0.021568628 -239
9 615.9249 753.96515 0.021568628 -272
10 602.37585 753.6075 0.021568628 -305
11 595.6776 753.6075 0.021568628 -338
12 591.0032 756.05585 0.021568628 -371
13 582.32733 775.61865 0.021568628 -404
14 569.8862 841.6299 0.021568628 -437
15 561.1487 964.1138 0.021568628 -470
16 557.8365 1085.0796 0.019607844 -503
17 557.4838 1182.2924 0.019607844 -536
18 556.7909 1242.4497 0.021568628 -570
19 553.2887 1271.3326 0.021568628 -603
20 553.4875 1281.0299 0.021568628 -636
21 553.4875 1283.3315 0.019607844 -669
22 553.4875 1284.331 0.019607844 -687
0 867.197 742.6132 0.019607844 -9
1 867.197 742.6132 0.019607844 -19
2 867.197 742.6132 0.019607844 -36
3 858.3996 742.6132 0.019607844 -83
4 835.15967 745.6228 0.019607844 -116
5 791.0535 750.18066 0.021568628 -149
6 735.90875 758.6531 0.021568628 -182
7 705.3292 764.105 0.021568628 -215
8 620.7519 773.2644 0.021568628 -232
9 570.6822 779.2257 0.021568628 -282
10 555.9985 782.4641 0.021568628 -331
11 547.2258 784.5914 0.021568628 -364
12 539.2432 788.4277 0.019607844 -398
13 528.6174 802.645 0.021568628 -431
14 513.2123 868.04803 0.019607844 -464
15 503.4928 962.0116 0.019607844 -497
16 498.5384 1083.0978 0.019607844 -530
17 498.5384 1193.1674 0.021568628 -563
18 499.53748 1250.8885 0.019607844 -596
19 499.53748 1271.1146 0.019607844 -629
20 499.53748 1278.6447 0.019607844 -662
21 499.53748 1278.6447 0.019607844 -695
0 867.197 788.58923 0.021568628 -8
1 867.197 788.58923 0.021568628 -8
2 867.197 788.58923 0.021568628 -32
3 867.197 788.58923 0.021568628 -65
4 850.9712 787.00775 0.021568628 -99
5 808.9583 790.4468 0.021568628 -148
6 746.4344 794.8909 0.019607844 -181
7 695.547 800.2587 0.019607844 -214
8 637.3249 803.58673 0.019607844 -247
9 597.07086 805.9449 0.019607844 -281
10 572.61865 806.5799 0.019607844 -314
11 558.6976 806.5799 0.019607844 -347
12 550.8791 806.5799 0.019607844 -380
13 547.86865 807.82733 0.021568628 -413
14 541.3715 829.2041 0.019607844 -446
15 537.74475 853.7355 0.021568628 -479
16 535.26575 903.0124 0.021568628 -496
17 532.50696 1002.4551 0.021568628 -512
18 531.5079 1132.5964 0.019607844 -545
19 529.23596 1223.1168 0.021568628 -578
20 526.71735 1273.0819 0.019607844 -612
21 526.5125 1294.9736 0.021568628 -645
22 526.5125 1299.3232 0.019607844 -678
23 526.5125 1299.3232 0.01764706 -711
0 900.1665 750.609 0.019607844 -5
1 898.14655 750.609 0.019607844 -5
2 882.38385 753.97845 0.021568628 -72
3 848.7958 761.6793 0.021568628 -105
4 789.26514 772.3126 0.021568628 -138
5 728.44604 779.5193 0.021568628 -171
6 668.9792 791.2681 0.019607844 -204
7 626.1622 799.903 0.019607844 -237
8 597.75696 803.5814 0.019607844 -271
9 590.7584 803.5814 0.019607844 -320
10 586.37335 803.5814 0.021568628 -353
11 581.7733 807.2676 0.021568628 -386
12 574.4681 843.0609 0.021568628 -419
13 571.4709 884.5393 0.021568628 -449
14 570.4718 911.5252 0.021568628 -463
15 569.4727 966.4966 0.021568628 -492
16 568.47363 996.48096 0.021568628 -492
17 568.47363 1021.46796 0.021568628 -512
18 567.47455 1091.4315 0.021568628 -512
19 567.47455 1116.4185 0.019607844 -530
20 566.47546 1137.4076 0.021568628 -549
21 558.4829 1242.0856 0.021568628 -549
22 558.4829 1243.3524 0.021568628 -651
23 558.4829 1244.3519 0.021568628 -660
0 888.1776 766.6007 0.021568628 -28
1 888.1776 766.6007 0.021568628 -28
2 886.40625 766.6007 0.021568628 -67
3 864.5891 770.0502 0.021568628 -100
4 847.195 771.7001 0.021568628 -134
5 800.2909 777.6402 0.021568628 -150
6 746.41797 787.8124 0.019607844 -183
7 689.63 796.92633 0.019607844 -216
8 655.8927 802.58203 0.019607844 -249
9 621.75543 806.38983 0.019607844 -282
10 605.39417 807.57935 0.021568628 -316
11 596.83606 807.57935 0.021568628 -349
12 592.71356 807.57935 0.021568628 -382
13 587.44104 812.5993 0.021568628 -415
14 578.22174 845.77374 0.021568628 -448
15 578.22174 845.77374 0.021568628 -481
16 572.4699 894.53406 0.021568628 -507
17 570.4718 914.5237 0.021568628 -507
18 568.47363 955.5023 0.021568628 -515
19 567.47455 987.48566 0.019607844 -536
20 563.4783 1090.432 0.021568628 -536
21 562.4792 1126.4133 0.021568628 -573
22 562.4792 1149.4014 0.021568628 -591
23 561.4801 1166.3925 0.021568628 -591
24 560.481 1195.3773 0.019607844 -619
25 557.4838 1232.3582 0.019607844 -619
26 557.4838 1232.3582 0.01764706 -701
0 897.1693 759.6044 0.019607844 -24
1 897.1693 759.6044 0.021568628 -24
2 894.1045 759.6044 0.021568628 -65
3 884.54596 762.0119 0.021568628 -98
4 859.0357 769.41455 0.021568628 -132
5 814.9234 781.83856 0.019607844 -165
6 764.4933 794.73126 0.019607844 -198
7 712.3921 802.44183 0.019607844 -231
8 669.2495 806.7735 0.019607844 -264
9 655.4786 807.4588 0.019607844 -297
10 631.2028 809.5783 0.019607844 -314
11 622.2429 809.5783 0.021568628 -347
12 610.1881 809.5783 0.021568628 -363
13 602.77747 810.90985 0.021568628 -396
14 601.4431 811.5773 0.021568628 -429
15 598.44586 813.57623 0.021568628 -437
16 586.457 834.5653 0.021568628 -475
17 582.4607 845.5596 0.021568628 -475
18 578.4644 858.5528 0.021568628 -486
19 564.47736 961.4992 0.021568628 -534
20 563.4783 990.4841 0.019607844 -534
21 562.4792 1017.47003 0.021568628 -553
22 562.4792 1041.4575 0.021568628 -553
23 561.4801 1131.4106 0.021568628 -591
24 561.4801 1149.4014 0.021568628 -591
25 561.4801 1164.3936 0.021568628 -601
26 561.4801 1191.3795 0.019607844 -628
27 561.4801 1216.3369 0.019607844 -628
28 561.4801 1219.3649 0.019607844 -678
29 561.4801 1220.3644 0.019607844 -701
0 914.15356 778.5945 0.021568628 -35
1 914.15356 778.5945 0.021568628 -35
2 912.98303 778.5945 0.021568628 -49
3 908.06555 778.5945 0.021568628 -82
4 896.85614 778.5945 0.021568628 -98
5 882.3122 778.5945 0.021568628 -115
6 864.8184 778.5945 0.021568628 -132
7 843.3905 778.5945 0.021568628 -148
8 811.9807 778.01556 0.021568628 -165
9 758.4777 777.595 0.021568628 -181
10 697.7933 777.595 0.021568628 -214
11 642.50525 777.595 0.021568628 -247
12 622.9232 777.595 0.021568628 -297
13 610.8425 785.4549 0.019607844 -329
14 603.0632 788.7784 0.019607844 -363
15 592.4937 805.4536 0.021568628 -396
16 584.45886 837.5637 0.021568628 -429
17 583.4598 855.5544 0.021568628 -452
18 580.4625 896.533 0.021568628 -480
19 578.4644 936.5122 0.021568628 -480
20 578.4644 965.49713 0.021568628 -499
21 577.46533 994.482 0.019607844 -499
22 577.46533 1018.46954 0.021568628 -518
23 577.46533 1047.4545 0.019607844 -518
24 577.46533 1066.4446 0.019607844 -536
25 577.46533 1086.4341 0.021568628 -536
26 576.46625 1133.4097 0.019607844 -564
27 576.46625 1148.4019 0.021568628 -564
28 576.46625 1160.3956 0.021568628 -573
29 576.46625 1182.3842 0.021568628 -610
30 574.4681 1208.3706 0.019607844 -610
31 574.4681 1210.3696 0.019607844 -664
0 882.18317 553.7116 0.019607844 -9
1 882.18317 553.7116 0.019607844 -9
2 881.34576 553.7116 0.019607844 -67
3 858.94055 553.7116 0.019607844 -100
4 825.56464 555.97754 0.019607844 -133
5 775.78174 555.7106 0.019607844 -166
6 716.1255 556.71 0.019607844 -198
7 665.2379 556.71 0.019607844 -232
8 643.5339 556.71 0.019607844 -265
9 632.472 556.71 0.019607844 -298
10 625.5492 556.71 0.019607844 -332
11 619.8075 556.71 0.019607844 -365
12 608.43665 573.7012 0.019607844 -398
13 566.47546 565.7053 0.025490198 -423
14 401.6281 506.73605 0.019607844 -453
15 401.6281 506.73605 0.019607844 -453
16 408.62164 548.7142 0.019607844 -482
17 404.62534 576.69965 0.019607844 -482
18 404.62534 576.69965 0.019607844 -510
19 580.4625 861.5513 0.019607844 -530
20 556.48474 843.5606 0.025490198 -530
21 466.568 787.5898 0.019607844 -558
22 466.568 787.5898 0.019607844 -558
23 584.45886 977.49084 0.019607844 -595
24 584.45886 977.49084 0.019607844 -595
25 581.4616 973.4929 0.021568628 -679
0 892.1739 496.74127 0.019607844 -18
1 892.1739 499.026 0.019607844 -18
2 887.2084 511.2188 0.019607844 -59
3 861.5535 522.12744 0.019607844 -92
4 820.2184 537.7784 0.019607844 -125
5 757.2134 546.8358 0.019607844 -158
6 711.63275 552.6856 0.019607844 -191
7 658.6287 555.99976 0.019607844 -224
8 636.6261 556.2509 0.019607844 -257
9 620.9962 556.71 0.019607844 -291
10 617.4283 556.71 0.019607844 -324
11 617.4283 556.71 0.019607844 -334
12 591.4524 562.7069 0.019607844 -414
13 585.5095 578.245 0.019607844 -414
14 584.45886 580.6975 0.019607844 -439
15 551.4894 571.7022 0.025490198 -443
16 396.63275 503.7376 0.019607844 -472
17 395.63367 503.7376 0.019607844 -472
18 395.63367 503.7376 0.019607844 -482
19 583.4598 785.5908 0.019607844 -510
20 582.4607 786.5903 0.019607844 -510
21 556.48474 801.5825 0.025490198 -538
22 556.48474 801.5825 0.025490198 -538
23 576.46625 927.5169 0.019607844 -557
24 576.46625 927.5169 0.019607844 -557
25 577.46533 985.4867 0.019607844 -577
26 577.46533 985.4867 0.019607844 -577
27 554.4866 967.4961 0.025490198 -586
28 464.56985 900.53094 0.019607844 -622
29 436.59573 880.5414 0.01764706 -622
30 436.59573 880.5414 0.01764706 -667
0 904.16284 768.5997 0.021568628 -107
1 902.1647 768.5997 0.021568628 -107
2 897.1693 768.5997 0.021568628 -135
3 875.55707 771.36145 0.021568628 -135
4 836.2107 772.7525 0.021568628 -161
5 775.51605 775.30536 0.021568628 -194
6 720.58923 777.8128 0.021568628 -227
7 665.45135 790.7005 0.019607844 -260
8 631.8725 795.4035 0.019607844 -293
9 614.0584 796.5851 0.019607844 -326
10 604.2381 796.5851 0.019607844 -359
11 599.56287 796.5851 0.019607844 -392
12 595.1309 796.5851 0.019607844 -425
13 591.4524 797.5846 0.019607844 -458
14 589.4542 803.5814 0.021568628 -486
15 583.4598 827.569 0.019607844 -514
16 581.4616 840.5622 0.021568628 -514
17 580.4625 855.5544 0.021568628 -524
18 576.46625 944.50806 0.019607844 -563
19 576.46625 969.49506 0.021568628 -563
20 576.46625 1092.431 0.021568628 -610
21 575.46716 1136.4081 0.019607844 -610
22 575.46716 1153.3993 0.021568628 -628
23 575.46716 1182.3842 0.019607844 -656
24 572.4699 1216.3665 0.019607844 -656
25 572.4699 1217.366 0.01764706 -728
0 873.19147 709.6304 0.019607844 -5
1 873.19147 709.6304 0.019607844 -5
2 873.19147 709.6304 0.019607844 -38
3 860.67993 710.38385 0.021568628 -71
4 829.97455 716.0784 0.021568628 -105
5 784.2027 729.1615 0.019607844 -138
6 723.5308 738.8551 0.019607844 -171
7 669.5162 746.52637 0.019607844 -204
8 629.9378 750.35706 0.019607844 -237
9 606.12213 751.6085 0.019607844 -270
10 594.5819 752.608 0.019607844 -303
11 590.3557 752.608 0.019607844 -336
12 586.2015 752.608 0.021568628 -353
13 584.45886 752.608 0.021568628 -386
14 583.4598 753.6075 0.021568628 -402
15 574.4681 774.59656 0.019607844 -442
16 570.2976 786.2878 0.021568628 -442
17 555.70844 854.44025 0.019607844 -452
18 544.5439 902.2896 0.021568628 -485
19 537.8257 944.80853 0.019607844 -502
20 534.50507 986.4862 0.019607844 -518
21 530.5088 1012.47266 0.021568628 -529
22 527.5116 1057.4492 0.019607844 -558
23 525.5134 1075.4398 0.019607844 -558
24 524.51434 1089.4326 0.021568628 -567
25 522.5162 1119.417 0.019607844 -596
26 521.5171 1151.955 0.019607844 -596
27 521.5171 1152.3998 0.019607844 -667
28 521.5171 1153.3993 0.019607844 -672
0 835.2266 494.7423 0.019607844 -8
1 836.2257 494.7423 0.019607844 -8
2 831.6081 494.7423 0.019607844 -39
3 816.4315 494.7423 0.019607844 -72
4 812.2479 494.7423 0.019607844 -106
5 812.2479 494.7423 0.019607844 -112
6 734.32007 499.73972 0.019607844 -141
7 732.3219 499.73972 0.019607844 -141
8 732.3219 499.73972 0.019607844 -151
9 667.3821 499.73972 0.019607844 -180
10 667.3821 499.73972 0.019607844 -180
11 667.3821 499.73972 0.019607844 -190
12 603.4413 500.7392 0.019607844 -220
13 581.0998 522.0902 0.019607844 -220
14 574.24066 525.3402 0.019607844 -304
15 569.58545 527.61237 0.021568628 -337
16 564.17426 527.72516 0.021568628 -370
17 559.00226 533.68225 0.019607844 -403
18 550.4903 557.70953 0.019607844 -436
19 518.5199 555.7106 0.025490198 -450
20 527.5116 613.68036 0.019607844 -478
21 541.71674 705.4816 0.019607844 -478
22 551.70935 811.19196 0.019607844 -503
23 553.4875 863.55023 0.019607844 -536
24 533.50604 868.5476 0.027450982 -553
25 540.4995 925.51794 0.019607844 -581
26 544.3423 963.0373 0.019607844 -581
27 546.494 969.94745 0.019607844 -635
28 546.494 970.4945 0.019607844 -668
29 545.49493 970.4945 0.019607844 -673
0 827.2341 546.7152 0.021568628 -6
1 827.2341 546.7152 0.021568628 -6
2 827.2341 546.7152 0.019607844 -38
3 823.70703 546.7152 0.019607844 -71
4 795.5547 549.4592 0.019607844 -104
5 746.53217 553.89136 0.019607844 -137
6 702.53015 557.1574 0.019607844 -170
7 652.39594 558.709 0.019607844 -204
8 652.39594 558.709 0.019607844 -230
9 556.48474 560.70795 0.019607844 -259
10 556.48474 560.70795 0.019607844 -259
11 553.81714 560.70795 0.019607844 -303
12 552.48846 560.70795 0.019607844 -336
13 552.48846 560.70795 0.019607844 -349
14 540.4995 564.7059 0.019607844 -379
15 540.4995 564.7059 0.019607844 -379
16 540.4995 564.7059 0.019607844 -400
17 537.5023 562.7069 0.019607844 -440
18 534.50507 568.7038 0.019607844 -440
19 503.53375 562.7069 0.025490198 -449
20 399.62997 529.72406 0.01764706 -488
21 383.64478 542.71735 0.019607844 -488
22 383.64478 542.71735 0.019607844 -507
23 357.66882 624.6746 0.019607844 -536
24 357.66882 624.6746 0.019607844 -536
25 357.66882 624.6746 0.019607844 -545
26 508.52914 860.55176 0.019607844 -592
27 511.52637 902.5299 0.019607844 -592
28 510.52728 901.53046 0.023529414 -668
0 814.2461 516.73083 0.019607844 -8
1 816.87836 519.3642 0.021568628 -8
2 818.2424 521.24603 0.019607844 -32
3 818.2424 523.05896 0.019607844 -49
4 818.2424 522.7277 0.019607844 -65
5 806.7577 529.00885 0.019607844 -82
6 782.4397 538.07794 0.019607844 -115
7 736.74774 545.93994 0.019607844 -148
8 682.7988 549.6778 0.019607844 -181
9 634.09937 551.71265 0.019607844 -214
10 606.1527 551.71265 0.019607844 -247
11 589.29126 551.71265 0.019607844 -280
12 579.25726 551.71265 0.019607844 -313
13 573.54144 551.71265 0.019607844 -346
14 566.8019 551.71265 0.019607844 -379
15 555.4142 562.5928 0.019607844 -413
16 549.4912 570.70276 0.019607844 -446
17 508.52914 566.70483 0.025490198 -456
18 517.5208 617.6783 0.019607844 -485
19 497.5393 617.6783 0.025490198 -485
20 510.52728 673.6491 0.019607844 -514
21 498.5384 735.6168 0.025490198 -514
22 508.52914 773.59705 0.019607844 -542
23 511.52637 797.5846 0.019607844 -562
24 495.54117 797.5846 0.025490198 -562
25 506.531 833.56586 0.019607844 -570
26 510.52728 862.5507 0.019607844 -589
27 495.54117 862.5507 0.025490198 -589
28 504.53284 879.5419 0.019607844 -598
29 510.52728 905.5283 0.019607844 -616
30 515.52264 962.49866 0.019607844 -616
31 514.5236 961.4992 0.019607844 -715
0 816.2442 483.74805 0.019607844 -35
1 820.00696 485.63016 0.019607844 -35
2 822.23865 486.74646 0.019607844 -51
3 815.0661 487.58188 0.019607844 -84
4 790.6523 509.11966 0.019607844 -117
5 736.86035 531.2646 0.019607844 -151
6 716.33673 537.7199 0.019607844 -184
7 716.33673 537.7199 0.019607844 -195
8 619.42645 559.7085 0.019607844 -224
9 616.42926 559.7085 0.019607844 -224
10 616.42926 559.7085 0.019607844 -244
11 561.4801 560.70795 0.019607844 -294
12 561.4801 560.70795 0.019607844 -294
13 561.4801 560.70795 0.019607844 -317
14 561.4801 560.70795 0.019607844 -334
15 561.4801 560.70795 0.019607844 -383
16 555.48566 581.5577 0.019607844 -417
17 543.56824 619.4627 0.019607844 -450
18 535.8468 698.46704 0.019607844 -483
19 532.50696 722.6236 0.019607844 -516
20 506.531 725.6221 0.025490198 -522
21 357.66882 739.61475 0.019607844 -568
22 357.66882 740.61426 0.019607844 -568
23 357.66882 740.61426 0.019607844 -578
24 539.5005 933.5138 0.019607844 -605
25 530.12115 950.89276 0.019607844 -605
26 530.12115 950.89276 0.019607844 -683
0 856.2072 753.6075 0.019607844 -17
1 856.2072 753.6075 0.019607844 -17
2 856.2072 753.6075 0.019607844 -41
3 848.4419 750.3516 0.019607844 -76
4 820.8195 750.609 0.019607844 -109
5 782.6794 750.609 0.019607844 -142
6 722.3445 749.60956 0.019607844 -175
7 671.40515 747.382 0.019607844 -208
8 632.28827 748.17993 0.019607844 -242
9 608.89813 747.6106 0.019607844 -275
10 594.4854 747.6106 0.019607844 -308
11 589.0554 747.6106 0.019607844 -341
12 584.778 747.6106 0.019607844 -358
13 581.4616 747.6106 0.019607844 -375
14 579.1776 747.6106 0.019607844 -391
15 576.4135 747.6106 0.019607844 -408
16 569.9429 751.1382 0.019607844 -424
17 559.48193 771.5981 0.019607844 -458
18 555.48566 783.59186 0.019607844 -482
19 547.49304 812.5768 0.019607844 -510
20 542.4977 827.569 0.019607844 -510
21 538.5014 842.56116 0.019607844 -520
22 529.5097 890.53613 0.019607844 -548
23 526.5125 911.5252 0.019607844 -548
24 522.5162 933.5138 0.019607844 -567
25 519.519 953.50336 0.019607844 -567
26 514.5236 994.482 0.019607844 -595
27 512.52545 1024.4664 0.019607844 -595
28 508.52914 1068.4435 0.019607844 -623
29 507.53006 1085.4347 0.019607844 -623
30 504.53284 1128.4122 0.019607844 -660
31 501.5356 1153.3993 0.019607844 -660
32 500.53653 1159.3961 0.019607844 -687
33 500.53653 1173.3888 0.019607844 -741
34 500.53653 1174.3883 0.019607844 -741
35 500.53653 1175.3878 0.019607844 -759
36 500.53653 1175.3878 0.019607844 -759
37 500.53653 1175.3878 0.01764706 -767
0 809.2507 741.6137 0.019607844 -18
1 809.2507 741.6137 0.019607844 -18
2 809.2507 741.6137 0.019607844 -50
3 795.68396 741.6137 0.019607844 -83
4 763.2933 745.11194 0.019607844 -116
5 718.1669 750.49023 0.019607844 -149
6 657.3936 759.60394 0.019607844 -183
7 632.4144 762.6028 0.021568628 -216
8 619.42645 763.6023 0.021568628 -231
9 594.4496 767.6002 0.021568628 -259
10 555.6469 770.59863 0.021568628 -259
11 550.63513 770.59863 0.021568628 -331
12 547.1545 770.59863 0.021568628 -365
13 543.7812 775.74194 0.019607844 -398
14 543.49677 776.5955 0.019607844 -431
15 540.4995 784.5914 0.019607844 -434
16 531.5079 817.57416 0.019607844 -471
17 528.5106 834.5653 0.019607844 -471
18 523.51526 891.53564 0.019607844 -498
19 520.51807 925.51794 0.019607844 -498
20 519.519 953.50336 0.019607844 -516
21 519.519 985.4867 0.019607844 -516
22 518.5199 1007.4752 0.019607844 -534
23 518.5199 1029.4637 0.019607844 -534
24 517.5208 1054.4508 0.019607844 -553
25 516.5217 1074.4404 0.019607844 -553
26 512.52545 1129.4117 0.019607844 -589
27 511.52637 1141.4055 0.019607844 -589
28 510.52728 1149.4014 0.019607844 -599
0 834.2276 709.6304 0.019607844 -27
1 834.2276 709.6304 0.019607844 -27
2 824.7392 710.52936 0.019607844 -49
3 794.2646 722.6236 0.019607844 -82
4 756.00507 730.3096 0.019607844 -115
5 694.6553 737.08624 0.019607844 -148
6 644.1292 741.3655 0.019607844 -181
7 591.16705 744.704 0.019607844 -214
8 555.33844 744.6122 0.019607844 -247
9 536.8691 744.6122 0.019607844 -280
10 527.8525 744.6122 0.019607844 -314
11 522.8564 744.6122 0.019607844 -347
12 519.57654 744.6122 0.019607844 -380
13 518.5199 744.6122 0.019607844 -413
14 517.5208 745.61163 0.019607844 -422
15 513.52454 761.60333 0.019607844 -460
16 511.52637 769.5991 0.019607844 -460
17 509.52823 780.59344 0.019607844 -470
18 503.53375 887.5377 0.019607844 -527
19 504.53284 909.52625 0.019607844 -527
20 504.53284 933.5138 0.019607844 -545
21 505.53192 955.5023 0.019607844 -545
22 506.531 1012.47266 0.019607844 -573
23 506.531 1031.4628 0.019607844 -573
24 505.53192 1066.4446 0.019607844 -600
25 505.53192 1076.4393 0.019607844 -600
26 500.53653 1115.4191 0.019607844 -654
27 500.53653 1119.417 0.019607844 -654
28 500.53653 1122.4154 0.019607844 -673
29 500.53653 1128.4122 0.019607844 -673
30 500.53653 1129.4117 0.019607844 -709
0 818.2424 506.73605 0.019607844 -5
1 818.2424 503.3945 0.019607844 -5
2 819.14325 503.44287 0.019607844 -38
3 818.9322 513.9706 0.019607844 -71
4 806.134 522.4344 0.019607844 -104
5 769.7045 531.4211 0.019607844 -137
6 739.79535 538.2595 0.019607844 -170
7 714.87695 541.6217 0.019607844 -186
8 657.3804 549.1154 0.019607844 -203
9 657.3804 549.1154 0.019607844 -236
10 570.4718 557.70953 0.019607844 -262
11 564.4954 557.70953 0.019607844 -262
12 559.48193 557.70953 0.019607844 -302
13 559.48193 557.70953 0.019607844 -322
14 519.519 607.6835 0.019607844 -450
15 493.54303 588.69336 0.025490198 -450
16 394.6346 536.72046 0.019607844 -486
17 394.6346 536.72046 0.019607844 -486
18 341.68362 571.7022 0.019607844 -516
19 341.68362 571.7022 0.019607844 -516
20 505.53192 1005.4763 0.019607844 -563
21 504.53284 1025.4658 0.019607844 -563
22 387.64108 779.59393 0.019607844 -591
23 387.64108 779.59393 0.019607844 -591
24 520.51807 937.5117 0.019607844 -636
25 517.73694 942.86 0.019607844 -636
26 514.34283 948.6868 0.019607844 -652
27 512.52545 950.50494 0.019607844 -684
28 508.52914 948.506 0.023529414 -699
0 815.2451 567.7043 0.019607844 -17
1 817.0539 562.2759 0.019607844 -17
2 818.2424 554.2982 0.019607844 -32
3 814.1193 550.2955 0.019607844 -65
4 751.5117 552.2938 0.019607844 -98
5 711.3414 554.71106 0.019607844 -165
6 711.3414 554.71106 0.019607844 -188
7 596.44775 561.70746 0.019607844 -226
8 595.44867 561.70746 0.019607844 -226
9 595.44867 561.70746 0.019607844 -256
10 552.48846 561.70746 0.019607844 -295
11 552.48846 561.70746 0.019607844 -295
12 552.48846 561.70746 0.019607844 -314
13 552.48846 561.70746 0.019607844 -324
14 572.4699 567.7043 0.01764706 -381
15 568.47363 578.6986 0.019607844 -381
16 568.47363 578.6986 0.019607844 -400
17 547.49304 624.6746 0.019607844 -429
18 550.4903 726.6215 0.019607844 -429
19 523.51526 729.62 0.025490198 -465
20 540.4995 805.5804 0.019607844 -493
21 529.5097 858.5528 0.025490198 -493
22 539.5005 902.5299 0.019607844 -520
23 545.49493 925.51794 0.019607844 -538
24 549.4912 964.3253 0.019607844 -538
25 549.4912 966.4966 0.019607844 -596
26 542.4977 993.48254 0.025490198 -610
