0 406.6235 1239.3545 0.023529414 0
1 391.42224 1239.3545 0.025490198 -9
2 382.67517 1239.3545 0.027450982 -47
3 379.30386 1239.3545 0.027450982 -80
4 372.82083 1239.3545 0.027450982 -114
5 380.148 1237.8552 0.025490198 -147
6 379.9889 1234.6976 0.023529414 -178
7 369.95313 1227.5381 0.023529414 -213
8 359.16748 1221.3638 0.023529414 -246
9 319.64655 1206.9484 0.023529414 -262
10 285.99503 1195.9933 0.023529414 -296
11 259.41138 1190.473 0.023529414 -329
12 246.612 1189.3805 0.023529414 -362
13 241.43607 1189.3805 0.023529414 -395
14 236.8679 1194.7468 0.023529414 -428
15 231.73618 1273.8635 0.023529414 -461
16 231.78539 1353.731 0.023529414 -511
17 225.79123 1431.2517 0.023529414 -544
18 222.09581 1472.5199 0.023529414 -577
19 225.91794 1486.3105 0.021568628 -610
20 229.78723 1489.2244 0.019607844 -643
21 232.78445 1490.2238 0.019607844 -652
0 530.5088 1134.4092 0.023529414 -11
1 525.3817 1134.4092 0.023529414 -11
2 497.62134 1143.5798 0.023529414 -42
3 475.55966 1149.4014 0.023529414 -75
4 463.57077 1150.4008 0.023529414 -91
5 400.62906 1163.394 0.025490198 -133
6 351.42838 1168.2454 0.025490198 -133
7 292.72894 1171.3899 0.025490198 -158
8 260.84903 1171.3899 0.025490198 -190
9 243.67827 1171.3899 0.023529414 -224
10 236.78284 1171.3899 0.023529414 -257
11 233.61131 1173.7334 0.023529414 -290
12 230.50124 1186.8086 0.023529414 -323
13 227.7891 1227.3608 0.023529414 -356
14 227.7891 1269.3389 0.023529414 -388
15 218.29988 1318.1777 0.023529414 -425
16 205.2868 1372.3931 0.023529414 -439
17 202.5995 1390.192 0.023529414 -472
18 203.16916 1402.9839 0.023529414 -489
19 218.79741 1405.2681 0.019607844 -522
20 224.79185 1405.2681 0.01764706 -546
0 599.44495 1098.4279 0.01764706 -21
1 598.98895 1097.9717 0.01764706 -21
2 590.1856 1097.4283 0.019607844 -44
3 562.23987 1099.6971 0.019607844 -77
4 515.4175 1104.1343 0.019607844 -110
5 448.8947 1111.1781 0.019607844 -143
6 385.7283 1119.6296 0.021568628 -176
7 347.29593 1124.8523 0.021568628 -209
8 316.79984 1131.062 0.021568628 -242
9 301.22607 1135.2404 0.021568628 -275
10 292.6031 1138.4701 0.021568628 -309
11 284.9462 1154.5054 0.021568628 -342
12 277.1439 1197.7053 0.021568628 -375
13 267.08963 1270.8005 0.021568628 -408
14 242.13301 1358.5636 0.025490198 -441
15 223.3835 1422.452 0.023529414 -474
16 215.02046 1457.7039 0.023529414 -507
17 220.95177 1468.3134 0.021568628 -540
18 226.79001 1469.2347 0.019607844 -573
19 226.79001 1469.2347 0.019607844 -590
0 638.4089 1074.4404 0.01764706 -35
1 638.4089 1074.4404 0.01764706 -35
2 623.6407 1072.4778 0.01764706 -58
3 581.06964 1078.1575 0.01764706 -92
4 516.0776 1082.1808 0.019607844 -125
5 408.8953 1095.9543 0.021568628 -158
6 346.59946 1104.4407 0.023529414 -208
7 313.49405 1111.9133 0.023529414 -241
8 296.2503 1116.0089 0.025490198 -274
9 287.59393 1118.987 0.025490198 -307
10 281.2447 1124.6565 0.025490198 -340
11 273.95358 1146.3666 0.025490198 -373
12 266.11584 1214.934 0.025490198 -406
13 254.76413 1304.3206 0.025490198 -440
14 238.2204 1424.5831 0.025490198 -471
15 230.95871 1507.0757 0.025490198 -506
16 228.78816 1537.5396 0.025490198 -539
17 231.78539 1545.1952 0.021568628 -572
18 232.78445 1546.1947 0.021568628 -602
0 679.371 1076.4393 0.015686275 -17
1 679.371 1076.4393 0.015686275 -17
2 664.3849 1074.4404 0.01764706 -42
3 620.0938 1079.498 0.019607844 -75
4 522.9572 1095.2019 0.023529414 -109
5 456.75504 1102.5668 0.023529414 -159
6 395.63367 1103.4253 0.023529414 -192
7 352.8553 1104.243 0.023529414 -224
8 319.8852 1108.5397 0.025490198 -258
9 304.8137 1111.6471 0.025490198 -291
10 300.27448 1111.4211 0.025490198 -325
11 298.4454 1111.4211 0.025490198 -358
12 296.83145 1113.3138 0.025490198 -374
13 295.22668 1117.9177 0.023529414 -391
14 293.5355 1125.3774 0.023529414 -407
15 291.9186 1148.6235 0.023529414 -424
16 290.30582 1178.0435 0.021568628 -441
17 285.73544 1239.3545 0.021568628 -457
18 281.73914 1287.3295 0.021568628 -483
19 275.7447 1356.2936 0.023529414 -512
20 267.35495 1439.677 0.023529414 -512
21 259.7595 1487.2253 0.025490198 -540
22 256.76227 1501.218 0.025490198 -561
23 254.76411 1513.2118 0.023529414 -580
24 253.76503 1537.1993 0.021568628 -580
25 254.76411 1537.1993 0.019607844 -645
0 662.38666 1062.4467 0.01764706 -15
1 658.7942 1062.9783 0.019607844 -15
2 644.4428 1067.4282 0.019607844 -48
3 606.5079 1078.9552 0.021568628 -81
4 548.0603 1089.7742 0.023529414 -114
5 477.02036 1101.4965 0.025490198 -148
6 399.25516 1110.992 0.025490198 -181
7 332.1924 1117.418 0.025490198 -214
8 295.40775 1121.0814 0.025490198 -247
9 274.54843 1122.2817 0.025490198 -280
10 268.73648 1122.4154 0.025490198 -313
11 267.75208 1122.4154 0.025490198 -346
12 268.30307 1126.0679 0.023529414 -379
13 273.45172 1149.6306 0.021568628 -412
14 273.5754 1223.4731 0.021568628 -445
15 264.22006 1331.4271 0.021568628 -479
16 253.54147 1405.9688 0.023529414 -512
17 245.49959 1454.973 0.023529414 -545
18 244.77336 1467.8431 0.021568628 -578
19 245.77243 1468.2352 0.019607844 -611
20 248.76965 1467.2357 0.01764706 -631
0 699.3525 373.8053 0.019607844 -9
1 699.3525 373.8053 0.019607844 -19
2 694.52106 373.8053 0.019607844 -43
3 666.33923 375.109 0.019607844 -76
4 629.91675 377.30347 0.019607844 -109
5 566.67993 376.80374 0.023529414 -141
6 499.9126 376.80374 0.023529414 -175
7 445.9747 377.80322 0.023529414 -208
8 403.62576 377.80322 0.023529414 -241
9 380.69098 377.80322 0.023529414 -274
10 369.3227 377.80322 0.023529414 -307
11 362.91327 377.80322 0.023529414 -340
12 354.14926 387.6694 0.019607844 -373
13 345.96207 414.3723 0.019607844 -407
14 341.16522 500.44693 0.019607844 -440
15 343.68176 605.56213 0.019607844 -473
16 343.61893 689.4984 0.019607844 -506
17 343.86505 737.5979 0.019607844 -539
18 342.49374 762.5486 0.019607844 -572
19 341.68362 772.23566 0.019607844 -605
20 340.68454 772.5976 0.01764706 -638
21 340.68454 772.5976 0.01764706 -648
0 643.40424 1065.4451 0.019607844 -8
1 643.40424 1065.4451 0.019607844 -8
2 643.40424 1065.4451 0.019607844 -33
3 641.0868 1065.4451 0.019607844 -49
4 625.7002 1069.4591 0.019607844 -66
5 590.64124 1079.3907 0.021568628 -99
6 531.2982 1089.5034 0.023529414 -132
7 467.64108 1097.9755 0.023529414 -165
8 397.60913 1104.4263 0.023529414 -198
9 339.7727 1110.9126 0.025490198 -231
10 303.87744 1113.9899 0.025490198 -264
11 277.7347 1117.2527 0.025490198 -298
12 266.7161 1119.417 0.025490198 -331
13 262.27948 1122.3707 0.023529414 -364
14 258.22073 1141.6465 0.023529414 -397
15 248.2302 1191.944 0.023529414 -430
16 230.12605 1283.3003 0.023529414 -463
17 217.44756 1363.5313 0.025490198 -496
18 205.46048 1437.0458 0.025490198 -529
19 202.18747 1474.6093 0.023529414 -563
20 201.81314 1487.2837 0.023529414 -596
21 201.81314 1489.2244 0.021568628 -629
22 201.81314 1489.2244 0.019607844 -662
23 203.81128 1488.2249 0.019607844 -673
0 708.3441 374.80478 0.019607844 -6
1 708.3441 374.80478 0.019607844 -16
2 708.3441 374.80478 0.019607844 -38
3 700.9847 374.80478 0.019607844 -75
4 674.7154 373.8053 0.019607844 -108
5 638.6041 374.80478 0.019607844 -141
6 592.8272 379.89813 0.019607844 -175
7 531.29877 383.0811 0.019607844 -208
8 470.3423 385.2956 0.019607844 -241
9 419.38483 385.79904 0.019607844 -274
10 405.279 386.79852 0.019607844 -324
11 398.1826 386.79852 0.019607844 -357
12 391.97006 398.12772 0.019607844 -391
13 384.4051 422.49692 0.019607844 -424
14 380.48123 510.40378 0.019607844 -457
15 381.58875 661.22626 0.019607844 -490
16 384.64386 770.1735 0.019607844 -524
17 386.61905 879.04736 0.019607844 -557
18 384.64386 933.4144 0.019607844 -590
19 384.64386 957.92035 0.019607844 -624
20 384.64386 966.77466 0.019607844 -657
21 383.64478 966.4966 0.01764706 -690
22 383.64478 966.4966 0.01764706 -697
0 747.30804 380.80167 0.01764706 -7
1 747.30804 380.80167 0.019607844 -17
2 744.80115 380.80167 0.019607844 -42
3 710.2293 380.37003 0.019607844 -84
4 668.0242 381.8286 0.019607844 -134
5 606.2489 382.80063 0.019607844 -167
6 541.6516 390.06067 0.019607844 -200
7 489.67902 396.85114 0.019607844 -233
8 451.17703 400.1012 0.021568628 -267
9 432.87677 402.7902 0.021568628 -300
10 422.66986 402.7902 0.019607844 -333
11 417.36407 404.039 0.019607844 -366
12 409.12122 411.78552 0.019607844 -399
13 404.62534 460.0933 0.019607844 -431
14 403.62628 561.1141 0.019607844 -466
15 403.62628 685.73944 0.019607844 -499
16 401.6281 767.6005 0.019607844 -532
17 397.63184 824.7374 0.019607844 -565
18 396.30957 850.17456 0.019607844 -599
19 396.63275 859.5506 0.019607844 -632
20 396.63275 860.55176 0.01764706 -665
21 396.63275 860.55176 0.01764706 -682
0 697.3543 330.8277 0.01764706 -6
1 697.3543 330.8277 0.01764706 -17
2 695.93317 331.53854 0.019607844 -32
3 680.445 338.786 0.019607844 -79
4 655.3177 350.3553 0.019607844 -113
5 602.06976 364.17642 0.019607844 -147
6 535.7504 371.2978 0.019607844 -180
7 490.46793 373.81085 0.019607844 -214
8 449.60507 374.68845 0.019607844 -239
9 424.46005 374.80478 0.019607844 -272
10 412.5516 374.80478 0.019607844 -305
11 405.8534 374.80478 0.019607844 -338
12 399.18076 378.25262 0.019607844 -371
13 391.88147 397.43784 0.019607844 -404
14 383.26593 466.8251 0.019607844 -437
15 382.31424 582.649 0.019607844 -470
16 388.58124 700.63275 0.019607844 -503
17 391.79626 797.7313 0.019607844 -536
18 391.33124 855.0386 0.019607844 -570
19 391.6374 885.5336 0.019607844 -603
20 391.6374 896.2303 0.019607844 -636
21 391.6374 900.53094 0.01764706 -669
22 391.6374 900.53094 0.01764706 -687
0 673.3765 355.81467 0.019607844 -9
1 673.3765 355.81467 0.019607844 -19
2 673.3765 355.81467 0.019607844 -36
3 663.57996 357.01544 0.019607844 -83
4 641.82196 361.31738 0.019607844 -116
5 600.801 368.1653 0.019607844 -149
6 545.08545 377.87552 0.019607844 -182
7 514.00934 383.3033 0.021568628 -215
8 429.5945 395.79385 0.021568628 -232
9 374.4954 402.42194 0.021568628 -282
10 361.0507 405.66037 0.019607844 -331
11 353.40533 406.78812 0.019607844 -364
12 347.8396 408.6255 0.019607844 -398
13 337.79404 422.84283 0.019607844 -431
14 323.38803 483.8731 0.019607844 -464
15 322.72168 581.20996 0.019607844 -497
16 325.69843 694.36786 0.019607844 -530
17 332.69196 803.2214 0.019607844 -563
18 337.0508 860.27344 0.019607844 -596
19 340.379 882.31714 0.019607844 -629
20 341.37335 889.5367 0.01764706 -662
21 341.37335 889.5367 0.01764706 -695
0 680.37006 402.7902 0.019607844 -8
1 680.37006 402.7902 0.019607844 -8
2 680.37006 402.7902 0.019607844 -32
3 680.37006 402.7902 0.019607844 -65
4 664.72595 404.9537 0.019607844 -99
5 623.941 407.74048 0.019607844 -148
6 567.3401 412.65503 0.019607844 -181
7 514.7144 418.4576 0.019607844 -214
8 453.49512 422.7851 0.019607844 -247
9 415.23923 427.5067 0.019607844 -281
10 384.5091 427.7772 0.019607844 -314
11 366.9467 427.7772 0.019607844 -347
12 360.05573 427.7772 0.019607844 -380
13 356.0463 428.4009 0.019607844 -413
14 351.61084 447.27588 0.019607844 -446
15 354.55038 471.05612 0.019607844 -479
16 356.2894 519.3088 0.019607844 -496
17 365.52518 615.7246 0.019607844 -512
18 373.25397 744.99963 0.019607844 -545
19 374.6531 830.0475 0.019607844 -578
20 377.65033 884.2845 0.019607844 -612
21 377.65033 904.1772 0.019607844 -645
22 377.65033 910.7066 0.01764706 -678
23 377.65033 910.7066 0.01764706 -711
0 715.33765 379.8022 0.01764706 -5
1 714.32764 379.8022 0.019607844 -5
2 698.24 384.17105 0.019607844 -72
3 659.97064 389.873 0.019607844 -105
4 599.58405 401.50574 0.019607844 -138
5 540.99316 410.71136 0.019607844 -171
6 487.3741 419.4618 0.019607844 -204
7 442.99155 420.44083 0.019607844 -237
8 416.92438 423.34268 0.019607844 -271
9 408.92676 423.77927 0.019607844 -320
10 405.5408 423.77927 0.019607844 -353
11 399.94165 429.8082 0.019607844 -386
12 393.63556 469.7553 0.019607844 -419
13 390.6383 508.73502 0.019607844 -449
14 390.6383 508.73502 0.019607844 -463
15 576.46625 802.582 0.019607844 -492
16 576.46625 802.582 0.019607844 -492
17 574.4681 867.54816 0.019607844 -512
18 551.4894 872.54553 0.025490198 -512
19 558.4829 907.5273 0.019607844 -530
20 562.4792 929.51587 0.019607844 -549
21 567.47455 1029.1964 0.019607844 -549
22 567.47455 1030.4633 0.019607844 -651
23 566.47546 1030.4633 0.019607844 -660
0 716.33673 386.79852 0.01764706 -28
1 716.33673 386.79852 0.019607844 -28
2 706.7997 387.68454 0.019607844 -67
3 681.2102 398.14648 0.019607844 -100
4 658.9611 399.89377 0.019607844 -134
5 614.8562 411.52768 0.019607844 -150
6 561.0067 417.19977 0.019607844 -183
7 506.96985 421.95093 0.019607844 -216
8 472.06293 429.27643 0.019607844 -249
9 434.7384 429.77615 0.019607844 -282
10 420.57663 430.77563 0.019607844 -316
11 412.00717 430.77563 0.019607844 -349
12 408.88382 430.77563 0.019607844 -382
13 402.61218 435.79553 0.019607844 -415
14 395.39105 472.55392 0.019607844 -448
15 395.39105 472.55392 0.019607844 -481
16 572.4699 742.6132 0.019607844 -507
17 543.49677 722.6236 0.025490198 -507
18 543.49677 722.6236 0.025490198 -515
19 390.6383 646.6632 0.019607844 -536
20 392.63644 695.6377 0.019607844 -536
21 392.63644 695.6377 0.019607844 -573
22 391.6374 827.569 0.019607844 -591
23 391.6374 827.569 0.019607844 -591
24 398.6309 867.54816 0.019607844 -619
25 398.6309 867.54816 0.019607844 -619
26 398.6309 867.54816 0.019607844 -701
0 710.3423 389.79697 0.01764706 -24
1 710.3423 389.79697 0.01764706 -24
2 708.27655 389.79697 0.01764706 -65
3 698.718 391.205 0.019607844 -98
4 675.0214 399.5149 0.019607844 -132
5 632.5076 409.40964 0.019607844 -165
6 586.12213 420.38995 0.019607844 -198
7 535.4157 429.636 0.019607844 -231
8 488.41693 432.9682 0.019607844 -264
9 475.40408 435.65247 0.019607844 -297
10 445.68164 435.59985 0.019607844 -314
11 436.41495 435.773 0.019607844 -347
12 423.36108 435.773 0.019607844 -363
13 414.61945 437.10452 0.019607844 -396
14 412.61795 437.77197 0.019607844 -429
15 439.59296 477.75116 0.025490198 -437
16 431.60037 496.74127 0.019607844 -475
17 423.6078 499.73972 0.019607844 -475
18 445.58743 543.7168 0.025490198 -486
19 572.4699 802.582 0.019607844 -534
20 572.4699 802.582 0.019607844 -534
21 568.47363 867.54816 0.019607844 -553
22 568.47363 867.54816 0.019607844 -553
23 570.4718 973.4929 0.019607844 -591
24 570.4718 973.4929 0.019607844 -591
25 546.494 958.50073 0.025490198 -601
26 556.48474 987.48566 0.019607844 -628
27 562.80237 1015.44165 0.019607844 -628
28 565.47644 1020.4685 0.019607844 -678
29 563.4783 1018.46954 0.023529414 -701
0 735.31915 416.78293 0.01764706 -35
1 735.31915 416.78293 0.01764706 -35
2 731.979 416.78293 0.019607844 -49
3 727.233 418.81308 0.019607844 -82
4 710.51056 417.02374 0.019607844 -98
5 695.4594 416.78293 0.019607844 -115
6 680.11487 416.78293 0.019607844 -132
7 656.9536 415.97858 0.019607844 -148
8 627.5722 417.94073 0.019607844 -165
9 571.2423 416.78293 0.019607844 -181
10 512.47156 417.7824 0.019607844 -214
11 452.47012 417.7824 0.019607844 -247
12 433.099 417.7824 0.019607844 -297
13 423.87958 417.7824 0.019607844 -329
14 417.2352 419.97046 0.019607844 -363
15 408.43872 436.64575 0.019607844 -396
16 402.6272 470.7548 0.019607844 -429
17 402.6272 470.7548 0.019607844 -452
18 581.4616 733.61786 0.019607844 -480
19 581.4616 733.61786 0.019607844 -480
20 465.5689 659.65643 0.019607844 -499
21 465.5689 659.65643 0.019607844 -499
22 405.62442 686.64233 0.019607844 -518
23 405.62442 686.64233 0.019607844 -518
24 406.6235 747.6106 0.019607844 -536
25 406.6235 747.6106 0.019607844 -536
26 413.61703 802.582 0.019607844 -564
27 413.61703 802.582 0.019607844 -564
28 413.61703 802.582 0.019607844 -573
29 597.44684 997.48047 0.019607844 -610
30 594.4496 1006.47577 0.019607844 -610
31 578.4644 995.4815 0.025490198 -664
0 700.3515 389.79697 0.019607844 -9
1 700.3515 389.79697 0.019607844 -9
2 691.68317 391.21533 0.019607844 -67
3 666.1191 391.79593 0.019607844 -100
4 622.951 398.32672 0.019607844 -133
5 571.4708 400.2915 0.019607844 -166
6 515.5647 403.28293 0.019607844 -198
7 468.4334 403.78967 0.021568628 -232
8 441.72076 405.78864 0.019607844 -265
9 431.3057 406.78812 0.019607844 -298
10 424.73514 406.78812 0.019607844 -332
11 421.3006 408.09674 0.019607844 -365
12 415.61517 416.78293 0.019607844 -398
13 415.61517 416.78293 0.019607844 -423
14 583.4598 672.64966 0.019607844 -453
15 558.4829 653.65955 0.025490198 -453
16 566.47546 675.6481 0.019607844 -482
17 553.4875 729.62 0.025490198 -482
18 553.4875 729.62 0.025490198 -510
19 404.62534 692.6392 0.019607844 -530
20 404.62534 692.6392 0.019607844 -530
21 579.46344 928.51636 0.019607844 -558
22 557.4838 909.52625 0.025490198 -558
23 467.56708 841.56165 0.019607844 -595
24 426.605 817.57416 0.019607844 -595
25 426.605 817.57416 0.019607844 -679
0 695.35614 981.4888 0.01764706 -18
1 694.2143 981.4888 0.01764706 -18
2 682.1557 982.7307 0.01764706 -59
3 644.5053 991.7327 0.019607844 -92
4 595.2734 1007.5337 0.021568628 -125
5 527.74493 1025.2676 0.021568628 -158
6 469.989 1039.3792 0.023529414 -191
7 420.55984 1049.0322 0.023529414 -224
8 391.85272 1052.9922 0.023529414 -257
9 377.22195 1054.2605 0.025490198 -291
10 373.65402 1054.4508 0.025490198 -324
11 371.65588 1054.4508 0.023529414 -334
12 362.6642 1057.4492 0.023529414 -414
13 358.36926 1069.9373 0.021568628 -414
14 357.66882 1073.4409 0.021568628 -439
15 356.66974 1086.4341 0.021568628 -443
16 352.67346 1114.4196 0.021568628 -472
17 351.67438 1134.4092 0.021568628 -472
18 349.67624 1177.3867 0.021568628 -482
19 346.67902 1232.3582 0.021568628 -510
20 344.68085 1259.3441 0.021568628 -510
21 339.6855 1311.317 0.021568628 -538
22 336.68826 1347.2982 0.023529414 -538
23 334.6901 1374.2842 0.023529414 -557
24 332.69196 1395.2733 0.023529414 -557
25 330.69382 1412.2644 0.023529414 -577
26 328.69565 1428.2561 0.023529414 -577
27 326.6975 1442.2488 0.023529414 -586
28 323.7003 1468.2352 0.023529414 -622
29 321.70212 1480.229 0.019607844 -622
30 322.7012 1480.229 0.019607844 -667
0 711.3414 430.77563 0.019607844 -107
1 711.3414 430.77563 0.019607844 -107
2 698.3534 430.77563 0.019607844 -135
3 685.7857 427.01437 0.019607844 -135
4 647.54034 422.46994 0.019607844 -161
5 588.39856 422.7798 0.019607844 -194
6 532.32764 424.66983 0.019607844 -227
7 485.10147 430.51733 0.019607844 -260
8 447.04364 428.77667 0.019607844 -293
9 429.22958 428.77667 0.019607844 -326
10 418.41016 428.77667 0.019607844 -359
11 413.73495 428.77667 0.019607844 -392
12 410.46094 428.77667 0.019607844 -425
13 406.6235 430.77563 0.019607844 -458
14 406.6235 430.77563 0.019607844 -486
15 579.46344 671.65015 0.019607844 -514
16 579.46344 671.65015 0.019607844 -514
17 579.46344 671.65015 0.019607844 -524
18 584.45886 786.5903 0.019607844 -563
19 583.4598 786.5903 0.019607844 -563
20 580.4625 928.51636 0.019607844 -610
21 580.4625 940.51013 0.019607844 -610
22 561.4801 934.51324 0.025490198 -628
23 574.4681 968.49554 0.019607844 -656
24 579.46344 1011.47314 0.019607844 -656
25 576.46625 1009.4742 0.021568628 -728
0 665.3839 367.8084 0.015686275 -5
1 668.3811 363.23618 0.01764706 -5
2 667.3143 359.74472 0.019607844 -38
3 661.3722 360.56607 0.019607844 -71
4 633.1568 361.03766 0.019607844 -105
5 591.20483 367.4439 0.019607844 -138
6 535.94434 376.2838 0.019607844 -171
7 480.1491 383.17322 0.019607844 -204
8 438.3673 390.79645 0.021568628 -237
9 414.2997 390.79645 0.019607844 -270
10 404.0475 390.79645 0.019607844 -303
11 400.53146 390.79645 0.019607844 -336
12 396.3773 390.79645 0.019607844 -353
13 392.63644 392.7954 0.019607844 -386
14 419.61148 424.77875 0.025490198 -402
15 413.61703 445.76782 0.019607844 -442
16 406.21713 450.05612 0.019607844 -442
17 380.38986 493.25894 0.019607844 -452
18 372.5128 539.28827 0.019607844 -485
19 366.8222 576.9192 0.019607844 -502
20 365.66144 621.6762 0.019607844 -518
21 411.61887 717.6262 0.025490198 -529
22 397.63184 721.62415 0.019607844 -558
23 393.63553 725.6221 0.019607844 -558
24 393.63553 725.6221 0.019607844 -567
25 357.66882 795.58563 0.019607844 -596
26 357.66882 795.58563 0.019607844 -596
27 357.66882 795.58563 0.019607844 -667
28 357.66882 795.58563 0.019607844 -672
0 600.44403 978.49036 0.019607844 -8
1 600.44403 978.49036 0.019607844 -8
2 588.2115 980.30035 0.021568628 -39
3 557.46295 988.3914 0.021568628 -72
4 550.4903 989.4846 0.021568628 -106
5 540.4995 991.4836 0.021568628 -112
6 514.5236 997.48047 0.023529414 -141
7 495.54117 1000.4789 0.021568628 -141
8 476.55875 1003.47736 0.023529414 -151
9 444.58835 1009.4742 0.023529414 -180
10 431.60037 1011.47314 0.023529414 -180
11 410.6198 1014.4716 0.023529414 -190
12 381.64664 1017.47003 0.023529414 -220
13 310.98776 1030.6443 0.025490198 -220
14 301.49326 1030.4633 0.025490198 -304
15 296.83798 1030.4633 0.025490198 -337
16 293.42493 1032.7655 0.025490198 -370
17 291.7299 1040.8982 0.023529414 -403
18 293.72803 1059.4481 0.021568628 -436
19 295.7262 1075.4398 0.021568628 -450
20 299.72247 1113.42 0.019607844 -478
21 305.32645 1206.8647 0.019607844 -478
22 305.71692 1310.3724 0.021568628 -503
23 300.72156 1353.2952 0.021568628 -536
24 296.72525 1384.2789 0.021568628 -553
25 289.73172 1416.2623 0.021568628 -581
26 281.73914 1447.0925 0.021568628 -581
27 285.0939 1446.7938 0.019607844 -635
28 286.7345 1446.2467 0.01764706 -668
29 287.73358 1446.2467 0.019607844 -673
0 649.3987 388.7975 0.01764706 -6
1 649.3987 388.7975 0.019607844 -6
2 649.3987 388.7975 0.019607844 -38
3 638.34845 388.7975 0.019607844 -71
4 607.7286 388.7975 0.019607844 -104
5 555.06915 395.9736 0.019607844 -137
6 505.36984 401.68607 0.021568628 -170
7 454.5791 405.78864 0.019607844 -204
8 460.57355 425.77823 0.029411767 -230
9 414.6161 416.78293 0.019607844 -259
10 376.6549 412.785 0.019607844 -259
11 365.32162 412.785 0.019607844 -303
12 362.6642 412.785 0.019607844 -336
13 378.6494 430.77563 0.029411767 -349
14 370.6568 426.7777 0.019607844 -379
15 365.66144 424.77875 0.019607844 -379
16 378.6494 438.77145 0.025490198 -400
17 375.65216 443.76886 0.019607844 -440
18 370.6568 444.76834 0.019607844 -440
19 370.6568 444.76834 0.019607844 -449
20 519.519 679.646 0.019607844 -488
21 519.519 696.63715 0.019607844 -488
22 501.5356 692.6392 0.025490198 -507
23 520.51807 804.58093 0.019607844 -536
24 501.5356 788.58923 0.025490198 -536
25 422.6087 739.61475 0.019607844 -545
26 349.67624 743.6127 0.019607844 -592
27 347.67807 745.61163 0.01764706 -592
28 347.67807 745.61163 0.01764706 -668
0 639.40796 998.4799 0.019607844 -8
1 639.40796 998.4799 0.019607844 -8
2 639.40796 998.4799 0.01764706 -32
3 638.07776 998.4799 0.019607844 -49
4 634.1372 998.4799 0.01764706 -65
5 610.3707 1000.1213 0.019607844 -82
6 571.03827 1008.83276 0.019607844 -115
7 515.0558 1018.9179 0.019607844 -148
8 457.15146 1026.3936 0.021568628 -181
9 412.30472 1030.4633 0.021568628 -214
10 378.48257 1032.4623 0.021568628 -247
11 359.21347 1032.4623 0.021568628 -280
12 349.47003 1032.4623 0.021568628 -313
13 342.75513 1032.4623 0.021568628 -346
14 338.01373 1035.1342 0.021568628 -379
15 328.25317 1053.1516 0.021568628 -413
16 324.69934 1063.446 0.021568628 -446
17 320.70306 1081.4368 0.021568628 -456
18 313.70953 1113.42 0.021568628 -485
19 310.7123 1133.4097 0.021568628 -485
20 305.71692 1169.3909 0.021568628 -514
21 294.7271 1252.3477 0.021568628 -514
22 292.72894 1272.3373 0.021568628 -542
23 290.7308 1290.3279 0.021568628 -562
24 288.73267 1313.3159 0.021568628 -562
25 287.73358 1330.3071 0.021568628 -570
26 284.73636 1356.2936 0.021568628 -589
27 282.73822 1374.2842 0.021568628 -589
28 281.73914 1390.2759 0.021568628 -598
29 280.74005 1402.2697 0.021568628 -616
30 276.74374 1438.2509 0.01764706 -616
31 276.74374 1438.2509 0.01764706 -715
0 660.38855 376.80374 0.01764706 -35
1 660.38855 376.80374 0.01764706 -35
2 657.6263 376.80374 0.019607844 -51
3 634.05444 373.8053 0.019607844 -84
4 597.9075 380.26355 0.019607844 -117
5 540.6672 390.75452 0.019607844 -151
6 518.5199 397.79282 0.019607844 -184
7 524.51434 422.7798 0.027450982 -195
8 478.5569 418.78186 0.019607844 -224
9 446.5865 420.78082 0.019607844 -224
10 452.58093 436.7725 0.027450982 -244
11 413.61703 438.77145 0.019607844 -294
12 395.97266 432.2213 0.019607844 -294
13 389.5267 428.73917 0.019607844 -317
14 377.7852 423.8467 0.019607844 -334
15 373.43893 423.77927 0.019607844 -383
16 367.373 437.27625 0.019607844 -417
17 357.7117 469.58368 0.019607844 -450
18 352.67346 556.31396 0.019607844 -483
19 352.67346 567.7043 0.019607844 -516
20 352.67346 567.7043 0.019607844 -522
21 527.5116 869.5471 0.019607844 -568
22 507.53006 865.5492 0.025490198 -568
23 496.54025 864.5497 0.025490198 -578
24 414.6161 826.56946 0.019607844 -605
25 375.87598 816.5747 0.01764706 -605
26 375.87598 816.5747 0.01764706 -683
0 661.38763 399.79178 0.013725491 -17
1 661.38763 399.79178 0.01764706 -17
2 661.38763 399.79178 0.019607844 -41
3 653.6223 398.7923 0.019607844 -76
4 625.774 399.0501 0.019607844 -109
5 588.99176 399.9247 0.019607844 -142
6 528.75977 398.7923 0.019607844 -175
7 479.26913 396.79333 0.019607844 -208
8 436.89957 395.22455 0.019607844 -242
9 413.17175 394.79437 0.019607844 -275
10 398.6667 396.79333 0.019607844 -308
11 393.2367 396.79333 0.019607844 -341
12 388.95932 396.79333 0.019607844 -358
13 385.64294 396.79333 0.019607844 -375
14 383.35898 396.79333 0.019607844 -391
15 380.6212 396.79333 0.019607844 -408
16 374.12415 401.32043 0.019607844 -424
17 366.6605 422.7798 0.019607844 -458
18 398.6309 478.75064 0.025490198 -482
19 382.6457 483.74805 0.019607844 -510
20 373.65402 489.7449 0.019607844 -510
21 373.65402 489.7449 0.019607844 -520
22 343.68176 560.70795 0.019607844 -548
23 343.68176 560.70795 0.019607844 -548
24 334.6901 636.6684 0.019607844 -567
25 334.6901 636.6684 0.019607844 -567
26 331.69287 695.6377 0.019607844 -595
27 331.69287 695.6377 0.019607844 -595
28 328.69565 763.6023 0.019607844 -623
29 357.66882 793.5867 0.025490198 -623
30 362.6642 809.5783 0.019607844 -660
31 350.6753 813.57623 0.019607844 -660
32 373.65402 849.5575 0.025490198 -687
33 435.59668 920.52057 0.025490198 -741
34 453.58002 937.5117 0.019607844 -741
35 463.57077 947.5065 0.019607844 -759
36 470.5643 953.50336 0.019607844 -759
37 470.5643 953.50336 0.021568628 -767
0 621.4246 1000.4789 0.01764706 -18
1 621.4246 1000.4789 0.01764706 -18
2 619.1363 1000.4789 0.01764706 -50
3 601.9234 1003.35724 0.01764706 -83
4 565.97595 1010.47363 0.019607844 -116
5 515.414 1020.29034 0.019607844 -149
6 446.92206 1037.1259 0.021568628 -183
7 424.60684 1045.4554 0.021568628 -216
8 411.61887 1049.4534 0.021568628 -231
9 384.64386 1055.4503 0.021568628 -259
10 347.83936 1061.4471 0.019607844 -259
11 344.82568 1058.5936 0.019607844 -331
12 341.34506 1057.4492 0.019607844 -365
13 337.97174 1059.8785 0.019607844 -398
14 337.68732 1060.4476 0.019607844 -431
15 335.68918 1066.4446 0.019607844 -434
16 328.69565 1102.4258 0.019607844 -471
17 326.6975 1118.4175 0.019607844 -471
18 321.70212 1178.3862 0.019607844 -498
19 318.7049 1208.3706 0.019607844 -498
20 316.70676 1240.354 0.019607844 -516
21 314.70862 1268.3394 0.021568628 -516
22 312.71045 1293.3264 0.021568628 -534
23 310.7123 1320.3123 0.021568628 -534
24 307.7151 1340.3019 0.021568628 -553
25 304.71786 1361.291 0.021568628 -553
26 294.7271 1411.2649 0.021568628 -589
27 291.7299 1421.2598 0.021568628 -589
28 288.73267 1430.255 0.021568628 -599
0 651.39685 375.80426 0.019607844 -27
1 651.39685 375.80426 0.019607844 -27
2 639.91034 372.0074 0.019607844 -49
3 610.9343 375.80426 0.019607844 -82
4 569.64264 377.80322 0.019607844 -115
5 510.82547 383.8001 0.019607844 -148
6 462.80032 392.29892 0.019607844 -181
7 405.2474 397.88458 0.019607844 -214
8 365.87045 398.7923 0.019607844 -247
9 348.0439 398.7923 0.019607844 -280
10 339.02734 398.7923 0.019607844 -314
11 335.03027 398.7923 0.019607844 -347
12 330.75137 398.7923 0.019607844 -380
13 329.69473 398.7923 0.019607844 -413
14 354.6716 425.77823 0.025490198 -422
15 355.6707 443.76886 0.019607844 -460
16 351.67438 445.76782 0.019607844 -460
17 372.65494 483.74805 0.025490198 -470
18 511.52637 731.61896 0.019607844 -527
19 511.52637 731.61896 0.019607844 -527
20 521.5171 749.60956 0.01764706 -545
21 519.519 756.6059 0.019607844 -545
22 514.5236 859.5523 0.019607844 -573
23 514.5236 859.5523 0.019607844 -573
24 388.64014 783.59186 0.019607844 -600
25 388.64014 783.59186 0.019607844 -600
26 522.5162 936.5122 0.019607844 -654
27 522.5162 936.5122 0.019607844 -654
28 522.5162 936.5122 0.019607844 -673
29 522.5162 936.5122 0.019607844 -673
30 497.5393 919.52106 0.025490198 -709
0 660.38855 374.80478 0.01764706 -5
1 660.38855 374.80478 0.019607844 -5
2 660.38855 374.80478 0.019607844 -38
3 653.1569 376.11368 0.019607844 -71
4 625.88776 376.80374 0.019607844 -104
5 582.5289 385.1951 0.019607844 -137
6 551.7894 388.33765 0.019607844 -170
7 525.95575 392.50702 0.019607844 -186
8 466.15594 399.39417 0.019607844 -203
9 466.15594 399.39417 0.025490198 -236
10 429.60223 412.785 0.019607844 -262
11 387.70422 411.78552 0.019607844 -262
12 375.65216 411.78552 0.019607844 -302
13 388.64014 428.77667 0.027450982 -322
14 385.6429 457.76157 0.019607844 -450
15 385.6429 457.76157 0.019607844 -450
16 525.5134 625.67413 0.01764706 -486
17 524.51434 631.67096 0.019607844 -486
18 518.5199 728.6205 0.019607844 -516
19 518.5199 728.6205 0.019607844 -516
20 516.5217 852.55597 0.019607844 -563
21 516.5217 852.55597 0.019607844 -563
22 513.52454 919.52106 0.019607844 -591
23 487.54858 899.5315 0.025490198 -591
24 394.6346 839.5627 0.019607844 -636
25 379.163 830.4327 0.019607844 -636
26 365.11905 822.2098 0.019607844 -652
27 362.6642 820.5726 0.019607844 -684
28 362.6642 820.5726 0.019607844 -699
0 652.39594 387.798 0.01764706 -17
1 652.39594 387.798 0.01764706 -17
2 652.39594 387.798 0.019607844 -32
3 640.4442 388.5066 0.019607844 -65
4 562.6865 400.1175 0.019607844 -98
5 521.5171 406.78812 0.019607844 -165
6 526.5125 427.7772 0.025490198 -188
7 459.57446 431.77512 0.019607844 -226
8 426.605 431.77512 0.019607844 -226
9 433.5985 443.76886 0.025490198 -256
10 408.62164 439.77094 0.019607844 -295
11 397.749 434.83215 0.019607844 -295
12 394.6346 432.7746 0.019607844 -314
13 407.62256 445.76782 0.025490198 -324
14 416.61426 458.76105 0.019607844 -381
15 407.62256 459.76053 0.019607844 -381
16 423.6078 487.74594 0.025490198 -400
17 409.62073 490.7444 0.019607844 -429
18 383.64478 575.70013 0.019607844 -429
19 383.64478 575.70013 0.019607844 -465
20 389.63922 690.64026 0.019607844 -493
21 388.64014 715.62726 0.019607844 -493
22 388.64014 715.62726 0.019607844 -520
23 390.6383 819.5731 0.019607844 -538
24 390.6383 819.5731 0.019607844 -538
25 389.63922 819.5731 0.01764706 -596
26 389.63922 819.5731 0.01764706 -610
