0 608.43665 1052.4518 0.01764706 -94
1 535.52734 1050.5968 0.019607844 -94
2 461.881 1050.9872 0.019607844 -143
3 431.21176 1051.4524 0.019607844 -176
4 407.5745 1054.6685 0.019607844 -192
5 383.44507 1057.649 0.019607844 -209
6 364.24774 1067.1191 0.019607844 -225
7 350.2113 1077.1227 0.019607844 -242
8 336.79224 1090.328 0.019607844 -258
9 321.70212 1111.4211 0.019607844 -275
10 305.55756 1140.3302 0.019607844 -291
11 293.96323 1174.6819 0.019607844 -308
12 286.60757 1208.1605 0.019607844 -324
13 281.49557 1258.3918 0.019607844 -341
14 276.92743 1334.8116 0.019607844 -357
15 275.7447 1369.3657 0.019607844 -390
16 274.7456 1400.1018 0.019607844 -407
17 273.04178 1422.3135 0.019607844 -424
18 271.24884 1437.2512 0.019607844 -440
19 269.2378 1447.2979 0.019607844 -455
20 267.31183 1454.5643 0.019607844 -473
21 265.38553 1458.9777 0.019607844 -490
22 265.75394 1460.2394 0.019607844 -506
23 265.75394 1462.2384 0.019607844 -512
0 720.333 508.73502 0.01764706 0
1 709.76624 505.34262 0.019607844 -5
2 687.3122 504.7371 0.019607844 -39
3 653.0202 504.31372 0.019607844 -55
4 612.6613 504.29315 0.019607844 -72
5 571.8614 506.46088 0.019607844 -88
6 533.3899 502.73816 0.019607844 -105
7 458.71152 504.30194 0.019607844 -121
8 430.28806 507.9772 0.019607844 -154
9 406.29788 512.96185 0.019607844 -171
10 377.59494 545.3578 0.019607844 -187
11 363.5941 599.06396 0.019607844 -220
12 357.89545 650.599 0.019607844 -237
13 357.66882 696.5346 0.019607844 -253
14 357.66882 740.08167 0.019607844 -270
15 357.66882 780.5934 0.019607844 -286
16 358.6679 820.0729 0.019607844 -303
17 358.6679 848.6753 0.019607844 -319
18 359.83478 872.5608 0.019607844 -336
19 359.667 894.2185 0.019607844 -352
20 359.667 920.6036 0.019607844 -369
21 359.667 939.31445 0.019607844 -385
22 359.667 951.7672 0.019607844 -402
23 359.667 960.701 0.01764706 -418
24 358.6679 963.49817 0.015686275 -435
25 358.6679 963.49817 0.015686275 -445
0 723.33026 1004.4768 0.019607844 -8
1 717.12695 1004.4768 0.019607844 -8
2 699.6212 1004.4768 0.019607844 -41
3 671.32263 1002.91895 0.019607844 -58
4 637.39044 1002.47784 0.019607844 -74
5 595.55194 997.8533 0.019607844 -91
6 555.07025 995.08026 0.019607844 -107
7 515.1791 993.48254 0.019607844 -124
8 464.90717 996.35364 0.019607844 -140
9 408.6986 1003.0929 0.019607844 -157
10 387.14154 1010.4737 0.019607844 -190
11 369.47913 1020.3758 0.019607844 -206
12 353.10266 1032.6836 0.019607844 -223
13 318.09442 1109.5608 0.019607844 -239
14 307.86154 1150.8141 0.019607844 -272
15 300.817 1183.5406 0.019607844 -289
16 294.0318 1216.4114 0.019607844 -306
17 288.32748 1243.9113 0.019607844 -322
18 283.9865 1269.2174 0.019607844 -339
19 280.14325 1289.3152 0.019607844 -355
20 276.29272 1305.3516 0.019607844 -372
21 273.66916 1316.856 0.019607844 -388
22 271.76794 1326.2113 0.019607844 -405
23 269.846 1333.0181 0.019607844 -421
24 267.93997 1337.927 0.019607844 -438
25 267.75208 1340.0474 0.019607844 -454
26 267.75208 1340.3019 0.019607844 -471
27 267.75208 1341.3014 0.01764706 -473
0 705.3469 498.74023 0.019607844 0
1 696.2171 496.0289 0.019607844 0
2 678.371 493.9926 0.019607844 -30
3 650.52606 491.74387 0.019607844 -47
4 620.38763 493.2159 0.019607844 -63
5 585.2891 495.14038 0.019607844 -80
6 550.46454 497.00565 0.019607844 -96
7 517.6773 501.09442 0.019607844 -113
8 481.1394 505.79068 0.019607844 -129
9 454.26047 514.1318 0.019607844 -146
10 431.6367 523.3472 0.019607844 -162
11 411.69308 534.27716 0.019607844 -179
12 393.16357 552.6318 0.019607844 -195
13 376.60385 589.93036 0.019607844 -212
14 362.67667 695.46313 0.019607844 -228
15 363.66327 764.946 0.019607844 -261
16 365.61597 805.6249 0.019607844 -278
17 368.51685 843.1475 0.019607844 -294
18 369.6577 869.07245 0.019607844 -311
19 370.3664 888.6303 0.019607844 -327
20 371.65588 903.0303 0.019607844 -344
21 370.6568 911.7002 0.019607844 -360
22 370.6568 917.9565 0.019607844 -377
23 370.6568 925.052 0.015686275 -393
24 369.6577 925.51794 0.015686275 -426
25 369.6577 925.51794 0.015686275 -433
0 738.3164 929.51587 0.019607844 -9
1 724.2088 929.51587 0.019607844 -9
2 696.4054 928.51636 0.01764706 -42
3 654.77966 927.5169 0.01764706 -58
4 607.988 924.436 0.01764706 -75
5 512.6845 913.54407 0.01764706 -91
6 431.75507 910.52576 0.019607844 -124
7 395.16702 913.4615 0.019607844 -158
8 371.20624 918.13434 0.019607844 -174
9 354.502 925.6027 0.019607844 -191
10 342.05292 936.8039 0.019607844 -207
11 330.33478 962.6965 0.019607844 -224
12 323.30933 1003.67993 0.01764706 -240
13 321.31006 1051.2631 0.01764706 -257
14 319.45496 1088.6675 0.019607844 -273
15 319.70398 1134.9613 0.019607844 -290
16 317.6056 1196.9895 0.019607844 -306
17 315.65823 1244.4403 0.019607844 -323
18 312.77423 1282.6615 0.019607844 -339
19 310.79694 1314.96 0.019607844 -356
20 307.867 1348.0171 0.01764706 -372
21 305.9453 1370.7714 0.019607844 -389
22 303.30197 1389.071 0.019607844 -405
23 301.08118 1404.109 0.019607844 -422
24 299.13516 1413.6152 0.019607844 -438
25 297.72433 1419.3475 0.019607844 -455
26 297.72433 1423.2114 0.019607844 -471
27 297.72433 1425.6984 0.019607844 -488
28 297.72433 1426.2571 0.01764706 -504
29 297.72433 1427.2566 0.01764706 -509
0 669.3802 538.7194 0.015686275 -4
1 667.3723 537.715 0.01764706 -30
2 655.6646 534.78937 0.01764706 -47
3 635.52185 532.8234 0.01764706 -63
4 602.8328 531.0625 0.01764706 -80
5 527.3246 528.0656 0.019607844 -96
6 484.62073 524.1805 0.01764706 -129
7 445.89316 521.8469 0.019607844 -146
8 409.80472 518.7298 0.019607844 -162
9 380.85257 518.7298 0.019607844 -179
10 354.98206 519.7293 0.01764706 -195
11 322.7957 534.80927 0.019607844 -212
12 310.51382 549.5117 0.019607844 -245
13 299.93332 571.55365 0.019607844 -261
14 293.85294 600.93677 0.01764706 -278
15 291.7299 635.6349 0.01764706 -294
16 291.7299 672.227 0.01764706 -311
17 293.14124 710.2964 0.01764706 -328
18 295.09027 748.5163 0.01764706 -344
19 295.7262 780.671 0.01764706 -361
20 295.7262 838.2797 0.01764706 -377
21 295.7262 894.24054 0.01764706 -410
22 294.70886 911.67114 0.01764706 -443
23 294.7271 925.38245 0.01764706 -460
24 292.80463 935.1342 0.01764706 -476
25 292.72894 941.15967 0.01764706 -493
26 292.72894 947.21204 0.01764706 -509
27 292.72894 948.506 0.01764706 -542
28 292.72894 948.506 0.01764706 -575
29 292.72894 948.506 0.01764706 -579
0 660.38855 511.73346 0.019607844 0
1 644.85333 510.73398 0.01764706 -4
2 614.5375 508.85144 0.01764706 -38
3 583.33026 511.60883 0.01764706 -54
4 551.6189 512.7329 0.01764706 -71
5 520.39905 516.1569 0.01764706 -87
6 454.40485 525.36127 0.01764706 -104
7 423.54565 529.6074 0.01764706 -137
8 400.48645 537.2266 0.01764706 -153
9 386.15118 545.13965 0.01764706 -170
10 374.11023 556.2536 0.01764706 -186
11 351.24887 582.12274 0.015686275 -203
12 347.67807 588.69336 0.015686275 -219
13 347.67807 588.69336 0.015686275 -226
0 689.3617 513.7324 0.01764706 -7
1 687.5673 512.83484 0.01764706 -17
2 678.49133 512.7329 0.019607844 -31
3 657.38464 511.041 0.01764706 -48
4 630.49347 512.9002 0.019607844 -65
5 596.13275 514.6559 0.019607844 -81
6 526.8653 519.041 0.019607844 -98
7 491.78976 522.8115 0.019607844 -131
8 451.4829 529.4241 0.019607844 -147
9 422.02136 535.3995 0.019607844 -164
10 401.12326 543.33105 0.019607844 -181
11 387.01025 554.34265 0.01764706 -197
12 372.03534 572.632 0.01764706 -214
13 358.22098 600.0746 0.01764706 -230
14 346.48666 688.8399 0.01764706 -247
15 348.32797 746.36865 0.01764706 -280
16 356.89853 850.6485 0.01764706 -296
17 358.8582 914.1894 0.01764706 -330
18 359.8097 950.0763 0.01764706 -346
19 359.667 975.60565 0.01764706 -363
20 359.667 990.6543 0.01764706 -379
21 358.6792 999.4342 0.01764706 -396
22 358.6679 1004.38293 0.01764706 -412
23 358.6679 1006.3852 0.01764706 -429
24 358.6679 1007.4752 0.01764706 -445
25 358.6679 1007.4752 0.015686275 -462
26 358.6679 1007.4752 0.015686275 -463
0 732.3219 959.50024 0.01764706 0
1 730.2835 959.50024 0.01764706 -3
2 716.5593 960.475 0.01764706 -29
3 697.02936 964.1933 0.019607844 -46
4 667.2058 969.691 0.019607844 -62
5 632.7222 975.16235 0.019607844 -79
6 552.992 984.20123 0.019607844 -95
7 505.54822 990.0338 0.019607844 -128
8 468.2808 993.5126 0.019607844 -145
9 438.30637 997.9717 0.019607844 -161
10 411.48862 1003.5843 0.019607844 -178
11 391.1167 1010.68207 0.019607844 -194
12 372.24503 1019.674 0.019607844 -211
13 358.11398 1030.6527 0.019607844 -227
14 340.20148 1061.4142 0.019607844 -244
15 327.2847 1106.2379 0.019607844 -261
16 320.73105 1152.1758 0.019607844 -277
17 317.8101 1191.2922 0.019607844 -294
18 317.70584 1231.0205 0.019607844 -310
19 317.70584 1263.5499 0.019607844 -327
20 317.70584 1290.9501 0.019607844 -343
21 317.70584 1311.88 0.019607844 -360
22 317.18234 1326.9768 0.019607844 -376
23 315.27884 1337.4495 0.019607844 -393
24 312.57318 1350.7086 0.019607844 -409
25 312.71045 1357.1035 0.019607844 -442
26 312.71045 1360.6587 0.019607844 -459
27 312.71045 1362.418 0.019607844 -475
28 312.71045 1364.3572 0.019607844 -492
29 312.71045 1364.3572 0.019607844 -509
0 663.38574 496.74127 0.01764706 -9
1 659.81506 495.55054 0.019607844 -9
2 641.29736 493.53204 0.019607844 -37
3 610.3129 493.74283 0.019607844 -53
4 573.78534 495.77774 0.019607844 -70
5 535.147 498.67264 0.019607844 -87
6 500.10587 502.4679 0.019607844 -103
7 466.55408 505.93927 0.019607844 -120
8 441.09674 511.3397 0.019607844 -136
9 412.1184 515.7313 0.019607844 -153
10 391.67123 528.0386 0.019607844 -169
11 373.6545 543.49426 0.019607844 -186
12 357.8047 566.0012 0.019607844 -203
13 343.7632 593.5045 0.019607844 -219
14 333.23334 625.40985 0.019607844 -236
15 329.8615 672.6436 0.019607844 -252
16 330.4422 716.58215 0.019607844 -269
17 334.13953 796.1149 0.019607844 -286
18 334.6901 837.7033 0.019607844 -319
19 334.6901 872.0032 0.019607844 -335
20 334.6901 894.29987 0.019607844 -352
21 332.28842 908.7579 0.019607844 -368
22 329.12057 917.67145 0.019607844 -385
23 326.47876 923.17596 0.01764706 -402
24 324.54562 926.82495 0.01764706 -418
25 321.46695 931.86774 0.01764706 -435
26 318.56616 935.65155 0.015686275 -451
27 316.70676 937.5117 0.015686275 -468
28 316.70676 937.5117 0.015686275 -476
0 729.3247 988.48517 0.01764706 -6
1 729.3247 988.48517 0.01764706 -16
2 492.54395 984.48724 0.01764706 -130
3 492.54395 984.48724 0.01764706 -130
4 479.3977 985.79486 0.01764706 -142
5 462.38733 991.21185 0.01764706 -159
6 446.21823 999.0879 0.01764706 -175
7 431.2014 1008.7598 0.01764706 -192
8 413.88968 1029.1001 0.01764706 -209
9 398.3525 1058.9156 0.01764706 -225
10 385.67056 1097.6602 0.019607844 -242
11 375.94193 1138.9568 0.019607844 -258
12 368.2083 1184.0876 0.019607844 -275
13 360.35303 1231.082 0.019607844 -292
14 352.19485 1283.1919 0.019607844 -308
15 346.4106 1318.9248 0.019607844 -325
16 341.9056 1341.5792 0.019607844 -341
17 338.0679 1357.769 0.019607844 -358
18 335.46222 1368.4231 0.019607844 -374
19 333.5418 1376.8804 0.019607844 -391
20 331.62268 1381.421 0.019607844 -408
21 331.69287 1385.2855 0.019607844 -424
22 331.69287 1387.2314 0.019607844 -441
23 331.69287 1388.2769 0.019607844 -457
24 331.69287 1388.2769 0.01764706 -466
0 660.38855 505.73657 0.01764706 -8
1 660.38855 505.73657 0.019607844 -8
2 658.22424 504.654 0.019607844 -34
3 648.28864 502.71967 0.019607844 -51
4 605.97864 501.73868 0.019607844 -67
5 539.5232 505.73657 0.019607844 -100
6 470.80777 509.31848 0.019607844 -134
7 412.76453 514.98865 0.019607844 -167
8 387.7158 522.0713 0.019607844 -200
9 364.7265 533.8412 0.019607844 -216
10 349.03677 546.1506 0.019607844 -233
11 331.95886 567.80493 0.019607844 -249
12 319.60916 596.94214 0.019607844 -266
13 310.98038 631.4637 0.019607844 -283
14 306.03104 667.66547 0.019607844 -299
15 302.9434 705.37854 0.019607844 -316
16 302.01337 741.0471 0.019607844 -332
17 301.72064 771.36346 0.019607844 -349
18 301.72064 799.0838 0.019607844 -365
19 301.72064 820.32434 0.019607844 -381
20 301.72064 856.6488 0.019607844 -399
21 300.3489 868.7854 0.019607844 -432
22 300.72156 875.3716 0.019607844 -448
23 300.72156 882.1785 0.019607844 -465
24 300.72156 886.8598 0.019607844 -481
25 300.72156 890.77386 0.019607844 -498
26 300.72156 892.59235 0.01764706 -514
27 300.72156 894.5396 0.015686275 -531
28 300.72156 894.5396 0.015686275 -548
0 735.31915 989.4846 0.019607844 -8
1 733.321 988.48517 0.01764706 -8
2 726.2656 988.48517 0.019607844 -34
3 709.7838 990.4351 0.01764706 -51
4 685.4287 993.2076 0.01764706 -67
5 656.65125 996.04663 0.01764706 -84
6 588.8255 1003.28296 0.01764706 -100
7 524.7872 1013.8174 0.01764706 -133
8 496.53497 1020.80304 0.01764706 -166
9 470.85995 1030.007 0.01764706 -183
10 451.24188 1044.5729 0.01764706 -200
11 428.18173 1070.1014 0.01764706 -216
12 408.39023 1106.8867 0.01764706 -233
13 384.94504 1197.3483 0.01764706 -249
14 369.47635 1297.3224 0.01764706 -282
15 360.63336 1377.0935 0.019607844 -315
16 357.55817 1407.9313 0.019607844 -348
17 353.6729 1428.2542 0.019607844 -365
18 352.2277 1442.3721 0.019607844 -381
19 350.29218 1453.1605 0.019607844 -398
20 349.67624 1458.2335 0.019607844 -414
21 349.67624 1463.3733 0.01764706 -431
22 349.67624 1464.2373 0.01764706 -464
23 349.67624 1464.2373 0.01764706 -470
0 667.3821 479.75012 0.01764706 -18
1 664.42535 479.75012 0.01764706 -18
2 644.2043 478.65076 0.01764706 -43
3 606.9859 473.48935 0.01764706 -59
4 564.705 469.6882 0.01764706 -76
5 516.92865 463.68118 0.01764706 -92
6 438.81268 455.98453 0.019607844 -109
7 384.45847 461.82132 0.019607844 -142
8 364.27368 472.0459 0.019607844 -175
9 347.8075 489.9436 0.019607844 -191
10 327.79926 524.1317 0.01764706 -208
11 325.355 575.6685 0.019607844 -224
12 333.07104 636.32477 0.019607844 -241
13 343.67734 699.94055 0.019607844 -258
14 349.99188 747.0331 0.019607844 -274
15 356.53842 817.60266 0.019607844 -291
16 356.66974 845.14374 0.019607844 -324
17 356.66974 864.661 0.019607844 -340
18 356.66974 878.4648 0.019607844 -357
19 356.66974 888.44666 0.019607844 -373
20 356.66974 895.2338 0.019607844 -390
21 356.66974 899.729 0.019607844 -406
22 356.66974 903.055 0.019607844 -423
23 356.66974 904.9433 0.019607844 -439
24 356.66974 906.89325 0.019607844 -456
25 356.66974 908.8119 0.019607844 -472
26 356.66974 910.8361 0.01764706 -489
27 356.66974 910.52576 0.015686275 -505
28 356.66974 910.52576 0.015686275 -511
0 708.3441 574.7007 0.01764706 0
1 704.77325 572.3191 0.01764706 -14
2 687.883 567.2112 0.01764706 -32
3 658.8903 559.2401 0.01764706 -48
4 625.4581 552.5517 0.01764706 -65
5 587.16376 545.6833 0.01764706 -81
6 549.097 540.8048 0.01764706 -98
7 516.0866 541.62585 0.01764706 -114
8 484.54446 542.71735 0.019607844 -131
9 460.01532 546.14197 0.019607844 -147
10 438.08234 552.08044 0.019607844 -164
11 418.73346 561.63477 0.019607844 -180
12 399.78842 574.3898 0.019607844 -197
13 384.3792 592.4596 0.019607844 -213
14 366.97482 626.25525 0.019607844 -230
15 351.8067 742.0378 0.019607844 -246
16 352.63144 798.4904 0.019607844 -279
17 354.54813 844.59424 0.019607844 -296
18 355.6707 882.07837 0.019607844 -312
19 355.6707 909.8781 0.019607844 -329
20 354.02448 934.9903 0.019607844 -346
21 352.09543 951.55426 0.019607844 -362
22 350.2159 961.33856 0.019607844 -379
23 348.67715 971.8513 0.019607844 -395
24 348.67715 976.2288 0.019607844 -428
25 348.67715 977.8518 0.01764706 -445
26 348.67715 977.8518 0.01764706 -461
0 709.3432 510.73398 0.01764706 -4
1 703.45496 508.76157 0.01764706 -14
2 686.9058 507.73553 0.01764706 -39
3 663.40857 507.73553 0.01764706 -56
4 635.08276 510.6446 0.01764706 -72
5 611.43384 511.73346 0.015686275 -89
6 611.43384 511.73346 0.015686275 -97
7 442.5902 530.7236 0.015686275 -156
8 434.49185 532.7578 0.01764706 -156
9 418.42996 539.3558 0.019607844 -171
10 399.19824 548.84314 0.01764706 -188
11 382.64795 561.9553 0.019607844 -204
12 365.76773 580.5558 0.019607844 -221
13 348.37653 607.6963 0.019607844 -237
14 320.3921 676.23706 0.019607844 -254
15 314.50723 719.03644 0.019607844 -287
16 317.21 762.151 0.019607844 -303
17 321.2741 805.29626 0.019607844 -320
18 323.89804 852.71234 0.019607844 -336
19 326.6975 904.8377 0.019607844 -353
20 326.6975 925.3963 0.019607844 -386
21 326.6975 941.9987 0.019607844 -402
22 326.6975 952.8904 0.019607844 -419
23 324.0879 964.10986 0.01764706 -436
24 320.22974 966.4966 0.015686275 -469
25 318.7049 967.4961 0.015686275 -502
26 318.7049 967.4961 0.015686275 -513
0 730.3238 1028.4644 0.01764706 -5
1 728.3256 1027.4648 0.01764706 -5
2 716.4437 1027.4648 0.01764706 -32
3 697.76215 1027.4648 0.01764706 -49
4 669.3351 1027.4648 0.01764706 -65
5 634.74133 1026.5317 0.01764706 -82
6 548.89746 1023.4669 0.01764706 -99
7 506.21152 1022.75775 0.01764706 -132
8 468.706 1024.0466 0.019607844 -148
9 435.91135 1025.9176 0.019607844 -165
10 408.21042 1029.0942 0.019607844 -181
11 383.91348 1039.6998 0.01764706 -198
12 369.45197 1050.3143 0.01764706 -215
13 357.12982 1067.2148 0.01764706 -231
14 339.0611 1126.1632 0.01764706 -248
15 334.0471 1190.3213 0.01764706 -281
16 333.69104 1222.594 0.01764706 -314
17 332.13794 1253.7737 0.01764706 -330
18 331.69287 1283.2883 0.01764706 -347
19 330.1513 1308.8345 0.01764706 -364
20 328.25482 1334.4819 0.01764706 -380
21 325.93427 1355.1138 0.01764706 -397
22 320.4306 1381.644 0.019607844 -413
23 316.57974 1395.6545 0.019607844 -446
24 314.64178 1399.4048 0.019607844 -479
25 314.70862 1402.2726 0.019607844 -496
26 314.70862 1404.1976 0.019607844 -513
27 314.70862 1405.2681 0.019607844 -529
28 314.70862 1405.2681 0.01764706 -546
29 314.70862 1405.2681 0.01764706 -562
30 314.70862 1405.2681 0.015686275 -577
31 314.70862 1405.2681 0.015686275 -589
0 708.3441 576.69965 0.01764706 0
1 708.3441 576.69965 0.019607844 -4
2 701.71185 575.5406 0.019607844 -23
3 688.74536 574.7007 0.019607844 -40
4 663.1804 574.687 0.019607844 -56
5 632.7009 576.62396 0.019607844 -73
6 560.4321 577.6991 0.019607844 -90
7 488.5727 579.69806 0.019607844 -123
8 435.09714 588.1936 0.019607844 -156
9 408.57443 597.8484 0.019607844 -189
10 381.15073 630.45166 0.019607844 -206
11 361.8019 689.8649 0.019607844 -239
12 357.6141 730.7151 0.019607844 -272
13 357.66882 765.52563 0.019607844 -289
14 357.66882 798.2108 0.019607844 -305
15 357.66882 823.77454 0.019607844 -322
16 357.66882 846.3624 0.019607844 -338
17 357.66882 866.0271 0.019607844 -355
18 356.66974 881.1591 0.019607844 -372
19 355.6707 892.7484 0.019607844 -388
20 354.25616 911.18866 0.019607844 -405
21 354.6716 918.02185 0.019607844 -438
22 354.6716 922.4466 0.019607844 -454
23 354.6716 924.98285 0.019607844 -471
24 354.6716 926.9011 0.019607844 -488
25 354.6716 928.8127 0.019607844 -504
26 354.6716 930.81366 0.019607844 -521
27 354.6716 932.5143 0.015686275 -537
28 354.6716 932.5143 0.015686275 -571
0 737.3173 1015.47107 0.01764706 -4
1 737.3173 1015.47107 0.01764706 -4
2 731.3219 1013.1386 0.01764706 -24
3 713.2921 1008.865 0.01764706 -41
4 713.2921 1008.865 0.01764706 -57
5 534.50507 987.48566 0.01764706 -138
6 527.1259 987.48566 0.01764706 -138
7 514.6787 993.4049 0.01764706 -157
8 501.5871 1000.5923 0.01764706 -173
9 473.3767 1027.7191 0.01764706 -190
10 453.36792 1058.4691 0.01764706 -223
11 434.74084 1099.6758 0.01764706 -240
12 422.2852 1143.8291 0.01764706 -256
13 415.5592 1187.7314 0.01764706 -273
14 408.7093 1230.7156 0.01764706 -290
15 401.92755 1269.4406 0.01764706 -306
16 395.05762 1303.2042 0.01764706 -323
17 389.27667 1327.76 0.01764706 -339
18 385.1482 1348.0262 0.01764706 -356
19 381.26312 1363.1334 0.01764706 -373
20 378.9542 1373.0645 0.01764706 -389
21 376.65125 1383.2725 0.01764706 -406
22 376.65125 1386.6501 0.015686275 -439
23 376.65125 1387.2775 0.015686275 -472
24 376.65125 1388.2769 0.015686275 -477
0 671.37836 568.7038 0.015686275 0
1 671.37836 568.7038 0.015686275 -5
2 659.2604 567.30994 0.015686275 -33
3 651.39685 566.70483 0.015686275 -50
4 641.4061 565.7053 0.01764706 -55
5 358.6679 881.54083 0.019607844 -337
6 358.6679 909.5744 0.019607844 -337
7 358.6679 956.83136 0.019607844 -348
8 358.6679 973.16034 0.019607844 -381
9 358.6679 989.25604 0.019607844 -398
10 358.6679 993.42255 0.019607844 -431
11 358.6679 995.9368 0.019607844 -448
12 358.6679 997.48047 0.01764706 -464
13 358.6679 997.48047 0.015686275 -481
14 358.6679 997.48047 0.015686275 -494
0 638.4089 542.71735 0.015686275 -5
1 631.78546 537.905 0.013725491 -23
2 621.4858 533.88226 0.015686275 -42
3 594.4052 529.46313 0.015686275 -59
4 566.21484 523.89233 0.015686275 -75
5 528.7936 516.98737 0.015686275 -92
6 492.02032 509.93985 0.01764706 -108
7 456.542 502.3183 0.01764706 -125
8 424.19965 499.22144 0.019607844 -142
9 376.32327 502.79782 0.01764706 -158
10 357.76263 510.18732 0.01764706 -191
11 340.3991 521.973 0.01764706 -208
12 326.7629 541.6057 0.01764706 -224
13 316.01956 573.57745 0.01764706 -241
14 309.95395 616.78723 0.01764706 -258
15 309.37836 666.1282 0.019607844 -274
16 315.03207 718.089 0.019607844 -291
17 322.5062 770.93317 0.019607844 -307
18 338.3818 874.79315 0.019607844 -324
19 344.82703 921.6905 0.019607844 -357
20 347.205 947.77106 0.019607844 -374
21 347.67807 964.38385 0.01764706 -390
22 347.67807 975.3794 0.01764706 -407
23 347.67807 981.8436 0.01764706 -423
24 347.67807 986.2952 0.01764706 -440
25 347.67807 987.9161 0.01764706 -457
26 347.67807 988.48517 0.01764706 -473
27 347.67807 988.48517 0.01764706 -490
28 347.67807 988.48517 0.01764706 -495
0 659.38947 559.7085 0.019607844 -5
1 659.38947 559.7085 0.019607844 -5
2 650.85223 554.78394 0.019607844 -33
3 633.3647 548.03156 0.019607844 -50
4 605.3934 540.90594 0.019607844 -67
5 575.9675 534.3646 0.019607844 -83
6 515.4303 527.64716 0.019607844 -100
7 464.13867 529.2573 0.019607844 -133
8 441.92456 535.87225 0.019607844 -166
9 422.09393 547.7821 0.019607844 -183
10 402.45795 568.8284 0.019607844 -199
11 383.5808 606.24335 0.019607844 -216
12 365.78836 717.3557 0.019607844 -232
13 363.16373 771.59814 0.019607844 -266
14 366.66565 815.28143 0.019607844 -282
15 371.35245 857.86426 0.019607844 -299
16 373.96252 891.78516 0.019607844 -315
17 375.92276 920.5834 0.019607844 -332
18 376.65125 941.5689 0.019607844 -349
19 376.65125 956.7214 0.019607844 -365
20 375.65216 962.9902 0.019607844 -382
21 373.5615 964.5902 0.019607844 -398
22 371.60422 966.5483 0.019607844 -415
23 370.6568 967.4961 0.019607844 -432
24 370.6568 967.4961 0.019607844 -448
25 370.6568 967.4961 0.01764706 -465
26 370.6568 967.4961 0.01764706 -481
27 370.6568 967.4961 0.015686275 -498
28 370.6568 967.4961 0.015686275 -506
0 704.34784 501.73868 0.01764706 -16
1 700.1344 501.73868 0.019607844 -16
2 682.716 501.73868 0.019607844 -35
3 627.1014 505.0267 0.019607844 -52
4 552.6603 514.4943 0.019607844 -85
5 521.46985 519.542 0.019607844 -118
6 492.34128 527.0262 0.019607844 -134
7 467.3845 534.7777 0.019607844 -151
8 447.23743 542.45685 0.019607844 -168
9 414.00775 567.01465 0.019607844 -184
10 397.9837 585.75464 0.019607844 -217
11 382.1609 615.5722 0.019607844 -234
12 372.33926 648.0844 0.019607844 -251
13 366.16095 682.6444 0.019607844 -267
14 361.7215 729.5841 0.019607844 -283
15 359.23267 762.55865 0.019607844 -300
16 357.28894 795.0496 0.019607844 -317
17 356.66974 821.75226 0.019607844 -333
18 355.4111 844.678 0.019607844 -350
19 355.6707 867.1813 0.019607844 -367
20 355.6707 896.1849 0.019607844 -383
21 355.6707 912.3315 0.019607844 -416
22 355.6707 920.32086 0.019607844 -450
23 355.6707 922.399 0.019607844 -483
24 355.6707 924.3588 0.019607844 -499
25 354.83734 925.51794 0.01764706 -516
26 354.6716 925.51794 0.01764706 -533
27 354.6716 925.51794 0.01764706 -534
0 664.3848 514.7319 0.01764706 -8
1 664.3848 514.7319 0.01764706 -8
2 664.3848 514.7319 0.01764706 -26
3 659.4442 514.7319 0.01764706 -43
4 641.15546 513.40753 0.019607844 -59
5 619.26025 513.7324 0.019607844 -76
6 588.2174 513.7324 0.019607844 -93
7 553.80475 513.7324 0.019607844 -109
8 493.10226 514.6345 0.019607844 -126
9 463.84946 516.6879 0.019607844 -159
10 424.5957 529.3959 0.019607844 -176
11 406.7287 538.9941 0.019607844 -209
12 392.48618 555.4551 0.019607844 -225
13 366.12094 651.7476 0.019607844 -242
14 370.00458 750.7336 0.019607844 -275
15 375.66083 806.98505 0.019607844 -308
16 381.30298 845.1519 0.019607844 -325
17 384.97583 879.3664 0.019607844 -341
18 385.6429 904.9266 0.019607844 -358
19 385.6429 926.3661 0.019607844 -375
20 385.6429 939.6589 0.019607844 -391
21 383.64478 953.08984 0.019607844 -408
22 383.64478 958.2618 0.019607844 -441
23 383.64478 959.50024 0.01764706 -474
24 383.64478 959.50024 0.015686275 -491
25 383.64478 959.50024 0.015686275 -492
0 651.39685 498.74023 0.01764706 -15
1 650.39777 498.74023 0.019607844 -15
2 638.90784 496.74127 0.019607844 -34
3 595.1949 500.04343 0.01764706 -50
4 539.08307 509.78363 0.01764706 -84
5 480.98804 522.54865 0.019607844 -117
6 453.73523 530.6758 0.019607844 -150
7 430.4394 540.36945 0.019607844 -166
8 409.96298 550.9807 0.019607844 -183
9 393.20688 565.1347 0.019607844 -200
10 376.05063 587.9623 0.019607844 -216
11 361.647 620.0619 0.019607844 -233
12 352.36612 654.6201 0.019607844 -249
13 347.1271 694.21967 0.019607844 -266
14 348.1759 752.56 0.019607844 -283
15 351.60312 797.87115 0.019607844 -299
16 354.11438 835.9681 0.019607844 -316
17 356.08893 872.081 0.019607844 -332
18 358.01785 896.7252 0.019607844 -349
19 358.96222 920.7608 0.019607844 -365
20 359.667 946.6401 0.019607844 -382
21 359.667 954.0105 0.019607844 -415
22 359.667 958.7796 0.019607844 -432
23 359.667 961.72833 0.01764706 -448
24 359.667 963.60065 0.01764706 -465
25 359.667 964.6199 0.015686275 -482
26 359.667 964.6199 0.015686275 -498
0 661.38763 506.73605 0.01764706 0
1 657.85803 505.55905 0.01764706 -5
2 639.72095 503.36914 0.01764706 -33
3 618.8578 502.73816 0.01764706 -49
4 589.8192 500.51215 0.019607844 -66
5 529.5471 499.73972 0.019607844 -83
6 469.72668 503.559 0.019607844 -116
7 429.12903 517.96704 0.019607844 -149
8 397.08972 547.0747 0.019607844 -182
9 368.93405 642.01184 0.019607844 -215
10 365.22427 688.2682 0.019607844 -249
11 364.66235 729.69073 0.019607844 -265
12 364.66235 771.78864 0.019607844 -282
13 364.66235 802.37134 0.01764706 -298
14 364.66235 832.8228 0.019607844 -315
15 366.92368 861.23944 0.01764706 -331
16 366.6605 886.3253 0.019607844 -348
17 366.6605 910.49634 0.019607844 -365
18 366.6605 931.8425 0.019607844 -381
19 366.6605 945.0383 0.01764706 -398
20 365.66144 953.76636 0.01764706 -414
21 365.66144 958.6585 0.01764706 -431
22 365.66144 963.57825 0.01764706 -448
23 365.66144 966.52264 0.01764706 -464
24 365.66144 967.4961 0.01764706 -481
25 365.66144 967.4961 0.015686275 -497
26 364.66235 967.4961 0.015686275 -514
27 364.66235 967.4961 0.015686275 -522
0 679.371 507.73553 0.01764706 -5
1 673.14087 507.73553 0.01764706 -5
2 656.92206 507.73553 0.019607844 -41
3 633.11127 508.8435 0.01764706 -57
4 602.29553 510.8014 0.01764706 -74
5 573.4444 513.7357 0.01764706 -90
6 542.50397 516.6717 0.01764706 -107
7 489.75922 528.03656 0.019607844 -124
8 464.85602 535.2274 0.019607844 -157
9 444.39957 545.09186 0.019607844 -173
10 423.07413 559.6892 0.019607844 -190
11 401.69427 582.24884 0.01764706 -206
12 381.95453 623.09674 0.01764706 -223
13 369.44263 680.77295 0.019607844 -240
14 363.6075 729.4185 0.01764706 -256
15 362.35812 780.86554 0.019607844 -273
16 363.91177 823.54565 0.019607844 -289
17 371.19818 868.3408 0.019607844 -306
18 374.94482 898.72174 0.019607844 -322
19 376.77353 923.9874 0.019607844 -339
20 378.7109 940.00275 0.019607844 -356
21 378.6494 950.45074 0.019607844 -372
22 378.6494 957.41486 0.019607844 -389
23 376.88208 961.4992 0.01764706 -405
24 376.65125 961.4992 0.015686275 -438
25 376.65125 961.4992 0.015686275 -456
0 661.38763 557.70953 0.01764706 -10
1 661.38763 557.70953 0.01764706 -10
2 661.38763 557.70953 0.01764706 -25
3 642.622 554.06885 0.019607844 -41
4 604.0997 551.71265 0.019607844 -75
5 574.3701 551.71265 0.019607844 -101
6 542.4316 550.1763 0.019607844 -118
7 516.5818 549.7137 0.019607844 -134
8 491.91318 551.29987 0.019607844 -151
9 470.06476 553.2118 0.019607844 -167
10 451.30368 556.6608 0.019607844 -184
11 435.26318 561.8186 0.019607844 -200
12 420.15707 571.23615 0.019607844 -217
13 406.74832 585.83777 0.019607844 -233
14 392.52737 607.99774 0.01764706 -250
15 382.8217 663.91547 0.019607844 -266
16 381.64664 713.8823 0.019607844 -283
17 382.7376 758.6291 0.019607844 -299
18 384.71304 807.3109 0.019607844 -316
19 391.34256 890.5851 0.019607844 -332
20 393.54266 926.2162 0.019607844 -366
21 394.6346 956.4968 0.019607844 -382
22 394.6346 998.6562 0.019607844 -399
23 393.63553 1017.9341 0.01764706 -432
24 393.63553 1021.46796 0.01764706 -465
25 393.63553 1021.46796 0.01764706 -475
0 660.38855 527.72516 0.019607844 0
1 660.38855 527.72516 0.019607844 -8
2 651.3915 525.7253 0.019607844 -33
3 632.98865 522.8426 0.019607844 -50
4 576.5413 515.8696 0.019607844 -66
5 518.60455 515.3259 0.019607844 -99
6 463.5708 520.72876 0.019607844 -132
7 427.67755 541.6443 0.019607844 -165
8 393.60657 598.5035 0.019607844 -198
9 382.8929 646.07587 0.019607844 -232
10 378.12613 695.1849 0.019607844 -248
11 376.37463 745.53345 0.019607844 -265
12 376.65125 807.7468 0.019607844 -281
13 376.65125 843.4547 0.019607844 -298
14 372.64572 884.6039 0.019607844 -314
15 368.72855 906.24817 0.019607844 -347
16 366.73685 911.37244 0.019607844 -380
17 366.6605 915.3859 0.019607844 -397
18 366.6605 915.52313 0.01764706 -413
19 366.6605 916.52264 0.015686275 -414
