0 920.148 652.66003 0.019607844 -94
1 817.1227 663.51044 0.019607844 -94
2 747.61646 665.65326 0.019607844 -143
3 714.09796 665.65326 0.019607844 -176
4 692.5283 666.6528 0.019607844 -192
5 669.08057 667.75214 0.019607844 -209
6 647.11584 673.3892 0.019607844 -225
7 632.16956 683.3279 0.019607844 -242
8 618.5314 696.5331 0.019607844 -258
9 601.9426 719.1255 0.019607844 -275
10 586.2976 752.32214 0.019607844 -291
11 575.9962 791.4697 0.019607844 -308
12 570.9079 821.5167 0.019607844 -324
13 566.23193 878.8332 0.019607844 -341
14 563.4783 963.63727 0.019607844 -357
15 563.4783 998.5588 0.019607844 -390
16 563.4783 1032.8707 0.019607844 -407
17 563.4783 1058.2085 0.019607844 -424
18 563.4783 1074.9402 0.019607844 -440
19 562.9658 1082.9747 0.019607844 -455
20 561.4801 1088.3145 0.019607844 -473
21 561.4801 1092.1686 0.019607844 -490
22 561.4801 1092.431 0.019607844 -506
23 561.4801 1093.4304 0.019607844 -512
0 935.13416 834.5653 0.019607844 0
1 929.3512 834.5653 0.019607844 -5
2 909.1068 836.2824 0.019607844 -39
3 879.2344 838.71594 0.019607844 -55
4 840.3388 840.0066 0.019607844 -72
5 797.9274 839.2005 0.019607844 -88
6 761.0233 839.407 0.019607844 -105
7 686.7181 840.3446 0.019607844 -121
8 657.31964 844.04395 0.019607844 -154
9 636.90375 849.7865 0.01764706 -171
10 600.3886 870.3676 0.019607844 -187
11 577.3171 916.87866 0.01764706 -220
12 563.159 960.0049 0.019607844 -237
13 554.41437 1006.3732 0.019607844 -253
14 550.20795 1055.2762 0.019607844 -270
15 547.99255 1090.9319 0.019607844 -286
16 546.9935 1131.4108 0.019607844 -303
17 545.1754 1156.8751 0.019607844 -319
18 544.49585 1189.5636 0.019607844 -336
19 543.49677 1208.9015 0.019607844 -352
20 541.41534 1241.8529 0.019607844 -369
21 539.5223 1258.1702 0.019607844 -385
22 538.62415 1268.725 0.019607844 -402
23 538.5014 1275.7366 0.019607844 -418
24 538.5014 1278.3342 0.019607844 -435
25 538.5014 1280.3331 0.019607844 -445
0 964.1073 837.5637 0.019607844 -8
1 962.7056 837.5637 0.019607844 -8
2 949.38995 837.5637 0.019607844 -41
3 923.08954 837.0054 0.019607844 -58
4 887.7132 836.5643 0.019607844 -74
5 846.31976 834.25195 0.019607844 -91
6 806.83716 833.36523 0.019607844 -107
7 768.1681 832.56635 0.019607844 -124
8 720.60675 832.5027 0.019607844 -140
9 663.38586 838.2557 0.019607844 -157
10 640.9066 846.5591 0.01764706 -190
11 623.2442 852.8273 0.019607844 -206
12 606.86774 862.59766 0.019607844 -223
13 566.0963 937.1135 0.019607844 -239
14 554.63306 980.5269 0.019607844 -272
15 547.58856 1012.6297 0.019607844 -289
16 542.3672 1046.196 0.019607844 -306
17 538.56433 1073.5315 0.019607844 -322
18 534.7543 1098.3064 0.019607844 -339
19 530.9111 1123.5963 0.019607844 -355
20 527.0606 1136.9878 0.019607844 -372
21 523.36053 1148.9435 0.019607844 -388
22 520.53766 1158.3184 0.019607844 -405
23 518.61566 1166.0092 0.019607844 -421
24 516.7096 1171.0139 0.019607844 -438
25 515.52264 1174.8788 0.019607844 -454
26 515.52264 1175.3878 0.019607844 -471
27 515.52264 1176.3873 0.019607844 -473
0 932.1369 803.5814 0.019607844 0
1 929.5702 803.5814 0.019607844 0
2 917.3999 803.5814 0.01764706 -30
3 893.9344 803.5814 0.01764706 -47
4 865.6333 803.5814 0.019607844 -63
5 831.45953 803.5814 0.01764706 -80
6 797.2361 804.84534 0.01764706 -96
7 765.4479 806.7575 0.01764706 -113
8 728.92804 811.6314 0.01764706 -129
9 700.1529 817.0941 0.019607844 -146
10 675.9625 824.46643 0.019607844 -162
11 653.8763 836.11993 0.01764706 -179
12 636.3856 848.6886 0.01764706 -195
13 615.2401 881.0169 0.01764706 -212
14 588.48004 988.29193 0.019607844 -228
15 584.30273 1068.6316 0.019607844 -261
16 583.4598 1113.3281 0.019607844 -278
17 582.4607 1148.8463 0.019607844 -294
18 582.4607 1182.909 0.019607844 -311
19 581.752 1198.6316 0.019607844 -327
20 579.87964 1208.2878 0.019607844 -344
21 579.46344 1215.9979 0.019607844 -360
22 577.9867 1221.7982 0.019607844 -377
23 578.4644 1226.6279 0.019607844 -393
24 578.4644 1227.3607 0.019607844 -426
25 578.4644 1228.3602 0.019607844 -433
0 964.1073 756.6059 0.019607844 -9
1 954.7865 756.6059 0.019607844 -9
2 929.1898 756.6059 0.019607844 -42
3 888.5632 756.6059 0.019607844 -58
4 840.1492 756.6059 0.019607844 -75
5 743.4707 749.95593 0.01764706 -91
6 665.5386 743.57043 0.01764706 -124
7 626.9837 744.5809 0.01764706 -158
8 600.1234 747.3524 0.019607844 -174
9 582.2911 752.9215 0.019607844 -191
10 569.5038 765.2318 0.01764706 -207
11 556.44574 790.026 0.019607844 -224
12 545.1764 823.99097 0.019607844 -240
13 541.71356 877.60657 0.019607844 -257
14 541.4986 926.74603 0.01764706 -273
15 541.4986 965.85144 0.019607844 -290
16 542.59796 1041.2749 0.01764706 -306
17 542.4977 1081.4263 0.019607844 -323
18 541.5305 1125.807 0.019607844 -339
19 540.4995 1166.1906 0.019607844 -356
20 538.6533 1194.4012 0.019607844 -372
21 536.7316 1216.0806 0.019607844 -389
22 535.7953 1236.9847 0.019607844 -405
23 533.8656 1255.8264 0.019607844 -422
24 531.9196 1265.1047 0.019607844 -438
25 531.5079 1270.4252 0.019607844 -455
26 531.5079 1274.2892 0.019607844 -471
27 531.5079 1275.7764 0.019607844 -488
28 531.5079 1276.3352 0.019607844 -504
29 531.5079 1277.3347 0.019607844 -509
0 919.1489 834.5653 0.019607844 -4
1 918.14496 833.561 0.019607844 -30
2 911.326 831.6008 0.019607844 -47
3 891.28503 829.6688 0.019607844 -63
4 862.25354 828.5684 0.019607844 -80
5 785.08594 826.9099 0.019607844 -96
6 744.28723 824.47754 0.019607844 -129
7 705.534 821.13165 0.01764706 -146
8 670.20013 819.20984 0.019607844 -162
9 640.612 818.57367 0.01764706 -179
10 615.7406 818.57367 0.019607844 -195
11 577.74207 827.65674 0.01764706 -212
12 564.2789 837.0298 0.01764706 -245
13 553.1832 848.62036 0.019607844 -261
14 540.3747 876.0436 0.019607844 -278
15 529.8868 910.1635 0.019607844 -294
16 523.0791 946.12665 0.019607844 -311
17 519.1067 989.67474 0.019607844 -328
18 517.15765 1023.0099 0.019607844 -344
19 516.5217 1062.9266 0.019607844 -361
20 512.4743 1123.1313 0.019607844 -377
21 506.46686 1178.4777 0.019607844 -410
22 504.5146 1195.5233 0.019607844 -443
23 502.55728 1206.2588 0.019607844 -460
24 500.6122 1215.0641 0.019607844 -476
25 498.65497 1221.014 0.019607844 -493
26 497.5393 1229.7703 0.019607844 -509
27 497.5393 1233.3575 0.019607844 -542
28 497.5393 1233.3575 0.019607844 -575
29 497.5393 1234.357 0.019607844 -579
0 865.1989 609.68243 0.019607844 0
1 856.3352 608.84406 0.019607844 -4
2 832.9276 607.6835 0.019607844 -38
3 803.25134 607.6835 0.019607844 -54
4 771.8934 610.3344 0.019607844 -71
5 740.1955 611.6814 0.019607844 -87
6 675.655 614.22504 0.01764706 -104
7 647.28015 616.1499 0.01764706 -137
8 622.52765 618.0547 0.01764706 -153
9 602.8828 624.0985 0.019607844 -170
10 586.39923 633.95593 0.01764706 -186
11 572.7567 646.1317 0.01764706 -203
12 564.47736 664.6538 0.01764706 -219
13 558.4829 677.64703 0.019607844 -226
0 929.1397 815.5752 0.019607844 -7
1 929.1397 815.5752 0.019607844 -17
2 923.8909 813.76276 0.019607844 -31
3 908.5377 813.57623 0.019607844 -48
4 883.42664 815.1591 0.019607844 -65
5 849.9738 817.03644 0.019607844 -81
6 778.3211 820.7282 0.019607844 -98
7 745.5129 822.61346 0.019607844 -131
8 708.0453 826.36945 0.019607844 -147
9 680.46045 832.08417 0.019607844 -164
10 658.43945 840.4535 0.01764706 -181
11 640.45233 848.866 0.01764706 -197
12 623.64734 864.63495 0.019607844 -214
13 607.4977 885.46356 0.01764706 -230
14 580.49976 961.5426 0.019607844 -247
15 572.8191 1022.8751 0.019607844 -280
16 571.4709 1132.1584 0.019607844 -296
17 572.4699 1196.3285 0.019607844 -330
18 571.3282 1237.4979 0.019607844 -346
19 569.38 1257.1805 0.019607844 -363
20 567.45026 1271.508 0.019607844 -379
21 565.48773 1280.288 0.019607844 -396
22 563.5252 1287.1886 0.019607844 -412
23 562.4792 1291.1462 0.019607844 -429
24 562.4792 1293.1924 0.019607844 -445
25 562.4792 1293.3264 0.019607844 -462
26 562.4792 1294.3258 0.019607844 -463
0 932.1369 590.6923 0.019607844 0
1 932.1369 590.6923 0.019607844 -3
2 929.2139 589.7176 0.019607844 -29
3 920.0616 589.6929 0.019607844 -46
4 897.9203 590.4245 0.019607844 -62
5 867.5048 593.8042 0.019607844 -79
6 787.06146 601.0439 0.019607844 -95
7 740.0564 603.8228 0.019607844 -128
8 705.0916 608.713 0.01764706 -145
9 670.2611 610.5125 0.019607844 -161
10 643.9757 613.0853 0.01764706 -178
11 620.7998 617.43896 0.01764706 -194
12 599.59344 626.8786 0.019607844 -211
13 584.5394 636.49304 0.01764706 -227
14 566.85675 672.2912 0.01764706 -244
15 553.9923 722.2624 0.019607844 -261
16 550.49963 771.33673 0.01764706 -277
17 549.4912 811.6987 0.01764706 -294
18 551.32263 857.881 0.019607844 -310
19 554.013 891.79553 0.01764706 -327
20 556.17236 923.1416 0.01764706 -343
21 557.4838 943.6422 0.01764706 -360
22 557.4838 956.1219 0.01764706 -376
23 557.4838 964.2147 0.01764706 -393
24 557.4838 988.1723 0.019607844 -409
25 557.4838 995.2919 0.019607844 -442
26 557.4838 999.8467 0.019607844 -459
27 557.4838 1002.6054 0.019607844 -475
28 557.4838 1004.54456 0.01764706 -492
29 557.4838 1004.54456 0.01764706 -509
0 891.17487 592.6913 0.019607844 -9
1 883.22546 590.5011 0.019607844 -9
2 863.8805 590.6923 0.019607844 -37
3 832.34314 590.8101 0.019607844 -53
4 793.50995 591.7278 0.019607844 -70
5 756.9754 594.65643 0.019607844 -87
6 721.6304 596.5541 0.019607844 -103
7 690.87787 600.15594 0.019607844 -120
8 663.89044 603.7562 0.019607844 -136
9 639.40796 609.1827 0.01764706 -153
10 609.8167 618.99115 0.019607844 -169
11 589.0108 631.00433 0.01764706 -186
12 574.71185 643.313 0.01764706 -203
13 560.5625 671.46387 0.019607844 -219
14 548.12463 714.09924 0.01764706 -236
15 542.83124 750.9382 0.01764706 -252
16 539.7521 797.04395 0.01764706 -269
17 538.5014 878.86755 0.01764706 -286
18 538.5014 923.3963 0.01764706 -319
19 538.5014 952.9479 0.01764706 -335
20 538.5014 980.12164 0.01764706 -352
21 537.09875 999.11475 0.01764706 -368
22 536.2161 1012.7713 0.01764706 -385
23 534.2863 1021.3438 0.01764706 -402
24 532.3533 1026.9266 0.01764706 -418
25 531.39026 1029.5814 0.01764706 -435
26 529.4403 1031.5322 0.019607844 -451
27 529.5097 1032.4623 0.01764706 -468
28 528.5106 1032.4623 0.019607844 -476
0 925.1434 619.67725 0.019607844 -6
1 925.1434 619.67725 0.019607844 -16
2 751.3043 617.6783 0.01764706 -130
3 726.15216 617.6783 0.01764706 -130
4 696.72974 617.6783 0.01764706 -142
5 667.74084 617.6783 0.01764706 -159
6 647.8794 617.6783 0.01764706 -175
7 630.90234 630.0712 0.01764706 -192
8 614.67346 643.4526 0.01764706 -209
9 596.2594 672.2072 0.019607844 -225
10 580.8324 709.51984 0.01764706 -242
11 570.5038 756.89777 0.01764706 -258
12 564.6391 801.83606 0.019607844 -275
13 560.9023 853.4354 0.01764706 -292
14 557.99036 909.3727 0.01764706 -308
15 556.06226 943.2747 0.01764706 -325
16 554.098 969.71747 0.01764706 -341
17 552.17926 988.58044 0.01764706 -358
18 550.26337 1002.0682 0.01764706 -374
19 548.3429 1010.0713 0.01764706 -391
20 547.49304 1015.68176 0.01764706 -408
21 547.49304 1019.476 0.01764706 -424
22 547.49304 1021.422 0.01764706 -441
23 547.49304 1022.46747 0.01764706 -457
24 547.49304 1023.4669 0.01764706 -466
0 907.16003 783.59186 0.019607844 -8
1 905.16187 783.59186 0.019607844 -8
2 905.16187 783.59186 0.01764706 -34
3 903.1268 784.60986 0.01764706 -51
4 869.02716 792.1154 0.01764706 -67
5 804.278 797.26776 0.01764706 -100
6 734.812 799.58356 0.01764706 -134
7 678.51843 804.0949 0.01764706 -167
8 651.02423 808.47437 0.01764706 -200
9 629.4813 818.3903 0.01764706 -216
10 613.7917 830.7973 0.01764706 -233
11 596.6221 847.4758 0.01764706 -249
12 579.35284 878.7479 0.01764706 -266
13 566.87756 906.5216 0.019607844 -283
14 558.11206 944.52124 0.01764706 -299
15 552.93585 982.5625 0.01764706 -316
16 549.78394 1016.7825 0.019607844 -332
17 547.86664 1055.2156 0.01764706 -349
18 547.49304 1078.4382 0.019607844 -365
19 546.0193 1098.7042 0.019607844 -381
20 543.1102 1138.502 0.019607844 -399
21 542.4977 1148.2667 0.019607844 -432
22 540.22394 1155.5015 0.019607844 -448
23 540.4995 1161.0333 0.019607844 -465
24 540.4995 1164.7151 0.019607844 -481
25 540.4995 1168.6293 0.019607844 -498
26 540.4995 1170.4476 0.019607844 -514
27 540.4995 1172.3949 0.019607844 -531
28 540.4995 1172.3949 0.019607844 -548
0 954.1166 813.57623 0.019607844 -8
1 954.1166 813.57623 0.019607844 -8
2 950.0831 813.57623 0.019607844 -34
3 937.475 813.57623 0.019607844 -51
4 915.9402 816.29974 0.01764706 -67
5 887.43756 820.9206 0.019607844 -84
6 822.00775 826.7731 0.01764706 -100
7 758.5707 840.25305 0.01764706 -133
8 731.3176 847.8931 0.01764706 -166
9 705.33417 854.48096 0.01764706 -183
10 682.80414 866.44226 0.01764706 -200
11 660.0855 887.72253 0.01764706 -216
12 637.10895 926.09674 0.01764706 -233
13 610.47595 1017.223 0.01764706 -249
14 598.99097 1121.6865 0.01764706 -282
15 593.9337 1202.6681 0.019607844 -315
16 591.8966 1240.5737 0.01764706 -348
17 589.954 1259.8422 0.019607844 -365
18 588.00934 1270.5692 0.019607844 -381
19 586.07385 1280.2506 0.019607844 -398
20 584.1282 1286.3231 0.019607844 -414
21 581.4616 1292.4623 0.019607844 -431
22 581.4616 1293.3264 0.01764706 -464
23 581.4616 1294.3258 0.01764706 -470
0 932.1369 714.6278 0.019607844 -18
1 926.1965 730.5654 0.019607844 -18
2 904.863 740.1142 0.019607844 -43
3 869.8745 744.74414 0.019607844 -59
4 825.4971 745.61163 0.01764706 -76
5 778.6863 742.58746 0.01764706 -92
6 703.90106 740.61426 0.01764706 -109
7 647.73016 743.6436 0.019607844 -142
8 627.4813 752.9968 0.01764706 -175
9 610.00745 769.91223 0.01764706 -191
10 589.16754 809.93146 0.01764706 -208
11 579.7445 868.23486 0.01764706 -224
12 580.80707 930.5856 0.01764706 -241
13 583.7913 986.2891 0.019607844 -258
14 586.5622 1027.992 0.019607844 -274
15 591.3211 1108.5311 0.019607844 -291
16 591.4524 1134.0626 0.01764706 -324
17 591.4524 1149.71 0.019607844 -340
18 590.63275 1162.1375 0.019607844 -357
19 588.72754 1173.7528 0.019607844 -373
20 587.45605 1184.4834 0.019607844 -390
21 587.45605 1192.9714 0.019607844 -406
22 587.45605 1200.9504 0.01764706 -423
23 587.45605 1206.6155 0.01764706 -439
24 587.45605 1210.101 0.01764706 -456
25 587.45605 1211.654 0.01764706 -472
26 587.45605 1213.6783 0.01764706 -489
27 587.45605 1212.3685 0.019607844 -505
28 587.45605 1211.369 0.01764706 -511
0 959.11194 868.5476 0.019607844 0
1 956.7313 867.3569 0.019607844 -14
2 940.649 865.3848 0.01764706 -32
3 915.7462 857.9907 0.019607844 -48
4 883.32635 848.34424 0.019607844 -65
5 844.89264 840.4972 0.019607844 -81
6 810.7682 835.62244 0.019607844 -98
7 776.75323 833.65784 0.019607844 -114
8 747.8018 834.3991 0.019607844 -131
9 719.34875 839.1291 0.019607844 -147
10 696.8428 846.3352 0.01764706 -164
11 676.0073 853.99457 0.01764706 -180
12 655.16785 864.8544 0.019607844 -197
13 636.89374 882.3086 0.019607844 -213
14 618.32074 913.3164 0.019607844 -230
15 590.98254 1035.693 0.019607844 -246
16 585.54193 1086.3824 0.019607844 -279
17 584.58234 1131.6919 0.019607844 -296
18 583.4598 1171.1132 0.019607844 -312
19 582.04205 1199.3083 0.019607844 -329
20 579.81537 1221.841 0.019607844 -346
21 577.8864 1240.2965 0.019607844 -362
22 576.00684 1255.645 0.01764706 -379
23 572.2913 1268.8752 0.019607844 -395
24 570.10345 1273.0742 0.019607844 -428
25 570.4718 1274.6973 0.019607844 -445
26 570.4718 1274.6973 0.01764706 -461
0 958.11285 804.58093 0.019607844 -4
1 956.1678 803.608 0.019607844 -14
2 945.81885 803.5814 0.019607844 -39
3 927.1609 803.5814 0.019607844 -56
4 896.8851 804.53625 0.019607844 -72
5 879.1859 806.5799 0.019607844 -89
6 860.2035 807.57935 0.019607844 -97
7 749.3062 816.5747 0.019607844 -156
8 718.07056 820.60785 0.019607844 -156
9 693.5385 826.20636 0.01764706 -171
10 668.64557 838.518 0.01764706 -188
11 645.9048 850.05554 0.019607844 -204
12 626.21686 867.7159 0.019607844 -221
13 606.54846 891.7814 0.019607844 -237
14 575.93695 956.8724 0.019607844 -254
15 564.4747 1002.2894 0.019607844 -287
16 559.7262 1052.0073 0.01764706 -303
17 558.4829 1086.5782 0.019607844 -320
18 557.2861 1133.3683 0.019607844 -336
19 555.5432 1188.7474 0.019607844 -353
20 553.49963 1208.2611 0.019607844 -386
21 551.55316 1221.9805 0.019607844 -402
22 549.6138 1232.7445 0.019607844 -419
23 549.4912 1246.187 0.019607844 -436
24 549.4912 1252.8212 0.019607844 -469
25 549.4912 1254.3467 0.019607844 -502
26 549.4912 1255.3462 0.019607844 -513
0 942.1277 863.55023 0.019607844 -5
1 942.1277 863.55023 0.019607844 -5
2 936.74994 863.55023 0.01764706 -32
3 923.76807 863.55023 0.01764706 -49
4 897.127 863.55023 0.019607844 -65
5 861.5977 863.55023 0.01764706 -82
6 777.30286 862.5507 0.01764706 -99
7 735.58 861.5513 0.01764706 -132
8 698.91284 859.2325 0.01764706 -148
9 665.1511 858.5528 0.01764706 -165
10 639.3115 859.86725 0.01764706 -181
11 611.2065 864.0465 0.01764706 -198
12 592.9005 871.23535 0.019607844 -215
13 577.84845 885.2326 0.019607844 -231
14 555.9852 939.6354 0.019607844 -248
15 549.4912 1007.4857 0.019607844 -281
16 547.81067 1042.4622 0.019607844 -314
17 546.494 1071.2052 0.019607844 -330
18 545.49493 1102.1287 0.019607844 -347
19 545.49493 1130.9271 0.019607844 -364
20 544.05505 1156.5746 0.019607844 -380
21 542.1161 1181.2043 0.01764706 -397
22 539.228 1207.7346 0.019607844 -413
23 538.5014 1220.7456 0.019607844 -446
24 538.5014 1224.496 0.019607844 -479
25 538.5014 1227.3636 0.019607844 -496
26 538.5014 1230.2882 0.019607844 -513
27 538.5014 1232.2386 0.019607844 -529
28 538.5014 1233.3575 0.019607844 -546
29 538.5014 1233.3575 0.019607844 -562
30 538.5014 1233.3575 0.019607844 -577
31 538.5014 1234.357 0.019607844 -589
0 959.11194 865.5492 0.019607844 0
1 959.11194 865.5492 0.019607844 -4
2 959.11194 865.5492 0.019607844 -23
3 950.59106 864.5497 0.019607844 -40
4 932.00006 864.5497 0.019607844 -56
5 901.4521 864.5497 0.019607844 -73
6 833.4367 864.5497 0.019607844 -90
7 763.3141 866.2141 0.019607844 -123
8 706.34595 871.546 0.019607844 -156
9 680.8903 881.13275 0.019607844 -189
10 647.8329 908.16516 0.019607844 -206
11 616.74835 978.2128 0.019607844 -239
12 609.27155 1011.29504 0.019607844 -272
13 604.4492 1049.3467 0.019607844 -289
14 602.52795 1076.2377 0.019607844 -305
15 601.4431 1107.2795 0.019607844 -322
16 600.64355 1129.6143 0.019607844 -338
17 598.6978 1145.3859 0.019607844 -355
18 597.44684 1159.0144 0.019607844 -372
19 596.80475 1175.7424 0.019607844 -388
20 594.4496 1202.4528 0.019607844 -405
21 592.9509 1208.8704 0.019607844 -438
22 593.4505 1212.2955 0.019607844 -454
23 593.4505 1214.8318 0.019607844 -471
24 593.4505 1216.7502 0.019607844 -488
25 593.4505 1218.6617 0.019607844 -504
26 593.4505 1219.3649 0.019607844 -521
27 593.4505 1219.3649 0.019607844 -537
28 593.4505 1219.3649 0.01764706 -571
0 955.11566 823.57104 0.019607844 -4
1 955.11566 823.57104 0.019607844 -4
2 951.1184 823.57104 0.019607844 -24
3 935.6956 823.57104 0.019607844 -41
4 935.6956 823.57104 0.019607844 -57
5 789.2692 812.5768 0.019607844 -138
6 760.4843 812.5768 0.019607844 -138
7 740.2401 814.88306 0.019607844 -157
8 720.5493 820.4077 0.019607844 -173
9 691.1981 842.6998 0.01764706 -190
10 671.0317 871.8358 0.01764706 -223
11 653.4313 905.4558 0.019607844 -240
12 636.89215 954.0574 0.019607844 -256
13 626.35004 1003.77124 0.019607844 -273
14 617.54517 1047.723 0.019607844 -290
15 612.63257 1082.6378 0.019607844 -306
16 607.71954 1122.2985 0.019607844 -323
17 603.8656 1146.8542 0.019607844 -339
18 601.69525 1171.3516 0.019607844 -356
19 598.75366 1191.223 0.019607844 -373
20 596.75256 1201.154 0.019607844 -389
21 593.4505 1211.362 0.019607844 -406
22 593.4505 1215.7391 0.019607844 -439
23 593.4505 1216.3665 0.019607844 -472
24 593.4505 1217.366 0.019607844 -477
0 942.1277 835.5648 0.019607844 0
1 942.1277 835.5648 0.019607844 -5
2 932.3748 833.1715 0.01764706 -33
3 928.1406 832.56635 0.019607844 -50
4 917.1508 832.56635 0.019607844 -55
5 605.4394 1166.3925 0.01764706 -337
6 605.4394 1188.4738 0.019607844 -337
7 603.07166 1238.7943 0.01764706 -348
8 601.9188 1257.4883 0.019607844 -381
9 601.4431 1271.1093 0.019607844 -398
10 601.4431 1274.806 0.019607844 -431
11 601.4431 1276.7905 0.019607844 -448
12 601.4431 1278.7657 0.019607844 -464
13 601.4431 1280.3331 0.019607844 -481
14 601.4431 1280.3331 0.01764706 -494
0 906.16095 806.5799 0.019607844 -5
1 905.3469 806.1727 0.019607844 -23
2 896.3916 804.1613 0.01764706 -42
3 877.14343 802.16187 0.01764706 -59
4 847.12 797.6628 0.01764706 -75
5 814.27264 786.41113 0.019607844 -92
6 774.7586 776.3525 0.019607844 -108
7 740.569 768.1798 0.019607844 -125
8 710.4531 764.0835 0.019607844 -142
9 661.02985 762.6326 0.019607844 -158
10 640.3877 770.16516 0.01764706 -191
11 626.1346 778.7576 0.019607844 -208
12 610.5282 802.4044 0.019607844 -224
13 596.9468 830.5061 0.01764706 -241
14 587.81714 877.13354 0.01764706 -258
15 583.6272 931.33075 0.01764706 -274
16 583.23456 982.1769 0.019607844 -291
17 584.16034 1038.4951 0.019607844 -307
18 589.5322 1148.8845 0.019607844 -324
19 592.02496 1192.4032 0.019607844 -357
20 593.4505 1215.6316 0.019607844 -374
21 594.4496 1242.644 0.01764706 -390
22 594.4496 1257.7042 0.01764706 -407
23 594.4496 1266.1472 0.01764706 -423
24 594.4496 1270.1473 0.01764706 -440
25 594.4496 1272.7677 0.01764706 -457
26 594.4496 1274.7633 0.01764706 -473
27 594.4496 1275.3357 0.01764706 -490
28 593.4505 1275.3357 0.01764706 -495
0 930.1388 834.5653 0.019607844 -5
1 930.1388 834.5653 0.019607844 -5
2 924.2171 830.94916 0.019607844 -33
3 909.1094 825.88684 0.019607844 -50
4 884.7439 819.9637 0.01764706 -67
5 855.3518 813.04095 0.01764706 -83
6 796.0144 805.5024 0.01764706 -100
7 746.34436 806.11316 0.01764706 -133
8 720.8785 810.9411 0.019607844 -166
9 700.11255 822.363 0.019607844 -183
10 681.851 839.384 0.01764706 -199
11 660.0588 877.2032 0.01764706 -216
12 634.24884 991.66766 0.01764706 -232
13 629.4172 1057.949 0.01764706 -266
14 626.7496 1086.8049 0.019607844 -282
15 627.41907 1131.6771 0.019607844 -299
16 626.42 1163.3348 0.019607844 -315
17 626.42 1195.1696 0.019607844 -332
18 624.21606 1215.4264 0.019607844 -349
19 622.24963 1230.5787 0.019607844 -365
20 622.4237 1239.846 0.019607844 -382
21 620.333 1245.629 0.019607844 -398
22 620.42554 1248.4014 0.019607844 -415
23 620.42554 1250.3625 0.019607844 -432
24 620.42554 1252.3165 0.019607844 -448
25 620.42554 1254.311 0.019607844 -465
26 620.42554 1254.3467 0.019607844 -481
27 620.42554 1254.3467 0.01764706 -498
28 620.42554 1254.3467 0.01764706 -506
0 972.0999 781.5929 0.01764706 -16
1 968.2919 782.998 0.01764706 -16
2 951.8545 786.3657 0.01764706 -35
3 896.562 793.8763 0.01764706 -52
4 824.9164 798.838 0.01764706 -85
5 791.8133 802.98804 0.01764706 -118
6 765.314 807.7296 0.01764706 -134
7 740.1319 814.63196 0.019607844 -151
8 716.0537 825.11414 0.01764706 -168
9 682.7589 847.1676 0.01764706 -184
10 666.02954 867.4318 0.01764706 -217
11 650.2719 893.14606 0.01764706 -234
12 634.9381 931.19995 0.01764706 -251
13 624.9214 961.49915 0.019607844 -267
14 616.0142 1010.0227 0.019607844 -283
15 610.1308 1055.7532 0.01764706 -300
16 606.6778 1075.0028 0.019607844 -317
17 604.14197 1114.5857 0.01764706 -333
18 601.18353 1134.0076 0.01764706 -350
19 599.2058 1151.5544 0.01764706 -367
20 596.4975 1187.9333 0.01764706 -383
21 594.4496 1207.1779 0.019607844 -416
22 594.4496 1214.1677 0.019607844 -450
23 594.4496 1216.246 0.019607844 -483
24 594.4496 1218.2057 0.019607844 -499
25 594.4496 1218.3654 0.019607844 -516
26 594.4496 1218.3654 0.01764706 -533
27 593.4505 1218.3654 0.01764706 -534
0 925.1434 740.61426 0.019607844 -8
1 927.45135 763.0833 0.019607844 -8
2 927.14154 770.8886 0.01764706 -26
3 921.20184 776.5407 0.01764706 -43
4 911.20575 782.8926 0.01764706 -59
5 886.7487 790.6437 0.01764706 -76
6 859.1688 794.99066 0.01764706 -93
7 825.96185 797.78906 0.01764706 -109
8 764.75336 799.58356 0.01764706 -126
9 735.61926 801.5611 0.019607844 -159
10 693.67865 811.2491 0.01764706 -176
11 676.1342 822.15656 0.01764706 -209
12 660.20074 837.2707 0.01764706 -225
13 623.6125 936.02295 0.01764706 -242
14 618.42737 1044.3907 0.01764706 -275
15 618.42737 1089.829 0.01764706 -308
16 620.644 1131.3468 0.019607844 -325
17 622.5897 1174.3757 0.01764706 -341
18 622.4237 1195.4526 0.019607844 -358
19 621.33984 1213.1318 0.019607844 -375
20 619.40173 1225.5101 0.019607844 -391
21 618.42737 1238.7343 0.019607844 -408
22 617.4283 1244.113 0.019607844 -441
23 617.4283 1246.2114 0.019607844 -474
24 617.4283 1246.3508 0.01764706 -491
25 617.4283 1247.3503 0.01764706 -492
0 919.1489 778.5945 0.019607844 -15
1 916.93506 779.70184 0.01764706 -15
2 907.3021 781.30756 0.019607844 -34
3 865.55225 790.19617 0.01764706 -50
4 810.9051 797.6337 0.01764706 -84
5 752.5574 807.3107 0.01764706 -117
6 721.51117 813.5404 0.019607844 -150
7 698.1217 825.01166 0.01764706 -166
8 678.5922 835.95435 0.01764706 -183
9 659.35315 848.18365 0.01764706 -200
10 641.0718 867.81647 0.01764706 -216
11 625.0637 892.2413 0.01764706 -233
12 611.54926 931.1685 0.01764706 -249
13 603.2355 970.936 0.01764706 -266
14 598.94714 1029.9104 0.01764706 -283
15 597.44684 1074.2628 0.019607844 -299
16 597.44684 1120.4736 0.01764706 -316
17 598.8641 1150.099 0.019607844 -332
18 600.7931 1187.2726 0.01764706 -349
19 600.44403 1206.3175 0.019607844 -365
20 600.44403 1230.4922 0.019607844 -382
21 600.44403 1237.8625 0.019607844 -415
22 600.44403 1242.6318 0.019607844 -432
23 600.44403 1245.466 0.019607844 -448
24 600.44403 1247.4529 0.019607844 -465
25 600.44403 1248.3497 0.01764706 -482
26 600.44403 1248.3497 0.01764706 -498
0 930.1388 784.5914 0.019607844 0
1 927.7857 785.7683 0.01764706 -5
2 915.9399 785.22235 0.019607844 -33
3 892.3071 781.99786 0.019607844 -49
4 867.0169 783.3648 0.019607844 -66
5 803.29596 781.5976 0.019607844 -83
6 745.4714 789.41016 0.01764706 -116
7 702.52325 797.5267 0.019607844 -149
8 668.7467 822.6599 0.01764706 -182
9 631.87427 910.05597 0.01764706 -215
10 625.54565 963.06323 0.01764706 -249
11 621.65576 1005.3941 0.01764706 -265
12 619.08435 1054.6957 0.01764706 -282
13 617.1093 1084.1824 0.019607844 -298
14 615.16437 1118.738 0.01764706 -315
15 613.1688 1145.3549 0.01764706 -331
16 611.2349 1178.3677 0.01764706 -348
17 610.27075 1196.8545 0.01764706 -365
18 609.4357 1214.4298 0.019607844 -381
19 609.4357 1226.8915 0.019607844 -398
20 608.43665 1235.6195 0.019607844 -414
21 607.43756 1241.5112 0.019607844 -431
22 607.43756 1245.4314 0.019607844 -448
23 607.43756 1247.3765 0.019607844 -464
24 607.43756 1249.3574 0.019607844 -481
25 607.43756 1251.3615 0.01764706 -497
26 607.43756 1251.3483 0.01764706 -514
27 607.43756 1251.3483 0.01764706 -522
0 948.12213 802.582 0.019607844 -5
1 946.0061 801.52356 0.01764706 -5
2 932.99304 800.583 0.01764706 -41
3 912.9607 800.583 0.01764706 -57
4 884.2368 800.583 0.01764706 -74
5 854.1812 800.583 0.01764706 -90
6 826.06384 801.5234 0.01764706 -107
7 771.2691 806.12115 0.019607844 -124
8 747.19214 812.3818 0.01764706 -157
9 723.01636 822.0729 0.019607844 -173
10 699.8179 836.43823 0.01764706 -190
11 677.36017 858.2628 0.01764706 -206
12 653.35736 896.8925 0.01764706 -223
13 633.57764 948.4182 0.019607844 -240
14 621.31305 999.3338 0.019607844 -256
15 616.8161 1055.6416 0.01764706 -273
16 616.67773 1111.629 0.01764706 -289
17 615.4302 1142.8365 0.019607844 -306
18 615.4302 1179.3057 0.019607844 -322
19 615.4302 1199.5992 0.019607844 -339
20 614.36957 1215.8591 0.019607844 -356
21 614.4311 1226.307 0.019607844 -372
22 612.46173 1233.2711 0.019607844 -389
23 612.4329 1241.1224 0.019607844 -405
24 612.4329 1243.3524 0.019607844 -438
25 612.4329 1244.3519 0.01764706 -456
0 925.1434 833.56586 0.019607844 -10
1 925.1434 833.56586 0.019607844 -10
2 925.1434 833.56586 0.019607844 -25
3 916.29626 830.9247 0.01764706 -41
4 882.3541 827.05707 0.019607844 -75
5 852.1129 824.76385 0.019607844 -101
6 823.4772 823.8023 0.01764706 -118
7 794.94867 823.57104 0.019607844 -134
8 770.24243 823.57104 0.019607844 -151
9 748.80664 823.57104 0.01764706 -167
10 727.0975 828.5192 0.019607844 -184
11 708.63965 836.41644 0.01764706 -200
12 694.21 843.7875 0.01764706 -217
13 679.22815 855.1618 0.01764706 -233
14 662.2776 882.85455 0.01764706 -250
15 644.7553 935.2798 0.01764706 -266
16 637.01965 987.13043 0.01764706 -283
17 632.2306 1029.488 0.019607844 -299
18 629.348 1079.1693 0.019607844 -316
19 628.41815 1169.8494 0.019607844 -332
20 627.51196 1206.7911 0.019607844 -366
21 627.41907 1243.6146 0.01764706 -382
22 623.65045 1276.7394 0.019607844 -399
23 621.4246 1295.1737 0.019607844 -432
24 620.42554 1298.3237 0.01764706 -465
25 620.42554 1300.3228 0.01764706 -475
0 920.148 805.5804 0.019607844 0
1 920.148 805.5804 0.019607844 -8
2 914.14996 803.5805 0.01764706 -33
3 896.8019 801.63995 0.01764706 -50
4 842.4335 800.583 0.01764706 -66
5 785.35754 800.583 0.01764706 -99
6 737.8169 800.583 0.01764706 -132
7 693.8674 818.6275 0.01764706 -165
8 655.22845 873.8746 0.01764706 -198
9 638.2544 928.7328 0.01764706 -232
10 630.3688 969.78 0.019607844 -248
11 623.592 1017.8378 0.019607844 -265
12 619.10614 1080.7649 0.01764706 -281
13 615.2199 1121.9939 0.019607844 -298
14 610.4256 1165.476 0.01764706 -314
15 606.50836 1198.0962 0.01764706 -347
16 605.4394 1204.1436 0.01764706 -380
17 605.4394 1208.2334 0.01764706 -397
18 605.4394 1208.3706 0.01764706 -413
19 604.4403 1208.3706 0.01764706 -414
