0 914.15356 873.545 0.019607844 -94
1 809.27386 882.3964 0.019607844 -94
2 739.69293 885.53876 0.019607844 -143
3 709.9537 885.53876 0.019607844 -176
4 686.5339 887.7553 0.019607844 -192
5 663.18604 889.6366 0.019607844 -209
6 642.05554 899.14166 0.019607844 -225
7 626.1751 908.43 0.019607844 -242
8 612.5369 920.4165 0.019607844 -258
9 595.9482 943.0088 0.019607844 -275
10 580.30316 969.0245 0.019607844 -291
11 567.7098 1007.18097 0.019607844 -308
12 559.35504 1038.9669 0.019607844 -324
13 553.24396 1101.7421 0.019607844 -341
14 546.6777 1180.4436 0.019607844 -357
15 544.6238 1209.5769 0.019607844 -390
16 542.70874 1245.6049 0.019607844 -407
17 541.4986 1265.6896 0.019607844 -424
18 541.4986 1280.3331 0.019607844 -440
19 540.4995 1291.3792 0.019607844 -455
20 539.06024 1298.6455 0.019607844 -473
21 537.1339 1304.4269 0.019607844 -490
22 537.5023 1305.3201 0.019607844 -506
23 537.5023 1306.3196 0.019607844 -512
0 683.36725 1002.47784 0.019607844 0
1 670.1059 1003.17456 0.019607844 -5
2 644.9155 1005.1944 0.019607844 -39
3 612.4813 1007.0518 0.019607844 -55
4 574.6965 1007.4752 0.019607844 -72
5 531.17444 1007.4752 0.019607844 -88
6 492.11652 1007.4752 0.019607844 -105
7 414.75223 1012.0375 0.019607844 -121
8 386.57034 1016.9539 0.019607844 -154
9 366.15442 1022.69635 0.019607844 -171
10 335.75095 1042.278 0.019607844 -187
11 314.5801 1083.7323 0.019607844 -220
12 299.51657 1130.6892 0.019607844 -237
13 288.89218 1175.2852 0.019607844 -253
14 282.81427 1217.7567 0.019607844 -270
15 278.74188 1256.3457 0.019607844 -286
16 274.7456 1295.825 0.019607844 -303
17 273.42697 1321.7892 0.019607844 -319
18 271.5806 1346.4818 0.019607844 -336
19 269.59726 1368.9712 0.019607844 -352
20 267.66882 1394.2736 0.019607844 -369
21 265.77573 1411.0905 0.019607844 -385
22 265.75394 1421.6453 0.019607844 -402
23 265.75394 1428.6569 0.019607844 -418
24 265.75394 1432.254 0.019607844 -435
25 265.75394 1433.2534 0.019607844 -445
0 956.1147 623.6752 0.019607844 -8
1 954.01215 622.974 0.019607844 -8
2 941.7432 621.6762 0.019607844 -41
3 914.09784 620.11835 0.019607844 -58
4 880.16565 619.67725 0.01764706 -74
5 837.64124 617.365 0.01764706 -91
6 794.44727 617.6783 0.019607844 -107
7 758.1773 617.6783 0.019607844 -124
8 711.5514 618.6141 0.019607844 -140
9 652.934 619.7541 0.01764706 -157
10 630.9158 626.6736 0.019607844 -190
11 611.93677 633.9413 0.019607844 -206
12 593.87976 644.7111 0.019607844 -223
13 558.1037 723.8357 0.019607844 -239
14 549.17944 767.09674 0.01764706 -272
15 545.2255 803.3735 0.019607844 -289
16 541.3681 832.87244 0.01764706 -306
17 539.0324 865.1085 0.01764706 -322
18 537.1274 886.29114 0.01764706 -339
19 537.5023 908.7081 0.019607844 -355
20 533.05505 930.7724 0.019607844 -372
21 529.355 945.0497 0.019607844 -388
22 525.55255 955.4044 0.01764706 -405
23 523.611 962.2112 0.01764706 -421
24 521.70496 966.12067 0.01764706 -438
25 519.7734 968.2411 0.01764706 -454
26 519.519 968.49554 0.01764706 -471
27 518.5199 969.49506 0.01764706 -473
0 911.1564 590.6923 0.019607844 0
1 909.4452 590.6923 0.019607844 0
2 894.67084 588.9432 0.019607844 -30
3 871.6876 589.6929 0.019607844 -47
4 841.18317 589.6929 0.019607844 -63
5 806.6859 590.6923 0.019607844 -80
6 772.7877 593.22003 0.019607844 -96
7 738.11774 594.86786 0.019607844 -113
8 705.00433 599.75977 0.019607844 -129
9 674.17694 606.324 0.019607844 -146
10 651.4332 610.1302 0.01764706 -162
11 634.0798 619.82513 0.01764706 -179
12 615.9573 634.24756 0.019607844 -195
13 591.1197 672.79193 0.019607844 -212
14 573.48145 783.355 0.01764706 -228
15 576.46625 864.6596 0.01764706 -261
16 580.3716 909.16144 0.01764706 -278
17 583.31793 943.663 0.01764706 -294
18 584.45886 976.604 0.01764706 -311
19 585.1675 997.992 0.01764706 -327
20 585.4579 1012.97296 0.01764706 -344
21 584.45886 1020.6435 0.01764706 -360
22 584.45886 1026.8997 0.01764706 -377
23 583.1931 1029.4637 0.01764706 -393
24 583.4598 1029.4637 0.01764706 -426
25 582.4607 1029.4637 0.01764706 -433
0 942.1277 554.71106 0.019607844 -9
1 933.3886 554.71106 0.019607844 -9
2 906.64954 553.992 0.019607844 -42
3 863.68005 553.07654 0.019607844 -58
4 813.55 552.17114 0.019607844 -75
5 719.14667 548.38763 0.019607844 -91
6 639.6471 541.71783 0.019607844 -124
7 598.9783 540.7184 0.019607844 -158
8 575.0175 545.4576 0.01764706 -174
9 555.5446 549.25635 0.01764706 -191
10 541.8679 560.6613 0.019607844 -207
11 529.5904 586.01245 0.01764706 -224
12 520.66284 629.3386 0.01764706 -240
13 522.90826 683.2397 0.01764706 -257
14 529.2577 724.60205 0.01764706 -273
15 531.7056 759.5733 0.01764706 -290
16 535.70465 838.07965 0.01764706 -306
17 536.50323 878.3341 0.01764706 -323
18 536.50323 926.8149 0.01764706 -339
19 536.50323 961.63586 0.01764706 -356
20 536.50323 995.201 0.01764706 -372
21 536.50323 1013.6432 0.01764706 -389
22 536.50323 1032.0914 0.01764706 -405
23 536.50323 1051.5729 0.01764706 -422
24 535.9159 1064.5607 0.01764706 -438
25 534.9612 1074.614 0.01764706 -455
26 534.50507 1080.8662 0.019607844 -471
27 533.06555 1082.8768 0.019607844 -488
28 532.50696 1083.4357 0.019607844 -504
29 531.5079 1083.4357 0.019607844 -509
0 705.3469 1012.47266 0.019607844 -4
1 700.33203 1009.4644 0.019607844 -30
2 687.63495 1006.5097 0.019607844 -47
3 662.90027 1002.6796 0.019607844 -63
4 632.29694 1001.4784 0.019607844 -80
5 554.32153 998.1614 0.019607844 -96
6 514.04694 995.3885 0.019607844 -129
7 474.6291 992.48303 0.019607844 -146
8 440.0497 991.12024 0.019607844 -162
9 409.82574 990.4841 0.019607844 -179
10 387.36578 991.69037 0.019607844 -195
11 349.13617 1000.9314 0.019607844 -212
12 335.4907 1009.8063 0.019607844 -245
13 323.396 1025.8015 0.019607844 -261
14 312.58563 1050.2029 0.019607844 -278
15 306.14297 1082.3531 0.019607844 -294
16 301.76288 1117.9949 0.019607844 -311
17 297.8988 1156.2388 0.01764706 -328
18 295.36307 1194.6475 0.019607844 -344
19 293.42963 1224.8423 0.01764706 -361
20 289.6295 1281.1002 0.01764706 -377
21 283.67313 1334.0115 0.01764706 -410
22 281.7209 1351.4421 0.01764706 -443
23 279.76355 1364.1539 0.01764706 -460
24 278.7419 1373.9813 0.01764706 -476
25 277.74283 1379.0483 0.019607844 -493
26 276.74374 1387.688 0.01764706 -509
27 276.18793 1390.8319 0.01764706 -542
28 275.7447 1391.2754 0.01764706 -575
29 275.7447 1391.2754 0.01764706 -579
0 897.1693 807.57935 0.019607844 0
1 888.3056 805.74146 0.019607844 -4
2 866.8962 805.5804 0.019607844 -38
3 838.09436 805.5804 0.019607844 -54
4 809.03284 806.4061 0.019607844 -71
5 777.87354 808.2919 0.019607844 -87
6 715.1634 813.66614 0.019607844 -104
7 688.7709 816.98694 0.01764706 -137
8 664.86505 821.3254 0.019607844 -153
9 643.8449 831.7022 0.01764706 -170
10 629.35944 839.5916 0.01764706 -186
11 615.7169 850.0255 0.01764706 -203
12 607.43756 866.54865 0.01764706 -219
13 600.44403 880.5414 0.019607844 -226
0 898.1684 620.6767 0.019607844 -7
1 898.1684 620.6767 0.019607844 -17
2 892.91956 618.86426 0.019607844 -31
3 877.95166 617.9853 0.019607844 -48
4 851.8722 616.6788 0.019607844 -65
5 820.0015 616.6788 0.01764706 -81
6 752.18964 617.6783 0.01764706 -98
7 717.6226 617.6783 0.01764706 -131
8 675.27576 618.67773 0.01764706 -147
9 647.49097 619.51654 0.01764706 -164
10 625.47 628.2868 0.019607844 -181
11 604.82367 639.6366 0.01764706 -197
12 587.25854 653.4349 0.01764706 -214
13 570.03986 678.5412 0.01764706 -230
14 550.9123 756.07196 0.01764706 -247
15 548.4921 819.6315 0.01764706 -280
16 551.7182 930.49243 0.01764706 -296
17 554.6768 993.3864 0.01764706 -330
18 554.4866 1030.8912 0.01764706 -346
19 554.4866 1056.5636 0.01764706 -363
20 552.4642 1072.636 0.01764706 -379
21 551.4894 1081.3916 0.01764706 -396
22 550.4903 1087.2927 0.01764706 -412
23 550.4903 1091.2504 0.01764706 -429
24 550.4903 1093.2964 0.01764706 -445
25 550.4903 1093.4304 0.01764706 -462
26 550.4903 1094.4299 0.01764706 -463
0 962.1092 802.582 0.019607844 0
1 962.1092 802.582 0.01764706 -3
2 958.1871 801.60724 0.01764706 -29
3 944.49567 801.5825 0.01764706 -46
4 919.4363 803.3136 0.01764706 -62
5 886.6007 805.1374 0.01764706 -79
6 808.7552 808.9356 0.01764706 -95
7 762.3105 812.9887 0.01764706 -128
8 723.0299 815.6052 0.01764706 -145
9 695.8984 819.23425 0.01764706 -161
10 667.5492 824.6775 0.01764706 -178
11 646.8799 831.8794 0.01764706 -194
12 629.44794 841.76666 0.01764706 -211
13 612.149 853.7448 0.019607844 -227
14 591.56415 886.6401 0.019607844 -244
15 575.8896 932.5756 0.019607844 -261
16 568.50165 984.2259 0.019607844 -277
17 566.47546 1025.1702 0.019607844 -294
18 567.3078 1067.106 0.019607844 -310
19 570.23505 1106.21 0.019607844 -327
20 570.4718 1132.6578 0.019607844 -343
21 570.4718 1152.104 0.019607844 -360
22 570.4718 1168.0596 0.019607844 -376
23 570.4718 1181.3893 0.019607844 -393
24 569.33545 1203.9225 0.019607844 -409
25 569.4727 1208.9105 0.019607844 -442
26 569.4727 1212.7357 0.019607844 -459
27 569.4727 1214.495 0.019607844 -475
28 569.4727 1216.4342 0.019607844 -492
29 569.4727 1216.4342 0.01764706 -509
0 919.1489 800.583 0.019607844 -9
1 912.3898 800.583 0.01764706 -9
2 889.6456 800.583 0.01764706 -37
3 858.0835 800.583 0.01764706 -53
4 822.59094 800.583 0.01764706 -70
5 783.95044 800.583 0.01764706 -87
6 750.7386 801.4474 0.01764706 -103
7 718.3209 804.04974 0.01764706 -120
8 693.3278 808.18506 0.019607844 -136
9 663.88525 815.5752 0.019607844 -153
10 639.78046 828.543 0.01764706 -169
11 619.9821 841.117 0.019607844 -186
12 604.5762 856.5259 0.01764706 -203
13 587.54913 882.40063 0.01764706 -219
14 571.19366 921.2623 0.019607844 -236
15 562.14716 959.162 0.019607844 -252
16 556.988 1003.93616 0.019607844 -269
17 551.0409 1087.9011 0.019607844 -286
18 548.92615 1130.7228 0.019607844 -319
19 546.9968 1164.3279 0.019607844 -335
20 545.0621 1190.1458 0.01764706 -352
21 543.0932 1203.2007 0.019607844 -368
22 541.2115 1212.805 0.019607844 -385
23 540.4995 1220.2402 0.019607844 -402
24 539.5005 1225.8231 0.019607844 -418
25 538.5014 1229.5948 0.019607844 -435
26 538.5014 1231.4281 0.019607844 -451
27 538.5014 1232.3582 0.019607844 -468
28 538.5014 1233.3575 0.019607844 -476
0 715.33765 535.72095 0.019607844 -6
1 714.33856 534.7215 0.019607844 -16
2 526.5125 528.7246 0.019607844 -130
3 502.75766 528.7246 0.019607844 -130
4 469.32367 528.7246 0.019607844 -142
5 446.43118 534.44977 0.019607844 -159
6 423.93472 541.32635 0.019607844 -175
7 406.11053 549.9988 0.019607844 -192
8 391.87973 566.37146 0.019607844 -209
9 377.28183 595.15717 0.019607844 -225
10 366.51703 631.41693 0.019607844 -242
11 359.4412 675.71405 0.019607844 -258
12 356.05765 721.16693 0.019607844 -275
13 354.0938 770.0572 0.019607844 -292
14 353.17996 824.40295 0.019607844 -308
15 352.67346 865.00696 0.019607844 -325
16 350.28674 888.2043 0.019607844 -341
17 348.3679 904.00543 0.019607844 -358
18 346.45206 916.88544 0.019607844 -374
19 345.67993 925.11554 0.019607844 -391
20 344.68085 930.726 0.019607844 -408
21 344.68085 934.52026 0.01764706 -424
22 344.68085 936.46625 0.01764706 -441
23 344.68085 937.5117 0.01764706 -457
24 344.68085 937.5117 0.01764706 -466
0 871.19336 566.70483 0.019607844 -8
1 869.1952 570.8305 0.019607844 -8
2 869.1952 572.7848 0.019607844 -34
3 865.1619 573.71967 0.019607844 -51
4 831.06226 581.9889 0.019607844 -67
5 767.678 591.74084 0.019607844 -100
6 698.84534 597.27264 0.019607844 -134
7 643.06506 603.45636 0.01764706 -167
8 613.61115 606.5795 0.01764706 -200
9 590.5174 610.28766 0.01764706 -216
10 574.82776 622.9056 0.01764706 -233
11 559.7479 639.49243 0.01764706 -249
12 543.37036 669.9041 0.019607844 -266
13 531.84296 697.8316 0.01764706 -283
14 523.1444 741.31274 0.019607844 -299
15 519.7427 778.7731 0.01764706 -316
16 518.8126 814.4739 0.01764706 -332
17 519.1454 850.8264 0.01764706 -349
18 519.519 878.54236 0.01764706 -365
19 519.519 893.3856 0.01764706 -381
20 517.1343 934.9949 0.01764706 -399
21 515.15 947.74426 0.01764706 -432
22 515.52264 955.60565 0.01764706 -448
23 514.5236 962.1369 0.01764706 -465
24 513.52454 965.81866 0.01764706 -481
25 513.52454 968.61444 0.01764706 -498
26 513.52454 970.55176 0.01764706 -514
27 513.52454 972.499 0.01764706 -531
28 513.52454 972.499 0.01764706 -548
0 911.1564 616.6788 0.019607844 -8
1 911.1564 616.6788 0.019607844 -8
2 909.1335 616.6788 0.01764706 -34
3 898.5111 616.6788 0.019607844 -51
4 880.56024 616.6788 0.01764706 -67
5 852.687 616.6788 0.01764706 -84
6 787.0401 617.6783 0.01764706 -100
7 724.1542 626.9158 0.019607844 -133
8 697.68243 635.33746 0.01764706 -166
9 670.05817 645.2073 0.01764706 -183
10 647.94806 655.3288 0.01764706 -200
11 625.99854 679.30493 0.019607844 -216
12 604.1626 716.1829 0.019607844 -233
13 578.50555 806.374 0.01764706 -249
14 570.7444 915.70264 0.01764706 -282
15 567.95776 996.7099 0.01764706 -315
16 565.92065 1031.7933 0.01764706 -348
17 563.978 1056.4475 0.01764706 -365
18 562.0334 1071.1193 0.01764706 -381
19 560.0979 1081.354 0.01764706 -398
20 559.48193 1086.4272 0.01764706 -414
21 559.48193 1092.5664 0.01764706 -431
22 559.48193 1093.4304 0.01764706 -464
23 559.48193 1094.4299 0.015686275 -470
0 899.1674 560.70795 0.019607844 -18
1 892.2414 558.7225 0.01764706 -18
2 872.0932 557.70953 0.01764706 -43
3 838.1019 556.71 0.01764706 -59
4 790.42883 552.64496 0.01764706 -76
5 740.64417 547.63745 0.019607844 -92
6 666.1581 540.9403 0.019607844 -109
7 610.73346 544.7472 0.01764706 -142
8 588.5174 550.4564 0.01764706 -175
9 573.0417 565.019 0.01764706 -191
10 553.5902 600.8712 0.019607844 -208
11 545.12036 655.93933 0.019607844 -224
12 545.49493 714.9735 0.019607844 -241
13 551.1534 779.3969 0.019607844 -258
14 555.6961 817.2593 0.01764706 -274
15 563.21564 898.7718 0.01764706 -291
16 564.47736 929.10004 0.01764706 -324
17 564.47736 946.717 0.01764706 -340
18 563.6577 957.60315 0.01764706 -357
19 562.4792 964.6796 0.01764706 -373
20 562.4792 970.89453 0.01764706 -390
21 562.4792 977.4849 0.01764706 -406
22 562.4792 985.0629 0.019607844 -423
23 562.4792 989.314 0.019607844 -439
24 562.4792 993.2138 0.019607844 -456
25 562.4792 994.7671 0.019607844 -472
26 562.4792 996.79126 0.019607844 -489
27 562.4792 995.4815 0.01764706 -505
28 562.4792 995.4815 0.015686275 -511
0 737.3173 1036.4602 0.01764706 0
1 730.5579 1033.079 0.01764706 -14
2 712.53125 1026.9718 0.01764706 -32
3 684.8663 1019.0943 0.01764706 -48
4 652.54004 1011.31274 0.01764706 -65
5 616.1045 1004.4118 0.01764706 -81
6 579.01166 1002.50665 0.01764706 -98
7 543.15356 1001.4784 0.01764706 -114
8 512.18634 1005.1439 0.01764706 -131
9 483.85358 1011.3262 0.019607844 -147
10 460.062 1019.429 0.019607844 -164
11 439.71402 1030.3906 0.019607844 -180
12 419.38617 1043.1458 0.019607844 -197
13 402.11115 1061.2155 0.019607844 -213
14 384.74768 1093.2228 0.01764706 -230
15 362.06207 1207.7952 0.01764706 -246
16 357.71085 1264.2478 0.019607844 -279
17 353.91943 1306.6007 0.019607844 -296
18 351.87784 1341.8389 0.019607844 -312
19 348.96738 1370.2194 0.019607844 -329
20 346.0319 1392.7518 0.019607844 -346
21 343.10376 1407.3169 0.019607844 -362
22 341.22424 1417.1011 0.019607844 -379
23 337.50876 1426.6144 0.019607844 -395
24 337.68732 1428.6246 0.01764706 -428
25 337.68732 1429.2556 0.01764706 -445
26 337.68732 1429.2556 0.01764706 -461
0 926.14246 601.6866 0.019607844 -4
1 923.19836 600.68713 0.019607844 -14
2 911.7994 599.6876 0.019607844 -39
3 890.1969 600.68536 0.019607844 -56
4 859.964 602.6414 0.01764706 -72
5 841.22107 603.68555 0.01764706 -89
6 822.23865 605.6845 0.01764706 -97
7 707.34503 614.6798 0.01764706 -156
8 676.1094 616.6964 0.01764706 -156
9 650.48755 617.6783 0.01764706 -171
10 628.5085 628.6274 0.019607844 -188
11 607.1909 640.9142 0.01764706 -204
12 586.9081 656.8612 0.01764706 -221
13 568.7615 683.4789 0.01764706 -237
14 542.18677 751.7607 0.01764706 -254
15 535.3028 803.59705 0.01764706 -287
16 535.50415 842.8571 0.01764706 -303
17 535.50415 880.1141 0.01764706 -320
18 536.50323 932.67065 0.01764706 -336
19 536.50323 984.6234 0.01764706 -353
20 536.50323 1006.3663 0.01764706 -386
21 536.50323 1018.1506 0.01764706 -402
22 536.50323 1025.098 0.01764706 -419
23 534.8927 1033.6857 0.01764706 -436
24 534.50507 1038.9326 0.01764706 -469
25 533.50604 1040.4581 0.01764706 -502
26 532.50696 1041.4575 0.01764706 -513
0 902.1647 655.6585 0.019607844 -5
1 902.1647 655.6585 0.019607844 -5
2 898.7851 654.5315 0.019607844 -32
3 885.74945 652.60626 0.019607844 -49
4 861.1603 653.65955 0.019607844 -65
5 827.43 652.66003 0.019607844 -82
6 740.71985 648.0456 0.019607844 -99
7 700.03204 645.954 0.019607844 -132
8 661.9471 641.18604 0.019607844 -148
9 628.7328 640.11865 0.019607844 -165
10 599.71796 641.9807 0.019607844 -181
11 573.24164 650.65424 0.01764706 -198
12 551.7663 658.34625 0.01764706 -215
13 535.88727 671.344 0.019607844 -231
14 515.0232 730.2444 0.019607844 -248
15 512.52545 800.52435 0.019607844 -281
16 513.2069 833.2071 0.01764706 -314
17 515.0776 866.42096 0.019607844 -330
18 515.52264 894.16675 0.01764706 -347
19 515.52264 925.12036 0.01764706 -364
20 515.52264 948.8004 0.01764706 -380
21 514.142 971.6955 0.01764706 -397
22 512.52545 1003.1139 0.019607844 -413
23 510.52728 1019.8502 0.019607844 -446
24 510.52728 1024.6001 0.019607844 -479
25 510.52728 1028.4703 0.019607844 -496
26 510.52728 1030.3923 0.019607844 -513
27 510.52728 1032.3428 0.019607844 -529
28 510.52728 1033.4617 0.019607844 -546
29 510.52728 1033.4617 0.019607844 -562
30 510.52728 1033.4617 0.01764706 -577
31 510.52728 1034.4612 0.01764706 -589
0 918.14984 662.65485 0.019607844 0
1 918.14984 662.65485 0.019607844 -4
2 916.9914 661.49585 0.019607844 -23
3 908.71796 661.6554 0.019607844 -40
4 888.02704 662.6685 0.019607844 -56
5 858.4919 663.65436 0.019607844 -73
6 787.97394 664.6538 0.019607844 -90
7 718.6901 666.9831 0.019607844 -123
8 661.3876 671.15045 0.01764706 -156
9 636.7951 676.94324 0.01764706 -189
10 602.8745 702.2015 0.01764706 -206
11 574.69604 764.6891 0.01764706 -239
12 567.31036 805.6213 0.01764706 -272
13 565.47644 840.46436 0.01764706 -289
14 565.47644 872.25806 0.01764706 -305
15 565.47644 898.9869 0.01764706 -322
16 565.47644 924.1222 0.019607844 -338
17 563.7302 943.239 0.01764706 -355
18 561.82007 955.8008 0.01764706 -372
19 559.8389 967.2803 0.01764706 -388
20 558.4829 993.97723 0.019607844 -405
21 558.4829 1002.47784 0.019607844 -438
22 558.4829 1007.8656 0.019607844 -454
23 558.4829 1011.4026 0.019607844 -471
24 558.4829 1013.85583 0.019607844 -488
25 558.4829 1015.7674 0.019607844 -504
26 558.4829 1017.7684 0.019607844 -521
27 558.4829 1019.469 0.01764706 -537
28 558.4829 1019.469 0.01764706 -571
0 907.16003 620.6767 0.01764706 -4
1 907.16003 620.6767 0.01764706 -4
2 904.4952 620.6767 0.01764706 -24
3 889.73816 620.6767 0.01764706 -41
4 889.73816 620.6767 0.01764706 -57
5 742.3127 616.6788 0.019607844 -138
6 712.18256 616.6788 0.01764706 -138
7 692.2844 616.6788 0.01764706 -157
8 672.5937 618.95593 0.01764706 -173
9 641.2444 640.805 0.01764706 -190
10 623.07605 665.94305 0.01764706 -223
11 606.6887 698.02844 0.01764706 -240
12 592.06323 748.9699 0.01764706 -256
13 583.4038 802.9318 0.01764706 -273
14 577.553 843.7709 0.01764706 -290
15 573.66864 879.14343 0.01764706 -306
16 569.7547 919.98047 0.01764706 -323
17 565.90076 944.3844 0.01764706 -339
18 562.9835 963.9644 0.01764706 -356
19 559.78973 984.7145 0.01764706 -373
20 557.78864 997.95483 0.01764706 -389
21 556.48474 1011.4661 0.019607844 -406
22 556.48474 1016.8428 0.019607844 -439
23 556.48474 1017.47003 0.01764706 -472
24 556.48474 1018.46954 0.01764706 -477
0 899.1674 623.6752 0.01764706 0
1 898.1684 623.6752 0.01764706 -5
2 884.6299 622.67566 0.01764706 -33
3 879.1859 622.67566 0.01764706 -50
4 868.1961 622.67566 0.01764706 -55
5 570.4718 958.50073 0.019607844 -337
6 570.4718 988.53326 0.019607844 -337
7 569.4727 1032.5319 0.01764706 -348
8 569.4727 1052.1193 0.01764706 -381
9 568.47363 1070.4708 0.019607844 -398
10 568.47363 1075.3799 0.019607844 -431
11 568.47363 1078.3495 0.019607844 -448
12 568.47363 1080.8689 0.019607844 -464
13 568.47363 1082.4362 0.01764706 -481
14 568.47363 1083.4357 0.01764706 -494
0 705.3469 989.4846 0.019607844 -5
1 702.1277 987.6708 0.01764706 -23
2 692.4201 983.648 0.01764706 -42
3 671.49316 977.2299 0.01764706 -59
4 641.7276 970.82477 0.01764706 -75
5 602.2896 964.1903 0.01764706 -92
6 567.39923 955.70764 0.01764706 -108
7 529.76416 950.79474 0.01764706 -125
8 499.38925 946.9882 0.01764706 -142
9 451.28372 949.56506 0.01764706 -158
10 431.58102 956.9546 0.019607844 -191
11 416.32883 967.74084 0.019607844 -208
12 401.70285 987.37354 0.019607844 -224
13 388.07773 1025.9672 0.01764706 -241
14 380.00958 1068.5519 0.01764706 -258
15 374.98798 1117.3959 0.01764706 -274
16 373.65402 1171.3037 0.01764706 -291
17 374.35458 1227.2931 0.01764706 -307
18 374.6531 1328.5568 0.019607844 -324
19 374.6531 1371.8828 0.019607844 -357
20 374.6531 1395.5378 0.019607844 -374
21 374.6531 1412.5935 0.019607844 -390
22 374.6531 1425.6168 0.01764706 -407
23 374.6531 1432.6088 0.01764706 -423
24 374.6531 1437.0604 0.01764706 -440
25 374.6531 1438.6813 0.015686275 -457
26 374.6531 1440.6769 0.015686275 -473
27 374.6531 1441.2493 0.015686275 -490
28 374.6531 1442.2488 0.015686275 -495
0 880.185 622.67566 0.019607844 -5
1 880.185 622.67566 0.019607844 -5
2 872.95557 620.3678 0.01764706 -33
3 858.1565 619.4497 0.019607844 -50
4 832.5891 616.2728 0.019607844 -67
5 805.5764 613.3235 0.019607844 -83
6 744.14044 607.60547 0.019607844 -100
7 694.62573 608.4496 0.019607844 -133
8 668.13947 612.25684 0.01764706 -166
9 647.1616 618.7451 0.01764706 -183
10 630.5503 635.1868 0.01764706 -199
11 609.10596 674.5747 0.019607844 -216
12 586.2932 790.5184 0.01764706 -232
13 585.4579 849.5575 0.01764706 -266
14 588.12555 881.23676 0.01764706 -282
15 591.80023 933.17316 0.01764706 -299
16 592.4514 952.59186 0.01764706 -315
17 593.4505 995.08624 0.01764706 -332
18 593.4505 1013.3256 0.01764706 -349
19 593.4505 1023.33826 0.01764706 -365
20 592.4514 1029.8324 0.01764706 -382
21 590.3608 1034.6464 0.01764706 -398
22 590.4533 1037.5112 0.01764706 -415
23 590.4533 1039.4724 0.01764706 -432
24 590.4533 1041.4264 0.01764706 -448
25 590.4533 1043.4209 0.01764706 -465
26 590.4533 1044.4332 0.01764706 -481
27 589.4542 1044.4559 0.01764706 -498
28 588.45514 1044.4559 0.013725491 -506
0 933.136 564.7059 0.019607844 -16
1 927.9236 568.5154 0.019607844 -16
2 908.1197 573.4766 0.019607844 -35
3 850.4599 584.1304 0.019607844 -52
4 778.70514 595.1982 0.01764706 -85
5 747.8539 602.2957 0.019607844 -118
6 719.20636 607.9089 0.01764706 -134
7 695.1735 611.7095 0.01764706 -151
8 672.0944 618.3521 0.01764706 -168
9 638.501 640.87286 0.01764706 -184
10 623.3631 660.3635 0.01764706 -217
11 606.9527 688.6119 0.01764706 -234
12 593.9761 724.62354 0.019607844 -251
13 583.9592 758.1051 0.01764706 -267
14 577.0503 806.1289 0.01764706 -283
15 572.60034 843.25555 0.019607844 -300
16 568.71295 874.2479 0.01764706 -317
17 566.1771 901.308 0.01764706 -333
18 564.2178 927.8945 0.01764706 -350
19 563.4783 947.89984 0.01764706 -367
20 561.4801 978.0428 0.019607844 -383
21 561.4801 1000.22125 0.019607844 -416
22 560.481 1010.0743 0.019607844 -450
23 560.481 1012.3522 0.019607844 -483
24 560.481 1014.312 0.019607844 -499
25 560.481 1016.30475 0.01764706 -516
26 560.481 1016.4706 0.01764706 -533
27 560.481 1017.47003 0.01764706 -534
0 891.17487 602.6861 0.019607844 -8
1 891.17487 602.6861 0.019607844 -8
2 891.17487 602.6861 0.019607844 -26
3 883.9213 602.6861 0.01764706 -43
4 870.91797 602.6861 0.01764706 -59
5 845.523 602.6861 0.019607844 -76
6 817.2077 602.6861 0.019607844 -93
7 781.5938 601.4821 0.019607844 -109
8 721.8904 601.6866 0.019607844 -126
9 694.63574 604.66364 0.019607844 -159
10 650.71844 610.0181 0.01764706 -176
11 633.17395 616.2638 0.01764706 -209
12 618.27716 632.85834 0.01764706 -225
13 587.4926 732.97534 0.019607844 -242
14 590.6846 833.69037 0.01764706 -275
15 593.78644 881.59265 0.01764706 -308
16 596.6662 928.1087 0.01764706 -325
17 597.61285 964.1529 0.01764706 -341
18 597.44684 991.9887 0.01764706 -358
19 597.44684 1010.1527 0.01764706 -375
20 597.44684 1020.59204 0.01764706 -391
21 597.44684 1031.0493 0.01764706 -408
22 597.44684 1035.2218 0.01764706 -441
23 596.58704 1037.3203 0.01764706 -474
24 596.44775 1037.4596 0.01764706 -491
25 573.469 1037.4596 0.021568628 -492
0 873.19147 561.70746 0.01764706 -15
1 871.19336 562.7069 0.019607844 -15
2 862.7006 564.77747 0.01764706 -34
3 820.5939 578.9139 0.019607844 -50
4 766.97034 591.7901 0.01764706 -84
5 708.5981 604.3269 0.01764706 -117
6 678.55096 609.65857 0.01764706 -150
7 654.2322 616.32983 0.01764706 -166
8 634.63293 628.8181 0.01764706 -183
9 615.39386 642.2909 0.01764706 -200
10 596.37964 660.65784 0.01764706 -216
11 579.7753 689.347 0.01764706 -233
12 567.58997 726.7364 0.01764706 -249
13 560.3781 766.9393 0.01764706 -266
14 558.9807 823.0147 0.01764706 -283
15 560.94495 871.5111 0.01764706 -299
16 564.36206 918.46344 0.01764706 -316
17 566.8937 948.3668 0.01764706 -332
18 571.16986 986.7745 0.01764706 -349
19 572.7642 1007.7155 0.01764706 -365
20 573.469 1025.5457 0.01764706 -382
21 573.469 1030.8014 0.01764706 -415
22 573.469 1034.7401 0.01764706 -432
23 573.469 1036.5748 0.01764706 -448
24 573.469 1038.5616 0.01764706 -465
25 573.469 1040.5804 0.015686275 -482
26 573.469 1040.5804 0.015686275 -498
0 712.34045 974.49243 0.019607844 0
1 709.98737 973.31537 0.01764706 -5
2 695.7751 968.7581 0.01764706 -33
3 671.51154 964.9026 0.01764706 -49
4 643.9963 962.2716 0.01764706 -66
5 579.5032 960.4997 0.01764706 -83
6 520.6795 965.31854 0.019607844 -116
7 478.0837 977.72754 0.019607844 -149
8 446.95206 1006.83527 0.019607844 -182
9 418.43414 1100.773 0.01764706 -215
10 412.3055 1146.5919 0.01764706 -249
11 407.8537 1188.8358 0.019607844 -265
12 405.28232 1226.8668 0.019607844 -282
13 401.98923 1263.4083 0.019607844 -298
14 400.36328 1293.5829 0.01764706 -315
15 398.3677 1323.2622 0.01764706 -331
16 396.43387 1347.6869 0.01764706 -348
17 394.47055 1367.9296 0.019607844 -365
18 392.50378 1385.3407 0.01764706 -381
19 390.54996 1398.8904 0.01764706 -398
20 388.5744 1406.5305 0.019607844 -414
21 388.64014 1412.4222 0.01764706 -431
22 388.64014 1416.3424 0.01764706 -448
23 388.64014 1418.2874 0.01764706 -464
24 388.64014 1420.2684 0.01764706 -481
25 388.64014 1420.2603 0.01764706 -497
26 388.64014 1420.2603 0.01764706 -514
27 388.64014 1420.2603 0.01764706 -522
0 727.32654 978.49036 0.019607844 -5
1 725.21063 977.4319 0.019607844 -5
2 708.87396 976.4914 0.019607844 -41
3 689.1679 976.4914 0.019607844 -57
4 661.3757 975.4919 0.019607844 -74
5 632.38983 977.4925 0.019607844 -90
6 601.4494 980.371 0.019607844 -107
7 544.7083 990.79553 0.019607844 -124
8 520.8042 998.98584 0.019607844 -157
9 501.34683 1008.288 0.019607844 -173
10 479.0223 1021.3419 0.019607844 -190
11 458.1814 1042.4697 0.01764706 -206
12 437.96432 1080.4509 0.01764706 -223
13 418.77652 1134.5366 0.019607844 -240
14 406.51196 1183.1823 0.019607844 -256
15 404.31924 1233.3236 0.019607844 -273
16 401.3796 1280.3027 0.01764706 -289
17 399.44952 1319.9249 0.019607844 -306
18 398.6309 1349.3411 0.019607844 -322
19 398.6309 1371.5095 0.019607844 -339
20 396.57126 1386.7086 0.019607844 -356
21 394.64545 1397.218 0.019607844 -372
22 394.6346 1403.1826 0.019607844 -389
23 394.6346 1410.0345 0.01764706 -405
24 394.6346 1410.2655 0.01764706 -438
25 394.6346 1411.2649 0.01764706 -456
0 718.3349 1015.47107 0.01764706 -10
1 718.3349 1015.47107 0.019607844 -10
2 717.50635 1014.6422 0.01764706 -25
3 698.2131 1009.8315 0.019607844 -41
4 660.8032 1005.9639 0.01764706 -75
5 630.5116 1005.4763 0.01764706 -101
6 599.1477 1004.70807 0.019607844 -118
7 571.1559 1006.16364 0.019607844 -134
8 545.86316 1008.06195 0.019607844 -151
9 522.5162 1009.9739 0.019607844 -167
10 505.25372 1014.42236 0.01764706 -184
11 489.5833 1019.58026 0.01764706 -200
12 473.108 1027.6917 0.01764706 -217
13 459.4317 1042.8677 0.01764706 -233
14 445.47833 1068.3606 0.01764706 -250
15 432.4462 1122.0177 0.01764706 -266
16 424.2167 1166.1261 0.01764706 -283
17 419.42764 1212.3928 0.01764706 -299
18 415.47678 1261.0746 0.01764706 -316
19 411.7663 1342.3499 0.01764706 -332
20 408.80737 1379.701 0.019607844 -366
21 406.75705 1407.5293 0.01764706 -382
22 402.85495 1443.8802 0.019607844 -399
23 400.01355 1461.0873 0.01764706 -432
24 399.62997 1464.2373 0.01764706 -465
25 399.62997 1466.2363 0.01764706 -475
0 880.185 609.68243 0.019607844 0
1 879.25275 608.7499 0.019607844 -8
2 871.1889 606.6831 0.01764706 -33
3 853.8417 603.8004 0.019607844 -50
4 798.4741 596.96576 0.019607844 -66
5 741.8035 594.69025 0.019607844 -99
6 691.35986 598.6881 0.01764706 -132
7 646.9108 616.16925 0.01764706 -165
8 614.0238 674.11444 0.01764706 -198
9 604.6875 726.13727 0.01764706 -232
10 600.91986 759.5326 0.01764706 -248
11 598.16925 816.38904 0.01764706 -265
12 596.2876 876.74915 0.01764706 -281
13 596.44775 924.62286 0.01764706 -298
14 591.43396 961.55457 0.01764706 -314
15 584.52875 997.13086 0.01764706 -347
16 582.53705 1004.2476 0.01764706 -380
17 580.5311 1008.3375 0.01764706 -397
18 580.4625 1008.47473 0.01764706 -413
19 580.4625 1008.47473 0.01764706 -414
