0 489.54672 404.78915 0.019607844 -355
1 457.85715 402.7902 0.019607844 -355
2 421.42532 401.75385 0.021568628 -378
3 413.62024 401.7907 0.021568628 -428
4 407.6656 401.7907 0.021568628 -461
5 405.90533 401.7907 0.021568628 -494
6 404.17062 401.7907 0.021568628 -510
7 402.49683 401.7907 0.021568628 -527
8 400.6895 401.7907 0.021568628 -543
9 398.94376 401.7907 0.021568628 -560
10 397.17105 401.7907 0.019607844 -576
11 395.40576 401.7907 0.019607844 -593
12 393.59763 402.8281 0.019607844 -609
13 392.80957 403.6165 0.019607844 -626
14 392.01953 406.0235 0.019607844 -642
15 388.4301 415.41425 0.019607844 -659
16 386.73618 446.54202 0.019607844 -692
17 384.02203 505.69492 0.019607844 -725
18 384.64386 574.7003 0.019607844 -758
19 385.6429 615.24176 0.019607844 -791
20 383.4197 648.6896 0.019607844 -807
21 382.67953 695.18085 0.019607844 -824
22 383.64478 737.87744 0.019607844 -840
23 381.21057 770.3722 0.019607844 -856
24 380.05988 804.58044 0.019607844 -873
25 378.18552 833.5308 0.019607844 -889
26 376.65125 865.20917 0.019607844 -906
27 375.39557 894.3866 0.019607844 -922
28 374.83258 926.9304 0.019607844 -939
29 374.6531 957.4811 0.019607844 -955
30 376.61395 986.1877 0.019607844 -972
31 378.51785 1008.15814 0.019607844 -988
32 379.64847 1023.8633 0.019607844 -1005
33 379.64847 1034.8053 0.019607844 -1021
34 379.64847 1042.1654 0.019607844 -1038
35 379.64847 1047.7981 0.019607844 -1054
36 379.64847 1051.1951 0.019607844 -1071
37 379.64847 1053.7352 0.01764706 -1087
38 380.64755 1054.4508 0.01764706 -1104
39 380.64755 1054.4508 0.01764706 -1110
0 946.12396 757.6054 0.019607844 0
1 946.12396 757.6054 0.019607844 -6
2 946.12396 757.6054 0.019607844 -22
3 946.12396 757.6054 0.019607844 -53
4 946.12396 757.6054 0.019607844 -86
5 946.12396 757.6054 0.019607844 -103
6 943.2548 755.67053 0.01764706 -119
7 938.671 753.7875 0.019607844 -136
8 916.22784 752.608 0.019607844 -152
9 895.3017 752.608 0.019607844 -185
10 853.4513 752.608 0.01764706 -202
11 794.086 752.608 0.01764706 -230
12 734.13434 750.609 0.019607844 -263
13 671.036 751.6085 0.019607844 -296
14 647.26746 750.609 0.019607844 -329
15 628.67145 750.609 0.019607844 -345
16 613.1411 750.609 0.019607844 -362
17 590.29736 750.609 0.019607844 -378
18 576.4737 750.609 0.019607844 -411
19 572.49243 750.609 0.019607844 -444
20 566.3379 750.609 0.019607844 -461
21 564.54614 750.609 0.019607844 -494
22 562.73114 750.609 0.019607844 -510
23 560.88715 751.2022 0.019607844 -527
24 559.04535 753.04474 0.019607844 -543
25 553.66113 764.5296 0.01764706 -560
26 550.08966 785.9967 0.019607844 -576
27 546.4012 823.7787 0.019607844 -593
28 544.59247 863.42303 0.019607844 -609
29 542.7108 902.2638 0.019607844 -626
30 540.82275 944.7435 0.01764706 -642
31 535.58545 1033.8633 0.01764706 -659
32 533.1032 1077.9069 0.019607844 -692
33 522.7204 1163.963 0.01764706 -708
34 514.4832 1264.806 0.01764706 -741
35 510.52124 1303.3817 0.01764706 -774
36 508.61472 1336.9335 0.01764706 -791
37 506.71893 1365.467 0.019607844 -807
38 505.53192 1385.7649 0.019607844 -823
39 503.89563 1401.7345 0.01764706 -840
40 502.96368 1412.1176 0.01764706 -856
41 502.5347 1418.2612 0.01764706 -873
42 501.5356 1421.2598 0.01764706 -885
0 903.16376 746.61115 0.01764706 -8
1 903.16376 746.61115 0.019607844 -8
2 903.16376 746.61115 0.019607844 -24
3 903.16376 746.61115 0.019607844 -91
4 903.16376 746.61115 0.019607844 -106
5 903.16376 746.61115 0.01764706 -145
6 903.16376 746.61115 0.01764706 -184
7 896.8748 746.61115 0.01764706 -207
8 884.06195 746.61115 0.01764706 -223
9 864.8708 746.61115 0.01764706 -240
10 811.5964 746.61115 0.01764706 -256
11 747.3184 746.61115 0.01764706 -289
12 685.4564 747.6106 0.01764706 -322
13 655.988 747.6106 0.01764706 -355
14 630.993 748.8733 0.019607844 -371
15 606.17676 749.60956 0.01764706 -388
16 583.1179 749.60956 0.01764706 -404
17 566.7116 750.609 0.01764706 -421
18 544.99536 750.609 0.019607844 -437
19 532.1618 750.609 0.019607844 -470
20 527.48425 750.609 0.019607844 -503
21 524.6656 750.609 0.019607844 -520
22 522.8351 750.609 0.019607844 -536
23 521.00214 752.1237 0.019607844 -553
24 519.1457 755.72736 0.019607844 -569
25 508.5418 807.45276 0.01764706 -586
26 505.68506 842.80225 0.019607844 -635
27 504.53284 882.9532 0.01764706 -652
28 503.53375 924.1652 0.019607844 -668
29 503.53375 973.4967 0.01764706 -685
30 504.82867 1076.8422 0.01764706 -701
31 505.53192 1179.2097 0.01764706 -734
32 505.53192 1236.5057 0.01764706 -767
33 509.59686 1313.2391 0.01764706 -784
34 509.59686 1313.2391 0.01764706 -800
35 512.52545 1380.2811 0.01764706 -825
36 512.52545 1397.2722 0.01764706 -825
37 512.52545 1411.2649 0.01764706 -833
38 512.52545 1439.2504 0.01764706 -859
39 512.52545 1451.2441 0.01764706 -859
0 914.15356 748.6101 0.019607844 -15
1 914.15356 748.6101 0.019607844 -15
2 914.15356 748.6101 0.01764706 -100
3 914.15356 748.6101 0.01764706 -199
4 908.50757 746.39417 0.01764706 -216
5 898.0792 746.61115 0.01764706 -233
6 856.2353 747.6106 0.01764706 -249
7 826.5472 747.6106 0.01764706 -282
8 794.0865 749.62006 0.01764706 -299
9 764.14355 750.5523 0.01764706 -316
10 731.4022 751.6085 0.01764706 -332
11 700.65204 753.4013 0.01764706 -349
12 670.2889 755.29974 0.01764706 -365
13 642.00024 756.2526 0.01764706 -382
14 608.67615 759.1521 0.01764706 -398
15 582.5066 759.6044 0.01764706 -415
16 564.06903 761.94403 0.01764706 -432
17 549.72314 762.82367 0.01764706 -448
18 538.971 762.6028 0.019607844 -465
19 529.70734 762.6028 0.019607844 -481
20 523.11176 762.6028 0.019607844 -498
21 518.1663 762.6028 0.019607844 -515
22 514.43494 762.6028 0.019607844 -531
23 512.132 762.6028 0.019607844 -548
24 510.25967 763.87 0.019607844 -564
25 507.2083 769.24347 0.01764706 -581
26 503.41324 777.89636 0.01764706 -597
27 499.66684 792.00476 0.01764706 -614
28 495.7929 813.93823 0.019607844 -631
29 492.0306 852.26324 0.01764706 -647
30 489.54672 895.9047 0.01764706 -664
31 488.54764 991.33307 0.019607844 -680
32 488.54764 1078.3412 0.01764706 -714
33 488.08328 1183.4679 0.01764706 -741
34 487.54858 1229.8232 0.01764706 -774
35 487.54858 1280.1228 0.01764706 -790
36 487.54858 1326.6923 0.01764706 -807
37 487.54858 1368.5483 0.01764706 -824
38 488.54764 1412.7491 0.019607844 -840
39 488.54764 1446.259 0.01764706 -857
40 489.54672 1475.6421 0.01764706 -873
41 490.62033 1502.0381 0.01764706 -890
42 492.58936 1521.6619 0.01764706 -906
43 493.54303 1529.2035 0.01764706 -923
44 494.54208 1536.1998 0.01764706 -931
0 981.0916 533.722 0.01764706 0
1 981.0916 533.722 0.019607844 -9
2 981.0916 533.722 0.01764706 -26
3 981.0916 533.722 0.01764706 -39
4 981.0916 533.722 0.01764706 -58
5 976.31 531.3302 0.01764706 -91
6 969.87604 529.4177 0.01764706 -124
7 949.68164 528.7246 0.01764706 -141
8 930.8229 529.72406 0.01764706 -174
9 899.2745 529.72406 0.01764706 -190
10 868.5542 529.72406 0.01764706 -207
11 840.57513 530.62695 0.01764706 -223
12 809.18695 530.7236 0.01764706 -240
13 778.27075 528.42914 0.01764706 -256
14 720.2229 526.64435 0.01764706 -273
15 692.04724 525.7262 0.01764706 -306
16 650.29767 528.7246 0.01764706 -322
17 633.29895 526.4614 0.01764706 -355
18 619.3109 527.88446 0.01764706 -372
19 601.0008 527.72516 0.01764706 -388
20 591.2847 527.72516 0.01764706 -421
21 587.97687 527.72516 0.01764706 -454
22 586.0768 527.72516 0.01764706 -470
23 584.19745 527.72516 0.01764706 -487
24 582.346 527.72516 0.01764706 -503
25 580.43866 528.7485 0.01764706 -520
26 580.43866 528.7485 0.01764706 -536
27 572.4699 563.70636 0.015686275 -562
28 570.4718 567.7043 0.01764706 -562
29 570.4718 567.7043 0.01764706 -580
30 559.48193 665.65326 0.01764706 -605
31 559.48193 665.65326 0.01764706 -605
32 562.4792 718.6257 0.01764706 -631
33 562.78424 749.09796 0.01764706 -631
34 565.7196 793.9415 0.01764706 -653
35 565.7196 793.9415 0.01764706 -668
36 571.4709 904.5289 0.01764706 -692
37 571.4786 935.64325 0.015686275 -692
38 566.47546 982.4883 0.01764706 -718
39 566.47546 982.4883 0.01764706 -734
40 559.48193 1099.4274 0.01764706 -760
41 559.48193 1106.6528 0.015686275 -760
42 557.77277 1123.1014 0.01764706 -784
43 557.4838 1125.4138 0.01764706 -800
44 557.4838 1125.4138 0.01764706 -803
45 559.48193 1217.366 0.01764706 -828
46 558.4829 1217.366 0.01764706 -828
47 558.4829 1217.366 0.01764706 -862
0 803.2562 408.78708 0.01764706 0
1 803.2562 408.78708 0.01764706 -6
2 803.2562 408.78708 0.019607844 -25
3 801.37286 407.7876 0.019607844 -58
4 793.88965 407.7876 0.019607844 -140
5 772.74 410.78604 0.019607844 -173
6 755.0009 411.4857 0.019607844 -206
7 733.7499 414.04614 0.019607844 -223
8 706.7292 413.7845 0.019607844 -239
9 651.40753 413.7845 0.019607844 -256
10 587.2249 411.78552 0.019607844 -289
11 519.68726 409.78656 0.019607844 -322
12 496.29227 410.88202 0.019607844 -355
13 471.6085 409.78656 0.019607844 -371
14 453.2519 409.78656 0.019607844 -388
15 440.8652 410.78604 0.019607844 -404
16 429.51666 412.4661 0.019607844 -421
17 413.1735 415.14478 0.019607844 -437
18 404.20166 414.78397 0.019607844 -470
19 399.7327 414.78397 0.019607844 -503
20 395.29214 419.12357 0.019607844 -536
21 387.764 432.96686 0.01764706 -569
22 387.764 432.96686 0.023529414 -602
23 402.6272 486.74646 0.01764706 -623
24 395.63367 523.72723 0.01764706 -623
25 427.60406 592.6913 0.023529414 -640
26 417.6133 612.6809 0.019607844 -666
27 440.59204 723.6231 0.023529414 -666
28 435.59668 730.61945 0.019607844 -683
29 429.60223 742.6132 0.019607844 -700
30 412.65112 857.9221 0.019607844 -700
31 407.7718 921.4289 0.019607844 -751
32 405.82822 946.2632 0.019607844 -784
33 403.3174 962.73517 0.019607844 -800
34 400.62906 979.24023 0.01764706 -816
35 400.62906 994.7705 0.019607844 -833
36 400.62906 1006.47577 0.019607844 -849
37 400.62906 1009.4742 0.01764706 -870
0 653.395 1009.4742 0.019607844 0
1 653.395 1009.4742 0.019607844 0
2 653.395 1009.4742 0.019607844 -64
3 653.395 1009.4742 0.019607844 -64
4 653.395 1009.4742 0.019607844 -76
5 653.395 1009.4742 0.01764706 -109
6 645.2792 1005.43524 0.01764706 -142
7 636.13464 1004.4768 0.01764706 -175
8 626.3145 1004.4768 0.01764706 -191
9 594.63055 1004.4768 0.01764706 -208
10 574.77496 1006.34515 0.01764706 -241
11 531.55566 1008.47473 0.01764706 -258
12 478.81006 1011.812 0.01764706 -288
13 422.3281 1014.4716 0.01764706 -321
14 387.90622 1015.6488 0.01764706 -354
15 358.45386 1016.4706 0.01764706 -370
16 336.87244 1016.4706 0.01764706 -387
17 301.79584 1015.73035 0.01764706 -403
18 281.37646 1013.4721 0.01764706 -436
19 267.68616 1013.4721 0.01764706 -469
20 260.5982 1013.4721 0.019607844 -502
21 255.10583 1014.30066 0.019607844 -535
22 247.6193 1022.77014 0.019607844 -568
23 240.15569 1044.9435 0.019607844 -601
24 234.95372 1061.933 0.019607844 -634
25 229.0356 1084.4445 0.019607844 -651
26 222.45009 1117.2239 0.019607844 -667
27 215.7957 1156.4276 0.019607844 -684
28 211.98894 1195.4326 0.019607844 -700
29 206.05269 1276.9784 0.019607844 -717
30 201.25429 1354.363 0.019607844 -750
31 199.81499 1414.109 0.019607844 -783
32 198.81592 1456.5481 0.019607844 -816
33 198.81592 1492.228 0.01764706 -849
34 203.73293 1526.891 0.01764706 -882
35 207.65631 1545.7407 0.01764706 -915
36 209.66478 1551.7686 0.01764706 -948
37 209.80574 1555.0366 0.01764706 -964
38 209.80574 1555.19 0.01764706 -981
39 209.80574 1555.19 0.01764706 -982
0 583.4598 791.5877 0.019607844 -356
1 566.6259 793.5679 0.01764706 -356
2 554.34357 792.8726 0.01764706 -372
3 536.5951 788.1125 0.019607844 -389
4 526.14453 785.5908 0.019607844 -422
5 519.7018 785.5908 0.019607844 -455
6 517.8545 785.5908 0.019607844 -488
7 516.0788 785.5908 0.019607844 -504
8 514.3594 784.5914 0.019607844 -521
9 512.5204 784.5914 0.019607844 -537
10 510.72427 784.5914 0.019607844 -554
11 508.90817 784.5914 0.019607844 -570
12 507.05823 786.06287 0.019607844 -587
13 505.20605 787.9158 0.019607844 -603
14 503.38123 791.8929 0.019607844 -620
15 501.47632 796.763 0.019607844 -636
16 497.7676 830.05396 0.019607844 -653
17 495.8402 856.76465 0.019607844 -686
18 494.54208 924.0991 0.019607844 -702
19 494.54208 997.37177 0.019607844 -735
20 494.54208 1075.8295 0.019607844 -768
21 494.54208 1107.7284 0.019607844 -801
22 494.54208 1136.3105 0.019607844 -818
23 494.54208 1161.3822 0.019607844 -834
24 494.54208 1205.2311 0.019607844 -851
25 494.54208 1226.5205 0.019607844 -884
26 494.54208 1268.64 0.019607844 -900
27 494.54208 1288.5332 0.019607844 -933
28 494.54208 1305.4714 0.019607844 -950
29 494.54208 1325.7598 0.019607844 -966
30 495.54117 1340.1329 0.019607844 -983
31 495.54117 1352.5328 0.019607844 -999
32 495.54117 1362.2423 0.019607844 -1016
33 495.54117 1373.4073 0.019607844 -1032
34 495.54117 1378.2821 0.019607844 -1065
35 495.54117 1379.2816 0.01764706 -1094
0 959.11194 560.70795 0.01764706 -17
1 959.11194 560.70795 0.01764706 -17
2 959.11194 560.70795 0.01764706 -29
3 956.21185 560.70795 0.01764706 -107
4 936.33734 560.70795 0.01764706 -140
5 919.5827 560.70795 0.01764706 -173
6 892.9416 560.70795 0.01764706 -190
7 864.89136 560.70795 0.015686275 -206
8 804.2777 559.7085 0.015686275 -223
9 765.2361 558.709 0.01764706 -256
10 728.38965 558.709 0.015686275 -272
11 699.2292 558.709 0.01764706 -289
12 675.91437 558.709 0.015686275 -307
13 650.7824 558.709 0.01764706 -323
14 634.3723 558.709 0.01764706 -340
15 620.8049 558.709 0.01764706 -356
16 609.9043 558.709 0.01764706 -373
17 596.1246 558.709 0.01764706 -389
18 588.018 558.709 0.01764706 -422
19 585.382 558.709 0.01764706 -455
20 583.5059 558.709 0.01764706 -472
21 581.6377 558.709 0.015686275 -488
22 579.7909 558.709 0.015686275 -505
23 577.8652 558.709 0.015686275 -521
24 573.4838 564.6762 0.01764706 -538
25 569.69507 570.86884 0.01764706 -554
26 564.64264 578.81134 0.01764706 -571
27 563.4783 582.6965 0.01764706 -587
28 563.4783 582.6965 0.01764706 -594
29 559.48193 628.67255 0.015686275 -619
30 553.655 683.1351 0.01764706 -619
31 553.663 720.87994 0.013725491 -653
32 553.4875 725.6221 0.01764706 -670
33 553.4875 725.6221 0.01764706 -671
34 554.4866 856.55383 0.01764706 -697
35 558.0243 913.2462 0.01764706 -697
36 559.48193 951.31226 0.015686275 -736
37 555.1885 1050.6835 0.01764706 -752
38 555.1885 1050.6835 0.01764706 -802
39 557.4838 1124.4143 0.013725491 -826
40 553.424 1136.6302 0.01764706 -826
41 553.424 1136.6302 0.01764706 -851
42 549.4912 1221.3639 0.01764706 -876
43 549.4912 1221.3639 0.01764706 -876
44 548.4921 1222.3633 0.01764706 -901
45 548.4921 1222.3633 0.01764706 -910
46 556.48474 1248.3497 0.013725491 -944
47 554.4866 1253.019 0.01764706 -944
48 554.4866 1255.0083 0.01764706 -967
49 554.4866 1256.9675 0.01764706 -984
50 554.4866 1258.3446 0.01764706 -1000
51 554.4866 1258.3446 0.01764706 -1012
0 680.37006 982.4883 0.019607844 0
1 680.37006 982.4883 0.019607844 0
2 680.37006 982.4883 0.019607844 -18
3 679.5746 982.4883 0.01764706 -71
4 669.77344 982.4883 0.019607844 -104
5 646.2024 984.0124 0.019607844 -137
6 609.5644 987.86017 0.019607844 -170
7 582.9559 989.9078 0.01764706 -203
8 555.6175 990.4841 0.01764706 -220
9 482.0758 990.4841 0.01764706 -236
10 449.94254 990.4841 0.01764706 -269
11 419.4429 991.56146 0.01764706 -286
12 393.565 993.488 0.01764706 -302
13 369.62732 995.407 0.01764706 -319
14 348.30838 998.3169 0.019607844 -335
15 333.62476 1000.2028 0.019607844 -352
16 322.60712 1002.09686 0.019607844 -368
17 313.68658 1003.9828 0.019607844 -385
18 301.00836 1006.47577 0.019607844 -401
19 297.37808 1006.47577 0.019607844 -434
20 293.61096 1007.53375 0.01764706 -451
21 291.78076 1007.4752 0.01764706 -467
22 288.0713 1009.30524 0.019607844 -484
23 287.73358 1009.4742 0.019607844 -500
24 285.73544 1010.4737 0.019607844 -502
25 281.73914 1015.47107 0.019607844 -528
26 273.0506 1040.2444 0.019607844 -528
27 272.74747 1046.455 0.019607844 -566
28 271.74838 1056.4497 0.019607844 -572
29 271.74838 1082.4362 0.01764706 -596
30 269.75024 1147.4023 0.01764706 -596
31 269.75024 1168.3915 0.01764706 -622
32 269.75024 1217.366 0.01764706 -648
33 268.72525 1266.0406 0.01764706 -648
34 264.75485 1361.1195 0.01764706 -666
35 257.4193 1449.0111 0.01764706 -698
36 248.09761 1517.1307 0.01764706 -731
37 239.82639 1572.8416 0.01764706 -764
38 238.77892 1581.1764 0.01764706 -797
39 236.78076 1594.1697 0.01764706 -802
40 232.78445 1617.1577 0.019607844 -827
41 226.44643 1665.5715 0.01764706 -827
42 225.79094 1705.1119 0.01764706 -863
43 225.79094 1718.1051 0.01764706 -886
44 225.79094 1738.0947 0.01764706 -911
45 225.79094 1751.9674 0.01764706 -911
46 226.79001 1765.1936 0.01764706 -930
47 226.79001 1766.0801 0.01764706 -962
48 226.79001 1766.0801 0.01764706 -970
0 979.09344 744.6122 0.01764706 -6
1 979.09344 744.6122 0.019607844 -6
2 979.09344 744.6122 0.01764706 -25
3 979.09344 744.6122 0.01764706 -35
4 979.09344 744.6122 0.01764706 -58
5 974.2023 743.6127 0.01764706 -74
6 969.26074 743.6127 0.01764706 -107
7 961.82544 743.6127 0.01764706 -124
8 949.8714 743.6127 0.01764706 -140
9 935.29517 743.6127 0.01764706 -156
10 914.9983 742.9335 0.01764706 -173
11 891.37134 742.6132 0.01764706 -189
12 865.64716 742.6132 0.01764706 -206
13 837.3184 742.6132 0.01764706 -222
14 807.4923 742.6132 0.01764706 -239
15 748.0169 742.6132 0.01764706 -255
16 692.4878 748.1633 0.01764706 -288
17 665.56366 752.1959 0.01764706 -321
18 641.4269 754.93835 0.01764706 -338
19 615.68964 758.97003 0.01764706 -354
20 593.328 760.7058 0.01764706 -371
21 575.01917 760.6038 0.01764706 -387
22 561.50385 761.60333 0.01764706 -404
23 548.9115 761.60333 0.01764706 -420
24 532.6715 761.60333 0.01764706 -437
25 526.6531 762.6028 0.019607844 -470
26 522.4978 762.6028 0.01764706 -486
27 518.74774 762.6028 0.01764706 -503
28 516.2453 763.87885 0.019607844 -519
29 514.32043 765.80457 0.019607844 -536
30 511.30377 773.15436 0.01764706 -552
31 507.53235 786.5822 0.01764706 -569
32 503.69644 826.29 0.01764706 -585
33 503.53375 859.5205 0.01764706 -618
34 505.173 903.9075 0.01764706 -635
35 507.09393 953.59 0.01764706 -651
36 512.01556 1053.3062 0.01764706 -668
37 512.52545 1068.4435 0.01764706 -701
38 513.52454 1090.432 0.01764706 -707
39 513.52454 1137.4076 0.01764706 -731
40 511.52637 1209.3701 0.01764706 -731
41 510.52728 1223.3628 0.01764706 -764
42 507.53006 1258.3446 0.019607844 -790
43 501.60187 1321.5159 0.01764706 -790
44 501.5356 1342.579 0.019607844 -833
45 501.5356 1343.3003 0.01764706 -849
46 501.5356 1352.2957 0.01764706 -850
47 501.5356 1372.2853 0.01764706 -875
48 504.53284 1408.2665 0.01764706 -875
49 505.53192 1415.2628 0.01764706 -909
50 508.52914 1432.254 0.01764706 -942
51 509.52823 1436.252 0.01764706 -942
52 509.52823 1442.2488 0.01764706 -950
0 953.1175 740.61426 0.019607844 0
1 953.1175 740.61426 0.019607844 0
2 953.1175 740.61426 0.019607844 -25
3 953.1175 740.61426 0.01764706 -63
4 950.6619 739.61475 0.01764706 -72
5 932.40173 738.9926 0.01764706 -112
6 916.12244 738.6153 0.01764706 -145
7 893.8585 738.6153 0.01764706 -162
8 868.4021 738.6153 0.01764706 -178
9 811.33264 738.6153 0.01764706 -195
10 779.2067 738.6153 0.01764706 -228
11 751.5206 738.6153 0.01764706 -244
12 713.67456 738.6153 0.01764706 -261
13 665.1418 738.6153 0.01764706 -277
14 644.28485 738.6153 0.01764706 -310
15 613.44275 738.6153 0.01764706 -327
16 601.44305 738.6153 0.01764706 -360
17 593.0623 738.6153 0.01764706 -376
18 585.66235 738.6153 0.01764706 -393
19 576.46875 738.6153 0.019607844 -409
20 569.9821 739.36 0.01764706 -442
21 566.1072 742.6662 0.01764706 -475
22 562.2865 748.9956 0.01764706 -492
23 558.4767 760.63495 0.019607844 -508
24 556.48474 777.595 0.01764706 -525
25 556.48474 794.5861 0.01764706 -538
26 561.4801 1028.4644 0.01764706 -620
27 561.4801 1100.5592 0.01764706 -620
28 555.84045 1200.4685 0.01764706 -640
29 551.9218 1238.7433 0.019607844 -673
30 547.936 1272.0688 0.01764706 -690
31 544.1423 1306.0358 0.01764706 -706
32 539.4708 1366.7931 0.01764706 -723
33 539.5005 1392.7762 0.01764706 -756
34 538.5014 1415.317 0.01764706 -772
35 538.5014 1434.8586 0.019607844 -789
36 538.5014 1448.7776 0.01764706 -805
37 538.5014 1466.5798 0.01764706 -822
38 538.5014 1472.2332 0.01764706 -855
39 538.5014 1473.2327 0.01764706 -874
0 987.08606 799.58356 0.01764706 -84
1 971.9224 795.4968 0.015686275 -84
2 971.9224 795.4968 0.023529414 -108
3 946.12396 750.609 0.01764706 -132
4 924.1443 751.6085 0.01764706 -132
5 911.1564 719.6252 0.023529414 -149
6 886.17944 728.6205 0.01764706 -174
7 857.7268 733.6863 0.015686275 -174
8 828.7448 735.5827 0.01764706 -191
9 798.1995 737.5571 0.01764706 -207
10 767.0893 738.50287 0.01764706 -223
11 736.93335 740.2657 0.01764706 -240
12 708.9212 744.1014 0.01764706 -256
13 684.4423 749.5905 0.01764706 -273
14 661.2956 754.71454 0.01764706 -289
15 641.9385 758.49835 0.01764706 -306
16 625.0398 763.3538 0.01764706 -322
17 608.6336 767.0512 0.01764706 -339
18 594.3913 770.9009 0.01764706 -355
19 574.2386 774.40405 0.019607844 -372
20 562.3191 778.1748 0.01764706 -405
21 558.34595 780.1622 0.01764706 -438
22 554.58234 782.04474 0.01764706 -454
23 552.1482 783.93225 0.01764706 -471
24 548.4885 788.5965 0.01764706 -487
25 545.4616 799.7168 0.01764706 -520
26 538.73224 839.55914 0.01764706 -537
27 534.9751 903.12 0.01764706 -570
28 531.1136 984.1695 0.01764706 -603
29 529.1856 1029.2491 0.019607844 -636
30 527.33563 1075.4913 0.01764706 -652
31 524.2554 1118.2688 0.01764706 -669
32 521.43933 1179.4097 0.01764706 -685
33 519.5144 1221.4557 0.01764706 -702
34 517.5664 1260.4303 0.01764706 -718
35 516.5217 1293.9938 0.01764706 -735
36 515.52264 1327.1986 0.01764706 -751
37 515.52264 1355.5422 0.01764706 -768
38 515.52264 1379.5774 0.01764706 -785
39 515.52264 1398.8082 0.01764706 -801
40 515.52264 1412.4347 0.01764706 -818
41 515.52264 1418.2612 0.01764706 -834
42 515.52264 1421.2598 0.01764706 -845
0 796.2627 402.7902 0.01764706 0
1 796.2627 402.7902 0.01764706 -9
2 796.2627 402.7902 0.019607844 -34
3 792.83685 401.7907 0.019607844 -76
4 780.59717 401.1225 0.019607844 -133
5 766.10077 400.79126 0.019607844 -166
6 750.702 403.03516 0.019607844 -183
7 729.26166 405.78864 0.019607844 -199
8 703.0294 408.47638 0.019607844 -216
9 672.8843 413.33698 0.019607844 -232
10 642.27136 417.30777 0.019607844 -249
11 608.95557 421.2517 0.019607844 -265
12 545.1984 429.5171 0.019607844 -282
13 518.64825 431.0733 0.019607844 -315
14 490.84573 435.15906 0.019607844 -331
15 467.6953 437.94202 0.019607844 -348
16 442.56055 440.84958 0.019607844 -364
17 424.49127 442.78223 0.019607844 -381
18 412.02734 444.70023 0.019607844 -397
19 396.49252 446.7673 0.019607844 -414
20 391.3004 446.7673 0.019607844 -447
21 387.49396 446.7673 0.019607844 -463
22 384.20834 446.7673 0.019607844 -480
23 382.274 446.7673 0.019607844 -496
24 380.42645 448.98746 0.019607844 -513
25 378.48633 452.09103 0.019607844 -529
26 374.52066 464.3547 0.019607844 -546
27 371.68405 482.46683 0.019607844 -563
28 367.92322 503.15457 0.019607844 -579
29 365.66144 534.1915 0.019607844 -596
30 364.96362 567.97504 0.019607844 -612
31 364.2901 605.6056 0.01764706 -629
32 364.66235 643.1258 0.019607844 -645
33 364.20923 683.16876 0.019607844 -662
34 364.9397 765.9861 0.019607844 -678
35 366.6605 844.3978 0.01764706 -711
36 366.6605 927.28314 0.019607844 -744
37 367.65958 986.50824 0.01764706 -777
38 367.65958 1007.3636 0.019607844 -810
39 368.65866 1028.083 0.019607844 -827
40 368.65866 1043.0249 0.01764706 -843
41 368.65866 1053.3335 0.01764706 -860
42 368.65866 1062.4467 0.01764706 -876
43 368.65866 1066.4446 0.01764706 -895
0 982.09064 534.7215 0.01764706 -10
1 982.09064 534.7215 0.01764706 -10
2 982.09064 534.7215 0.01764706 -36
3 982.09064 534.7215 0.01764706 -48
4 982.09064 534.7215 0.01764706 -85
5 976.2682 534.7215 0.01764706 -118
6 970.31055 534.7215 0.01764706 -151
7 959.2848 534.7215 0.01764706 -168
8 946.6615 535.2158 0.01764706 -184
9 930.1622 536.1626 0.01764706 -201
10 883.47766 538.0047 0.01764706 -217
11 826.94635 540.9375 0.01764706 -250
12 754.61774 547.92505 0.01764706 -283
13 721.68945 547.7147 0.01764706 -316
14 694.3631 549.7132 0.01764706 -333
15 669.26935 550.71313 0.015686275 -349
16 646.7772 550.71313 0.01764706 -366
17 627.7868 550.71313 0.01764706 -382
18 600.56146 551.71265 0.01764706 -399
19 581.64465 551.71265 0.01764706 -432
20 571.0437 551.71265 0.01764706 -465
21 567.18414 551.71265 0.01764706 -498
22 564.4602 551.71265 0.01764706 -514
23 560.6487 551.71265 0.01764706 -531
24 557.74646 559.1314 0.01764706 -564
25 555.8343 571.25977 0.01764706 -580
26 554.4866 591.1262 0.01764706 -597
27 555.93353 624.8813 0.01764706 -613
28 561.159 670.7221 0.01764706 -630
29 566.1859 721.2108 0.01764706 -646
30 573.1299 778.17346 0.01764706 -663
31 581.5915 832.4764 0.01764706 -679
32 587.17554 879.33704 0.01764706 -695
33 590.4533 991.673 0.01764706 -712
34 587.4011 1087.0112 0.01764706 -745
35 586.425 1120.9287 0.01764706 -778
36 584.4592 1139.4036 0.01764706 -794
37 580.53674 1164.9847 0.01764706 -811
38 580.3957 1181.8491 0.01764706 -827
39 580.4625 1194.7706 0.01764706 -844
40 580.4625 1207.3711 0.015686275 -860
41 580.4625 1210.3696 0.015686275 -887
0 807.25256 398.7923 0.019607844 0
1 807.25256 398.7923 0.01764706 0
2 807.25256 398.7923 0.01764706 -25
3 807.25256 398.7923 0.01764706 -41
4 805.2048 398.7923 0.019607844 -59
5 801.2512 398.7923 0.019607844 -75
6 795.4052 400.74405 0.019607844 -92
7 786.728 402.69894 0.019607844 -108
8 771.60504 404.78915 0.019607844 -125
9 755.1043 406.58783 0.019607844 -141
10 736.04846 410.28995 0.019607844 -158
11 709.8469 411.5161 0.019607844 -174
12 684.41656 413.47308 0.019607844 -191
13 655.2454 412.17548 0.019607844 -207
14 627.4766 412.785 0.019607844 -224
15 595.3439 411.78552 0.019607844 -240
16 569.6021 413.23636 0.019607844 -257
17 539.79767 412.3663 0.019607844 -273
18 516.68994 414.07907 0.019607844 -290
19 493.0896 417.35828 0.019607844 -306
20 463.93756 416.95837 0.019607844 -323
21 442.50467 418.89035 0.019607844 -339
22 426.21448 420.82965 0.019607844 -356
23 409.9183 419.81442 0.019607844 -372
24 399.28427 417.91315 0.019607844 -389
25 391.65152 417.7824 0.019607844 -405
26 382.82535 416.78293 0.019607844 -422
27 377.46866 416.78293 0.019607844 -455
28 373.72528 416.78293 0.019607844 -488
29 371.80063 417.6376 0.019607844 -521
30 369.89218 420.31168 0.019607844 -538
31 366.10138 436.13074 0.01764706 -554
32 362.3265 467.13696 0.019607844 -587
33 362.6642 492.6849 0.019607844 -620
34 362.6642 527.75836 0.019607844 -637
35 363.8738 585.59534 0.019607844 -653
36 366.9263 629.9976 0.019607844 -670
37 368.7287 671.1223 0.01764706 -686
38 371.68002 718.1816 0.01764706 -703
39 373.65402 765.4421 0.019607844 -719
40 374.56662 808.50116 0.01764706 -736
41 373.65402 879.8863 0.019607844 -752
42 371.94217 912.5129 0.01764706 -785
43 369.31778 937.5533 0.019607844 -802
44 366.05878 961.329 0.019607844 -818
45 364.1171 982.9455 0.01764706 -835
46 362.6642 999.77783 0.01764706 -852
47 362.6642 1015.92004 0.019607844 -868
48 362.6642 1029.0927 0.019607844 -885
49 363.66327 1044.4559 0.01764706 -901
50 391.6374 1078.4382 0.023529414 -922
0 970.10175 548.7142 0.01764706 0
1 970.10175 548.7142 0.01764706 0
2 970.10175 548.7142 0.01764706 -30
3 968.0548 547.6903 0.01764706 -68
4 958.4515 547.7147 0.015686275 -84
5 943.8249 547.7147 0.01764706 -117
6 928.0964 549.60754 0.01764706 -134
7 905.80115 550.71313 0.015686275 -150
8 879.95807 551.57635 0.01764706 -167
9 850.87213 551.869 0.015686275 -183
10 822.82886 550.8981 0.01764706 -200
11 793.88464 549.13983 0.015686275 -216
12 765.98413 547.7147 0.01764706 -233
13 740.11066 548.7142 0.01764706 -250
14 715.53687 548.7142 0.01764706 -266
15 693.6576 550.2834 0.01764706 -283
16 672.88873 551.71265 0.015686275 -299
17 651.10846 552.1413 0.01764706 -316
18 634.4469 554.08215 0.01764706 -332
19 620.2596 553.7116 0.01764706 -349
20 609.8449 553.7116 0.01764706 -365
21 601.8457 553.7116 0.01764706 -382
22 596.3476 553.7116 0.01764706 -398
23 592.65625 553.7116 0.01764706 -415
24 589.67456 553.7116 0.01764706 -431
25 585.90454 553.7116 0.01764706 -448
26 584.0107 553.7116 0.015686275 -481
27 582.0956 553.7116 0.015686275 -497
28 575.9165 562.8074 0.01764706 -514
29 567.406 588.24225 0.013725491 -547
30 564.47736 653.3487 0.015686275 -580
31 565.7053 718.58545 0.015686275 -613
32 565.23645 753.76373 0.01764706 -646
33 566.86346 801.2426 0.01764706 -662
34 570.399 852.9729 0.01764706 -679
35 576.9647 932.4976 0.01764706 -695
36 580.9511 1004.3013 0.01764706 -728
37 578.53894 1034.4014 0.01764706 -761
38 578.4644 1063.1168 0.015686275 -778
39 577.0851 1081.8619 0.015686275 -794
40 572.7094 1114.7415 0.01764706 -811
41 573.1035 1161.8816 0.01764706 -827
42 573.469 1189.3805 0.015686275 -860
43 574.4681 1196.3768 0.015686275 -883
0 1000.07404 559.7085 0.01764706 -9
1 1000.07404 559.7085 0.01764706 -9
2 1000.07404 559.7085 0.015686275 -27
3 997.9406 559.7085 0.015686275 -38
4 971.8837 556.71 0.015686275 -77
5 971.8837 556.71 0.015686275 -126
6 583.4598 558.709 0.015686275 -406
7 579.3336 558.709 0.015686275 -406
8 575.6048 558.709 0.015686275 -423
9 573.62067 558.709 0.015686275 -456
10 571.6818 558.709 0.015686275 -473
11 567.842 566.6015 0.015686275 -489
12 565.47644 585.7684 0.015686275 -522
13 565.47644 634.39105 0.015686275 -555
14 571.87463 761.8769 0.015686275 -588
15 575.7173 839.57745 0.01764706 -638
16 577.46533 879.72943 0.015686275 -654
17 575.09955 965.5443 0.015686275 -671
18 574.62494 1000.4623 0.015686275 -704
19 571.2512 1033.8804 0.015686275 -720
20 570.43207 1095.1453 0.015686275 -737
21 568.4596 1118.5718 0.01764706 -770
22 569.4727 1138.3066 0.015686275 -786
23 568.51086 1156.9128 0.015686275 -803
24 567.47455 1167.392 0.015686275 -819
25 566.47546 1175.3878 0.015686275 -828
0 966.10547 498.74023 0.01764706 -56
1 966.10547 498.74023 0.01764706 -56
2 966.10547 498.74023 0.01764706 -68
3 960.19666 498.74023 0.01764706 -108
4 945.1541 502.32083 0.01764706 -141
5 932.717 506.20947 0.01764706 -174
6 917.5987 511.25092 0.01764706 -190
7 897.91266 517.1074 0.01764706 -207
8 851.7012 522.6524 0.01764706 -223
9 800.6743 523.55475 0.01764706 -256
10 752.3029 524.7267 0.01764706 -289
11 729.0231 525.7262 0.01764706 -322
12 706.9552 524.38916 0.01764706 -339
13 687.23425 523.72723 0.01764706 -354
14 671.1065 516.254 0.01764706 -371
15 652.9153 510.59 0.01764706 -387
16 639.07886 506.92755 0.01764706 -404
17 629.4281 504.93918 0.01764706 -420
18 622.3654 505.0508 0.01764706 -437
19 617.3399 503.19366 0.01764706 -453
20 613.5765 501.31122 0.01764706 -470
21 608.565 500.7392 0.01764706 -486
22 607.2007 500.7392 0.01764706 -503
23 603.24854 504.92993 0.01764706 -519
24 593.79034 519.1627 0.01764706 -536
25 583.8928 539.7768 0.015686275 -569
26 575.05835 578.6088 0.015686275 -602
27 568.47363 634.6101 0.015686275 -635
28 566.2725 677.5063 0.01764706 -668
29 569.85376 743.17267 0.015686275 -684
30 568.4109 784.2244 0.01764706 -701
31 574.34985 875.41406 0.015686275 -717
32 579.2689 966.04456 0.015686275 -750
33 579.46344 1047.9893 0.015686275 -783
34 580.2049 1085.2457 0.015686275 -816
35 581.4616 1122.129 0.015686275 -833
36 582.148 1148.7687 0.015686275 -849
37 584.1403 1178.2416 0.01764706 -866
38 584.45886 1199.3752 0.01764706 -882
39 584.45886 1204.3727 0.01764706 -902
0 970.10175 747.6106 0.019607844 -9
1 970.10175 747.6106 0.019607844 -9
2 970.10175 747.6106 0.01764706 -35
3 970.10175 747.6106 0.01764706 -52
4 970.10175 747.6106 0.01764706 -68
5 970.10175 747.6106 0.01764706 -101
6 970.10175 747.6106 0.01764706 -118
7 968.37 746.7444 0.01764706 -131
8 963.6766 745.61163 0.01764706 -151
9 955.1129 745.61163 0.01764706 -167
10 943.5026 745.61163 0.01764706 -184
11 929.5766 745.61163 0.01764706 -200
12 911.3366 746.2933 0.01764706 -217
13 890.09924 746.61115 0.01764706 -233
14 865.44366 747.20734 0.01764706 -250
15 838.44354 747.6106 0.01764706 -266
16 783.18884 747.6106 0.01764706 -283
17 756.73816 746.61115 0.01764706 -316
18 732.0647 747.6106 0.01764706 -332
19 678.6727 750.7303 0.01764706 -349
20 637.68195 751.6085 0.01764706 -382
21 604.5726 751.6085 0.01764706 -415
22 583.6519 750.609 0.01764706 -448
23 576.5123 748.9586 0.01764706 -481
24 567.4999 748.6101 0.01764706 -497
25 565.06195 747.19586 0.01764706 -530
26 561.27124 747.6106 0.01764706 -547
27 557.4612 751.6538 0.01764706 -580
28 555.4669 762.7338 0.01764706 -613
29 553.54126 775.1658 0.01764706 -629
30 551.61224 795.1105 0.01764706 -646
31 550.4903 821.4555 0.01764706 -662
32 550.4903 851.4915 0.01764706 -679
33 549.4912 884.70844 0.01764706 -695
34 549.4912 921.0355 0.01764706 -712
35 548.4921 958.61414 0.01764706 -728
36 547.49304 1036.2925 0.01764706 -745
37 546.494 1077.8843 0.01764706 -778
38 544.2984 1123.9487 0.01764706 -794
39 543.49677 1162.4153 0.01764706 -811
40 542.4977 1198.3191 0.01764706 -827
41 542.4977 1198.3191 0.01764706 -844
42 539.5005 1242.3529 0.01764706 -868
43 539.5005 1267.3398 0.01764706 -868
44 539.5005 1278.3342 0.01764706 -885
45 539.5005 1300.3228 0.019607844 -910
46 539.5005 1321.3026 0.01764706 -910
47 539.5005 1351.4608 0.01764706 -927
48 540.3786 1361.6855 0.01764706 -959
49 540.4995 1366.2883 0.01764706 -976
50 540.4995 1369.2867 0.01764706 -985
0 996.0777 712.62885 0.01764706 -117
1 984.359 713.5742 0.01764706 -117
2 956.1847 715.3974 0.01764706 -141
3 936.4212 716.6267 0.01764706 -174
4 912.88226 718.3391 0.01764706 -190
5 887.8883 723.53613 0.01764706 -207
6 859.3722 728.79803 0.01764706 -223
7 830.8215 731.14844 0.01764706 -240
8 801.1738 733.0609 0.01764706 -256
9 747.3075 734.8316 0.01764706 -273
10 719.2749 734.6174 0.01764706 -306
11 692.00684 734.6174 0.01764706 -322
12 668.44495 734.6174 0.01764706 -339
13 650.47784 734.6174 0.01764706 -355
14 636.1134 734.6174 0.01764706 -372
15 624.55145 734.6174 0.01764706 -388
16 613.8233 734.6174 0.01764706 -405
17 604.9158 734.6174 0.01764706 -421
18 593.61 734.6174 0.01764706 -438
19 589.76636 734.6174 0.01764706 -471
20 586.0783 734.6174 0.01764706 -487
21 583.184 735.75476 0.01764706 -504
22 578.29065 742.845 0.01764706 -520
23 572.5218 759.43146 0.019607844 -537
24 562.9149 809.87085 0.01764706 -553
25 560.0273 844.37476 0.01764706 -586
26 556.48474 936.8102 0.01764706 -603
27 556.48474 985.6328 0.01764706 -636
28 556.92725 1038.8599 0.01764706 -652
29 557.4838 1093.2826 0.01764706 -669
30 557.4838 1141.8995 0.01764706 -685
31 555.2388 1186.0658 0.01764706 -702
32 549.2981 1279.4598 0.01764706 -718
33 544.49304 1345.3416 0.01764706 -751
34 544.49585 1376.3928 0.01764706 -784
35 544.49585 1401.8119 0.01764706 -801
36 545.49493 1423.4796 0.01764706 -817
37 547.40356 1442.532 0.01764706 -834
38 547.49304 1443.2483 0.01764706 -850
39 548.4921 1449.2451 0.01764706 -851
0 780.2775 393.7949 0.019607844 0
1 780.2775 393.7949 0.019607844 0
2 779.434 393.7949 0.019607844 -58
3 754.755 392.7954 0.019607844 -100
4 741.5521 393.5152 0.019607844 -149
5 719.2168 393.7949 0.019607844 -166
6 696.77484 396.05704 0.019607844 -182
7 666.2872 395.79385 0.019607844 -199
8 637.3145 398.8059 0.019607844 -215
9 603.3955 399.79178 0.01764706 -232
10 573.03046 401.2203 0.019607844 -248
11 541.1913 401.7907 0.019607844 -265
12 487.87408 404.55963 0.01764706 -281
13 464.63818 405.94952 0.019607844 -314
14 445.9106 408.8622 0.019607844 -331
15 421.7393 412.5968 0.019607844 -347
16 413.6237 413.53296 0.019607844 -380
17 407.70496 414.42334 0.019607844 -397
18 402.6476 414.78397 0.019607844 -413
19 395.2089 414.78397 0.019607844 -430
20 392.45102 416.96844 0.019607844 -463
21 388.49405 419.9275 0.019607844 -479
22 384.7521 426.56113 0.019607844 -496
23 380.11807 436.83237 0.019607844 -512
24 374.43488 457.1146 0.019607844 -529
25 366.11664 516.07434 0.019607844 -545
26 364.1982 554.0028 0.019607844 -578
27 361.44293 637.7831 0.019607844 -595
28 362.6642 684.8032 0.019607844 -628
29 363.8389 740.5911 0.019607844 -644
30 364.7711 786.98456 0.019607844 -661
31 365.7199 827.856 0.01764706 -677
32 365.66144 863.6751 0.019607844 -694
33 365.66144 897.4141 0.019607844 -710
34 365.66144 959.9552 0.019607844 -727
35 365.66144 989.41693 0.01764706 -760
36 364.93607 1015.63574 0.019607844 -776
37 365.33875 1041.5815 0.01764706 -793
38 365.66144 1061.9126 0.01764706 -809
39 366.25345 1080.3629 0.019607844 -826
40 368.20084 1097.2208 0.01764706 -842
41 369.6577 1115.6718 0.01764706 -859
42 369.6577 1119.417 0.01764706 -892
43 369.6577 1120.4164 0.01764706 -905
0 980.0925 534.7215 0.01764706 -7
1 980.0925 534.7215 0.01764706 -7
2 980.0925 534.7215 0.01764706 -23
3 979.2286 534.7215 0.01764706 -74
4 969.73785 533.722 0.01764706 -107
5 959.6341 533.722 0.01764706 -140
6 947.2556 534.417 0.01764706 -157
7 932.3673 536.3617 0.01764706 -173
8 913.2451 538.328 0.015686275 -190
9 887.60724 540.30096 0.01764706 -207
10 830.4686 545.16693 0.01764706 -223
11 801.0516 548.60095 0.015686275 -256
12 764.9779 547.7147 0.01764706 -273
13 702.83655 549.8811 0.01764706 -289
14 672.78 550.71313 0.01764706 -322
15 641.4307 551.8443 0.01764706 -339
16 621.6864 553.7854 0.01764706 -355
17 604.6156 553.7116 0.015686275 -372
18 591.20435 553.7116 0.01764706 -388
19 582.38916 553.7116 0.01764706 -405
20 575.60535 553.7116 0.01764706 -421
21 571.44904 553.7116 0.01764706 -438
22 567.71387 553.7116 0.01764706 -454
23 566.21185 553.7116 0.01764706 -471
24 564.2822 553.7116 0.01764706 -487
25 559.55585 555.6366 0.01764706 -504
26 555.7909 575.867 0.01764706 -537
27 551.9076 620.8161 0.01764706 -570
28 551.4894 689.60315 0.01764706 -603
29 555.80676 737.0437 0.01764706 -636
30 560.7218 786.3383 0.01764706 -652
31 562.91534 822.5007 0.015686275 -669
32 563.29785 929.3217 0.01764706 -685
33 563.4343 970.6374 0.01764706 -718
34 563.45776 1003.1494 0.01764706 -735
35 561.4801 1053.4513 0.01764706 -751
36 561.4801 1053.4513 0.01764706 -777
37 562.4792 1155.3982 0.01764706 -802
38 562.4792 1155.3982 0.01764706 -802
39 562.4792 1155.3982 0.01764706 -810
40 568.47363 1183.3837 0.015686275 -835
41 566.59753 1188.1367 0.01764706 -835
42 568.47363 1211.1968 0.015686275 -851
43 569.4727 1228.1572 0.01764706 -883
44 569.4727 1239.9049 0.01764706 -900
45 569.4727 1245.3513 0.01764706 -916
46 569.4727 1248.3497 0.01764706 -927
0 796.2627 415.78345 0.01764706 0
1 796.2627 415.78345 0.01764706 0
2 796.2627 415.78345 0.019607844 -20
3 796.2627 415.78345 0.019607844 -33
4 796.2627 415.78345 0.019607844 -68
5 791.77716 413.7845 0.019607844 -152
6 784.4458 413.7845 0.019607844 -168
7 769.8951 412.3612 0.019607844 -185
8 753.3329 412.785 0.019607844 -201
9 735.49774 415.06595 0.019607844 -218
10 708.1931 415.78345 0.019607844 -234
11 636.25146 418.84622 0.019607844 -251
12 598.62683 419.78134 0.019607844 -284
13 562.6203 420.78082 0.019607844 -300
14 526.352 417.77298 0.019607844 -317
15 491.21625 414.88986 0.019607844 -333
16 464.95947 412.785 0.01764706 -350
17 444.43164 412.785 0.019607844 -367
18 427.7813 413.51245 0.019607844 -383
19 415.8016 414.4197 0.019607844 -400
20 401.53842 415.78345 0.019607844 -416
21 398.0873 415.78345 0.019607844 -449
22 392.6339 416.78546 0.019607844 -466
23 390.6938 418.72635 0.019607844 -499
24 388.79788 420.62302 0.019607844 -515
25 383.49188 429.50586 0.01764706 -532
26 375.80228 444.89267 0.01764706 -565
27 369.5291 479.16647 0.01764706 -598
28 367.49963 507.13715 0.019607844 -631
29 366.6059 560.07434 0.019607844 -647
30 366.6605 605.2763 0.01764706 -664
31 370.2804 693.92896 0.01764706 -680
32 376.33853 783.3323 0.01764706 -713
33 382.47617 864.58203 0.01764706 -746
34 384.64386 900.34406 0.01764706 -779
35 387.194 934.8007 0.019607844 -796
36 388.64014 960.0214 0.01764706 -812
37 387.15604 982.8284 0.01764706 -829
38 387.15604 982.8284 0.023529414 -845
39 414.6161 1035.4607 0.01764706 -866
40 404.8576 1060.2854 0.019607844 -866
41 399.2919 1095.1366 0.01764706 -895
42 399.93134 1113.738 0.019607844 -928
43 400.62906 1127.323 0.01764706 -944
44 400.62906 1134.4092 0.01764706 -961
45 400.62906 1137.4076 0.01764706 -975
0 716.33673 958.50073 0.019607844 0
1 716.33673 958.50073 0.01764706 -4
2 708.40137 958.50073 0.01764706 -79
3 685.1566 962.11975 0.01764706 -129
4 664.49023 965.75055 0.01764706 -162
5 641.63983 969.6897 0.01764706 -178
6 583.3266 973.4929 0.01764706 -195
7 550.9275 973.4929 0.01764706 -228
8 517.4536 974.49243 0.01764706 -244
9 484.48807 974.49243 0.01764706 -261
10 454.2095 974.49243 0.01764706 -277
11 426.46268 974.49243 0.01764706 -294
12 402.78363 976.8115 0.01764706 -310
13 384.22662 978.75885 0.01764706 -327
14 365.1124 978.49036 0.01764706 -343
15 353.53256 979.6797 0.01764706 -360
16 342.72705 981.4888 0.01764706 -376
17 339.71603 981.4888 0.01764706 -409
18 337.78433 983.3907 0.01764706 -426
19 335.84305 986.17834 0.01764706 -442
20 333.89838 990.86127 0.01764706 -459
21 331.9475 997.461 0.01764706 -475
22 331.69287 1008.13965 0.01764706 -492
23 332.34195 1023.314 0.01764706 -508
24 332.69196 1042.5057 0.01764706 -525
25 333.2315 1066.5454 0.01764706 -542
26 336.17184 1140.0344 0.01764706 -558
27 338.6864 1232.8904 0.01764706 -591
28 338.6864 1284.57 0.01764706 -624
29 334.334 1368.0593 0.01764706 -641
30 330.01962 1407.6775 0.01764706 -674
31 326.08878 1444.0361 0.01764706 -690
32 315.8387 1503.2716 0.01764706 -707
33 311.1237 1539.3157 0.01764706 -740
34 309.54062 1572.1184 0.01764706 -756
35 306.5728 1597.8876 0.01764706 -773
36 304.56754 1619.6613 0.01764706 -789
37 302.61765 1632.8646 0.01764706 -806
38 298.66962 1645.2507 0.01764706 -822
39 298.66962 1645.2507 0.01764706 -855
0 967.10455 719.6252 0.019607844 -6
1 967.10455 719.6252 0.01764706 -15
2 967.10455 719.6252 0.01764706 -82
3 962.03906 719.6252 0.01764706 -96
4 955.4783 719.6252 0.01764706 -148
5 945.236 719.6252 0.01764706 -164
6 930.0649 722.529 0.01764706 -181
7 908.89636 723.1848 0.01764706 -197
8 883.7671 721.2078 0.01764706 -214
9 830.58325 718.36523 0.01764706 -230
10 802.7928 714.98987 0.01764706 -263
11 775.80664 715.62726 0.01764706 -280
12 752.59045 719.25134 0.01764706 -296
13 698.9632 728.68536 0.01764706 -313
14 676.6329 731.5954 0.01764706 -346
15 642.9042 733.61786 0.01764706 -362
16 619.0782 733.61786 0.01764706 -395
17 601.15155 733.61786 0.01764706 -428
18 593.7954 733.61786 0.01764706 -461
19 588.5232 733.61786 0.01764706 -478
20 584.70483 733.61786 0.01764706 -494
21 580.89954 733.61786 0.01764706 -511
22 579.3187 733.61786 0.01764706 -528
23 577.3767 733.61786 0.01764706 -544
24 575.49963 733.61786 0.01764706 -561
25 569.02966 739.7799 0.01764706 -577
26 565.1537 750.901 0.01764706 -610
27 561.9007 768.3897 0.01764706 -627
28 559.93933 792.7201 0.01764706 -643
29 557.99817 825.3039 0.01764706 -660
30 557.4838 863.3887 0.01764706 -676
31 557.4838 908.6765 0.01764706 -693
32 558.80273 955.1855 0.01764706 -709
33 557.2861 1035.4198 0.01764706 -726
34 555.24286 1076.0569 0.01764706 -759
35 552.21674 1120.0884 0.01764706 -775
36 551.4894 1137.4076 0.01764706 -792
37 549.4912 1156.3977 0.01764706 -799
38 546.494 1192.3789 0.01764706 -824
39 540.7283 1250.9746 0.01764706 -824
40 536.6648 1305.8945 0.01764706 -858
41 533.7485 1353.868 0.01764706 -891
42 532.50696 1375.9329 0.01764706 -924
43 532.50696 1390.271 0.01764706 -940
44 532.50696 1400.022 0.01764706 -957
45 532.50696 1407.3088 0.01764706 -973
46 532.50696 1408.2665 0.01764706 -990
47 531.5079 1411.2649 0.01764706 -992
0 717.3358 1004.4768 0.019607844 0
1 717.3358 1004.4768 0.019607844 -6
2 717.3358 1004.4768 0.019607844 -48
3 717.3358 1004.4768 0.01764706 -61
4 715.92413 1003.0646 0.01764706 -82
5 712.0764 1000.84656 0.01764706 -147
6 705.9044 998.86926 0.015686275 -164
7 697.5 996.9099 0.01764706 -180
8 686.02216 996.48096 0.01764706 -197
9 671.1371 994.95764 0.01764706 -213
10 657.3913 993.48254 0.015686275 -230
11 657.3913 993.48254 0.015686275 -242
12 490.5458 988.48517 0.01764706 -323
13 474.51617 986.4862 0.01764706 -323
14 456.29703 987.21387 0.01764706 -345
15 436.91235 987.48566 0.01764706 -362
16 419.64716 988.48517 0.01764706 -378
17 404.26578 989.4846 0.01764706 -395
18 391.79407 989.9582 0.01764706 -411
19 381.7139 991.86993 0.01764706 -428
20 373.21472 992.7708 0.01764706 -445
21 367.03897 993.6895 0.019607844 -461
22 356.8998 996.3659 0.019607844 -478
23 353.04916 998.292 0.019607844 -511
24 349.2939 1000.1704 0.019607844 -527
25 340.82324 1011.6261 0.019607844 -544
26 336.9046 1021.4266 0.019607844 -577
27 327.41492 1051.2982 0.019607844 -593
28 320.49118 1078.1808 0.019607844 -626
29 314.82248 1104.8926 0.019607844 -643
30 309.18015 1132.2336 0.019607844 -659
31 303.4704 1164.8848 0.019607844 -676
32 298.8513 1199.2314 0.019607844 -692
33 293.97327 1238.0521 0.019607844 -709
34 283.75638 1310.203 0.019607844 -725
35 277.62183 1349.0242 0.019607844 -758
36 272.99094 1382.8174 0.019607844 -775
37 269.23776 1417.878 0.019607844 -791
38 265.46884 1463.0914 0.019607844 -808
39 262.639 1487.6388 0.019607844 -824
40 259.71268 1506.637 0.019607844 -841
41 256.78452 1521.1298 0.019607844 -857
42 254.85628 1532.6482 0.019607844 -874
43 252.90317 1541.6477 0.019607844 -890
44 251.76688 1549.3624 0.019607844 -907
45 251.76688 1555.4307 0.01764706 -923
46 251.76688 1558.8837 0.019607844 -940
47 251.76688 1561.8394 0.019607844 -956
48 251.76688 1562.1863 0.019607844 -973
49 251.76688 1563.1858 0.019607844 -976
0 980.0925 722.6236 0.01764706 -6
1 980.0925 722.6236 0.019607844 -6
2 980.0925 722.6236 0.019607844 -21
3 980.0925 722.6236 0.01764706 -40
4 980.0925 722.6236 0.01764706 -52
5 979.03876 721.56946 0.01764706 -73
6 968.33105 723.5662 0.01764706 -90
7 956.23706 725.6017 0.01764706 -123
8 941.61224 727.56055 0.01764706 -139
9 921.97864 729.5444 0.01764706 -156
10 898.3529 731.52026 0.01764706 -172
11 874.20685 733.47394 0.01764706 -189
12 847.76544 734.6174 0.01764706 -205
13 822.3707 734.6174 0.01764706 -222
14 793.33746 735.3455 0.01764706 -238
15 767.32654 736.30597 0.01764706 -255
16 712.35016 736.61633 0.01764706 -272
17 685.4281 736.61633 0.01764706 -305
18 660.54913 736.61633 0.015686275 -321
19 641.13696 736.61633 0.01764706 -338
20 610.5004 736.61633 0.01764706 -354
21 600.6052 736.61633 0.01764706 -387
22 590.21246 736.61633 0.01764706 -404
23 586.2095 736.61633 0.01764706 -437
24 584.42883 736.61633 0.01764706 -453
25 582.5168 736.61633 0.01764706 -470
26 580.57764 736.61633 0.01764706 -486
27 578.65845 736.61633 0.01764706 -503
28 576.71954 737.36237 0.01764706 -519
29 574.7933 740.9631 0.01764706 -536
30 572.83295 746.5211 0.01764706 -552
31 572.4699 758.4152 0.01764706 -569
32 572.4699 791.8669 0.01764706 -585
33 572.4699 815.70984 0.01764706 -618
34 573.469 840.4858 0.01764706 -635
35 576.81555 903.4733 0.01764706 -651
36 584.1801 974.98126 0.01764706 -684
37 590.716 1056.2346 0.01764706 -717
38 593.4505 1120.8096 0.01764706 -750
39 593.4505 1164.095 0.01764706 -783
40 592.2537 1226.1315 0.01764706 -800
41 591.4524 1254.413 0.01764706 -833
42 590.26495 1279.784 0.01764706 -849
43 589.4542 1320.9463 0.01764706 -866
44 587.45605 1359.771 0.01764706 -899
45 587.45605 1380.0098 0.01764706 -932
46 587.45605 1393.8956 0.01764706 -948
47 587.45605 1404.7213 0.01764706 -965
48 587.45605 1416.698 0.01764706 -981
49 590.42334 1440.0098 0.01764706 -998
50 590.4533 1449.3253 0.01764706 -1031
51 590.4533 1452.2435 0.01764706 -1047
52 590.4533 1455.2421 0.01764706 -1055
0 986.087 726.6215 0.019607844 -6
1 986.087 726.6215 0.01764706 -6
2 986.087 726.6215 0.01764706 -24
3 983.90314 726.6215 0.01764706 -41
4 978.88617 727.6902 0.01764706 -57
5 967.85474 729.6615 0.01764706 -74
6 936.3969 733.58856 0.01764706 -90
7 890.6264 733.61786 0.01764706 -123
8 862.9952 733.61786 0.01764706 -156
9 836.50604 730.0138 0.01764706 -173
10 807.9127 727.97675 0.01764706 -189
11 752.7773 719.8732 0.01764706 -206
12 703.99835 717.6262 0.01764706 -239
13 665.8834 723.62305 0.01764706 -272
14 652.78705 725.0571 0.01764706 -305
15 642.69275 726.96375 0.01764706 -322
16 634.5517 728.8356 0.01764706 -338
17 628.9126 728.6205 0.01764706 -355
18 625.33 728.6205 0.01764706 -371
19 621.53906 728.6205 0.01764706 -388
20 619.57764 728.6205 0.01764706 -404
21 617.67896 728.6205 0.01764706 -421
22 612.44006 733.1074 0.01764706 -437
23 608.4897 740.5082 0.01764706 -470
24 604.7126 750.4278 0.01764706 -487
25 599.77924 768.2614 0.01764706 -503
26 594.9262 788.4654 0.01764706 -520
27 589.8489 817.41394 0.01764706 -536
28 581.08496 898.9245 0.01764706 -553
29 574.39734 987.39703 0.01764706 -586
30 570.4062 1070.69 0.01764706 -619
31 566.3927 1113.4143 0.01764706 -652
32 563.4461 1151.7219 0.01764706 -668
33 560.467 1189.6053 0.01764706 -685
34 556.5013 1224.2214 0.01764706 -701
35 553.55853 1257.7761 0.01764706 -718
36 550.54974 1285.4977 0.01764706 -734
37 546.6727 1314.2423 0.01764706 -751
38 544.61615 1335.9794 0.01764706 -767
39 542.6724 1356.5446 0.01764706 -784
40 540.7011 1377.4667 0.01764706 -800
41 539.5005 1390.9623 0.01764706 -817
42 539.5005 1401.336 0.01764706 -833
43 539.5005 1407.6123 0.01764706 -850
44 539.5005 1411.8793 0.01764706 -866
45 539.5005 1412.2644 0.01764706 -883
46 539.5005 1414.2634 0.01764706 -884
0 856.2072 757.6054 0.01764706 -182
1 833.18317 759.69934 0.01764706 -182
2 811.6418 761.65845 0.01764706 -199
3 787.2025 763.60754 0.01764706 -216
4 763.0376 764.5398 0.01764706 -232
5 714.6485 766.6007 0.01764706 -249
6 672.5738 768.5997 0.01764706 -282
7 653.4941 769.5991 0.01764706 -315
8 639.3536 769.5991 0.01764706 -331
9 625.95355 769.5991 0.01764706 -348
10 614.8988 769.5991 0.01764706 -364
11 605.3843 770.8096 0.01764706 -381
12 597.09235 770.59863 0.019607844 -397
13 585.8676 770.59863 0.019607844 -414
14 578.85864 770.59863 0.019607844 -447
15 576.936 770.59863 0.019607844 -480
16 575.05994 770.59863 0.019607844 -496
17 573.1988 770.59863 0.019607844 -513
18 569.43115 770.59863 0.019607844 -529
19 567.51843 771.5542 0.019607844 -562
20 563.8317 778.53314 0.01764706 -579
21 558.9705 794.146 0.01764706 -612
22 556.536 805.90063 0.01764706 -645
23 553.0907 823.14575 0.01764706 -661
24 551.16724 841.7857 0.01764706 -678
25 551.16724 841.7857 0.01764706 -694
26 548.4921 875.54395 0.01764706 -717
27 545.3363 919.74335 0.01764706 -717
28 542.4464 959.47565 0.01764706 -744
29 540.54034 992.74756 0.01764706 -760
30 539.5944 1022.1514 0.01764706 -777
31 538.6525 1053.7283 0.01764706 -793
32 538.5014 1083.0776 0.01764706 -810
33 538.5014 1115.2959 0.01764706 -826
34 538.5014 1137.4076 0.01764706 -843
35 538.5014 1153.3993 0.01764706 -854
36 538.5014 1185.3826 0.01764706 -879
37 538.5014 1207.716 0.01764706 -879
38 538.5014 1260.1636 0.01764706 -893
39 538.1022 1282.7277 0.01764706 -925
40 537.5023 1304.0177 0.019607844 -942
41 537.5023 1337.9478 0.01764706 -958
42 536.50323 1356.9761 0.01764706 -991
43 536.50323 1356.9761 0.01764706 -1024
