0 783.2748 444.76834 0.019607844 -36
1 783.2748 444.76834 0.019607844 -44
2 783.2748 444.76834 0.019607844 -74
3 783.2748 444.76834 0.019607844 -153
4 783.2748 444.76834 0.019607844 -186
5 783.2748 444.76834 0.019607844 -219
6 783.2748 444.76834 0.019607844 -252
7 780.72626 442.21884 0.019607844 -285
8 773.0979 437.98105 0.019607844 -318
9 759.85974 432.66547 0.019607844 -351
10 743.0485 427.67184 0.019607844 -384
11 722.5212 423.97754 0.019607844 -417
12 699.61743 420.1587 0.019607844 -450
13 676.76544 419.78134 0.019607844 -483
14 653.1914 419.78134 0.019607844 -517
15 629.5033 419.78134 0.019607844 -550
16 597.1299 419.78134 0.019607844 -583
17 571.61127 420.78082 0.019607844 -616
18 545.8682 421.7803 0.019607844 -649
19 517.9845 421.7803 0.019607844 -682
20 489.6474 421.7803 0.019607844 -715
21 462.39417 421.7803 0.019607844 -748
22 441.12173 421.7803 0.019607844 -781
23 425.083 422.7798 0.019607844 -814
24 412.954 422.7798 0.019607844 -847
25 405.53885 422.7798 0.019607844 -880
26 401.4452 422.7798 0.019607844 -913
27 397.81906 422.7798 0.019607844 -946
28 394.23477 422.7798 0.019607844 -979
29 390.59348 422.7798 0.019607844 -1012
30 386.9593 426.14288 0.019607844 -1045
31 384.64386 438.0221 0.019607844 -1079
32 381.62518 454.849 0.019607844 -1112
33 378.6494 476.94247 0.019607844 -1145
34 376.24484 501.5862 0.019607844 -1178
35 374.6531 527.69885 0.019607844 -1211
36 374.6531 561.54535 0.019607844 -1244
37 374.6531 596.9799 0.019607844 -1277
38 376.4689 637.16425 0.019607844 -1310
39 382.9108 682.8285 0.019607844 -1343
40 390.55185 729.0146 0.019607844 -1376
41 400.21457 795.47406 0.019607844 -1409
42 407.02054 852.0368 0.019607844 -1442
43 412.2158 904.296 0.019607844 -1475
44 416.11472 953.5033 0.019607844 -1508
45 419.0943 997.82135 0.019607844 -1540
46 419.61148 1026.6833 0.019607844 -1574
47 419.61148 1047.9635 0.019607844 -1607
48 417.36816 1065.4265 0.019607844 -1641
49 417.6133 1076.7247 0.019607844 -1674
50 417.6133 1082.3212 0.019607844 -1707
51 416.61426 1086.2015 0.019607844 -1740
52 416.61426 1089.2573 0.019607844 -1773
53 415.61517 1089.4326 0.019607844 -1806
54 414.6161 1089.4326 0.01764706 -1834
0 808.25165 423.77927 0.019607844 -25
1 808.25165 423.77927 0.019607844 -25
2 808.25165 423.77927 0.019607844 -35
3 808.25165 423.77927 0.019607844 -68
4 808.25165 423.77927 0.019607844 -101
5 805.5858 422.4458 0.019607844 -134
6 796.7919 421.7803 0.019607844 -167
7 780.7101 420.889 0.019607844 -200
8 760.60956 420.78082 0.019607844 -233
9 741.3369 422.37534 0.019607844 -266
10 721.6582 426.057 0.019607844 -299
11 698.75696 428.87598 0.019607844 -332
12 675.9844 430.69937 0.019607844 -365
13 652.00775 432.7746 0.019607844 -398
14 627.9042 434.35953 0.019607844 -431
15 606.17725 436.14972 0.019607844 -464
16 583.7594 436.7725 0.019607844 -497
17 558.8291 436.7725 0.019607844 -530
18 534.7112 438.57053 0.019607844 -564
19 511.37524 439.2964 0.019607844 -597
20 489.80438 440.77042 0.019607844 -630
21 489.80438 440.77042 0.019607844 -663
22 470.5643 443.76886 0.019607844 -693
23 461.4876 445.9847 0.019607844 -693
24 436.53815 451.57635 0.019607844 -712
25 422.36765 454.51035 0.019607844 -762
26 411.07108 456.7621 0.019607844 -795
27 403.16452 456.7621 0.019607844 -828
28 397.46616 456.7621 0.019607844 -861
29 393.73682 456.7621 0.019607844 -894
30 390.07574 456.7621 0.019607844 -927
31 386.21 460.19272 0.019607844 -960
32 382.44675 463.9575 0.019607844 -993
33 378.7292 467.67657 0.019607844 -1026
34 374.93707 473.18506 0.019607844 -1059
35 373.65402 480.29526 0.019607844 -1092
36 372.65494 485.90646 0.019607844 -1126
37 372.65494 490.51126 0.019607844 -1159
38 372.65494 494.31607 0.019607844 -1192
39 372.65494 498.04944 0.019607844 -1225
40 372.65494 499.7001 0.019607844 -1258
41 372.65494 501.67166 0.019607844 -1291
42 371.8392 503.55423 0.019607844 -1307
43 371.65588 510.48224 0.019607844 -1324
44 371.65588 522.43616 0.019607844 -1357
45 371.65588 538.68427 0.019607844 -1390
46 369.72168 568.2559 0.019607844 -1423
47 368.65866 599.8543 0.019607844 -1456
48 366.9469 645.0772 0.019607844 -1489
49 370.103 722.5262 0.019607844 -1522
50 380.38913 819.2453 0.019607844 -1555
51 386.66696 876.7682 0.019607844 -1588
52 393.66446 927.4248 0.019607844 -1605
53 404.52438 1020.3941 0.019607844 -1621
54 410.19193 1088.8652 0.019607844 -1654
55 410.6198 1127.05 0.019607844 -1688
56 410.6198 1141.5729 0.019607844 -1721
57 410.6198 1145.898 0.019607844 -1754
58 410.6198 1148.135 0.019607844 -1770
59 410.6198 1151.9817 0.019607844 -1787
60 410.6198 1154.0582 0.019607844 -1820
61 410.6198 1154.3987 0.019607844 -1853
62 410.6198 1154.3987 0.019607844 -1880
63 410.6198 1154.3987 0.019607844 -1919
64 409.62073 1154.3987 0.01764706 -1946
65 408.62164 1155.3982 0.015686275 -1979
0 828.2331 915.52313 0.019607844 -7
1 828.2331 915.52313 0.019607844 -16
2 828.2331 915.52313 0.019607844 -41
3 826.1771 913.46625 0.01764706 -70
4 818.6691 907.7408 0.01764706 -108
5 807.199 905.76483 0.01764706 -157
6 792.10016 905.5283 0.01764706 -190
7 775.41113 903.955 0.01764706 -223
8 763.96185 903.1483 0.01764706 -256
9 741.50085 905.83026 0.01764706 -273
10 718.9907 904.30505 0.01764706 -306
11 691.90576 905.7359 0.01764706 -339
12 666.95917 908.5268 0.01764706 -372
13 635.96783 910.38666 0.01764706 -405
14 622.56757 912.50073 0.01764706 -438
15 599.48676 911.8168 0.01764706 -455
16 572.39703 914.1057 0.01764706 -488
17 551.76135 916.86804 0.01764706 -521
18 524.98645 914.71454 0.01764706 -554
19 510.24725 916.84827 0.01764706 -587
20 490.57214 917.5221 0.01764706 -603
21 470.23553 912.6924 0.01764706 -637
22 453.8672 912.203 0.01764706 -670
23 443.96823 912.5247 0.019607844 -703
24 436.28812 912.5247 0.019607844 -736
25 429.6063 912.5247 0.019607844 -769
26 425.8167 912.5247 0.019607844 -802
27 422.0206 912.5247 0.019607844 -835
28 418.17892 912.5247 0.019607844 -868
29 415.61517 915.6406 0.01764706 -901
30 415.61517 923.56665 0.01764706 -934
31 414.73434 936.1573 0.01764706 -967
32 411.7819 951.6885 0.01764706 -1000
33 411.61887 971.66284 0.01764706 -1033
34 409.04355 991.37225 0.01764706 -1066
35 406.6235 1015.3109 0.01764706 -1099
36 403.34967 1031.5702 0.01764706 -1132
37 398.1847 1054.5673 0.01764706 -1165
38 393.51965 1083.1316 0.015686275 -1199
39 391.17325 1102.9807 0.01764706 -1232
40 389.46768 1127.1298 0.015686275 -1248
41 388.64014 1141.745 0.015686275 -1265
42 383.64478 1180.1239 0.01764706 -1281
43 380.7978 1213.165 0.01764706 -1314
44 378.6494 1243.566 0.01764706 -1347
45 375.63538 1264.459 0.01764706 -1380
46 373.65402 1290.5646 0.01764706 -1397
47 369.81113 1324.2354 0.01764706 -1430
48 367.65958 1349.7407 0.01764706 -1463
49 367.65958 1371.0835 0.01764706 -1496
50 366.6605 1394.664 0.01764706 -1529
51 366.6605 1405.291 0.01764706 -1562
52 366.6605 1424.9471 0.01764706 -1579
53 366.6605 1444.4363 0.01764706 -1612
54 366.6605 1460.9055 0.01764706 -1645
55 366.6605 1473.1467 0.01764706 -1678
56 366.6605 1485.3843 0.01764706 -1711
57 366.6605 1495.2922 0.01764706 -1744
58 366.6605 1500.2446 0.01764706 -1777
59 366.6605 1504.3872 0.01764706 -1810
60 366.6605 1506.4849 0.01764706 -1843
61 366.6605 1506.2155 0.01764706 -1860
62 366.6605 1507.5353 0.01764706 -1876
63 366.6605 1507.215 0.01764706 -1907
64 366.6605 1507.215 0.01764706 -1923
0 760.296 463.75845 0.019607844 -157
1 755.30066 462.75897 0.019607844 -157
2 749.3062 461.7595 0.01764706 -172
3 735.31915 461.7595 0.01764706 -172
4 727.32654 460.76 0.01764706 -189
5 689.3617 457.76157 0.019607844 -238
6 666.383 455.7626 0.019607844 -238
7 658.3904 455.7626 0.019607844 -263
8 629.41724 454.76312 0.019607844 -304
9 609.91504 454.76312 0.019607844 -304
10 597.44684 454.76312 0.019607844 -325
11 589.4542 454.76312 0.019607844 -338
12 575.46716 454.76312 0.019607844 -363
13 531.5079 458.76105 0.019607844 -363
14 524.51434 459.76053 0.019607844 -413
15 505.53192 461.7595 0.019607844 -446
16 473.22983 464.81323 0.019607844 -446
17 467.56708 465.75742 0.019607844 -489
18 461.57263 465.75742 0.019607844 -497
19 450.5828 465.75742 0.019607844 -521
20 415.73462 466.7569 0.019607844 -521
21 408.12927 466.7569 0.019607844 -603
22 404.16998 466.7569 0.019607844 -636
23 400.3719 466.7569 0.019607844 -669
24 396.4057 466.7569 0.019607844 -702
25 392.715 472.518 0.019607844 -735
26 391.6374 480.07532 0.019607844 -768
27 391.6374 494.07306 0.019607844 -801
28 391.6374 513.23267 0.019607844 -834
29 391.6374 549.48706 0.019607844 -866
30 391.6374 576.4518 0.019607844 -917
31 391.6374 607.2072 0.019607844 -950
32 391.6374 607.2072 0.019607844 -983
33 392.63644 645.6637 0.019607844 -1021
34 393.63553 655.6585 0.019607844 -1021
35 397.63184 703.6335 0.019607844 -1062
36 399.62997 718.6257 0.019607844 -1062
37 402.6272 736.61633 0.019607844 -1070
38 409.62073 771.5981 0.019607844 -1095
39 443.91403 941.39124 0.019607844 -1095
40 454.75742 1001.95984 0.019607844 -1165
41 459.57446 1033.467 0.01764706 -1198
42 459.57446 1047.8812 0.019607844 -1231
43 459.57446 1053.2014 0.01764706 -1264
44 459.57446 1054.9506 0.019607844 -1297
45 459.57446 1054.4508 0.019607844 -1328
46 459.57446 1054.4508 0.019607844 -1363
47 459.57446 1054.4508 0.019607844 -1396
48 459.57446 1055.4503 0.01764706 -1425
49 459.57446 1055.4503 0.01764706 -1452
0 736.31824 1129.4117 0.013725491 -5
1 740.48914 1130.4113 0.015686275 -5
2 744.4098 1130.4113 0.015686275 -23
3 740.2988 1130.4113 0.015686275 -56
4 738.3164 1133.4097 0.013725491 -89
5 738.3164 1133.4097 0.013725491 -104
6 671.37836 1120.4164 0.015686275 -162
7 671.37836 1120.4164 0.015686275 -162
8 671.37836 1120.4164 0.015686275 -171
9 607.43756 1111.4211 0.015686275 -228
10 607.43756 1111.4211 0.015686275 -228
11 568.47363 1116.4185 0.015686275 -278
12 566.47546 1115.4191 0.015686275 -278
13 566.47546 1115.4191 0.015686275 -286
14 494.54208 1105.4242 0.015686275 -328
15 494.54208 1105.4242 0.015686275 -328
16 431.60037 1104.4248 0.015686275 -386
17 431.60037 1104.4248 0.015686275 -386
18 373.65402 1105.4242 0.015686275 -443
19 373.65402 1105.4242 0.015686275 -443
20 373.65402 1105.4242 0.015686275 -461
21 324.69934 1105.4242 0.015686275 -527
22 324.69934 1105.4242 0.015686275 -527
23 324.69934 1105.4242 0.015686275 -552
24 324.69934 1105.4242 0.015686275 -585
25 321.24753 1104.4248 0.015686275 -618
26 317.45886 1104.4248 0.01764706 -651
27 313.51718 1104.4248 0.01764706 -684
28 313.51718 1104.4248 0.021568628 -717
29 383.64478 1049.4534 0.01764706 -767
30 383.64478 1049.4534 0.01764706 -767
31 263.7558 1267.3398 0.015686275 -858
32 262.886 1271.0791 0.015686275 -858
33 255.42267 1300.0271 0.013725491 -882
34 247.13884 1349.1499 0.013725491 -915
35 246.77151 1354.2946 0.015686275 -948
36 246.77151 1354.2946 0.015686275 -951
37 304.71786 1578.178 0.021568628 -1154
38 312.71045 1578.178 0.01764706 -1154
39 308.71414 1588.1727 0.019607844 -1170
40 314.70862 1588.1727 0.01764706 -1170
41 319.70398 1588.1727 0.01764706 -1187
42 332.91837 1588.1727 0.01764706 -1187
43 336.82224 1588.1727 0.01764706 -1246
44 336.68826 1588.1727 0.01764706 -1279
45 336.68826 1588.1727 0.01764706 -1312
46 336.68826 1588.1727 0.01764706 -1353
0 811.24884 458.76105 0.019607844 -183
1 807.25256 456.7621 0.01764706 -183
2 804.2553 455.7626 0.019607844 -190
3 763.2933 442.76938 0.019607844 -257
4 757.2988 441.7699 0.019607844 -257
5 751.3043 440.77042 0.019607844 -265
6 707.34503 438.77145 0.019607844 -314
7 698.3534 438.77145 0.019607844 -314
8 649.3987 438.77145 0.019607844 -364
9 639.40796 438.77145 0.019607844 -364
10 586.457 438.77145 0.019607844 -413
11 576.46625 438.77145 0.019607844 -413
12 526.5125 438.77145 0.019607844 -463
13 517.5208 438.77145 0.019607844 -463
14 466.568 441.7699 0.019607844 -521
15 459.57446 441.7699 0.019607844 -521
16 453.58002 441.7699 0.019607844 -529
17 392.63644 441.7699 0.019607844 -721
18 391.6374 441.7699 0.019607844 -721
19 387.64108 443.76886 0.019607844 -797
20 387.64108 447.35852 0.019607844 -797
21 384.06277 458.08786 0.019607844 -811
22 383.64478 459.76053 0.019607844 -844
23 383.64478 463.75845 0.019607844 -847
24 381.64664 478.75064 0.019607844 -880
25 373.65402 544.7545 0.019607844 -880
26 371.65588 572.7017 0.019607844 -959
27 371.65588 582.6965 0.019607844 -981
28 370.6568 629.67206 0.019607844 -1023
29 370.6568 642.6653 0.019607844 -1023
30 372.65494 692.6392 0.019607844 -1056
31 374.6531 710.6299 0.019607844 -1056
32 382.6457 766.6007 0.019607844 -1089
33 385.6429 786.5903 0.019607844 -1089
34 392.63644 826.56946 0.019607844 -1113
35 410.93787 940.7162 0.019607844 -1113
36 420.0726 1026.0045 0.019607844 -1159
37 421.60962 1062.4805 0.019607844 -1207
38 421.60962 1080.5182 0.019607844 -1240
39 421.60962 1090.082 0.019607844 -1274
40 420.61053 1092.431 0.019607844 -1307
41 420.61053 1093.4304 0.019607844 -1324
42 420.61053 1095.4294 0.019607844 -1348
43 420.61053 1096.429 0.019607844 -1348
44 420.61053 1096.429 0.019607844 -1357
45 420.61053 1098.4279 0.019607844 -1390
46 420.61053 1098.4279 0.019607844 -1390
47 420.61053 1098.4279 0.019607844 -1398
0 790.26825 994.482 0.015686275 -109
1 794.2646 984.1466 0.015686275 -109
2 794.2646 980.4893 0.015686275 -142
3 786.272 986.4862 0.019607844 -157
4 748.3071 995.4815 0.015686275 -231
5 746.30896 988.48517 0.015686275 -231
6 732.3219 994.482 0.019607844 -248
7 688.3626 997.48047 0.015686275 -305
8 675.37463 1002.47784 0.021568628 -305
9 628.41815 998.4799 0.015686275 -363
10 614.4311 1003.47736 0.019607844 -363
11 574.4681 997.48047 0.015686275 -413
12 571.4709 991.4836 0.015686275 -413
13 552.48846 998.4799 0.019607844 -421
14 522.5162 995.4815 0.015686275 -463
15 516.5217 986.4862 0.015686275 -463
16 497.5393 993.48254 0.021568628 -479
17 449.5837 995.4815 0.015686275 -538
18 445.58743 982.4883 0.015686275 -538
19 429.60223 990.4841 0.021568628 -562
20 386.642 993.48254 0.015686275 -636
21 388.99194 985.43036 0.015686275 -636
22 389.63922 976.5618 0.01764706 -656
23 389.63922 972.6359 0.01764706 -704
24 389.63922 969.49506 0.01764706 -737
25 389.63922 969.49506 0.01764706 -770
26 379.64847 981.4888 0.021568628 -797
27 368.65866 1005.4763 0.015686275 -857
28 373.3492 1006.04095 0.015686275 -857
29 381.89935 1020.73303 0.015686275 -869
30 383.64478 1052.3438 0.01764706 -919
31 383.64478 1052.3438 0.021568628 -952
32 340.68454 1155.3982 0.021568628 -989
33 334.6901 1173.3888 0.021568628 -989
0 813.247 957.5013 0.01764706 -34
1 813.247 957.5013 0.01764706 -34
2 813.247 957.5013 0.01764706 -46
3 811.24884 956.5018 0.01764706 -86
4 804.2553 962.49866 0.019607844 -100
5 782.2757 970.4945 0.01764706 -149
6 773.0389 965.8742 0.015686275 -149
7 773.0389 965.8742 0.019607844 -168
8 724.32935 967.4961 0.015686275 -216
9 710.3423 972.49347 0.019607844 -216
10 668.3811 972.49347 0.01764706 -257
11 657.86884 968.5498 0.01764706 -257
12 657.86884 968.5498 0.019607844 -267
13 607.43756 977.49084 0.01764706 -298
14 593.4505 971.494 0.01764706 -298
15 562.4792 982.4883 0.019607844 -315
16 537.5023 983.48773 0.01764706 -348
17 527.2857 976.75555 0.01764706 -348
18 527.2857 976.75555 0.019607844 -367
19 469.56522 987.48566 0.01764706 -407
20 465.98566 983.90466 0.01764706 -407
21 463.57077 981.4888 0.01764706 -416
22 448.58466 986.4862 0.019607844 -423
23 402.6272 989.4846 0.01764706 -481
24 402.6272 983.1373 0.01764706 -481
25 402.6272 979.3306 0.01764706 -499
26 402.6272 977.453 0.01764706 -515
27 402.6272 973.6178 0.01764706 -532
28 402.6272 971.6087 0.01764706 -565
29 402.6272 969.6828 0.01764706 -581
30 402.6272 969.49506 0.01764706 -598
31 402.6272 969.49506 0.01764706 -615
32 401.93137 969.49506 0.01764706 -631
33 400.00516 969.49506 0.01764706 -648
34 398.01874 971.71936 0.015686275 -664
35 396.0789 977.1542 0.015686275 -681
36 394.65625 985.9323 0.015686275 -697
37 392.21878 996.4074 0.01764706 -714
38 386.06094 1030.5957 0.01764706 -730
39 384.64386 1038.4591 0.01764706 -763
40 357.66882 1086.4341 0.021568628 -769
41 312.71045 1251.3483 0.01764706 -877
42 304.71786 1278.3342 0.021568628 -877
43 309.71323 1282.332 0.01764706 -885
44 315.70767 1291.3274 0.01764706 -902
45 304.71786 1329.3076 0.021568628 -902
46 311.71136 1336.304 0.01764706 -910
47 317.70584 1345.2993 0.01764706 -926
48 336.68826 1411.2649 0.01764706 -926
49 316.70676 1455.2421 0.021568628 -959
50 326.6975 1472.2332 0.01764706 -984
51 340.0858 1560.5946 0.01764706 -984
52 338.6864 1603.6985 0.015686275 -1046
53 338.6864 1627.5588 0.015686275 -1094
54 338.6864 1642.5868 0.015686275 -1127
55 338.6864 1651.394 0.015686275 -1160
56 338.6864 1656.2426 0.015686275 -1193
57 336.68826 1657.1368 0.015686275 -1226
58 335.68918 1657.1368 0.015686275 -1249
0 800.25903 991.4836 0.015686275 -74
1 801.2581 985.4253 0.015686275 -74
2 797.96234 971.59753 0.01764706 -83
3 797.96234 971.59753 0.019607844 -116
4 757.2988 983.48773 0.015686275 -165
5 751.5839 975.7716 0.015686275 -165
6 751.5839 975.7716 0.019607844 -182
7 703.34875 982.4883 0.015686275 -222
8 699.3525 978.49036 0.01764706 -222
9 676.3737 986.4862 0.019607844 -230
10 639.40796 981.4888 0.01764706 -271
11 635.4117 976.4914 0.01764706 -271
12 610.4348 985.4867 0.021568628 -279
13 588.45514 979.4898 0.015686275 -313
14 584.45886 975.4919 0.01764706 -313
15 559.48193 983.48773 0.021568628 -321
16 525.5134 981.4888 0.015686275 -362
17 520.51807 973.4929 0.01764706 -362
18 498.5384 982.4883 0.021568628 -379
19 461.57263 980.4893 0.015686275 -429
20 453.58002 968.49554 0.01764706 -429
21 434.5976 977.49084 0.021568628 -471
0 801.2581 981.4888 0.015686275 -82
1 801.2581 975.9783 0.015686275 -82
2 799.25995 971.494 0.015686275 -101
3 789.2692 978.49036 0.019607844 -123
4 752.3034 988.48517 0.015686275 -182
5 750.3053 984.48724 0.015686275 -182
6 735.31915 990.4841 0.019607844 -189
7 703.34875 990.4841 0.015686275 -231
8 700.3515 985.4867 0.015686275 -231
9 678.3719 992.48303 0.019607844 -239
10 642.4052 988.48517 0.015686275 -280
11 638.4089 983.48773 0.015686275 -280
12 616.42926 990.4841 0.019607844 -289
13 581.4616 986.4862 0.015686275 -330
14 578.4644 981.4888 0.01764706 -330
15 556.48474 987.48566 0.019607844 -338
16 525.5134 980.4893 0.015686275 -379
17 523.51526 975.4919 0.015686275 -379
18 506.531 979.4898 0.021568628 -388
19 451.58188 969.49506 0.01764706 -471
20 451.05975 953.93536 0.01764706 -471
21 449.5837 944.21136 0.01764706 -500
22 449.5837 938.4648 0.01764706 -530
23 449.5837 934.6834 0.01764706 -563
24 449.5837 930.80334 0.01764706 -596
25 449.5837 929.51587 0.01764706 -629
26 449.5837 929.51587 0.015686275 -646
27 449.5837 930.9076 0.015686275 -663
28 445.33054 938.02576 0.01764706 -696
29 445.58743 940.51013 0.01764706 -729
30 425.60593 974.49243 0.021568628 -734
31 408.62164 1016.4706 0.01764706 -783
32 400.62906 1036.4602 0.021568628 -783
33 371.65588 1619.1566 0.01764706 -1082
34 375.5553 1618.1572 0.01764706 -1082
35 387.08105 1618.1572 0.01764706 -1091
36 390.09393 1618.1572 0.01764706 -1124
37 391.85297 1618.1572 0.01764706 -1141
38 393.82538 1618.1572 0.01764706 -1157
39 394.6346 1618.1572 0.01764706 -1174
40 394.6346 1618.1572 0.01764706 -1191
41 394.6346 1616.1582 0.01764706 -1207
42 394.6346 1616.1582 0.01764706 -1230
0 803.2562 418.78186 0.01764706 -113
1 788.3821 419.78134 0.019607844 -113
2 788.3821 419.78134 0.019607844 -131
3 744.31085 420.78082 0.019607844 -171
4 734.32007 420.78082 0.019607844 -171
5 722.3312 420.78082 0.019607844 -179
6 688.3626 421.7803 0.019607844 -212
7 677.3728 421.7803 0.019607844 -212
8 665.3839 422.7798 0.019607844 -220
9 631.41534 422.7798 0.019607844 -254
10 620.42554 423.77927 0.019607844 -254
11 608.43665 423.77927 0.019607844 -262
12 561.4801 423.77927 0.019607844 -304
13 549.4912 423.77927 0.019607844 -304
14 538.5014 423.77927 0.019607844 -312
15 506.531 422.7798 0.019607844 -345
16 497.5393 421.7803 0.019607844 -345
17 445.58743 418.78186 0.019607844 -411
18 421.87888 418.78186 0.019607844 -411
19 417.82062 418.78186 0.019607844 -478
20 413.9575 418.78186 0.019607844 -511
21 410.0461 419.35577 0.019607844 -544
22 406.6235 424.77875 0.019607844 -577
23 405.62442 427.7772 0.01764706 -605
24 383.64478 582.6965 0.019607844 -738
25 383.64478 600.68713 0.01764706 -738
26 383.64478 619.67725 0.019607844 -753
27 383.64478 638.66736 0.01764706 -753
28 382.6457 657.6575 0.01764706 -761
0 782.2757 408.78708 0.01764706 -43
1 782.2757 408.78708 0.01764706 -43
2 778.27936 409.78656 0.01764706 -64
3 775.28217 410.78604 0.01764706 -83
4 748.3071 417.7824 0.019607844 -151
5 742.3127 418.78186 0.019607844 -151
6 736.31824 419.78134 0.019607844 -157
7 687.3635 426.7777 0.019607844 -217
8 678.3719 427.7772 0.019607844 -217
9 632.4144 433.77408 0.019607844 -267
10 622.4237 434.77356 0.019607844 -267
11 574.4681 439.77094 0.019607844 -315
12 564.47736 440.77042 0.019607844 -315
13 516.5217 442.76938 0.019607844 -364
14 507.53006 442.76938 0.019607844 -364
15 459.57446 442.76938 0.019607844 -422
16 453.58002 442.76938 0.019607844 -422
17 377.65033 504.7371 0.01764706 -771
18 376.65125 515.7314 0.01764706 -771
19 377.65033 559.7085 0.01764706 -802
20 378.6494 575.70013 0.01764706 -802
21 383.64478 631.67096 0.01764706 -835
22 388.64014 671.65015 0.01764706 -835
23 391.6374 692.6392 0.01764706 -852
24 398.6309 737.6158 0.01764706 -876
25 401.6281 759.6044 0.01764706 -876
26 404.62534 781.5929 0.01764706 -884
27 407.62256 803.5814 0.01764706 -901
28 410.6198 823.57104 0.01764706 -901
29 412.61795 845.5596 0.01764706 -909
30 414.6161 865.5492 0.01764706 -926
31 416.61426 884.5393 0.01764706 -926
32 417.6133 903.5294 0.01764706 -934
33 418.6124 921.52 0.01764706 -951
34 420.61053 968.49554 0.01764706 -951
35 420.61053 982.4883 0.01764706 -975
36 421.60962 1005.4763 0.01764706 -1000
37 421.60962 1022.46747 0.01764706 -1000
38 421.60962 1029.4637 0.01764706 -1017
0 745.3099 984.48724 0.015686275 -167
1 733.321 989.4846 0.021568628 -167
2 722.3312 993.48254 0.019607844 -174
3 673.3765 994.482 0.021568628 -223
4 662.38666 997.48047 0.021568628 -223
5 634.4126 984.48724 0.01764706 -265
6 616.42926 990.4841 0.021568628 -265
7 602.4422 994.482 0.021568628 -274
8 567.47455 984.48724 0.01764706 -316
9 551.4894 990.4841 0.021568628 -316
10 504.53284 984.48724 0.01764706 -365
11 490.5458 989.4846 0.021568628 -365
12 447.58557 983.48773 0.015686275 -423
13 442.30115 966.9177 0.01764706 -423
14 439.59296 962.49866 0.01764706 -468
15 429.60223 969.49506 0.021568628 -491
16 361.66513 1368.2874 0.01764706 -869
17 384.64386 1474.5748 0.015686275 -869
18 384.64386 1485.2264 0.015686275 -928
19 362.6642 1533.2014 0.019607844 -935
20 346.67902 1591.1713 0.019607844 -975
21 342.6827 1603.165 0.019607844 -975
0 783.2748 977.49084 0.01764706 -59
1 779.27844 980.4893 0.021568628 -59
2 775.28217 983.48773 0.021568628 -65
3 446.5865 1003.47736 0.015686275 -397
4 434.5976 1006.47577 0.021568628 -397
5 361.66513 1431.2545 0.015686275 -951
6 354.6716 1463.2379 0.019607844 -951
7 356.66974 1493.2223 0.015686275 -982
8 350.6753 1521.2076 0.019607844 -982
9 348.67715 1569.1827 0.015686275 -1032
10 351.67438 1570.1821 0.015686275 -1032
11 346.67902 1585.1743 0.019607844 -1041
0 791.26733 990.4841 0.015686275 -33
1 792.2664 982.82983 0.015686275 -33
2 792.2664 976.4914 0.01764706 -50
3 785.2729 981.4888 0.019607844 -73
4 747.30804 990.4841 0.015686275 -157
5 734.32007 995.4815 0.019607844 -157
6 617.4283 1005.4763 0.019607844 -255
7 604.4403 1007.4752 0.019607844 -255
8 560.481 1003.47736 0.019607844 -296
9 547.49304 1005.4763 0.019607844 -296
10 516.5217 993.48254 0.01764706 -339
11 499.53748 997.48047 0.021568628 -339
12 457.57632 991.4836 0.015686275 -388
13 454.5791 985.4867 0.01764706 -388
14 438.5939 991.4836 0.021568628 -396
15 389.63922 988.48517 0.01764706 -471
16 388.34604 978.90137 0.01764706 -471
17 387.64108 971.62665 0.01764706 -498
18 386.642 967.6337 0.015686275 -530
19 386.642 965.49713 0.01764706 -563
20 380.64755 971.494 0.019607844 -581
21 346.67902 1091.4315 0.021568628 -711
22 344.68085 1111.4211 0.021568628 -711
23 345.67993 1143.4044 0.019607844 -735
24 343.68176 1166.3925 0.019607844 -735
25 342.6827 1203.3732 0.019607844 -759
26 340.68454 1228.3602 0.019607844 -759
27 305.71692 1631.1504 0.015686275 -974
28 310.37607 1633.481 0.015686275 -974
29 310.37607 1633.481 0.019607844 -992
0 679.371 424.77875 0.019607844 -157
1 669.3802 425.77823 0.019607844 -157
2 616.42926 432.7746 0.019607844 -205
3 606.4385 433.77408 0.019607844 -205
4 555.48566 438.77145 0.019607844 -256
5 543.49677 438.77145 0.019607844 -256
6 501.5356 438.77145 0.019607844 -297
7 491.54486 437.77197 0.019607844 -297
8 446.5865 432.7746 0.019607844 -346
9 438.5939 431.77512 0.019607844 -346
10 430.6013 430.77563 0.019607844 -354
11 386.642 426.7777 0.019607844 -447
12 384.64386 426.7777 0.019607844 -447
13 401.6281 878.5424 0.01764706 -792
14 402.6272 900.53094 0.01764706 -792
15 404.62534 943.50854 0.01764706 -816
16 405.62442 967.4961 0.01764706 -816
17 406.6235 988.48517 0.01764706 -832
18 410.6198 1073.4409 0.01764706 -832
19 411.61887 1087.4336 0.01764706 -874
20 412.61795 1111.4211 0.01764706 -899
21 412.61795 1120.4164 0.01764706 -899
22 412.61795 1148.4019 0.01764706 -948
23 412.61795 1154.4218 0.01764706 -948
24 412.61795 1158.74 0.01764706 -969
25 412.61795 1160.3956 0.01764706 -1001
26 412.61795 1161.395 0.01764706 -1015
27 412.61795 1162.3945 0.01764706 -1039
28 412.61795 1162.3945 0.01764706 -1039
29 412.61795 1163.394 0.01764706 -1064
0 357.66882 1509.2139 0.019607844 -918
1 353.67252 1532.2019 0.019607844 -918
2 356.66974 1583.1754 0.019607844 -950
3 353.67252 1601.166 0.019607844 -950
4 365.66144 1608.1624 0.015686275 -975
5 380.95987 1643.0819 0.015686275 -975
6 383.64478 1651.3077 0.015686275 -1036
7 383.64478 1656.164 0.015686275 -1068
8 383.64478 1659.1359 0.015686275 -1101
9 383.64478 1660.1353 0.015686275 -1134
10 376.65125 1670.1301 0.019607844 -1149
0 556.48474 389.79697 0.019607844 -321
1 544.49585 388.7975 0.019607844 -321
2 494.54208 385.79904 0.019607844 -370
3 486.5495 385.79904 0.019607844 -370
4 478.5569 384.79956 0.019607844 -379
5 421.60962 384.79956 0.019607844 -486
6 419.3879 384.79956 0.019607844 -486
7 408.8123 384.79956 0.019607844 -495
8 402.96564 384.79956 0.019607844 -545
9 399.62997 384.79956 0.019607844 -594
10 398.6309 384.79956 0.019607844 -622
11 385.6429 412.785 0.019607844 -739
12 384.64386 420.78082 0.019607844 -739
13 415.61517 1129.4117 0.01764706 -1048
14 415.61517 1152.012 0.019607844 -1048
15 415.61517 1157.4733 0.019607844 -1090
16 415.61517 1160.3956 0.01764706 -1123
17 415.61517 1161.395 0.01764706 -1146
0 621.4246 984.48724 0.021568628 -239
1 608.43665 987.48566 0.021568628 -239
2 574.4681 982.4883 0.01764706 -279
3 555.48566 988.48517 0.021568628 -279
4 517.5208 982.4883 0.01764706 -320
5 499.53748 987.48566 0.021568628 -320
6 456.57724 975.4919 0.01764706 -370
7 452.58093 968.49554 0.01764706 -370
8 438.5939 975.4919 0.021568628 -387
9 396.63275 987.48566 0.021568628 -546
10 394.6346 990.4841 0.021568628 -546
11 363.66327 1573.1805 0.015686275 -899
12 372.68753 1575.4376 0.015686275 -899
13 376.65125 1577.1785 0.01764706 -916
14 376.65125 1577.1785 0.01764706 -949
15 376.65125 1577.1785 0.01764706 -966
16 376.65125 1577.1785 0.01764706 -999
17 376.65125 1577.1785 0.019607844 -1032
0 775.28217 437.77197 0.019607844 -48
1 775.28217 437.77197 0.019607844 -48
2 774.2831 436.7725 0.019607844 -66
3 772.2849 435.773 0.019607844 -89
4 740.3145 431.77512 0.019607844 -163
5 733.321 431.77512 0.019607844 -163
6 689.3617 432.7746 0.019607844 -214
7 679.371 433.77408 0.019607844 -214
8 669.3802 434.77356 0.019607844 -221
9 623.4227 437.77197 0.019607844 -262
10 610.4348 438.77145 0.019607844 -262
11 570.4718 440.77042 0.019607844 -296
12 558.4829 440.77042 0.019607844 -296
13 545.49493 440.77042 0.019607844 -305
14 511.52637 441.7699 0.019607844 -338
15 501.5356 441.7699 0.019607844 -338
16 491.54486 441.7699 0.019607844 -346
17 444.58835 441.7699 0.019607844 -404
18 427.60406 441.7699 0.019607844 -404
19 421.60962 441.7699 0.019607844 -429
20 388.64014 531.723 0.019607844 -693
21 391.6374 549.7137 0.019607844 -693
22 396.63275 585.69495 0.019607844 -717
23 399.62997 606.684 0.019607844 -717
24 403.62628 647.66266 0.019607844 -741
25 405.62442 670.6507 0.019607844 -741
26 409.62073 713.6283 0.019607844 -766
27 410.6198 737.6158 0.019607844 -766
28 409.62073 1085.4347 0.019607844 -974
29 409.62073 1087.4336 0.019607844 -974
30 409.62073 1089.4326 0.019607844 -981
31 409.62073 1092.431 0.019607844 -1014
32 409.62073 1093.4304 0.01764706 -1014
33 409.62073 1094.4299 0.019607844 -1030
34 409.62073 1095.4294 0.019607844 -1030
0 752.3034 970.4945 0.01764706 -152
1 752.3034 965.49713 0.015686275 -152
2 740.3145 970.4945 0.021568628 -159
3 700.3515 973.4929 0.015686275 -218
4 698.3534 970.4945 0.01764706 -218
5 681.3691 977.49084 0.021568628 -226
6 638.4089 983.48773 0.01764706 -276
7 635.4117 979.4898 0.01764706 -276
8 615.4302 987.48566 0.021568628 -284
9 580.4625 989.4846 0.015686275 -325
10 562.4792 995.4815 0.021568628 -325
11 512.52545 994.482 0.015686275 -383
12 510.52728 989.4846 0.01764706 -383
13 495.54117 995.4815 0.021568628 -392
14 441.59113 996.48096 0.01764706 -474
15 441.59113 987.4467 0.015686275 -474
16 440.59204 979.0152 0.01764706 -491
17 439.59296 976.4914 0.01764706 -524
18 430.6013 983.48773 0.021568628 -534
19 430.6013 979.4898 0.01764706 -559
20 424.60684 984.48724 0.021568628 -559
21 420.61053 984.48724 0.021568628 -584
22 416.61426 987.48566 0.021568628 -584
23 413.61703 988.48517 0.021568628 -610
24 410.6198 991.4836 0.021568628 -610
25 409.62073 990.4841 0.021568628 -634
26 406.6235 993.48254 0.021568628 -634
27 395.63367 1039.4586 0.021568628 -733
28 393.63553 1051.4524 0.021568628 -733
29 396.63275 1090.432 0.021568628 -765
30 394.6346 1110.4216 0.021568628 -765
31 396.63275 1208.3706 0.019607844 -814
32 394.6346 1235.3566 0.021568628 -814
33 397.63184 1277.3347 0.019607844 -838
34 394.6346 1307.3191 0.019607844 -838
0 791.26733 419.78134 0.019607844 -93
1 785.2729 421.7803 0.019607844 -93
2 781.2766 422.7798 0.019607844 -108
3 750.3053 428.77667 0.019607844 -166
4 742.3127 429.77615 0.019607844 -166
5 693.35803 435.773 0.019607844 -215
6 681.3691 435.773 0.019607844 -215
7 636.4107 437.77197 0.019607844 -257
8 624.4218 437.77197 0.019607844 -257
9 576.46625 437.77197 0.019607844 -299
10 565.47644 437.77197 0.019607844 -299
11 520.51807 434.77356 0.019607844 -340
12 510.52728 434.77356 0.019607844 -340
13 501.5356 433.77408 0.019607844 -348
14 453.58002 430.77563 0.019607844 -414
15 445.58743 430.77563 0.019607844 -414
16 441.59113 430.77563 0.019607844 -431
17 375.65216 697.63666 0.019607844 -844
18 375.65216 717.6262 0.019607844 -844
19 376.65125 737.6158 0.019607844 -851
20 377.65033 757.6054 0.019607844 -869
21 385.87552 881.9639 0.019607844 -869
22 389.86084 951.05396 0.019607844 -920
23 390.6383 987.48566 0.019607844 -952
24 390.6383 998.4799 0.019607844 -976
25 390.6383 1028.4644 0.019607844 -1016
26 390.6383 1038.2174 0.01764706 -1016
27 390.6383 1048.6681 0.01764706 -1035
28 390.6383 1052.6442 0.01764706 -1085
29 390.6383 1052.6442 0.01764706 -1118
0 801.2581 980.4893 0.015686275 -49
1 800.0786 976.1304 0.015686275 -49
2 800.0786 976.1304 0.019607844 -65
3 754.3016 988.48517 0.015686275 -123
4 739.3154 993.48254 0.021568628 -123
5 697.3543 990.4841 0.015686275 -173
6 680.37006 996.48096 0.021568628 -173
7 616.42926 1006.47577 0.021568628 -229
8 606.4385 1009.4742 0.021568628 -229
9 513.52454 1003.47736 0.01764706 -329
10 498.5384 1006.47577 0.021568628 -329
11 449.5837 996.48096 0.01764706 -396
12 447.52814 987.3133 0.01764706 -396
13 446.5865 984.48724 0.01764706 -412
14 435.59668 990.4841 0.021568628 -420
0 783.2748 968.49554 0.015686275 -26
1 788.27014 957.5013 0.015686275 -26
2 783.2748 961.4992 0.021568628 -42
3 736.31824 978.49036 0.021568628 -118
4 727.32654 981.4888 0.021568628 -118
5 696.3552 977.49084 0.015686275 -168
6 678.3719 983.48773 0.021568628 -168
7 643.40424 978.49036 0.015686275 -209
8 620.42554 985.4867 0.021568628 -209
9 564.47736 988.48517 0.021568628 -248
10 550.4903 990.4841 0.021568628 -248
11 517.5208 974.49243 0.015686275 -291
12 499.53748 979.4898 0.021568628 -291
13 446.5865 969.49506 0.015686275 -358
14 446.5865 962.30707 0.01764706 -358
15 446.5865 959.50024 0.015686275 -369
16 435.59668 966.4966 0.021568628 -374
17 400.62906 978.49036 0.01764706 -589
18 398.6309 983.48773 0.021568628 -589
19 364.66235 1620.1561 0.015686275 -993
20 373.38373 1622.3981 0.01764706 -993
21 380.7938 1625.1536 0.015686275 -1011
22 384.8514 1626.153 0.015686275 -1044
23 385.6429 1626.153 0.015686275 -1077
24 387.14154 1626.153 0.015686275 -1110
25 386.642 1626.153 0.015686275 -1120
26 386.642 1626.153 0.01764706 -1143
27 386.642 1626.153 0.015686275 -1159
28 386.642 1626.153 0.019607844 -1170
0 786.272 972.49347 0.019607844 -107
1 781.2766 974.49243 0.021568628 -107
2 680.37006 979.4898 0.021568628 -216
3 667.3821 981.4888 0.021568628 -216
4 625.4209 977.49084 0.021568628 -256
5 612.4329 979.4898 0.021568628 -256
6 562.4792 977.49084 0.021568628 -306
7 550.4903 979.4898 0.021568628 -306
8 510.52728 966.4966 0.015686275 -363
9 498.5384 970.4945 0.021568628 -363
10 437.59482 962.49866 0.01764706 -473
11 438.651 957.27277 0.01764706 -473
12 439.59296 953.50336 0.015686275 -480
13 431.60037 958.50073 0.021568628 -489
14 355.6707 1196.3768 0.015686275 -887
15 363.66327 1209.3701 0.015686275 -887
16 353.67252 1260.3435 0.019607844 -894
17 368.65866 1282.332 0.015686275 -919
18 357.66882 1333.3055 0.019607844 -919
19 364.66235 1342.3009 0.015686275 -927
20 356.66974 1385.2784 0.019607844 -943
21 361.66513 1390.2759 0.015686275 -943
22 370.6568 1406.2676 0.015686275 -960
23 359.667 1452.2435 0.019607844 -960
24 365.66144 1459.24 0.015686275 -968
25 373.65402 1474.2322 0.015686275 -984
26 389.63922 1611.1608 0.015686275 -984
27 371.65588 1638.1467 0.019607844 -1074
0 798.26086 963.49817 0.015686275 -118
1 789.2692 968.49554 0.021568628 -118
2 738.3164 981.4888 0.021568628 -184
3 727.32654 984.48724 0.021568628 -184
4 676.3737 981.4888 0.021568628 -233
5 663.38574 984.48724 0.021568628 -233
6 618.42737 979.4898 0.021568628 -275
7 605.4394 981.4888 0.021568628 -275
8 560.481 974.49243 0.021568628 -317
9 547.49304 976.4914 0.021568628 -317
10 498.5384 968.49554 0.021568628 -366
11 488.54764 969.49506 0.021568628 -366
12 441.59113 956.5018 0.01764706 -449
13 441.59113 951.20026 0.01764706 -449
14 441.59113 943.50854 0.015686275 -458
15 432.59946 948.506 0.021568628 -474
0 758.29785 982.4883 0.015686275 -175
1 741.3136 987.48566 0.019607844 -175
2 682.36816 992.48303 0.021568628 -223
3 669.3802 994.482 0.021568628 -223
4 639.40796 983.48773 0.015686275 -265
5 619.42645 988.48517 0.021568628 -265
6 604.4403 992.48303 0.021568628 -273
7 584.45886 979.4898 0.015686275 -306
8 563.4783 984.48724 0.021568628 -306
9 517.5208 969.49506 0.015686275 -356
10 501.5356 973.4929 0.021568628 -356
11 445.58743 962.49866 0.01764706 -439
12 445.58743 951.5044 0.01764706 -439
13 436.59573 955.5023 0.021568628 -455
14 430.6013 954.50287 0.021568628 -480
15 425.60593 957.5013 0.021568628 -480
16 409.62073 969.49506 0.01764706 -646
17 415.69998 967.46783 0.015686275 -646
18 415.69998 967.46783 0.021568628 -662
19 401.6281 1030.4633 0.019607844 -712
20 398.6309 1042.457 0.019607844 -712
21 355.6707 1395.2733 0.019607844 -917
22 360.66605 1399.2711 0.015686275 -917
23 365.66144 1405.2681 0.015686275 -934
24 387.64108 1480.0388 0.015686275 -934
25 390.85382 1535.436 0.015686275 -977
26 389.63922 1569.6798 0.015686275 -1009
27 389.63922 1589.1471 0.015686275 -1042
28 389.63922 1599.381 0.015686275 -1075
29 389.63922 1603.3126 0.015686275 -1108
30 389.63922 1605.3423 0.015686275 -1141
31 389.63922 1606.1635 0.015686275 -1158
32 389.63922 1608.6621 0.015686275 -1174
33 389.63922 1610.1614 0.015686275 -1220
34 384.64386 1618.1572 0.019607844 -1239
0 744.31085 956.5018 0.01764706 -118
1 735.31915 959.50024 0.019607844 -118
2 695.35614 954.50287 0.01764706 -175
3 680.37006 958.50073 0.021568628 -175
4 624.4218 961.4992 0.019607844 -225
5 611.43384 963.49817 0.019607844 -225
6 581.4616 954.50287 0.015686275 -266
7 563.4783 958.50073 0.021568628 -266
8 519.519 954.50287 0.01764706 -316
9 502.5347 958.50073 0.021568628 -316
10 448.58466 954.50287 0.01764706 -382
11 447.58557 949.50543 0.015686275 -382
12 436.59573 953.50336 0.019607844 -390
0 720.333 407.7876 0.019607844 -158
1 709.3432 407.7876 0.019607844 -158
2 661.38763 408.78708 0.019607844 -201
3 648.39966 409.78656 0.019607844 -201
4 597.44684 412.785 0.019607844 -241
5 585.4579 413.7845 0.019607844 -241
6 535.50415 416.78293 0.019607844 -282
7 524.51434 416.78293 0.019607844 -282
8 479.55597 414.78397 0.019607844 -324
9 470.5643 413.7845 0.019607844 -324
10 461.57263 413.7845 0.019607844 -332
11 383.64478 408.78708 0.019607844 -556
12 382.6457 408.78708 0.019607844 -556
13 381.64664 409.78656 0.019607844 -564
14 363.66327 475.7522 0.019607844 -680
15 362.53333 489.31744 0.019607844 -680
16 361.66513 499.73972 0.019607844 -689
17 360.66605 513.7324 0.019607844 -696
18 359.667 542.71735 0.019607844 -722
19 359.667 558.709 0.019607844 -722
20 357.66882 609.68243 0.019607844 -755
21 356.66974 628.67255 0.019607844 -755
0 792.2664 408.78708 0.019607844 -116
1 790.26825 408.78708 0.019607844 -116
2 754.3016 415.78345 0.019607844 -181
3 746.30896 416.78293 0.019607844 -181
4 693.35803 423.77927 0.019607844 -232
5 681.3691 424.77875 0.019607844 -232
6 633.4135 428.77667 0.019607844 -272
7 621.4246 429.77615 0.019607844 -272
8 582.4607 430.77563 0.019607844 -305
9 569.4727 430.77563 0.019607844 -305
10 518.5199 427.7772 0.019607844 -346
11 506.531 427.7772 0.019607844 -346
12 456.57724 422.7798 0.019607844 -396
13 449.5837 421.7803 0.019607844 -396
14 360.66605 514.7319 0.019607844 -752
15 357.39957 542.604 0.019607844 -752
16 357.39957 542.604 0.019607844 -769
