0 730.3238 1209.3701 0.015686275 -36
1 730.3238 1209.3701 0.01764706 -44
2 729.82007 1208.8662 0.01764706 -74
3 726.0781 1205.1228 0.01764706 -153
4 722.21313 1202.3738 0.01764706 -186
5 718.46027 1201.3743 0.01764706 -219
6 714.6191 1200.3748 0.01764706 -252
7 707.2435 1199.3752 0.01764706 -285
8 697.1682 1198.3759 0.01764706 -318
9 686.0373 1198.3759 0.01764706 -351
10 670.116 1198.3759 0.01764706 -384
11 649.58875 1199.177 0.01764706 -417
12 629.305 1199.3752 0.01764706 -450
13 608.26355 1199.3752 0.01764706 -483
14 585.4261 1200.3748 0.01764706 -517
15 564.5634 1200.3748 0.01764706 -550
16 535.1872 1200.3748 0.01764706 -583
17 511.66675 1200.3748 0.01764706 -616
18 485.92374 1198.3759 0.01764706 -649
19 460.22995 1198.3759 0.01764706 -682
20 430.70197 1198.3759 0.01764706 -715
21 404.1877 1197.3763 0.01764706 -748
22 382.17633 1197.3763 0.01764706 -781
23 366.13757 1197.3763 0.01764706 -814
24 353.00952 1197.3763 0.01764706 -847
25 344.59528 1196.3768 0.019607844 -880
26 338.50348 1196.3768 0.019607844 -913
27 334.87732 1196.3768 0.019607844 -946
28 331.29306 1196.3768 0.019607844 -979
29 327.65176 1197.4211 0.01764706 -1012
30 324.01758 1201.0569 0.01764706 -1045
31 320.3908 1206.9966 0.01764706 -1079
32 316.6853 1216.4523 0.01764706 -1112
33 310.97052 1234.3234 0.01764706 -1145
34 307.3087 1252.3816 0.01764706 -1178
35 303.72253 1274.3099 0.01764706 -1211
36 299.8386 1303.3915 0.01764706 -1244
37 296.72525 1333.9669 0.01764706 -1277
38 296.72525 1373.1897 0.01764706 -1310
39 296.72525 1414.9165 0.01764706 -1343
40 296.72525 1459.7205 0.01764706 -1376
41 298.72342 1520.304 0.01764706 -1409
42 299.42148 1569.567 0.01764706 -1442
43 299.72247 1617.9243 0.01764706 -1475
44 299.72247 1662.634 0.01764706 -1508
45 299.72247 1701.008 0.01764706 -1540
46 299.72247 1726.3187 0.01764706 -1574
47 297.42276 1746.9957 0.01764706 -1607
48 295.7262 1758.82 0.01764706 -1641
49 294.7271 1767.2699 0.019607844 -1674
50 293.72803 1772.9615 0.019607844 -1707
51 293.72803 1776.075 0.019607844 -1740
52 293.72803 1777.0743 0.019607844 -1773
53 293.72803 1777.0743 0.01764706 -1806
54 293.72803 1777.0743 0.01764706 -1834
0 750.3053 1180.3851 0.015686275 -25
1 750.3053 1180.3851 0.015686275 -25
2 750.3053 1180.3851 0.015686275 -35
3 749.67395 1180.3851 0.015686275 -68
4 745.25903 1180.3851 0.01764706 -101
5 737.64874 1179.3857 0.01764706 -134
6 728.8548 1177.3867 0.01764706 -167
7 714.7711 1176.3873 0.01764706 -200
8 697.40533 1177.3867 0.01764706 -233
9 681.98724 1177.3867 0.01764706 -266
10 665.2683 1177.3867 0.01764706 -299
11 644.9061 1182.4834 0.01764706 -332
12 624.9553 1185.3826 0.01764706 -365
13 601.05493 1188.1125 0.015686275 -398
14 579.5347 1190.38 0.01764706 -431
15 558.4675 1191.1334 0.01764706 -464
16 532.8066 1193.3784 0.015686275 -497
17 510.83023 1192.4222 0.01764706 -530
18 482.96008 1191.3795 0.015686275 -564
19 461.42148 1188.8556 0.01764706 -597
20 439.85065 1183.8026 0.01764706 -630
21 439.85065 1183.8026 0.021568628 -663
22 497.5393 1079.4377 0.01764706 -693
23 504.53284 1058.1467 0.015686275 -693
24 498.91498 1035.0262 0.015686275 -712
25 491.05115 1027.9703 0.01764706 -762
26 483.52008 1022.9511 0.01764706 -795
27 476.097 1019.23804 0.015686275 -828
28 466.23663 1015.3053 0.01764706 -861
29 458.77798 1011.57446 0.01764706 -894
30 455.01563 1007.9119 0.01764706 -927
31 451.14987 1004.0446 0.01764706 -960
32 447.38663 1000.27985 0.01764706 -993
33 443.66904 997.56024 0.01764706 -1026
34 439.87692 995.4815 0.01764706 -1059
35 436.32327 994.482 0.01764706 -1092
36 432.4401 994.482 0.01764706 -1126
37 428.83618 994.482 0.01764706 -1159
38 425.03293 994.482 0.01764706 -1192
39 424.60684 994.482 0.019607844 -1225
40 424.60684 994.482 0.019607844 -1258
41 424.60684 994.482 0.01764706 -1291
42 424.60684 994.482 0.01764706 -1307
43 424.60684 994.482 0.01764706 -1324
44 423.37192 995.71747 0.01764706 -1357
45 419.47375 1003.8907 0.01764706 -1390
46 415.67914 1026.0814 0.01764706 -1423
47 411.80203 1055.8002 0.01764706 -1456
48 408.90805 1102.8387 0.01764706 -1489
49 406.6235 1177.5664 0.01764706 -1522
50 409.20157 1275.0079 0.01764706 -1555
51 411.61887 1332.2059 0.01764706 -1588
52 413.29364 1384.5104 0.01764706 -1605
53 415.61517 1477.1563 0.01764706 -1621
54 415.61517 1542.9155 0.01764706 -1654
55 415.61517 1576.2098 0.01764706 -1688
56 415.61517 1589.3396 0.01764706 -1721
57 415.61517 1593.6647 0.01764706 -1754
58 415.61517 1595.9019 0.01764706 -1770
59 415.61517 1599.7484 0.01764706 -1787
60 415.61517 1601.166 0.01764706 -1820
61 415.61517 1601.166 0.01764706 -1853
62 415.61517 1601.166 0.01764706 -1880
63 415.61517 1602.4911 0.01764706 -1919
64 415.61517 1602.1655 0.01764706 -1946
65 415.61517 1604.1644 0.019607844 -1979
0 785.2729 432.7746 0.01764706 -7
1 785.2729 432.7746 0.01764706 -16
2 785.2729 432.7746 0.019607844 -41
3 784.21594 431.71722 0.019607844 -70
4 775.7089 430.77563 0.019607844 -108
5 762.2406 427.0142 0.019607844 -157
6 744.69977 426.05594 0.019607844 -190
7 725.8829 425.77823 0.019607844 -223
8 713.62714 425.77823 0.019607844 -256
9 691.5471 425.77823 0.019607844 -273
10 666.8151 427.00153 0.019607844 -306
11 639.95386 427.7772 0.019607844 -339
12 614.00824 427.7772 0.019607844 -372
13 581.94824 427.7772 0.019607844 -405
14 569.6166 427.7772 0.019607844 -438
15 544.5376 428.77667 0.019607844 -455
16 519.0283 429.77615 0.019607844 -488
17 495.1227 430.77563 0.019607844 -521
18 472.41696 430.77563 0.019607844 -554
19 458.62082 431.77512 0.019607844 -587
20 438.62552 432.7746 0.019607844 -603
21 420.44937 433.77408 0.019607844 -637
22 407.26663 433.77408 0.019607844 -670
23 400.00894 433.77408 0.019607844 -703
24 393.48172 433.77408 0.019607844 -736
25 388.6442 433.77408 0.019607844 -769
26 384.85464 433.77408 0.019607844 -802
27 381.05853 433.77408 0.019607844 -835
28 378.6494 433.77408 0.019607844 -868
29 378.6494 433.77408 0.019607844 -901
30 378.6494 439.81863 0.019607844 -934
31 378.6494 453.29044 0.019607844 -967
32 377.65033 472.93784 0.019607844 -1000
33 374.0199 495.1786 0.019607844 -1033
34 372.65494 519.1959 0.019607844 -1066
35 370.30215 542.8471 0.019607844 -1099
36 366.38388 567.36566 0.019607844 -1132
37 365.66144 594.2536 0.019607844 -1165
38 364.66235 623.6029 0.019607844 -1199
39 364.66235 644.21967 0.019607844 -1232
40 364.66235 662.20026 0.019607844 -1248
41 364.66235 680.1529 0.019607844 -1265
42 364.66235 714.4469 0.019607844 -1281
43 364.66235 747.4077 0.019607844 -1314
44 363.66327 779.2951 0.019607844 -1347
45 363.66327 794.7204 0.019607844 -1380
46 363.66327 826.8851 0.019607844 -1397
47 364.66235 853.48047 0.019607844 -1430
48 365.66144 881.8918 0.019607844 -1463
49 366.6605 905.0857 0.019607844 -1496
50 366.6605 927.907 0.019607844 -1529
51 368.66327 940.5377 0.019607844 -1562
52 370.59473 961.18866 0.019607844 -1579
53 372.65494 979.81354 0.019607844 -1612
54 374.6531 996.1475 0.019607844 -1645
55 375.65216 1011.35864 0.019607844 -1678
56 377.65033 1024.6243 0.019607844 -1711
57 377.65033 1034.5322 0.019607844 -1744
58 377.65033 1039.4846 0.019607844 -1777
59 377.65033 1043.6272 0.019607844 -1810
60 377.65033 1045.7249 0.019607844 -1843
61 377.65033 1047.7582 0.019607844 -1860
62 377.65033 1047.4545 0.019607844 -1876
63 377.65033 1048.4539 0.01764706 -1907
64 386.642 1100.4269 0.023529414 -1923
0 809.2507 720.62463 0.01764706 -157
1 802.2572 720.62463 0.015686275 -157
2 794.2646 720.62463 0.015686275 -172
3 779.27844 720.62463 0.015686275 -172
4 772.2849 720.62463 0.015686275 -189
5 733.321 718.6257 0.015686275 -238
6 712.34045 718.6257 0.015686275 -238
7 705.3469 718.6257 0.01764706 -263
8 673.3765 717.6262 0.015686275 -304
9 655.7527 717.6262 0.015686275 -304
10 645.4024 717.6262 0.01764706 -325
11 638.4089 718.6257 0.01764706 -338
12 622.4237 718.6257 0.015686275 -363
13 583.4598 719.6252 0.01764706 -363
14 577.46533 719.6252 0.01764706 -413
15 556.48474 720.62463 0.01764706 -446
16 528.2342 720.62463 0.015686275 -446
17 523.51526 720.62463 0.01764706 -489
18 518.5199 720.62463 0.01764706 -497
19 508.52914 721.62415 0.01764706 -521
20 472.6819 721.62415 0.015686275 -521
21 466.07562 721.62415 0.015686275 -603
22 462.11633 723.0791 0.015686275 -636
23 458.31824 724.8798 0.015686275 -669
24 456.57724 727.84814 0.01764706 -702
25 456.57724 735.45966 0.01764706 -735
26 456.57724 747.9358 0.01764706 -768
27 458.2418 763.59875 0.01764706 -801
28 462.07217 787.0901 0.01764706 -834
29 462.5717 820.346 0.01764706 -866
30 463.57077 853.89124 0.01764706 -917
31 463.57077 883.0636 0.01764706 -950
32 463.57077 883.0636 0.01764706 -983
33 465.5689 924.51843 0.01764706 -1021
34 466.568 933.5138 0.01764706 -1021
35 470.5643 979.4898 0.01764706 -1062
36 472.56244 993.48254 0.01764706 -1062
37 474.5606 1011.47314 0.01764706 -1070
38 480.55505 1045.4554 0.015686275 -1095
39 506.69336 1212.8312 0.015686275 -1095
40 514.7019 1272.4082 0.015686275 -1165
41 517.5208 1302.327 0.015686275 -1198
42 517.5208 1314.029 0.015686275 -1231
43 517.5208 1316.3143 0.01764706 -1264
44 517.5208 1316.3143 0.015686275 -1297
45 517.5208 1316.3143 0.015686275 -1328
46 517.5208 1316.3143 0.01764706 -1363
47 517.5208 1316.3143 0.015686275 -1396
48 517.5208 1316.3143 0.015686275 -1425
49 517.5208 1316.3143 0.015686275 -1452
0 833.2285 461.7595 0.01764706 -5
1 833.2285 461.7595 0.01764706 -5
2 833.2285 461.7595 0.01764706 -23
3 827.2027 461.7595 0.01764706 -56
4 823.23773 460.76 0.01764706 -89
5 820.24054 459.76053 0.01764706 -104
6 793.2655 453.76364 0.019607844 -162
7 787.27106 451.7647 0.019607844 -162
8 780.2775 449.76575 0.019607844 -171
9 730.3238 437.77197 0.019607844 -228
10 720.333 435.773 0.019607844 -228
11 676.3737 429.77615 0.019607844 -278
12 665.3839 428.77667 0.019607844 -278
13 654.3941 427.7772 0.019607844 -286
14 615.4302 424.77875 0.019607844 -328
15 605.4394 424.77875 0.019607844 -328
16 548.4921 423.77927 0.019607844 -386
17 538.5014 423.77927 0.019607844 -386
18 491.54486 421.7803 0.019607844 -443
19 477.55783 421.7803 0.019607844 -443
20 470.5643 421.7803 0.019607844 -461
21 432.59946 421.7803 0.019607844 -527
22 421.75964 421.7803 0.019607844 -527
23 412.14597 421.7803 0.019607844 -552
24 406.03305 421.7803 0.019607844 -585
25 402.17258 421.7803 0.019607844 -618
26 398.38388 421.7803 0.019607844 -651
27 394.4423 421.7803 0.019607844 -684
28 394.4423 421.7803 0.019607844 -717
29 388.64014 434.77356 0.019607844 -767
30 386.642 440.77042 0.019607844 -767
31 374.6531 534.7215 0.019607844 -858
32 369.787 568.2807 0.019607844 -858
33 363.32275 615.3949 0.019607844 -882
34 357.03708 669.50397 0.019607844 -915
35 356.66974 674.6486 0.019607844 -948
36 355.6707 688.6413 0.019607844 -951
37 359.667 1003.47736 0.019607844 -1154
38 359.667 1010.4737 0.019607844 -1154
39 359.667 1016.4706 0.019607844 -1170
40 359.667 1021.46796 0.019607844 -1170
41 359.667 1025.4658 0.019607844 -1187
42 359.667 1039.685 0.019607844 -1187
43 359.667 1043.5906 0.019607844 -1246
44 359.667 1044.4691 0.019607844 -1279
45 359.667 1044.4559 0.01764706 -1312
46 358.6679 1044.4559 0.01764706 -1353
0 866.198 718.6257 0.01764706 -183
1 861.2026 716.6267 0.01764706 -183
2 855.2081 715.62726 0.01764706 -190
3 809.2507 707.6314 0.01764706 -257
4 800.25903 706.63196 0.015686275 -257
5 792.2664 706.63196 0.015686275 -265
6 748.3071 706.63196 0.015686275 -314
7 738.3164 706.63196 0.015686275 -314
8 689.3617 707.6314 0.01764706 -364
9 678.3719 707.6314 0.015686275 -364
10 625.4209 708.6309 0.015686275 -413
11 614.4311 707.6314 0.015686275 -413
12 566.47546 708.6309 0.01764706 -463
13 557.4838 708.6309 0.015686275 -463
14 508.52914 709.6304 0.01764706 -521
15 500.53653 709.6304 0.015686275 -521
16 492.54395 709.6304 0.015686275 -529
17 441.59113 710.6299 0.015686275 -721
18 441.59113 710.6299 0.015686275 -721
19 441.59113 724.62256 0.015686275 -797
20 441.59113 731.8019 0.015686275 -797
21 441.59113 749.5177 0.015686275 -811
22 441.59113 751.6085 0.015686275 -844
23 441.59113 755.60645 0.015686275 -847
24 441.59113 773.59705 0.015686275 -880
25 435.59668 844.27783 0.015686275 -880
26 432.59946 871.546 0.015686275 -959
27 431.60037 881.54083 0.015686275 -981
28 430.6013 928.51636 0.01764706 -1023
29 429.60223 939.5106 0.01764706 -1023
30 430.6013 984.48724 0.015686275 -1056
31 431.60037 999.47943 0.015686275 -1056
32 436.59573 1056.4497 0.015686275 -1089
33 438.5939 1077.4388 0.015686275 -1089
34 441.59113 1115.4191 0.015686275 -1113
35 453.8981 1226.5673 0.015686275 -1113
36 462.03375 1309.9335 0.015686275 -1159
37 463.57077 1345.3331 0.015686275 -1207
38 463.57077 1361.678 0.015686275 -1240
39 462.5717 1367.1129 0.015686275 -1274
40 462.5717 1369.2867 0.015686275 -1307
41 462.5717 1370.2863 0.015686275 -1324
42 462.5717 1371.2858 0.015686275 -1348
43 462.5717 1372.2853 0.015686275 -1348
44 462.5717 1372.2853 0.015686275 -1357
45 462.5717 1372.2853 0.015686275 -1390
46 462.5717 1372.2853 0.015686275 -1390
47 462.5717 1372.2853 0.015686275 -1398
0 865.1989 709.6304 0.015686275 -109
1 856.8658 709.6304 0.01764706 -109
2 852.21094 709.6304 0.015686275 -142
3 849.2137 709.6304 0.015686275 -157
4 814.2461 709.6304 0.01764706 -231
5 800.25903 709.6304 0.015686275 -231
6 793.2655 709.6304 0.015686275 -248
7 748.3071 710.6299 0.015686275 -305
8 739.3154 710.6299 0.015686275 -305
9 685.3654 709.6304 0.015686275 -363
10 675.37463 709.6304 0.015686275 -363
11 629.41724 709.6304 0.015686275 -413
12 619.42645 708.6309 0.015686275 -413
13 610.4348 706.63196 0.015686275 -421
14 576.46625 703.6335 0.01764706 -463
15 559.48193 702.63403 0.015686275 -463
16 551.4894 702.63403 0.015686275 -479
17 509.52823 700.6351 0.01764706 -538
18 489.54672 700.6351 0.015686275 -538
19 484.55133 700.6351 0.015686275 -562
20 451.58188 698.6361 0.01764706 -636
21 445.88287 698.6361 0.01764706 -636
22 439.6634 698.6361 0.01764706 -656
23 437.59482 698.6361 0.015686275 -704
24 437.59482 700.3868 0.015686275 -737
25 437.59482 703.6335 0.015686275 -770
26 437.59482 704.633 0.015686275 -797
27 439.59296 730.61945 0.015686275 -857
28 439.59296 740.0044 0.015686275 -857
29 440.59204 783.62714 0.015686275 -869
30 438.5939 822.4095 0.015686275 -919
31 438.5939 822.4095 0.015686275 -952
32 435.59668 880.5414 0.015686275 -989
33 436.59573 892.5351 0.015686275 -989
0 676.3737 1101.4263 0.013725491 -34
1 676.3737 1101.4263 0.013725491 -34
2 676.3737 1101.4263 0.013725491 -46
3 676.3737 1101.4263 0.013725491 -86
4 676.3737 1101.4263 0.013725491 -100
5 617.4283 1074.4404 0.013725491 -149
6 615.11914 1075.4398 0.013725491 -149
7 615.11914 1075.4398 0.013725491 -168
8 548.4921 1090.432 0.013725491 -216
9 548.4921 1090.432 0.013725491 -216
10 487.54858 1093.4304 0.013725491 -257
11 487.54858 1093.4304 0.013725491 -257
12 487.54858 1093.4304 0.013725491 -267
13 434.5976 1072.4414 0.013725491 -298
14 432.59946 1074.4404 0.013725491 -298
15 432.59946 1074.4404 0.013725491 -315
16 372.65494 1077.4388 0.013725491 -348
17 370.4118 1079.6829 0.013725491 -348
18 370.4118 1079.6829 0.013725491 -367
19 311.71136 1078.4382 0.013725491 -407
20 310.5182 1078.4382 0.013725491 -407
21 309.71323 1078.4382 0.013725491 -416
22 309.71323 1078.4382 0.013725491 -423
23 252.76596 1072.4414 0.015686275 -481
24 252.76596 1072.4414 0.015686275 -481
25 252.76596 1072.4414 0.015686275 -499
26 252.76596 1072.4414 0.015686275 -515
27 252.76596 1072.4414 0.015686275 -532
28 252.76596 1072.4414 0.015686275 -565
29 252.76596 1074.2527 0.015686275 -581
30 252.76596 1076.2305 0.015686275 -598
31 253.51482 1078.9371 0.015686275 -615
32 255.45992 1083.525 0.015686275 -631
33 256.76227 1089.306 0.015686275 -648
34 257.14917 1094.0428 0.015686275 -664
35 256.76227 1099.1993 0.015686275 -681
36 256.76227 1112.2906 0.015686275 -697
37 253.92877 1127.9208 0.015686275 -714
38 248.18861 1161.303 0.013725491 -730
39 246.77151 1170.3904 0.013725491 -763
40 246.77151 1170.3904 0.013725491 -769
41 194.81961 1362.2904 0.015686275 -877
42 195.8187 1364.2894 0.015686275 -877
43 195.8187 1364.2894 0.015686275 -885
44 192.82146 1419.2607 0.015686275 -902
45 192.82146 1419.2607 0.015686275 -902
46 192.82146 1419.2607 0.015686275 -910
47 193.82054 1469.2347 0.015686275 -926
48 192.82146 1510.2134 0.015686275 -926
49 192.82146 1510.2134 0.015686275 -959
50 192.82146 1611.1608 0.015686275 -984
51 189.82423 1656.7432 0.015686275 -984
52 188.82516 1703.2084 0.015686275 -1046
53 188.82516 1722.2281 0.015686275 -1094
54 188.82516 1735.4279 0.015686275 -1127
55 188.82516 1743.3461 0.015686275 -1160
56 188.82516 1747.1952 0.015686275 -1193
57 187.82608 1753.0869 0.013725491 -1226
58 187.82608 1755.0858 0.013725491 -1249
0 866.198 697.63666 0.01764706 -74
1 862.4054 697.63666 0.01764706 -74
2 845.72296 697.63666 0.015686275 -83
3 845.72296 697.63666 0.015686275 -116
4 811.24884 698.6361 0.01764706 -165
5 791.10706 698.6361 0.015686275 -165
6 791.10706 698.6361 0.015686275 -182
7 743.31177 697.63666 0.015686275 -222
8 733.321 697.63666 0.015686275 -222
9 722.3312 696.63715 0.015686275 -230
10 677.3728 695.6377 0.015686275 -271
11 667.3821 696.63715 0.015686275 -271
12 657.3913 696.63715 0.01764706 -279
13 624.4218 695.6377 0.015686275 -313
14 614.4311 694.6382 0.015686275 -313
15 604.4403 694.6382 0.015686275 -321
16 564.47736 693.63873 0.01764706 -362
17 547.49304 693.63873 0.015686275 -362
18 540.4995 692.6392 0.015686275 -379
19 505.53192 692.6392 0.01764706 -429
20 477.55783 691.6398 0.015686275 -429
21 472.56244 691.6398 0.015686275 -471
0 872.19244 700.6351 0.015686275 -82
1 866.4276 701.89105 0.015686275 -82
2 855.2081 704.633 0.01764706 -101
3 850.21277 705.63245 0.015686275 -123
4 814.2461 708.6309 0.01764706 -182
5 805.2544 709.6304 0.015686275 -182
6 796.2627 709.6304 0.015686275 -189
7 759.29694 708.6309 0.01764706 -231
8 747.30804 708.6309 0.01764706 -231
9 737.3173 708.6309 0.015686275 -239
10 696.3552 706.63196 0.01764706 -280
11 685.3654 706.63196 0.01764706 -280
12 674.3756 705.63245 0.015686275 -289
13 633.4135 702.63403 0.01764706 -330
14 623.4227 702.63403 0.01764706 -330
15 613.432 701.6345 0.015686275 -338
16 576.46625 697.63666 0.01764706 -379
17 568.47363 696.63715 0.01764706 -379
18 560.481 695.6377 0.01764706 -388
19 509.52823 684.6434 0.01764706 -471
20 495.45084 681.1226 0.01764706 -471
21 486.4012 678.64655 0.01764706 -500
22 482.50684 678.64655 0.01764706 -530
23 478.72696 678.64655 0.01764706 -563
24 478.5569 678.64655 0.01764706 -596
25 477.78613 679.4176 0.01764706 -629
26 476.55875 683.78436 0.01764706 -646
27 476.55875 691.4248 0.01764706 -663
28 477.81476 705.9181 0.01764706 -696
29 477.55783 709.6304 0.01764706 -729
30 477.55783 713.6283 0.01764706 -734
31 473.56152 750.609 0.01764706 -783
32 473.56152 760.6038 0.01764706 -783
33 485.5504 1349.2972 0.01764706 -1082
34 485.32486 1351.973 0.013725491 -1082
35 481.33456 1361.7302 0.01764706 -1091
36 479.3286 1363.5173 0.01764706 -1124
37 477.3423 1365.5044 0.01764706 -1141
38 477.55783 1366.4783 0.015686275 -1157
39 477.55783 1366.2883 0.013725491 -1174
40 477.55783 1366.2883 0.013725491 -1191
41 477.55783 1366.2883 0.013725491 -1207
42 477.55783 1366.2883 0.013725491 -1230
0 869.1952 693.63873 0.01764706 -113
1 854.32104 693.63873 0.015686275 -113
2 854.32104 693.63873 0.015686275 -131
3 809.2507 692.6392 0.015686275 -171
4 796.2627 691.6398 0.015686275 -171
5 785.2729 690.64026 0.015686275 -179
6 751.3043 692.6392 0.015686275 -212
7 739.3154 692.6392 0.015686275 -212
8 727.32654 693.63873 0.015686275 -220
9 692.35895 695.6377 0.01764706 -254
10 680.37006 695.6377 0.015686275 -254
11 670.3793 696.63715 0.015686275 -262
12 624.4218 693.63873 0.015686275 -304
13 613.432 693.63873 0.015686275 -304
14 602.4422 692.6392 0.015686275 -312
15 571.4709 688.6413 0.015686275 -345
16 561.4801 688.6413 0.015686275 -345
17 510.52728 685.6429 0.01764706 -411
18 488.8169 682.6444 0.01764706 -411
19 483.75958 683.6439 0.01764706 -478
20 479.89645 683.6439 0.01764706 -511
21 479.55597 688.7897 0.01764706 -544
22 478.5569 699.63556 0.01764706 -577
23 479.55597 703.6335 0.015686275 -605
24 459.57446 860.55176 0.01764706 -738
25 460.57355 878.5424 0.015686275 -738
26 458.5754 897.53253 0.01764706 -753
27 457.57632 916.52264 0.015686275 -753
28 456.57724 933.5138 0.015686275 -761
0 877.1878 679.646 0.015686275 -43
1 873.8071 679.646 0.015686275 -43
2 868.1961 680.6455 0.01764706 -64
3 864.1998 681.64496 0.01764706 -83
4 830.23126 687.64185 0.015686275 -151
5 825.2359 688.6413 0.015686275 -151
6 818.2424 689.6408 0.01764706 -157
7 767.28955 694.6382 0.015686275 -217
8 757.2988 695.6377 0.01764706 -217
9 707.34503 700.6351 0.015686275 -267
10 697.3543 701.6345 0.01764706 -267
11 647.4006 706.63196 0.01764706 -315
12 637.4098 706.63196 0.01764706 -315
13 589.4542 706.63196 0.01764706 -364
14 580.4625 707.6314 0.01764706 -364
15 531.5079 706.63196 0.01764706 -422
16 525.5134 706.63196 0.01764706 -422
17 459.57446 783.59186 0.01764706 -771
18 459.57446 795.58563 0.01764706 -771
19 460.57355 835.5648 0.01764706 -802
20 461.57263 849.5575 0.01764706 -802
21 466.568 906.52783 0.01764706 -835
22 472.56244 949.50543 0.01764706 -835
23 474.5606 970.4945 0.01764706 -852
24 479.55597 1015.47107 0.015686275 -876
25 480.55505 1036.4602 0.01764706 -876
26 484.55133 1057.4492 0.015686275 -884
27 485.5504 1082.4362 0.015686275 -901
28 486.5495 1103.4253 0.015686275 -901
29 487.54858 1126.4133 0.015686275 -909
30 489.54672 1143.4044 0.015686275 -926
31 490.5458 1160.3956 0.015686275 -926
32 492.54395 1182.3842 0.015686275 -934
33 492.54395 1201.3743 0.015686275 -951
34 493.54303 1249.3492 0.015686275 -951
35 493.54303 1262.3425 0.015686275 -975
36 493.54303 1285.3306 0.013725491 -1000
37 492.54395 1302.3217 0.015686275 -1000
38 492.54395 1308.3186 0.015686275 -1017
0 836.2257 683.6439 0.015686275 -167
1 831.23035 683.6439 0.015686275 -167
2 824.2368 683.6439 0.015686275 -174
3 776.28125 681.64496 0.015686275 -223
4 765.2914 680.6455 0.01764706 -223
5 722.3312 680.6455 0.015686275 -265
6 709.3432 681.64496 0.01764706 -265
7 697.3543 680.6455 0.01764706 -274
8 651.39685 685.6429 0.01764706 -316
9 639.40796 686.64233 0.01764706 -316
10 590.4533 687.64185 0.01764706 -365
11 580.4625 686.64233 0.01764706 -365
12 533.50604 685.6429 0.015686275 -423
13 514.65546 685.6429 0.015686275 -423
14 508.52914 685.6429 0.01764706 -468
15 506.531 685.6429 0.01764706 -491
16 487.54858 1095.4294 0.015686275 -869
17 485.1051 1229.4796 0.015686275 -869
18 485.5504 1245.3513 0.015686275 -928
19 484.55133 1261.343 0.015686275 -935
20 483.55228 1309.318 0.015686275 -975
21 484.55133 1318.3134 0.015686275 -975
0 872.19244 678.64655 0.015686275 -59
1 870.1943 678.64655 0.01764706 -59
2 867.197 679.646 0.01764706 -65
3 526.5125 694.6382 0.01764706 -397
4 519.519 693.63873 0.01764706 -397
5 489.54672 1157.3972 0.015686275 -951
6 490.5458 1176.3873 0.015686275 -951
7 485.5504 1223.3628 0.015686275 -982
8 486.5495 1238.355 0.015686275 -982
9 480.55505 1290.3279 0.01764706 -1032
10 479.55597 1297.3242 0.01764706 -1032
11 478.5569 1302.3217 0.015686275 -1041
0 870.1943 685.6429 0.015686275 -33
1 870.1943 685.6429 0.015686275 -33
2 870.1943 685.6429 0.015686275 -50
3 869.1952 685.6429 0.015686275 -73
4 832.22943 688.6413 0.015686275 -157
5 825.2359 689.6408 0.01764706 -157
6 708.3441 691.6398 0.01764706 -255
7 696.3552 692.6392 0.01764706 -255
8 653.395 689.6408 0.01764706 -296
9 642.4052 688.6413 0.01764706 -296
10 597.44684 690.64026 0.01764706 -339
11 587.45605 690.64026 0.01764706 -339
12 540.4995 687.64185 0.015686275 -388
13 531.5079 686.64233 0.01764706 -388
14 524.51434 685.6429 0.01764706 -396
15 479.55597 681.64496 0.015686275 -471
16 471.97427 681.64496 0.01764706 -471
17 465.6352 681.64496 0.01764706 -498
18 461.71024 681.64496 0.01764706 -530
19 460.57355 681.64496 0.01764706 -563
20 459.57446 681.64496 0.01764706 -581
21 466.568 779.59393 0.01764706 -711
22 469.56522 800.583 0.015686275 -711
23 468.56613 839.5627 0.01764706 -735
24 471.56335 859.5523 0.015686275 -735
25 471.56335 897.53253 0.01764706 -759
26 473.56152 919.52106 0.015686275 -759
27 453.58002 1345.2993 0.015686275 -974
28 451.25046 1361.2814 0.015686275 -974
29 451.25046 1361.2814 0.015686275 -992
0 735.31915 693.63873 0.015686275 -157
1 733.321 693.63873 0.01764706 -157
2 699.3525 696.63715 0.01764706 -205
3 688.3626 697.63666 0.01764706 -205
4 634.4126 698.6361 0.01764706 -256
5 623.4227 698.6361 0.01764706 -256
6 582.4607 694.6382 0.01764706 -297
7 572.4699 692.6392 0.01764706 -297
8 527.5116 687.64185 0.01764706 -346
9 519.519 686.64233 0.01764706 -346
10 512.52545 685.6429 0.01764706 -354
11 475.55966 679.646 0.015686275 -447
12 473.56152 679.646 0.015686275 -447
13 491.54486 1151.4003 0.015686275 -792
14 492.54395 1175.3878 0.015686275 -792
15 490.5458 1216.3665 0.015686275 -816
16 491.54486 1237.3555 0.015686275 -816
17 490.5458 1261.343 0.013725491 -832
18 491.54486 1352.2957 0.015686275 -832
19 491.54486 1364.2894 0.015686275 -874
20 492.54395 1385.2784 0.015686275 -899
21 491.54486 1395.2733 0.015686275 -899
22 490.5458 1424.2582 0.013725491 -948
23 488.54764 1429.2786 0.013725491 -948
24 487.54858 1433.5968 0.013725491 -969
25 487.54858 1435.2524 0.013725491 -1001
26 487.54858 1436.252 0.013725491 -1015
27 487.54858 1437.2513 0.015686275 -1039
28 487.54858 1438.2509 0.013725491 -1039
29 487.54858 1438.2509 0.013725491 -1064
0 494.54208 1226.3612 0.015686275 -918
1 495.54117 1246.3508 0.015686275 -918
2 494.54208 1301.3221 0.015686275 -950
3 495.54117 1316.3143 0.015686275 -950
4 494.54208 1345.2993 0.015686275 -975
5 493.2307 1403.8318 0.015686275 -975
6 490.5458 1415.5983 0.015686275 -1036
7 489.54672 1420.2869 0.015686275 -1068
8 489.54672 1422.2982 0.015686275 -1101
9 489.54672 1422.2592 0.013725491 -1134
10 489.54672 1422.2592 0.015686275 -1149
0 638.4089 642.6653 0.01764706 -321
1 626.42 640.6663 0.01764706 -321
2 579.46344 636.6684 0.01764706 -370
3 570.4718 636.6684 0.01764706 -370
4 562.4792 636.6684 0.01764706 -379
5 507.53006 635.6689 0.01764706 -486
6 504.30927 635.6689 0.01764706 -486
7 495.7318 634.66943 0.01764706 -495
8 489.88516 634.66943 0.01764706 -545
9 486.5495 634.66943 0.01764706 -594
10 485.5504 634.66943 0.01764706 -622
11 484.55133 675.6481 0.01764706 -739
12 485.5504 687.64185 0.015686275 -739
13 494.54208 1402.2697 0.015686275 -1048
14 489.3429 1425.6655 0.013725491 -1048
15 489.54672 1429.3317 0.015686275 -1090
16 488.54764 1430.255 0.015686275 -1123
17 488.54764 1430.255 0.013725491 -1146
0 702.3497 681.64496 0.01764706 -239
1 689.3617 683.6439 0.01764706 -239
2 640.40704 688.6413 0.01764706 -279
3 627.41907 690.64026 0.01764706 -279
4 580.4625 690.64026 0.01764706 -320
5 570.4718 688.6413 0.01764706 -320
6 525.5134 683.6439 0.01764706 -370
7 512.52545 683.6439 0.01764706 -370
8 507.53006 682.6444 0.01764706 -387
9 478.5569 689.6408 0.01764706 -546
10 478.5569 692.6392 0.01764706 -546
11 482.5532 1298.3237 0.01764706 -899
12 480.29715 1309.3507 0.01764706 -899
13 477.27548 1321.8767 0.01764706 -916
14 477.55783 1328.1727 0.01764706 -949
15 475.55966 1332.4747 0.015686275 -966
16 475.55966 1334.305 0.01764706 -999
17 475.55966 1334.305 0.013725491 -1032
0 865.1989 693.63873 0.015686275 -48
1 865.1989 693.63873 0.015686275 -48
2 859.20447 691.6398 0.01764706 -66
3 856.2072 691.6398 0.01764706 -89
4 819.24146 687.64185 0.01764706 -163
5 811.24884 687.64185 0.01764706 -163
6 764.2923 691.6398 0.01764706 -214
7 752.3034 693.63873 0.01764706 -214
8 741.3136 693.63873 0.015686275 -221
9 694.35706 696.63715 0.01764706 -262
10 680.37006 696.63715 0.015686275 -262
11 641.4061 699.63556 0.01764706 -296
12 627.41907 700.6351 0.01764706 -296
13 614.4311 701.6345 0.015686275 -305
14 581.4616 701.6345 0.01764706 -338
15 570.4718 701.6345 0.01764706 -338
16 560.481 699.63556 0.01764706 -346
17 515.52264 698.6361 0.01764706 -404
18 496.54025 698.6361 0.01764706 -404
19 491.54486 698.6361 0.01764706 -429
20 478.5569 800.583 0.01764706 -693
21 481.5541 814.57574 0.015686275 -693
22 488.54764 857.55334 0.015686275 -717
23 491.54486 874.5445 0.015686275 -717
24 494.54208 918.5216 0.015686275 -741
25 495.54117 939.5106 0.015686275 -741
26 498.5384 987.48566 0.015686275 -766
27 498.5384 1008.47473 0.015686275 -766
28 484.55133 1359.292 0.015686275 -974
29 483.55228 1361.291 0.015686275 -974
30 482.5532 1363.2899 0.01764706 -981
31 482.5532 1366.2883 0.015686275 -1014
32 482.5532 1367.2878 0.015686275 -1014
33 482.5532 1367.2878 0.015686275 -1030
34 482.5532 1367.2878 0.015686275 -1030
0 828.2331 679.646 0.015686275 -152
1 824.2368 679.646 0.015686275 -152
2 820.24054 678.64655 0.015686275 -159
3 773.284 680.6455 0.015686275 -218
4 765.2914 680.6455 0.01764706 -218
5 756.29974 682.6444 0.01764706 -226
6 709.3432 688.6413 0.01764706 -276
7 699.3525 690.64026 0.01764706 -276
8 689.3617 691.6398 0.01764706 -284
9 649.3987 694.6382 0.01764706 -325
10 639.40796 695.6377 0.01764706 -325
11 586.457 698.6361 0.01764706 -383
12 578.4644 699.63556 0.01764706 -383
13 569.4727 699.63556 0.01764706 -392
14 521.5171 699.63556 0.01764706 -474
15 513.4856 699.63556 0.01764706 -474
16 502.06024 698.6361 0.01764706 -491
17 499.53748 697.63666 0.01764706 -524
18 497.5393 697.63666 0.01764706 -534
19 495.54117 697.63666 0.01764706 -559
20 494.54208 697.63666 0.01764706 -559
21 492.54395 697.63666 0.01764706 -584
22 491.54486 697.63666 0.01764706 -584
23 489.54672 697.63666 0.01764706 -610
24 488.54764 697.63666 0.01764706 -610
25 486.5495 697.63666 0.01764706 -634
26 486.5495 698.6361 0.01764706 -634
27 488.54764 741.6137 0.01764706 -733
28 489.54672 752.608 0.015686275 -733
29 492.54395 788.58923 0.015686275 -765
30 494.54208 805.5804 0.015686275 -765
31 499.53748 906.52783 0.015686275 -814
32 501.5356 929.51587 0.015686275 -814
33 504.53284 979.4898 0.015686275 -838
34 505.53192 1004.4768 0.015686275 -838
0 878.1869 690.64026 0.015686275 -93
1 874.19055 690.64026 0.015686275 -93
2 871.19336 690.64026 0.01764706 -108
3 836.2257 694.6382 0.015686275 -166
4 828.2331 695.6377 0.01764706 -166
5 778.27936 698.6361 0.015686275 -215
6 766.29047 698.6361 0.01764706 -215
7 718.3349 696.63715 0.015686275 -257
8 706.346 696.63715 0.01764706 -257
9 657.3913 694.6382 0.01764706 -299
10 645.4024 694.6382 0.01764706 -299
11 598.44586 689.6408 0.015686275 -340
12 589.4542 688.6413 0.01764706 -340
13 580.4625 688.6413 0.01764706 -348
14 531.5079 685.6429 0.015686275 -414
15 524.51434 683.6439 0.015686275 -414
16 520.51807 682.6444 0.01764706 -431
17 463.57077 966.4966 0.01764706 -844
18 464.56985 988.48517 0.015686275 -844
19 463.57077 1010.4737 0.01764706 -851
20 463.57077 1026.4653 0.01764706 -869
21 468.56613 1155.1233 0.01764706 -869
22 471.56335 1222.6907 0.015686275 -920
23 469.56522 1261.343 0.015686275 -952
24 468.56613 1274.3363 0.015686275 -976
25 464.56985 1302.3217 0.015686275 -1016
26 462.5717 1312.0748 0.015686275 -1016
27 462.5717 1322.5255 0.015686275 -1035
28 462.5717 1326.5016 0.015686275 -1085
29 462.5717 1326.5016 0.015686275 -1118
0 875.18964 699.63556 0.015686275 -49
1 869.653 697.4562 0.015686275 -49
2 869.653 697.4562 0.01764706 -65
3 830.23126 694.6382 0.015686275 -123
4 821.2396 693.63873 0.01764706 -123
5 771.2858 691.6398 0.015686275 -173
6 761.2951 691.6398 0.01764706 -173
7 702.3497 699.63556 0.01764706 -229
8 692.35895 699.63556 0.01764706 -229
9 587.45605 701.6345 0.01764706 -329
10 578.4644 701.6345 0.01764706 -329
11 526.5125 697.63666 0.01764706 -396
12 516.23456 697.63666 0.01764706 -396
13 511.52637 697.63666 0.01764706 -412
14 506.531 697.63666 0.01764706 -420
0 854.20905 674.6486 0.015686275 -26
1 853.21 674.6486 0.015686275 -26
2 851.21185 674.6486 0.015686275 -42
3 812.2479 675.6481 0.01764706 -118
4 803.2562 675.6481 0.015686275 -118
5 755.30066 677.64703 0.01764706 -168
6 743.31177 678.64655 0.015686275 -168
7 696.3552 679.646 0.015686275 -209
8 682.36816 679.646 0.015686275 -209
9 632.4144 678.64655 0.015686275 -248
10 619.42645 678.64655 0.015686275 -248
11 574.4681 678.64655 0.015686275 -291
12 563.4783 678.64655 0.015686275 -291
13 512.52545 678.64655 0.01764706 -358
14 504.3413 678.64655 0.01764706 -358
15 501.5356 678.64655 0.01764706 -369
16 496.54025 677.64703 0.015686275 -374
17 470.5643 684.6434 0.01764706 -589
18 470.5643 686.64233 0.01764706 -589
19 472.56244 1342.3009 0.015686275 -993
20 471.56335 1353.5109 0.015686275 -993
21 469.56522 1363.5825 0.015686275 -1011
22 467.56708 1368.495 0.015686275 -1044
23 467.56708 1372.3799 0.015686275 -1077
24 467.56708 1373.7844 0.015686275 -1110
25 467.56708 1373.2847 0.015686275 -1120
26 467.56708 1373.2847 0.015686275 -1143
27 467.56708 1373.2847 0.015686275 -1159
28 467.56708 1373.2847 0.015686275 -1170
0 875.18964 670.6507 0.015686275 -107
1 869.1952 671.65015 0.01764706 -107
2 759.29694 674.6486 0.01764706 -216
3 746.30896 674.6486 0.015686275 -216
4 703.34875 674.6486 0.01764706 -256
5 690.3608 674.6486 0.015686275 -256
6 638.4089 674.6486 0.01764706 -306
7 627.41907 674.6486 0.015686275 -306
8 577.46533 674.6486 0.01764706 -363
9 569.4727 674.6486 0.01764706 -363
10 509.52823 674.6486 0.01764706 -473
11 505.30353 674.6486 0.01764706 -473
12 501.5356 674.6486 0.01764706 -480
13 497.5393 674.6486 0.01764706 -489
14 452.58093 931.51483 0.015686275 -887
15 452.58093 956.5018 0.015686275 -887
16 452.58093 978.49036 0.015686275 -894
17 453.58002 1029.4637 0.015686275 -919
18 455.5782 1053.4513 0.015686275 -919
19 457.57632 1080.4373 0.015686275 -927
20 459.57446 1105.4242 0.015686275 -943
21 460.57355 1132.4102 0.01764706 -943
22 461.57263 1154.3987 0.01764706 -960
23 463.57077 1178.3862 0.015686275 -960
24 464.56985 1203.3732 0.015686275 -968
25 465.5689 1224.3623 0.015686275 -984
26 465.5689 1378.2821 0.015686275 -984
27 464.56985 1384.2789 0.015686275 -1074
0 870.1943 681.64496 0.01764706 -118
1 865.1989 682.6444 0.01764706 -118
2 817.2433 681.64496 0.01764706 -184
3 806.2535 682.6444 0.01764706 -184
4 752.3034 679.646 0.015686275 -233
5 739.3154 679.646 0.015686275 -233
6 694.35706 678.64655 0.015686275 -275
7 681.3691 678.64655 0.015686275 -275
8 635.4117 678.64655 0.015686275 -317
9 622.4237 678.64655 0.015686275 -317
10 572.4699 677.64703 0.015686275 -366
11 562.4792 677.64703 0.015686275 -366
12 510.52728 676.6476 0.01764706 -449
13 506.22702 676.6476 0.01764706 -449
14 498.5384 676.6476 0.01764706 -458
15 495.54117 676.6476 0.01764706 -474
0 801.2581 691.6398 0.015686275 -175
1 797.2618 690.64026 0.01764706 -175
2 757.2988 686.64233 0.01764706 -223
3 746.30896 684.6434 0.015686275 -223
4 702.3497 685.6429 0.01764706 -265
5 689.3617 685.6429 0.01764706 -265
6 677.3728 686.64233 0.015686275 -273
7 645.4024 683.6439 0.01764706 -306
8 634.4126 682.6444 0.015686275 -306
9 582.4607 677.64703 0.01764706 -356
10 572.4699 676.6476 0.015686275 -356
11 515.52264 675.6481 0.015686275 -439
12 507.53006 675.6481 0.01764706 -439
13 504.53284 674.6486 0.015686275 -455
14 499.53748 674.6486 0.01764706 -480
15 497.5393 674.6486 0.01764706 -480
16 485.5504 679.646 0.01764706 -646
17 485.5504 687.755 0.01764706 -646
18 485.5504 687.755 0.01764706 -662
19 485.5504 735.6168 0.01764706 -712
20 484.55133 744.6122 0.01764706 -712
21 462.5717 1102.4258 0.015686275 -917
22 462.5717 1119.417 0.015686275 -917
23 461.57263 1138.4071 0.015686275 -934
24 458.5754 1230.3396 0.015686275 -934
25 458.5754 1289.1328 0.015686275 -977
26 459.63657 1326.8063 0.015686275 -1009
27 459.57446 1351.271 0.015686275 -1042
28 459.57446 1361.5049 0.015686275 -1075
29 459.57446 1365.4364 0.015686275 -1108
30 459.57446 1366.2883 0.015686275 -1141
31 459.57446 1366.2883 0.015686275 -1158
32 459.57446 1368.2874 0.015686275 -1174
33 459.57446 1369.2867 0.015686275 -1220
34 459.57446 1369.2867 0.015686275 -1239
0 815.2451 673.6491 0.015686275 -118
1 811.24884 671.65015 0.01764706 -118
2 768.28864 663.65436 0.01764706 -175
3 760.296 664.6538 0.013725491 -175
4 706.346 662.65485 0.01764706 -225
5 696.3552 664.6538 0.013725491 -225
6 653.395 670.6507 0.015686275 -266
7 642.4052 671.65015 0.01764706 -266
8 592.4514 672.64966 0.015686275 -316
9 581.4616 672.64966 0.01764706 -316
10 523.51526 671.65015 0.01764706 -382
11 516.5217 670.6507 0.01764706 -382
12 511.52637 671.65015 0.01764706 -390
0 747.30804 678.64655 0.015686275 -158
1 745.3099 678.64655 0.015686275 -158
2 714.33856 678.64655 0.015686275 -201
3 702.3497 678.64655 0.01764706 -201
4 653.395 678.64655 0.015686275 -241
5 638.4089 681.64496 0.01764706 -241
6 590.4533 680.6455 0.015686275 -282
7 577.46533 679.646 0.015686275 -282
8 534.50507 678.64655 0.015686275 -324
9 525.5134 678.64655 0.01764706 -324
10 516.5217 678.64655 0.01764706 -332
11 446.5865 681.64496 0.01764706 -556
12 445.58743 683.6439 0.01764706 -556
13 444.58835 685.6429 0.01764706 -564
14 443.58926 785.5908 0.015686275 -680
15 442.45932 798.02563 0.01764706 -680
16 441.59113 809.5783 0.015686275 -689
17 441.59113 825.57 0.015686275 -696
18 441.59113 854.5549 0.015686275 -722
19 439.59296 869.5471 0.015686275 -722
20 437.59482 921.52 0.015686275 -755
21 437.59482 937.5117 0.015686275 -755
0 874.19055 678.64655 0.015686275 -116
1 870.1943 678.64655 0.01764706 -116
2 825.2359 681.64496 0.01764706 -181
3 813.247 682.6444 0.01764706 -181
4 757.2988 684.6434 0.01764706 -232
5 744.31085 685.6429 0.01764706 -232
6 695.35614 688.6413 0.01764706 -272
7 682.36816 688.6413 0.015686275 -272
8 644.4033 687.64185 0.01764706 -305
9 630.41626 687.64185 0.01764706 -305
10 583.4598 682.6444 0.01764706 -346
11 571.4709 681.64496 0.015686275 -346
12 523.51526 677.64703 0.01764706 -396
13 515.52264 677.64703 0.01764706 -396
14 443.58926 793.5867 0.01764706 -752
15 441.59113 819.19037 0.015686275 -752
16 441.59113 819.19037 0.015686275 -769
