0 870.1943 732.6184 0.015686275 -36
1 870.1943 732.6184 0.01764706 -44
2 870.1943 732.6184 0.019607844 -74
3 870.1943 732.6184 0.019607844 -153
4 868.07806 732.6184 0.019607844 -186
5 862.45233 732.6184 0.019607844 -219
6 857.4868 732.6184 0.019607844 -252
7 850.1112 733.16895 0.019607844 -285
8 841.03503 734.6174 0.019607844 -318
9 829.90405 737.7249 0.019607844 -351
10 812.98376 739.61475 0.019607844 -384
11 793.4555 742.6132 0.019607844 -417
12 770.55176 745.2343 0.019607844 -450
13 748.6988 745.61163 0.019607844 -483
14 726.29565 747.7825 0.019607844 -517
15 703.4348 748.59576 0.019607844 -550
16 672.9743 749.60956 0.019607844 -583
17 647.2354 751.6085 0.019607844 -616
18 622.797 752.1263 0.019607844 -649
19 597.1032 752.608 0.019607844 -682
20 570.5725 752.608 0.019607844 -715
21 544.0582 752.608 0.019607844 -748
22 523.0459 752.608 0.019607844 -781
23 507.00714 752.608 0.019607844 -814
24 492.88 752.608 0.019607844 -847
25 483.46667 752.608 0.019607844 -880
26 478.37396 752.608 0.019607844 -913
27 474.74783 752.608 0.019607844 -946
28 471.16354 752.608 0.019607844 -979
29 467.52225 752.608 0.019607844 -1012
30 464.56985 758.96954 0.019607844 -1045
31 462.2594 770.8487 0.019607844 -1079
32 460.5521 786.69763 0.019607844 -1112
33 457.57632 810.0274 0.019607844 -1145
34 455.17178 833.0068 0.019607844 -1178
35 454.5791 859.526 0.019607844 -1211
36 453.58002 895.2553 0.019607844 -1244
37 452.58093 930.806 0.01764706 -1277
38 452.58093 971.3989 0.019607844 -1310
39 454.8442 1014.65564 0.019607844 -1343
40 458.5322 1060.8418 0.01764706 -1376
41 465.15442 1125.0948 0.01764706 -1409
42 471.96042 1182.8646 0.01764706 -1442
43 476.1566 1236.1232 0.01764706 -1475
44 480.0555 1286.3301 0.019607844 -1508
45 482.5532 1327.6495 0.019607844 -1540
46 482.5532 1355.5121 0.019607844 -1574
47 482.5532 1373.4921 0.019607844 -1607
48 482.5532 1388.0132 0.01764706 -1641
49 482.5532 1397.4625 0.019607844 -1674
50 482.5532 1403.154 0.019607844 -1707
51 482.5532 1407.0344 0.019607844 -1740
52 482.5532 1407.267 0.019607844 -1773
53 482.5532 1407.267 0.01764706 -1806
54 482.5532 1407.267 0.01764706 -1834
0 906.16095 728.6205 0.01764706 -25
1 906.16095 728.6205 0.01764706 -25
2 906.16095 728.6205 0.01764706 -35
3 901.901 728.6205 0.01764706 -68
4 894.12115 728.6205 0.019607844 -101
5 886.51086 728.6205 0.019607844 -134
6 874.7197 728.6205 0.01764706 -167
7 858.74603 729.62 0.019607844 -200
8 839.5365 729.62 0.019607844 -233
9 821.26294 732.214 0.019607844 -266
10 803.861 733.89667 0.019607844 -299
11 783.6783 737.7151 0.019607844 -332
12 760.8295 740.538 0.019607844 -365
13 736.19836 743.34424 0.019607844 -398
14 712.82556 746.61115 0.019607844 -431
15 691.0986 747.6106 0.019607844 -464
16 667.68164 747.6106 0.019607844 -497
17 643.70715 747.6106 0.019607844 -530
18 616.8362 747.6106 0.019607844 -564
19 593.2994 747.6106 0.019607844 -597
20 570.72943 746.61115 0.019607844 -630
21 570.72943 746.61115 0.019607844 -663
22 546.494 745.61163 0.019607844 -693
23 533.20416 744.39526 0.019607844 -693
24 502.47708 739.61475 0.019607844 -712
25 485.562 738.6153 0.019607844 -762
26 472.01465 736.61633 0.019607844 -795
27 462.10992 735.6168 0.019607844 -828
28 454.24774 733.4521 0.019607844 -861
29 447.68686 731.61896 0.019607844 -894
30 444.0258 730.61945 0.019607844 -927
31 440.16003 730.61945 0.019607844 -960
32 436.3968 729.42096 0.019607844 -993
33 432.67923 727.7008 0.019607844 -1026
34 428.88712 726.6215 0.01764706 -1059
35 425.33347 726.6215 0.01764706 -1092
36 421.45023 726.6215 0.01764706 -1126
37 420.61053 726.6215 0.01764706 -1159
38 420.61053 726.6215 0.01764706 -1192
39 420.61053 726.6215 0.01764706 -1225
40 420.61053 726.6215 0.01764706 -1258
41 420.61053 726.6215 0.01764706 -1291
42 419.7948 726.6215 0.01764706 -1307
43 419.61148 726.6215 0.01764706 -1324
44 416.3784 729.85596 0.019607844 -1357
45 413.61703 752.2622 0.01764706 -1390
46 410.68378 777.1471 0.01764706 -1423
47 407.80573 815.7419 0.01764706 -1456
48 404.62534 863.39014 0.01764706 -1489
49 407.34567 944.41064 0.01764706 -1522
50 417.3549 1043.3872 0.01764706 -1555
51 424.3071 1100.3268 0.01764706 -1588
52 430.63022 1158.0388 0.01764706 -1605
53 438.8596 1247.377 0.015686275 -1621
54 443.58926 1316.175 0.015686275 -1654
55 443.58926 1346.3296 0.01764706 -1688
56 443.58926 1359.4594 0.01764706 -1721
57 443.58926 1363.0375 0.01764706 -1754
58 443.58926 1365.0221 0.01764706 -1770
59 443.58926 1367.2878 0.01764706 -1787
60 443.58926 1368.2874 0.01764706 -1820
61 443.58926 1369.7827 0.01764706 -1853
62 443.58926 1370.4209 0.01764706 -1880
63 443.58926 1370.2863 0.01764706 -1919
64 443.58926 1371.2858 0.015686275 -1946
65 443.58926 1371.2858 0.015686275 -1979
0 669.3802 1012.47266 0.015686275 -7
1 669.3802 1012.47266 0.015686275 -16
2 669.3802 1012.47266 0.015686275 -41
3 667.3242 1013.4721 0.013725491 -70
4 658.81714 1013.4721 0.013725491 -108
5 641.8253 1011.70966 0.015686275 -157
6 626.2537 1010.4737 0.01764706 -190
7 611.56287 1012.04706 0.01764706 -223
8 599.4954 1014.0905 0.015686275 -256
9 575.6544 1015.47107 0.01764706 -273
10 555.14246 1018.69336 0.01764706 -306
11 527.05835 1021.46796 0.015686275 -339
12 503.31403 1022.6707 0.01764706 -372
13 472.25858 1024.536 0.015686275 -405
14 457.72015 1024.4664 0.01764706 -438
15 438.34427 1025.4658 0.01764706 -455
16 407.96744 1025.4658 0.015686275 -488
17 388.2583 1025.4658 0.01764706 -521
18 360.94736 1027.6556 0.015686275 -554
19 343.74994 1026.1398 0.01764706 -587
20 327.71768 1024.4664 0.01764706 -603
21 310.38354 1025.4658 0.01764706 -637
22 295.01428 1026.4653 0.015686275 -670
23 284.11624 1026.4653 0.015686275 -703
24 273.2851 1024.3126 0.015686275 -736
25 265.76205 1021.46796 0.015686275 -769
26 261.9684 1020.4685 0.015686275 -802
27 258.1723 1020.4685 0.015686275 -835
28 254.33064 1020.4685 0.015686275 -868
29 250.65039 1020.4685 0.015686275 -901
30 247.77058 1021.4838 0.015686275 -934
31 246.88977 1030.9896 0.015686275 -967
32 246.77151 1046.639 0.015686275 -1000
33 244.77336 1065.6139 0.01764706 -1033
34 242.7752 1085.9008 0.01764706 -1066
35 241.77614 1108.5524 0.01764706 -1099
36 238.5023 1134.0706 0.01764706 -1132
37 235.11237 1164.0732 0.01764706 -1165
38 231.78539 1191.0754 0.01764706 -1199
39 228.09193 1214.8516 0.015686275 -1232
40 226.61848 1235.0735 0.01764706 -1248
41 226.79001 1250.6882 0.01764706 -1265
42 220.79556 1291.1666 0.015686275 -1281
43 217.09973 1325.8057 0.015686275 -1314
44 214.80112 1356.3193 0.015686275 -1347
45 211.78711 1371.4369 0.015686275 -1380
46 209.80574 1402.5458 0.015686275 -1397
47 203.11905 1419.6464 0.015686275 -1430
48 197.00299 1439.7866 0.015686275 -1463
49 193.0617 1458.0382 0.015686275 -1496
50 191.82239 1480.741 0.015686275 -1529
51 190.81873 1490.2467 0.015686275 -1562
52 190.82332 1508.9033 0.015686275 -1579
53 190.82332 1526.664 0.015686275 -1612
54 190.82332 1541.9467 0.015686275 -1645
55 190.82332 1554.1045 0.015686275 -1678
56 190.82332 1566.342 0.015686275 -1711
57 190.82332 1575.2506 0.015686275 -1744
58 190.82332 1579.2035 0.015686275 -1777
59 190.82332 1582.1759 0.015686275 -1810
60 190.82332 1584.4443 0.015686275 -1843
61 190.82332 1584.1749 0.015686275 -1860
62 190.82332 1584.1749 0.015686275 -1876
63 190.82332 1584.1749 0.015686275 -1907
64 190.82332 1584.1749 0.015686275 -1923
0 611.43384 1095.4294 0.015686275 -157
1 611.43384 1095.4294 0.015686275 -157
2 607.43756 1094.4299 0.015686275 -172
3 607.43756 1094.4299 0.013725491 -172
4 607.43756 1094.4299 0.013725491 -189
5 548.4921 1090.432 0.015686275 -238
6 548.4921 1090.432 0.015686275 -238
7 558.4829 1079.4377 0.019607844 -263
8 602.4422 1032.4623 0.01764706 -304
9 612.3131 1015.83075 0.015686275 -304
10 613.432 1007.4752 0.015686275 -325
11 613.432 1007.4752 0.015686275 -338
12 595.44867 992.48303 0.01764706 -363
13 588.45514 989.4846 0.015686275 -363
14 588.45514 989.4846 0.015686275 -413
15 368.65866 1103.4253 0.015686275 -446
16 368.5481 1103.4253 0.01764706 -446
17 366.6605 1103.4253 0.01764706 -489
18 376.65125 1093.4304 0.021568628 -497
19 363.66327 1100.4269 0.015686275 -521
20 322.82065 1102.4258 0.01764706 -521
21 317.21347 1102.4258 0.01764706 -603
22 313.25418 1102.4258 0.01764706 -636
23 309.45605 1102.4258 0.01764706 -669
24 305.48987 1102.4258 0.01764706 -702
25 303.71878 1105.3456 0.01764706 -735
26 303.71878 1114.7448 0.01764706 -768
27 302.7197 1129.742 0.01764706 -801
28 302.7197 1150.4008 0.015686275 -834
29 301.72064 1191.1528 0.01764706 -866
30 301.72064 1212.1207 0.01764706 -917
31 298.2834 1247.8737 0.01764706 -950
32 298.2834 1247.8737 0.01764706 -983
33 293.72803 1340.3019 0.01764706 -1021
34 293.72803 1340.3019 0.01764706 -1021
35 299.72247 1400.2706 0.01764706 -1062
36 299.72247 1400.2706 0.01764706 -1062
37 318.7049 1392.2748 0.021568628 -1070
38 312.71045 1414.2634 0.015686275 -1095
39 305.71692 1559.0695 0.015686275 -1095
40 305.71692 1612.0529 0.015686275 -1165
41 305.71692 1642.15 0.015686275 -1198
42 305.71692 1654.5653 0.015686275 -1231
43 305.71692 1658.886 0.015686275 -1264
44 305.71692 1662.634 0.015686275 -1297
45 305.71692 1662.1343 0.015686275 -1328
46 305.71692 1662.1343 0.015686275 -1363
47 305.71692 1662.1343 0.015686275 -1396
48 305.71692 1662.1343 0.015686275 -1425
49 305.71692 1662.1343 0.015686275 -1452
0 907.16003 736.61633 0.01764706 -5
1 907.16003 736.61633 0.015686275 -5
2 907.16003 736.61633 0.01764706 -23
3 896.1075 734.6017 0.015686275 -56
4 889.1767 734.6174 0.015686275 -89
5 885.1804 734.6174 0.015686275 -104
6 856.2072 728.6205 0.015686275 -162
7 849.2137 726.6215 0.015686275 -162
8 842.22015 724.62256 0.015686275 -171
9 788.27014 713.6283 0.015686275 -228
10 780.2775 711.62933 0.015686275 -228
11 731.3229 704.633 0.015686275 -278
12 722.3312 703.6335 0.015686275 -278
13 713.3395 702.63403 0.015686275 -286
14 671.37836 699.63556 0.015686275 -328
15 662.38666 699.63556 0.015686275 -328
16 605.4394 697.63666 0.015686275 -386
17 597.44684 696.63715 0.015686275 -386
18 550.4903 695.6377 0.015686275 -443
19 537.5023 695.6377 0.015686275 -443
20 531.5079 695.6377 0.015686275 -461
21 489.54672 695.6377 0.015686275 -527
22 478.7069 695.6377 0.015686275 -527
23 470.09232 695.6377 0.015686275 -552
24 464.97845 695.6377 0.015686275 -585
25 461.118 695.6377 0.015686275 -618
26 457.3293 696.8842 0.015686275 -651
27 456.57724 702.01935 0.015686275 -684
28 456.57724 702.01935 0.015686275 -717
29 454.5791 731.61896 0.015686275 -767
30 453.58002 738.6153 0.015686275 -767
31 442.5902 844.5601 0.015686275 -858
32 437.85336 874.25073 0.015686275 -858
33 430.26077 920.8949 0.01764706 -882
34 423.9751 975.71216 0.01764706 -915
35 423.6078 980.4893 0.01764706 -948
36 422.6087 992.48303 0.01764706 -951
37 411.61887 1295.3253 0.01764706 -1154
38 411.61887 1301.3221 0.015686275 -1154
39 411.61887 1306.3196 0.01764706 -1170
40 411.61887 1310.3175 0.01764706 -1170
41 411.61887 1313.3159 0.01764706 -1187
42 410.6198 1324.5366 0.015686275 -1187
43 410.6198 1325.3097 0.01764706 -1246
44 410.6198 1327.3087 0.01764706 -1279
45 410.6198 1327.3087 0.01764706 -1312
46 410.6198 1326.3092 0.015686275 -1353
0 671.37836 1107.4232 0.015686275 -183
1 671.37836 1107.4232 0.015686275 -183
2 671.37836 1107.4232 0.015686275 -190
3 627.41907 1112.4205 0.015686275 -257
4 625.4209 1111.4211 0.015686275 -257
5 625.4209 1111.4211 0.015686275 -265
6 548.4921 1105.4242 0.015686275 -314
7 548.4921 1105.4242 0.015686275 -314
8 488.54764 1106.4237 0.015686275 -364
9 488.54764 1106.4237 0.015686275 -364
10 427.60406 1105.4242 0.015686275 -413
11 427.60406 1105.4242 0.015686275 -413
12 367.65958 1105.4242 0.015686275 -463
13 367.65958 1105.4242 0.015686275 -463
14 308.71414 1107.4232 0.015686275 -521
15 308.71414 1107.4232 0.015686275 -521
16 308.71414 1107.4232 0.015686275 -529
17 275.7447 1124.4143 0.015686275 -721
18 275.7447 1124.4143 0.015686275 -721
19 279.74097 1138.4071 0.015686275 -797
20 279.74097 1138.4071 0.015686275 -797
21 278.16083 1140.5692 0.015686275 -811
22 277.74283 1141.4055 0.015686275 -844
23 277.74283 1141.4055 0.015686275 -847
24 272.74747 1184.383 0.015686275 -880
25 256.30975 1209.5023 0.015686275 -880
26 250.7678 1238.355 0.015686275 -959
27 250.7678 1238.355 0.015686275 -981
28 243.77429 1342.3009 0.013725491 -1023
29 243.77429 1342.3009 0.013725491 -1023
30 243.77429 1406.2676 0.015686275 -1056
31 243.77429 1406.2676 0.015686275 -1056
32 241.77614 1463.2379 0.013725491 -1089
33 241.77614 1463.2379 0.013725491 -1089
34 245.77243 1535.2004 0.015686275 -1113
35 244.77336 1585.0172 0.015686275 -1113
36 245.77243 1655.5996 0.015686275 -1159
37 245.77243 1689.6482 0.015686275 -1207
38 245.77243 1703.5 0.015686275 -1240
39 244.77336 1708.9348 0.015686275 -1274
40 244.77336 1711.1088 0.015686275 -1307
41 244.77336 1711.1088 0.015686275 -1324
42 245.77243 1732.0978 0.015686275 -1348
43 245.77243 1732.0978 0.015686275 -1348
44 245.77243 1732.0978 0.015686275 -1357
45 245.77243 1733.0973 0.015686275 -1390
46 245.77243 1733.0973 0.015686275 -1390
47 245.77243 1733.0973 0.015686275 -1398
0 688.3626 1083.4357 0.015686275 -109
1 685.1951 1083.4357 0.013725491 -109
2 683.36725 1083.4357 0.013725491 -142
3 683.36725 1083.4357 0.013725491 -157
4 630.41626 1097.4283 0.015686275 -231
5 627.41907 1097.4283 0.013725491 -231
6 627.41907 1097.4283 0.013725491 -248
7 548.4921 1099.4274 0.013725491 -305
8 548.4921 1099.4274 0.013725491 -305
9 487.54858 1098.4279 0.013725491 -363
10 487.54858 1098.4279 0.013725491 -363
11 431.60037 1082.4362 0.015686275 -413
12 430.6013 1082.4362 0.013725491 -413
13 430.6013 1082.4362 0.013725491 -421
14 383.64478 1089.4326 0.015686275 -463
15 381.64664 1089.4326 0.013725491 -463
16 381.64664 1089.4326 0.013725491 -479
17 311.71136 1078.4382 0.015686275 -538
18 308.71414 1078.4382 0.013725491 -538
19 308.71414 1078.4382 0.013725491 -562
20 265.75394 1082.4362 0.015686275 -636
21 265.75394 1082.4362 0.015686275 -636
22 265.75394 1082.4362 0.015686275 -656
23 265.75394 1082.4362 0.015686275 -704
24 265.75394 1082.4362 0.015686275 -737
25 265.75394 1082.4362 0.015686275 -770
26 265.75394 1082.4362 0.015686275 -797
27 276.74374 1133.4097 0.015686275 -857
28 276.74374 1133.4097 0.015686275 -857
29 267.99304 1144.1628 0.015686275 -869
30 256.05347 1180.7499 0.013725491 -919
31 256.05347 1180.7499 0.013725491 -952
32 244.77336 1276.3352 0.013725491 -989
33 244.77336 1276.3352 0.013725491 -989
0 854.20905 684.6434 0.015686275 -34
1 854.20905 684.6434 0.015686275 -34
2 853.0176 684.6434 0.01764706 -46
3 849.2137 684.6434 0.015686275 -86
4 846.2165 684.6434 0.015686275 -100
5 823.23773 688.6413 0.015686275 -149
6 806.7622 688.6413 0.01764706 -149
7 806.7622 688.6413 0.015686275 -168
8 755.30066 689.6408 0.015686275 -216
9 744.31085 689.6408 0.015686275 -216
10 703.34875 692.6392 0.01764706 -257
11 686.2662 693.95386 0.015686275 -257
12 686.2662 693.95386 0.015686275 -267
13 647.4006 695.6377 0.01764706 -298
14 623.4227 696.63715 0.015686275 -298
15 612.4329 696.63715 0.015686275 -315
16 582.4607 697.63666 0.01764706 -348
17 559.0302 697.63666 0.015686275 -348
18 559.0302 697.63666 0.015686275 -367
19 519.519 697.63666 0.01764706 -407
20 508.9744 697.63666 0.01764706 -407
21 502.5347 697.63666 0.015686275 -416
22 494.54208 696.63715 0.015686275 -423
23 461.57263 694.6382 0.01764706 -481
24 454.22882 693.63873 0.01764706 -481
25 449.4246 693.63873 0.01764706 -499
26 446.54865 693.63873 0.01764706 -515
27 442.71503 693.63873 0.01764706 -532
28 440.7067 693.63873 0.01764706 -565
29 438.78156 695.44995 0.01764706 -581
30 437.59482 698.42725 0.015686275 -598
31 435.8469 702.8825 0.015686275 -615
32 435.59668 709.7197 0.015686275 -631
33 435.59668 715.50073 0.015686275 -648
34 433.9854 726.9106 0.01764706 -664
35 432.0456 739.94086 0.01764706 -681
36 430.11258 754.5203 0.01764706 -697
37 429.18457 768.1083 0.015686275 -714
38 424.21948 808.5175 0.01764706 -730
39 423.6078 817.57416 0.01764706 -763
40 422.6087 826.56946 0.01764706 -769
41 398.6309 991.4836 0.015686275 -877
42 398.6309 1004.4768 0.015686275 -877
43 397.63184 1023.4669 0.015686275 -885
44 397.63184 1041.4575 0.015686275 -902
45 397.63184 1058.4487 0.015686275 -902
46 398.6309 1079.4377 0.015686275 -910
47 398.6309 1097.4283 0.015686275 -926
48 404.62534 1174.3883 0.015686275 -926
49 405.62442 1188.381 0.013725491 -959
50 406.6235 1228.3602 0.015686275 -984
51 406.2232 1327.5173 0.013725491 -984
52 402.6272 1378.5966 0.015686275 -1046
53 401.6281 1396.1168 0.015686275 -1094
54 401.6281 1405.5996 0.013725491 -1127
55 401.6281 1412.3915 0.013725491 -1160
56 401.6281 1416.2623 0.013725491 -1193
57 401.6281 1416.2623 0.015686275 -1226
58 401.6281 1416.2623 0.015686275 -1249
0 689.3617 1081.4368 0.015686275 -74
1 689.09656 1081.702 0.015686275 -74
2 684.0678 1082.4362 0.013725491 -83
3 684.0678 1082.4362 0.013725491 -116
4 626.42 1080.4373 0.015686275 -165
5 621.94403 1080.4373 0.013725491 -165
6 621.94403 1080.4373 0.013725491 -182
7 560.481 1080.4373 0.015686275 -222
8 560.481 1080.4373 0.015686275 -222
9 560.481 1080.4373 0.015686275 -230
10 504.53284 1077.4388 0.015686275 -271
11 503.53375 1077.4388 0.013725491 -271
12 503.53375 1077.4388 0.013725491 -279
13 440.59204 1077.4388 0.015686275 -313
14 440.59204 1077.4388 0.015686275 -313
15 440.59204 1077.4388 0.015686275 -321
16 390.6383 1074.4404 0.015686275 -362
17 386.642 1074.4404 0.013725491 -362
18 386.642 1074.4404 0.013725491 -379
19 342.6827 1086.4341 0.015686275 -429
20 328.69565 1084.4352 0.013725491 -429
21 328.69565 1084.4352 0.013725491 -471
0 691.35986 1082.4362 0.015686275 -82
1 689.1052 1084.6918 0.013725491 -82
2 684.36633 1084.4352 0.013725491 -101
3 684.36633 1084.4352 0.013725491 -123
4 608.43665 1097.4283 0.013725491 -182
5 608.43665 1097.4283 0.013725491 -182
6 608.43665 1097.4283 0.013725491 -189
7 552.48846 1080.4373 0.013725491 -231
8 551.4894 1080.4373 0.013725491 -231
9 551.4894 1080.4373 0.013725491 -239
10 494.54208 1095.4294 0.013725491 -280
11 494.54208 1095.4294 0.013725491 -280
12 494.54208 1095.4294 0.013725491 -289
13 430.6013 1071.4419 0.015686275 -330
14 429.60223 1072.4414 0.013725491 -330
15 429.60223 1072.4414 0.013725491 -338
16 372.65494 1061.4471 0.015686275 -379
17 372.65494 1061.4471 0.015686275 -379
18 372.65494 1061.4471 0.015686275 -388
19 312.71045 1050.4529 0.015686275 -471
20 312.71045 1050.4529 0.015686275 -471
21 312.71045 1050.4529 0.015686275 -500
22 312.71045 1050.4529 0.015686275 -530
23 312.71045 1050.4529 0.015686275 -563
24 312.71045 1050.4529 0.015686275 -596
25 312.71045 1050.4529 0.015686275 -629
26 312.71045 1050.4529 0.015686275 -646
27 311.71136 1053.2363 0.015686275 -663
28 313.70953 1075.4685 0.015686275 -696
29 313.70953 1076.4393 0.015686275 -729
30 313.70953 1076.4393 0.015686275 -734
31 308.71414 1159.3961 0.013725491 -783
32 308.71414 1159.3961 0.013725491 -783
33 253.76503 1713.1077 0.015686275 -1082
34 253.76503 1713.1077 0.015686275 -1082
35 253.76503 1713.1077 0.015686275 -1091
36 253.76503 1713.1077 0.015686275 -1124
37 253.76503 1713.1077 0.015686275 -1141
38 253.76503 1713.1077 0.015686275 -1157
39 253.76503 1713.1077 0.015686275 -1174
40 253.76503 1713.1077 0.015686275 -1191
41 253.76503 1713.1077 0.013725491 -1207
42 253.76503 1713.1077 0.013725491 -1230
0 674.3756 1066.4446 0.015686275 -113
1 673.10706 1070.712 0.013725491 -113
2 673.10706 1070.712 0.013725491 -131
3 622.4237 1073.4409 0.015686275 -171
4 621.4246 1073.4409 0.013725491 -171
5 621.4246 1073.4409 0.013725491 -179
6 564.47736 1074.4404 0.015686275 -212
7 563.4783 1075.4398 0.013725491 -212
8 563.4783 1075.4398 0.013725491 -220
9 504.53284 1078.4382 0.015686275 -254
10 503.53375 1079.4377 0.013725491 -254
11 503.53375 1079.4377 0.013725491 -262
12 445.58743 1079.4377 0.015686275 -304
13 444.58835 1080.4373 0.013725491 -304
14 444.58835 1080.4373 0.013725491 -312
15 381.64664 1073.4409 0.015686275 -345
16 381.64664 1073.4409 0.015686275 -345
17 346.67902 1078.4382 0.015686275 -411
18 335.8238 1072.4414 0.015686275 -411
19 331.90018 1072.4414 0.015686275 -478
20 328.03705 1072.4414 0.015686275 -511
21 324.12567 1079.586 0.015686275 -544
22 322.7012 1085.4347 0.015686275 -577
23 322.7012 1085.4347 0.015686275 -605
24 267.75208 1270.3384 0.015686275 -738
25 267.75208 1270.3384 0.015686275 -738
26 262.7567 1298.3237 0.015686275 -753
27 260.75854 1303.3212 0.013725491 -753
28 260.75854 1303.3212 0.013725491 -761
0 697.3543 1106.4237 0.013725491 -43
1 696.663 1105.7322 0.013725491 -43
2 694.35706 1103.4253 0.013725491 -64
3 694.35706 1103.4253 0.013725491 -83
4 628.41815 1109.4221 0.013725491 -151
5 628.41815 1109.4221 0.013725491 -151
6 628.41815 1109.4221 0.013725491 -157
7 563.4783 1110.4216 0.015686275 -217
8 563.4783 1110.4216 0.015686275 -217
9 512.52545 1113.42 0.015686275 -267
10 512.52545 1113.42 0.015686275 -267
11 450.5828 1118.4175 0.015686275 -315
12 450.5828 1118.4175 0.015686275 -315
13 371.65588 1106.4237 0.015686275 -364
14 371.65588 1106.4237 0.015686275 -364
15 311.71136 1107.4232 0.013725491 -422
16 311.71136 1107.4232 0.013725491 -422
17 268.75116 1234.357 0.015686275 -771
18 268.75116 1234.357 0.015686275 -771
19 251.76688 1290.3279 0.013725491 -802
20 251.76688 1290.3279 0.013725491 -802
21 253.76503 1354.2946 0.013725491 -835
22 255.76318 1365.2888 0.013725491 -835
23 255.76318 1365.2888 0.013725491 -852
24 254.76411 1427.2566 0.015686275 -876
25 256.76227 1435.2524 0.013725491 -876
26 256.76227 1435.2524 0.013725491 -884
27 255.76318 1490.2238 0.015686275 -901
28 257.76132 1498.2196 0.013725491 -901
29 257.76132 1498.2196 0.013725491 -909
30 265.75394 1553.191 0.015686275 -926
31 265.75394 1560.1874 0.013725491 -926
32 265.75394 1560.1874 0.013725491 -934
33 254.76411 1607.1628 0.015686275 -951
34 252.76596 1626.153 0.015686275 -951
35 252.76596 1626.153 0.015686275 -975
36 251.76688 1680.1249 0.015686275 -1000
37 249.76874 1685.1223 0.013725491 -1000
38 249.76874 1685.1223 0.013725491 -1017
0 631.41534 1107.4232 0.015686275 -167
1 629.41724 1106.4237 0.013725491 -167
2 629.41724 1106.4237 0.013725491 -174
3 562.4792 1100.4269 0.013725491 -223
4 562.4792 1100.4269 0.013725491 -223
5 509.52823 1077.4388 0.015686275 -265
6 508.52914 1078.4382 0.013725491 -265
7 508.52914 1078.4382 0.013725491 -274
8 438.5939 1098.4279 0.013725491 -316
9 438.5939 1098.4279 0.013725491 -316
10 377.65033 1098.4279 0.013725491 -365
11 377.65033 1098.4279 0.013725491 -365
12 327.6966 1083.4357 0.015686275 -423
13 321.41306 1084.4352 0.013725491 -423
14 319.70398 1084.4352 0.015686275 -468
15 319.70398 1084.4352 0.015686275 -491
16 255.76318 1497.2202 0.015686275 -869
17 251.32156 1600.2922 0.013725491 -869
18 250.7678 1609.1619 0.013725491 -928
19 250.7678 1609.1619 0.013725491 -935
20 248.76965 1714.1072 0.013725491 -975
21 248.76965 1714.1072 0.013725491 -975
0 704.34784 1078.4382 0.013725491 -59
1 702.3497 1079.4377 0.013725491 -59
2 702.3497 1079.4377 0.013725491 -65
3 329.69473 1111.4211 0.015686275 -397
4 329.69473 1111.4211 0.015686275 -397
5 269.75024 1603.165 0.013725491 -951
6 269.75024 1603.165 0.013725491 -951
7 264.75485 1661.1348 0.013725491 -982
8 264.75485 1661.1348 0.013725491 -982
9 249.76874 1715.1067 0.013725491 -1032
10 249.76874 1715.1067 0.013725491 -1032
11 249.76874 1715.1067 0.013725491 -1041
0 690.3608 1109.4221 0.013725491 -33
1 690.3608 1109.4221 0.013725491 -33
2 690.3608 1109.4221 0.013725491 -50
3 690.3608 1109.4221 0.013725491 -73
4 626.42 1108.4227 0.013725491 -157
5 626.42 1108.4227 0.013725491 -157
6 507.53006 1106.4237 0.015686275 -255
7 507.53006 1106.4237 0.015686275 -255
8 451.58188 1109.4221 0.015686275 -296
9 451.58188 1109.4221 0.015686275 -296
10 376.65125 1097.4283 0.013725491 -339
11 376.65125 1097.4283 0.013725491 -339
12 330.69382 1108.4227 0.015686275 -388
13 330.69382 1108.4227 0.015686275 -388
14 330.69382 1108.4227 0.015686275 -396
15 276.74374 1108.4227 0.013725491 -471
16 272.74747 1106.4237 0.013725491 -471
17 271.74838 1104.4248 0.013725491 -498
18 271.74838 1104.4248 0.013725491 -530
19 271.74838 1104.4248 0.013725491 -563
20 271.74838 1104.4248 0.013725491 -581
21 272.74747 1232.3582 0.013725491 -711
22 272.74747 1232.3582 0.013725491 -711
23 266.75302 1294.3258 0.013725491 -735
24 266.75302 1294.3258 0.013725491 -735
25 268.75116 1351.2961 0.013725491 -759
26 268.75116 1351.2961 0.013725491 -759
27 208.80666 1757.0848 0.015686275 -974
28 207.47617 1760.4148 0.013725491 -974
29 207.47617 1760.4148 0.013725491 -992
0 560.481 1100.4269 0.013725491 -157
1 560.481 1100.4269 0.013725491 -157
2 501.5356 1107.4232 0.015686275 -205
3 501.5356 1107.4232 0.015686275 -205
4 446.5865 1110.4216 0.015686275 -256
5 446.5865 1110.4216 0.015686275 -256
6 378.6494 1104.4248 0.013725491 -297
7 378.6494 1104.4248 0.013725491 -297
8 330.69382 1081.4368 0.015686275 -346
9 330.69382 1083.4357 0.013725491 -346
10 330.69382 1083.4357 0.013725491 -354
11 300.72156 1087.4336 0.013725491 -447
12 300.72156 1087.4336 0.013725491 -447
13 257.76132 1561.1869 0.015686275 -792
14 257.76132 1561.1869 0.015686275 -792
15 266.75302 1628.152 0.015686275 -816
16 266.75302 1628.152 0.015686275 -816
17 263.7558 1667.1317 0.015686275 -832
18 258.7604 1729.0994 0.013725491 -832
19 258.7604 1729.0994 0.013725491 -874
20 253.76503 1789.0681 0.013725491 -899
21 253.76503 1789.0681 0.013725491 -899
22 249.76874 1837.0432 0.013725491 -948
23 249.76874 1837.0432 0.013725491 -948
24 249.76874 1837.0432 0.013725491 -969
25 249.76874 1837.0432 0.013725491 -1001
26 249.76874 1837.0432 0.013725491 -1015
27 251.76688 1844.0396 0.013725491 -1039
28 251.76688 1844.0396 0.013725491 -1039
29 251.76688 1844.0396 0.013725491 -1064
0 270.7493 1622.155 0.015686275 -918
1 270.7493 1622.155 0.015686275 -918
2 267.75208 1698.1155 0.015686275 -950
3 267.75208 1698.1155 0.015686275 -950
4 255.76318 1742.0927 0.015686275 -975
5 253.76503 1764.706 0.015686275 -975
6 253.76503 1770.2457 0.015686275 -1036
7 253.76503 1774.1025 0.015686275 -1068
8 253.76503 1774.0759 0.015686275 -1101
9 253.76503 1774.0759 0.015686275 -1134
10 253.76503 1774.0759 0.015686275 -1149
0 454.5791 1051.4524 0.015686275 -321
1 454.5791 1051.4524 0.015686275 -321
2 391.6374 1049.4534 0.015686275 -370
3 391.6374 1049.4534 0.015686275 -370
4 391.6374 1049.4534 0.015686275 -379
5 335.68918 1052.4518 0.015686275 -486
6 335.68918 1052.4518 0.015686275 -486
7 335.68918 1052.4518 0.015686275 -495
8 335.68918 1052.4518 0.015686275 -545
9 335.68918 1052.4518 0.015686275 -594
10 335.68918 1052.4518 0.015686275 -622
11 321.70212 1101.4263 0.015686275 -739
12 321.70212 1101.4263 0.015686275 -739
13 255.76318 1792.0665 0.015686275 -1048
14 255.76318 1792.0665 0.015686275 -1048
15 255.76318 1792.0665 0.015686275 -1090
16 255.76318 1792.0665 0.015686275 -1123
17 255.76318 1792.0665 0.015686275 -1146
0 504.53284 1069.443 0.015686275 -239
1 504.53284 1069.443 0.015686275 -239
2 440.59204 1099.4274 0.013725491 -279
3 440.59204 1099.4274 0.013725491 -279
4 380.64755 1099.4274 0.013725491 -320
5 380.64755 1099.4274 0.013725491 -320
6 328.69565 1071.4419 0.015686275 -370
7 326.6975 1074.4404 0.013725491 -370
8 326.6975 1074.4404 0.013725491 -387
9 321.70212 1098.4279 0.013725491 -546
10 321.70212 1098.4279 0.013725491 -546
11 266.75302 1683.1233 0.015686275 -899
12 266.75302 1683.1233 0.015686275 -899
13 262.19202 1689.9677 0.013725491 -916
14 259.47165 1693.6941 0.013725491 -949
15 255.67888 1698.1998 0.013725491 -966
16 252.76596 1701.2405 0.013725491 -999
17 252.76596 1701.2405 0.013725491 -1032
0 677.3728 1100.4269 0.013725491 -48
1 675.1267 1095.4294 0.013725491 -48
2 672.37744 1092.431 0.013725491 -66
3 672.37744 1092.431 0.013725491 -89
4 613.432 1060.4476 0.015686275 -163
5 613.432 1060.4476 0.015686275 -163
6 570.4718 1076.4393 0.015686275 -214
7 568.47363 1077.4388 0.013725491 -214
8 568.47363 1077.4388 0.013725491 -221
9 487.54858 1094.4299 0.013725491 -262
10 487.54858 1094.4299 0.013725491 -262
11 452.58093 1107.4232 0.015686275 -296
12 450.5828 1106.4237 0.013725491 -296
13 450.5828 1106.4237 0.013725491 -305
14 387.64108 1105.4242 0.015686275 -338
15 385.6429 1104.4248 0.013725491 -338
16 385.6429 1104.4248 0.013725491 -346
17 312.71045 1104.4248 0.013725491 -404
18 312.71045 1104.4248 0.013725491 -404
19 312.71045 1104.4248 0.013725491 -429
20 321.70212 1225.3618 0.015686275 -693
21 321.70212 1225.3618 0.015686275 -693
22 319.70398 1284.331 0.013725491 -717
23 319.70398 1284.331 0.013725491 -717
24 308.71414 1342.3009 0.013725491 -741
25 308.71414 1342.3009 0.013725491 -741
26 308.71414 1404.2686 0.013725491 -766
27 308.71414 1404.2686 0.013725491 -766
28 255.76318 1731.0984 0.015686275 -974
29 255.76318 1731.0984 0.015686275 -974
30 255.76318 1731.0984 0.015686275 -981
31 255.76318 1731.0984 0.015686275 -1014
32 255.76318 1731.0984 0.015686275 -1014
33 254.76411 1730.0989 0.015686275 -1030
34 254.76411 1730.0989 0.015686275 -1030
0 626.42 1061.4471 0.015686275 -152
1 626.42 1061.4471 0.015686275 -152
2 626.42 1061.4471 0.015686275 -159
3 566.47546 1069.443 0.015686275 -218
4 564.47736 1070.4425 0.013725491 -218
5 564.47736 1070.4425 0.013725491 -226
6 504.53284 1100.4269 0.013725491 -276
7 504.53284 1100.4269 0.013725491 -276
8 504.53284 1100.4269 0.013725491 -284
9 446.5865 1105.4242 0.015686275 -325
10 446.5865 1105.4242 0.015686275 -325
11 390.6383 1110.4216 0.015686275 -383
12 390.6383 1110.4216 0.015686275 -383
13 390.6383 1110.4216 0.015686275 -392
14 333.69104 1109.4221 0.015686275 -474
15 333.69104 1109.4221 0.015686275 -474
16 329.22028 1106.6862 0.015686275 -491
17 326.6975 1105.4242 0.013725491 -524
18 326.6975 1105.4242 0.013725491 -534
19 310.7123 1105.4242 0.013725491 -559
20 310.7123 1105.4242 0.013725491 -559
21 309.71323 1098.4279 0.013725491 -584
22 309.71323 1098.4279 0.013725491 -584
23 324.69934 1104.4248 0.015686275 -610
24 324.69934 1104.4248 0.015686275 -610
25 327.6966 1109.4221 0.015686275 -634
26 327.6966 1109.4221 0.015686275 -634
27 325.69843 1169.3909 0.013725491 -733
28 325.69843 1169.3909 0.013725491 -733
29 322.7012 1230.3591 0.013725491 -765
30 322.7012 1230.3591 0.013725491 -765
31 319.70398 1346.2988 0.013725491 -814
32 319.70398 1346.2988 0.013725491 -814
33 308.71414 1404.2686 0.013725491 -838
34 308.71414 1404.2686 0.013725491 -838
0 693.35803 1107.4232 0.013725491 -93
1 689.3617 1105.4242 0.013725491 -93
2 689.3617 1105.4242 0.013725491 -108
3 609.4357 1098.4279 0.013725491 -166
4 609.4357 1098.4279 0.013725491 -166
5 552.48846 1104.4248 0.013725491 -215
6 552.48846 1104.4248 0.013725491 -215
7 491.54486 1098.4279 0.013725491 -257
8 491.54486 1098.4279 0.013725491 -257
9 428.60315 1094.4299 0.013725491 -299
10 428.60315 1094.4299 0.013725491 -299
11 374.6531 1070.4425 0.015686275 -340
12 373.65402 1071.4419 0.013725491 -340
13 373.65402 1071.4419 0.013725491 -348
14 329.69473 1068.4435 0.015686275 -414
15 327.6966 1069.443 0.013725491 -414
16 327.6966 1069.443 0.013725491 -431
17 268.75116 1379.2816 0.015686275 -844
18 266.75302 1382.28 0.013725491 -844
19 266.75302 1382.28 0.013725491 -851
20 255.76318 1429.2556 0.015686275 -869
21 251.76688 1530.9275 0.013725491 -869
22 251.76688 1593.0505 0.013725491 -920
23 251.76688 1622.155 0.015686275 -952
24 251.76688 1622.155 0.015686275 -976
25 248.76965 1710.1093 0.013725491 -1016
26 248.76965 1710.1093 0.013725491 -1016
27 248.76965 1710.1093 0.013725491 -1035
28 248.76965 1710.1093 0.013725491 -1085
29 248.76965 1710.1093 0.013725491 -1118
0 687.3635 1107.4232 0.013725491 -49
1 685.0046 1106.2432 0.013725491 -49
2 685.0046 1106.2432 0.013725491 -65
3 623.4227 1104.4248 0.013725491 -123
4 623.4227 1104.4248 0.013725491 -123
5 562.4792 1103.4253 0.013725491 -173
6 562.4792 1103.4253 0.013725491 -173
7 509.52823 1109.4221 0.015686275 -229
8 509.52823 1109.4221 0.015686275 -229
9 371.65588 1105.4242 0.013725491 -329
10 371.65588 1105.4242 0.013725491 -329
11 331.69287 1110.4216 0.015686275 -396
12 327.63916 1108.3652 0.013725491 -396
13 326.6975 1107.4232 0.013725491 -412
14 326.6975 1107.4232 0.013725491 -420
0 686.3645 1050.4529 0.015686275 -26
1 686.3645 1050.4529 0.015686275 -26
2 686.3645 1050.4529 0.015686275 -42
3 629.41724 1066.4446 0.015686275 -118
4 629.41724 1066.4446 0.015686275 -118
5 564.47736 1067.444 0.015686275 -168
6 564.47736 1067.444 0.015686275 -168
7 502.5347 1072.4414 0.015686275 -209
8 502.5347 1072.4414 0.015686275 -209
9 446.5865 1068.4435 0.015686275 -248
10 446.5865 1068.4435 0.015686275 -248
11 386.642 1065.4451 0.015686275 -291
12 386.642 1065.4451 0.015686275 -291
13 342.6827 1076.4393 0.015686275 -358
14 341.24567 1075.0017 0.015686275 -358
15 340.68454 1074.4404 0.015686275 -369
16 340.68454 1074.4404 0.015686275 -374
17 325.69843 1102.4258 0.015686275 -589
18 325.69843 1102.4258 0.015686275 -589
19 255.76318 1731.0984 0.015686275 -993
20 255.76318 1731.0984 0.015686275 -993
21 255.76318 1731.0984 0.015686275 -1011
22 255.76318 1731.0984 0.015686275 -1044
23 255.76318 1731.0984 0.015686275 -1077
24 255.76318 1731.0984 0.015686275 -1110
25 255.76318 1731.0984 0.015686275 -1120
26 255.76318 1731.0984 0.015686275 -1143
27 255.76318 1731.0984 0.015686275 -1159
28 255.76318 1731.0984 0.015686275 -1170
0 682.36816 1051.4524 0.015686275 -107
1 682.36816 1051.4524 0.015686275 -107
2 567.47455 1052.4518 0.015686275 -216
3 567.47455 1052.4518 0.015686275 -216
4 509.52823 1055.4503 0.015686275 -256
5 509.52823 1055.4503 0.015686275 -256
6 445.58743 1055.4503 0.015686275 -306
7 445.58743 1055.4503 0.015686275 -306
8 380.64755 1055.4503 0.015686275 -363
9 380.64755 1055.4503 0.015686275 -363
10 329.69473 1053.4513 0.015686275 -473
11 329.69473 1053.4513 0.015686275 -473
12 329.69473 1053.4513 0.015686275 -480
13 329.69473 1053.4513 0.015686275 -489
14 253.76503 1353.2952 0.013725491 -887
15 253.76503 1353.2952 0.013725491 -887
16 253.76503 1353.2952 0.013725491 -894
17 255.76318 1419.2607 0.015686275 -919
18 255.76318 1421.2598 0.015686275 -919
19 255.76318 1421.2598 0.015686275 -927
20 255.76318 1485.2264 0.015686275 -943
21 255.76318 1485.2264 0.015686275 -943
22 254.76411 1543.1962 0.015686275 -960
23 254.76411 1543.1962 0.015686275 -960
24 254.76411 1543.1962 0.015686275 -968
25 254.76411 1606.1635 0.015686275 -984
26 250.7678 1722.103 0.013725491 -984
27 250.7678 1722.103 0.013725491 -1074
0 672.37744 1050.4529 0.015686275 -118
1 672.37744 1050.4529 0.015686275 -118
2 613.432 1054.4508 0.015686275 -184
3 613.432 1054.4508 0.015686275 -184
4 551.4894 1052.4518 0.015686275 -233
5 551.4894 1052.4518 0.015686275 -233
6 502.5347 1053.4513 0.015686275 -275
7 502.5347 1053.4513 0.015686275 -275
8 442.5902 1050.4529 0.015686275 -317
9 442.5902 1050.4529 0.015686275 -317
10 379.64847 1047.4545 0.015686275 -366
11 379.64847 1047.4545 0.015686275 -366
12 312.71045 1044.4559 0.015686275 -449
13 312.71045 1044.4559 0.015686275 -449
14 312.71045 1044.4559 0.015686275 -458
15 312.71045 1044.4559 0.015686275 -474
0 623.4227 1065.4451 0.015686275 -175
1 623.4227 1065.4451 0.015686275 -175
2 552.48846 1061.4471 0.015686275 -223
3 552.48846 1061.4471 0.015686275 -223
4 510.52728 1073.4409 0.015686275 -265
5 508.52914 1072.4414 0.015686275 -265
6 508.52914 1072.4414 0.015686275 -273
7 431.60037 1060.4476 0.015686275 -306
8 431.60037 1060.4476 0.015686275 -306
9 385.6429 1054.4508 0.015686275 -356
10 385.6429 1054.4508 0.015686275 -356
11 326.6975 1047.4545 0.015686275 -439
12 326.6975 1047.4545 0.015686275 -439
13 326.6975 1047.4545 0.015686275 -455
14 319.70398 1045.4554 0.015686275 -480
15 319.70398 1045.4554 0.015686275 -480
16 332.69196 1107.4232 0.013725491 -646
17 332.69196 1107.4232 0.015686275 -646
18 332.69196 1107.4232 0.015686275 -662
19 309.71323 1156.3977 0.013725491 -712
20 309.71323 1156.3977 0.013725491 -712
21 255.76318 1495.2212 0.015686275 -917
22 255.76318 1495.2212 0.015686275 -917
23 254.76411 1546.1947 0.015686275 -934
24 252.53203 1586.6223 0.015686275 -934
25 251.76688 1638.5195 0.015686275 -977
26 250.7678 1685.5573 0.015686275 -1009
27 250.7678 1700.0957 0.015686275 -1042
28 250.7678 1706.2183 0.015686275 -1075
29 250.7678 1710.2568 0.015686275 -1108
30 250.7678 1711.1088 0.015686275 -1141
31 250.7678 1712.1083 0.015686275 -1158
32 250.7678 1713.1077 0.015686275 -1174
33 250.7678 1713.1077 0.015686275 -1220
34 250.7678 1713.1077 0.015686275 -1239
0 611.43384 1045.4554 0.015686275 -118
1 611.43384 1045.4554 0.015686275 -118
2 551.4894 1047.4545 0.015686275 -175
3 551.4894 1047.4545 0.015686275 -175
4 500.53653 1047.4545 0.015686275 -225
5 500.53653 1047.4545 0.015686275 -225
6 430.6013 1044.4559 0.015686275 -266
7 430.6013 1044.4559 0.015686275 -266
8 370.6568 1044.4559 0.015686275 -316
9 370.6568 1044.4559 0.015686275 -316
10 311.71136 1045.4554 0.015686275 -382
11 311.71136 1045.4554 0.015686275 -382
12 311.71136 1045.4554 0.015686275 -390
0 551.4894 1048.4539 0.015686275 -158
1 551.4894 1048.4539 0.015686275 -158
2 491.54486 1049.4534 0.015686275 -201
3 491.54486 1049.4534 0.015686275 -201
4 433.5985 1050.4529 0.015686275 -241
5 433.5985 1050.4529 0.015686275 -241
6 372.65494 1049.4534 0.015686275 -282
7 372.65494 1049.4534 0.015686275 -282
8 311.71136 1045.4554 0.015686275 -324
9 311.71136 1045.4554 0.015686275 -324
10 311.71136 1045.4554 0.015686275 -332
11 266.75302 1070.4425 0.015686275 -556
12 266.75302 1070.4425 0.015686275 -556
13 266.75302 1070.4425 0.015686275 -564
14 254.76411 1180.3851 0.015686275 -680
15 254.76411 1181.3846 0.015686275 -680
16 253.76503 1188.381 0.013725491 -689
17 253.76503 1188.381 0.013725491 -696
18 250.7678 1284.331 0.013725491 -722
19 250.7678 1284.331 0.013725491 -722
20 253.76503 1339.3024 0.013725491 -755
21 253.76503 1339.3024 0.013725491 -755
0 683.36725 1056.4497 0.015686275 -116
1 683.36725 1056.4497 0.015686275 -116
2 619.42645 1054.4508 0.015686275 -181
3 619.42645 1054.4508 0.015686275 -181
4 564.47736 1064.4456 0.015686275 -232
5 564.47736 1064.4456 0.015686275 -232
6 491.54486 1058.4487 0.015686275 -272
7 491.54486 1058.4487 0.015686275 -272
8 432.59946 1058.4487 0.015686275 -305
9 432.59946 1058.4487 0.015686275 -305
10 372.65494 1050.4529 0.015686275 -346
11 372.65494 1050.4529 0.015686275 -346
12 311.71136 1047.4545 0.015686275 -396
13 311.71136 1047.4545 0.015686275 -396
14 254.76411 1187.3816 0.015686275 -752
15 255.62856 1198.0498 0.015686275 -752
16 255.62856 1198.0498 0.015686275 -769
