0 894.17206 1015.47107 0.01764706 -36
1 894.17206 1015.47107 0.01764706 -44
2 894.17206 1015.47107 0.01764706 -74
3 894.17206 1015.47107 0.01764706 -153
4 894.17206 1015.47107 0.01764706 -186
5 894.17206 1015.47107 0.01764706 -219
6 893.4535 1014.7522 0.01764706 -252
7 887.07697 1010.9226 0.01764706 -285
8 877.0017 1009.4742 0.01764706 -318
9 865.8708 1009.4742 0.01764706 -351
10 852.99945 1009.4742 0.01764706 -384
11 834.4176 1010.27545 0.01764706 -417
12 814.13385 1012.47266 0.01764706 -450
13 792.65814 1012.47266 0.01764706 -483
14 772.2531 1014.6435 0.01764706 -517
15 751.37604 1016.4706 0.01764706 -550
16 722.92804 1017.3847 0.015686275 -583
17 698.18823 1019.469 0.01764706 -616
18 674.2674 1020.4685 0.01764706 -649
19 648.056 1023.6588 0.01764706 -682
20 619.52716 1024.4664 0.01764706 -715
21 592.2739 1027.2046 0.01764706 -748
22 571.00146 1027.4648 0.01764706 -781
23 553.9636 1027.4648 0.01764706 -814
24 540.8356 1026.4653 0.01764706 -847
25 531.4223 1024.9233 0.01764706 -880
26 525.3305 1024.4664 0.01764706 -913
27 521.70435 1024.4664 0.01764706 -946
28 518.12006 1024.4664 0.01764706 -979
29 514.47876 1026.5101 0.019607844 -1012
30 510.84457 1030.1459 0.019607844 -1045
31 507.21777 1036.0856 0.01764706 -1079
32 502.4918 1045.5413 0.01764706 -1112
33 495.0585 1064.8947 0.01764706 -1145
34 489.733 1083.063 0.01764706 -1178
35 486.55325 1105.3978 0.01764706 -1211
36 482.6693 1137.3617 0.01764706 -1244
37 478.92746 1171.0518 0.01764706 -1277
38 476.55875 1210.8655 0.01764706 -1310
39 476.55875 1255.9993 0.01764706 -1343
40 477.51462 1303.6288 0.01764706 -1376
41 479.34872 1366.384 0.01764706 -1409
42 482.25217 1424.4375 0.01764706 -1442
43 485.14825 1476.5955 0.01764706 -1475
44 488.04813 1527.2046 0.01764706 -1508
45 489.54672 1569.0062 0.01764706 -1540
46 489.54672 1598.7549 0.01764706 -1574
47 489.54672 1618.6663 0.01764706 -1607
48 489.54672 1632.8856 0.01764706 -1641
49 488.54764 1644.4291 0.01764706 -1674
50 488.54764 1650.0255 0.01764706 -1707
51 488.54764 1653.9059 0.01764706 -1740
52 488.54764 1655.138 0.01764706 -1773
53 488.54764 1655.138 0.01764706 -1806
54 488.54764 1655.138 0.01764706 -1834
0 898.1684 1034.4612 0.01764706 -25
1 898.1684 1031.2048 0.01764706 -25
2 898.1684 1024.5583 0.01764706 -35
3 898.1684 1020.83636 0.01764706 -68
4 896.64435 1016.9448 0.01764706 -101
5 892.8391 1013.1381 0.01764706 -134
6 885.8662 1009.3175 0.01764706 -167
7 875.51404 1005.5845 0.01764706 -200
8 859.518 1004.4768 0.01764706 -233
9 842.2435 1004.4768 0.01764706 -266
10 826.1194 1004.4768 0.01764706 -299
11 805.65796 1007.5745 0.01764706 -332
12 782.8092 1010.4737 0.01764706 -365
13 758.9088 1013.2037 0.01764706 -398
14 734.8052 1014.4716 0.01764706 -431
15 711.7026 1016.2245 0.015686275 -464
16 688.66223 1018.46954 0.01764706 -497
17 663.68866 1018.46954 0.015686275 -530
18 637.8167 1020.2676 0.01764706 -564
19 612.75616 1020.4685 0.01764706 -597
20 589.7119 1019.1788 0.015686275 -630
21 589.7119 1019.1788 0.015686275 -663
22 379.64847 1177.3867 0.015686275 -693
23 379.64847 1177.3867 0.015686275 -693
24 364.41644 1170.5787 0.01764706 -712
25 346.6906 1166.6453 0.015686275 -762
26 334.1423 1161.8787 0.01764706 -795
27 325.23666 1158.1656 0.01764706 -828
28 316.3754 1156.2319 0.01764706 -861
29 308.91672 1154.5 0.01764706 -894
30 305.15436 1151.8369 0.01764706 -927
31 301.28864 1148.9692 0.01764706 -960
32 297.5254 1146.4028 0.01764706 -993
33 293.8078 1143.4843 0.01764706 -1026
34 290.0157 1139.6906 0.015686275 -1059
35 286.46204 1138.1345 0.015686275 -1092
36 282.57886 1134.2498 0.015686275 -1126
37 278.97495 1132.4102 0.015686275 -1159
38 275.1717 1131.4106 0.015686275 -1192
39 271.43982 1129.4117 0.015686275 -1225
40 267.79166 1128.4122 0.015686275 -1258
41 267.75208 1128.4122 0.01764706 -1291
42 266.93634 1128.4122 0.01764706 -1307
43 265.75394 1128.4122 0.01764706 -1324
44 262.52084 1128.4122 0.015686275 -1357
45 258.62268 1130.4113 0.015686275 -1390
46 251.89478 1142.0851 0.01764706 -1423
47 245.95558 1167.925 0.01764706 -1456
48 242.06255 1213.3546 0.01764706 -1489
49 240.77705 1289.9535 0.01764706 -1522
50 241.35696 1383.7904 0.01764706 -1555
51 243.44958 1437.1263 0.015686275 -1588
52 243.77429 1487.4857 0.015686275 -1605
53 244.77336 1577.2052 0.015686275 -1621
54 244.77336 1635.009 0.015686275 -1654
55 244.77336 1667.1625 0.015686275 -1688
56 244.77336 1681.2917 0.01764706 -1721
57 244.77336 1684.8699 0.01764706 -1754
58 244.77336 1688.3198 0.01764706 -1770
59 244.77336 1691.7006 0.01764706 -1787
60 244.77336 1693.1182 0.01764706 -1820
61 244.77336 1693.1182 0.01764706 -1853
62 244.77336 1693.1182 0.01764706 -1880
63 244.77336 1693.1182 0.01764706 -1919
64 244.77336 1693.1182 0.015686275 -1946
65 244.77336 1693.1182 0.015686275 -1979
0 822.23865 647.66266 0.01764706 -7
1 822.23865 647.66266 0.01764706 -16
2 822.23865 647.66266 0.01764706 -41
3 821.18176 647.66266 0.01764706 -70
4 808.8918 649.2347 0.01764706 -108
5 795.2101 648.8986 0.01764706 -157
6 775.6711 648.6621 0.01764706 -190
7 754.856 648.6621 0.01764706 -223
8 742.6003 649.2805 0.01764706 -256
9 719.5212 651.9625 0.01764706 -273
10 696.012 657.1056 0.01764706 -306
11 668.927 657.6575 0.01764706 -339
12 642.1854 660.06287 0.01764706 -372
13 609.9919 659.65643 0.01764706 -405
14 595.61646 659.65643 0.01764706 -438
15 572.5117 665.36176 0.01764706 -455
16 545.422 665.65326 0.019607844 -488
17 522.443 668.99713 0.01764706 -521
18 499.39197 671.841 0.01764706 -554
19 486.5949 670.32513 0.01764706 -587
20 464.60675 671.65015 0.01764706 -603
21 444.25958 671.65015 0.01764706 -637
22 430.56693 671.65015 0.01764706 -670
23 422.98767 671.65015 0.01764706 -703
24 417.4595 671.65015 0.01764706 -736
25 413.6211 671.65015 0.01764706 -769
26 409.8315 671.65015 0.01764706 -802
27 406.0354 671.65015 0.01764706 -835
28 403.62628 671.65015 0.01764706 -868
29 403.62628 671.65015 0.01764706 -901
30 403.62628 680.7091 0.01764706 -934
31 405.50616 699.807 0.01764706 -967
32 405.62442 715.138 0.01764706 -1000
33 404.9912 741.41656 0.01764706 -1033
34 402.6272 766.0673 0.01764706 -1066
35 399.27533 789.7833 0.01764706 -1099
36 396.35614 814.95984 0.015686275 -1132
37 394.41153 837.68024 0.015686275 -1165
38 391.6374 874.58813 0.015686275 -1199
39 391.6374 892.1613 0.015686275 -1232
40 391.6374 918.5818 0.015686275 -1248
41 391.6374 937.18646 0.015686275 -1265
42 391.6374 968.2745 0.015686275 -1281
43 391.6374 1002.27496 0.015686275 -1314
44 391.6374 1031.5142 0.015686275 -1347
45 391.6374 1052.586 0.015686275 -1380
46 391.6374 1079.635 0.015686275 -1397
47 391.6374 1111.1927 0.015686275 -1430
48 391.6374 1136.8517 0.015686275 -1463
49 391.6374 1151.6787 0.015686275 -1496
50 391.6374 1180.6534 0.015686275 -1529
51 391.6374 1192.4019 0.015686275 -1562
52 393.63553 1210.1832 0.015686275 -1579
53 394.4995 1225.2799 0.015686275 -1612
54 396.63275 1247.017 0.01764706 -1645
55 398.60226 1263.1987 0.01764706 -1678
56 398.6309 1275.4409 0.015686275 -1711
57 398.6309 1281.3682 0.015686275 -1744
58 398.6309 1285.3566 0.015686275 -1777
59 398.6309 1286.33 0.015686275 -1810
60 398.6309 1286.33 0.01764706 -1843
61 398.6309 1286.33 0.015686275 -1860
62 399.9502 1287.6498 0.015686275 -1876
63 399.62997 1287.3295 0.015686275 -1907
64 399.62997 1287.3295 0.015686275 -1923
0 783.2748 1009.4742 0.019607844 -157
1 782.2757 1008.47473 0.01764706 -157
2 781.2766 1007.4752 0.01764706 -172
3 776.28125 1002.47784 0.015686275 -172
4 751.3043 1009.4742 0.019607844 -189
5 703.34875 1012.47266 0.01764706 -238
6 700.3515 1003.47736 0.015686275 -238
7 700.3515 1003.47736 0.015686275 -263
8 487.54858 1091.4315 0.015686275 -304
9 487.54858 1091.4315 0.015686275 -304
10 485.5504 1091.4315 0.01764706 -325
11 494.54208 1081.4368 0.021568628 -338
12 474.5606 1085.4347 0.015686275 -363
13 440.59204 1091.4315 0.01764706 -363
14 445.58743 1083.4357 0.021568628 -413
15 486.5495 1042.457 0.01764706 -446
16 499.53748 1019.3031 0.015686275 -446
17 499.53748 1016.4706 0.015686275 -489
18 499.53748 1016.4706 0.015686275 -497
19 486.5495 1000.4789 0.01764706 -521
20 478.67633 999.47943 0.01764706 -521
21 474.06824 998.4799 0.01764706 -603
22 470.10898 998.4799 0.01764706 -636
23 466.31082 998.4799 0.015686275 -669
24 462.34464 998.4799 0.01764706 -702
25 461.57263 998.4799 0.015686275 -735
26 461.57263 1002.0283 0.015686275 -768
27 459.90808 1010.80566 0.01764706 -801
28 458.5754 1027.9645 0.015686275 -834
29 455.28293 1064.219 0.015686275 -866
30 453.58002 1090.4761 0.015686275 -917
31 448.14462 1119.4999 0.015686275 -950
32 448.14462 1119.4999 0.021568628 -983
33 406.6235 1202.3738 0.015686275 -1021
34 396.63275 1222.3633 0.021568628 -1021
35 403.62628 1258.3446 0.015686275 -1062
36 409.62073 1262.3425 0.015686275 -1062
37 409.62073 1262.3425 0.015686275 -1070
38 450.5828 1345.2993 0.015686275 -1095
39 464.7322 1465.6995 0.01764706 -1095
40 468.15576 1521.6891 0.01764706 -1165
41 468.56613 1552.1968 0.01764706 -1198
42 468.56613 1564.6122 0.01764706 -1231
43 468.56613 1568.9329 0.01764706 -1264
44 468.56613 1572.6809 0.01764706 -1297
45 468.56613 1574.664 0.01764706 -1328
46 468.56613 1574.18 0.01764706 -1363
47 468.56613 1574.18 0.01764706 -1396
48 468.56613 1574.18 0.015686275 -1425
49 457.57632 1581.1764 0.019607844 -1452
0 889.1767 999.47943 0.015686275 -5
1 889.1767 999.47943 0.01764706 -5
2 889.1767 999.47943 0.015686275 -23
3 887.16284 999.47943 0.015686275 -56
4 880.185 999.47943 0.015686275 -89
5 859.20447 1015.47107 0.021568628 -104
6 815.2451 1027.4648 0.015686275 -162
7 814.2461 1022.46747 0.015686275 -162
8 797.2618 1029.4637 0.021568628 -171
9 747.30804 1019.469 0.015686275 -228
10 732.3219 1024.4664 0.021568628 -228
11 692.35895 1013.4721 0.015686275 -278
12 675.37463 1018.46954 0.021568628 -278
13 660.38855 1021.46796 0.021568628 -286
14 633.4135 1010.4737 0.015686275 -328
15 615.4302 1016.4706 0.021568628 -328
16 565.47644 1008.47473 0.015686275 -386
17 550.4903 1013.4721 0.021568628 -386
18 506.531 1009.4742 0.015686275 -443
19 504.53284 998.4799 0.015686275 -443
20 485.5504 1006.47577 0.021568628 -461
21 443.58926 1010.4737 0.015686275 -527
22 444.58835 996.6811 0.015686275 -527
23 444.58835 988.013 0.015686275 -552
24 444.58835 982.89703 0.015686275 -585
25 444.58835 979.03503 0.015686275 -618
26 444.58835 975.24475 0.015686275 -651
27 444.58835 974.49243 0.015686275 -684
28 444.58835 974.49243 0.015686275 -717
29 304.71786 1161.395 0.01764706 -767
30 319.70398 1145.4034 0.021568628 -767
31 365.66144 1139.4065 0.01764706 -858
32 374.39456 1146.0149 0.01764706 -858
33 382.3164 1173.4226 0.01764706 -882
34 383.01303 1218.9531 0.01764706 -915
35 382.6457 1223.3628 0.01764706 -948
36 357.66882 1272.3373 0.021568628 -951
37 220.79556 1688.1207 0.015686275 -1154
38 220.79556 1688.1207 0.015686275 -1154
39 203.81128 1688.1207 0.015686275 -1170
40 203.81128 1688.1207 0.015686275 -1170
41 193.82054 1688.1207 0.015686275 -1187
42 193.82054 1688.1207 0.015686275 -1187
43 193.82054 1688.1207 0.015686275 -1246
44 193.82054 1688.1207 0.015686275 -1279
45 193.82054 1688.1207 0.015686275 -1312
46 193.82054 1688.1207 0.015686275 -1353
0 797.2618 1025.4658 0.015686275 -183
1 798.26086 1018.46954 0.015686275 -183
2 789.2692 1020.4685 0.019607844 -190
3 748.3071 1009.4742 0.015686275 -257
4 747.30804 1003.47736 0.015686275 -257
5 732.3219 1009.4742 0.021568628 -265
6 691.35986 1008.47473 0.015686275 -314
7 676.3737 1013.4721 0.021568628 -314
8 633.4135 1010.4737 0.015686275 -364
9 616.42926 1015.47107 0.021568628 -364
10 571.4709 1010.4737 0.015686275 -413
11 552.48846 1015.47107 0.021568628 -413
12 510.52728 1011.47314 0.015686275 -463
13 494.54208 1016.4706 0.021568628 -463
14 450.5828 1016.4706 0.015686275 -521
15 449.5837 1011.47314 0.015686275 -521
16 433.5985 1018.46954 0.021568628 -529
17 373.65402 1022.46747 0.01764706 -721
18 371.65588 1023.4669 0.021568628 -721
19 375.65216 1020.4685 0.01764706 -797
20 382.03354 1015.87933 0.01764706 -797
21 387.22308 1015.0529 0.01764706 -811
22 387.64108 1015.47107 0.01764706 -844
23 375.65216 1037.4596 0.021568628 -847
24 374.6531 1051.4524 0.015686275 -880
25 385.86917 1087.2455 0.015686275 -880
26 384.64386 1110.4216 0.01764706 -959
27 362.6642 1151.4003 0.021568628 -981
28 350.6753 1194.3779 0.01764706 -1023
29 341.68362 1219.3649 0.021568628 -1023
30 344.68085 1247.3503 0.01764706 -1056
31 336.68826 1282.332 0.021568628 -1056
32 334.6901 1339.3024 0.019607844 -1089
33 330.69382 1366.2883 0.021568628 -1089
34 347.67807 1376.2832 0.01764706 -1113
35 381.9647 1464.4434 0.015686275 -1113
36 392.17532 1550.8848 0.015686275 -1159
37 391.6374 1578.7059 0.015686275 -1207
38 391.6374 1595.25 0.015686275 -1240
39 391.6374 1603.9895 0.015686275 -1274
40 391.6374 1606.1635 0.015686275 -1307
41 374.6531 1623.1545 0.019607844 -1324
42 376.65125 1623.1545 0.015686275 -1348
43 377.65033 1623.1545 0.015686275 -1348
44 366.6605 1635.1483 0.019607844 -1357
45 366.6605 1638.1467 0.015686275 -1390
46 368.65866 1637.1473 0.015686275 -1390
47 362.6642 1642.1447 0.019607844 -1398
0 811.24884 444.76834 0.01764706 -109
1 805.91296 444.76834 0.019607844 -109
2 802.2572 444.76834 0.019607844 -142
3 800.25903 444.76834 0.019607844 -157
4 768.28864 444.76834 0.019607844 -231
5 758.29785 444.76834 0.019607844 -231
6 752.3034 444.76834 0.019607844 -248
7 709.3432 444.76834 0.019607844 -305
8 702.3497 444.76834 0.019607844 -305
9 651.39685 445.76782 0.019607844 -363
10 641.4061 445.76782 0.019607844 -363
11 594.4496 444.76834 0.019607844 -413
12 585.4579 444.76834 0.019607844 -413
13 576.46625 443.76886 0.019607844 -421
14 540.4995 443.76886 0.019607844 -463
15 524.51434 443.76886 0.019607844 -463
16 516.5217 442.76938 0.019607844 -479
17 472.56244 441.7699 0.019607844 -538
18 454.5791 441.7699 0.019607844 -538
19 449.5837 441.7699 0.019607844 -562
20 412.61795 440.77042 0.019607844 -636
21 405.91986 439.77094 0.019607844 -636
22 397.70227 439.77094 0.019607844 -656
23 393.77795 439.77094 0.019607844 -704
24 389.88742 439.77094 0.019607844 -737
25 387.64108 439.77094 0.019607844 -770
26 387.64108 439.77094 0.019607844 -797
27 385.6429 453.76364 0.019607844 -857
28 385.6429 460.58493 0.019607844 -857
29 382.6457 500.7627 0.019607844 -869
30 379.64847 541.3194 0.019607844 -919
31 379.64847 541.3194 0.019607844 -952
32 378.6494 600.68713 0.019607844 -989
33 378.6494 615.6793 0.019607844 -989
0 799.25995 428.77667 0.01764706 -34
1 799.25995 428.77667 0.019607844 -34
2 799.25995 428.77667 0.01764706 -46
3 796.2627 428.77667 0.019607844 -86
4 794.2646 428.77667 0.019607844 -100
5 775.28217 428.77667 0.019607844 -149
6 761.42694 428.77667 0.019607844 -149
7 761.42694 428.77667 0.01764706 -168
8 712.34045 428.77667 0.019607844 -216
9 701.3506 428.77667 0.019607844 -216
10 659.38947 429.77615 0.019607844 -257
11 644.935 429.77615 0.019607844 -257
12 644.935 429.77615 0.019607844 -267
13 604.4403 431.77512 0.019607844 -298
14 581.4616 432.7746 0.019607844 -298
15 570.4718 432.7746 0.019607844 -315
16 539.5005 434.77356 0.019607844 -348
17 518.06824 434.77356 0.019607844 -348
18 518.06824 434.77356 0.019607844 -367
19 475.55966 436.7725 0.019607844 -407
20 466.01416 436.7725 0.019607844 -407
21 459.57446 436.7725 0.019607844 -416
22 451.58188 436.7725 0.019607844 -423
23 416.61426 435.773 0.019607844 -481
24 408.15463 435.773 0.019607844 -481
25 401.38943 435.773 0.019607844 -499
26 397.55618 435.773 0.019607844 -515
27 391.7622 435.773 0.019607844 -532
28 389.75388 435.773 0.019607844 -565
29 387.82874 435.773 0.019607844 -581
30 385.85168 435.773 0.019607844 -598
31 383.895 435.773 0.019607844 -615
32 381.9499 437.4686 0.019607844 -631
33 379.39978 441.01923 0.019607844 -648
34 375.4269 447.21805 0.019607844 -664
35 372.5463 455.5346 0.019607844 -681
36 370.1681 465.69244 0.019607844 -697
37 367.2419 479.09488 0.019607844 -714
38 362.47055 512.4778 0.019607844 -730
39 361.66513 520.72876 0.019607844 -763
40 360.66605 531.723 0.019607844 -769
41 343.68176 703.6335 0.019607844 -877
42 343.68176 721.62415 0.019607844 -877
43 343.68176 739.61475 0.019607844 -885
44 344.68085 757.6054 0.019607844 -902
45 345.67993 776.5955 0.019607844 -902
46 346.67902 796.5851 0.019607844 -910
47 348.67715 815.5752 0.019607844 -926
48 356.66974 892.5351 0.019607844 -926
49 358.6679 911.5252 0.019607844 -959
50 360.66605 946.507 0.019607844 -984
51 363.66327 1047.4612 0.01764706 -984
52 362.6642 1095.7439 0.019607844 -1046
53 362.6642 1118.8239 0.019607844 -1094
54 362.6642 1132.7417 0.019607844 -1127
55 362.6642 1140.5331 0.01764706 -1160
56 362.6642 1144.5092 0.01764706 -1193
57 361.66513 1146.4028 0.01764706 -1226
58 360.66605 1146.4028 0.01764706 -1249
0 803.2562 420.78082 0.01764706 -74
1 802.726 420.78082 0.019607844 -74
2 792.0714 420.78082 0.01764706 -83
3 792.0714 420.78082 0.019607844 -116
4 763.2933 420.78082 0.019607844 -165
5 747.6274 420.78082 0.019607844 -165
6 747.6274 420.78082 0.019607844 -182
7 701.3506 419.78134 0.019607844 -222
8 691.35986 419.78134 0.019607844 -222
9 680.37006 419.78134 0.019607844 -230
10 636.4107 418.78186 0.019607844 -271
11 624.4218 418.78186 0.019607844 -271
12 613.432 418.78186 0.019607844 -279
13 582.4607 418.78186 0.019607844 -313
14 572.4699 418.78186 0.019607844 -313
15 561.4801 418.78186 0.019607844 -321
16 521.5171 418.78186 0.019607844 -362
17 505.53192 418.78186 0.019607844 -362
18 497.5393 418.78186 0.019607844 -379
19 462.5717 418.78186 0.019607844 -429
20 433.5985 418.78186 0.019607844 -429
21 428.60315 418.78186 0.019607844 -471
0 800.25903 420.78082 0.01764706 -82
1 794.4943 420.78082 0.01764706 -82
2 785.2729 423.77927 0.01764706 -101
3 781.2766 424.77875 0.01764706 -123
4 750.3053 430.77563 0.019607844 -182
5 742.3127 431.77512 0.019607844 -182
6 733.321 432.7746 0.019607844 -189
7 697.3543 433.77408 0.019607844 -231
8 688.3626 433.77408 0.019607844 -231
9 678.3719 433.77408 0.019607844 -239
10 636.4107 433.77408 0.019607844 -280
11 627.41907 433.77408 0.019607844 -280
12 617.4283 433.77408 0.019607844 -289
13 575.46716 431.77512 0.019607844 -330
14 565.47644 430.77563 0.019607844 -330
15 555.48566 429.77615 0.019607844 -338
16 519.519 425.77823 0.019607844 -379
17 511.52637 424.77875 0.019607844 -379
18 503.53375 423.77927 0.019607844 -388
19 448.58466 415.78345 0.019607844 -471
20 434.03033 412.26266 0.019607844 -471
21 425.30936 410.78604 0.019607844 -500
22 419.56516 410.78604 0.019607844 -530
23 415.78525 410.78604 0.019607844 -563
24 411.90677 410.78604 0.019607844 -596
25 409.84903 410.78604 0.019607844 -629
26 407.90878 410.78604 0.019607844 -646
27 406.6235 413.17728 0.019607844 -663
28 405.3675 423.55084 0.019607844 -696
29 404.62534 426.7777 0.019607844 -729
30 403.62628 431.77512 0.019607844 -734
31 399.62997 466.7569 0.019607844 -783
32 398.6309 476.75168 0.019607844 -783
33 430.6013 1067.444 0.019607844 -1082
34 429.37668 1070.8938 0.019607844 -1082
35 427.60406 1078.8774 0.01764706 -1091
36 427.60406 1080.6647 0.019607844 -1124
37 427.60406 1082.6517 0.019607844 -1141
38 427.60406 1083.6256 0.01764706 -1157
39 427.60406 1084.6592 0.01764706 -1174
40 427.60406 1084.4352 0.01764706 -1191
41 427.60406 1084.4352 0.01764706 -1207
42 427.60406 1084.4352 0.01764706 -1230
0 809.2507 981.4888 0.015686275 -113
1 789.49316 983.8361 0.019607844 -113
2 789.49316 983.8361 0.019607844 -131
3 753.3025 979.4898 0.015686275 -171
4 735.31915 984.48724 0.021568628 -171
5 719.334 989.4846 0.021568628 -179
6 698.3534 981.4888 0.015686275 -212
7 678.3719 987.48566 0.021568628 -212
8 662.38666 991.4836 0.021568628 -220
9 644.4033 984.48724 0.015686275 -254
10 640.40704 980.4893 0.01764706 -254
11 618.42737 987.48566 0.021568628 -262
12 576.46625 982.4883 0.01764706 -304
13 555.48566 988.48517 0.021568628 -304
14 539.5005 991.4836 0.021568628 -312
15 521.5171 978.49036 0.015686275 -345
16 503.53375 983.48773 0.021568628 -345
17 452.58093 975.4919 0.01764706 -411
18 451.58188 953.63806 0.015686275 -411
19 451.58188 949.7128 0.015686275 -478
20 451.58188 945.84814 0.015686275 -511
21 448.01096 945.5075 0.01764706 -544
22 444.58835 945.5075 0.01764706 -577
23 427.60406 971.494 0.021568628 -605
24 358.6679 1152.3998 0.021568628 -738
25 361.66513 1154.3987 0.015686275 -738
26 364.66235 1160.3956 0.01764706 -753
27 367.65958 1169.3909 0.01764706 -753
28 353.67252 1217.366 0.021568628 -761
0 798.26086 981.4888 0.015686275 -43
1 797.5696 974.1088 0.015686275 -43
2 795.2637 969.49506 0.01764706 -64
3 786.272 975.4919 0.019607844 -83
4 749.3062 987.48566 0.015686275 -151
5 747.30804 984.48724 0.015686275 -151
6 734.32007 990.4841 0.021568628 -157
7 689.3617 995.4815 0.015686275 -217
8 674.3756 1000.4789 0.021568628 -217
9 621.4246 1009.4742 0.021568628 -267
10 610.4348 1012.47266 0.021568628 -267
11 560.481 1015.47107 0.021568628 -315
12 549.4912 1017.47003 0.021568628 -315
13 500.53653 1018.46954 0.021568628 -364
14 490.5458 1019.469 0.021568628 -364
15 448.58466 1008.47473 0.01764706 -422
16 437.59482 1011.47314 0.021568628 -422
17 356.66974 1069.443 0.015686275 -771
18 351.67438 1091.4315 0.021568628 -771
19 355.6707 1114.4196 0.01764706 -802
20 350.6753 1148.4019 0.019607844 -802
21 357.66882 1182.3842 0.015686275 -835
22 370.6568 1212.3685 0.015686275 -835
23 360.66605 1265.341 0.019607844 -852
24 370.6568 1284.331 0.015686275 -876
25 361.66513 1332.306 0.019607844 -876
26 366.6605 1338.303 0.015686275 -884
27 371.65588 1350.2966 0.015686275 -901
28 361.66513 1393.2743 0.019607844 -901
29 367.65958 1400.2706 0.015686275 -909
30 372.65494 1411.2649 0.015686275 -926
31 361.66513 1452.2435 0.019607844 -926
32 365.66144 1457.241 0.015686275 -934
33 371.65588 1467.2357 0.015686275 -951
34 379.64847 1498.2196 0.015686275 -951
35 363.66327 1540.1978 0.019607844 -975
36 368.65866 1547.1941 0.015686275 -1000
37 372.65494 1555.19 0.015686275 -1000
38 361.66513 1580.177 0.019607844 -1017
0 745.3099 411.78552 0.01764706 -167
1 738.3164 412.785 0.01764706 -167
2 730.3238 413.7845 0.01764706 -174
3 682.36816 416.78293 0.019607844 -223
4 672.37744 417.7824 0.019607844 -223
5 631.41534 417.7824 0.019607844 -265
6 620.42554 418.78186 0.019607844 -265
7 609.4357 418.78186 0.019607844 -274
8 566.47546 419.78134 0.019607844 -316
9 555.48566 420.78082 0.019607844 -316
10 506.531 421.7803 0.019607844 -365
11 496.54025 421.7803 0.019607844 -365
12 451.58188 421.7803 0.019607844 -423
13 429.73413 421.7803 0.019607844 -423
14 422.6087 421.7803 0.019607844 -468
15 420.61053 421.7803 0.019607844 -491
16 400.62906 817.57416 0.01764706 -869
17 401.6281 951.2931 0.01764706 -869
18 401.6281 962.49866 0.01764706 -928
19 401.6281 977.49084 0.01764706 -935
20 401.6281 1027.4648 0.01764706 -975
21 401.6281 1037.4596 0.01764706 -975
0 772.2849 411.78552 0.01764706 -59
1 770.2868 411.78552 0.01764706 -59
2 768.28864 412.785 0.01764706 -65
3 440.59204 440.77042 0.019607844 -397
4 433.5985 439.77094 0.019607844 -397
5 399.62997 883.5398 0.01764706 -951
6 399.62997 901.53046 0.01764706 -951
7 399.62997 948.506 0.01764706 -982
8 399.62997 962.49866 0.01764706 -982
9 396.63275 1018.46954 0.01764706 -1032
10 396.63275 1026.4653 0.01764706 -1032
11 396.63275 1033.4617 0.01764706 -1041
0 774.2831 423.77927 0.01764706 -33
1 774.2831 423.77927 0.01764706 -33
2 774.2831 423.77927 0.01764706 -50
3 772.2849 423.77927 0.01764706 -73
4 741.3136 425.77823 0.019607844 -157
5 734.32007 426.7777 0.01764706 -157
6 626.42 431.77512 0.019607844 -255
7 614.4311 431.77512 0.019607844 -255
8 570.4718 431.77512 0.019607844 -296
9 559.48193 431.77512 0.019607844 -296
10 518.5199 431.77512 0.019607844 -339
11 507.53006 431.77512 0.019607844 -339
12 459.57446 431.77512 0.019607844 -388
13 451.58188 430.77563 0.019607844 -388
14 443.58926 429.77615 0.019607844 -396
15 398.6309 427.7772 0.019607844 -471
16 390.0501 427.48297 0.019607844 -471
17 384.71014 426.7777 0.019607844 -498
18 380.78516 426.7777 0.019607844 -530
19 378.6494 426.7777 0.019607844 -563
20 377.65033 426.7777 0.019607844 -581
21 374.6531 514.7319 0.01764706 -711
22 375.65216 530.7236 0.01764706 -711
23 378.6494 569.70325 0.01764706 -735
24 379.64847 589.6929 0.01764706 -735
25 382.6457 629.67206 0.01764706 -759
26 383.64478 649.6616 0.01764706 -759
27 379.64847 1076.4393 0.01764706 -974
28 379.64847 1094.752 0.01764706 -974
29 379.64847 1094.752 0.01764706 -992
0 690.3608 981.4888 0.01764706 -157
1 674.3756 987.48566 0.021568628 -157
2 628.41815 987.48566 0.01764706 -205
3 611.43384 994.482 0.021568628 -205
4 553.4875 1002.47784 0.021568628 -256
5 541.4986 1004.4768 0.021568628 -256
6 512.52545 992.48303 0.01764706 -297
7 496.54025 996.48096 0.021568628 -297
8 458.5754 986.4862 0.01764706 -346
9 455.5782 980.4893 0.01764706 -346
10 439.59296 985.4867 0.021568628 -354
11 391.6374 986.4862 0.021568628 -447
12 388.64014 987.48566 0.021568628 -447
13 357.66882 1451.2441 0.019607844 -792
14 353.67252 1476.2311 0.019607844 -792
15 354.6716 1512.2124 0.019607844 -816
16 359.667 1516.2103 0.015686275 -816
17 366.6605 1526.2051 0.015686275 -832
18 380.64755 1596.1686 0.015686275 -832
19 364.66235 1636.1478 0.019607844 -874
20 357.66882 1663.1338 0.019607844 -899
21 352.67346 1680.1249 0.019607844 -899
22 350.6753 1706.1113 0.015686275 -948
23 356.69272 1703.6012 0.015686275 -948
24 361.0093 1699.7711 0.01764706 -969
25 362.6642 1698.1155 0.015686275 -1001
26 357.66882 1706.1113 0.019607844 -1015
27 359.667 1704.1124 0.01764706 -1039
28 362.6642 1701.114 0.015686275 -1039
29 361.66513 1704.1124 0.019607844 -1064
0 410.6198 943.50854 0.01764706 -918
1 411.61887 963.49817 0.01764706 -918
2 414.6161 1019.469 0.01764706 -950
3 415.61517 1036.4602 0.01764706 -950
4 416.61426 1065.4451 0.01764706 -975
5 416.61426 1128.6625 0.01764706 -975
6 416.61426 1139.742 0.01764706 -1036
7 416.61426 1144.4305 0.01764706 -1068
8 416.61426 1147.4023 0.01764706 -1101
9 416.61426 1148.4019 0.01764706 -1134
10 416.61426 1148.4019 0.01764706 -1149
0 561.4801 953.50336 0.021568628 -321
1 550.4903 954.50287 0.021568628 -321
2 512.52545 937.5117 0.01764706 -370
3 510.52728 931.51483 0.01764706 -370
4 496.54025 936.5122 0.021568628 -379
5 435.59668 937.5117 0.01764706 -486
6 436.70752 932.06696 0.01764706 -486
7 437.59482 917.7128 0.01764706 -495
8 437.59482 911.8638 0.015686275 -545
9 437.59482 908.5268 0.015686275 -594
10 428.60315 918.5216 0.021568628 -622
11 397.63184 977.49084 0.021568628 -739
12 394.6346 988.48517 0.021568628 -739
13 365.66144 1677.1265 0.015686275 -1048
14 380.05612 1682.3278 0.015686275 -1048
15 383.7208 1682.1239 0.015686275 -1090
16 386.642 1682.1239 0.015686275 -1123
17 385.6429 1687.1212 0.019607844 -1146
0 623.4227 426.7777 0.019607844 -239
1 610.4348 427.7772 0.019607844 -239
2 564.47736 431.77512 0.019607844 -279
3 552.48846 432.7746 0.019607844 -279
4 506.531 432.7746 0.019607844 -320
5 494.54208 432.7746 0.019607844 -320
6 445.58743 430.77563 0.019607844 -370
7 432.59946 429.77615 0.019607844 -370
8 427.60406 429.77615 0.019607844 -387
9 395.63367 428.77667 0.019607844 -546
10 394.6346 429.77615 0.019607844 -546
11 402.6272 1025.4658 0.01764706 -899
12 401.3702 1037.7502 0.01764706 -899
13 399.62997 1052.2998 0.01764706 -916
14 398.34302 1056.0262 0.01764706 -949
15 398.6309 1059.5325 0.01764706 -966
16 398.6309 1063.5725 0.01764706 -999
17 398.6309 1063.5725 0.01764706 -1032
0 803.2562 975.4919 0.015686275 -48
1 804.2553 970.9979 0.01764706 -48
2 802.2572 965.49713 0.01764706 -66
3 792.2664 971.494 0.021568628 -89
4 750.3053 976.4914 0.015686275 -163
5 737.3173 981.4888 0.021568628 -163
6 701.3506 981.4888 0.01764706 -214
7 698.3534 977.49084 0.01764706 -214
8 678.3719 985.4867 0.021568628 -221
9 637.4098 984.48724 0.01764706 -262
10 616.42926 991.4836 0.021568628 -262
11 589.4542 986.4862 0.01764706 -296
12 564.47736 993.48254 0.021568628 -296
13 548.4921 997.48047 0.021568628 -305
14 525.5134 989.4846 0.01764706 -338
15 521.5171 985.4867 0.01764706 -338
16 501.5356 992.48303 0.021568628 -346
17 453.58002 991.4836 0.01764706 -404
18 447.58557 980.4893 0.01764706 -404
19 435.59668 985.4867 0.021568628 -429
20 391.6374 1094.4299 0.021568628 -693
21 390.6383 1115.4191 0.021568628 -693
22 395.63367 1148.4019 0.021568628 -717
23 394.6346 1172.3894 0.021568628 -717
24 397.63184 1210.3696 0.021568628 -741
25 394.6346 1238.355 0.021568628 -741
26 396.63275 1276.3352 0.021568628 -766
27 392.63644 1304.3207 0.019607844 -766
28 366.6605 1635.1483 0.01764706 -974
29 370.6568 1634.1488 0.01764706 -974
30 366.6605 1640.1458 0.019607844 -981
31 366.6605 1644.1437 0.019607844 -1014
32 370.6568 1642.1447 0.01764706 -1014
33 370.6568 1642.1447 0.019607844 -1030
34 371.65588 1642.1447 0.019607844 -1030
0 732.3219 419.78134 0.019607844 -152
1 728.3256 419.78134 0.019607844 -152
2 723.33026 419.78134 0.019607844 -159
3 684.36633 421.7803 0.019607844 -218
4 675.37463 422.7798 0.019607844 -218
5 667.3821 423.77927 0.019607844 -226
6 621.4246 429.77615 0.019607844 -276
7 612.4329 431.77512 0.019607844 -276
8 602.4422 432.7746 0.019607844 -284
9 563.4783 436.7725 0.019607844 -325
10 554.4866 437.77197 0.019607844 -325
11 501.5356 440.77042 0.019607844 -383
12 493.54303 440.77042 0.019607844 -383
13 485.5504 441.7699 0.019607844 -392
14 435.59668 442.76938 0.019607844 -474
15 427.56512 442.76938 0.019607844 -474
16 417.13885 442.76938 0.019607844 -491
17 414.6161 442.76938 0.019607844 -524
18 412.61795 442.76938 0.019607844 -534
19 409.62073 442.76938 0.019607844 -559
20 408.62164 442.76938 0.019607844 -559
21 406.6235 442.76938 0.019607844 -584
22 405.62442 442.76938 0.019607844 -584
23 403.62628 442.76938 0.019607844 -610
24 402.6272 442.76938 0.019607844 -610
25 400.62906 442.76938 0.019607844 -634
26 399.62997 442.76938 0.019607844 -634
27 389.63922 470.7548 0.019607844 -733
28 389.63922 479.75012 0.019607844 -733
29 390.6383 517.73035 0.019607844 -765
30 391.6374 533.722 0.01764706 -765
31 401.6281 634.66943 0.019607844 -814
32 404.62534 659.65643 0.019607844 -814
33 409.62073 705.63245 0.019607844 -838
34 411.61887 730.61945 0.019607844 -838
0 806.2535 982.4883 0.015686275 -93
1 804.2553 977.49084 0.01764706 -93
2 793.2655 983.48773 0.019607844 -108
3 757.2988 989.4846 0.01764706 -166
4 742.3127 995.4815 0.019607844 -166
5 686.3645 1001.4784 0.019607844 -215
6 673.3765 1003.47736 0.019607844 -215
7 624.4218 1002.47784 0.019607844 -257
8 610.4348 1004.4768 0.019607844 -257
9 576.46625 992.48303 0.01764706 -299
10 557.4838 996.48096 0.019607844 -299
11 521.5171 987.48566 0.01764706 -340
12 503.53375 991.4836 0.021568628 -340
13 490.5458 993.48254 0.021568628 -348
14 449.5837 984.48724 0.015686275 -414
15 448.58466 975.4919 0.01764706 -414
16 438.5939 979.4898 0.021568628 -431
17 360.66605 1242.3529 0.01764706 -844
18 353.67252 1279.3336 0.019607844 -844
19 359.667 1285.3306 0.015686275 -851
20 364.66235 1294.3258 0.01764706 -869
21 386.8746 1403.2268 0.01764706 -869
22 388.41852 1469.7838 0.015686275 -920
23 388.64014 1502.2175 0.015686275 -952
24 369.6577 1541.1973 0.019607844 -976
25 358.6679 1574.18 0.015686275 -1016
26 360.91855 1574.18 0.015686275 -1016
27 366.6605 1574.18 0.015686275 -1035
28 367.8519 1574.18 0.015686275 -1085
29 367.8519 1574.18 0.019607844 -1118
0 798.26086 424.77875 0.019607844 -49
1 793.90375 424.77875 0.019607844 -49
2 793.90375 424.77875 0.019607844 -65
3 761.2951 430.77563 0.019607844 -123
4 754.3016 430.77563 0.019607844 -123
5 708.3441 431.77512 0.019607844 -173
6 698.3534 432.7746 0.019607844 -173
7 639.40796 439.77094 0.019607844 -229
8 630.41626 441.7699 0.019607844 -229
9 530.5088 448.76627 0.019607844 -329
10 521.5171 447.76678 0.019607844 -329
11 466.568 443.76886 0.019607844 -396
12 454.3494 443.76886 0.019607844 -396
13 450.5828 443.76886 0.019607844 -412
14 445.58743 443.76886 0.019607844 -420
0 763.2933 412.785 0.01764706 -26
1 763.2933 412.785 0.019607844 -26
2 763.2933 412.785 0.019607844 -42
3 733.321 416.78293 0.019607844 -118
4 725.3284 417.7824 0.019607844 -118
5 683.36725 422.7798 0.019607844 -168
6 673.3765 423.77927 0.019607844 -168
7 625.4209 426.7777 0.019607844 -209
8 612.4329 427.7772 0.019607844 -209
9 562.4792 427.7772 0.019607844 -248
10 549.4912 427.7772 0.019607844 -248
11 504.53284 427.7772 0.019607844 -291
12 494.54208 427.7772 0.019607844 -291
13 437.59482 426.7777 0.019607844 -358
14 429.41068 425.77823 0.019607844 -358
15 426.605 425.77823 0.019607844 -369
16 422.6087 425.77823 0.019607844 -374
17 387.64108 424.77875 0.019607844 -589
18 387.64108 424.77875 0.019607844 -589
19 399.62997 1062.4467 0.019607844 -993
20 399.62997 1074.6561 0.019607844 -993
21 399.62997 1085.7273 0.019607844 -1011
22 399.62997 1091.6392 0.019607844 -1044
23 399.62997 1095.524 0.019607844 -1077
24 399.62997 1096.9287 0.019607844 -1110
25 399.62997 1097.4283 0.019607844 -1120
26 399.62997 1097.4283 0.019607844 -1143
27 399.62997 1097.4283 0.019607844 -1159
28 399.62997 1097.4283 0.01764706 -1170
0 776.28125 405.78864 0.019607844 -107
1 772.2849 406.78812 0.019607844 -107
2 680.37006 415.78345 0.019607844 -216
3 669.3802 415.78345 0.019607844 -216
4 627.41907 415.78345 0.019607844 -256
5 616.42926 415.78345 0.019607844 -256
6 564.47736 416.78293 0.019607844 -306
7 555.48566 416.78293 0.019607844 -306
8 503.53375 416.78293 0.019607844 -363
9 496.54025 416.78293 0.019607844 -363
10 433.5985 416.78293 0.019607844 -473
11 430.43 416.78293 0.019607844 -473
12 427.60406 416.78293 0.019607844 -480
13 423.6078 416.78293 0.019607844 -489
14 364.66235 644.66425 0.019607844 -887
15 366.6605 666.6528 0.019607844 -887
16 368.65866 690.64026 0.019607844 -894
17 373.65402 740.61426 0.019607844 -919
18 376.65125 764.60175 0.019607844 -919
19 379.64847 791.5877 0.019607844 -927
20 382.6457 816.5747 0.019607844 -943
21 385.6429 841.56165 0.019607844 -943
22 388.64014 863.55023 0.019607844 -960
23 391.6374 888.5372 0.019607844 -960
24 393.63553 912.5247 0.019607844 -968
25 395.63367 933.5138 0.019607844 -984
26 402.6272 1090.432 0.019607844 -984
27 401.6281 1096.429 0.019607844 -1074
0 790.26825 422.7798 0.019607844 -118
1 786.272 422.7798 0.019607844 -118
2 744.31085 426.7777 0.019607844 -184
3 735.31915 427.7772 0.019607844 -184
4 682.36816 427.7772 0.019607844 -233
5 670.3793 427.7772 0.019607844 -233
6 626.42 427.7772 0.019607844 -275
7 615.4302 427.7772 0.019607844 -275
8 570.4718 423.77927 0.019607844 -317
9 558.4829 422.7798 0.019607844 -317
10 508.52914 417.7824 0.019607844 -366
11 500.53653 417.7824 0.019607844 -366
12 443.58926 414.78397 0.019607844 -449
13 439.28897 414.78397 0.019607844 -449
14 431.60037 414.78397 0.019607844 -458
15 428.60315 414.78397 0.019607844 -474
0 747.30804 429.77615 0.019607844 -175
1 738.3164 429.77615 0.019607844 -175
2 688.3626 430.77563 0.019607844 -223
3 677.3728 430.77563 0.019607844 -223
4 632.4144 430.77563 0.019607844 -265
5 622.4237 430.77563 0.019607844 -265
6 610.4348 430.77563 0.019607844 -273
7 578.4644 430.77563 0.019607844 -306
8 567.47455 430.77563 0.019607844 -306
9 516.5217 427.7772 0.019607844 -356
10 507.53006 426.7777 0.019607844 -356
11 447.58557 417.7824 0.019607844 -439
12 439.59296 416.78293 0.019607844 -439
13 436.59573 415.78345 0.019607844 -455
14 431.60037 415.78345 0.019607844 -480
15 429.60223 415.78345 0.019607844 -480
16 408.62164 414.78397 0.019607844 -646
17 406.59525 417.839 0.019607844 -646
18 406.59525 417.839 0.019607844 -662
19 400.62906 448.76627 0.019607844 -712
20 399.62997 457.76157 0.019607844 -712
21 388.64014 815.5752 0.019607844 -917
22 388.64014 833.56586 0.019607844 -917
23 388.64014 851.55646 0.019607844 -934
24 389.87314 942.2555 0.019607844 -934
25 391.6374 1000.2834 0.019607844 -977
26 394.69672 1041.0173 0.019607844 -1009
27 394.6346 1062.4215 0.019607844 -1042
28 394.6346 1073.6548 0.019607844 -1075
29 394.6346 1078.5858 0.019607844 -1108
30 394.6346 1080.6156 0.019607844 -1141
31 394.6346 1081.641 0.019607844 -1158
32 394.6346 1082.9358 0.019607844 -1174
33 394.6346 1082.4362 0.019607844 -1220
34 394.6346 1083.4357 0.01764706 -1239
0 747.30804 391.79593 0.019607844 -118
1 743.31177 391.79593 0.019607844 -118
2 701.3506 394.79437 0.019607844 -175
3 692.35895 395.79385 0.019607844 -175
4 640.40704 397.79282 0.019607844 -225
5 629.41724 398.7923 0.019607844 -225
6 585.4579 400.79126 0.019607844 -266
7 575.46716 400.79126 0.019607844 -266
8 524.51434 401.7907 0.019607844 -316
9 515.52264 401.7907 0.019607844 -316
10 458.5754 400.79126 0.019607844 -382
11 452.58093 400.79126 0.019607844 -382
12 447.58557 400.79126 0.019607844 -390
0 706.346 962.49866 0.01764706 -158
1 686.3645 965.49713 0.019607844 -158
2 648.39966 959.50024 0.015686275 -201
3 624.4218 966.4966 0.019607844 -201
4 569.4727 973.4929 0.019607844 -241
5 553.4875 977.49084 0.019607844 -241
6 505.53192 976.4914 0.021568628 -282
7 492.54395 977.49084 0.021568628 -282
8 461.57263 963.49817 0.01764706 -324
9 459.57446 957.5013 0.01764706 -324
10 443.58926 961.4992 0.019607844 -332
11 366.6605 964.4976 0.015686275 -556
12 370.6568 962.49866 0.015686275 -556
13 366.6605 970.4945 0.019607844 -564
14 361.66513 1063.446 0.015686275 -680
15 363.92508 1065.707 0.015686275 -680
16 355.6707 1092.431 0.019607844 -689
17 349.67624 1115.4191 0.019607844 -696
18 356.66974 1121.4159 0.015686275 -722
19 349.67624 1152.3998 0.019607844 -722
20 341.68362 1208.3706 0.019607844 -755
21 338.6864 1230.3591 0.019607844 -755
0 795.2637 973.4929 0.015686275 -116
1 789.2692 976.4914 0.019607844 -116
2 754.3016 975.4919 0.015686275 -181
3 738.3164 980.4893 0.019607844 -181
4 679.371 987.48566 0.019607844 -232
5 664.3848 990.4841 0.019607844 -232
6 616.42926 990.4841 0.019607844 -272
7 601.4431 993.48254 0.019607844 -272
8 565.47644 989.4846 0.019607844 -305
9 550.4903 991.4836 0.019607844 -305
10 503.53375 984.48724 0.019607844 -346
11 490.5458 984.48724 0.019607844 -346
12 451.58188 964.4976 0.015686275 -396
13 438.5939 967.4961 0.019607844 -396
14 357.66882 1074.4404 0.015686275 -752
15 350.4627 1112.7327 0.019607844 -752
16 350.4627 1112.7327 0.019607844 -769
