0 915.15265 621.6762 0.019607844 0
1 905.9414 621.6762 0.021568628 -40
2 895.3301 621.6762 0.021568628 -81
3 883.9194 621.6762 0.021568628 -115
4 868.0196 621.6762 0.021568628 -148
5 843.4036 620.6951 0.019607844 -181
6 828.2413 618.8784 0.019607844 -214
7 807.88293 617.1117 0.019607844 -230
8 761.8049 613.574 0.019607844 -247
9 701.6119 611.6814 0.019607844 -280
10 658.76636 610.68195 0.019607844 -313
11 642.43634 610.68195 0.019607844 -346
12 631.0414 610.68195 0.019607844 -363
13 622.1598 610.68195 0.019607844 -379
14 616.7652 610.68195 0.019607844 -396
15 609.7911 610.68195 0.019607844 -413
16 606.29694 610.68195 0.019607844 -446
17 604.5226 610.68195 0.019607844 -479
18 602.81384 610.68195 0.019607844 -495
19 602.4422 610.68195 0.019607844 -512
20 602.4422 610.68195 0.019607844 -529
21 600.5662 612.5587 0.019607844 -545
22 600.44403 618.66187 0.019607844 -562
23 600.44403 631.7833 0.019607844 -578
24 597.25 663.0186 0.019607844 -595
25 593.616 705.9935 0.019607844 -611
26 587.828 749.174 0.019607844 -628
27 583.52875 801.27185 0.019607844 -644
28 577.60583 933.29474 0.019607844 -661
29 578.60065 1043.3647 0.019607844 -694
30 577.6776 1168.2919 0.019607844 -724
31 576.46625 1238.6367 0.019607844 -758
32 572.8608 1260.6915 0.019607844 -790
33 571.3145 1278.7427 0.019607844 -807
34 569.4839 1291.2603 0.021568628 -823
35 568.47363 1305.4972 0.021568628 -840
36 568.47363 1309.8079 0.019607844 -873
37 568.47363 1312.9425 0.019607844 -889
38 568.47363 1312.3165 0.021568628 -906
39 568.47363 1313.3333 0.021568628 -922
40 568.47363 1313.3159 0.021568628 -939
41 568.47363 1313.3159 0.021568628 -953
42 568.47363 1313.3159 0.021568628 -972
43 568.47363 1313.3159 0.021568628 -989
44 568.47363 1313.3159 0.021568628 -1005
45 568.47363 1313.3159 0.021568628 -1022
46 567.68256 1313.3159 0.021568628 -1038
47 567.47455 1313.3159 0.021568628 -1055
48 567.47455 1313.3159 0.021568628 -1088
49 567.47455 1313.3159 0.021568628 -1098
50 567.47455 1313.3159 0.019607844 -1119
51 568.47363 1315.315 0.01764706 -1169
52 556.48474 1299.3232 0.021568628 -1182
0 437.59482 1262.3425 0.025490198 -989
1 437.59482 1269.9045 0.025490198 -989
2 436.45612 1283.8903 0.025490198 -1008
3 435.76297 1288.8293 0.025490198 -1041
4 435.59668 1293.6072 0.025490198 -1058
5 435.59668 1300.621 0.025490198 -1074
6 435.59668 1303.3212 0.025490198 -1091
7 435.59668 1307.3191 0.025490198 -1100
0 854.20905 435.773 0.019607844 -6
1 854.20905 435.773 0.019607844 -6
2 851.04913 435.773 0.019607844 -32
3 847.671 435.773 0.019607844 -49
4 839.0903 435.773 0.023529414 -65
5 831.8979 435.773 0.023529414 -99
6 819.8448 433.30896 0.023529414 -132
7 814.69 431.59 0.023529414 -165
8 809.3841 430.77563 0.023529414 -181
9 802.72534 430.77563 0.023529414 -196
10 767.19714 427.7772 0.023529414 -213
11 711.83014 424.74472 0.023529414 -246
12 678.9626 424.77875 0.023529414 -279
13 597.9569 425.804 0.023529414 -295
14 566.1667 428.28314 0.023529414 -328
15 523.99396 431.55457 0.023529414 -345
16 495.42743 432.83646 0.023529414 -361
17 467.4949 436.19305 0.023529414 -378
18 445.19815 439.44644 0.023529414 -394
19 428.8199 438.77145 0.023529414 -411
20 416.48703 438.77145 0.023529414 -427
21 399.24237 438.77145 0.023529414 -444
22 392.74655 438.77145 0.023529414 -477
23 387.37906 438.77145 0.023529414 -494
24 383.14563 438.77145 0.023529414 -510
25 379.93015 438.77145 0.023529414 -527
26 376.6353 437.77197 0.023529414 -543
27 370.17706 437.77197 0.023529414 -560
28 367.78763 437.77197 0.023529414 -593
29 364.61685 437.77197 0.023529414 -609
30 364.66235 438.5185 0.023529414 -642
31 366.0083 445.5038 0.023529414 -659
32 367.669 456.82822 0.021568628 -675
33 371.53146 484.62695 0.021568628 -692
34 375.34097 524.3004 0.019607844 -708
35 379.74683 566.73834 0.019607844 -725
36 383.88373 623.7553 0.019607844 -741
37 387.58185 688.57446 0.019607844 -758
38 390.14124 737.64545 0.019607844 -774
39 392.387 786.46796 0.019607844 -791
40 388.34094 852.3733 0.019607844 -807
41 383.49716 943.98596 0.019607844 -824
42 378.6494 1043.1066 0.019607844 -857
43 371.65585 1087.9333 0.019607844 -890
44 363.4926 1113.8468 0.019607844 -923
45 359.81046 1122.1283 0.019607844 -956
46 356.22464 1126.8585 0.021568628 -973
47 352.40915 1132.6746 0.021568628 -989
48 348.81558 1136.2695 0.021568628 -1022
49 345.2423 1137.8453 0.021568628 -1055
50 341.62814 1138.4071 0.021568628 -1088
51 339.80737 1138.4071 0.021568628 -1121
52 339.6855 1138.4071 0.021568628 -1138
53 339.6855 1138.4071 0.021568628 -1153
54 353.67252 1141.4055 0.01764706 -1187
55 353.67252 1141.4055 0.01764706 -1230
0 924.1443 850.557 0.019607844 -61
1 920.34906 849.10803 0.019607844 -61
2 882.0601 845.5596 0.019607844 -74
3 853.68555 844.5274 0.019607844 -119
4 807.69324 846.27704 0.019607844 -136
5 750.2806 847.9833 0.019607844 -152
6 711.91925 849.67114 0.019607844 -169
7 668.48224 853.8231 0.021568628 -185
8 609.12573 860.1636 0.019607844 -202
9 570.06714 863.6779 0.019607844 -218
10 534.78864 865.88586 0.019607844 -235
11 502.17618 867.8457 0.019607844 -251
12 485.31808 869.4704 0.019607844 -268
13 474.2243 869.5471 0.019607844 -284
14 467.13205 869.5471 0.019607844 -301
15 461.335 869.5471 0.021568628 -317
16 457.89005 869.5471 0.019607844 -334
17 455.57895 869.5471 0.019607844 -350
18 453.94882 869.5471 0.019607844 -367
19 452.32764 869.5471 0.019607844 -383
20 450.69324 869.5471 0.019607844 -400
21 449.06168 869.5471 0.019607844 -416
22 447.4456 869.5471 0.021568628 -433
23 445.7433 872.2337 0.021568628 -449
24 444.06873 888.7784 0.019607844 -466
25 442.3987 913.5912 0.019607844 -482
26 440.68512 955.1736 0.019607844 -499
27 438.5939 1028.1523 0.019607844 -515
28 436.66455 1137.3412 0.019607844 -532
29 434.1737 1209.1135 0.019607844 -565
30 430.21414 1269.7513 0.019607844 -581
31 427.38464 1317.0245 0.019607844 -598
32 421.71494 1397.953 0.019607844 -614
33 419.61148 1427.612 0.019607844 -647
34 418.04636 1447.3452 0.019607844 -664
35 416.23663 1460.885 0.019607844 -680
36 414.4351 1469.1406 0.019607844 -696
37 412.5791 1475.3481 0.019607844 -713
38 410.7604 1479.9476 0.019607844 -729
39 409.62073 1483.5494 0.019607844 -746
40 409.62073 1485.7262 0.019607844 -762
41 409.62073 1487.549 0.019607844 -779
42 409.62073 1489.3689 0.019607844 -795
43 408.68744 1490.2238 0.019607844 -812
44 408.62164 1490.2238 0.019607844 -828
45 408.62164 1490.2238 0.019607844 -845
46 407.12302 1490.2238 0.019607844 -878
47 406.12396 1490.2238 0.019607844 -898
48 406.6235 1490.2238 0.019607844 -934
49 406.6235 1490.2238 0.019607844 -960
50 406.6235 1490.2238 0.019607844 -977
51 405.62442 1490.2238 0.019607844 -993
52 405.62442 1490.2238 0.019607844 -1010
53 405.62442 1490.2238 0.019607844 -1026
54 404.62534 1490.2238 0.019607844 -1043
55 404.62534 1490.2238 0.019607844 -1076
56 404.62534 1490.2238 0.019607844 -1092
57 404.62534 1490.2238 0.019607844 -1108
58 404.62534 1490.2238 0.019607844 -1142
59 404.62534 1490.2238 0.019607844 -1149
0 902.1647 789.58875 0.019607844 -67
1 900.63135 788.0548 0.019607844 -67
2 892.32874 784.38025 0.019607844 -80
3 863.364 776.1857 0.019607844 -113
4 835.52905 770.4592 0.019607844 -146
5 790.7461 764.0992 0.019607844 -163
6 752.9074 758.834 0.019607844 -179
7 715.6122 754.6331 0.019607844 -196
8 680.01263 752.88995 0.019607844 -212
9 645.2781 752.608 0.019607844 -229
10 601.52026 753.7345 0.019607844 -246
11 575.2206 754.42346 0.019607844 -262
12 527.5275 759.7569 0.019607844 -279
13 512.9145 760.6038 0.019607844 -312
14 498.30728 762.0494 0.019607844 -329
15 493.08902 761.60333 0.019607844 -356
16 488.89383 761.60333 0.019607844 -372
17 485.56653 761.60333 0.019607844 -389
18 482.74048 761.60333 0.019607844 -405
19 479.4597 761.60333 0.019607844 -438
20 477.06216 770.0795 0.019607844 -471
21 476.55875 780.8378 0.019607844 -504
22 476.97372 851.5108 0.019607844 -521
23 476.55875 896.63477 0.019607844 -554
24 477.332 1016.81165 0.019607844 -570
25 477.55783 1136.8083 0.019607844 -603
26 475.63947 1248.792 0.019607844 -636
27 474.5606 1300.3228 0.019607844 -669
28 472.56244 1319.3129 0.019607844 -688
29 471.56335 1350.2966 0.019607844 -715
30 469.3071 1382.1221 0.019607844 -715
31 467.46048 1400.231 0.019607844 -736
32 467.56708 1416.6686 0.019607844 -752
33 466.82462 1429.7141 0.019607844 -768
34 466.568 1438.4845 0.019607844 -785
35 465.17444 1447.2202 0.019607844 -801
36 465.5689 1451.6821 0.019607844 -818
37 465.5689 1456.2717 0.019607844 -834
38 465.5689 1459.8822 0.019607844 -851
39 465.5689 1463.6852 0.019607844 -867
40 465.5689 1465.5468 0.019607844 -900
41 465.5689 1466.2363 0.019607844 -917
42 465.5689 1466.2363 0.019607844 -933
43 465.5689 1466.9601 0.019607844 -950
44 465.5689 1467.2357 0.019607844 -966
45 465.5689 1467.2357 0.019607844 -982
46 465.5689 1467.2357 0.019607844 -999
47 465.5689 1467.2357 0.019607844 -1016
48 465.5689 1467.2357 0.019607844 -1032
49 465.5689 1467.2357 0.01764706 -1058
50 465.5689 1467.2357 0.01764706 -1131
0 905.16187 784.5914 0.019607844 -150
1 888.8589 779.0148 0.019607844 -150
2 871.95276 774.4621 0.019607844 -174
3 848.8268 770.9717 0.019607844 -191
4 821.1516 769.5266 0.019607844 -207
5 780.1874 766.7976 0.019607844 -224
6 737.3444 767.6002 0.019607844 -240
7 702.284 767.6002 0.019607844 -257
8 634.0503 768.5997 0.019607844 -273
9 590.2662 771.71674 0.019607844 -306
10 577.73846 772.4158 0.019607844 -339
11 568.9732 772.5976 0.019607844 -356
12 558.7105 776.4437 0.019607844 -372
13 555.1495 776.5955 0.019607844 -405
14 553.1085 776.5955 0.019607844 -422
15 551.35675 776.5955 0.019607844 -439
16 549.6416 776.5955 0.019607844 -455
17 547.9377 776.5955 0.019607844 -472
18 546.2403 776.5955 0.019607844 -488
19 544.5327 776.5955 0.019607844 -505
20 542.8532 778.23883 0.019607844 -521
21 541.1703 779.92236 0.019607844 -538
22 536.18024 793.5265 0.019607844 -554
23 528.30176 850.54333 0.019607844 -587
24 526.5125 869.5471 0.019607844 -620
25 524.51434 907.5273 0.019607844 -629
26 521.5171 967.4961 0.019607844 -658
27 518.5633 1052.1927 0.019607844 -658
28 514.7455 1125.7517 0.019607844 -686
29 511.97125 1171.7023 0.019607844 -703
30 506.39297 1247.1134 0.019607844 -719
31 504.53284 1262.3425 0.019607844 -752
32 500.53653 1290.3279 0.019607844 -760
33 498.5384 1327.3087 0.019607844 -787
34 495.15027 1375.761 0.019607844 -787
35 491.51862 1410.5281 0.019607844 -818
36 488.54764 1432.0233 0.019607844 -851
37 487.25415 1441.8384 0.019607844 -884
38 487.54858 1446.2552 0.019607844 -917
39 486.68668 1448.9707 0.019607844 -950
40 486.5495 1450.9249 0.019607844 -967
41 486.5495 1452.2435 0.019607844 -983
42 486.5495 1452.2435 0.019607844 -1000
43 486.5495 1452.2435 0.019607844 -1009
44 485.66562 1453.1278 0.019607844 -1031
45 484.7369 1454.0569 0.019607844 -1066
46 483.1194 1455.6752 0.019607844 -1082
47 483.55228 1455.2421 0.019607844 -1099
48 483.55228 1455.2421 0.019607844 -1148
49 483.55228 1455.2421 0.01764706 -1157
0 903.16376 778.5945 0.019607844 -82
1 895.7453 776.48926 0.019607844 -82
2 861.10626 768.39166 0.019607844 -92
3 810.5857 762.1145 0.019607844 -125
4 737.7887 758.60486 0.019607844 -157
5 702.1406 758.60486 0.019607844 -190
6 675.5185 756.4899 0.019607844 -207
7 649.57587 754.752 0.019607844 -223
8 622.10834 753.0852 0.019607844 -240
9 585.04034 749.6742 0.019607844 -256
10 558.8309 746.3753 0.019607844 -289
11 549.6411 745.61163 0.019607844 -322
12 541.9296 743.97034 0.019607844 -339
13 535.1862 742.2838 0.019607844 -355
14 529.42065 740.58453 0.019607844 -372
15 524.40533 740.61426 0.019607844 -388
16 520.68164 740.61426 0.019607844 -405
17 517.31024 740.61426 0.019607844 -421
18 514.1576 740.61426 0.019607844 -438
19 512.4759 740.61426 0.019607844 -471
20 510.79926 740.61426 0.019607844 -487
21 507.49957 740.61426 0.019607844 -504
22 505.53192 777.8662 0.019607844 -537
23 504.53284 817.15137 0.019607844 -570
24 502.5347 938.9448 0.019607844 -586
25 502.5347 998.5051 0.019607844 -619
26 501.5356 1054.3093 0.019607844 -636
27 498.83652 1123.4021 0.019607844 -652
28 498.5384 1130.4113 0.019607844 -669
29 495.54117 1164.3936 0.019607844 -670
30 493.54303 1211.369 0.019607844 -698
31 485.66223 1343.062 0.019607844 -698
32 484.0959 1399.1976 0.019607844 -752
33 483.55228 1442.2092 0.019607844 -785
34 483.55228 1452.024 0.019607844 -818
35 483.55228 1458.2079 0.019607844 -834
36 483.55228 1464.7379 0.019607844 -851
37 483.55228 1466.7374 0.019607844 -884
38 483.55228 1470.271 0.019607844 -900
39 483.55228 1471.2792 0.019607844 -933
40 483.55228 1471.2336 0.019607844 -950
41 483.55228 1471.2336 0.019607844 -999
42 483.55228 1471.2336 0.019607844 -1016
43 483.55228 1471.2336 0.019607844 -1032
44 483.55228 1471.2336 0.019607844 -1055
0 890.1758 771.5981 0.019607844 -66
1 878.98895 773.33966 0.019607844 -66
2 864.2845 777.28394 0.019607844 -82
3 845.0535 784.7418 0.019607844 -99
4 823.107 789.8496 0.019607844 -115
5 789.0396 795.0941 0.019607844 -131
6 751.20056 798.16064 0.019607844 -148
7 715.9043 799.905 0.019607844 -164
8 681.225 800.583 0.019607844 -181
9 642.5895 800.583 0.019607844 -197
10 605.91583 800.583 0.019607844 -214
11 578.2702 800.583 0.019607844 -230
12 554.31274 800.583 0.019607844 -247
13 531.1882 800.583 0.019607844 -263
14 515.5923 800.583 0.019607844 -280
15 502.9179 800.583 0.019607844 -296
16 492.74615 800.583 0.019607844 -313
17 487.16873 800.583 0.019607844 -329
18 483.95584 798.9878 0.019607844 -346
19 482.07513 797.1063 0.021568628 -362
20 478.71884 793.7487 0.021568628 -379
21 475.41818 791.5877 0.019607844 -412
22 475.55966 791.5877 0.019607844 -445
23 475.55966 794.161 0.021568628 -478
24 475.55966 807.5285 0.021568628 -494
25 474.5606 841.00946 0.019607844 -511
26 471.72754 887.81915 0.019607844 -527
27 471.56335 932.5658 0.019607844 -544
28 468.56613 1053.4513 0.019607844 -560
29 468.56613 1092.431 0.021568628 -588
30 467.56708 1230.3591 0.019607844 -633
31 466.568 1258.3446 0.021568628 -633
32 460.57355 1388.2769 0.021568628 -678
33 458.5754 1409.266 0.019607844 -678
34 458.5754 1427.2566 0.019607844 -686
35 456.57724 1448.2457 0.019607844 -713
36 456.57724 1458.5424 0.019607844 -713
37 456.57724 1474.2136 0.021568628 -725
38 455.5782 1479.0327 0.021568628 -758
39 455.5782 1481.9841 0.021568628 -774
40 455.5782 1483.8278 0.021568628 -791
41 455.13916 1485.6656 0.021568628 -807
42 454.5791 1486.2258 0.021568628 -824
43 454.5791 1487.7251 0.021568628 -840
44 454.5791 1487.2253 0.021568628 -852
45 454.5791 1487.2253 0.021568628 -873
46 454.5791 1487.2253 0.019607844 -906
47 454.5791 1487.2253 0.019607844 -918
0 769.2877 365.80948 0.019607844 -58
1 758.2754 367.19507 0.019607844 -58
2 714.25757 370.7362 0.019607844 -70
3 646.3777 374.28 0.021568628 -103
4 559.1683 376.80374 0.023529414 -136
5 526.0724 376.80374 0.023529414 -169
6 490.04626 376.80374 0.021568628 -186
7 429.26624 374.98227 0.021568628 -202
8 393.03748 372.80582 0.023529414 -236
9 374.09125 371.80634 0.023529414 -269
10 368.91028 371.80634 0.023529414 -302
11 363.88837 371.80634 0.023529414 -318
12 362.18588 371.80634 0.023529414 -352
13 359.40652 371.80634 0.023529414 -368
14 359.667 371.80634 0.019607844 -396
15 362.6819 380.89008 0.019607844 -429
16 367.18954 413.43347 0.019607844 -462
17 373.54605 456.58664 0.019607844 -478
18 379.48572 563.40326 0.019607844 -495
19 385.75226 723.6533 0.019607844 -528
20 379.53854 839.21344 0.019607844 -561
21 371.79337 946.3878 0.019607844 -594
22 367.50455 981.73016 0.019607844 -627
23 365.22473 1005.72156 0.019607844 -644
24 361.1874 1023.61865 0.019607844 -660
25 357.3972 1035.2764 0.019607844 -677
26 357.66882 1051.3354 0.019607844 -693
27 357.66882 1059.8307 0.019607844 -710
28 357.66882 1065.5012 0.019607844 -726
29 357.66882 1071.7489 0.019607844 -743
30 357.66882 1073.6364 0.019607844 -776
31 357.75748 1075.5286 0.019607844 -792
32 359.667 1076.4393 0.01764706 -809
33 359.667 1076.4393 0.01764706 -825
0 771.2858 385.79904 0.01764706 0
1 769.2877 385.79904 0.019607844 -15
2 763.4063 386.77023 0.019607844 -33
3 748.10394 389.39792 0.019607844 -50
4 724.04285 391.43356 0.019607844 -66
5 666.89746 393.55896 0.019607844 -83
6 581.0723 394.52734 0.021568628 -116
7 541.7992 392.7954 0.021568628 -149
8 506.8765 392.7954 0.023529414 -166
9 467.27112 391.7278 0.021568628 -182
10 434.2365 390.1656 0.023529414 -199
11 410.9618 389.79697 0.023529414 -215
12 393.9679 389.79697 0.023529414 -232
13 372.63266 390.79645 0.023529414 -248
14 362.00623 390.79645 0.023529414 -281
15 359.667 390.79645 0.023529414 -314
16 373.65402 410.78604 0.029411767 -325
17 384.64386 426.7777 0.029411767 -364
18 381.64664 423.77927 0.021568628 -364
19 378.6494 420.78082 0.021568628 -384
20 376.24722 418.3777 0.019607844 -384
21 373.65402 418.24338 0.019607844 -397
22 381.42917 463.19208 0.019607844 -430
23 398.1191 586.3771 0.019607844 -463
24 401.6281 605.6845 0.019607844 -495
25 401.6281 605.6845 0.019607844 -499
26 571.4709 923.519 0.019607844 -527
27 570.4718 941.5096 0.019607844 -527
28 485.5504 933.5138 0.019607844 -545
29 469.56522 941.5096 0.019607844 -563
30 408.58084 1077.6224 0.019607844 -563
31 403.89807 1117.3778 0.019607844 -627
32 400.2105 1135.0845 0.019607844 -643
33 397.0803 1144.612 0.019607844 -660
34 395.22928 1150.615 0.019607844 -676
35 393.434 1154.8019 0.019607844 -693
36 392.63644 1157.5013 0.019607844 -709
37 395.40442 1161.9358 0.019607844 -726
38 399.7021 1165.7743 0.019607844 -759
39 402.6272 1168.3915 0.01764706 -775
40 436.59573 1211.369 0.021568628 -787
0 720.333 756.6059 0.019607844 -187
1 677.056 754.17676 0.019607844 -187
2 647.2511 754.60693 0.019607844 -210
3 615.5107 754.60693 0.019607844 -226
4 590.4519 754.60693 0.019607844 -243
5 567.68353 754.60693 0.019607844 -259
6 552.7948 754.60693 0.019607844 -276
7 535.896 754.60693 0.019607844 -292
8 530.7783 754.60693 0.021568628 -325
9 527.5685 754.60693 0.021568628 -342
10 524.8633 754.60693 0.021568628 -358
11 523.2232 754.60693 0.021568628 -375
12 521.4782 754.60693 0.021568628 -391
13 519.7967 754.60693 0.021568628 -408
14 518.5199 754.60693 0.021568628 -424
15 517.5208 755.60645 0.021568628 -437
16 514.5236 767.6002 0.019607844 -475
17 512.52545 779.59393 0.021568628 -475
18 511.52637 793.5867 0.021568628 -485
19 507.53006 834.5653 0.021568628 -514
20 506.531 871.546 0.019607844 -514
21 505.53192 902.5299 0.021568628 -524
22 503.53375 960.4997 0.021568628 -553
23 502.5347 990.4841 0.019607844 -553
24 252.76596 1274.3363 0.023529414 -571
25 245.77243 1349.2972 0.023529414 -571
26 242.7752 1378.2821 0.023529414 -590
27 239.77798 1401.2701 0.023529414 -610
28 236.78076 1425.2577 0.023529414 -610
29 491.54486 1193.3784 0.019607844 -628
30 488.54764 1213.368 0.021568628 -628
31 479.55597 1268.3394 0.021568628 -664
32 477.55783 1280.3331 0.021568628 -664
33 475.55966 1290.3279 0.021568628 -673
34 470.5643 1324.3102 0.019607844 -717
35 467.56708 1340.6632 0.019607844 -717
36 467.56708 1342.8414 0.019607844 -769
37 467.56708 1344.6696 0.019607844 -786
38 467.56708 1346.454 0.019607844 -802
39 467.56708 1348.3264 0.019607844 -819
40 467.56708 1353.9226 0.021568628 -835
41 467.56708 1358.2925 0.021568628 -852
42 467.56708 1363.2899 0.021568628 -862
43 466.568 1388.2769 0.019607844 -898
44 465.5689 1398.2717 0.019607844 -898
45 465.5689 1408.2665 0.021568628 -907
46 464.56985 1442.2488 0.019607844 -942
47 463.53244 1452.6271 0.019607844 -942
48 461.7964 1465.6687 0.019607844 -952
49 458.13504 1480.5511 0.021568628 -967
50 458.5754 1483.7529 0.021568628 -1000
51 458.5754 1485.2264 0.019607844 -1017
52 458.5754 1486.2258 0.019607844 -1032
0 904.16284 760.6038 0.019607844 -76
1 896.1781 757.85724 0.019607844 -76
2 876.44025 756.35626 0.019607844 -100
3 822.86096 755.60645 0.019607844 -133
4 788.062 755.0396 0.019607844 -166
5 751.9281 754.32416 0.019607844 -183
6 678.7081 751.89056 0.019607844 -199
7 610.78375 750.609 0.019607844 -232
8 555.4857 751.10876 0.021568628 -265
9 527.632 750.609 0.021568628 -298
10 515.2109 750.609 0.021568628 -331
11 506.58417 750.609 0.021568628 -348
12 500.91534 749.60956 0.021568628 -364
13 497.5393 749.60956 0.021568628 -381
14 493.0975 749.60956 0.021568628 -397
15 489.87823 749.60956 0.021568628 -414
16 488.07404 749.60956 0.021568628 -430
17 486.42746 749.60956 0.021568628 -447
18 486.42746 749.60956 0.021568628 -463
19 483.55228 760.6038 0.019607844 -491
20 481.5541 770.59863 0.021568628 -491
21 479.55597 784.5914 0.021568628 -501
22 475.55966 822.57153 0.021568628 -531
23 471.56335 860.55176 0.019607844 -531
24 466.568 892.5351 0.021568628 -541
25 248.76965 1211.369 0.023529414 -571
26 238.77892 1275.3357 0.023529414 -571
27 231.78539 1329.3076 0.023529414 -590
28 437.59482 1201.3743 0.021568628 -638
29 436.59573 1239.3545 0.019607844 -638
30 433.5985 1263.3419 0.021568628 -647
31 430.6013 1314.3154 0.019607844 -683
32 429.50833 1335.7742 0.019607844 -683
33 428.73746 1341.8977 0.019607844 -711
34 428.60315 1346.5182 0.019607844 -727
35 428.60315 1350.0712 0.021568628 -744
36 427.44495 1352.4548 0.021568628 -760
37 427.60406 1354.2966 0.021568628 -777
38 427.60406 1356.0399 0.021568628 -793
39 427.60406 1356.2936 0.021568628 -810
40 426.605 1357.2931 0.021568628 -826
41 426.605 1357.2931 0.021568628 -843
42 426.605 1357.2931 0.021568628 -859
43 426.605 1357.2931 0.021568628 -876
44 426.605 1357.2931 0.021568628 -909
45 426.605 1357.2931 0.021568628 -921
46 426.605 1357.8495 0.019607844 -958
47 426.605 1358.2925 0.019607844 -975
48 426.605 1358.2925 0.019607844 -979
0 765.2914 396.79333 0.019607844 -78
1 742.9659 394.19083 0.021568628 -78
2 725.7065 391.5339 0.019607844 -110
3 707.5525 391.79593 0.019607844 -126
4 707.5525 391.79593 0.027450982 -142
5 660.38855 401.7907 0.021568628 -170
6 657.3913 416.78293 0.027450982 -170
7 604.4403 403.78967 0.021568628 -198
8 542.7177 393.96362 0.019607844 -198
9 479.7924 388.62488 0.021568628 -225
10 467.56708 388.7975 0.021568628 -258
11 469.56522 407.7876 0.029411767 -266
12 435.59668 395.79385 0.021568628 -295
13 412.96075 389.85413 0.021568628 -295
14 404.30402 387.2179 0.023529414 -324
15 400.13574 385.55228 0.021568628 -340
16 396.78516 383.87634 0.021568628 -357
17 395.0868 382.80063 0.021568628 -373
18 393.41107 382.80063 0.021568628 -390
19 391.7191 382.80063 0.019607844 -406
20 390.6383 382.80063 0.019607844 -423
21 413.61703 416.78293 0.027450982 -434
22 416.61426 434.77356 0.019607844 -473
23 408.3217 454.964 0.019607844 -473
24 406.6235 461.7595 0.019607844 -489
25 406.6235 461.7595 0.019607844 -492
26 558.4829 743.6127 0.019607844 -521
27 558.4829 749.60956 0.019607844 -521
28 532.50696 745.61163 0.025490198 -530
29 290.7308 1317.3138 0.023529414 -550
30 288.73267 1355.2941 0.023529414 -550
31 403.62628 767.6002 0.019607844 -559
32 403.62628 772.5976 0.019607844 -559
33 403.62628 772.5976 0.019607844 -568
34 406.6235 872.54553 0.019607844 -587
35 405.62442 873.545 0.019607844 -587
36 405.62442 873.545 0.019607844 -596
37 390.6383 940.51013 0.019607844 -614
38 390.6383 940.51013 0.019607844 -614
39 381.64664 1002.47784 0.019607844 -631
40 381.64664 1002.47784 0.019607844 -631
41 381.64664 1002.47784 0.019607844 -650
0 783.2748 393.7949 0.01764706 -9
1 783.2748 393.7949 0.019607844 -18
2 780.6657 394.79437 0.019607844 -44
3 776.44885 394.79437 0.019607844 -60
4 763.62354 394.79437 0.019607844 -77
5 749.25134 394.78827 0.019607844 -110
6 721.01776 393.7949 0.019607844 -126
7 687.997 391.27332 0.019607844 -143
8 659.9566 390.79645 0.019607844 -160
9 577.5579 386.26123 0.019607844 -176
10 534.6141 383.80847 0.019607844 -209
11 497.90906 382.80063 0.019607844 -226
12 440.1781 381.80115 0.019607844 -242
13 408.06073 381.80115 0.021568628 -275
14 400.13315 381.1774 0.023529414 -308
15 394.78934 379.52063 0.023529414 -325
16 391.75183 379.8022 0.021568628 -341
17 390.03192 379.1956 0.021568628 -358
18 388.37808 378.8027 0.021568628 -374
19 387.64108 378.8027 0.019607844 -391
20 387.64108 378.8027 0.019607844 -407
21 387.64108 378.8027 0.019607844 -424
22 387.64108 379.8022 0.019607844 -440
23 417.6133 420.78082 0.025490198 -447
24 301.72064 1098.4279 0.023529414 -496
25 298.72342 1125.4138 0.023529414 -496
26 294.7271 1155.3982 0.023529414 -515
27 277.74283 1293.3264 0.023529414 -515
28 272.74747 1327.3087 0.023529414 -544
29 395.63367 756.6059 0.019607844 -563
30 395.63367 756.6059 0.019607844 -563
31 264.75485 1392.2748 0.023529414 -572
32 243.41171 1592.6143 0.023529414 -572
33 239.8528 1633.4752 0.023529414 -639
34 239.77798 1643.8545 0.023529414 -671
35 239.77798 1652.651 0.023529414 -688
36 239.77798 1655.382 0.023529414 -721
37 239.77798 1657.2327 0.023529414 -737
38 240.74231 1657.1368 0.021568628 -754
39 242.59706 1657.1368 0.019607844 -770
40 245.18057 1657.1368 0.019607844 -787
41 247.77058 1657.1368 0.019607844 -803
42 248.76965 1657.1368 0.01764706 -814
0 780.2775 426.7777 0.019607844 -95
1 761.53394 422.1 0.019607844 -95
2 734.5906 421.7803 0.019607844 -119
3 718.05457 423.92148 0.019607844 -152
4 686.3238 423.68137 0.019607844 -168
5 653.59534 425.77823 0.019607844 -185
6 622.3753 425.77823 0.019607844 -201
7 598.6282 427.8983 0.019607844 -218
8 565.991 426.7777 0.019607844 -234
9 533.1964 426.56784 0.023529414 -251
10 503.04187 425.77823 0.021568628 -267
11 463.42725 425.29266 0.023529414 -284
12 432.83582 422.7798 0.021568628 -317
13 425.08725 421.7803 0.021568628 -350
14 419.95422 421.7803 0.021568628 -366
15 416.17133 421.7803 0.021568628 -383
16 413.66293 421.7803 0.021568628 -399
17 411.97562 421.13773 0.021568628 -416
18 410.2732 420.78082 0.019607844 -432
19 408.56155 420.78082 0.019607844 -449
20 408.62164 420.78082 0.019607844 -465
21 409.62073 422.7798 0.019607844 -482
22 441.59113 469.7553 0.027450982 -494
23 436.59573 471.75427 0.019607844 -523
24 436.59573 471.75427 0.019607844 -523
25 341.68362 1156.3977 0.021568628 -552
26 333.69104 1252.3477 0.021568628 -552
27 330.69382 1286.33 0.021568628 -581
28 326.6975 1340.3019 0.021568628 -599
29 322.7012 1372.2853 0.021568628 -599
30 423.6078 861.5513 0.019607844 -625
31 421.60962 876.54346 0.019607844 -625
32 421.60962 876.54346 0.019607844 -644
33 559.48193 1165.393 0.019607844 -679
34 559.48193 1165.393 0.019607844 -679
35 537.5023 1147.4023 0.025490198 -688
36 456.57724 1075.4398 0.01764706 -893
37 453.58002 1068.4435 0.01764706 -893
38 453.58002 1068.4435 0.01764706 -901
0 762.2942 391.79593 0.019607844 -87
1 756.22473 389.0286 0.019607844 -87
2 733.1153 384.4846 0.019607844 -111
3 718.55963 383.70328 0.019607844 -144
4 687.72534 383.66568 0.019607844 -161
5 655.1387 384.79956 0.019607844 -177
6 618.80133 384.79956 0.019607844 -194
7 547.9729 385.62512 0.019607844 -210
8 472.18622 388.13388 0.021568628 -243
9 420.09152 386.79852 0.019607844 -276
10 400.4986 385.28625 0.019607844 -309
11 385.87204 383.5789 0.019607844 -326
12 375.79062 382.8237 0.019607844 -342
13 369.55005 381.80115 0.019607844 -359
14 365.80557 381.80115 0.019607844 -375
15 363.57172 381.80115 0.019607844 -392
16 361.7701 381.80115 0.019607844 -408
17 360.02832 381.80115 0.019607844 -425
18 357.66882 382.93546 0.019607844 -441
19 357.66882 390.08646 0.019607844 -474
20 355.6707 397.79282 0.019607844 -491
21 355.6707 397.79282 0.019607844 -501
22 514.5236 662.65485 0.019607844 -530
23 513.4248 665.65027 0.019607844 -530
24 502.4551 844.58 0.019607844 -540
25 490.5458 847.55853 0.025490198 -590
26 426.605 830.5674 0.019607844 -595
27 411.61887 835.5648 0.019607844 -613
28 389.63922 862.5507 0.019607844 -613
29 389.63922 862.5507 0.019607844 -631
30 364.66235 990.4841 0.019607844 -657
31 363.66327 990.4841 0.019607844 -657
32 363.66327 990.4841 0.019607844 -666
33 354.6716 1053.4513 0.019607844 -684
34 349.67038 1055.4503 0.019607844 -684
35 347.83072 1055.4503 0.019607844 -755
36 345.67993 1055.4503 0.019607844 -771
37 345.67993 1055.4503 0.01764706 -804
38 345.67993 1055.4503 0.01764706 -821
39 345.67993 1055.4503 0.01764706 -825
0 891.17487 762.6028 0.019607844 -64
1 889.2452 762.6028 0.019607844 -64
2 885.6133 761.60333 0.019607844 -81
3 880.39764 761.00793 0.019607844 -98
4 860.1533 758.60486 0.019607844 -114
5 809.3573 755.8971 0.019607844 -147
6 773.6624 754.1008 0.019607844 -180
7 735.10754 752.338 0.019607844 -197
8 659.1262 750.609 0.019607844 -213
9 593.63855 749.60956 0.019607844 -246
10 551.49115 748.6101 0.019607844 -279
11 539.48645 748.6101 0.019607844 -312
12 531.4039 748.6101 0.021568628 -329
13 525.41547 748.6101 0.021568628 -345
14 522.16034 748.6101 0.021568628 -362
15 517.79285 748.6101 0.021568628 -378
16 516.0554 748.6101 0.021568628 -411
17 513.52454 748.6101 0.021568628 -428
18 512.52545 751.6085 0.021568628 -452
19 510.52728 782.5924 0.021568628 -481
20 510.52728 806.5799 0.019607844 -481
21 509.52823 829.56793 0.019607844 -501
22 507.53006 894.53406 0.021568628 -501
23 505.53192 961.4992 0.021568628 -520
24 504.53284 1041.4575 0.019607844 -548
25 504.53284 1108.4227 0.019607844 -548
26 504.53284 1139.4065 0.019607844 -567
27 501.5356 1227.3607 0.019607844 -594
28 499.53748 1263.3419 0.019607844 -594
29 498.5384 1280.3331 0.021568628 -612
30 495.54117 1312.3165 0.019607844 -639
31 493.13358 1329.7664 0.019607844 -639
32 489.74506 1344.7041 0.019607844 -661
33 488.54764 1352.2957 0.019607844 -692
34 487.54858 1354.6698 0.019607844 -725
35 487.54858 1356.527 0.019607844 -741
36 487.54858 1358.3547 0.019607844 -758
37 487.54858 1358.2925 0.019607844 -774
38 487.54858 1358.2925 0.019607844 -807
39 487.54858 1358.2925 0.01764706 -818
0 919.1489 740.61426 0.019607844 -70
1 910.0693 740.61426 0.019607844 -70
2 876.2287 740.61426 0.019607844 -86
3 851.63574 740.61426 0.019607844 -119
4 822.8707 740.61426 0.019607844 -135
5 778.9022 739.84894 0.019607844 -152
6 742.73486 739.61475 0.019607844 -168
7 708.63574 739.61475 0.019607844 -185
8 676.1875 739.61475 0.019607844 -201
9 634.3265 740.26874 0.019607844 -218
10 606.76373 740.61426 0.019607844 -234
11 581.07666 740.61426 0.019607844 -251
12 541.9122 740.61426 0.019607844 -267
13 533.0624 740.61426 0.019607844 -300
14 526.3643 740.61426 0.019607844 -317
15 521.1785 740.61426 0.019607844 -333
16 515.722 740.61426 0.019607844 -350
17 514.0241 740.61426 0.019607844 -383
18 510.02774 740.61426 0.021568628 -400
19 510.02774 740.61426 0.021568628 -448
20 510.52728 764.60175 0.019607844 -472
21 509.52823 782.5924 0.021568628 -472
22 509.52823 857.55334 0.019607844 -501
23 507.53006 895.53357 0.021568628 -501
24 309.71323 1133.4097 0.021568628 -511
25 304.71786 1169.3909 0.021568628 -511
26 301.72064 1205.3722 0.021568628 -530
27 273.74652 1484.2269 0.021568628 -530
28 270.7493 1511.2129 0.021568628 -595
29 264.75485 1558.1884 0.021568628 -621
30 257.76132 1631.1504 0.021568628 -621
31 256.76227 1639.1462 0.021568628 -657
32 256.76227 1651.14 0.021568628 -693
33 256.76227 1656.9102 0.021568628 -693
34 256.76227 1660.1353 0.021568628 -714
35 256.76227 1660.1353 0.019607844 -762
36 256.76227 1660.1353 0.019607844 -765
37 473.56152 1465.2368 0.019607844 -807
38 474.5606 1466.2363 0.019607844 -807
39 475.55966 1465.2368 0.01764706 -815
0 964.1073 742.6132 0.019607844 -53
1 954.84686 742.6132 0.019607844 -53
2 939.3272 743.6127 0.019607844 -69
3 923.59436 745.0065 0.019607844 -86
4 902.2396 746.75916 0.019607844 -102
5 878.82837 748.5607 0.019607844 -119
6 840.3363 752.2863 0.019607844 -135
7 803.3795 756.8163 0.019607844 -152
8 774.2479 758.7245 0.019607844 -168
9 737.60266 768.517 0.019607844 -185
10 691.015 781.42926 0.019607844 -201
11 656.91595 788.9524 0.019607844 -218
12 627.78186 792.67206 0.019607844 -234
13 604.5986 794.28925 0.019607844 -251
14 583.74255 795.9785 0.019607844 -267
15 559.24817 796.5851 0.019607844 -284
16 551.87946 796.5851 0.019607844 -317
17 547.2696 796.5851 0.019607844 -333
18 544.0558 796.5851 0.019607844 -350
19 542.1335 796.5851 0.019607844 -366
20 540.4655 796.5851 0.019607844 -383
21 538.7925 796.5851 0.019607844 -399
22 537.1288 796.5851 0.019607844 -416
23 535.4542 796.5851 0.019607844 -432
24 534.50507 796.5851 0.019607844 -449
25 533.50604 799.58356 0.021568628 -458
26 528.5106 831.5669 0.019607844 -497
27 526.5125 850.557 0.021568628 -497
28 313.70953 1257.3451 0.023529414 -556
29 310.7123 1288.329 0.023529414 -556
30 305.71692 1336.304 0.023529414 -574
31 301.72064 1368.2874 0.023529414 -574
32 301.72064 1368.2874 0.023529414 -584
33 298.72342 1395.2733 0.023529414 -584
34 295.7262 1419.2607 0.023529414 -593
35 291.7299 1441.2493 0.023529414 -611
36 273.72858 1559.2598 0.023529414 -611
37 272.74747 1563.1858 0.023529414 -680
38 271.74838 1569.1827 0.023529414 -685
39 268.75116 1590.1718 0.021568628 -880
40 268.75116 1590.1718 0.021568628 -880
41 270.17755 1590.1718 0.019607844 -895
42 273.74652 1589.1722 0.019607844 -927
43 277.74283 1588.1727 0.019607844 -933
0 936.13324 736.61633 0.019607844 0
1 934.36615 736.61633 0.019607844 -8
2 926.8696 736.61633 0.019607844 -34
3 912.8446 736.61633 0.019607844 -50
4 896.4079 736.61633 0.019607844 -67
5 870.5176 737.59424 0.019607844 -83
6 790.5011 743.07806 0.019607844 -100
7 756.29974 744.6122 0.019607844 -133
8 736.31824 745.61163 0.019607844 -148
9 680.37006 746.61115 0.019607844 -176
10 623.60425 748.98224 0.019607844 -176
11 588.91956 751.6893 0.019607844 -199
12 558.8948 751.6085 0.019607844 -215
13 539.5005 751.6085 0.019607844 -232
14 528.5106 752.608 0.019607844 -244
15 507.53006 752.608 0.019607844 -283
16 503.53375 752.608 0.021568628 -283
17 487.54858 753.6075 0.021568628 -372
18 485.5504 766.1687 0.019607844 -372
19 485.5504 768.5997 0.019607844 -397
20 486.5495 777.595 0.019607844 -401
21 486.5495 816.5747 0.019607844 -430
22 485.5504 837.5637 0.021568628 -430
23 485.5504 877.5429 0.019607844 -439
24 280.74005 1237.3555 0.021568628 -488
25 270.7493 1312.3165 0.021568628 -488
26 265.75394 1346.2988 0.021568628 -507
27 256.76227 1420.2603 0.021568628 -544
28 253.76503 1439.2504 0.021568628 -544
29 251.76688 1459.24 0.021568628 -553
30 249.76874 1483.2274 0.021568628 -571
31 248.76965 1499.2191 0.021568628 -571
32 248.76965 1510.2134 0.021568628 -579
33 248.76965 1521.2076 0.021568628 -597
34 248.76965 1547.2268 0.021568628 -597
35 248.76965 1548.1936 0.021568628 -661
36 248.76965 1548.1936 0.021568628 -677
37 248.76965 1548.1936 0.021568628 -710
38 248.76965 1548.1936 0.019607844 -743
39 250.2597 1548.1936 0.019607844 -776
40 252.12259 1548.1936 0.019607844 -793
41 253.76503 1548.1936 0.01764706 -809
42 253.76503 1548.1936 0.01764706 -824
0 772.2849 372.80582 0.01764706 -44
1 772.2849 372.80582 0.01764706 -44
2 767.7216 372.80582 0.019607844 -53
3 763.01276 372.80582 0.019607844 -86
4 757.961 372.80582 0.019607844 -102
5 751.45325 372.80582 0.019607844 -119
6 745.2536 372.80582 0.019607844 -135
7 740.0035 372.80582 0.019607844 -152
8 733.29614 372.80582 0.019607844 -168
9 726.47845 372.80582 0.019607844 -185
10 718.3555 372.80582 0.019607844 -201
11 702.17224 374.52267 0.019607844 -218
12 683.0638 377.76755 0.021568628 -234
13 660.3928 381.10855 0.023529414 -251
14 631.312 385.6409 0.023529414 -267
15 587.03125 389.07593 0.023529414 -284
16 548.3761 389.79697 0.021568628 -300
17 519.44464 391.8556 0.023529414 -317
18 487.40085 393.7949 0.023529414 -333
19 455.72836 395.23022 0.023529414 -350
20 437.91928 396.85468 0.023529414 -366
21 424.13333 398.5744 0.023529414 -383
22 414.7546 399.79178 0.023529414 -399
23 404.9952 399.79178 0.023529414 -416
24 402.1541 399.79178 0.023529414 -449
25 398.84918 399.79178 0.023529414 -465
26 395.5321 399.79178 0.021568628 -499
27 393.06482 412.92615 0.019607844 -532
28 391.6383 488.77518 0.019607844 -565
29 391.0672 637.2694 0.019607844 -598
30 391.47797 710.3747 0.019607844 -631
31 394.6346 769.6174 0.019607844 -647
32 389.63922 849.497 0.019607844 -664
33 390.03186 883.5747 0.019607844 -680
34 385.99753 914.3295 0.019607844 -697
35 385.6429 951.8555 0.019607844 -713
36 385.6429 958.5323 0.019607844 -746
37 384.17374 963.4393 0.019607844 -763
38 383.64478 966.8854 0.019607844 -779
39 383.64478 968.4876 0.019607844 -796
40 383.64478 971.93243 0.019607844 -812
41 386.61154 974.462 0.019607844 -845
42 392.63644 976.4914 0.01764706 -878
43 394.6346 976.4914 0.01764706 -896
0 865.1989 796.5851 0.019607844 -111
1 845.1995 797.36444 0.019607844 -111
2 803.1474 800.8989 0.019607844 -136
3 772.0696 803.7117 0.019607844 -169
4 731.27405 808.084 0.019607844 -185
5 687.19946 812.6931 0.021568628 -202
6 653.5542 816.1897 0.019607844 -218
7 616.8219 818.6629 0.019607844 -235
8 582.3272 820.1984 0.019607844 -251
9 552.5719 821.5721 0.021568628 -268
10 532.1759 821.5721 0.019607844 -284
11 510.79953 822.57153 0.021568628 -301
12 498.05295 822.57153 0.021568628 -317
13 489.4137 822.57153 0.021568628 -334
14 483.73495 822.57153 0.021568628 -350
15 479.46027 822.57153 0.021568628 -367
16 476.01324 822.57153 0.021568628 -383
17 474.05267 822.57153 0.021568628 -400
18 470.62076 822.57153 0.021568628 -416
19 468.8539 822.57153 0.021568628 -449
20 467.14886 822.57153 0.021568628 -466
21 465.44186 822.57153 0.021568628 -482
22 462.9859 838.83185 0.019607844 -499
23 462.5717 859.10156 0.021568628 -532
24 458.95474 935.4885 0.021568628 -548
25 459.57446 1037.0776 0.019607844 -581
26 458.42056 1085.6194 0.019607844 -614
27 457.6395 1141.2559 0.019607844 -631
28 455.1235 1213.1948 0.019607844 -647
29 453.58002 1261.6556 0.019607844 -680
30 451.66324 1281.5994 0.019607844 -713
31 449.85565 1291.9662 0.021568628 -730
32 449.5837 1304.0913 0.021568628 -746
33 449.5837 1307.564 0.021568628 -779
34 449.5837 1309.2747 0.021568628 -796
35 449.5837 1311.0494 0.021568628 -812
36 449.5837 1312.8473 0.021568628 -829
37 449.5837 1314.6124 0.021568628 -845
38 449.5837 1315.8147 0.021568628 -862
39 449.5837 1316.3143 0.021568628 -873
40 449.5837 1316.3143 0.021568628 -911
41 449.5837 1317.8253 0.021568628 -926
42 449.5837 1319.3129 0.019607844 -944
43 449.5837 1319.3129 0.019607844 -961
44 450.5828 1320.3123 0.019607844 -965
0 797.2618 412.785 0.019607844 -66
1 778.8028 409.34766 0.019607844 -66
2 761.29504 405.78864 0.019607844 -91
3 732.182 399.20334 0.019607844 -107
4 645.01855 387.48502 0.021568628 -124
5 598.97534 382.42444 0.019607844 -157
6 559.17194 378.53625 0.019607844 -173
7 521.68756 376.985 0.023529414 -190
8 467.8601 374.79053 0.023529414 -206
9 431.6703 372.65167 0.021568628 -223
10 403.09436 372.80582 0.023529414 -239
11 372.51837 371.80634 0.021568628 -256
12 352.7524 371.80634 0.023529414 -272
13 340.95667 371.80634 0.023529414 -289
14 334.82883 371.80634 0.023529414 -305
15 331.14288 371.80634 0.023529414 -322
16 329.7083 371.80634 0.019607844 -338
17 328.03622 371.80634 0.019607844 -355
18 327.6966 371.80634 0.019607844 -371
19 327.6966 372.90683 0.019607844 -388
20 329.28375 382.7438 0.019607844 -404
21 334.7153 406.385 0.019607844 -421
22 341.23874 441.46817 0.019607844 -437
23 341.23874 441.46817 0.019607844 -454
24 485.5504 736.61633 0.019607844 -480
25 485.5504 749.60956 0.019607844 -480
26 247.77058 1190.38 0.019607844 -490
27 233.73232 1389.0814 0.019607844 -490
28 228.2681 1453.6675 0.019607844 -536
29 223.89996 1503.8221 0.019607844 -553
30 218.79741 1615.9755 0.019607844 -569
31 217.91753 1639.7144 0.019607844 -619
32 217.79834 1655.5349 0.019607844 -635
33 217.79834 1670.2573 0.019607844 -652
34 217.79834 1675.2754 0.019607844 -685
35 223.7692 1677.1265 0.01764706 -718
36 224.79185 1677.1265 0.01764706 -751
37 224.79185 1677.1265 0.01764706 -759
0 785.2729 402.7902 0.019607844 -85
1 768.9803 399.79178 0.019607844 -85
2 730.8051 398.32346 0.019607844 -110
3 701.41766 400.912 0.019607844 -143
4 653.68005 404.14883 0.019607844 -160
5 606.5167 405.9991 0.019607844 -176
6 567.68304 410.84845 0.019607844 -193
7 526.8601 410.91858 0.019607844 -209
8 480.56647 412.785 0.019607844 -226
9 445.13858 412.785 0.019607844 -242
10 416.60724 410.1973 0.019607844 -259
11 396.27493 409.78656 0.021568628 -275
12 382.66122 409.78656 0.021568628 -292
13 373.5678 409.78656 0.021568628 -308
14 370.40942 409.78656 0.021568628 -325
15 367.86005 409.78656 0.021568628 -341
16 366.16632 409.78656 0.019607844 -358
17 364.50177 409.78656 0.019607844 -374
18 364.5978 410.72147 0.019607844 -391
19 364.66235 413.7845 0.019607844 -407
20 394.6346 468.75586 0.027450982 -417
21 390.6383 470.7548 0.019607844 -446
22 390.6383 470.7548 0.019607844 -446
23 275.7447 1119.417 0.021568628 -475
24 267.7903 1170.5684 0.021568628 -475
25 265.75394 1182.3842 0.021568628 -490
26 260.75854 1210.3696 0.021568628 -494
27 365.66144 634.66943 0.019607844 -513
28 358.6679 852.69244 0.019607844 -513
29 351.67438 951.5044 0.019607844 -572
30 351.67438 951.5044 0.019607844 -615
31 496.54025 1187.3816 0.019607844 -651
32 491.95883 1192.9642 0.019607844 -651
33 490.30188 1196.8649 0.019607844 -671
34 488.47452 1198.449 0.019607844 -688
35 488.3581 1202.1842 0.019607844 -704
36 494.54208 1205.3722 0.01764706 -737
37 496.54025 1206.3717 0.01764706 -764
0 856.2072 731.61896 0.019607844 -61
1 834.2352 734.3168 0.019607844 -61
2 807.8893 736.21387 0.019607844 -85
3 782.47675 736.61633 0.019607844 -102
4 747.5501 737.76086 0.019607844 -118
5 712.6805 738.5544 0.019607844 -135
6 659.91815 739.61475 0.019607844 -151
7 619.9055 739.61475 0.019607844 -168
8 585.1267 739.61475 0.019607844 -184
9 555.656 739.61475 0.019607844 -201
10 508.86832 739.61475 0.019607844 -217
11 490.37863 739.61475 0.019607844 -250
12 482.24942 739.61475 0.019607844 -283
13 480.61993 739.61475 0.019607844 -316
14 478.90097 739.61475 0.019607844 -333
15 478.5569 739.61475 0.019607844 -349
16 478.5569 740.71295 0.019607844 -366
17 479.45908 756.44214 0.021568628 -382
18 482.85104 807.56067 0.019607844 -399
19 481.30313 900.0482 0.021568628 -415
20 476.7865 954.2232 0.019607844 -448
21 469.55792 1033.8871 0.021568628 -465
22 464.67038 1093.27 0.021568628 -481
23 459.57446 1193.786 0.019607844 -498
24 454.8122 1292.1938 0.021568628 -531
25 453.58002 1331.3065 0.019607844 -564
26 453.58002 1338.303 0.019607844 -592
27 451.58188 1353.2952 0.021568628 -619
28 451.58188 1359.5137 0.021568628 -619
29 451.58188 1370.3903 0.021568628 -630
30 451.58188 1373.1989 0.021568628 -663
31 451.58188 1375.0814 0.021568628 -679
32 451.58188 1376.9677 0.021568628 -696
33 450.24127 1387.6447 0.019607844 -712
34 450.5828 1386.278 0.021568628 -745
35 449.5837 1387.2775 0.019607844 -778
36 450.5828 1387.2775 0.019607844 -811
37 450.5828 1387.2775 0.01764706 -820
0 782.2757 371.80634 0.01764706 -9
1 782.2757 371.80634 0.01764706 -18
2 782.2757 371.80634 0.019607844 -36
3 778.93823 371.80634 0.019607844 -52
4 748.54974 370.80685 0.019607844 -69
5 729.9276 373.02356 0.019607844 -102
6 702.563 376.90854 0.019607844 -118
7 661.36316 382.233 0.019607844 -135
8 627.41907 384.29987 0.019607844 -151
9 597.29016 387.2873 0.019607844 -167
10 564.5947 386.79852 0.019607844 -184
11 526.2811 388.49405 0.021568628 -201
12 499.23996 388.7975 0.021568628 -217
13 477.0536 388.7975 0.023529414 -234
14 457.81155 388.7975 0.023529414 -250
15 443.26385 389.79697 0.023529414 -267
16 434.00397 389.79697 0.023529414 -283
17 427.25995 389.79697 0.023529414 -300
18 422.13785 389.79697 0.023529414 -316
19 418.32608 389.79697 0.023529414 -333
20 415.7434 388.92578 0.023529414 -349
21 414.06622 387.798 0.023529414 -366
22 412.3748 387.798 0.023529414 -382
23 405.78818 387.798 0.023529414 -399
24 396.76285 387.798 0.023529414 -432
25 392.26367 389.85666 0.021568628 -465
26 389.93576 395.20053 0.021568628 -481
27 386.642 427.24823 0.019607844 -498
28 388.0454 470.73846 0.019607844 -531
29 395.57797 566.3669 0.019607844 -547
30 407.04187 698.9422 0.019607844 -580
31 410.81342 752.06494 0.019607844 -613
32 410.81342 752.06494 0.019607844 -630
33 548.4921 1057.4492 0.019607844 -656
34 542.88904 1087.5183 0.019607844 -656
35 534.50507 1153.1115 0.019607844 -679
36 530.397 1200.3673 0.019607844 -712
37 530.5088 1252.4426 0.019607844 -745
38 530.5088 1258.4366 0.019607844 -795
39 530.5088 1262.7416 0.019607844 -811
40 530.5088 1265.4266 0.019607844 -828
41 530.5088 1267.3052 0.019607844 -844
42 531.33966 1268.171 0.019607844 -861
43 535.7593 1270.0903 0.019607844 -877
44 539.5005 1270.3384 0.01764706 -894
45 534.50507 1268.3394 0.019607844 -904
0 675.37463 985.4867 0.019607844 -9
1 675.37463 985.4867 0.019607844 -9
2 665.52704 985.4867 0.019607844 -60
3 639.83484 988.17377 0.019607844 -93
4 596.83374 987.2847 0.019607844 -126
5 565.0354 986.4617 0.019607844 -159
6 516.76935 983.7279 0.019607844 -175
7 480.4292 982.00635 0.019607844 -192
8 446.65158 979.0758 0.019607844 -208
9 410.3086 979.4898 0.019607844 -225
10 372.01804 977.49084 0.021568628 -241
11 318.77237 977.49084 0.021568628 -258
12 297.28897 976.0045 0.021568628 -291
13 288.07584 976.4914 0.021568628 -324
14 282.3937 976.4914 0.019607844 -357
15 279.74097 976.4914 0.021568628 -390
16 278.7419 977.49084 0.021568628 -416
17 276.74374 986.4862 0.021568628 -445
18 274.7456 996.48096 0.021568628 -445
19 272.74747 1010.4737 0.021568628 -455
20 267.75208 1057.4492 0.021568628 -484
21 259.7703 1124.6466 0.021568628 -484
22 247.30777 1243.4479 0.021568628 -506
23 240.49094 1309.0397 0.021568628 -538
24 227.0887 1410.4716 0.021568628 -555
25 214.5005 1500.4574 0.021568628 -588
26 205.50829 1553.9991 0.021568628 -621
27 205.50829 1553.9991 0.021568628 -654
28 202.81221 1576.1791 0.021568628 -680
29 201.81314 1587.0762 0.021568628 -680
30 201.81314 1592.4275 0.021568628 -703
31 201.81314 1596.0792 0.021568628 -720
32 201.81314 1597.1681 0.019607844 -753
33 201.81314 1597.1681 0.019607844 -786
34 201.81314 1597.1681 0.019607844 -798
0 917.1508 741.6137 0.019607844 -60
1 915.05115 741.6137 0.019607844 -60
2 895.8757 743.9362 0.019607844 -68
3 875.3577 748.1767 0.019607844 -101
4 848.7268 752.20654 0.019607844 -118
5 812.3609 758.13 0.019607844 -134
6 763.75055 763.1206 0.019607844 -151
7 714.8235 773.20966 0.019607844 -167
8 676.88245 773.7479 0.019607844 -184
9 640.3388 786.55896 0.019607844 -200
10 608.8537 791.24255 0.019607844 -217
11 581.84717 794.16064 0.019607844 -233
12 561.06384 795.89606 0.019607844 -250
13 549.6091 796.5851 0.019607844 -266
14 541.95105 796.5851 0.019607844 -283
15 536.50635 796.5851 0.019607844 -299
16 532.5453 796.5851 0.019607844 -316
17 529.8522 796.5851 0.019607844 -332
18 528.1413 796.5851 0.019607844 -349
19 526.4756 796.5851 0.019607844 -365
20 524.7851 796.5851 0.019607844 -382
21 523.08215 796.5851 0.019607844 -398
22 521.4092 796.5851 0.019607844 -415
23 520.51807 797.5846 0.021568628 -431
24 519.519 803.5814 0.021568628 -440
25 516.5217 841.56165 0.021568628 -469
26 516.5217 868.5476 0.019607844 -469
27 334.6901 1130.4113 0.021568628 -488
28 332.69196 1162.3945 0.019607844 -488
29 330.69382 1195.3773 0.021568628 -506
30 327.6966 1260.3435 0.021568628 -506
31 513.52454 1071.4419 0.019607844 -525
32 514.5236 1143.4044 0.021568628 -525
33 514.5236 1176.3873 0.019607844 -543
34 513.52454 1207.3711 0.021568628 -562
35 513.52454 1237.3555 0.019607844 -562
36 512.52545 1263.3419 0.019607844 -579
37 498.30542 1413.6627 0.019607844 -579
38 498.30542 1413.6627 0.019607844 -662
39 495.54117 1428.2561 0.019607844 -704
40 495.54117 1429.2556 0.021568628 -704
41 495.54117 1436.252 0.021568628 -793
42 495.54117 1436.252 0.021568628 -793
43 495.54117 1437.2513 0.019607844 -827
44 495.54117 1437.2513 0.019607844 -827
45 495.54117 1437.2513 0.019607844 -844
46 495.54117 1437.2513 0.01764706 -844
