0 460.57355 1104.4248 0.019607844 0
1 460.57355 1104.4248 0.019607844 -40
2 460.57355 1104.4248 0.019607844 -81
3 459.75876 1103.6096 0.019607844 -115
4 453.70923 1099.9918 0.019607844 -148
5 438.723 1095.4663 0.019607844 -181
6 424.41434 1091.8329 0.019607844 -214
7 407.95377 1087.7329 0.019607844 -230
8 364.38565 1078.2255 0.019607844 -247
9 302.92874 1071.7925 0.019607844 -280
10 258.87424 1068.4435 0.019607844 -313
11 242.80319 1068.4404 0.019607844 -346
12 231.4114 1068.4435 0.019607844 -363
13 222.52983 1068.4435 0.019607844 -379
14 215.91518 1068.4435 0.019607844 -396
15 209.16199 1068.4435 0.019607844 -413
16 205.66792 1068.4435 0.019607844 -446
17 203.89354 1068.4435 0.019607844 -479
18 202.81221 1069.0712 0.019607844 -495
19 202.81221 1072.1383 0.019607844 -512
20 202.81221 1075.6886 0.019607844 -529
21 202.81221 1084.8236 0.019607844 -545
22 201.21686 1096.8002 0.021568628 -562
23 199.4263 1115.6985 0.021568628 -578
24 197.62003 1151.8625 0.021568628 -595
25 191.31987 1195.2357 0.019607844 -611
26 186.19987 1242.4597 0.023529414 -628
27 182.21063 1292.7056 0.021568628 -644
28 172.1219 1421.4624 0.023529414 -661
29 165.574 1525.5682 0.023529414 -694
30 156.28026 1640.0461 0.023529414 -724
31 149.46898 1706.3931 0.021568628 -758
32 146.5599 1732.0547 0.021568628 -790
33 144.70947 1750.497 0.021568628 -807
34 143.87799 1761.0156 0.021568628 -823
35 143.86679 1770.2551 0.021568628 -840
36 143.86679 1772.5669 0.019607844 -873
37 143.86679 1774.3889 0.019607844 -889
38 143.86679 1775.0754 0.019607844 -906
39 143.86679 1775.0754 0.019607844 -922
40 143.86679 1775.0754 0.019607844 -939
41 143.86679 1775.0754 0.019607844 -953
42 143.86679 1775.0754 0.019607844 -972
43 143.86679 1775.0754 0.019607844 -989
44 143.86679 1775.0754 0.019607844 -1005
45 143.86679 1775.0754 0.019607844 -1022
46 143.0757 1775.0754 0.019607844 -1038
47 141.46481 1775.0754 0.021568628 -1055
48 141.86864 1775.0754 0.019607844 -1088
49 140.42368 1775.0754 0.019607844 -1098
50 140.86957 1775.0754 0.019607844 -1119
51 140.86957 1775.0754 0.019607844 -1169
52 140.86957 1775.0754 0.019607844 -1182
0 108.89917 1574.18 0.01764706 -989
1 108.89917 1574.18 0.01764706 -989
2 108.89917 1574.18 0.01764706 -1008
3 108.06639 1576.0127 0.01764706 -1041
4 106.47443 1579.0315 0.01764706 -1058
5 105.8026 1583.4736 0.01764706 -1074
6 105.90195 1587.1733 0.01764706 -1091
7 105.90195 1587.1733 0.01764706 -1100
0 623.4227 1102.4258 0.019607844 -6
1 623.4227 1102.4258 0.019607844 -6
2 623.4227 1102.4258 0.019607844 -32
3 623.4227 1102.4258 0.023529414 -49
4 623.4227 1102.4258 0.023529414 -65
5 623.4227 1102.4258 0.023529414 -99
6 621.95874 1102.4258 0.023529414 -132
7 620.2405 1102.4258 0.023529414 -165
8 616.9955 1100.7101 0.023529414 -181
9 612.28455 1099.0447 0.021568628 -196
10 586.1043 1092.9518 0.023529414 -213
11 534.9258 1088.399 0.023529414 -246
12 505.2886 1088.4331 0.023529414 -279
13 425.01407 1093.4819 0.023529414 -295
14 392.3277 1097.1816 0.023529414 -328
15 348.7666 1102.9841 0.023529414 -345
16 322.6493 1105.5479 0.023529414 -361
17 295.94363 1107.8433 0.023529414 -378
18 273.35727 1109.7595 0.023529414 -394
19 258.97714 1111.3971 0.023529414 -411
20 248.23242 1111.4211 0.023529414 -427
21 233.39594 1111.4211 0.023529414 -444
22 228.84322 1110.949 0.023529414 -477
23 225.61624 1109.3347 0.023529414 -494
24 222.29457 1107.6733 0.023529414 -510
25 219.07906 1106.0648 0.023529414 -527
26 217.79037 1104.4169 0.023529414 -543
27 214.56125 1103.4253 0.023529414 -560
28 212.93102 1103.4253 0.023529414 -593
29 209.76025 1104.4703 0.023529414 -609
30 206.31514 1110.4093 0.023529414 -642
31 204.46352 1120.8464 0.023529414 -659
32 202.80276 1139.5104 0.023529414 -675
33 198.9403 1170.2698 0.023529414 -692
34 192.44481 1213.974 0.023529414 -708
35 188.72682 1250.4315 0.023529414 -725
36 182.09946 1304.9222 0.023529414 -741
37 174.95654 1362.342 0.023529414 -758
38 170.33981 1408.9558 0.023529414 -774
39 165.03447 1454.6816 0.023529414 -791
40 158.05162 1522.6232 0.023529414 -807
41 147.71547 1611.9336 0.023529414 -824
42 131.28046 1697.4358 0.023529414 -857
43 123.8853 1745.5908 0.023529414 -890
44 120.80274 1767.5063 0.023529414 -923
45 118.96165 1772.8612 0.023529414 -956
46 117.16875 1776.5201 0.023529414 -973
47 113.63024 1781.3367 0.023529414 -989
48 112.03482 1784.0708 0.023529414 -1022
49 111.89639 1785.0702 0.023529414 -1055
50 111.89639 1785.0702 0.023529414 -1088
51 111.89639 1785.0702 0.023529414 -1121
52 110.39778 1785.0702 0.023529414 -1138
53 109.89824 1785.0702 0.023529414 -1153
54 106.90102 1785.0702 0.021568628 -1187
55 105.90195 1785.0702 0.021568628 -1230
0 632.4144 1085.4347 0.01764706 -61
1 631.51587 1085.4347 0.01764706 -61
2 599.5819 1086.6942 0.019607844 -74
3 570.9147 1088.4658 0.019607844 -119
4 526.3893 1091.585 0.019607844 -136
5 473.8116 1096.7037 0.019607844 -152
6 430.952 1099.541 0.023529414 -169
7 389.9842 1103.693 0.023529414 -185
8 333.18704 1108.6312 0.023529414 -202
9 291.3252 1112.5482 0.023529414 -218
10 255.37888 1114.4248 0.023529414 -235
11 226.32477 1116.716 0.023529414 -251
12 208.57436 1118.3408 0.023529414 -268
13 197.48055 1118.9733 0.023529414 -284
14 190.3883 1119.417 0.023529414 -301
15 186.33557 1119.417 0.023529414 -317
16 184.48618 1119.417 0.023529414 -334
17 182.83147 1118.4175 0.023529414 -350
18 181.20137 1118.4175 0.023529414 -367
19 179.5802 1118.4175 0.023529414 -383
20 177.9458 1118.4175 0.023529414 -400
21 176.31422 1118.9397 0.023529414 -416
22 174.69814 1121.6959 0.023529414 -433
23 172.99582 1127.6327 0.023529414 -449
24 169.80255 1149.723 0.023529414 -466
25 167.65308 1177.6453 0.023529414 -482
26 163.12842 1218.9431 0.023529414 -499
27 158.71158 1287.5928 0.023529414 -515
28 151.06676 1390.2783 0.023529414 -532
29 146.30385 1455.4244 0.023529414 -565
30 139.9454 1515.6982 0.023529414 -581
31 133.99739 1560.678 0.023529414 -598
32 126.09405 1636.0398 0.023529414 -614
33 124.14536 1664.7488 0.023529414 -647
34 121.75414 1683.2223 0.023529414 -664
35 119.51136 1696.7621 0.023529414 -680
36 117.70983 1703.8373 0.023529414 -696
37 117.89084 1709.2263 0.023529414 -713
38 117.03238 1712.8263 0.023529414 -729
39 115.89269 1714.768 0.023529414 -746
40 115.89269 1716.606 0.023529414 -762
41 115.89269 1718.4287 0.023529414 -779
42 115.89269 1720.2487 0.023529414 -795
43 115.89269 1721.0377 0.023529414 -812
44 115.89269 1721.8522 0.023529414 -828
45 115.89269 1723.1025 0.023529414 -845
46 115.89269 1723.1025 0.023529414 -878
47 115.89269 1723.1025 0.023529414 -898
48 115.89269 1723.1025 0.023529414 -934
49 115.89269 1723.1025 0.023529414 -960
50 115.89269 1723.1025 0.023529414 -977
51 115.07467 1723.1025 0.023529414 -993
52 114.893616 1723.1025 0.023529414 -1010
53 114.893616 1723.1025 0.023529414 -1026
54 113.85753 1723.1025 0.023529414 -1043
55 113.89455 1723.1025 0.023529414 -1076
56 113.89455 1723.1025 0.023529414 -1092
57 113.89455 1723.1025 0.023529414 -1108
58 113.89455 1723.1025 0.023529414 -1142
59 113.89455 1723.1025 0.021568628 -1149
0 642.4052 1027.4648 0.01764706 -67
1 642.4052 1027.4648 0.01764706 -67
2 633.56836 1025.2546 0.01764706 -80
3 601.00024 1019.8621 0.01764706 -113
4 571.34735 1016.0445 0.019607844 -146
5 520.99396 1011.4713 0.019607844 -163
6 478.39084 1010.4737 0.019607844 -179
7 437.9347 1010.4737 0.021568628 -196
8 402.98703 1011.19116 0.021568628 -212
9 361.2599 1014.3841 0.023529414 -229
10 315.404 1021.976 0.023529414 -246
11 286.67133 1025.0989 0.023529414 -262
12 232.64795 1032.7673 0.023529414 -279
13 219.01297 1034.2876 0.023529414 -312
14 206.02419 1035.9067 0.023529414 -329
15 200.36003 1035.4607 0.023529414 -356
16 197.16394 1035.4607 0.023529414 -372
17 195.32721 1035.4607 0.023529414 -389
18 192.00967 1035.4607 0.023529414 -405
19 188.72888 1036.5565 0.023529414 -438
20 187.82608 1049.4302 0.023529414 -471
21 187.82608 1064.2238 0.023529414 -504
22 188.24107 1137.6079 0.023529414 -521
23 186.50323 1180.1632 0.023529414 -554
24 184.05562 1296.5702 0.023529414 -570
25 181.55188 1408.8267 0.023529414 -603
26 176.91606 1515.7328 0.023529414 -636
27 173.83904 1564.1853 0.023529414 -669
28 172.83997 1581.1764 0.023529414 -688
29 170.84181 1612.1603 0.023529414 -715
30 168.58554 1639.7296 0.023529414 -715
31 167.84459 1657.0972 0.023529414 -736
32 166.84552 1673.5348 0.023529414 -752
33 165.10399 1684.8381 0.023529414 -768
34 164.28946 1692.3522 0.023529414 -785
35 163.8483 1698.2999 0.023529414 -801
36 163.8483 1700.2605 0.023529414 -818
37 163.8483 1702.1285 0.023529414 -834
38 163.8483 1703.9338 0.023529414 -851
39 163.8483 1707.5581 0.023529414 -867
40 163.8483 1708.1104 0.023529414 -900
41 163.8483 1710.2223 0.023529414 -917
42 163.8483 1711.0404 0.023529414 -933
43 163.8483 1712.832 0.023529414 -950
44 163.8483 1714.6069 0.023529414 -966
45 163.8483 1715.3021 0.023529414 -982
46 163.8483 1715.1067 0.023529414 -999
47 163.8483 1715.1067 0.023529414 -1016
48 163.8483 1715.1067 0.023529414 -1032
49 163.8483 1715.1067 0.019607844 -1058
50 163.8483 1715.1067 0.019607844 -1131
0 628.41815 1014.4716 0.01764706 -150
1 620.6867 1014.4716 0.01764706 -150
2 604.2007 1015.0386 0.019607844 -174
3 579.7625 1016.7838 0.019607844 -191
4 552.328 1019.5415 0.019607844 -207
5 508.83264 1022.07367 0.019607844 -224
6 465.11707 1026.0272 0.021568628 -240
7 431.73773 1031.0728 0.021568628 -257
8 359.97244 1037.7963 0.023529414 -273
9 319.63547 1041.5762 0.023529414 -306
10 307.17087 1043.2748 0.023529414 -339
11 296.72525 1043.4565 0.023529414 -356
12 287.8853 1043.4565 0.023529414 -372
13 285.0678 1042.457 0.021568628 -405
14 283.3583 1041.0784 0.021568628 -422
15 281.6065 1039.3259 0.021568628 -439
16 279.89133 1039.4586 0.021568628 -455
17 278.18747 1039.4586 0.021568628 -472
18 276.49 1039.4586 0.023529414 -488
19 274.78244 1039.4586 0.023529414 -505
20 273.10297 1041.7457 0.023529414 -521
21 271.42007 1045.1128 0.023529414 -538
22 266.09198 1071.6898 0.023529414 -554
23 261.6532 1132.292 0.023529414 -587
24 259.7595 1150.4008 0.023529414 -620
25 256.76227 1191.3795 0.023529414 -629
26 250.7678 1250.3488 0.023529414 -658
27 246.8149 1329.1788 0.023529414 -658
28 241.22076 1398.0541 0.023529414 -686
29 237.67055 1444.4509 0.023529414 -703
30 229.5112 1514.5597 0.023529414 -719
31 227.7891 1530.203 0.023529414 -752
32 225.79094 1554.1904 0.023529414 -760
33 219.79648 1592.1707 0.023529414 -787
34 214.01933 1637.842 0.023529414 -787
35 207.7551 1671.366 0.023529414 -818
36 205.11777 1690.1965 0.023529414 -851
37 202.81221 1698.7046 0.023529414 -884
38 200.8055 1703.1215 0.023529414 -917
39 200.81406 1703.9752 0.023529414 -950
40 200.81406 1705.1119 0.023529414 -967
41 200.31978 1706.1113 0.023529414 -983
42 199.31546 1706.1113 0.023529414 -1000
43 199.81499 1706.1113 0.023529414 -1009
44 198.81592 1706.1113 0.023529414 -1031
45 198.81592 1706.1113 0.023529414 -1066
46 198.81592 1706.1113 0.023529414 -1082
47 198.81592 1706.1113 0.023529414 -1099
48 198.81592 1706.1113 0.019607844 -1148
49 198.81592 1706.1113 0.019607844 -1157
0 629.41724 1016.4706 0.01764706 -82
1 629.2579 1016.4174 0.01764706 -82
2 606.0785 1012.73645 0.019607844 -92
3 550.5821 1010.22955 0.019607844 -125
4 472.3286 1013.8836 0.021568628 -157
5 434.92755 1015.9313 0.021568628 -190
6 408.88138 1015.3551 0.023529414 -207
7 381.9688 1014.4716 0.023529414 -223
8 352.3581 1013.4721 0.023529414 -240
9 319.22177 1008.53937 0.023529414 -256
10 292.07788 1005.2405 0.021568628 -289
11 282.88812 1002.5078 0.021568628 -322
12 276.17572 1000.83655 0.021568628 -339
13 270.76062 999.15 0.021568628 -355
14 265.6649 997.45074 0.021568628 -372
15 261.64862 995.7783 0.021568628 -388
16 257.925 994.0641 0.023529414 -405
17 254.55354 993.3772 0.023529414 -421
18 250.40178 993.48254 0.023529414 -438
19 248.72006 993.48254 0.023529414 -471
20 247.04349 994.2099 0.023529414 -487
21 243.74382 1006.62823 0.023529414 -504
22 241.77614 1057.1116 0.023529414 -537
23 239.62907 1097.1545 0.023529414 -570
24 234.08043 1214.6659 0.023529414 -586
25 228.78587 1274.6953 0.023529414 -619
26 224.61337 1327.9882 0.023529414 -636
27 218.39462 1392.5602 0.023529414 -652
28 217.79834 1399.2711 0.023529414 -669
29 215.80019 1427.2566 0.023529414 -670
30 210.80481 1476.2311 0.023529414 -698
31 202.81221 1598.041 0.023529414 -698
32 199.35953 1649.0675 0.023529414 -752
33 195.60109 1686.8639 0.023529414 -785
34 194.66368 1698.052 0.023529414 -818
35 194.81961 1704.0798 0.023529414 -834
36 193.82054 1709.6104 0.023529414 -851
37 193.82054 1711.61 0.023529414 -884
38 193.82054 1714.1072 0.023529414 -900
39 193.82054 1714.1072 0.023529414 -933
40 193.82054 1714.1072 0.021568628 -950
41 193.82054 1714.1072 0.021568628 -999
42 193.82054 1714.1072 0.019607844 -1016
43 194.81961 1714.1072 0.019607844 -1032
44 194.81961 1713.1077 0.01764706 -1055
0 632.4144 1023.4669 0.01764706 -66
1 630.93085 1023.4669 0.01764706 -66
2 624.7328 1023.4669 0.01764706 -82
3 613.4186 1024.7539 0.01764706 -99
4 591.3216 1026.5522 0.01764706 -115
5 558.5808 1028.3005 0.01764706 -131
6 520.8375 1030.0398 0.019607844 -148
7 483.79758 1030.4633 0.019607844 -164
8 445.32895 1031.5199 0.019607844 -181
9 403.30652 1031.4628 0.019607844 -197
10 364.7333 1031.4628 0.019607844 -214
11 335.49503 1031.4628 0.021568628 -230
12 308.97464 1032.245 0.021568628 -247
13 283.96564 1031.0116 0.021568628 -263
14 268.91376 1031.4628 0.023529414 -280
15 257.94708 1029.6613 0.023529414 -296
16 250.9026 1027.9984 0.021568628 -313
17 247.58066 1027.4648 0.023529414 -329
18 244.97514 1025.6677 0.021568628 -346
19 243.29623 1023.98816 0.021568628 -362
20 242.7752 1022.46747 0.019607844 -379
21 242.7752 1022.46747 0.019607844 -412
22 242.7752 1028.7854 0.021568628 -445
23 241.48907 1041.7561 0.023529414 -478
24 238.79163 1064.3566 0.023529414 -494
25 235.39293 1101.2631 0.023529414 -511
26 230.53304 1145.849 0.023529414 -527
27 228.67928 1190.1047 0.023529414 -544
28 221.79463 1304.3207 0.023529414 -560
29 221.79463 1342.3009 0.023529414 -588
30 218.79741 1472.2332 0.023529414 -633
31 216.79926 1501.218 0.023529414 -633
32 208.80666 1624.154 0.023529414 -678
33 207.80759 1642.1447 0.021568628 -678
34 206.80852 1659.1359 0.021568628 -686
35 203.81128 1683.1233 0.021568628 -713
36 201.42981 1693.42 0.023529414 -713
37 200.81406 1708.0918 0.021568628 -725
38 200.81406 1711.0104 0.021568628 -758
39 200.81406 1712.8639 0.021568628 -774
40 200.81406 1714.1072 0.021568628 -791
41 200.81406 1714.1072 0.021568628 -807
42 200.81406 1714.1072 0.021568628 -824
43 200.81406 1715.6064 0.021568628 -840
44 200.81406 1715.1067 0.021568628 -852
45 200.81406 1715.1067 0.019607844 -873
46 200.81406 1715.1067 0.019607844 -906
47 201.81314 1715.1067 0.019607844 -918
0 623.4227 984.48724 0.01764706 -58
1 622.65076 984.48724 0.01764706 -58
2 597.2952 989.3433 0.01764706 -70
3 540.4757 994.43195 0.019607844 -103
4 452.185 995.4815 0.019607844 -136
5 418.24506 996.2129 0.019607844 -169
6 382.6457 996.48096 0.019607844 -186
7 320.18964 996.48096 0.019607844 -202
8 282.56232 993.194 0.019607844 -236
9 258.19855 993.48254 0.019607844 -269
10 251.64482 993.48254 0.019607844 -302
11 243.99939 992.70825 0.019607844 -318
12 242.29688 992.48303 0.019607844 -352
13 239.51752 992.48303 0.019607844 -368
14 236.78076 994.31854 0.021568628 -396
15 236.78076 1017.6115 0.023529414 -429
16 234.25356 1053.6295 0.023529414 -462
17 229.3687 1101.6697 0.023529414 -478
18 215.00456 1202.152 0.023529414 -495
19 192.59525 1353.9891 0.023529414 -528
20 178.66951 1461.7792 0.023529414 -561
21 165.98393 1563.7819 0.023529414 -594
22 160.69603 1595.2554 0.023529414 -627
23 156.98041 1618.4025 0.023529414 -644
24 152.14186 1635.3002 0.023529414 -660
25 148.59053 1649.0927 0.023529414 -677
26 146.8807 1659.0524 0.023529414 -693
27 145.86494 1664.67 0.023529414 -710
28 144.86586 1667.8167 0.023529414 -726
29 144.86586 1671.4366 0.023529414 -743
30 144.86586 1672.129 0.023529414 -776
31 144.86586 1672.129 0.021568628 -792
32 144.86586 1672.129 0.019607844 -809
33 144.86586 1672.129 0.019607844 -825
0 620.42554 1001.4784 0.01764706 0
1 620.42554 1001.4784 0.01764706 -15
2 615.51495 1001.4784 0.01764706 -33
3 606.63605 1001.4784 0.01764706 -50
4 586.8073 1001.4784 0.01764706 -66
5 526.79114 1002.71375 0.019607844 -83
6 427.74863 1006.20874 0.019607844 -116
7 389.45395 1007.9613 0.021568628 -149
8 352.77423 1008.47473 0.023529414 -166
9 314.6169 1009.40607 0.023529414 -182
10 285.89862 1010.4737 0.023529414 -199
11 265.37796 1010.4737 0.023529414 -215
12 248.10294 1010.4737 0.023529414 -232
13 224.76955 1010.4737 0.023529414 -248
14 216.1413 1009.4742 0.023529414 -281
15 214.80112 1009.4742 0.023529414 -314
16 213.80203 1009.4742 0.023529414 -325
17 210.80481 1009.4742 0.023529414 -364
18 210.80481 1009.4742 0.023529414 -364
19 210.80481 1010.4737 0.023529414 -384
20 211.20885 1012.28156 0.023529414 -384
21 217.26006 1032.9478 0.023529414 -397
22 228.57072 1099.9036 0.021568628 -430
23 234.78261 1225.6783 0.023529414 -463
24 234.78261 1242.3529 0.023529414 -495
25 234.78261 1280.3331 0.023529414 -499
26 232.78445 1350.2966 0.023529414 -527
27 224.79185 1450.2446 0.023529414 -527
28 220.79556 1486.2258 0.023529414 -545
29 216.79926 1522.2072 0.023529414 -563
30 187.79549 1692.2819 0.023529414 -563
31 184.10156 1726.0607 0.023529414 -627
32 182.1219 1743.7675 0.023529414 -643
33 180.83257 1753.295 0.023529414 -660
34 180.83257 1759.2979 0.023529414 -676
35 180.83257 1762.4854 0.023529414 -693
36 180.83257 1764.1853 0.023529414 -709
37 182.60146 1766.0801 0.019607844 -726
38 185.90004 1766.7705 0.019607844 -759
39 187.82608 1767.0796 0.01764706 -775
40 187.82608 1767.0796 0.01764706 -787
0 446.5865 990.4841 0.015686275 -187
1 438.87198 989.4846 0.01764706 -187
2 418.7594 989.4846 0.019607844 -210
3 389.72394 991.4794 0.019607844 -226
4 364.39465 993.2161 0.019607844 -243
5 343.33673 993.48254 0.019607844 -259
6 324.81775 994.482 0.019607844 -276
7 304.57425 994.482 0.021568628 -292
8 298.99292 994.482 0.021568628 -325
9 295.78305 994.482 0.021568628 -342
10 293.07788 994.482 0.023529414 -358
11 291.43784 994.482 0.023529414 -375
12 289.69284 994.482 0.023529414 -391
13 288.01132 996.92474 0.023529414 -408
14 286.7345 999.47943 0.023529414 -424
15 285.73544 1002.47784 0.023529414 -437
16 280.74005 1024.4664 0.023529414 -475
17 277.74283 1039.4586 0.023529414 -475
18 275.7447 1056.4497 0.023529414 -485
19 270.7493 1095.4294 0.023529414 -514
20 266.75302 1132.4102 0.023529414 -514
21 263.7558 1163.394 0.023529414 -524
22 257.76132 1219.3649 0.023529414 -553
23 254.76411 1249.3492 0.023529414 -553
24 473.56152 722.6236 0.019607844 -571
25 456.57724 719.6252 0.019607844 -571
26 456.57724 719.6252 0.019607844 -590
27 552.48846 983.48773 0.019607844 -610
28 552.48846 983.48773 0.019607844 -610
29 234.78261 1445.2472 0.023529414 -628
30 232.78445 1462.2384 0.023529414 -628
31 223.79279 1515.2108 0.023529414 -664
32 221.79463 1527.2046 0.023529414 -664
33 219.79648 1537.1993 0.023529414 -673
34 215.80019 1563.1858 0.023529414 -717
35 212.80296 1579.8579 0.023529414 -717
36 212.80296 1581.7169 0.023529414 -769
37 212.80296 1583.5452 0.023529414 -786
38 211.64886 1585.3293 0.023529414 -802
39 211.8039 1588.2301 0.023529414 -819
40 209.92966 1595.6727 0.023529414 -835
41 208.80666 1601.166 0.025490198 -852
42 207.80759 1607.1628 0.023529414 -862
43 205.80943 1629.1515 0.023529414 -898
44 203.81128 1640.1458 0.023529414 -898
45 202.81221 1651.14 0.023529414 -907
46 199.81499 1682.1239 0.025490198 -942
47 196.70276 1693.54 0.023529414 -942
48 193.26901 1708.5422 0.023529414 -952
49 189.38385 1723.4247 0.025490198 -967
50 188.82516 1724.3646 0.023529414 -1000
51 188.82516 1725.1014 0.023529414 -1017
52 188.82516 1725.1014 0.023529414 -1032
0 679.371 988.48517 0.01764706 -76
1 676.8772 988.48517 0.019607844 -76
2 659.8905 988.48517 0.019607844 -100
3 610.1929 989.2685 0.019607844 -133
4 573.6934 990.4841 0.019607844 -166
5 540.84064 990.4841 0.019607844 -183
6 467.74997 989.4846 0.019607844 -199
7 399.6491 990.4841 0.021568628 -232
8 349.6762 991.4836 0.021568628 -265
9 316.9871 991.4836 0.021568628 -298
10 305.9566 991.4836 0.021568628 -331
11 298.96576 991.4836 0.021568628 -348
12 293.10776 991.4836 0.021568628 -364
13 289.73175 991.4836 0.023529414 -381
14 286.43747 991.4836 0.021568628 -397
15 283.90305 991.4836 0.021568628 -414
16 282.26465 991.4836 0.023529414 -430
17 280.618 993.6046 0.023529414 -447
18 280.618 993.6046 0.023529414 -463
19 276.74374 1015.47107 0.023529414 -491
20 275.7447 1028.4644 0.021568628 -491
21 275.7447 1042.457 0.021568628 -501
22 270.7493 1081.4368 0.021568628 -531
23 263.7558 1121.4159 0.023529414 -531
24 258.7604 1151.4003 0.023529414 -541
25 507.53006 787.5898 0.019607844 -571
26 506.531 800.583 0.019607844 -571
27 481.5541 797.5846 0.025490198 -590
28 212.80296 1453.243 0.023529414 -638
29 208.80666 1489.2244 0.023529414 -638
30 205.80943 1512.2124 0.023529414 -647
31 199.81499 1557.189 0.023529414 -683
32 195.7248 1581.74 0.023529414 -683
33 193.95486 1588.7692 0.023529414 -711
34 192.82146 1592.3901 0.023529414 -727
35 192.82146 1595.9431 0.023529414 -744
36 192.82146 1597.3273 0.023529414 -760
37 191.82033 1598.1676 0.023529414 -777
38 191.07684 1599.1671 0.023529414 -793
39 190.82332 1599.1671 0.023529414 -810
40 189.64772 1600.1665 0.023529414 -826
41 189.82423 1600.1665 0.023529414 -843
42 189.82423 1600.8832 0.023529414 -859
43 188.82516 1601.166 0.023529414 -876
44 188.82516 1601.166 0.023529414 -909
45 188.82516 1601.166 0.023529414 -921
46 190.38043 1601.166 0.021568628 -958
47 190.82332 1601.166 0.019607844 -975
48 193.82054 1601.166 0.019607844 -979
0 665.3839 973.4929 0.01764706 -78
1 658.18286 975.02673 0.019607844 -78
2 646.5662 976.7534 0.019607844 -110
3 627.54736 979.6482 0.019607844 -126
4 627.54736 979.6482 0.019607844 -142
5 572.4699 984.48724 0.019607844 -170
6 553.4875 985.4867 0.019607844 -170
7 515.52264 987.48566 0.019607844 -198
8 454.4746 991.97687 0.019607844 -198
9 391.8738 997.8257 0.021568628 -225
10 379.64847 998.4799 0.021568628 -258
11 366.6605 999.47943 0.021568628 -266
12 344.68085 1000.4789 0.023529414 -295
13 326.92606 1000.4789 0.023529414 -295
14 320.96158 1000.4789 0.023529414 -324
15 317.21252 1000.4789 0.023529414 -340
16 314.78482 1000.4789 0.023529414 -357
17 313.16263 1000.4789 0.023529414 -373
18 311.4869 1000.4789 0.023529414 -390
19 309.79492 1001.39667 0.023529414 -406
20 308.71414 1002.47784 0.023529414 -423
21 307.7151 1005.4763 0.023529414 -434
22 304.71786 1029.4637 0.023529414 -473
23 304.71786 1069.2445 0.023529414 -473
24 304.71786 1079.4377 0.023529414 -489
25 303.71878 1111.4211 0.023529414 -492
26 300.72156 1176.3873 0.023529414 -521
27 299.72247 1212.3685 0.023529414 -521
28 295.7262 1249.3492 0.023529414 -530
29 406.6235 688.6413 0.019607844 -550
30 406.6235 688.6413 0.019607844 -550
31 288.73267 1355.2941 0.023529414 -559
32 284.73636 1393.2743 0.023529414 -559
33 278.7419 1427.2566 0.023529414 -568
34 275.7447 1454.2426 0.023529414 -587
35 271.74838 1481.2285 0.023529414 -587
36 267.75208 1505.216 0.023529414 -596
37 261.75763 1533.2014 0.023529414 -614
38 256.76227 1552.1915 0.023529414 -614
39 253.76503 1567.1837 0.023529414 -631
40 247.77058 1587.1733 0.023529414 -631
41 245.77243 1593.1702 0.023529414 -650
0 703.34875 1007.4752 0.01764706 -9
1 703.34875 1007.4752 0.01764706 -18
2 701.7388 1006.6699 0.01764706 -44
3 697.5219 1004.8659 0.019607844 -60
4 684.6967 1004.4768 0.019607844 -77
5 672.3348 1003.47125 0.019607844 -110
6 648.62415 1002.70807 0.019607844 -126
7 622.05804 1000.95575 0.019607844 -143
8 592.7419 999.2026 0.019607844 -160
9 515.15326 995.7126 0.019607844 -176
10 473.65372 993.48254 0.019607844 -209
11 441.32446 992.30164 0.019607844 -226
12 379.86157 994.482 0.021568628 -242
13 346.06335 997.42566 0.021568628 -275
14 336.56793 997.48047 0.021568628 -308
15 329.56805 997.48047 0.023529414 -325
16 325.81287 997.48047 0.023529414 -341
17 323.0939 997.48047 0.021568628 -358
18 321.44006 997.48047 0.021568628 -374
19 319.75067 997.48047 0.021568628 -391
20 318.0729 998.11273 0.023529414 -407
21 316.37183 1001.149 0.023529414 -424
22 315.70767 1003.47736 0.023529414 -440
23 313.70953 1010.4737 0.023529414 -447
24 550.4903 669.6512 0.019607844 -496
25 550.4903 669.6512 0.019607844 -496
26 550.4903 728.6205 0.019607844 -515
27 542.4977 788.58923 0.019607844 -515
28 518.5199 792.58716 0.025490198 -544
29 267.75208 1362.2904 0.023529414 -563
30 264.75485 1392.2748 0.023529414 -563
31 394.6346 807.57935 0.019607844 -572
32 383.2822 970.664 0.019607844 -572
33 382.72052 1019.7949 0.019607844 -639
34 381.90427 1030.1741 0.019607844 -671
35 380.64755 1040.9696 0.019607844 -688
36 380.64755 1043.7006 0.019607844 -721
37 380.64755 1045.5513 0.019607844 -737
38 380.64755 1046.455 0.019607844 -754
39 381.46848 1048.0974 0.01764706 -770
40 383.34885 1050.1569 0.01764706 -787
41 384.64386 1051.4524 0.01764706 -803
42 384.64386 1051.4524 0.01764706 -814
0 691.35986 1002.47784 0.01764706 -95
1 688.32227 1000.7986 0.01764706 -95
2 671.3314 1002.81885 0.01764706 -119
3 653.9716 1004.619 0.019607844 -152
4 626.3793 1006.37787 0.019607844 -168
5 597.9325 1007.4752 0.019607844 -185
6 567.0119 1010.303 0.019607844 -201
7 542.68 1011.59424 0.019607844 -218
8 513.1347 1013.28284 0.019607844 -234
9 481.87387 1014.4716 0.019607844 -251
10 454.0872 1014.4716 0.019607844 -267
11 413.70203 1014.4716 0.019607844 -284
12 384.75308 1014.4716 0.021568628 -317
13 375.2536 1014.4716 0.021568628 -350
14 369.0014 1013.91956 0.021568628 -366
15 363.99796 1013.4721 0.021568628 -383
16 360.75784 1013.4721 0.021568628 -399
17 359.02466 1013.4721 0.021568628 -416
18 357.3222 1013.4721 0.021568628 -432
19 355.6106 1013.4721 0.021568628 -449
20 353.91025 1015.7571 0.021568628 -465
21 351.67438 1023.4669 0.021568628 -482
22 349.67624 1032.4623 0.021568628 -494
23 347.67807 1058.4487 0.019607844 -523
24 346.67902 1078.4382 0.021568628 -523
25 577.46533 741.6137 0.019607844 -552
26 579.46344 784.5914 0.019607844 -552
27 494.54208 759.6044 0.019607844 -581
28 474.5606 769.5991 0.019607844 -599
29 474.5606 769.5991 0.019607844 -599
30 313.70953 1428.2561 0.021568628 -625
31 305.71692 1475.2316 0.021568628 -625
32 300.72156 1497.2202 0.021568628 -644
33 290.7308 1543.1962 0.023529414 -679
34 286.7345 1558.1884 0.021568628 -679
35 283.73727 1569.1827 0.023529414 -688
36 271.74838 1600.1665 0.019607844 -893
37 271.74838 1600.1665 0.019607844 -893
38 273.74652 1600.1665 0.01764706 -901
0 676.3737 966.4966 0.01764706 -87
1 676.3737 966.4966 0.01764706 -87
2 663.4949 967.8111 0.019607844 -111
3 647.52856 969.5919 0.019607844 -144
4 621.24896 972.2246 0.019607844 -161
5 586.58936 973.7183 0.019607844 -177
6 551.22705 975.8548 0.019607844 -194
7 483.85828 977.49084 0.019607844 -210
8 407.9097 979.4898 0.019607844 -243
9 355.40002 978.73883 0.019607844 -276
10 336.07132 976.9781 0.019607844 -309
11 323.15143 975.2706 0.019607844 -326
12 314.824 974.5155 0.019607844 -342
13 308.60648 973.79016 0.019607844 -359
14 304.862 973.4929 0.019607844 -375
15 301.53757 973.4929 0.019607844 -392
16 297.9343 973.4929 0.019607844 -408
17 296.08752 973.4929 0.019607844 -425
18 292.59418 974.62726 0.019607844 -441
19 291.7299 981.7783 0.019607844 -474
20 290.7308 993.48254 0.019607844 -491
21 289.73172 1006.47577 0.019607844 -501
22 287.73358 1048.4539 0.019607844 -530
23 285.53592 1076.3351 0.019607844 -530
24 268.53943 1278.8772 0.019607844 -540
25 266.75302 1300.3228 0.019607844 -590
26 264.75485 1336.304 0.019607844 -595
27 261.75763 1370.2863 0.019607844 -613
28 256.76227 1432.254 0.019607844 -613
29 250.7678 1477.2306 0.019607844 -631
30 244.77336 1530.203 0.019607844 -657
31 240.77705 1550.1926 0.019607844 -657
32 237.77983 1565.1848 0.019607844 -666
33 235.78168 1578.178 0.019607844 -684
34 223.78693 1626.1647 0.019607844 -684
35 222.79372 1628.9988 0.019607844 -755
36 222.79372 1631.1504 0.019607844 -771
37 222.79372 1632.1499 0.019607844 -804
38 222.79372 1632.1499 0.019607844 -821
39 222.79372 1632.1499 0.019607844 -825
0 683.36725 979.4898 0.015686275 -64
1 683.36725 979.4898 0.015686275 -64
2 683.36725 979.4898 0.01764706 -81
3 680.1788 979.4898 0.01764706 -98
4 663.45215 978.49036 0.019607844 -114
5 610.8319 975.78253 0.019607844 -147
6 576.3387 973.48016 0.019607844 -180
7 538.55963 972.49347 0.019607844 -197
8 462.04196 972.49347 0.019607844 -213
9 393.47235 975.66754 0.019607844 -246
10 355.6725 976.4914 0.021568628 -279
11 345.0022 976.4914 0.021568628 -312
12 334.56006 977.49084 0.021568628 -329
13 329.59674 977.49084 0.021568628 -345
14 326.3417 977.49084 0.021568628 -362
15 322.97324 977.49084 0.019607844 -378
16 321.23584 977.49084 0.021568628 -411
17 318.7049 981.4888 0.021568628 -428
18 317.70584 987.48566 0.021568628 -452
19 314.70862 1027.4648 0.021568628 -481
20 314.70862 1048.4539 0.021568628 -481
21 312.71045 1073.4409 0.021568628 -501
22 308.71414 1133.4097 0.021568628 -501
23 303.71878 1193.3784 0.021568628 -520
24 296.72525 1270.3384 0.021568628 -548
25 291.7299 1343.3003 0.021568628 -548
26 288.73267 1375.2837 0.021568628 -567
27 282.73822 1452.2435 0.021568628 -594
28 277.74283 1493.2223 0.021568628 -594
29 275.7447 1510.2134 0.021568628 -612
30 273.74652 1534.2009 0.021568628 -639
31 270.33987 1554.6492 0.021568628 -639
32 267.75208 1569.5869 0.021568628 -661
33 267.75208 1575.6793 0.021568628 -692
34 267.75208 1577.5537 0.021568628 -725
35 267.75208 1578.178 0.019607844 -741
36 267.75208 1578.178 0.019607844 -758
37 269.49615 1578.178 0.019607844 -774
38 270.7493 1578.178 0.01764706 -807
39 270.7493 1577.1785 0.01764706 -818
0 705.3469 952.5039 0.01764706 -70
1 703.65247 952.5039 0.01764706 -70
2 676.8642 950.05426 0.019607844 -86
3 656.015 948.308 0.019607844 -119
4 626.053 947.5065 0.019607844 -135
5 583.8486 946.7412 0.019607844 -152
6 549.4373 947.5065 0.019607844 -168
7 515.99066 948.6825 0.021568628 -185
8 482.4148 949.50543 0.019607844 -201
9 440.16058 953.8118 0.019607844 -218
10 411.5662 954.50287 0.021568628 -234
11 387.3484 954.50287 0.021568628 -251
12 349.54883 956.5018 0.021568628 -267
13 340.2409 956.5018 0.021568628 -300
14 333.54285 956.5018 0.021568628 -317
15 329.8021 956.5018 0.023529414 -333
16 324.8987 956.5018 0.021568628 -350
17 323.20074 956.5018 0.021568628 -383
18 318.20535 966.4966 0.021568628 -400
19 318.20535 966.4966 0.021568628 -448
20 316.70676 997.48047 0.021568628 -472
21 315.70767 1017.47003 0.021568628 -472
22 313.70953 1095.4294 0.021568628 -501
23 309.71323 1133.4097 0.021568628 -501
24 401.6281 562.7069 0.019607844 -511
25 401.6281 562.7069 0.019607844 -511
26 561.4801 804.58093 0.019607844 -530
27 541.4986 1039.4586 0.019607844 -530
28 523.51526 1047.4545 0.025490198 -595
29 529.5097 1121.4159 0.019607844 -621
30 532.50696 1201.3743 0.019607844 -621
31 514.5236 1194.3779 0.025490198 -657
32 447.58557 1149.4014 0.019607844 -693
33 428.66998 1135.8619 0.019607844 -693
34 414.85767 1124.656 0.019607844 -714
35 414.6161 1124.4143 0.019607844 -762
36 414.6161 1124.4143 0.019607844 -765
37 256.76227 1660.1353 0.019607844 -807
38 257.76132 1661.1348 0.019607844 -807
39 259.7595 1661.1348 0.01764706 -815
0 756.29974 959.50024 0.01764706 -53
1 753.66766 959.50024 0.01764706 -53
2 742.1545 961.7886 0.019607844 -69
3 726.7766 965.2862 0.019607844 -86
4 706.4209 969.939 0.019607844 -102
5 681.01154 974.3937 0.019607844 -119
6 643.1624 979.846 0.019607844 -135
7 609.7692 983.2948 0.019607844 -152
8 578.19 987.725 0.019607844 -168
9 545.6601 991.2431 0.019607844 -185
10 501.19083 994.61646 0.019607844 -201
11 465.75214 998.1618 0.021568628 -218
12 437.9152 1000.5638 0.021568628 -234
13 413.3697 1004.5857 0.021568628 -251
14 393.31198 1008.2609 0.023529414 -267
15 371.12802 1011.17896 0.023529414 -284
16 365.45447 1012.8748 0.023529414 -317
17 361.51617 1012.47266 0.023529414 -333
18 358.94742 1012.47266 0.023529414 -350
19 357.3046 1012.47266 0.023529414 -366
20 355.63672 1012.47266 0.023529414 -383
21 353.96362 1012.47266 0.023529414 -399
22 352.29996 1012.47266 0.023529414 -416
23 350.6254 1015.5709 0.023529414 -432
24 349.67624 1018.46954 0.023529414 -449
25 346.67902 1029.4637 0.023529414 -458
26 337.68732 1076.4393 0.023529414 -497
27 334.6901 1096.429 0.023529414 -497
28 553.4875 852.55597 0.019607844 -556
29 553.4875 852.55597 0.019607844 -556
30 551.4894 913.5242 0.019607844 -574
31 551.4894 924.51843 0.019607844 -574
32 551.4894 924.51843 0.019607844 -584
33 552.48846 939.5106 0.019607844 -584
34 546.494 975.4919 0.019607844 -593
35 546.494 996.48096 0.019607844 -611
36 528.4927 1129.4836 0.019607844 -611
37 527.5116 1133.4097 0.019607844 -680
38 508.52914 1124.4143 0.025490198 -685
39 497.5393 1135.4086 0.019607844 -880
40 509.7322 1145.9066 0.019607844 -880
41 526.2235 1157.2527 0.019607844 -895
42 528.5106 1158.3966 0.01764706 -927
43 528.5106 1158.3966 0.01764706 -933
0 756.29974 933.5138 0.01764706 0
1 753.53357 933.5138 0.019607844 -8
2 743.3276 935.2249 0.019607844 -34
3 727.53723 938.9477 0.019607844 -50
4 709.40485 944.0369 0.019607844 -67
5 679.73737 950.4187 0.021568628 -83
6 600.14246 964.89276 0.021568628 -100
7 563.4783 969.49506 0.021568628 -133
8 544.49585 970.4945 0.021568628 -148
9 490.5458 974.49243 0.021568628 -176
10 434.15198 977.8629 0.021568628 -176
11 399.01462 980.57007 0.021568628 -199
12 369.07053 982.23065 0.021568628 -215
13 349.67624 983.48773 0.023529414 -232
14 338.6864 984.48724 0.023529414 -244
15 319.70398 986.4862 0.023529414 -283
16 315.70767 986.4862 0.023529414 -283
17 302.7197 987.48566 0.023529414 -372
18 301.72064 998.8314 0.021568628 -372
19 301.72064 1002.47784 0.023529414 -397
20 301.72064 1014.4716 0.021568628 -401
21 301.72064 1053.4513 0.021568628 -430
22 300.72156 1075.4398 0.021568628 -430
23 296.72525 1119.417 0.021568628 -439
24 353.67252 681.64496 0.019607844 -488
25 350.6753 694.6382 0.019607844 -488
26 350.6753 694.6382 0.019607844 -507
27 490.5458 1038.4591 0.019607844 -544
28 490.5458 1038.4591 0.019607844 -544
29 489.54672 1051.4524 0.019607844 -553
30 490.5458 1065.4451 0.019607844 -571
31 467.56708 1061.4471 0.025490198 -571
32 476.55875 1074.4404 0.019607844 -579
33 480.55505 1097.4283 0.019607844 -597
34 481.5541 1139.4719 0.019607844 -597
35 481.5541 1142.2356 0.019607844 -661
36 481.5541 1145.7722 0.019607844 -677
37 481.5541 1147.4023 0.019607844 -710
38 481.5541 1148.4019 0.019607844 -743
39 482.04507 1148.8931 0.019607844 -776
40 486.61755 1150.7566 0.019607844 -793
41 491.54486 1151.4003 0.019607844 -809
42 473.56152 1149.4014 0.027450982 -824
0 650.39777 958.50073 0.01764706 -44
1 650.39777 958.50073 0.01764706 -44
2 648.83167 959.2841 0.01764706 -53
3 645.1219 961.1398 0.019607844 -86
4 641.51465 962.94415 0.019607844 -102
5 636.98474 964.7102 0.019607844 -119
6 633.3854 966.5107 0.019607844 -135
7 628.1071 968.2661 0.019607844 -152
8 622.90454 970.001 0.019607844 -168
9 616.5802 972.91766 0.019607844 -185
10 607.4582 975.48773 0.019607844 -201
11 592.9911 980.6425 0.019607844 -218
12 574.1646 984.45154 0.019607844 -234
13 550.34125 988.9455 0.019607844 -251
14 521.4138 991.43085 0.019607844 -267
15 480.851 995.121 0.019607844 -284
16 444.17834 998.18585 0.019607844 -300
17 414.60138 1000.5385 0.021568628 -317
18 381.4989 1003.9682 0.021568628 -333
19 351.26117 1005.9122 0.021568628 -350
20 333.01642 1008.5361 0.021568628 -366
21 315.88757 1009.2563 0.021568628 -383
22 302.92743 1010.9388 0.021568628 -399
23 290.1016 1011.47314 0.021568628 -416
24 286.7874 1011.47314 0.021568628 -449
25 281.95743 1011.47314 0.021568628 -465
26 277.5397 1012.5743 0.021568628 -499
27 270.03622 1033.4592 0.021568628 -532
28 261.75577 1106.4489 0.021568628 -565
29 248.48203 1262.3732 0.021568628 -598
30 241.29785 1325.735 0.021568628 -631
31 234.9626 1386.3562 0.019607844 -647
32 227.04817 1456.9357 0.021568628 -664
33 222.72244 1495.8628 0.021568628 -680
34 219.152 1522.7224 0.021568628 -697
35 214.90913 1551.5432 0.021568628 -713
36 213.80203 1557.2205 0.021568628 -746
37 212.80296 1560.6577 0.021568628 -763
38 212.80296 1562.3806 0.019607844 -779
39 212.80296 1563.1858 0.019607844 -796
40 212.80296 1563.1858 0.019607844 -812
41 214.77066 1564.1853 0.019607844 -845
42 216.79926 1564.1853 0.01764706 -878
43 216.79926 1564.1853 0.01764706 -896
0 634.4126 995.4815 0.01764706 -111
1 628.5192 997.0402 0.019607844 -111
2 595.9713 1002.1102 0.019607844 -136
3 564.26196 1009.9952 0.019607844 -169
4 522.2928 1016.64526 0.019607844 -185
5 477.71878 1024.6991 0.019607844 -202
6 441.44318 1029.0789 0.019607844 -218
7 406.92697 1032.5515 0.019607844 -235
8 372.95956 1035.0865 0.019607844 -251
9 343.2003 1036.4602 0.019607844 -268
10 321.06854 1036.4602 0.019607844 -284
11 304.1232 1036.4602 0.019607844 -301
12 293.0265 1036.4602 0.019607844 -317
13 284.60333 1036.4602 0.019607844 -334
14 278.9246 1036.4602 0.019607844 -350
15 275.649 1036.4602 0.019607844 -367
16 272.20197 1036.4602 0.019607844 -383
17 269.2423 1036.4602 0.019607844 -400
18 265.8104 1036.4602 0.019607844 -416
19 264.04358 1036.4602 0.019607844 -449
20 262.3385 1036.4602 0.019607844 -466
21 260.6315 1036.5873 0.019607844 -482
22 259.17462 1057.4742 0.019607844 -499
23 258.7604 1081.7438 0.019607844 -532
24 255.33311 1157.5627 0.019607844 -548
25 251.3973 1258.3323 0.019607844 -581
26 248.45995 1303.0411 0.019607844 -614
27 243.02788 1355.0813 0.019607844 -631
28 234.8723 1428.0829 0.019607844 -647
29 230.75507 1472.577 0.021568628 -680
30 226.95276 1493.489 0.019607844 -713
31 225.0638 1503.8557 0.019607844 -730
32 223.79279 1515.981 0.019607844 -746
33 223.79279 1519.4536 0.019607844 -779
34 223.79279 1521.1643 0.019607844 -796
35 223.79279 1522.9391 0.019607844 -812
36 223.79279 1524.206 0.019607844 -829
37 223.79279 1524.206 0.019607844 -845
38 223.79279 1524.206 0.019607844 -862
39 223.79279 1525.2056 0.019607844 -873
40 223.79279 1525.2056 0.019607844 -911
41 224.30405 1525.2056 0.019607844 -926
42 226.66074 1525.2056 0.019607844 -944
43 227.7891 1525.2056 0.01764706 -961
44 228.78816 1525.2056 0.01764706 -965
0 673.3765 987.48566 0.01764706 -66
1 668.50275 987.48566 0.019607844 -66
2 655.3932 987.48566 0.019607844 -91
3 631.47156 986.4862 0.019607844 -107
4 550.7624 981.83203 0.019607844 -124
5 505.06226 980.03076 0.019607844 -157
6 466.3467 979.401 0.019607844 -173
7 427.59338 978.6716 0.019607844 -190
8 375.9737 978.49036 0.019607844 -206
9 340.60037 977.33673 0.019607844 -223
10 314.1767 978.3926 0.019607844 -239
11 286.59793 979.4898 0.019607844 -256
12 269.36072 979.4898 0.019607844 -272
13 259.03253 979.4898 0.019607844 -289
14 252.90466 979.4898 0.019607844 -305
15 249.21878 979.4898 0.019607844 -322
16 247.78416 979.4898 0.019607844 -338
17 246.11206 979.4898 0.019607844 -355
18 245.77243 979.4898 0.019607844 -371
19 245.77243 979.4898 0.019607844 -388
20 247.3596 988.6339 0.019607844 -404
21 249.27339 1012.0444 0.019607844 -421
22 249.76874 1048.8914 0.019607844 -437
23 249.76874 1048.8914 0.019607844 -454
24 248.76965 1153.3993 0.019607844 -480
25 247.77058 1190.38 0.019607844 -480
26 357.66882 617.6783 0.019607844 -490
27 365.0927 726.7905 0.019607844 -490
28 365.0319 820.77795 0.019607844 -536
29 366.6605 880.3787 0.019607844 -553
30 363.66327 1029.1897 0.019607844 -569
31 363.66327 1055.1382 0.019607844 -619
32 365.39456 1073.3038 0.019607844 -635
33 367.65958 1088.5603 0.019607844 -652
34 368.80652 1093.5784 0.019607844 -685
35 378.614 1100.4033 0.01764706 -718
36 381.64664 1101.4263 0.01764706 -751
37 381.64664 1101.4263 0.01764706 -759
0 701.3506 976.4914 0.01764706 -85
1 696.32227 976.4914 0.019607844 -85
2 664.5701 979.72424 0.019607844 -110
3 632.2402 982.609 0.019607844 -143
4 586.063 987.1655 0.019607844 -160
5 537.5541 990.0896 0.019607844 -176
6 495.39578 993.191 0.019607844 -193
7 454.39685 992.48303 0.019607844 -209
8 409.203 993.48254 0.019607844 -226
9 374.6133 993.48254 0.019607844 -242
10 350.84625 993.48254 0.019607844 -259
11 331.33505 993.48254 0.019607844 -275
12 320.14322 994.482 0.021568628 -292
13 311.6252 994.482 0.021568628 -308
14 308.46677 994.482 0.021568628 -325
15 305.11877 994.482 0.021568628 -341
16 303.2246 994.482 0.021568628 -358
17 301.56006 994.482 0.021568628 -374
18 299.78702 997.3513 0.021568628 -391
19 296.72525 1005.4763 0.021568628 -407
20 294.7271 1014.4716 0.019607844 -417
21 288.73267 1040.4581 0.021568628 -446
22 285.73544 1059.4481 0.021568628 -446
23 513.52454 725.6221 0.019607844 -475
24 511.15735 737.68567 0.019607844 -475
25 509.52823 744.6122 0.019607844 -490
26 509.52823 744.6122 0.019607844 -494
27 254.76411 1240.354 0.021568628 -513
28 222.04231 1441.3259 0.021568628 -513
29 211.8039 1541.1973 0.021568628 -572
30 210.80481 1551.192 0.021568628 -615
31 210.80481 1570.1821 0.021568628 -651
32 210.80481 1577.0571 0.021568628 -651
33 210.80481 1581.6644 0.019607844 -671
34 210.80481 1583.2485 0.019607844 -688
35 216.23064 1586.9838 0.019607844 -704
36 227.7891 1590.1718 0.01764706 -737
37 227.7891 1590.1718 0.01764706 -764
0 662.38666 926.5174 0.01764706 -61
1 656.197 926.5174 0.019607844 -61
2 640.43365 927.11444 0.019607844 -85
3 616.6304 930.3438 0.019607844 -102
4 586.989 934.9484 0.019607844 -118
5 552.6459 936.4513 0.019607844 -135
6 500.15225 938.51117 0.019607844 -151
7 459.62115 939.9431 0.019607844 -168
8 426.74933 939.5106 0.019607844 -184
9 396.959 940.4321 0.019607844 -201
10 355.6757 941.84216 0.019607844 -217
11 340.30942 941.5096 0.019607844 -250
12 332.38818 941.5096 0.019607844 -283
13 329.7596 941.5096 0.019607844 -316
14 328.04068 941.5096 0.019607844 -333
15 326.29727 942.9095 0.019607844 -349
16 322.50385 950.99854 0.019607844 -366
17 321.70212 968.3318 0.019607844 -382
18 320.0546 1017.6438 0.019607844 -399
19 313.33307 1114.9363 0.019607844 -415
20 308.01877 1167.1123 0.019607844 -448
21 295.38104 1248.4371 0.019607844 -465
22 287.93466 1305.8103 0.019607844 -481
23 276.70496 1405.7533 0.019607844 -498
24 269.21738 1496.4874 0.019607844 -531
25 266.75302 1535.2004 0.019607844 -564
26 266.75302 1543.1962 0.019607844 -592
27 263.7558 1558.1884 0.019607844 -619
28 262.7567 1564.407 0.019607844 -619
29 262.7567 1574.284 0.019607844 -630
30 262.7567 1577.0927 0.019607844 -663
31 261.75763 1578.9752 0.019607844 -679
32 261.75763 1580.8615 0.019607844 -696
33 260.75854 1582.1759 0.019607844 -712
34 260.75854 1584.308 0.019607844 -745
35 260.75854 1584.1749 0.019607844 -778
36 260.75854 1584.1749 0.01764706 -811
37 260.75854 1584.1749 0.01764706 -820
0 727.32654 934.51324 0.015686275 -9
1 727.32654 934.51324 0.01764706 -18
2 725.4428 934.51324 0.01764706 -36
3 716.6554 935.293 0.019607844 -52
4 684.2336 943.6357 0.019607844 -69
5 656.90594 951.5937 0.019607844 -102
6 630.6296 958.65796 0.019607844 -118
7 587.6208 965.92896 0.019607844 -135
8 553.48755 970.99426 0.019607844 -151
9 525.35675 973.9817 0.019607844 -167
10 492.65482 976.48486 0.019607844 -184
11 455.04346 979.88245 0.019607844 -201
12 428.30563 981.9084 0.019607844 -217
13 408.2331 983.6034 0.021568628 -234
14 389.87445 984.2841 0.021568628 -250
15 376.8005 985.4867 0.021568628 -267
16 366.94724 985.4867 0.021568628 -283
17 358.4875 985.4867 0.021568628 -300
18 353.2017 985.4867 0.021568628 -316
19 348.24768 985.4867 0.021568628 -333
20 344.93732 985.4867 0.021568628 -349
21 342.582 985.4867 0.021568628 -366
22 339.1992 985.4867 0.021568628 -382
23 330.85757 985.4867 0.021568628 -399
24 320.83316 987.44226 0.023529414 -432
25 317.33304 989.85754 0.023529414 -465
26 312.65573 995.88763 0.023529414 -481
27 304.24063 1031.7169 0.023529414 -498
28 301.72064 1071.6161 0.021568628 -531
29 300.77725 1172.4937 0.021568628 -547
30 294.4711 1303.7208 0.021568628 -580
31 288.95737 1354.1078 0.021568628 -613
32 288.95737 1354.1078 0.021568628 -630
33 278.7419 1443.2483 0.021568628 -656
34 270.18488 1500.1301 0.021568628 -656
35 260.37146 1563.1232 0.021568628 -679
36 253.87688 1615.8151 0.021568628 -712
37 248.76965 1647.1896 0.021568628 -745
38 248.76965 1650.8682 0.021568628 -795
39 248.76965 1652.339 0.021568628 -811
40 248.76965 1653.1389 0.019607844 -828
41 248.76965 1653.1389 0.019607844 -844
42 249.60052 1653.1389 0.019607844 -861
43 252.27 1653.1389 0.019607844 -877
44 253.76503 1653.1389 0.01764706 -894
45 253.76503 1653.1389 0.01764706 -904
0 769.2877 402.7902 0.01764706 -9
1 767.7345 402.7902 0.019607844 -9
2 757.4419 402.7902 0.019607844 -60
3 728.06476 401.10266 0.019607844 -93
4 678.1553 394.3925 0.019607844 -126
5 643.91327 392.74637 0.019607844 -159
6 593.4193 386.51956 0.019607844 -175
7 554.8425 383.8357 0.019607844 -192
8 517.96423 380.3877 0.019607844 -208
9 486.10727 379.83496 0.019607844 -225
10 442.63452 378.1212 0.019607844 -241
11 390.4517 375.71954 0.019607844 -258
12 362.74124 372.3189 0.019607844 -291
13 352.01663 372.80582 0.019607844 -324
14 348.50488 372.80582 0.019607844 -357
15 345.67993 372.80582 0.019607844 -390
16 370.6568 415.78345 0.025490198 -416
17 366.6605 415.78345 0.019607844 -445
18 364.66235 416.78293 0.019607844 -445
19 364.66235 416.78293 0.019607844 -455
20 490.5458 661.6554 0.019607844 -484
21 488.87708 681.9205 0.019607844 -484
22 482.16824 770.6119 0.019607844 -506
23 480.8412 852.56226 0.019607844 -538
24 471.74258 987.0509 0.019607844 -555
25 468.43353 1073.5116 0.019607844 -588
26 459.4239 1133.7659 0.019607844 -621
27 459.4239 1133.7659 0.019607844 -654
28 461.57263 1215.367 0.019607844 -680
29 461.57263 1215.367 0.019607844 -680
30 461.57263 1215.367 0.019607844 -703
31 461.57263 1215.367 0.019607844 -720
32 461.57263 1215.367 0.019607844 -753
33 461.57263 1215.367 0.019607844 -786
34 450.5828 1197.3763 0.027450982 -798
0 726.32745 969.49506 0.01764706 -60
1 726.32745 969.49506 0.01764706 -60
2 713.7062 970.15656 0.019607844 -68
3 696.5675 972.53766 0.019607844 -101
4 672.1894 976.0899 0.019607844 -118
5 637.78503 979.75214 0.019607844 -134
6 589.6708 985.005 0.019607844 -151
7 544.9482 988.14655 0.019607844 -167
8 504.76822 989.90894 0.019607844 -184
9 471.88226 991.6772 0.019607844 -200
10 438.12692 993.25244 0.019607844 -217
11 413.72565 996.0555 0.019607844 -233
12 395.5277 999.1008 0.021568628 -250
13 384.7449 1000.46204 0.021568628 -266
14 377.10367 1002.1148 0.021568628 -283
15 371.65897 1002.47784 0.023529414 -299
16 367.69794 1002.47784 0.021568628 -316
17 365.00485 1002.47784 0.021568628 -332
18 363.29395 1002.47784 0.021568628 -349
19 361.62823 1002.47784 0.023529414 -365
20 359.93774 1002.47784 0.023529414 -382
21 356.8026 1003.91064 0.021568628 -398
22 352.34976 1010.90546 0.021568628 -415
23 349.67624 1017.47003 0.019607844 -431
24 346.67902 1026.4653 0.021568628 -440
25 339.6855 1073.4409 0.021568628 -469
26 336.68826 1101.4263 0.019607844 -469
27 463.57077 597.68866 0.019607844 -488
28 463.57077 597.68866 0.019607844 -488
29 556.48474 795.58563 0.019607844 -506
30 556.48474 795.58563 0.019607844 -506
31 325.69843 1298.3237 0.019607844 -525
32 322.7012 1369.2867 0.021568628 -525
33 320.70306 1403.269 0.021568628 -543
34 318.7049 1431.2545 0.021568628 -562
35 316.70676 1461.2389 0.021568628 -562
36 313.70953 1486.2258 0.019607844 -579
37 286.2686 1632.5487 0.021568628 -579
38 286.2686 1632.5487 0.021568628 -662
39 282.73822 1647.1421 0.021568628 -704
40 282.73822 1648.1416 0.021568628 -704
41 281.73914 1651.14 0.019607844 -793
42 281.73914 1651.14 0.019607844 -793
43 283.73727 1651.14 0.019607844 -827
44 285.72537 1651.14 0.01764706 -827
45 285.73544 1651.14 0.01764706 -844
46 285.73544 1651.14 0.01764706 -844
