0 523.51526 1211.369 0.019607844 -303
1 523.51526 1211.369 0.019607844 -303
2 523.51526 1211.369 0.019607844 -392
3 523.51526 1211.369 0.019607844 -457
4 523.51526 1211.369 0.019607844 -507
5 523.51526 1211.369 0.019607844 -556
6 514.4952 1211.369 0.019607844 -605
7 481.48813 1215.9475 0.019607844 -656
8 441.95657 1220.455 0.019607844 -722
9 389.86896 1219.7684 0.019607844 -771
10 361.49002 1217.366 0.019607844 -821
11 313.76483 1217.366 0.019607844 -854
12 276.10852 1217.366 0.019607844 -903
13 257.05804 1217.366 0.019607844 -953
14 244.68463 1217.366 0.019607844 -1002
15 242.31667 1218.8241 0.019607844 -1085
16 237.19487 1234.1138 0.019607844 -1135
17 218.0195 1276.8185 0.019607844 -1184
18 205.15561 1330.2521 0.019607844 -1250
19 194.47823 1383.6587 0.019607844 -1300
20 179.49289 1439.2731 0.019607844 -1349
21 160.38591 1525.766 0.019607844 -1399
22 153.23616 1606.7607 0.019607844 -1465
23 147.71188 1644.0519 0.019607844 -1531
24 143.86679 1686.5852 0.019607844 -1580
25 142.88536 1718.9988 0.019607844 -1647
26 139.87048 1747.5984 0.019607844 -1696
27 138.87141 1759.1787 0.019607844 -1746
28 138.87141 1764.0812 0.019607844 -1795
29 138.87141 1764.0812 0.021568628 -1845
30 138.87141 1764.0812 0.019607844 -1894
31 138.87141 1764.0812 0.019607844 -1928
0 548.4921 1174.3883 0.019607844 -382
1 548.4921 1174.3883 0.019607844 -382
2 548.4921 1174.3883 0.019607844 -418
3 547.7241 1174.3883 0.019607844 -484
4 538.6864 1174.3883 0.019607844 -533
5 503.15152 1171.3352 0.019607844 -583
6 435.45535 1162.4497 0.019607844 -649
7 354.21725 1154.6531 0.019607844 -699
8 287.19824 1147.3488 0.019607844 -748
9 241.61218 1146.4028 0.019607844 -798
10 230.58221 1146.4028 0.019607844 -864
11 225.29274 1146.9012 0.019607844 -913
12 218.35727 1154.28 0.019607844 -963
13 211.32808 1219.937 0.019607844 -1029
14 205.36775 1324.4523 0.019607844 -1095
15 198.75583 1409.1682 0.019607844 -1145
16 187.94933 1484.4867 0.019607844 -1194
17 176.15059 1542.3146 0.019607844 -1244
18 164.7493 1611.9456 0.019607844 -1293
19 159.25601 1656.3131 0.019607844 -1359
20 154.85661 1694.0953 0.019607844 -1409
21 150.86032 1725.472 0.019607844 -1475
22 150.86032 1735.0963 0.019607844 -1541
23 150.86032 1735.0963 0.019607844 -1607
24 150.86032 1735.0963 0.019607844 -1654
0 578.4644 1153.3993 0.019607844 -309
1 578.4644 1153.3993 0.019607844 -309
2 578.4644 1153.3993 0.019607844 -334
3 574.26776 1153.3993 0.021568628 -384
4 569.2293 1153.3993 0.021568628 -450
5 564.0256 1153.3993 0.019607844 -499
6 558.7647 1153.3993 0.019607844 -549
7 552.2066 1153.3993 0.019607844 -598
8 526.5067 1156.9697 0.019607844 -648
9 479.59305 1160.3956 0.019607844 -697
10 413.01028 1162.3945 0.019607844 -747
11 346.5369 1168.0554 0.019607844 -796
12 286.3803 1168.3915 0.019607844 -846
13 246.60799 1168.3915 0.019607844 -895
14 227.59944 1169.121 0.021568628 -945
15 218.94328 1169.3909 0.021568628 -995
16 213.83104 1171.3608 0.021568628 -1044
17 212.80296 1176.7126 0.021568628 -1094
18 210.80481 1196.5962 0.021568628 -1143
19 210.80481 1304.453 0.019607844 -1193
20 210.80481 1395.2191 0.019607844 -1259
21 204.40767 1478.0669 0.019607844 -1308
22 195.20862 1534.254 0.021568628 -1358
23 186.77231 1587.5017 0.019607844 -1407
24 179.23494 1623.15 0.019607844 -1474
25 171.97151 1651.6168 0.019607844 -1523
26 166.44272 1664.9391 0.019607844 -1589
27 160.85106 1678.8309 0.021568628 -1639
28 159.85199 1684.1228 0.021568628 -1705
29 159.85199 1684.1228 0.021568628 -1771
30 160.85106 1684.1228 0.019607844 -1820
31 161.85014 1684.1228 0.019607844 -1833
0 597.44684 1157.3972 0.01764706 -324
1 597.44684 1157.3972 0.01764706 -324
2 597.44684 1157.3972 0.019607844 -343
3 595.60077 1157.3972 0.019607844 -392
4 592.24603 1157.3972 0.021568628 -409
5 588.8399 1157.3972 0.023529414 -442
6 583.7405 1157.3972 0.023529414 -475
7 578.6114 1157.3972 0.021568628 -524
8 576.9658 1157.3972 0.019607844 -574
9 574.0638 1157.3972 0.019607844 -618
10 568.54144 1157.3972 0.019607844 -673
11 547.30597 1157.3972 0.019607844 -722
12 508.44412 1159.3961 0.019607844 -772
13 447.13342 1160.3956 0.019607844 -822
14 390.0117 1160.3956 0.019607844 -871
15 334.4411 1159.3961 0.019607844 -921
16 297.7811 1159.3961 0.019607844 -970
17 280.9002 1159.3961 0.019607844 -1020
18 272.48502 1159.3961 0.019607844 -1053
19 269.0344 1159.3961 0.019607844 -1086
20 263.712 1159.3961 0.019607844 -1119
21 258.41946 1160.7367 0.019607844 -1168
22 255.76318 1174.3126 0.019607844 -1218
23 252.76596 1224.7548 0.019607844 -1268
24 247.22617 1319.9415 0.019607844 -1317
25 234.62119 1428.7842 0.019607844 -1367
26 224.25644 1500.4341 0.019607844 -1433
27 217.10576 1555.7354 0.019607844 -1482
28 211.66333 1597.2936 0.019607844 -1532
29 205.80943 1640.7421 0.019607844 -1581
30 204.71591 1653.2334 0.019607844 -1647
31 204.81036 1661.5266 0.019607844 -1697
32 204.81036 1663.1338 0.019607844 -1763
33 204.81036 1663.1338 0.019607844 -1800
34 204.81036 1663.1338 0.019607844 -1879
35 204.81036 1663.1338 0.019607844 -1895
0 632.4144 1145.4034 0.019607844 -389
1 632.4144 1145.4034 0.019607844 -389
2 628.40546 1145.4034 0.021568628 -434
3 624.9906 1145.4034 0.021568628 -483
4 618.12335 1145.4034 0.021568628 -516
5 614.5968 1145.4034 0.021568628 -583
6 612.4329 1145.4034 0.021568628 -616
7 611.9307 1145.4034 0.019607844 -665
8 602.06 1146.1971 0.019607844 -715
9 573.8067 1152.7799 0.019607844 -781
10 519.0194 1156.3977 0.019607844 -830
11 420.82693 1154.3385 0.019607844 -877
12 342.79553 1151.4003 0.019607844 -946
13 288.87152 1151.4003 0.019607844 -996
14 252.84041 1151.4003 0.019607844 -1045
15 245.02086 1151.4003 0.019607844 -1111
16 239.92291 1151.4003 0.021568628 -1161
17 239.77798 1151.4003 0.019607844 -1210
18 241.88545 1153.5087 0.019607844 -1276
19 245.77243 1169.3248 0.019607844 -1326
20 248.76965 1216.9165 0.019607844 -1375
21 248.76965 1261.8809 0.019607844 -1425
22 244.94405 1339.5688 0.019607844 -1458
23 234.66138 1427.4698 0.019607844 -1508
24 221.51025 1506.777 0.019607844 -1574
25 213.1137 1562.631 0.019607844 -1640
26 207.5519 1591.4508 0.019607844 -1706
27 200.25127 1624.2806 0.019607844 -1755
28 197.748 1633.2183 0.019607844 -1821
29 196.81776 1640.5525 0.019607844 -1871
30 196.81776 1645.8021 0.019607844 -1937
31 196.81776 1646.1426 0.019607844 -2003
32 196.81776 1647.1421 0.019607844 -2053
33 196.81776 1647.1421 0.019607844 -2101
34 197.81683 1646.1426 0.01764706 -2158
0 611.43384 1157.3972 0.019607844 -378
1 611.43384 1157.3972 0.019607844 -378
2 611.43384 1157.3972 0.021568628 -409
3 611.43384 1157.3972 0.023529414 -475
4 608.5512 1157.3972 0.023529414 -524
5 603.51086 1157.3972 0.021568628 -573
6 600.44403 1157.3972 0.019607844 -623
7 597.9932 1157.3972 0.019607844 -672
8 590.6507 1158.3308 0.019607844 -722
9 542.473 1167.6168 0.019607844 -771
10 469.61014 1175.1183 0.019607844 -838
11 393.36688 1177.3867 0.019607844 -887
12 319.81955 1175.3878 0.019607844 -937
13 277.1924 1174.3883 0.019607844 -986
14 255.7583 1174.3883 0.019607844 -1036
15 249.72086 1174.3883 0.019607844 -1085
16 244.38905 1174.3883 0.019607844 -1135
17 237.46262 1177.704 0.019607844 -1184
18 233.01248 1202.5477 0.019607844 -1250
19 222.11545 1282.2815 0.019607844 -1300
20 215.48018 1360.4553 0.019607844 -1366
21 207.06566 1439.3896 0.019607844 -1416
22 200.58618 1514.1765 0.019607844 -1465
23 195.04422 1583.4774 0.019607844 -1515
24 189.46957 1628.6366 0.019607844 -1564
25 184.0114 1662.0437 0.019607844 -1614
26 179.36133 1685.5399 0.019607844 -1663
27 175.75706 1697.1963 0.019607844 -1713
28 172.83997 1702.1134 0.019607844 -1762
29 172.83997 1703.6127 0.019607844 -1829
30 172.83997 1703.1129 0.019607844 -1857
31 172.83997 1703.1129 0.01764706 -1931
0 587.45605 1200.3748 0.019607844 -303
1 587.45605 1200.3748 0.019607844 -303
2 587.45605 1200.3748 0.019607844 -334
3 586.1892 1200.3748 0.021568628 -384
4 582.8504 1200.3748 0.021568628 -433
5 577.9132 1200.3748 0.021568628 -466
6 574.6075 1200.3748 0.021568628 -516
7 569.6633 1200.3748 0.021568628 -549
8 566.35175 1200.3748 0.021568628 -598
9 565.47644 1200.3748 0.019607844 -631
10 562.6497 1198.5464 0.019607844 -681
11 558.56934 1194.9209 0.019607844 -714
12 548.21674 1191.3107 0.019607844 -747
13 516.3017 1184.9387 0.019607844 -780
14 475.76852 1176.7552 0.019607844 -813
15 394.5236 1165.8502 0.019607844 -846
16 322.05014 1158.3966 0.019607844 -896
17 265.9111 1156.3977 0.019607844 -945
18 240.17068 1156.3977 0.019607844 -995
19 231.14543 1156.3977 0.019607844 -1044
20 226.03702 1156.3977 0.019607844 -1094
21 222.58705 1156.3977 0.019607844 -1143
22 219.79648 1157.4408 0.019607844 -1177
23 219.35025 1179.9586 0.019607844 -1243
24 217.79834 1229.3596 0.019607844 -1292
25 213.80203 1314.5433 0.019607844 -1339
26 207.30217 1410.8534 0.019607844 -1391
27 199.86661 1479.9192 0.019607844 -1441
28 193.45506 1550.5822 0.019607844 -1490
29 186.82701 1622.4395 0.019607844 -1540
30 186.82701 1646.153 0.019607844 -1606
31 186.82701 1663.644 0.019607844 -1639
32 186.82701 1685.4506 0.019607844 -1672
33 186.82701 1695.0326 0.019607844 -1722
34 186.82701 1697.1161 0.019607844 -1771
35 186.82701 1697.1161 0.019607844 -1821
36 186.82701 1697.1161 0.019607844 -1870
37 186.82701 1697.1161 0.019607844 -1898
0 599.44495 1147.4023 0.019607844 -330
1 599.44495 1147.4023 0.019607844 -330
2 599.44495 1147.4023 0.021568628 -367
3 599.44495 1147.4023 0.021568628 -400
4 598.36835 1147.4023 0.021568628 -449
5 593.11194 1147.4023 0.021568628 -499
6 588.04205 1147.4023 0.019607844 -549
7 580.9137 1147.4023 0.019607844 -598
8 573.29663 1147.4023 0.019607844 -664
9 543.87305 1148.4019 0.019607844 -714
10 494.19974 1148.4019 0.019607844 -763
11 410.3169 1146.0494 0.019607844 -813
12 333.61905 1140.6677 0.019607844 -862
13 268.04605 1138.4071 0.019607844 -912
14 246.48886 1138.4071 0.019607844 -978
15 242.16122 1138.4071 0.019607844 -1028
16 235.83795 1138.4071 0.019607844 -1044
17 230.83731 1138.4071 0.019607844 -1094
18 226.79001 1138.4071 0.019607844 -1143
19 226.79001 1147.1846 0.019607844 -1209
20 224.79185 1182.6637 0.019607844 -1275
21 224.79185 1254.7915 0.019607844 -1325
22 222.89487 1359.8744 0.019607844 -1374
23 217.37961 1448.694 0.019607844 -1440
24 209.11804 1546.1431 0.019607844 -1490
25 202.77675 1625.5083 0.019607844 -1556
26 197.25389 1676.5076 0.019607844 -1622
27 195.8187 1696.1726 0.019607844 -1672
28 195.8187 1700.625 0.019607844 -1721
29 195.8187 1701.114 0.019607844 -1771
30 195.8187 1701.114 0.019607844 -1816
31 195.8187 1701.114 0.01764706 -1903
32 195.8187 1701.114 0.01764706 -1910
0 605.4394 1141.4055 0.019607844 -296
1 605.4394 1141.4055 0.021568628 -296
2 605.4394 1141.4055 0.023529414 -327
3 600.80945 1141.4055 0.023529414 -376
4 595.7635 1141.4055 0.023529414 -442
5 592.4154 1141.4055 0.023529414 -492
6 587.14655 1141.4055 0.019607844 -525
7 581.8742 1141.4055 0.019607844 -574
8 568.5269 1141.4055 0.019607844 -624
9 504.0802 1135.1633 0.019607844 -674
10 434.29645 1129.773 0.019607844 -740
11 364.05524 1121.446 0.019607844 -789
12 298.1748 1116.4185 0.019607844 -839
13 268.55865 1115.4191 0.019607844 -888
14 259.26273 1115.4191 0.019607844 -938
15 254.14354 1115.4191 0.019607844 -987
16 250.7678 1115.4191 0.019607844 -1037
17 249.85379 1116.3334 0.019607844 -1087
18 246.77151 1132.5524 0.019607844 -1136
19 244.23662 1182.8308 0.019607844 -1186
20 238.24707 1262.4318 0.019607844 -1235
21 226.69467 1335.8767 0.021568628 -1285
22 215.17578 1405.0181 0.021568628 -1334
23 208.00354 1462.277 0.021568628 -1384
24 202.60826 1514.0487 0.019607844 -1433
25 197.23538 1560.843 0.021568628 -1483
26 194.81961 1605.1798 0.019607844 -1533
27 192.82146 1646.8702 0.019607844 -1582
28 189.75922 1665.3279 0.021568628 -1648
29 188.82516 1677.6178 0.021568628 -1698
30 188.82516 1683.1233 0.019607844 -1747
31 188.82516 1685.1223 0.021568628 -1797
32 188.82516 1685.1223 0.021568628 -1863
33 188.82516 1685.1223 0.021568628 -1878
0 604.4403 1162.3945 0.01764706 -306
1 604.4403 1162.3945 0.019607844 -306
2 604.4403 1162.3945 0.019607844 -326
3 604.4403 1162.3945 0.023529414 -375
4 604.4403 1162.3945 0.023529414 -408
5 604.4403 1162.3945 0.023529414 -450
6 604.4403 1162.3945 0.021568628 -490
7 601.6173 1162.3945 0.021568628 -540
8 593.15625 1162.3945 0.019607844 -590
9 564.5716 1164.3936 0.019607844 -640
10 497.17715 1160.0142 0.019607844 -689
11 394.4993 1147.7703 0.019607844 -739
12 293.20758 1131.9075 0.019607844 -805
13 252.18016 1125.4138 0.019607844 -871
14 236.76186 1124.4143 0.019607844 -921
15 229.11253 1124.4143 0.021568628 -970
16 227.7891 1124.4143 0.019607844 -1036
17 227.7891 1129.1764 0.019607844 -1086
18 225.79094 1150.0452 0.019607844 -1135
19 225.79094 1231.7308 0.019607844 -1185
20 225.79094 1289.9427 0.019607844 -1234
21 221.57765 1392.9664 0.019607844 -1267
22 209.76025 1517.5282 0.019607844 -1317
23 201.80885 1579.2205 0.019607844 -1383
24 196.25658 1626.9612 0.019607844 -1433
25 192.87244 1652.986 0.019607844 -1482
26 191.82239 1664.1333 0.019607844 -1548
27 189.82423 1669.2533 0.019607844 -1598
28 187.82608 1677.1265 0.019607844 -1631
29 187.82608 1681.089 0.019607844 -1697
30 187.82608 1682.1239 0.021568628 -1747
31 184.82886 1682.1239 0.021568628 -1796
32 184.82886 1682.1239 0.019607844 -1836
0 609.4357 1191.3795 0.019607844 -347
1 609.4357 1191.3795 0.019607844 -347
2 609.4357 1191.3795 0.021568628 -369
3 608.676 1191.3795 0.023529414 -435
4 602.1887 1190.1265 0.019607844 -501
5 598.6736 1189.3805 0.019607844 -567
6 595.1754 1188.381 0.019607844 -600
7 582.9378 1188.381 0.019607844 -633
8 544.3323 1184.3682 0.019607844 -683
9 480.35938 1178.005 0.019607844 -732
10 429.7332 1174.396 0.019607844 -782
11 381.62878 1169.9277 0.019607844 -815
12 326.48807 1159.9539 0.019607844 -848
13 293.8399 1154.4266 0.019607844 -898
14 281.48593 1152.3998 0.019607844 -947
15 274.86414 1152.3998 0.021568628 -997
16 271.54462 1152.3998 0.019607844 -1062
17 269.51846 1152.3998 0.019607844 -1095
18 264.02454 1162.0498 0.019607844 -1144
19 259.25995 1207.3711 0.019607844 -1194
20 255.42598 1311.3795 0.019607844 -1239
21 248.15892 1406.6594 0.019607844 -1293
22 237.04659 1506.8204 0.019607844 -1342
23 229.4664 1570.3932 0.019607844 -1409
24 224.00333 1610.1077 0.019607844 -1458
25 218.49994 1631.0436 0.019607844 -1508
26 214.80112 1643.6835 0.019607844 -1557
27 210.56232 1655.6232 0.019607844 -1607
28 207.80759 1665.9216 0.021568628 -1657
29 207.80759 1670.1301 0.019607844 -1706
30 207.80759 1670.1301 0.019607844 -1756
31 207.80759 1670.1301 0.019607844 -1785
32 207.80759 1670.1301 0.019607844 -1853
0 612.4329 1148.4019 0.019607844 -223
1 612.4329 1148.4019 0.019607844 -223
2 612.4329 1148.4019 0.021568628 -260
3 612.4329 1148.4019 0.023529414 -310
4 612.4329 1148.4019 0.023529414 -358
5 612.4329 1148.4019 0.019607844 -409
6 611.0651 1148.4019 0.019607844 -451
7 596.77057 1148.4019 0.019607844 -508
8 552.5296 1144.7417 0.019607844 -558
9 500.9533 1139.2307 0.019607844 -607
10 433.19388 1129.7112 0.019607844 -657
11 375.52377 1124.3015 0.019607844 -706
12 334.05072 1123.4149 0.019607844 -756
13 311.6704 1123.4149 0.019607844 -806
14 300.13306 1123.4149 0.019607844 -855
15 294.9654 1123.4149 0.019607844 -921
16 291.7405 1124.4037 0.019607844 -971
17 284.53134 1143.2255 0.019607844 -1021
18 277.15878 1183.6448 0.019607844 -1087
19 269.72226 1251.6143 0.019607844 -1136
20 264.30798 1330.5692 0.019607844 -1186
21 256.874 1411.4263 0.019607844 -1235
22 249.34972 1476.8444 0.019607844 -1285
23 235.01277 1561.8827 0.019607844 -1335
24 229.30305 1596.53 0.019607844 -1401
25 222.80893 1644.022 0.019607844 -1434
26 216.30568 1680.583 0.019607844 -1483
27 215.80019 1724.777 0.019607844 -1533
28 213.11198 1751.1599 0.019607844 -1583
29 211.8039 1758.3414 0.019607844 -1632
30 211.8039 1759.0837 0.019607844 -1682
31 213.37807 1759.0837 0.019607844 -1711
32 213.80203 1759.0837 0.01764706 -1764
33 214.80112 1759.0837 0.01764706 -1768
0 647.4006 1162.3945 0.019607844 -223
1 647.4006 1162.3945 0.019607844 -223
2 645.34143 1162.3945 0.019607844 -252
3 640.31635 1162.3945 0.021568628 -301
4 636.4502 1162.3945 0.021568628 -334
5 631.35846 1162.3945 0.019607844 -367
6 626.14404 1162.3945 0.019607844 -417
7 618.251 1159.6705 0.019607844 -466
8 590.9302 1152.9645 0.019607844 -516
9 524.3577 1133.592 0.019607844 -566
10 453.101 1116.8461 0.019607844 -615
11 373.8157 1104.7714 0.019607844 -665
12 319.25928 1101.4263 0.019607844 -714
13 286.01477 1101.4263 0.019607844 -764
14 277.81482 1101.4263 0.019607844 -830
15 272.70126 1101.4263 0.021568628 -879
16 269.75024 1101.4263 0.019607844 -929
17 269.75024 1103.779 0.019607844 -978
18 267.75208 1126.7632 0.019607844 -1028
19 265.75394 1183.8489 0.019607844 -1077
20 265.06226 1244.0444 0.019607844 -1127
21 261.71796 1321.8676 0.019607844 -1160
22 253.16434 1406.6848 0.019607844 -1209
23 246.76549 1477.303 0.019607844 -1259
24 238.2301 1545.2377 0.019607844 -1308
25 228.75824 1592.3801 0.019607844 -1358
26 220.29602 1622.6548 0.019607844 -1407
27 214.64056 1636.4691 0.021568628 -1456
28 213.80203 1639.946 0.021568628 -1506
29 212.80296 1644.1437 0.021568628 -1539
30 211.8039 1646.1426 0.021568628 -1589
31 211.8039 1646.1426 0.021568628 -1635
32 211.8039 1646.1426 0.021568628 -1672
33 211.8039 1646.1426 0.019607844 -1721
0 630.41626 1119.417 0.019607844 -280
1 630.41626 1119.417 0.019607844 -280
2 627.3802 1119.417 0.021568628 -311
3 622.26953 1119.417 0.021568628 -377
4 617.03503 1119.417 0.019607844 -426
5 612.6709 1119.417 0.019607844 -476
6 605.9238 1119.417 0.019607844 -525
7 574.08417 1119.417 0.019607844 -575
8 524.2861 1119.417 0.019607844 -624
9 446.61087 1115.6873 0.019607844 -674
10 374.7498 1108.2498 0.019607844 -723
11 317.95163 1108.4227 0.019607844 -773
12 294.2007 1107.4232 0.019607844 -823
13 286.76358 1107.4232 0.019607844 -872
14 280.78088 1107.4232 0.021568628 -905
15 275.72153 1107.4232 0.019607844 -955
16 270.56857 1107.4232 0.019607844 -1004
17 269.75024 1114.1885 0.019607844 -1054
18 265.06723 1142.2164 0.019607844 -1103
19 259.93155 1197.4819 0.019607844 -1153
20 253.23001 1287.0782 0.019607844 -1201
21 247.40665 1362.1583 0.019607844 -1250
22 240.36653 1426.7223 0.019607844 -1300
23 231.25525 1521.575 0.019607844 -1349
24 225.68405 1581.2463 0.019607844 -1416
25 216.23683 1636.962 0.019607844 -1465
26 210.64273 1657.6233 0.019607844 -1531
27 208.80666 1671.51 0.019607844 -1581
28 206.5312 1682.6788 0.019607844 -1630
29 206.80852 1689.8906 0.019607844 -1680
30 206.80852 1693.6179 0.019607844 -1729
31 206.80852 1693.1182 0.019607844 -1772
32 206.80852 1693.1182 0.019607844 -1811
0 653.395 1164.3936 0.019607844 -220
1 653.395 1164.3936 0.019607844 -220
2 652.8453 1164.3936 0.019607844 -243
3 647.7237 1164.3936 0.019607844 -292
4 644.324 1164.3936 0.019607844 -342
5 639.0773 1164.3936 0.019607844 -375
6 634.76605 1164.3936 0.019607844 -424
7 631.1193 1164.3936 0.019607844 -474
8 615.8481 1164.3936 0.019607844 -507
9 576.16284 1164.3936 0.019607844 -556
10 537.33234 1162.5165 0.019607844 -606
11 468.2477 1156.1426 0.019607844 -639
12 419.70624 1148.5702 0.019607844 -688
13 366.8213 1144.0009 0.019607844 -722
14 333.0223 1141.4055 0.019607844 -755
15 304.07004 1141.4055 0.019607844 -788
16 291.952 1141.4055 0.019607844 -837
17 288.9384 1141.4055 0.019607844 -887
18 283.84543 1141.4055 0.019607844 -920
19 277.92676 1142.2211 0.019607844 -969
20 272.503 1154.133 0.019607844 -1035
21 267.10516 1184.5632 0.019607844 -1085
22 259.7396 1236.615 0.019607844 -1134
23 252.8338 1325.3682 0.019607844 -1184
24 242.07774 1398.8625 0.019607844 -1233
25 226.99597 1477.9934 0.019607844 -1283
26 216.29514 1542.0592 0.019607844 -1332
27 207.45462 1612.0466 0.019607844 -1382
28 201.92398 1652.3627 0.019607844 -1432
29 197.46962 1676.1696 0.019607844 -1481
30 196.81776 1685.9417 0.019607844 -1531
31 196.81776 1690.1196 0.019607844 -1580
32 196.81776 1690.1196 0.019607844 -1630
33 196.81776 1690.1196 0.019607844 -1641
34 196.81776 1690.1196 0.019607844 -1729
35 196.81776 1690.1196 0.019607844 -1753
0 613.432 1115.4191 0.01764706 -232
1 613.432 1115.4191 0.019607844 -232
2 610.9201 1115.4191 0.019607844 -276
3 605.739 1115.4191 0.019607844 -342
4 600.4451 1115.4191 0.019607844 -392
5 594.48444 1115.4191 0.019607844 -441
6 580.6594 1115.4191 0.019607844 -491
7 552.7066 1116.4185 0.019607844 -541
8 505.19455 1116.4185 0.019607844 -590
9 441.99246 1112.4205 0.019607844 -640
10 370.16077 1107.6157 0.019607844 -689
11 318.05167 1104.4248 0.019607844 -739
12 297.0454 1104.4248 0.019607844 -789
13 285.13593 1104.4248 0.019607844 -822
14 278.45743 1104.4248 0.019607844 -855
15 277.2433 1104.4248 0.019607844 -903
16 270.24976 1104.4248 0.019607844 -915
17 268.75116 1109.6394 0.019607844 -981
18 267.13635 1123.4962 0.019607844 -1052
19 264.59836 1145.6564 0.019607844 -1085
20 261.92664 1188.8435 0.019607844 -1118
21 258.34363 1241.1936 0.019607844 -1151
22 254.77957 1292.1104 0.019607844 -1184
23 247.53995 1360.1383 0.019607844 -1217
24 235.70113 1430.7385 0.019607844 -1250
25 223.71457 1498.1503 0.019607844 -1299
26 212.80156 1576.186 0.019607844 -1349
27 207.3203 1610.1123 0.019607844 -1415
28 203.81128 1629.4902 0.019607844 -1465
29 203.81128 1638.9171 0.019607844 -1514
30 203.81128 1642.6324 0.019607844 -1564
31 203.81128 1646.3647 0.019607844 -1597
32 203.81128 1646.1426 0.019607844 -1630
33 203.81128 1646.1426 0.019607844 -1650
34 203.81128 1646.1426 0.019607844 -1745
35 203.81128 1646.1426 0.01764706 -1752
0 633.4135 1195.3773 0.019607844 -231
1 633.4135 1195.3773 0.019607844 -231
2 633.4135 1195.3773 0.019607844 -261
3 629.29456 1195.3773 0.021568628 -310
4 624.2371 1195.3773 0.019607844 -359
5 620.68854 1193.3784 0.019607844 -409
6 612.01666 1189.1722 0.019607844 -442
7 587.1205 1183.764 0.019607844 -492
8 536.67267 1171.1527 0.019607844 -541
9 491.57648 1159.4039 0.019607844 -591
10 423.2312 1143.0868 0.019607844 -624
11 371.4411 1133.146 0.019607844 -673
12 331.7708 1129.237 0.019607844 -707
13 293.9035 1128.4122 0.019607844 -740
14 278.74188 1128.4122 0.019607844 -789
15 273.11658 1128.4122 0.019607844 -838
16 269.74384 1128.4122 0.019607844 -888
17 266.29474 1128.4122 0.019607844 -921
18 265.75394 1129.0806 0.019607844 -954
19 265.75394 1134.909 0.019607844 -1004
20 261.26828 1153.8479 0.019607844 -1037
21 257.67847 1174.9686 0.019607844 -1087
22 252.38393 1234.5632 0.019607844 -1120
23 249.77432 1287.2178 0.019607844 -1169
24 246.27197 1339.8021 0.019607844 -1202
25 242.54066 1388.3286 0.019607844 -1234
26 236.97903 1444.4692 0.019607844 -1268
27 233.37827 1489.6863 0.019607844 -1301
28 225.85599 1548.4774 0.019607844 -1335
29 221.2139 1581.2452 0.019607844 -1384
30 213.67543 1614.7926 0.019607844 -1417
31 210.08632 1627.3099 0.019607844 -1467
32 206.80852 1638.4987 0.019607844 -1500
33 204.81036 1641.8474 0.021568628 -1549
34 202.6715 1647.2828 0.019607844 -1581
35 202.81221 1649.141 0.021568628 -1631
36 202.81221 1649.141 0.019607844 -1680
37 205.05078 1649.141 0.019607844 -1730
38 205.80943 1649.141 0.01764706 -1779
39 205.80943 1649.141 0.01764706 -1792
0 610.4348 1171.3899 0.019607844 -500
1 610.4348 1171.3899 0.019607844 -500
2 610.4348 1171.3899 0.021568628 -533
3 610.4348 1171.3899 0.021568628 -566
4 605.4086 1171.3899 0.021568628 -595
5 601.07874 1171.3899 0.019607844 -649
6 597.6169 1171.3899 0.019607844 -681
7 594.1989 1171.3899 0.019607844 -714
8 587.3346 1170.3904 0.019607844 -747
9 578.78595 1170.3904 0.019607844 -797
10 561.93536 1168.3915 0.019607844 -830
11 534.84326 1166.3925 0.019607844 -863
12 501.47043 1165.393 0.019607844 -896
13 456.3163 1162.8358 0.019607844 -929
14 413.56644 1160.3081 0.019607844 -962
15 369.44 1157.3972 0.019607844 -995
16 331.78793 1154.3082 0.019607844 -1028
17 297.00488 1153.3993 0.019607844 -1061
18 286.0677 1152.3998 0.019607844 -1110
19 278.71307 1149.4014 0.019607844 -1143
20 275.26022 1149.4014 0.019607844 -1193
21 271.893 1149.4014 0.019607844 -1226
22 268.54648 1149.4014 0.019607844 -1259
23 265.10104 1149.4014 0.019607844 -1292
24 264.75485 1151.2994 0.019607844 -1325
25 264.75485 1156.3291 0.019607844 -1374
26 263.7558 1168.4154 0.019607844 -1407
27 262.25717 1195.8772 0.019607844 -1440
28 260.75854 1229.4348 0.019607844 -1473
29 255.37546 1304.3657 0.021568628 -1506
30 249.87328 1346.6707 0.019607844 -1556
31 245.22481 1391.3047 0.019607844 -1589
32 238.88547 1444.1813 0.019607844 -1622
33 232.40895 1506.9736 0.019607844 -1671
34 229.81993 1536.9376 0.019607844 -1721
35 226.1622 1568.8384 0.019607844 -1754
36 222.56592 1596.7644 0.019607844 -1787
37 218.86426 1616.8234 0.019607844 -1820
38 217.60606 1647.9115 0.019607844 -1853
39 216.79926 1660.7822 0.019607844 -1919
40 216.79926 1668.3944 0.019607844 -1970
41 216.79926 1673.8204 0.019607844 -2020
42 216.79926 1676.127 0.019607844 -2069
43 216.79926 1676.127 0.019607844 -2102
44 217.79834 1676.127 0.019607844 -2152
45 218.79741 1676.127 0.019607844 -2162
0 613.432 1156.3977 0.01764706 -284
1 613.432 1156.3977 0.01764706 -284
2 613.432 1156.3977 0.019607844 -308
3 608.6649 1156.3977 0.021568628 -358
4 603.4563 1156.3977 0.021568628 -407
5 599.96704 1156.3977 0.019607844 -458
6 596.40125 1156.3977 0.019607844 -491
7 594.0264 1156.3977 0.019607844 -524
8 591.5796 1156.3977 0.019607844 -570
9 584.826 1156.3977 0.019607844 -607
10 568.55865 1157.385 0.019607844 -656
11 542.59424 1157.3972 0.019607844 -689
12 510.37506 1157.3972 0.019607844 -722
13 468.0047 1154.5093 0.019607844 -755
14 405.46936 1148.206 0.019607844 -788
15 349.5082 1143.4044 0.019607844 -838
16 314.6117 1143.4044 0.019607844 -888
17 301.77744 1143.4044 0.019607844 -937
18 294.08994 1143.4044 0.019607844 -970
19 288.52133 1143.4044 0.019607844 -1003
20 285.11444 1143.4044 0.019607844 -1036
21 279.9687 1143.4044 0.019607844 -1069
22 277.74283 1143.4044 0.019607844 -1119
23 276.74374 1143.4044 0.019607844 -1152
24 276.74374 1144.4039 0.019607844 -1185
25 276.0396 1148.8113 0.019607844 -1218
26 275.7447 1154.8644 0.019607844 -1251
27 273.09027 1184.3245 0.019607844 -1284
28 271.74838 1210.7592 0.019607844 -1334
29 270.7493 1274.4258 0.019607844 -1367
30 269.72366 1340.6476 0.019607844 -1416
31 265.31546 1412.0919 0.019607844 -1466
32 261.6417 1449.2897 0.019607844 -1515
33 256.2228 1505.0758 0.019607844 -1548
34 252.5695 1534.7738 0.019607844 -1598
35 247.04153 1586.7411 0.019607844 -1631
36 240.5269 1629.6536 0.019607844 -1680
37 233.9645 1653.4143 0.019607844 -1730
38 230.2707 1664.1654 0.019607844 -1780
39 226.63383 1670.4426 0.019607844 -1813
40 224.79185 1674.0094 0.019607844 -1846
41 223.79279 1676.127 0.019607844 -1879
42 223.79279 1676.127 0.019607844 -1928
43 223.79279 1676.127 0.019607844 -1978
44 223.79279 1676.127 0.019607844 -2006
0 637.4098 1152.3998 0.019607844 -240
1 637.4098 1152.3998 0.019607844 -240
2 629.84827 1152.3998 0.021568628 -277
3 625.3219 1152.3998 0.023529414 -327
4 621.8901 1152.3998 0.023529414 -360
5 618.47345 1152.3998 0.021568628 -393
6 615.0157 1152.3998 0.021568628 -426
7 612.4741 1152.3998 0.019607844 -459
8 608.9345 1152.3998 0.019607844 -492
9 605.3167 1152.3998 0.019607844 -525
10 594.29456 1152.3998 0.019607844 -558
11 559.2736 1154.3987 0.019607844 -591
12 497.20184 1150.7058 0.019607844 -640
13 434.14087 1145.3654 0.019607844 -690
14 369.36804 1139.0776 0.019607844 -739
15 321.9166 1136.4081 0.019607844 -789
16 291.55447 1134.4092 0.019607844 -839
17 277.75473 1134.4092 0.019607844 -888
18 271.70605 1134.4092 0.021568628 -938
19 268.34616 1134.4092 0.019607844 -987
20 263.29456 1134.4092 0.019607844 -1020
21 260.75854 1138.7512 0.019607844 -1070
22 257.54605 1143.8351 0.019607844 -1119
23 253.283 1160.3254 0.019607844 -1152
24 247.96783 1195.4031 0.019607844 -1202
25 243.08739 1234.1387 0.019607844 -1252
26 238.83745 1279.279 0.019607844 -1285
27 233.73439 1329.1274 0.019607844 -1318
28 226.48672 1375.1051 0.019607844 -1351
29 218.24802 1427.3309 0.019607844 -1384
30 208.46686 1493.263 0.019607844 -1417
31 199.40753 1567.0386 0.019607844 -1466
32 193.64 1624.7802 0.019607844 -1516
33 187.09271 1654.0747 0.019607844 -1565
34 182.65822 1671.4747 0.019607844 -1615
35 179.10396 1683.8531 0.019607844 -1665
36 176.83626 1686.1218 0.019607844 -1714
37 175.83719 1687.1212 0.019607844 -1747
38 175.83719 1687.1212 0.019607844 -1785
39 175.83719 1687.1212 0.019607844 -1860
0 619.42645 1126.4133 0.01764706 -196
1 619.42645 1126.4133 0.019607844 -196
2 617.61395 1126.4133 0.019607844 -220
3 612.18713 1126.4133 0.021568628 -253
4 608.7249 1126.4133 0.023529414 -286
5 605.2996 1126.4133 0.023529414 -319
6 601.9667 1126.4133 0.023529414 -352
7 598.5857 1126.4133 0.023529414 -385
8 595.16766 1126.4133 0.021568628 -418
9 591.62604 1126.4133 0.019607844 -451
10 588.03046 1126.4133 0.019607844 -484
11 583.52435 1126.4133 0.019607844 -517
12 574.7825 1128.9738 0.019607844 -550
13 560.6699 1132.6128 0.019607844 -583
14 538.9533 1136.2007 0.019607844 -616
15 511.30502 1136.4081 0.019607844 -649
16 457.31854 1137.4076 0.019607844 -683
17 418.63055 1134.4092 0.019607844 -732
18 384.96973 1132.3259 0.019607844 -765
19 351.092 1131.4106 0.019607844 -798
20 328.16028 1131.4106 0.019607844 -831
21 307.63687 1131.4106 0.019607844 -864
22 294.91415 1131.4106 0.019607844 -897
23 286.99014 1131.4106 0.019607844 -930
24 281.9636 1131.4106 0.021568628 -963
25 278.63586 1131.4106 0.021568628 -996
26 273.61957 1131.4106 0.021568628 -1029
27 272.74747 1132.2026 0.021568628 -1079
28 272.74747 1140.1028 0.019607844 -1112
29 272.74747 1155.7373 0.019607844 -1162
30 269.91138 1206.2748 0.019607844 -1195
31 268.75116 1253.8265 0.019607844 -1244
32 264.91425 1340.43 0.019607844 -1277
33 261.34372 1389.662 0.019607844 -1327
34 255.97226 1461.9365 0.019607844 -1360
35 251.32773 1499.6145 0.019607844 -1409
36 247.6817 1536.0897 0.019607844 -1442
37 237.67989 1597.0183 0.019607844 -1475
38 231.56358 1622.4869 0.019607844 -1525
39 224.058 1646.3462 0.019607844 -1558
40 220.39325 1652.542 0.019607844 -1608
41 218.79741 1656.1373 0.019607844 -1641
42 218.79741 1656.1373 0.019607844 -1690
43 218.79741 1656.1373 0.019607844 -1714
44 218.79741 1656.1373 0.019607844 -1754
45 218.79741 1656.1373 0.019607844 -1789
46 218.79741 1656.1373 0.01764706 -1791
0 602.4422 1142.405 0.01764706 -309
1 602.4422 1142.405 0.019607844 -309
2 602.4422 1142.405 0.019607844 -352
3 602.4422 1142.405 0.021568628 -371
4 602.4422 1142.405 0.019607844 -410
5 602.4422 1142.405 0.019607844 -451
6 602.4422 1142.405 0.019607844 -484
7 601.678 1142.405 0.019607844 -533
8 598.1527 1142.405 0.019607844 -566
9 593.69366 1142.405 0.019607844 -599
10 584.4104 1142.405 0.019607844 -632
11 567.9199 1142.405 0.01764706 -665
12 523.0102 1138.7952 0.01764706 -698
13 477.32513 1134.3859 0.01764706 -748
14 416.2619 1131.9238 0.019607844 -797
15 381.65234 1129.3013 0.019607844 -847
16 340.1652 1125.6392 0.019607844 -880
17 304.5753 1123.4149 0.019607844 -913
18 277.39523 1120.5095 0.019607844 -946
19 250.33473 1120.4164 0.019607844 -979
20 237.45706 1120.4164 0.019607844 -1028
21 234.02505 1120.4164 0.019607844 -1078
22 230.69334 1120.4164 0.019607844 -1111
23 228.78816 1120.4164 0.019607844 -1144
24 228.78816 1124.1184 0.019607844 -1177
25 224.56458 1145.5408 0.019607844 -1226
26 217.21898 1177.6559 0.019607844 -1276
27 208.66527 1245.1912 0.019607844 -1309
28 203.27478 1301.4606 0.019607844 -1358
29 197.44034 1357.192 0.019607844 -1391
30 191.86859 1398.0175 0.019607844 -1424
31 184.15762 1457.6 0.019607844 -1457
32 176.17618 1507.3488 0.019607844 -1507
33 171.35149 1544.6041 0.019607844 -1556
34 167.69675 1570.218 0.019607844 -1589
35 162.20177 1609.0502 0.019607844 -1622
36 158.49045 1630.9646 0.019607844 -1672
37 155.82718 1646.2566 0.019607844 -1705
38 154.85661 1656.6371 0.019607844 -1738
39 153.85754 1664.8295 0.019607844 -1771
40 151.86716 1669.1228 0.019607844 -1804
41 151.85939 1671.1296 0.019607844 -1837
42 151.85939 1671.1296 0.019607844 -1871
43 151.85939 1671.1296 0.019607844 -1904
44 151.85939 1671.1296 0.019607844 -1938
45 152.85846 1671.1296 0.019607844 -1944
0 589.4542 1128.4122 0.019607844 -282
1 589.4542 1128.4122 0.019607844 -282
2 589.4542 1128.4122 0.019607844 -302
3 587.9995 1128.4122 0.019607844 -318
4 586.37024 1128.4122 0.021568628 -335
5 584.63794 1128.4122 0.021568628 -351
6 582.9602 1128.4122 0.021568628 -368
7 581.2992 1128.4122 0.021568628 -384
8 576.36755 1128.4122 0.021568628 -401
9 572.9695 1128.4122 0.021568628 -450
10 569.60767 1128.4122 0.021568628 -483
11 566.14557 1128.4122 0.021568628 -516
12 564.8478 1128.4122 0.019607844 -549
13 559.4678 1128.4122 0.019607844 -599
14 552.4855 1128.4122 0.019607844 -648
15 534.9951 1126.1619 0.019607844 -681
16 503.89026 1123.5192 0.019607844 -715
17 462.73212 1119.93 0.019607844 -748
18 397.7917 1116.5385 0.019607844 -781
19 333.2204 1113.1956 0.019607844 -830
20 289.6877 1112.4205 0.019607844 -880
21 268.37808 1111.4211 0.019607844 -929
22 261.26654 1111.4211 0.019607844 -979
23 258.05307 1111.4211 0.019607844 -1012
24 254.66345 1111.4211 0.019607844 -1045
25 251.184 1111.4211 0.019607844 -1078
26 249.76874 1111.4211 0.019607844 -1111
27 249.76874 1112.2043 0.019607844 -1144
28 249.76874 1117.5673 0.019607844 -1177
29 249.76874 1127.5508 0.019607844 -1210
30 249.76874 1141.5316 0.019607844 -1243
31 246.8536 1168.4054 0.019607844 -1276
32 244.77336 1208.295 0.019607844 -1309
33 242.7752 1252.3325 0.019607844 -1342
34 239.07295 1305.1998 0.019607844 -1375
35 234.22856 1352.9 0.019607844 -1408
36 228.87344 1392.3358 0.019607844 -1441
37 221.60333 1436.2094 0.019607844 -1474
38 216.34439 1469.2834 0.019607844 -1507
39 212.9041 1504.002 0.019607844 -1540
40 209.23822 1540.8779 0.019607844 -1573
41 206.80852 1571.857 0.019607844 -1606
42 203.91139 1600.2646 0.019607844 -1640
43 203.24782 1622.4109 0.019607844 -1673
44 201.81314 1634.7001 0.019607844 -1706
45 200.81406 1639.9855 0.021568628 -1739
46 200.81406 1643.1442 0.021568628 -1772
47 200.81406 1643.1442 0.019607844 -1805
48 201.81314 1643.1442 0.01764706 -1841
49 201.81314 1643.1442 0.01764706 -1899
0 633.4135 1138.4071 0.01764706 -247
1 633.4135 1138.4071 0.019607844 -247
2 633.4135 1138.4071 0.021568628 -269
3 629.36523 1138.4071 0.021568628 -318
4 626.01843 1138.4071 0.021568628 -384
5 620.92694 1138.4071 0.021568628 -417
6 617.44977 1138.4071 0.019607844 -467
7 613.90283 1138.4071 0.021568628 -500
8 607.68243 1139.284 0.019607844 -533
9 587.129 1144.6693 0.019607844 -583
10 559.3669 1148.3214 0.019607844 -632
11 505.14066 1152.6388 0.019607844 -665
12 438.34677 1156.1091 0.019607844 -715
13 394.74313 1156.3977 0.019607844 -764
14 333.27353 1156.3977 0.019607844 -798
15 292.99237 1156.3977 0.019607844 -847
16 266.90555 1156.3977 0.019607844 -897
17 258.4747 1156.3977 0.021568628 -946
18 253.73126 1156.3977 0.021568628 -979
19 248.68144 1156.3977 0.021568628 -1012
20 246.77151 1156.3977 0.021568628 -1062
21 246.77151 1157.4296 0.021568628 -1095
22 246.77151 1161.5223 0.019607844 -1128
23 246.77151 1172.0303 0.019607844 -1161
24 244.05836 1195.387 0.019607844 -1194
25 239.46028 1223.9066 0.019607844 -1227
26 231.15265 1266.1405 0.019607844 -1260
27 219.4311 1337.4976 0.021568628 -1293
28 214.12286 1381.3538 0.021568628 -1343
29 210.40001 1417.3136 0.021568628 -1376
30 206.72087 1451.9457 0.019607844 -1409
31 202.10391 1492.3123 0.019607844 -1442
32 199.45872 1524.059 0.019607844 -1475
33 196.81776 1559.2441 0.019607844 -1508
34 194.13396 1598.3441 0.019607844 -1541
35 190.4404 1631.5996 0.019607844 -1574
36 184.74644 1656.4259 0.019607844 -1607
37 179.13364 1673.23 0.019607844 -1641
38 175.46307 1681.8729 0.019607844 -1674
39 173.83904 1686.1234 0.019607844 -1707
40 173.83904 1690.7911 0.019607844 -1740
41 173.83904 1692.6184 0.019607844 -1773
42 173.83904 1692.1187 0.019607844 -1808
43 173.83904 1692.1187 0.01764706 -1866
0 626.42 1138.4071 0.01764706 -235
1 626.42 1138.4071 0.01764706 -235
2 626.42 1138.4071 0.019607844 -261
3 620.3296 1138.4071 0.021568628 -294
4 616.0149 1138.4071 0.021568628 -327
5 612.692 1138.4071 0.021568628 -360
6 609.30396 1138.4071 0.019607844 -393
7 605.69135 1138.4071 0.019607844 -426
8 602.0859 1138.4071 0.019607844 -459
9 597.5258 1138.4071 0.019607844 -492
10 586.53394 1138.4071 0.01764706 -525
11 568.7892 1139.4065 0.01764706 -558
12 541.8119 1139.4065 0.01764706 -591
13 503.33258 1139.4065 0.01764706 -624
14 462.84818 1137.1808 0.019607844 -657
15 413.48114 1133.5338 0.019607844 -690
16 366.7923 1130.9595 0.019607844 -723
17 328.36353 1130.4113 0.019607844 -756
18 287.9263 1128.4122 0.019607844 -789
19 264.71378 1127.4127 0.019607844 -822
20 249.77382 1127.4127 0.019607844 -855
21 242.05661 1127.4127 0.019607844 -888
22 238.54962 1127.4127 0.019607844 -922
23 235.1333 1127.4127 0.019607844 -955
24 231.70035 1127.4127 0.019607844 -988
25 230.20322 1129.9951 0.019607844 -1021
26 227.7891 1136.7041 0.019607844 -1054
27 224.11952 1149.0933 0.019607844 -1087
28 220.5945 1171.7983 0.019607844 -1120
29 218.02307 1219.5408 0.019607844 -1153
30 217.79834 1277.483 0.019607844 -1186
31 213.8954 1337.2756 0.019607844 -1219
32 209.68692 1392.1073 0.019607844 -1252
33 205.64316 1440.4132 0.019607844 -1285
34 200.96143 1492.1577 0.019607844 -1318
35 195.52269 1566.036 0.019607844 -1351
36 191.77547 1613.77 0.019607844 -1401
37 188.16068 1642.47 0.019607844 -1434
38 185.82794 1657.1072 0.019607844 -1467
39 184.82886 1667.2136 0.019607844 -1500
40 184.82886 1671.7557 0.019607844 -1533
41 184.82886 1675.3894 0.019607844 -1566
42 184.82886 1677.1055 0.019607844 -1599
43 184.82886 1677.1265 0.019607844 -1632
44 184.82886 1677.1265 0.01764706 -1665
45 184.82886 1677.1265 0.01764706 -1685
0 575.46716 1170.3904 0.01764706 -196
1 575.46716 1170.3904 0.019607844 -196
2 575.46716 1170.3904 0.019607844 -219
3 571.3551 1170.3904 0.021568628 -252
4 567.91724 1170.3904 0.023529414 -285
5 564.4485 1170.3904 0.023529414 -318
6 561.0315 1170.3904 0.021568628 -352
7 557.4153 1170.3904 0.021568628 -385
8 553.8372 1170.3904 0.019607844 -418
9 550.1616 1170.3904 0.019607844 -451
10 538.448 1172.4027 0.019607844 -484
11 517.111 1176.0176 0.019607844 -517
12 486.68073 1179.5933 0.019607844 -550
13 447.16586 1183.2622 0.019607844 -583
14 425.3833 1183.3837 0.019607844 -616
15 383.68753 1183.3837 0.019607844 -632
16 331.18054 1180.5509 0.019607844 -665
17 291.40396 1174.7229 0.019607844 -698
18 264.64215 1172.3894 0.019607844 -732
19 249.37888 1171.3899 0.019607844 -765
20 242.33426 1171.3899 0.019607844 -798
21 238.7437 1171.3899 0.019607844 -831
22 235.78168 1171.3899 0.019607844 -864
23 235.10025 1171.3899 0.019607844 -897
24 231.51434 1177.929 0.019607844 -946
25 228.00845 1188.5027 0.019607844 -979
26 223.41556 1205.2601 0.019607844 -1012
27 217.02495 1230.4554 0.019607844 -1045
28 211.45683 1269.8125 0.019607844 -1078
29 205.83696 1317.9279 0.019607844 -1111
30 203.08588 1372.4502 0.019607844 -1144
31 199.4101 1420.1235 0.019607844 -1177
32 195.71024 1459.3256 0.019607844 -1210
33 189.43211 1503.8754 0.019607844 -1243
34 183.18938 1539.4031 0.019607844 -1276
35 178.88928 1579.7927 0.019607844 -1309
36 174.17067 1612.8363 0.019607844 -1342
37 170.52058 1633.7567 0.019607844 -1375
38 166.78937 1645.3115 0.019607844 -1408
39 164.84737 1651.7817 0.019607844 -1441
40 164.84737 1656.4246 0.019607844 -1474
41 164.84737 1659.0952 0.019607844 -1508
42 164.84737 1661.6345 0.019607844 -1541
43 164.84737 1661.1348 0.019607844 -1563
44 164.84737 1661.1348 0.019607844 -1607
0 592.4514 1136.4081 0.01764706 -159
1 592.4514 1136.4081 0.01764706 -159
2 588.4066 1136.4081 0.019607844 -171
3 581.4942 1136.4081 0.021568628 -220
4 578.0553 1136.4081 0.023529414 -254
5 574.6827 1136.4081 0.023529414 -287
6 571.808 1136.4081 0.023529414 -320
7 568.4047 1136.4081 0.023529414 -348
8 564.8943 1136.4081 0.021568628 -381
9 561.3786 1136.4081 0.021568628 -414
10 560.481 1136.4081 0.021568628 -447
11 557.3111 1136.4081 0.019607844 -480
12 555.45184 1136.4081 0.019607844 -513
13 548.13165 1136.998 0.019607844 -530
14 530.0341 1139.6522 0.019607844 -563
15 498.28403 1140.406 0.019607844 -596
16 461.308 1138.9802 0.019607844 -629
17 422.88074 1136.3419 0.019607844 -662
18 376.41104 1131.7766 0.019607844 -695
19 336.1445 1126.9503 0.019607844 -728
20 297.767 1126.5835 0.019607844 -761
21 266.94028 1125.4138 0.019607844 -794
22 246.89484 1123.4149 0.019607844 -827
23 236.53583 1122.4154 0.019607844 -860
24 232.21234 1121.4159 0.019607844 -893
25 228.80226 1121.4159 0.019607844 -926
26 225.44249 1121.4159 0.019607844 -959
27 221.92513 1121.4159 0.019607844 -992
28 220.79556 1125.2573 0.019607844 -1025
29 220.79556 1133.3895 0.019607844 -1058
30 219.25241 1147.5806 0.019607844 -1091
31 215.72658 1166.908 0.019607844 -1124
32 211.40529 1228.5468 0.019607844 -1157
33 207.73828 1275.1683 0.019607844 -1207
34 204.2178 1335.2012 0.019607844 -1240
35 200.55034 1381.448 0.019607844 -1273
36 196.18134 1430.1697 0.019607844 -1306
37 190.33833 1479.0549 0.019607844 -1339
38 186.73196 1521.3491 0.019607844 -1372
39 183.82979 1569.066 0.019607844 -1405
40 180.32715 1603.212 0.019607844 -1438
41 175.6667 1624.0073 0.019607844 -1471
42 172.0038 1638.6572 0.019607844 -1504
43 169.31755 1648.1929 0.019607844 -1537
44 168.84366 1653.2694 0.019607844 -1570
45 168.84366 1657.9935 0.019607844 -1603
46 168.84366 1659.1359 0.019607844 -1636
47 168.84366 1659.1359 0.019607844 -1669
48 170.84181 1659.1359 0.019607844 -1699
49 170.84181 1659.1359 0.019607844 -1726
0 606.4385 1135.4086 0.01764706 -197
1 606.4385 1135.4086 0.019607844 -197
2 606.4385 1135.4086 0.019607844 -218
3 603.8309 1135.4086 0.019607844 -235
4 600.75433 1135.4086 0.021568628 -251
5 599.35925 1135.4086 0.021568628 -268
6 595.8046 1135.4086 0.021568628 -284
7 593.91034 1135.4086 0.021568628 -301
8 592.1073 1135.4086 0.021568628 -317
9 590.3461 1135.4086 0.021568628 -334
10 588.56445 1135.4086 0.021568628 -350
11 585.0484 1135.4086 0.019607844 -367
12 581.35394 1135.4086 0.019607844 -400
13 571.49 1135.4086 0.019607844 -433
14 564.06726 1135.4086 0.019607844 -466
15 555.2447 1135.4086 0.019607844 -482
16 527.00433 1134.3528 0.019607844 -499
17 503.45245 1132.4713 0.019607844 -532
18 478.63968 1130.6482 0.019607844 -549
19 430.99377 1127.0585 0.019607844 -565
20 408.513 1124.0901 0.019607844 -598
21 359.46912 1119.6324 0.019607844 -615
22 319.95206 1116.4185 0.019607844 -648
23 292.43716 1115.4191 0.019607844 -681
24 275.82538 1115.4191 0.019607844 -714
25 267.19394 1115.4191 0.019607844 -747
26 261.59442 1115.4191 0.019607844 -780
27 258.174 1115.4191 0.019607844 -813
28 254.65656 1115.4191 0.019607844 -846
29 251.14702 1118.6582 0.019607844 -879
30 247.64749 1125.7832 0.021568628 -912
31 244.04091 1141.3381 0.019607844 -945
32 237.19301 1164.7428 0.021568628 -978
33 233.50426 1181.6425 0.021568628 -1011
34 224.45992 1225.0216 0.021568628 -1027
35 220.83958 1248.0854 0.021568628 -1060
36 218.52443 1268.345 0.021568628 -1077
37 215.6939 1292.7098 0.021568628 -1094
38 212.96062 1320.813 0.021568628 -1110
39 211.0806 1350.8798 0.021568628 -1127
40 207.47278 1397.2937 0.021568628 -1143
41 205.62077 1418.5271 0.021568628 -1176
42 201.03021 1462.0748 0.021568628 -1193
43 199.18336 1481.5504 0.021568628 -1226
44 197.36844 1496.8109 0.019607844 -1242
45 195.5637 1513.2537 0.019607844 -1259
46 193.71754 1529.1312 0.021568628 -1275
47 191.89629 1545.6771 0.019607844 -1292
48 191.07994 1560.1324 0.019607844 -1308
49 189.82423 1571.632 0.019607844 -1325
50 188.42517 1583.9774 0.019607844 -1341
51 187.82608 1594.4836 0.019607844 -1358
52 186.82701 1604.5588 0.019607844 -1374
53 185.0612 1624.2238 0.019607844 -1391
54 183.40422 1635.426 0.019607844 -1424
55 183.82979 1638.6179 0.019607844 -1457
56 183.82979 1642.3462 0.019607844 -1473
57 183.82979 1645.0483 0.019607844 -1490
58 183.82979 1648.5637 0.019607844 -1506
59 183.82979 1650.1405 0.019607844 -1539
60 183.82979 1650.1405 0.019607844 -1572
61 184.82886 1650.1405 0.01764706 -1588
0 643.40424 1131.4106 0.01764706 -282
1 643.40424 1131.4106 0.019607844 -282
2 641.8893 1131.4106 0.019607844 -310
3 637.5031 1131.4106 0.021568628 -343
4 633.90106 1131.4106 0.021568628 -376
5 630.2669 1131.4106 0.019607844 -409
6 626.77264 1131.4106 0.019607844 -442
7 621.9939 1131.4106 0.019607844 -475
8 618.0641 1131.4106 0.019607844 -508
9 605.7314 1133.1514 0.019607844 -524
10 585.24603 1135.4086 0.019607844 -558
11 562.3942 1136.4081 0.019607844 -591
12 525.56714 1137.4076 0.019607844 -624
13 484.92657 1136.4081 0.019607844 -657
14 444.19955 1135.4086 0.019607844 -690
15 395.9811 1135.4086 0.019607844 -723
16 357.43158 1132.116 0.019607844 -756
17 323.8476 1130.5259 0.019607844 -789
18 298.62186 1128.0621 0.019607844 -822
19 285.07837 1126.4133 0.019607844 -855
20 279.5094 1126.4133 0.019607844 -888
21 276.11273 1126.4133 0.019607844 -921
22 272.7433 1126.4133 0.019607844 -954
23 269.30838 1126.4133 0.019607844 -987
24 265.87918 1128.287 0.019607844 -1020
25 265.75394 1136.7426 0.019607844 -1053
26 263.8141 1149.1681 0.019607844 -1086
27 261.24167 1172.4878 0.019607844 -1119
28 257.66458 1197.0542 0.019607844 -1152
29 253.09564 1227.3907 0.021568628 -1185
30 247.64536 1259.472 0.019607844 -1218
31 242.26793 1302.1221 0.019607844 -1251
32 237.39938 1342.1089 0.019607844 -1284
33 230.9852 1378.9879 0.019607844 -1317
34 225.29141 1416.7621 0.021568628 -1350
35 220.74265 1448.7222 0.019607844 -1383
36 215.13928 1488.8397 0.019607844 -1416
37 211.54643 1524.7827 0.019607844 -1449
38 207.88974 1558.3661 0.019607844 -1482
39 204.2594 1590.0321 0.019607844 -1515
40 200.66202 1613.0729 0.019607844 -1548
41 196.97409 1629.6816 0.019607844 -1581
42 195.8187 1639.1462 0.019607844 -1614
43 195.8187 1645.3394 0.019607844 -1647
44 195.8187 1648.8424 0.019607844 -1680
45 195.8187 1652.4579 0.019607844 -1714
46 194.8556 1654.1384 0.019607844 -1747
47 194.81961 1654.1384 0.019607844 -1780
48 194.81961 1654.1384 0.019607844 -1803
49 194.81961 1654.1384 0.019607844 -1852
0 594.4496 1113.42 0.019607844 -204
1 594.4496 1113.42 0.019607844 -204
2 591.0063 1113.42 0.021568628 -215
3 587.7368 1113.42 0.021568628 -265
4 584.3922 1113.42 0.021568628 -298
5 580.8567 1113.42 0.021568628 -331
6 577.43024 1113.42 0.021568628 -364
7 573.7435 1113.42 0.019607844 -397
8 571.0182 1113.42 0.019607844 -430
9 569.1267 1113.42 0.019607844 -463
10 561.6763 1113.42 0.019607844 -480
11 539.0189 1114.9795 0.019607844 -513
12 503.83408 1116.6882 0.019607844 -546
13 455.4757 1118.4175 0.019607844 -579
14 405.6363 1119.8773 0.019607844 -612
15 364.67715 1120.4164 0.019607844 -645
16 307.94373 1120.0208 0.019607844 -678
17 278.60025 1119.417 0.019607844 -727
18 265.37997 1119.417 0.019607844 -777
19 259.2736 1119.417 0.019607844 -810
20 255.6018 1119.417 0.019607844 -843
21 252.1928 1119.417 0.019607844 -876
22 248.6425 1119.417 0.019607844 -909
23 247.77058 1123.7192 0.019607844 -942
24 247.77058 1132.7698 0.019607844 -975
25 245.06131 1144.9625 0.019607844 -1008
26 241.55766 1162.7064 0.019607844 -1041
27 239.86414 1192.6028 0.019607844 -1074
28 236.30295 1238.0942 0.019607844 -1107
29 232.70422 1281.2964 0.019607844 -1140
30 226.30719 1330.4316 0.019607844 -1173
31 221.49922 1374.5366 0.019607844 -1206
32 214.78564 1415.348 0.019607844 -1239
33 210.8451 1437.9889 0.019607844 -1272
34 204.42589 1494.6849 0.019607844 -1289
35 200.68935 1529.4515 0.019607844 -1338
36 197.08394 1563.7877 0.019607844 -1371
37 192.41098 1589.6372 0.019607844 -1404
38 188.7717 1608.3763 0.019607844 -1437
39 183.14302 1623.9038 0.019607844 -1470
40 179.47826 1634.2156 0.019607844 -1504
41 178.83441 1642.0834 0.019607844 -1537
42 177.83534 1648.3668 0.019607844 -1570
43 177.83534 1652.3962 0.019607844 -1603
44 177.83534 1656.0281 0.019607844 -1636
45 176.83626 1659.6743 0.021568628 -1669
46 176.83626 1662.2535 0.019607844 -1702
47 176.83626 1662.1343 0.019607844 -1735
48 176.83626 1662.1343 0.019607844 -1768
49 176.83626 1662.1343 0.019607844 -1778
