0 859.20447 871.546 0.023529414 -303
1 859.20447 871.546 0.023529414 -303
2 858.642 871.546 0.023529414 -392
3 853.6713 871.546 0.023529414 -457
4 852.21094 871.546 0.023529414 -507
5 852.21094 871.546 0.019607844 -556
6 849.8703 871.546 0.019607844 -605
7 819.7558 876.1245 0.019607844 -656
8 780.64294 880.63196 0.019607844 -722
9 730.5535 884.5393 0.019607844 -771
10 701.1755 884.5393 0.019607844 -821
11 653.11115 884.5393 0.019607844 -854
12 613.6688 884.5393 0.019607844 -903
13 592.74725 884.5393 0.019607844 -953
14 581.37286 884.5393 0.021568628 -1002
15 576.0077 884.99805 0.019607844 -1085
16 571.6779 897.2892 0.019607844 -1135
17 560.6285 948.8417 0.019607844 -1184
18 553.1606 1010.41864 0.019607844 -1250
19 542.4851 1071.8336 0.019607844 -1300
20 531.2808 1131.5471 0.019607844 -1349
21 520.2855 1230.1527 0.021568628 -1399
22 516.5217 1322.5308 0.019607844 -1465
23 515.52264 1364.3489 0.019607844 -1531
24 514.5236 1411.7285 0.019607844 -1580
25 511.52637 1447.1227 0.019607844 -1647
26 511.52637 1474.7405 0.019607844 -1696
27 511.52637 1484.3219 0.021568628 -1746
28 511.52637 1489.2244 0.021568628 -1795
29 511.52637 1489.2244 0.021568628 -1845
30 511.52637 1489.2244 0.019607844 -1894
31 511.52637 1489.2244 0.019607844 -1928
0 894.17206 846.5591 0.023529414 -382
1 890.42426 846.5591 0.025490198 -382
2 883.78406 846.5591 0.023529414 -418
3 881.1841 846.5591 0.023529414 -484
4 877.28033 846.5591 0.021568628 -533
5 852.8278 850.61163 0.021568628 -583
6 784.13245 853.5554 0.021568628 -649
7 702.14966 848.81244 0.021568628 -699
8 632.7711 842.5076 0.021568628 -748
9 587.2921 841.56165 0.021568628 -798
10 577.2612 841.56165 0.021568628 -864
11 571.97174 841.56165 0.021568628 -913
12 566.03534 844.0009 0.019607844 -963
13 561.4801 905.0536 0.021568628 -1029
14 561.4801 1021.3312 0.019607844 -1095
15 559.4218 1112.3229 0.021568628 -1145
16 552.05054 1193.6382 0.019607844 -1194
17 546.6507 1259.1484 0.019607844 -1244
18 539.5005 1337.0887 0.019607844 -1293
19 534.50507 1386.0503 0.019607844 -1359
20 531.5079 1427.2344 0.019607844 -1409
21 525.5134 1458.6111 0.019607844 -1475
22 525.5134 1470.0302 0.019607844 -1541
23 525.5134 1471.2336 0.019607844 -1607
24 526.5125 1472.2332 0.019607844 -1654
0 919.1489 836.5643 0.023529414 -309
1 916.61365 836.5643 0.023529414 -309
2 911.6574 836.5643 0.023529414 -334
3 904.96155 836.5643 0.023529414 -384
4 901.1656 836.5643 0.023529414 -450
5 901.1656 836.5643 0.021568628 -499
6 901.1656 836.5643 0.021568628 -549
7 897.0284 836.5643 0.019607844 -598
8 876.75464 842.70557 0.019607844 -648
9 832.2665 851.6634 0.019607844 -697
10 762.28503 860.01935 0.019607844 -747
11 690.55457 868.3796 0.019607844 -796
12 630.91077 870.69696 0.019607844 -846
13 594.3406 870.5466 0.019607844 -895
14 578.00494 870.5466 0.021568628 -945
15 570.6177 870.5466 0.021568628 -995
16 565.50543 871.546 0.021568628 -1044
17 565.47644 874.8698 0.019607844 -1094
18 562.9422 894.2902 0.019607844 -1143
19 565.03973 1010.73175 0.019607844 -1193
20 567.47455 1106.2944 0.019607844 -1259
21 563.07556 1194.6176 0.019607844 -1308
22 557.67834 1255.3993 0.019607844 -1358
23 550.4356 1311.7001 0.019607844 -1407
24 544.89636 1350.4904 0.019607844 -1474
25 539.6311 1384.7557 0.019607844 -1523
26 537.0995 1402.479 0.019607844 -1589
27 535.50415 1416.9673 0.019607844 -1639
28 535.50415 1422.2592 0.019607844 -1705
29 535.50415 1422.2592 0.019607844 -1771
30 535.50415 1422.2592 0.019607844 -1820
31 535.50415 1422.2592 0.019607844 -1833
0 925.1434 839.5627 0.021568628 -324
1 925.1434 839.5627 0.023529414 -324
2 920.0587 839.5627 0.023529414 -343
3 918.30194 839.5627 0.023529414 -392
4 914.94727 839.5627 0.023529414 -409
5 911.54114 839.5627 0.023529414 -442
6 907.16003 839.5627 0.023529414 -475
7 907.16003 839.5627 0.023529414 -524
8 907.16003 839.5627 0.021568628 -574
9 907.16003 839.5627 0.019607844 -618
10 904.23065 839.5627 0.019607844 -673
11 886.42944 844.9974 0.019607844 -722
12 847.1184 850.56915 0.019607844 -772
13 784.82074 853.5554 0.019607844 -822
14 726.6999 853.5554 0.019607844 -871
15 669.1312 853.5554 0.019607844 -921
16 634.46936 853.5554 0.019607844 -970
17 615.9767 853.5554 0.019607844 -1020
18 606.176 853.5554 0.021568628 -1053
19 600.7273 853.5554 0.021568628 -1086
20 595.4049 853.5554 0.019607844 -1119
21 594.4496 853.5554 0.019607844 -1168
22 591.72107 867.20355 0.019607844 -1218
23 587.45605 922.0196 0.019607844 -1268
24 587.9107 1020.1875 0.019607844 -1317
25 582.7399 1134.9373 0.019607844 -1367
26 577.19763 1209.8534 0.019607844 -1433
27 572.7764 1270.5771 0.019607844 -1482
28 570.4718 1316.44 0.019607844 -1532
29 567.47455 1361.8873 0.019607844 -1581
30 566.47546 1375.4727 0.019607844 -1647
31 566.47546 1383.6714 0.021568628 -1697
32 566.47546 1385.2784 0.021568628 -1763
33 566.47546 1385.2784 0.021568628 -1800
34 566.47546 1385.2784 0.019607844 -1879
35 565.47644 1385.2784 0.019607844 -1895
0 959.11194 843.5606 0.021568628 -389
1 954.23254 843.5606 0.023529414 -389
2 949.1085 843.5606 0.023529414 -434
3 945.69366 843.5606 0.023529414 -483
4 943.1267 843.5606 0.023529414 -516
5 943.1267 843.5606 0.023529414 -583
6 943.1267 843.5606 0.023529414 -616
7 946.62616 843.5606 0.021568628 -665
8 947.3287 843.5606 0.019607844 -715
9 929.8573 846.9392 0.019607844 -781
10 873.19147 852.05615 0.019607844 -830
11 774.4393 849.5575 0.019607844 -877
12 692.87866 845.1525 0.019607844 -946
13 636.54956 841.56165 0.021568628 -996
14 604.1569 840.5622 0.021568628 -1045
15 595.69617 840.5622 0.021568628 -1111
16 590.59827 840.5622 0.021568628 -1161
17 587.45605 840.5622 0.021568628 -1210
18 587.45605 842.67053 0.019607844 -1276
19 587.45605 862.45154 0.019607844 -1326
20 587.45605 913.8673 0.019607844 -1375
21 587.45605 962.4983 0.019607844 -1425
22 585.6286 1045.551 0.019607844 -1458
23 580.3413 1137.8635 0.019607844 -1508
24 576.46625 1222.2097 0.019607844 -1574
25 572.78064 1281.4664 0.019607844 -1640
26 571.4709 1315.8502 0.019607844 -1706
27 569.4727 1349.4237 0.019607844 -1755
28 568.47363 1358.3613 0.019607844 -1821
29 566.47546 1365.6954 0.021568628 -1871
30 566.47546 1368.9463 0.021568628 -1937
31 566.47546 1370.2863 0.021568628 -2003
32 566.47546 1372.2853 0.021568628 -2053
33 566.47546 1372.2853 0.019607844 -2101
34 566.47546 1372.2853 0.019607844 -2158
0 933.136 845.5596 0.023529414 -378
1 929.9614 845.5596 0.025490198 -378
2 923.28046 845.5596 0.025490198 -409
3 918.2595 845.5596 0.025490198 -475
4 917.1508 845.5596 0.025490198 -524
5 917.1508 845.5596 0.023529414 -573
6 917.1508 845.5596 0.023529414 -623
7 917.1508 845.5596 0.021568628 -672
8 914.28516 845.5596 0.019607844 -722
9 874.3906 854.0051 0.019607844 -771
10 800.30396 864.0106 0.019607844 -838
11 725.2217 866.54865 0.019607844 -887
12 653.5106 864.5497 0.019607844 -937
13 607.1284 863.55023 0.019607844 -986
14 588.4519 863.55023 0.019607844 -1036
15 581.41376 863.55023 0.019607844 -1085
16 576.0819 863.55023 0.019607844 -1135
17 570.4718 865.8666 0.019607844 -1184
18 565.70447 891.48157 0.019607844 -1250
19 562.6396 977.2798 0.019607844 -1300
20 558.1629 1059.612 0.019607844 -1366
21 551.0046 1148.0266 0.019607844 -1416
22 543.26886 1229.7808 0.019607844 -1465
23 536.95245 1308.6206 0.019607844 -1515
24 531.1532 1355.7788 0.019607844 -1564
25 525.695 1391.1847 0.019607844 -1614
26 523.51526 1417.1522 0.019607844 -1663
27 523.51526 1430.4153 0.019607844 -1713
28 523.51526 1437.2513 0.021568628 -1762
29 523.51526 1438.2509 0.021568628 -1829
30 523.51526 1438.2509 0.019607844 -1857
31 523.51526 1438.2509 0.01764706 -1931
0 895.17114 846.5591 0.023529414 -303
1 895.17114 846.5591 0.023529414 -303
2 895.17114 846.5591 0.023529414 -334
3 895.17114 846.5591 0.025490198 -384
4 895.17114 846.5591 0.025490198 -433
5 895.17114 846.5591 0.025490198 -466
6 895.17114 846.5591 0.025490198 -516
7 895.17114 846.5591 0.025490198 -549
8 895.17114 846.5591 0.023529414 -598
9 895.17114 846.5591 0.023529414 -631
10 895.17114 846.5591 0.021568628 -681
11 889.2632 846.5591 0.021568628 -714
12 879.97845 846.5591 0.021568628 -747
13 849.715 850.2792 0.019607844 -780
14 810.143 853.5554 0.019607844 -813
15 729.2137 850.78564 0.021568628 -846
16 654.6237 845.5596 0.021568628 -896
17 597.86694 843.5606 0.021568628 -945
18 575.85986 843.5606 0.021568628 -995
19 564.8365 843.5606 0.021568628 -1044
20 559.728 843.5606 0.023529414 -1094
21 556.2781 843.5606 0.021568628 -1143
22 554.4866 843.5606 0.021568628 -1177
23 554.4866 863.1236 0.019607844 -1243
24 554.4866 917.5221 0.021568628 -1292
25 554.4866 1008.7027 0.019607844 -1339
26 549.98486 1108.5167 0.021568628 -1391
27 544.52167 1181.0748 0.021568628 -1441
28 538.1359 1260.465 0.019607844 -1490
29 536.50323 1338.5873 0.019607844 -1540
30 536.50323 1361.0142 0.019607844 -1606
31 536.50323 1382.7904 0.019607844 -1639
32 536.50323 1405.1537 0.019607844 -1672
33 536.50323 1413.1794 0.021568628 -1722
34 536.50323 1418.2612 0.021568628 -1771
35 536.50323 1418.2612 0.021568628 -1821
36 536.50323 1418.2612 0.019607844 -1870
37 536.50323 1418.2612 0.019607844 -1898
0 912.1554 836.5643 0.025490198 -330
1 908.28876 836.5643 0.025490198 -330
2 905.02783 836.5643 0.025490198 -367
3 900.0467 836.5643 0.025490198 -400
4 900.1665 836.5643 0.025490198 -449
5 899.1674 836.5643 0.025490198 -499
6 899.1674 836.5643 0.023529414 -549
7 899.1674 836.5643 0.019607844 -598
8 895.08496 836.5643 0.019607844 -664
9 874.5669 841.0795 0.019607844 -714
10 825.8329 844.50037 0.019607844 -763
11 741.0107 844.5601 0.021568628 -813
12 664.7887 843.5606 0.021568628 -862
13 598.73987 840.5622 0.021568628 -912
14 578.18176 840.5622 0.021568628 -978
15 574.85315 840.5622 0.021568628 -1028
16 567.5308 840.5622 0.021568628 -1044
17 562.5302 840.5622 0.021568628 -1094
18 557.4838 840.5622 0.021568628 -1143
19 557.4838 848.2313 0.019607844 -1209
20 557.4838 887.3876 0.019607844 -1275
21 562.11536 969.5758 0.021568628 -1325
22 562.4792 1079.919 0.019607844 -1374
23 562.4792 1173.2566 0.019607844 -1440
24 559.79333 1278.2825 0.019607844 -1490
25 557.44836 1362.6805 0.019607844 -1556
26 554.4866 1417.6425 0.019607844 -1622
27 554.4866 1438.3069 0.021568628 -1672
28 554.4866 1445.7577 0.021568628 -1721
29 554.4866 1448.2457 0.021568628 -1771
30 554.4866 1448.2457 0.021568628 -1816
31 554.4866 1448.2457 0.019607844 -1903
32 554.4866 1448.2457 0.019607844 -1910
0 920.148 816.5747 0.023529414 -296
1 917.1237 816.5747 0.023529414 -296
2 912.1503 816.5747 0.023529414 -327
3 905.5273 816.5747 0.023529414 -376
4 902.1647 816.5747 0.023529414 -442
5 902.1647 816.5747 0.023529414 -492
6 902.1647 816.5747 0.021568628 -525
7 901.5782 816.5747 0.019607844 -574
8 891.21484 816.5747 0.019607844 -624
9 833.2659 814.33057 0.019607844 -674
10 762.0772 814.57574 0.019607844 -740
11 686.7866 809.60846 0.021568628 -789
12 621.2947 803.5814 0.021568628 -839
13 593.258 802.582 0.021568628 -888
14 581.9639 802.582 0.021568628 -938
15 576.8448 802.582 0.021568628 -987
16 572.4699 802.582 0.021568628 -1037
17 572.4699 804.49585 0.019607844 -1087
18 568.18835 818.7158 0.021568628 -1136
19 567.47455 871.53015 0.021568628 -1186
20 568.24 960.8874 0.019607844 -1235
21 569.4727 1044.0765 0.021568628 -1285
22 564.16516 1121.4783 0.021568628 -1334
23 558.67883 1181.2273 0.021568628 -1384
24 553.2835 1235.3978 0.021568628 -1433
25 551.4894 1287.1495 0.019607844 -1483
26 550.3453 1337.4645 0.019607844 -1533
27 549.4912 1382.0083 0.019607844 -1582
28 548.4921 1402.4648 0.019607844 -1648
29 547.49304 1413.7552 0.019607844 -1698
30 547.49304 1419.2166 0.021568628 -1747
31 547.49304 1422.2592 0.021568628 -1797
32 547.49304 1422.2592 0.021568628 -1863
33 547.49304 1422.2592 0.021568628 -1878
0 915.15265 836.5643 0.025490198 -306
1 913.0414 836.5643 0.025490198 -306
2 908.10645 836.5643 0.025490198 -326
3 904.82904 836.5643 0.025490198 -375
4 900.666 836.5643 0.025490198 -408
5 901.1656 836.5643 0.025490198 -450
6 901.1656 836.5643 0.025490198 -490
7 901.1656 836.5643 0.023529414 -540
8 900.0194 836.5643 0.021568628 -590
9 882.5686 839.8854 0.021568628 -640
10 816.191 841.56165 0.021568628 -689
11 713.20416 839.5627 0.021568628 -739
12 611.66425 829.0652 0.021568628 -805
13 572.8832 824.5705 0.021568628 -871
14 557.4649 824.5705 0.023529414 -921
15 548.8165 824.5705 0.023529414 -970
16 545.49493 824.5705 0.023529414 -1036
17 545.49493 826.491 0.021568628 -1086
18 545.49493 846.20337 0.021568628 -1135
19 551.3708 935.885 0.021568628 -1185
20 554.4866 1000.9201 0.021568628 -1234
21 558.4829 1112.33 0.021568628 -1267
22 552.9653 1242.6714 0.021568628 -1317
23 547.4888 1308.3658 0.021568628 -1383
24 542.4977 1356.1023 0.021568628 -1433
25 539.5005 1385.1255 0.021568628 -1482
26 539.5005 1399.2712 0.019607844 -1548
27 539.5005 1406.513 0.019607844 -1598
28 538.5014 1414.7141 0.021568628 -1631
29 537.5023 1420.2249 0.021568628 -1697
30 536.50323 1421.2598 0.021568628 -1747
31 536.50323 1421.2598 0.021568628 -1796
32 536.50323 1421.2598 0.019607844 -1836
0 914.15356 847.55853 0.025490198 -347
1 911.8352 847.55853 0.025490198 -347
2 905.23615 847.55853 0.025490198 -369
3 900.1665 847.55853 0.025490198 -435
4 900.1665 847.55853 0.023529414 -501
5 900.1665 847.55853 0.023529414 -567
6 900.1665 847.55853 0.021568628 -600
7 895.90924 847.55853 0.021568628 -633
8 867.0037 851.5862 0.019607844 -683
9 807.29376 854.9361 0.021568628 -732
10 755.46246 854.56256 0.021568628 -782
11 709.78784 852.0933 0.021568628 -815
12 652.9068 846.83795 0.021568628 -848
13 619.5383 844.5601 0.021568628 -898
14 604.1871 843.5606 0.021568628 -947
15 595.5672 843.5606 0.023529414 -997
16 592.2477 843.5606 0.023529414 -1062
17 590.4533 843.5606 0.021568628 -1095
18 587.7248 853.21063 0.019607844 -1144
19 580.4625 906.52783 0.021568628 -1194
20 579.46344 1020.2063 0.021568628 -1239
21 577.8537 1119.4204 0.021568628 -1293
22 571.6038 1224.8344 0.021568628 -1342
23 569.1519 1294.8579 0.021568628 -1409
24 567.47455 1337.0392 0.019607844 -1458
25 565.47644 1358.1859 0.019607844 -1508
26 564.47736 1373.5939 0.019607844 -1557
27 562.2367 1387.7627 0.019607844 -1607
28 561.4801 1399.8495 0.019607844 -1657
29 560.481 1405.5106 0.019607844 -1706
30 560.481 1407.7666 0.019607844 -1756
31 560.481 1407.267 0.019607844 -1785
32 560.481 1407.267 0.019607844 -1853
0 929.1397 846.5591 0.023529414 -223
1 929.1397 846.5591 0.023529414 -223
2 929.1397 846.5591 0.023529414 -260
3 929.1397 846.5591 0.023529414 -310
4 929.1397 846.5591 0.023529414 -358
5 929.1397 846.5591 0.021568628 -409
6 929.1397 846.5591 0.019607844 -451
7 920.4708 846.5591 0.019607844 -508
8 878.5656 848.2203 0.019607844 -558
9 824.47784 847.38275 0.019607844 -607
10 749.2008 846.8585 0.019607844 -657
11 688.12146 842.44836 0.019607844 -706
12 647.76025 840.5622 0.019607844 -756
13 630.05597 840.5622 0.021568628 -806
14 619.83704 840.5622 0.021568628 -855
15 614.6694 840.5622 0.021568628 -921
16 612.4329 840.5622 0.021568628 -971
17 605.2344 854.1708 0.019607844 -1021
18 594.2806 893.7957 0.019607844 -1087
19 587.4421 965.79114 0.021568628 -1136
20 582.0138 1048.716 0.021568628 -1186
21 576.5221 1132.5715 0.019607844 -1235
22 571.0519 1202.4067 0.019607844 -1285
23 564.7075 1294.0222 0.019607844 -1335
24 564.47736 1331.153 0.019607844 -1401
25 560.481 1383.1426 0.019607844 -1434
26 558.4829 1423.211 0.019607844 -1483
27 558.4829 1470.9092 0.019607844 -1533
28 558.4829 1498.2916 0.019607844 -1583
29 558.4829 1506.4727 0.021568628 -1632
30 558.4829 1507.215 0.021568628 -1682
31 558.4829 1507.215 0.019607844 -1711
32 558.4829 1507.215 0.019607844 -1764
33 558.4829 1507.215 0.019607844 -1768
0 933.136 836.5643 0.021568628 -223
1 933.136 836.5643 0.023529414 -223
2 931.07684 836.5643 0.023529414 -252
3 927.5957 836.5643 0.023529414 -301
4 924.1838 836.5643 0.023529414 -334
5 919.09204 836.5643 0.023529414 -367
6 919.1489 836.5643 0.021568628 -417
7 917.42505 835.5648 0.019607844 -466
8 897.8635 835.5648 0.019607844 -516
9 837.0682 833.56586 0.019607844 -566
10 763.62274 826.1882 0.019607844 -615
11 681.22473 817.268 0.019607844 -665
12 624.0464 812.6461 0.019607844 -714
13 589.7335 810.5778 0.019607844 -764
14 581.5336 810.5778 0.021568628 -830
15 576.42004 810.5778 0.021568628 -879
16 572.4699 810.5778 0.021568628 -929
17 572.4699 811.931 0.019607844 -978
18 572.4699 836.58307 0.019607844 -1028
19 572.4699 899.0395 0.019607844 -1077
20 573.469 961.8838 0.019607844 -1127
21 573.469 1043.0128 0.019607844 -1160
22 569.8711 1131.828 0.019607844 -1209
23 566.4694 1206.4501 0.019607844 -1259
24 564.47736 1280.9247 0.019607844 -1308
25 562.4792 1331.516 0.019607844 -1358
26 560.481 1361.291 0.019607844 -1407
27 558.4829 1375.605 0.021568628 -1456
28 558.4829 1380.0814 0.021568628 -1506
29 558.4829 1385.5919 0.021568628 -1539
30 558.4829 1388.2769 0.021568628 -1589
31 558.4829 1389.7761 0.021568628 -1635
32 557.4838 1389.2764 0.021568628 -1672
33 556.48474 1389.2764 0.019607844 -1721
0 944.1258 815.5752 0.021568628 -280
1 941.90216 815.5752 0.021568628 -280
2 935.0953 815.5752 0.021568628 -311
3 929.9846 815.5752 0.021568628 -377
4 927.14154 815.5752 0.021568628 -426
5 927.14154 815.5752 0.019607844 -476
6 921.88885 815.5752 0.019607844 -525
7 890.5892 815.5752 0.019607844 -575
8 840.2164 816.5747 0.019607844 -624
9 759.8574 814.8439 0.019607844 -674
10 682.9454 805.2345 0.019607844 -723
11 630.66205 800.23895 0.019607844 -773
12 606.91113 800.583 0.021568628 -823
13 599.474 800.583 0.021568628 -872
14 592.49225 800.583 0.021568628 -905
15 587.4329 800.583 0.021568628 -955
16 586.457 800.583 0.019607844 -1004
17 584.0748 804.3498 0.019607844 -1054
18 578.7768 834.7512 0.019607844 -1103
19 573.64105 896.12225 0.019607844 -1153
20 572.4699 993.4989 0.021568628 -1201
21 568.7912 1074.3082 0.019607844 -1250
22 565.2712 1141.8706 0.019607844 -1300
23 564.47736 1246.249 0.019607844 -1349
24 561.3732 1311.4938 0.019607844 -1416
25 557.9205 1371.1006 0.019607844 -1465
26 556.48474 1394.7603 0.019607844 -1531
27 556.48474 1407.6475 0.019607844 -1581
28 556.48474 1418.816 0.019607844 -1630
29 555.48566 1426.0281 0.021568628 -1680
30 555.48566 1430.7546 0.021568628 -1729
31 555.48566 1430.255 0.019607844 -1772
32 555.48566 1430.255 0.019607844 -1811
0 951.1193 844.5601 0.021568628 -220
1 949.7777 844.5601 0.023529414 -220
2 944.57513 844.5601 0.023529414 -243
3 939.45355 844.5601 0.023529414 -292
4 936.0539 844.5601 0.023529414 -342
5 933.136 844.5601 0.021568628 -375
6 933.136 844.5601 0.019607844 -424
7 929.8428 844.5601 0.019607844 -474
8 917.5687 846.2756 0.019607844 -507
9 882.87885 850.7199 0.019607844 -556
10 844.80365 852.55597 0.019607844 -606
11 775.21875 851.3013 0.019607844 -639
12 725.33905 848.6422 0.019607844 -688
13 672.3449 844.15704 0.021568628 -722
14 638.7805 841.56165 0.019607844 -755
15 606.78973 841.56165 0.021568628 -788
16 594.6717 841.56165 0.021568628 -837
17 590.65906 841.56165 0.021568628 -887
18 585.56604 841.56165 0.021568628 -920
19 582.4607 841.56165 0.019607844 -969
20 577.2209 849.29175 0.019607844 -1035
21 571.823 880.72144 0.019607844 -1085
22 566.45557 937.75073 0.019607844 -1134
23 563.01263 1030.4539 0.019607844 -1184
24 557.58435 1109.0135 0.019607844 -1233
25 551.09283 1189.1437 0.019607844 -1283
26 544.8258 1259.0415 0.019607844 -1332
27 539.1475 1336.5435 0.019607844 -1382
28 533.6169 1381.393 0.019607844 -1432
29 531.5079 1406.3102 0.019607844 -1481
30 531.5079 1417.0817 0.019607844 -1531
31 531.5079 1421.2598 0.021568628 -1580
32 531.5079 1421.2598 0.021568628 -1630
33 531.5079 1421.2598 0.019607844 -1641
34 531.5079 1421.2598 0.019607844 -1729
35 531.5079 1421.2598 0.019607844 -1753
0 929.1397 827.569 0.021568628 -232
1 927.4668 827.569 0.023529414 -232
2 920.6333 827.569 0.023529414 -276
3 915.4523 827.569 0.023529414 -342
4 915.15265 827.569 0.021568628 -392
5 914.67053 827.569 0.021568628 -441
6 906.3086 827.569 0.019607844 -491
7 883.8635 827.569 0.021568628 -541
8 835.8883 828.5684 0.021568628 -590
9 773.0691 826.56946 0.021568628 -640
10 699.0488 823.57104 0.019607844 -689
11 648.952 819.3665 0.019607844 -739
12 627.7392 819.5731 0.019607844 -789
13 614.8306 819.5731 0.021568628 -822
14 606.154 819.5731 0.021568628 -855
15 604.9398 819.5731 0.021568628 -903
16 597.9463 819.5731 0.021568628 -915
17 597.44684 821.6807 0.019607844 -981
18 594.83295 831.0323 0.019607844 -1052
19 589.2977 854.80786 0.021568628 -1085
20 584.62787 900.6552 0.019607844 -1118
21 581.04486 955.7594 0.019607844 -1151
22 577.4808 1012.2251 0.021568628 -1184
23 571.8551 1086.896 0.019607844 -1217
24 566.4352 1161.8785 0.019607844 -1250
25 559.9424 1235.3654 0.019607844 -1299
26 552.4878 1324.3179 0.019607844 -1349
27 548.0048 1359.7305 0.019607844 -1415
28 546.494 1380.6199 0.019607844 -1465
29 546.494 1392.0457 0.019607844 -1514
30 546.494 1395.761 0.019607844 -1564
31 546.494 1398.2717 0.021568628 -1597
32 546.494 1400.7704 0.021568628 -1630
33 546.494 1400.2706 0.019607844 -1650
34 546.494 1400.2706 0.019607844 -1745
35 546.494 1400.2706 0.019607844 -1752
0 927.14154 837.5637 0.023529414 -231
1 924.0733 837.5637 0.023529414 -231
2 919.08875 837.5637 0.023529414 -261
3 914.0309 837.5637 0.023529414 -310
4 911.1564 837.5637 0.023529414 -359
5 911.1564 837.5637 0.021568628 -409
6 909.94916 837.5637 0.019607844 -442
7 896.6921 838.18286 0.021568628 -492
8 856.4952 841.6209 0.021568628 -541
9 816.6115 843.5606 0.019607844 -591
10 748.82385 844.5601 0.021568628 -624
11 697.5073 840.93005 0.021568628 -673
12 659.8165 838.56323 0.021568628 -707
13 623.2337 838.56323 0.021568628 -740
14 607.43756 838.56323 0.021568628 -789
15 598.815 838.56323 0.021568628 -838
16 595.44226 838.56323 0.023529414 -888
17 591.9931 838.56323 0.021568628 -921
18 592.4514 838.56323 0.021568628 -954
19 592.4514 839.8126 0.019607844 -1004
20 586.96674 854.5141 0.019607844 -1037
21 580.37964 876.1242 0.021568628 -1087
22 573.087 938.1001 0.021568628 -1120
23 571.4709 992.3658 0.021568628 -1169
24 570.4718 1047.9543 0.021568628 -1202
25 568.2391 1099.7139 0.021568628 -1234
26 567.47455 1158.4197 0.021568628 -1268
27 566.47546 1205.2401 0.019607844 -1301
28 563.4783 1267.5586 0.019607844 -1335
29 559.90027 1305.5514 0.019607844 -1384
30 555.3591 1341.9347 0.019607844 -1417
31 553.76807 1354.452 0.019607844 -1467
32 552.48846 1366.6403 0.021568628 -1500
33 552.48846 1371.988 0.021568628 -1549
34 552.48846 1377.4233 0.021568628 -1581
35 552.48846 1381.2805 0.021568628 -1631
36 552.48846 1381.2805 0.021568628 -1680
37 552.48846 1381.2805 0.021568628 -1730
38 552.48846 1381.2805 0.019607844 -1779
39 552.48846 1381.2805 0.019607844 -1792
0 912.1554 840.5622 0.025490198 -500
1 908.8209 840.5622 0.025490198 -500
2 905.51886 840.5622 0.025490198 -533
3 902.6642 840.5622 0.025490198 -566
4 903.16376 840.5622 0.023529414 -595
5 903.16376 840.5622 0.023529414 -649
6 903.16376 840.5622 0.023529414 -681
7 903.16376 840.5622 0.021568628 -714
8 903.16376 840.5622 0.021568628 -747
9 900.93976 840.5622 0.021568628 -797
10 891.90204 842.3793 0.019607844 -830
11 871.9113 845.9396 0.019607844 -863
12 840.16986 850.56354 0.021568628 -896
13 796.1188 855.11316 0.019607844 -929
14 755.16266 856.64136 0.021568628 -962
15 710.1246 855.5544 0.021568628 -995
16 669.4753 853.46497 0.021568628 -1028
17 636.69037 852.55597 0.021568628 -1061
18 625.91925 852.55597 0.021568628 -1110
19 614.3734 851.55646 0.021568628 -1143
20 610.9494 851.55646 0.021568628 -1193
21 607.5822 851.55646 0.023529414 -1226
22 604.2356 851.55646 0.021568628 -1259
23 600.7902 851.55646 0.021568628 -1292
24 600.44403 851.55646 0.021568628 -1325
25 600.44403 854.0209 0.019607844 -1374
26 596.4418 865.5732 0.019607844 -1407
27 592.9509 893.53455 0.019607844 -1440
28 591.4449 929.5986 0.021568628 -1473
29 590.4533 1010.29504 0.019607844 -1506
30 587.5083 1052.8761 0.021568628 -1556
31 583.91125 1102.0035 0.021568628 -1589
32 578.571 1158.3302 0.019607844 -1622
33 575.0917 1223.1215 0.021568628 -1671
34 574.4681 1256.0511 0.019607844 -1721
35 571.8421 1291.6112 0.019607844 -1754
36 570.4718 1321.136 0.019607844 -1787
37 569.53955 1342.966 0.019607844 -1820
38 569.4727 1375.0536 0.019607844 -1853
39 569.4727 1388.9238 0.021568628 -1919
40 569.4727 1398.7985 0.019607844 -1970
41 569.4727 1404.9604 0.019607844 -2020
42 569.4727 1408.6304 0.019607844 -2069
43 569.4727 1409.266 0.019607844 -2102
44 569.4727 1409.266 0.021568628 -2152
45 569.4727 1409.266 0.019607844 -2162
0 930.1388 842.56116 0.023529414 -284
1 929.5938 842.56116 0.023529414 -284
2 924.47974 842.56116 0.025490198 -308
3 919.3772 842.56116 0.023529414 -358
4 914.1686 842.56116 0.025490198 -407
5 913.1545 842.56116 0.023529414 -458
6 913.1545 842.56116 0.021568628 -491
7 913.1545 842.56116 0.021568628 -524
8 913.1545 841.56165 0.021568628 -570
9 907.5272 841.56165 0.019607844 -607
10 894.2328 843.54846 0.019607844 -656
11 868.67944 847.1717 0.019607844 -689
12 838.3106 848.55804 0.021568628 -722
13 793.7031 849.5575 0.019607844 -755
14 729.1697 849.5575 0.021568628 -788
15 672.2094 846.5591 0.021568628 -838
16 641.1588 845.5596 0.021568628 -888
17 628.475 845.5596 0.021568628 -937
18 620.7874 845.5596 0.021568628 -970
19 615.2189 845.5596 0.021568628 -1003
20 611.81195 845.5596 0.023529414 -1036
21 606.6662 845.5596 0.021568628 -1069
22 605.4394 845.5596 0.021568628 -1119
23 605.4394 845.5596 0.021568628 -1152
24 605.4394 845.5596 0.021568628 -1185
25 605.4394 846.5591 0.019607844 -1218
26 605.4394 851.02277 0.019607844 -1251
27 601.7859 874.48584 0.019607844 -1284
28 598.44586 901.92 0.019607844 -1334
29 598.44586 969.5846 0.019607844 -1367
30 597.44684 1035.7798 0.019607844 -1416
31 593.012 1109.2498 0.019607844 -1466
32 589.33826 1149.5618 0.019607844 -1515
33 584.91846 1206.2314 0.019607844 -1548
34 582.4607 1236.929 0.019607844 -1598
35 578.73444 1296.3518 0.019607844 -1631
36 576.21606 1345.0521 0.019607844 -1680
37 572.6509 1371.5612 0.019607844 -1730
38 571.4709 1382.3121 0.019607844 -1780
39 571.4709 1389.5889 0.019607844 -1813
40 571.4709 1395.1547 0.019607844 -1846
41 571.4709 1399.2711 0.021568628 -1879
42 571.4709 1401.224 0.021568628 -1928
43 571.4709 1401.2701 0.019607844 -1978
44 571.4709 1401.2701 0.019607844 -2006
0 945.1249 850.557 0.023529414 -240
1 941.3118 850.557 0.023529414 -240
2 936.34875 850.557 0.023529414 -277
3 933.037 850.557 0.023529414 -327
4 929.60516 850.557 0.023529414 -360
5 926.18854 850.557 0.023529414 -393
6 926.14246 850.557 0.021568628 -426
7 926.14246 850.557 0.021568628 -459
8 925.64124 850.557 0.019607844 -492
9 922.0235 850.557 0.019607844 -525
10 911.21234 850.557 0.019607844 -558
11 879.9767 852.7285 0.019607844 -591
12 817.21075 852.55597 0.019607844 -640
13 753.80676 847.52045 0.019607844 -690
14 685.4174 841.2328 0.021568628 -739
15 638.62335 837.5637 0.019607844 -789
16 606.0983 834.5653 0.021568628 -839
17 592.4633 834.5653 0.021568628 -888
18 585.4155 834.5653 0.021568628 -938
19 582.0557 834.5653 0.021568628 -987
20 577.0041 834.5653 0.021568628 -1020
21 575.7947 837.2361 0.019607844 -1070
22 574.4681 840.99286 0.019607844 -1119
23 568.99066 857.4833 0.019607844 -1152
24 563.67554 895.36194 0.019607844 -1202
25 562.13574 936.63745 0.019607844 -1252
26 559.54047 983.4332 0.019607844 -1285
27 556.9597 1033.8059 0.019607844 -1318
28 553.3359 1083.4089 0.019607844 -1351
29 547.94275 1142.0295 0.019607844 -1384
30 541.1588 1209.4108 0.019607844 -1417
31 532.8028 1288.1838 0.019607844 -1466
32 527.33105 1353.1023 0.019607844 -1516
33 522.78186 1385.2147 0.019607844 -1565
34 521.5171 1403.7867 0.019607844 -1615
35 521.5171 1415.9927 0.021568628 -1665
36 521.5171 1419.6729 0.021568628 -1714
37 521.5171 1421.2598 0.021568628 -1747
38 521.5171 1421.2598 0.019607844 -1785
39 521.5171 1421.2598 0.019607844 -1860
0 935.13416 830.5674 0.021568628 -196
1 935.13416 830.5674 0.021568628 -196
2 935.13416 830.5674 0.021568628 -220
3 932.8902 830.5674 0.023529414 -253
4 929.428 830.5674 0.023529414 -286
5 926.0027 830.5674 0.023529414 -319
6 922.66974 830.5674 0.023529414 -352
7 920.148 830.5674 0.021568628 -385
8 920.148 830.5674 0.021568628 -418
9 920.148 830.5674 0.021568628 -451
10 917.72516 830.5674 0.019607844 -484
11 913.21906 830.5674 0.019607844 -517
12 903.47815 830.5674 0.019607844 -550
13 889.3656 831.5669 0.019607844 -583
14 866.8571 834.358 0.019607844 -616
15 840.40295 836.96674 0.019607844 -649
16 787.01324 836.5643 0.019607844 -683
17 746.3271 836.5643 0.019607844 -732
18 712.66626 834.48114 0.019607844 -765
19 676.79047 834.5653 0.019607844 -798
20 655.94604 834.5653 0.021568628 -831
21 639.3298 834.5653 0.019607844 -864
22 627.60614 834.5653 0.021568628 -897
23 619.68207 834.5653 0.021568628 -930
24 612.88184 834.5653 0.021568628 -963
25 609.3297 834.5653 0.021568628 -996
26 604.31335 834.5653 0.021568628 -1029
27 603.4413 834.5653 0.021568628 -1079
28 603.4413 837.3616 0.019607844 -1112
29 600.9757 851.89545 0.019607844 -1162
30 595.6098 906.2698 0.019607844 -1195
31 593.02936 955.4036 0.019607844 -1244
32 593.4505 1045.7432 0.019607844 -1277
33 591.4524 1098.2281 0.019607844 -1327
34 586.6661 1174.8767 0.019607844 -1360
35 583.0206 1213.7634 0.019607844 -1409
36 579.3746 1255.4138 0.019607844 -1442
37 573.9186 1322.2615 0.019607844 -1475
38 572.4699 1348.6295 0.019607844 -1525
39 569.4727 1374.4878 0.019607844 -1558
40 568.47363 1383.085 0.021568628 -1608
41 568.47363 1388.1089 0.021568628 -1641
42 568.47363 1389.7761 0.021568628 -1690
43 568.47363 1389.2764 0.021568628 -1714
44 568.47363 1389.2764 0.021568628 -1754
45 568.47363 1389.2764 0.019607844 -1789
46 568.47363 1389.2764 0.019607844 -1791
0 932.1369 836.5643 0.021568628 -309
1 932.1369 836.5643 0.023529414 -309
2 932.1369 836.5643 0.023529414 -352
3 932.1369 836.5643 0.023529414 -371
4 932.1369 836.5643 0.023529414 -410
5 932.1369 836.5643 0.023529414 -451
6 932.1369 836.5643 0.023529414 -484
7 932.1369 836.5643 0.021568628 -533
8 932.1369 836.5643 0.021568628 -566
9 932.1369 836.5643 0.019607844 -599
10 928.1164 836.5643 0.019607844 -632
11 912.49005 838.674 0.019607844 -665
12 870.6883 843.17255 0.019607844 -698
13 827.0479 844.5601 0.019607844 -748
14 765.9381 846.5591 0.019607844 -797
15 729.33044 846.5591 0.019607844 -847
16 687.29474 843.78595 0.019607844 -880
17 653.8804 840.2481 0.019607844 -913
18 625.0733 838.6563 0.019607844 -946
19 598.12103 838.56323 0.021568628 -979
20 586.1342 838.56323 0.021568628 -1028
21 582.7022 838.56323 0.021568628 -1078
22 579.3705 838.56323 0.021568628 -1111
23 575.9315 838.56323 0.021568628 -1144
24 575.46716 838.56323 0.019607844 -1177
25 571.2436 856.6912 0.019607844 -1226
26 567.6844 888.5964 0.019607844 -1276
27 562.3378 960.3394 0.019607844 -1309
28 557.9464 1018.6079 0.019607844 -1358
29 552.7345 1079.0906 0.019607844 -1391
30 549.51434 1122.1611 0.019607844 -1424
31 544.1602 1184.7421 0.019607844 -1457
32 538.6709 1239.1492 0.019607844 -1507
33 536.01385 1278.7426 0.019607844 -1556
34 534.50507 1307.3549 0.019607844 -1589
35 529.8613 1350.8329 0.019607844 -1622
36 528.14813 1375.4604 0.019607844 -1672
37 527.5116 1391.3894 0.019607844 -1705
38 527.5116 1402.5194 0.019607844 -1738
39 527.5116 1410.9618 0.019607844 -1771
40 527.5116 1414.2556 0.019607844 -1804
41 527.5116 1418.119 0.019607844 -1837
42 527.5116 1418.2612 0.021568628 -1871
43 527.5116 1418.2612 0.019607844 -1904
44 527.5116 1418.2612 0.019607844 -1938
45 527.5116 1418.2612 0.019607844 -1944
0 914.15356 826.56946 0.023529414 -282
1 912.0949 826.56946 0.023529414 -282
2 910.38605 826.56946 0.023529414 -302
3 908.7026 826.56946 0.023529414 -318
4 907.0733 826.56946 0.023529414 -335
5 905.34094 826.56946 0.025490198 -351
6 903.6633 826.56946 0.023529414 -368
7 902.00226 826.56946 0.025490198 -384
8 897.0706 826.56946 0.023529414 -401
9 895.17114 826.56946 0.023529414 -450
10 895.17114 826.56946 0.023529414 -483
11 895.17114 826.56946 0.023529414 -516
12 895.17114 826.56946 0.021568628 -549
13 891.1607 826.56946 0.019607844 -599
14 885.8445 826.56946 0.019607844 -648
15 871.9347 826.56946 0.019607844 -681
16 840.37 827.569 0.019607844 -715
17 797.9084 827.569 0.019607844 -748
18 734.00037 827.569 0.019607844 -781
19 668.1349 823.3465 0.019607844 -830
20 623.3787 821.5721 0.019607844 -880
21 600.0709 821.5721 0.019607844 -929
22 592.9594 821.5721 0.021568628 -979
23 587.7478 821.5721 0.021568628 -1012
24 584.3582 821.5721 0.021568628 -1045
25 580.8787 821.5721 0.021568628 -1078
26 578.4644 821.5721 0.021568628 -1111
27 578.4644 821.5721 0.021568628 -1144
28 578.4644 823.6457 0.019607844 -1177
29 575.7542 830.7055 0.019607844 -1210
30 573.1877 843.6867 0.019607844 -1243
31 570.4718 872.47736 0.019607844 -1276
32 569.4727 915.89514 0.019607844 -1309
33 569.4727 961.484 0.019607844 -1342
34 568.47363 1017.3498 0.019607844 -1375
35 567.47455 1065.0499 0.019607844 -1408
36 563.56354 1104.571 0.019607844 -1441
37 559.8858 1149.3588 0.019607844 -1474
38 556.2573 1184.4319 0.019607844 -1507
39 554.5877 1220.1498 0.019607844 -1540
40 554.4866 1261.0237 0.019607844 -1573
41 554.4866 1296.4794 0.019607844 -1606
42 554.4866 1327.4067 0.019607844 -1640
43 554.4866 1351.1162 0.019607844 -1673
44 554.4866 1363.8412 0.021568628 -1706
45 554.4866 1370.126 0.021568628 -1739
46 554.4866 1373.7468 0.021568628 -1772
47 554.4866 1376.2832 0.021568628 -1805
48 554.4866 1376.2832 0.019607844 -1841
49 554.4866 1376.2832 0.019607844 -1899
0 946.12396 832.56635 0.021568628 -247
1 946.12396 832.56635 0.021568628 -247
2 946.12396 832.56635 0.023529414 -269
3 946.12396 832.56635 0.023529414 -318
4 946.12396 832.56635 0.023529414 -384
5 946.12396 832.56635 0.021568628 -417
6 946.12396 832.56635 0.021568628 -467
7 946.12396 832.56635 0.021568628 -500
8 941.3735 832.56635 0.019607844 -533
9 920.5549 837.82904 0.019607844 -583
10 894.8953 842.4808 0.019607844 -632
11 842.0679 847.79755 0.019607844 -665
12 777.74384 852.26746 0.019607844 -715
13 732.07935 854.5549 0.019607844 -764
14 670.3102 856.55383 0.019607844 -798
15 634.676 857.55334 0.019607844 -847
16 606.59106 857.55334 0.021568628 -897
17 598.1602 857.55334 0.021568628 -946
18 593.41675 857.55334 0.021568628 -979
19 588.36694 857.55334 0.021568628 -1012
20 584.8962 857.55334 0.019607844 -1062
21 584.45886 858.5852 0.019607844 -1095
22 583.8957 862.67804 0.019607844 -1128
23 581.3016 873.18585 0.019607844 -1161
24 577.7494 899.2569 0.019607844 -1194
25 574.1504 929.3779 0.019607844 -1227
26 570.59393 975.16986 0.019607844 -1260
27 565.29376 1051.8292 0.019607844 -1293
28 562.6396 1098.3406 0.019607844 -1343
29 559.07715 1138.8638 0.019607844 -1376
30 555.398 1176.2646 0.019607844 -1409
31 552.48846 1217.4554 0.019607844 -1442
32 551.4894 1252.5569 0.019607844 -1475
33 547.48834 1291.3931 0.019607844 -1508
34 545.80835 1331.1697 0.019607844 -1541
35 542.11475 1366.7375 0.019607844 -1574
36 538.4602 1394.5624 0.019607844 -1607
37 534.8043 1411.3663 0.019607844 -1641
38 532.50696 1421.0088 0.019607844 -1674
39 532.50696 1427.2582 0.021568628 -1707
40 532.50696 1430.9265 0.021568628 -1740
41 532.50696 1434.7527 0.021568628 -1773
42 532.50696 1434.2529 0.021568628 -1808
43 532.50696 1434.2529 0.019607844 -1866
0 936.13324 844.5601 0.023529414 -235
1 931.59827 844.5601 0.025490198 -235
2 928.31384 844.5601 0.025490198 -261
3 925.0954 844.5601 0.025490198 -294
4 921.7318 844.5601 0.023529414 -327
5 918.40894 844.5601 0.023529414 -360
6 918.14984 844.5601 0.021568628 -393
7 918.14984 844.5601 0.021568628 -426
8 918.14984 844.5601 0.019607844 -459
9 915.19214 844.5601 0.019607844 -492
10 909.87555 844.5601 0.019607844 -525
11 896.04755 846.83966 0.019607844 -558
12 871.50665 850.5285 0.019607844 -591
13 835.02545 852.55597 0.019607844 -624
14 792.76965 852.55597 0.019607844 -657
15 741.1777 849.8059 0.019607844 -690
16 695.4879 845.1084 0.019607844 -723
17 655.06104 842.62787 0.019607844 -756
18 612.1602 840.0283 0.019607844 -789
19 591.425 838.56323 0.021568628 -822
20 578.9677 838.56323 0.021568628 -855
21 571.75134 838.56323 0.021568628 -888
22 568.2443 838.56323 0.021568628 -922
23 564.82806 838.56323 0.021568628 -955
24 561.3951 838.56323 0.021568628 -988
25 560.481 839.14655 0.019607844 -1021
26 559.334 842.70917 0.019607844 -1054
27 555.8124 854.9195 0.019607844 -1087
28 552.2874 875.9525 0.019607844 -1120
29 550.4903 923.69495 0.019607844 -1153
30 549.4912 983.73926 0.019607844 -1186
31 549.4912 1050.3315 0.019607844 -1219
32 549.4912 1111.3724 0.019607844 -1252
33 546.32776 1162.7244 0.019607844 -1285
34 542.645 1217.1534 0.019607844 -1318
35 535.2081 1292.771 0.019607844 -1351
36 534.50507 1346.0973 0.019607844 -1401
37 533.50604 1376.2737 0.019607844 -1434
38 532.1838 1392.5686 0.019607844 -1467
39 532.50696 1403.351 0.019607844 -1500
40 532.50696 1408.8926 0.019607844 -1533
41 532.50696 1412.5264 0.019607844 -1566
42 532.50696 1415.2628 0.019607844 -1599
43 532.50696 1415.2628 0.019607844 -1632
44 532.50696 1415.2628 0.019607844 -1665
45 532.50696 1415.2628 0.019607844 -1685
0 900.1665 870.5466 0.021568628 -196
1 900.1665 870.5466 0.023529414 -196
2 900.1665 870.5466 0.023529414 -219
3 900.1665 870.5466 0.023529414 -252
4 900.1665 870.5466 0.023529414 -285
5 900.1665 870.5466 0.023529414 -318
6 900.1665 870.5466 0.021568628 -352
7 900.1665 870.5466 0.019607844 -385
8 898.5181 870.5466 0.019607844 -418
9 892.5157 870.5466 0.019607844 -451
10 880.1316 870.5466 0.019607844 -484
11 858.16516 873.17523 0.019607844 -517
12 831.7765 876.751 0.019607844 -550
13 788.7281 879.5419 0.019607844 -583
14 767.3814 880.5414 0.019607844 -616
15 723.37305 880.5414 0.019607844 -632
16 670.7003 878.7081 0.019607844 -665
17 628.42664 876.211 0.019607844 -698
18 602.2029 874.5445 0.019607844 -732
19 588.41254 874.5445 0.019607844 -765
20 581.0206 874.5445 0.021568628 -798
21 577.4301 874.5445 0.021568628 -831
22 574.0063 874.5445 0.021568628 -864
23 570.4718 874.5445 0.019607844 -897
24 569.20166 875.81506 0.019607844 -946
25 566.6948 882.8815 0.019607844 -979
26 563.101 900.7963 0.019607844 -1012
27 559.5948 928.4998 0.019607844 -1045
28 557.4838 976.0076 0.019607844 -1078
29 557.4838 1025.0803 0.019607844 -1111
30 557.4838 1086.0515 0.019607844 -1144
31 555.08075 1134.2725 0.019607844 -1177
32 551.3809 1177.5809 0.019607844 -1210
33 547.7965 1225.7164 0.019607844 -1243
34 544.17566 1264.8667 0.019607844 -1276
35 539.55536 1308.9337 0.019607844 -1309
36 538.5014 1341.9774 0.019607844 -1342
37 535.1829 1361.8983 0.019607844 -1375
38 533.4499 1374.4526 0.019607844 -1408
39 533.50604 1383.5635 0.021568628 -1441
40 533.50604 1388.5641 0.021568628 -1474
41 533.50604 1392.2341 0.021568628 -1508
42 533.50604 1394.7736 0.021568628 -1541
43 533.50604 1395.4988 0.019607844 -1563
44 533.50604 1395.4988 0.019607844 -1607
0 920.148 840.5622 0.019607844 -159
1 920.148 840.5622 0.019607844 -159
2 920.148 840.5622 0.021568628 -171
3 920.148 840.5622 0.021568628 -220
4 920.148 840.5622 0.023529414 -254
5 917.3654 840.5622 0.023529414 -287
6 914.4907 840.5622 0.023529414 -320
7 911.0875 840.5622 0.021568628 -348
8 910.1573 840.5622 0.021568628 -381
9 910.1573 840.5622 0.021568628 -414
10 907.5157 840.5622 0.019607844 -447
11 903.9901 840.5622 0.019607844 -480
12 902.13086 840.5622 0.019607844 -513
13 891.8134 840.5622 0.019607844 -530
14 872.7168 840.5622 0.019607844 -563
15 840.6761 840.5622 0.019607844 -596
16 801.5665 840.5622 0.019607844 -629
17 764.56433 839.4966 0.019607844 -662
18 717.7289 836.9302 0.019607844 -695
19 673.8318 833.3347 0.019607844 -728
20 635.96454 830.73755 0.019607844 -761
21 604.85394 828.5684 0.019607844 -794
22 588.5785 827.8497 0.019607844 -827
23 580.2176 827.569 0.021568628 -860
24 574.895 826.56946 0.021568628 -893
25 571.485 826.56946 0.021568628 -926
26 568.1252 826.56946 0.021568628 -959
27 564.60785 826.56946 0.021568628 -992
28 563.4783 828.9899 0.019607844 -1025
29 562.4792 833.5525 0.019607844 -1058
30 558.9379 847.28156 0.019607844 -1091
31 555.41205 868.06366 0.019607844 -1124
32 553.4875 932.4989 0.019607844 -1157
33 553.4875 983.3896 0.019607844 -1207
34 549.8977 1045.7589 0.019607844 -1240
35 546.2303 1095.1251 0.019607844 -1273
36 541.86127 1145.9548 0.019607844 -1306
37 538.0164 1199.6858 0.019607844 -1339
38 536.4082 1244.4934 0.019607844 -1372
39 535.68036 1295.8556 0.019607844 -1405
40 533.50604 1333.3525 0.019607844 -1438
41 530.3383 1357.317 0.019607844 -1471
42 529.5097 1372.6327 0.019607844 -1504
43 529.5097 1384.3303 0.019607844 -1537
44 529.5097 1391.5365 0.021568628 -1570
45 529.5097 1396.13 0.021568628 -1603
46 529.5097 1399.7944 0.021568628 -1636
47 529.5097 1401.7284 0.021568628 -1669
48 529.5097 1401.2701 0.019607844 -1699
49 530.5088 1401.2701 0.01764706 -1726
0 923.14526 821.5721 0.021568628 -197
1 923.14526 821.5721 0.023529414 -197
2 923.14526 821.5721 0.023529414 -218
3 921.53674 821.5721 0.023529414 -235
4 919.80365 821.5721 0.023529414 -251
5 918.06415 821.5721 0.023529414 -268
6 916.3297 821.5721 0.023529414 -284
7 914.6134 821.5721 0.023529414 -301
8 912.81036 821.5721 0.021568628 -317
9 911.0492 821.5721 0.021568628 -334
10 911.1564 821.5721 0.021568628 -350
11 911.1564 821.5721 0.019607844 -367
12 908.1053 821.5721 0.019607844 -400
13 902.67377 821.5721 0.019607844 -433
14 896.7592 822.57153 0.019607844 -466
15 889.38354 824.01904 0.019607844 -482
16 862.6935 825.6264 0.019607844 -499
17 840.0795 825.57 0.019607844 -532
18 814.80273 824.8075 0.019607844 -549
19 767.682 821.2179 0.019607844 -565
20 744.3642 819.411 0.019607844 -598
21 693.5908 815.0066 0.019607844 -615
22 656.8153 812.5768 0.019607844 -648
23 627.6148 810.5778 0.019607844 -681
24 606.2896 809.5783 0.019607844 -714
25 595.8896 809.5783 0.019607844 -747
26 590.2901 809.5783 0.021568628 -780
27 586.8697 809.5783 0.019607844 -813
28 583.35223 809.5783 0.019607844 -846
29 579.84265 810.1984 0.019607844 -879
30 576.34314 814.822 0.019607844 -912
31 572.7365 828.23425 0.019607844 -945
32 569.1793 853.90466 0.019607844 -978
33 567.3349 873.08276 0.019607844 -1011
34 564.8109 923.5109 0.019607844 -1027
35 564.47736 949.1971 0.019607844 -1060
36 564.47736 971.7727 0.019607844 -1077
37 563.4783 997.9697 0.019607844 -1094
38 563.4783 1028.8073 0.019607844 -1110
39 562.4792 1058.3082 0.019607844 -1127
40 562.4792 1108.1146 0.019607844 -1143
41 561.4801 1129.6775 0.019607844 -1176
42 557.7 1177.7903 0.019607844 -1193
43 556.48474 1197.3307 0.019607844 -1226
44 555.03723 1215.8547 0.019607844 -1242
45 553.2325 1233.9097 0.019607844 -1259
46 553.4875 1251.2761 0.019607844 -1275
47 552.48846 1268.6735 0.019607844 -1292
48 551.4894 1283.2767 0.019607844 -1308
49 550.9148 1296.9253 0.019607844 -1325
50 550.4903 1310.1201 0.019607844 -1341
51 549.2724 1321.6257 0.019607844 -1358
52 549.4912 1332.7004 0.019607844 -1374
53 548.4921 1350.3663 0.019607844 -1391
54 547.49304 1362.5682 0.021568628 -1424
55 547.49304 1367.9946 0.021568628 -1457
56 547.49304 1371.4873 0.021568628 -1473
57 547.49304 1375.0942 0.021568628 -1490
58 547.49304 1379.7037 0.021568628 -1506
59 547.49304 1382.28 0.021568628 -1539
60 547.49304 1382.28 0.021568628 -1572
61 547.49304 1382.28 0.019607844 -1588
0 959.11194 825.57 0.021568628 -282
1 956.0059 825.57 0.023529414 -282
2 952.60156 825.57 0.023529414 -310
3 949.16785 825.57 0.023529414 -343
4 946.12396 825.57 0.021568628 -376
5 946.12396 825.57 0.021568628 -409
6 946.12396 825.57 0.019607844 -442
7 946.12396 825.57 0.019607844 -475
8 946.12396 825.57 0.019607844 -508
9 942.38586 825.57 0.019607844 -524
10 932.99475 827.10455 0.019607844 -558
11 912.07043 830.7481 0.019607844 -591
12 877.42804 835.3782 0.019607844 -624
13 838.0683 837.0327 0.019607844 -657
14 795.7351 838.56323 0.019607844 -690
15 746.65643 838.56323 0.019607844 -723
16 708.40094 837.26953 0.019607844 -756
17 673.4092 835.6795 0.021568628 -789
18 650.29626 834.5653 0.021568628 -822
19 635.75366 834.5653 0.021568628 -855
20 626.95593 834.5653 0.021568628 -888
21 622.79175 834.5653 0.021568628 -921
22 619.42224 834.5653 0.023529414 -954
23 615.9874 834.5653 0.021568628 -987
24 615.4302 834.5653 0.021568628 -1020
25 615.4302 836.0095 0.019607844 -1053
26 614.4894 843.32733 0.019607844 -1086
27 608.9198 863.6487 0.019607844 -1119
28 604.34357 886.1194 0.019607844 -1152
29 597.7765 918.5517 0.019607844 -1185
30 593.32526 952.75714 0.019607844 -1218
31 589.70013 997.28094 0.019607844 -1251
32 586.07654 1041.0273 0.019607844 -1284
33 582.5601 1078.045 0.019607844 -1317
34 578.96387 1118.4175 0.019607844 -1350
35 577.4124 1149.8778 0.019607844 -1383
36 575.46716 1192.3171 0.019607844 -1416
37 573.21155 1230.9358 0.019607844 -1449
38 571.55304 1268.4349 0.019607844 -1482
39 568.47363 1301.7338 0.019607844 -1515
40 567.47455 1326.3744 0.019607844 -1548
41 564.63367 1343.6742 0.021568628 -1581
42 563.4783 1354.7944 0.021568628 -1614
43 563.4783 1360.3896 0.021568628 -1647
44 563.4783 1364.9902 0.021568628 -1680
45 563.4783 1368.6057 0.021568628 -1714
46 563.4783 1372.2493 0.021568628 -1747
47 563.4783 1373.7844 0.021568628 -1780
48 563.4783 1373.2847 0.021568628 -1803
49 563.4783 1373.2847 0.019607844 -1852
0 916.15173 818.57367 0.023529414 -204
1 914.9 818.57367 0.023529414 -204
2 909.93427 818.57367 0.023529414 -215
3 906.4417 818.57367 0.023529414 -265
4 903.0971 818.57367 0.025490198 -298
5 899.5616 818.57367 0.023529414 -331
6 899.1674 818.57367 0.023529414 -364
7 899.1674 818.57367 0.021568628 -397
8 899.1674 818.57367 0.019607844 -430
9 899.1674 818.57367 0.019607844 -463
10 893.32007 818.57367 0.019607844 -480
11 874.26874 822.132 0.019607844 -513
12 841.7911 825.83984 0.019607844 -546
13 793.0634 830.5176 0.019607844 -579
14 741.78564 832.56635 0.019607844 -612
15 702.3645 832.56635 0.019607844 -645
16 645.23553 832.56635 0.019607844 -678
17 611.5066 832.56635 0.021568628 -727
18 599.071 832.56635 0.021568628 -777
19 591.9656 832.56635 0.021568628 -810
20 588.29376 832.56635 0.021568628 -843
21 584.88477 832.56635 0.021568628 -876
22 581.4616 832.56635 0.021568628 -909
23 581.4616 834.2178 0.021568628 -942
24 581.4616 837.6836 0.019607844 -975
25 579.7514 848.4053 0.019607844 -1008
26 576.24774 865.8611 0.021568628 -1041
27 574.55426 897.6701 0.019607844 -1074
28 573.99023 947.7237 0.019607844 -1107
29 572.4699 991.44727 0.019607844 -1140
30 569.73083 1043.3229 0.019607844 -1173
31 568.1782 1089.9803 0.019607844 -1206
32 565.4687 1133.5026 0.019607844 -1239
33 564.4975 1159.0939 0.019607844 -1272
34 560.09656 1219.2133 0.019607844 -1289
35 557.35913 1257.5931 0.019607844 -1338
36 555.75183 1293.9283 0.019607844 -1371
37 552.078 1321.7767 0.019607844 -1404
38 549.43774 1341.5688 0.019607844 -1437
39 546.8063 1357.0427 0.019607844 -1470
40 544.49585 1368.354 0.021568628 -1504
41 544.49585 1376.2219 0.021568628 -1537
42 544.49585 1383.5048 0.021568628 -1570
43 544.49585 1388.5336 0.021568628 -1603
44 544.49585 1392.1655 0.021568628 -1636
45 544.49585 1395.8118 0.021568628 -1669
46 543.49677 1399.3904 0.021568628 -1702
47 543.49677 1402.181 0.021568628 -1735
48 543.49677 1402.2697 0.021568628 -1768
49 543.49677 1402.2697 0.019607844 -1778
