0 884.18134 622.67566 0.023529414 -303
1 879.1859 622.67566 0.023529414 -303
2 879.1859 622.67566 0.023529414 -392
3 879.1859 622.67566 0.023529414 -457
4 879.1859 622.67566 0.021568628 -507
5 879.1859 622.67566 0.019607844 -556
6 874.84717 622.67566 0.019607844 -605
7 844.3139 628.25366 0.019607844 -656
8 809.34454 636.759 0.019607844 -722
9 758.73865 641.6658 0.019607844 -771
10 725.15326 641.6658 0.019607844 -821
11 674.4309 641.6658 0.019607844 -854
12 639.7718 641.6658 0.019607844 -903
13 615.3743 641.6658 0.021568628 -953
14 605.4394 641.6658 0.021568628 -1002
15 605.4394 641.6658 0.019607844 -1085
16 604.64734 650.6249 0.019607844 -1135
17 596.5952 703.11725 0.019607844 -1184
18 588.8004 766.2187 0.019607844 -1250
19 581.12024 826.9612 0.019607844 -1300
20 576.3527 888.44635 0.019607844 -1349
21 577.6979 997.7393 0.019607844 -1399
22 578.8421 1088.2748 0.019607844 -1465
23 579.46344 1132.3184 0.019607844 -1531
24 575.0569 1175.8512 0.019607844 -1580
25 576.46625 1212.2273 0.019607844 -1647
26 575.46716 1241.8618 0.019607844 -1696
27 576.46625 1257.5352 0.019607844 -1746
28 576.46625 1262.8367 0.019607844 -1795
29 576.46625 1264.3414 0.019607844 -1845
30 576.46625 1264.3414 0.01764706 -1894
31 576.46625 1264.3414 0.01764706 -1928
0 919.1489 600.68713 0.023529414 -382
1 915.4011 600.68713 0.023529414 -382
2 911.1564 600.68713 0.023529414 -418
3 911.1564 600.68713 0.019607844 -484
4 911.1564 600.68713 0.019607844 -533
5 888.84906 604.7397 0.019607844 -583
6 816.15796 607.6835 0.019607844 -649
7 733.7386 602.9405 0.019607844 -699
8 660.8523 598.63464 0.019607844 -748
9 614.21246 597.68866 0.019607844 -798
10 604.2362 597.68866 0.021568628 -864
11 600.44403 597.68866 0.019607844 -913
12 600.44403 599.12854 0.019607844 -963
13 598.9217 661.70404 0.019607844 -1029
14 606.1598 785.8959 0.019607844 -1095
15 610.49493 876.38556 0.019607844 -1145
16 608.43665 956.0769 0.019607844 -1194
17 603.4413 1027.7983 0.019607844 -1244
18 600.44403 1106.3071 0.019607844 -1293
19 598.84894 1150.1732 0.019607844 -1359
20 598.44586 1197.3541 0.019607844 -1409
21 594.9921 1221.7345 0.019607844 -1475
22 590.4533 1235.1525 0.019607844 -1541
23 590.4533 1236.3561 0.01764706 -1607
24 590.4533 1236.3561 0.01764706 -1654
0 942.1277 591.69183 0.023529414 -309
1 939.59235 592.2292 0.023529414 -309
2 934.63617 592.6913 0.023529414 -334
3 929.1397 592.6913 0.023529414 -384
4 929.1397 593.93427 0.021568628 -450
5 929.1397 593.6908 0.021568628 -499
6 929.1397 593.6908 0.019607844 -549
7 925.00244 593.6908 0.019607844 -598
8 902.7306 598.2606 0.019607844 -648
9 857.3503 608.89685 0.019607844 -697
10 787.19653 615.14685 0.019607844 -747
11 713.5333 625.3381 0.019607844 -796
12 654.1903 629.8225 0.019607844 -846
13 611.7971 628.67255 0.019607844 -895
14 595.9883 628.67255 0.021568628 -945
15 589.6001 628.67255 0.021568628 -995
16 584.48785 628.67255 0.021568628 -1044
17 584.45886 632.9958 0.019607844 -1094
18 583.9228 650.41724 0.019607844 -1143
19 595.1377 772.41876 0.019607844 -1193
20 605.4394 868.4183 0.019607844 -1259
21 604.0376 951.13214 0.019607844 -1308
22 598.03033 1015.32965 0.019607844 -1358
23 592.3967 1073.7693 0.019607844 -1407
24 588.45514 1115.6127 0.019607844 -1474
25 585.5885 1147.0103 0.019607844 -1523
26 581.0588 1165.6025 0.019607844 -1589
27 580.16815 1180.5012 0.019607844 -1639
28 582.4607 1193.3315 0.019607844 -1705
29 581.4616 1194.3779 0.019607844 -1771
30 581.4616 1194.3779 0.01764706 -1820
31 581.4616 1194.3779 0.01764706 -1833
0 934.1351 589.6929 0.021568628 -324
1 932.17017 590.6923 0.021568628 -324
2 931.1378 593.6908 0.021568628 -343
3 931.1378 593.6908 0.021568628 -392
4 931.1378 593.6908 0.021568628 -409
5 931.1378 593.6908 0.021568628 -442
6 931.1378 593.6908 0.021568628 -475
7 931.1378 593.6908 0.019607844 -524
8 931.1378 593.6908 0.019607844 -574
9 931.1378 593.6908 0.019607844 -618
10 927.20935 593.6908 0.019607844 -673
11 907.97205 599.1254 0.019607844 -722
12 867.09985 604.6972 0.019607844 -772
13 803.1585 610.3274 0.019607844 -822
14 743.68414 610.68195 0.019607844 -871
15 687.11456 609.68243 0.019607844 -921
16 651.4536 609.68243 0.019607844 -970
17 633.96 609.68243 0.019607844 -1020
18 625.15845 609.68243 0.019607844 -1053
19 620.7088 609.68243 0.019607844 -1086
20 615.3864 609.68243 0.019607844 -1119
21 615.4302 609.68243 0.019607844 -1168
22 615.4302 622.3311 0.019607844 -1218
23 616.42926 679.14606 0.019607844 -1268
24 621.4246 778.8581 0.019607844 -1317
25 623.70197 900.7797 0.019607844 -1367
26 622.156 975.9751 0.019607844 -1433
27 619.733 1038.3912 0.019607844 -1482
28 617.4283 1080.2815 0.019607844 -1532
29 617.4283 1132.0071 0.019607844 -1581
30 617.4283 1146.5918 0.019607844 -1647
31 617.4283 1153.7911 0.019607844 -1697
32 615.92975 1156.3977 0.019607844 -1763
33 615.3825 1157.3972 0.019607844 -1800
34 613.432 1157.3972 0.019607844 -1879
35 613.432 1157.3972 0.015686275 -1895
0 974.0981 600.68713 0.019607844 -389
1 969.2186 600.68713 0.019607844 -389
2 965.1064 600.68713 0.019607844 -434
3 963.677 600.68713 0.019607844 -483
4 963.1082 600.68713 0.019607844 -516
5 963.1082 600.68713 0.019607844 -583
6 963.1082 600.68713 0.019607844 -616
7 965.6086 600.68713 0.019607844 -665
8 964.3129 600.68713 0.019607844 -715
9 941.8462 606.0646 0.019607844 -781
10 883.18225 609.68243 0.019607844 -830
11 783.4309 609.68243 0.019607844 -877
12 701.46344 607.2764 0.019607844 -946
13 645.22766 602.6861 0.019607844 -996
14 610.5092 602.6861 0.019607844 -1045
15 601.6906 602.6861 0.019607844 -1111
16 596.5927 602.6861 0.019607844 -1161
17 595.44867 602.6861 0.019607844 -1210
18 595.44867 602.6861 0.019607844 -1276
19 596.44775 625.0917 0.019607844 -1326
20 595.44867 676.9907 0.019607844 -1375
21 595.9097 727.0824 0.019607844 -1425
22 597.44684 807.18774 0.019607844 -1458
23 597.56805 904.4704 0.019607844 -1508
24 596.44775 992.3295 0.019607844 -1574
25 596.44775 1053.2743 0.019607844 -1640
26 595.193 1081.4604 0.019607844 -1706
27 594.4496 1122.1055 0.019607844 -1755
28 594.4496 1133.4785 0.019607844 -1821
29 594.4496 1140.8127 0.019607844 -1871
30 594.4496 1142.405 0.019607844 -1937
31 594.4496 1143.4044 0.019607844 -2003
32 594.4496 1145.4034 0.019607844 -2053
33 594.4496 1145.4034 0.01764706 -2101
34 594.4496 1145.4034 0.01764706 -2158
0 944.1258 597.68866 0.021568628 -378
1 944.1258 597.8661 0.019607844 -378
2 944.1258 599.6876 0.019607844 -409
3 944.1258 599.6876 0.019607844 -475
4 944.1258 600.68713 0.019607844 -524
5 944.1258 600.68713 0.019607844 -573
6 944.1258 600.68713 0.019607844 -623
7 944.1258 600.68713 0.019607844 -672
8 936.39636 601.6208 0.019607844 -722
9 889.15204 611.13165 0.019607844 -771
10 813.56134 620.13763 0.019607844 -838
11 738.20966 620.5147 0.019607844 -887
12 665.4995 619.67725 0.019607844 -937
13 619.1173 617.6783 0.019607844 -986
14 599.44006 617.6783 0.019607844 -1036
15 592.40356 617.6783 0.019607844 -1085
16 587.0717 617.6783 0.019607844 -1135
17 583.4598 618.99506 0.019607844 -1184
18 587.45605 648.37994 0.019607844 -1250
19 591.4524 740.56366 0.019607844 -1300
20 591.1324 822.4153 0.019607844 -1366
21 589.4542 914.8906 0.019607844 -1416
22 583.2319 1000.9 0.019607844 -1465
23 582.4607 1074.417 0.019607844 -1515
24 581.4616 1127.2528 0.019607844 -1564
25 576.6478 1160.1233 0.019607844 -1614
26 577.46533 1189.7434 0.019607844 -1663
27 577.46533 1204.533 0.019607844 -1713
28 577.46533 1213.8123 0.019607844 -1762
29 575.9667 1214.3674 0.019607844 -1829
30 576.46625 1214.3674 0.01764706 -1857
31 576.46625 1214.3674 0.01764706 -1931
0 931.1378 595.68976 0.021568628 -303
1 925.8577 595.68976 0.021568628 -303
2 920.83795 595.68976 0.021568628 -334
3 915.884 597.9565 0.021568628 -384
4 912.5451 597.68866 0.021568628 -433
5 910.1573 598.6882 0.021568628 -466
6 910.1573 598.6882 0.021568628 -516
7 910.1573 599.6876 0.021568628 -549
8 910.1573 599.6876 0.019607844 -598
9 910.1573 599.6876 0.019607844 -631
10 910.1573 599.6876 0.019607844 -681
11 906.70374 599.6876 0.019607844 -714
12 899.95996 599.6876 0.019607844 -747
13 870.2519 603.4077 0.019607844 -780
14 831.12354 606.00024 0.019607844 -813
15 747.739 606.684 0.019607844 -846
16 670.6681 603.68555 0.019607844 -896
17 614.85126 602.6861 0.019607844 -945
18 593.3793 602.6861 0.019607844 -995
19 584.818 602.6861 0.019607844 -1044
20 579.70953 602.6861 0.019607844 -1094
21 576.2596 602.6861 0.019607844 -1143
22 574.4681 602.6861 0.019607844 -1177
23 576.9125 623.69495 0.019607844 -1243
24 580.4625 676.6475 0.019607844 -1292
25 583.37213 767.8282 0.019607844 -1339
26 584.9525 870.6289 0.019607844 -1391
27 583.4856 944.2499 0.019607844 -1441
28 580.09705 1024.5878 0.019607844 -1490
29 585.0703 1105.3209 0.019607844 -1540
30 586.457 1129.1349 0.019607844 -1606
31 586.457 1145.0121 0.019607844 -1639
32 586.89935 1169.1622 0.019607844 -1672
33 589.4542 1184.2141 0.019607844 -1722
34 589.4542 1189.7687 0.019607844 -1771
35 589.4542 1191.3795 0.019607844 -1821
36 589.4542 1190.38 0.01764706 -1870
37 589.4542 1190.38 0.01764706 -1898
0 934.1351 590.6923 0.021568628 -330
1 934.1351 591.69183 0.021568628 -330
2 934.1351 591.69183 0.021568628 -367
3 934.1351 592.6913 0.021568628 -400
4 934.1351 593.6908 0.021568628 -449
5 934.1351 593.6908 0.021568628 -499
6 934.1351 593.6908 0.019607844 -549
7 932.5881 593.6908 0.019607844 -598
8 924.971 593.6908 0.019607844 -664
9 896.02936 598.20605 0.019607844 -714
10 845.87415 600.68713 0.019607844 -763
11 760.9922 601.6866 0.019607844 -813
12 683.2953 598.9499 0.019607844 -862
13 619.7204 597.68866 0.019607844 -912
14 598.1632 597.68866 0.019607844 -978
15 594.02814 597.68866 0.019607844 -1028
16 586.51324 597.68866 0.019607844 -1044
17 580.51355 597.68866 0.019607844 -1094
18 576.46625 597.68866 0.019607844 -1143
19 576.46625 603.3588 0.019607844 -1209
20 581.4616 649.7963 0.019607844 -1275
21 591.72375 734.0627 0.019607844 -1325
22 603.34015 847.9385 0.019607844 -1374
23 605.85815 941.7007 0.019607844 -1440
24 605.4394 1046.4033 0.019607844 -1490
25 606.4385 1127.8029 0.019607844 -1556
26 606.4385 1184.7637 0.019607844 -1622
27 606.4385 1204.4287 0.019607844 -1672
28 606.4385 1212.879 0.019607844 -1721
29 606.4385 1217.8657 0.019607844 -1771
30 606.4385 1217.366 0.019607844 -1816
31 606.4385 1217.366 0.019607844 -1903
32 606.4385 1217.366 0.01764706 -1910
0 934.1351 563.70636 0.023529414 -296
1 931.1107 564.7059 0.023529414 -296
2 928.1406 565.7104 0.023529414 -327
3 927.14154 566.70483 0.021568628 -376
4 927.14154 566.70483 0.021568628 -442
5 927.14154 566.70483 0.021568628 -492
6 927.14154 566.70483 0.019607844 -525
7 924.5569 566.70483 0.019607844 -574
8 909.2115 566.70483 0.019607844 -624
9 845.0098 568.7038 0.019607844 -674
10 774.4272 570.0645 0.019607844 -740
11 700.7736 564.7662 0.019607844 -789
12 635.66864 558.51544 0.019607844 -839
13 606.246 558.709 0.019607844 -888
14 594.9519 559.7085 0.021568628 -938
15 589.83276 559.7085 0.021568628 -987
16 585.4579 559.7085 0.021568628 -1037
17 585.4579 559.7085 0.019607844 -1087
18 588.45514 574.84283 0.019607844 -1136
19 587.45605 628.5822 0.019607844 -1186
20 596.9796 723.0113 0.019607844 -1235
21 600.44403 808.1516 0.019607844 -1285
22 597.13464 882.9775 0.019607844 -1334
23 594.64557 944.7427 0.019607844 -1384
24 592.24744 1004.5182 0.019607844 -1433
25 590.4533 1058.2687 0.019607844 -1483
26 591.5974 1106.7297 0.019607844 -1533
27 590.02167 1147.6982 0.019607844 -1582
28 590.5183 1172.7146 0.019607844 -1648
29 591.4524 1187.3646 0.019607844 -1698
30 591.4524 1194.3337 0.019607844 -1747
31 591.4524 1198.3759 0.019607844 -1797
32 591.4524 1198.3759 0.01764706 -1863
33 591.4524 1198.3759 0.01764706 -1878
0 928.1406 594.69025 0.021568628 -306
1 926.02936 594.69025 0.021568628 -306
2 922.1462 595.68976 0.021568628 -326
3 922.1462 595.68976 0.021568628 -375
4 922.1462 595.68976 0.021568628 -408
5 922.1462 595.68976 0.021568628 -450
6 922.1462 595.68976 0.021568628 -490
7 922.1462 595.68976 0.019607844 -540
8 920.0009 595.68976 0.019607844 -590
9 902.22754 599.01086 0.019607844 -640
10 839.85986 604.37604 0.019607844 -689
11 738.181 603.05396 0.019607844 -739
12 632.6388 592.43695 0.019607844 -805
13 590.78394 587.6939 0.019607844 -871
14 576.4473 586.6944 0.019607844 -921
15 569.7971 586.6944 0.021568628 -970
16 567.47455 586.6944 0.019607844 -1036
17 567.47455 588.6149 0.019607844 -1086
18 567.47455 608.5419 0.019607844 -1135
19 579.3449 696.2472 0.019607844 -1185
20 589.1947 769.69415 0.019607844 -1234
21 597.44684 877.018 0.019607844 -1267
22 598.96814 1011.88257 0.019607844 -1317
23 594.441 1075.4698 0.019607844 -1383
24 593.4505 1131.2194 0.019607844 -1433
25 588.5061 1153.2972 0.019607844 -1482
26 588.9547 1167.8916 0.019607844 -1548
27 590.4533 1180.7532 0.019607844 -1598
28 590.4533 1193.8291 0.019607844 -1631
29 590.4533 1199.3398 0.019607844 -1697
30 590.4533 1199.3752 0.019607844 -1747
31 590.4533 1199.3752 0.01764706 -1796
32 590.4533 1199.3752 0.01764706 -1836
0 927.14154 596.6892 0.021568628 -347
1 927.14154 597.0095 0.021568628 -347
2 927.14154 598.61383 0.021568628 -369
3 927.14154 599.4482 0.021568628 -435
4 927.14154 600.68713 0.019607844 -501
5 927.14154 600.68713 0.019607844 -567
6 927.14154 600.68713 0.019607844 -600
7 920.2561 600.68713 0.019607844 -633
8 885.98615 606.71375 0.019607844 -683
9 823.27893 612.0626 0.019607844 -732
10 771.4322 612.6732 0.019607844 -782
11 726.2356 611.2187 0.019607844 -815
12 667.45135 606.9629 0.019607844 -848
13 635.52356 603.68555 0.019607844 -898
14 619.1732 603.68555 0.019607844 -947
15 612.55145 603.68555 0.019607844 -997
16 609.232 603.68555 0.019607844 -1062
17 607.43756 603.68555 0.019607844 -1095
18 607.43756 611.3367 0.019607844 -1144
19 607.93713 665.6533 0.019607844 -1194
20 616.7665 782.3302 0.019607844 -1239
21 620.42554 884.15424 0.019607844 -1293
22 617.4283 990.9562 0.019607844 -1342
23 616.42926 1063.9781 0.019607844 -1409
24 615.64075 1104.1604 0.019607844 -1458
25 613.432 1126.3065 0.019607844 -1508
26 612.4329 1141.7147 0.019607844 -1557
27 611.19135 1153.8845 0.019607844 -1607
28 610.4348 1168.7592 0.019607844 -1657
29 610.4348 1177.6293 0.019607844 -1706
30 610.4348 1180.8848 0.019607844 -1756
31 610.4348 1179.3857 0.01764706 -1785
32 610.4348 1179.3857 0.01764706 -1853
0 942.1277 594.69025 0.021568628 -223
1 939.2497 594.69025 0.021568628 -223
2 934.20557 594.69025 0.021568628 -260
3 930.73865 594.69025 0.021568628 -310
4 931.1378 594.69025 0.019607844 -358
5 931.1378 594.69025 0.019607844 -409
6 931.1378 594.69025 0.019607844 -451
7 922.63806 594.69025 0.019607844 -508
8 879.2271 600.34937 0.019607844 -558
9 822.304 603.8613 0.019607844 -607
10 748.60223 603.68555 0.019607844 -657
11 689.34607 600.68713 0.019607844 -706
12 645.76215 598.6882 0.019607844 -756
13 628.0578 598.6882 0.019607844 -806
14 617.83887 598.6882 0.019607844 -855
15 612.6712 598.6882 0.019607844 -921
16 610.4348 598.6882 0.019607844 -971
17 608.43665 614.70593 0.019607844 -1021
18 603.4413 654.674 0.019607844 -1087
19 601.4431 728.90045 0.019607844 -1136
20 601.4431 812.49713 0.019607844 -1186
21 602.4422 903.6348 0.019607844 -1235
22 599.44495 970.3664 0.019607844 -1285
23 597.677 1065.1415 0.019607844 -1335
24 597.44684 1105.2399 0.019607844 -1401
25 594.4496 1150.2334 0.019607844 -1434
26 592.9569 1191.8375 0.019607844 -1483
27 593.4505 1238.8624 0.019607844 -1533
28 593.4505 1265.413 0.019607844 -1583
29 590.4533 1274.5935 0.019607844 -1632
30 590.4533 1277.8345 0.019607844 -1682
31 590.4533 1277.3347 0.01764706 -1711
32 590.4533 1277.3347 0.01764706 -1764
33 590.4533 1277.3347 0.01764706 -1768
0 932.1369 585.69495 0.021568628 -223
1 932.1369 585.69495 0.021568628 -223
2 932.1369 585.69495 0.021568628 -252
3 932.1369 585.69495 0.021568628 -301
4 932.1369 585.69495 0.021568628 -334
5 932.1369 585.69495 0.021568628 -367
6 932.1369 585.69495 0.019607844 -417
7 928.6891 585.69495 0.019607844 -466
8 901.6425 587.6939 0.019607844 -516
9 837.0682 589.6929 0.019607844 -566
10 764.8124 585.50433 0.019607844 -615
11 681.53076 577.04626 0.019607844 -665
12 626.97437 573.7705 0.019607844 -714
13 589.7335 571.7022 0.019607844 -764
14 581.5336 571.7022 0.021568628 -830
15 576.42004 571.7022 0.021568628 -879
16 573.469 571.7022 0.019607844 -929
17 573.469 571.7022 0.019607844 -978
18 575.46716 596.37695 0.019607844 -1028
19 583.5866 665.3728 0.019607844 -1077
20 590.14594 732.00354 0.019607844 -1127
21 592.4514 809.095 0.019607844 -1160
22 593.4505 903.5481 0.019607844 -1209
23 592.4514 978.5808 0.019607844 -1259
24 593.4505 1053.9442 0.019607844 -1308
25 592.4514 1105.6936 0.019607844 -1358
26 589.95374 1134.4092 0.019607844 -1407
27 588.45514 1146.7241 0.019607844 -1456
28 588.45514 1150.201 0.019607844 -1506
29 587.1427 1155.7117 0.019607844 -1539
30 584.9584 1156.3977 0.019607844 -1589
31 585.4579 1157.3972 0.019607844 -1635
32 585.4579 1157.3972 0.01764706 -1672
33 585.4579 1157.3972 0.01764706 -1721
0 939.13043 560.70795 0.021568628 -280
1 935.9077 560.70795 0.021568628 -280
2 929.1008 562.7069 0.021568628 -311
3 926.14246 563.70636 0.021568628 -377
4 926.14246 563.70636 0.019607844 -426
5 924.38226 563.70636 0.019607844 -476
6 917.6352 563.70636 0.019607844 -525
7 884.7965 568.50195 0.019607844 -575
8 834.2219 569.92596 0.019607844 -624
9 749.33057 568.7038 0.019607844 -674
10 678.4686 560.53503 0.019607844 -723
11 621.0152 555.7106 0.019607844 -773
12 599.9176 555.7106 0.019607844 -823
13 592.48047 555.7106 0.019607844 -872
14 587.4969 555.7106 0.019607844 -905
15 582.43756 555.7106 0.019607844 -955
16 580.2818 555.7106 0.019607844 -1004
17 581.84564 562.86 0.019607844 -1054
18 581.774 596.5626 0.019607844 -1103
19 586.11285 662.55505 0.019607844 -1153
20 594.4496 758.8179 0.019607844 -1201
21 599.44495 846.7911 0.019607844 -1250
22 600.44403 916.19366 0.019607844 -1300
23 600.9742 1018.021 0.019607844 -1349
24 603.655 1082.5061 0.019607844 -1416
25 597.8835 1142.6566 0.019607844 -1465
26 597.44684 1167.041 0.019607844 -1531
27 597.44684 1184.4541 0.019607844 -1581
28 597.44684 1195.9321 0.019607844 -1630
29 597.44684 1203.1442 0.019607844 -1680
30 597.44684 1206.3717 0.019607844 -1729
31 597.44684 1206.3717 0.01764706 -1772
32 597.44684 1206.3717 0.01764706 -1811
0 957.1138 592.6913 0.019607844 -220
1 957.1138 592.6913 0.019607844 -220
2 952.56775 592.6913 0.019607844 -243
3 947.44617 593.6908 0.019607844 -292
4 946.12396 593.6908 0.019607844 -342
5 946.12396 593.6908 0.019607844 -375
6 944.47925 593.6908 0.019607844 -424
7 940.8326 593.6908 0.019607844 -474
8 924.56226 596.4057 0.019607844 -507
9 885.7132 603.84845 0.019607844 -556
10 846.16833 607.5615 0.019607844 -606
11 773.7096 608.683 0.019607844 -639
12 727.5896 606.7682 0.019607844 -688
13 673.5373 603.28253 0.019607844 -722
14 639.7383 601.6866 0.019607844 -755
15 611.7851 601.6866 0.019607844 -788
16 601.0546 601.6866 0.019607844 -837
17 597.6525 601.6866 0.019607844 -887
18 592.5596 601.6866 0.019607844 -920
19 588.45514 601.6866 0.019607844 -969
20 583.21533 608.4172 0.019607844 -1035
21 581.8138 640.5515 0.019607844 -1085
22 579.44354 698.8353 0.019607844 -1134
23 579.46344 796.57574 0.019607844 -1184
24 579.46344 874.23645 0.019607844 -1233
25 575.0706 953.0759 0.019607844 -1283
26 569.8027 1026.8322 0.019607844 -1332
27 567.1216 1105.6636 0.019607844 -1382
28 568.47363 1149.5137 0.019607844 -1432
29 566.12823 1174.4309 0.019607844 -1481
30 566.47546 1186.0216 0.019607844 -1531
31 565.47644 1191.5962 0.019607844 -1580
32 565.47644 1192.8787 0.019607844 -1630
33 565.47644 1192.3789 0.019607844 -1641
34 565.47644 1192.3789 0.01764706 -1729
35 565.47644 1192.3789 0.01764706 -1753
0 931.1378 580.6975 0.021568628 -232
1 926.4677 580.6975 0.021568628 -232
2 924.1443 580.6975 0.021568628 -276
3 924.1443 580.6975 0.021568628 -342
4 924.1443 580.6975 0.019607844 -392
5 920.665 580.6975 0.019607844 -441
6 914.252 580.6975 0.019607844 -491
7 889.39484 583.696 0.019607844 -541
8 841.94293 586.6944 0.019607844 -590
9 777.0654 586.6944 0.019607844 -640
10 702.6233 584.08093 0.019607844 -689
11 652.94836 581.697 0.019607844 -739
12 634.4689 581.697 0.019607844 -789
13 622.8232 581.697 0.019607844 -822
14 615.1457 581.697 0.019607844 -855
15 613.9315 581.697 0.019607844 -903
16 606.938 581.697 0.019607844 -915
17 607.43756 582.8051 0.019607844 -981
18 605.4394 590.5413 0.019607844 -1052
19 604.2838 619.0873 0.019607844 -1085
20 602.4422 664.778 0.019607844 -1118
21 601.4431 720.2992 0.019607844 -1151
22 600.44403 777.2701 0.019607844 -1184
23 596.832 857.4002 0.019607844 -1217
24 593.4102 934.9565 0.019607844 -1250
25 586.3788 1004.32916 0.019607844 -1299
26 582.4621 1096.4395 0.019607844 -1349
27 582.9725 1132.3612 0.019607844 -1415
28 579.46344 1149.6272 0.019607844 -1465
29 578.4644 1157.1681 0.019607844 -1514
30 578.4644 1160.3956 0.019607844 -1564
31 578.4644 1162.3945 0.019607844 -1597
32 576.9658 1163.394 0.019607844 -1630
33 577.46533 1163.394 0.01764706 -1650
34 577.46533 1163.394 0.01764706 -1745
35 577.46533 1163.394 0.01764706 -1752
0 935.13416 591.69183 0.021568628 -231
1 932.0659 591.69183 0.021568628 -231
2 927.08136 591.69183 0.021568628 -261
3 922.0235 591.69183 0.021568628 -310
4 920.148 591.69183 0.021568628 -359
5 920.148 591.69183 0.019607844 -409
6 915.9436 591.69183 0.019607844 -442
7 903.6856 593.3104 0.019607844 -492
8 862.5489 596.7485 0.019607844 -541
9 820.2721 598.35236 0.019607844 -591
10 752.92596 599.6876 0.019607844 -624
11 702.3985 598.6882 0.019607844 -673
12 664.6373 596.5146 0.019607844 -707
13 631.5908 596.6892 0.019607844 -740
14 616.4292 596.6892 0.019607844 -789
15 608.8058 596.6892 0.021568628 -838
16 605.433 596.6892 0.021568628 -888
17 603.4413 596.6892 0.019607844 -921
18 603.4413 596.6892 0.019607844 -954
19 603.4413 596.6892 0.019607844 -1004
20 604.4403 615.1286 0.019607844 -1037
21 603.3584 638.2481 0.019607844 -1087
22 601.0611 698.4601 0.019607844 -1120
23 600.4496 750.51965 0.019607844 -1169
24 601.4431 812.077 0.019607844 -1202
25 602.4422 864.8361 0.019607844 -1234
26 602.4422 924.73987 0.019607844 -1268
27 602.4422 973.7663 0.019607844 -1301
28 601.4431 1035.6144 0.019607844 -1335
29 598.8642 1071.5107 0.019607844 -1384
30 598.44586 1111.0549 0.019607844 -1417
31 598.44586 1124.5718 0.019607844 -1467
32 597.44684 1136.76 0.019607844 -1500
33 596.44775 1140.1088 0.019607844 -1549
34 596.44775 1145.5442 0.019607844 -1581
35 593.4505 1148.4019 0.019607844 -1631
36 592.4514 1149.4282 0.019607844 -1680
37 592.4514 1149.4014 0.019607844 -1730
38 592.4514 1149.4014 0.019607844 -1779
39 592.4514 1149.4014 0.01764706 -1792
0 930.1388 592.6913 0.021568628 -500
1 930.1388 592.6913 0.021568628 -500
2 930.1388 593.6908 0.021568628 -533
3 930.1388 593.6908 0.021568628 -566
4 930.1388 593.6908 0.021568628 -595
5 930.1388 593.6908 0.021568628 -649
6 930.1388 593.6908 0.019607844 -681
7 930.1388 593.6908 0.019607844 -714
8 927.5804 593.6908 0.019607844 -747
9 922.6936 593.6908 0.019607844 -797
10 910.24896 596.5073 0.019607844 -830
11 885.1387 600.0676 0.019607844 -863
12 852.1523 604.6916 0.019607844 -896
13 808.98975 608.24176 0.019607844 -929
14 768.2381 609.68243 0.019607844 -962
15 722.48096 610.68195 0.019607844 -995
16 682.46326 609.68243 0.019607844 -1028
17 648.3355 608.3392 0.019607844 -1061
18 636.90906 606.684 0.019607844 -1110
19 625.3632 605.6845 0.019607844 -1143
20 621.9393 605.6845 0.019607844 -1193
21 618.572 605.6845 0.019607844 -1226
22 615.22546 605.6845 0.019607844 -1259
23 613.432 605.6845 0.019607844 -1292
24 613.432 605.6845 0.019607844 -1325
25 613.432 610.6134 0.019607844 -1374
26 613.432 622.69965 0.019607844 -1407
27 614.93066 653.1598 0.019607844 -1440
28 615.4377 690.7305 0.019607844 -1473
29 620.42554 772.03107 0.019607844 -1506
30 620.42554 817.0512 0.019607844 -1556
31 618.42737 866.1264 0.019607844 -1589
32 616.5358 923.4525 0.019607844 -1622
33 616.42926 991.24225 0.019607844 -1671
34 616.42926 1024.1066 0.019607844 -1721
35 614.4311 1058.1044 0.019607844 -1754
36 614.4311 1088.7129 0.019607844 -1787
37 614.4311 1110.1542 0.019607844 -1820
38 612.4329 1139.9835 0.019607844 -1853
39 612.4329 1152.2235 0.019607844 -1919
40 612.4329 1160.1862 0.019607844 -1970
41 612.4329 1171.0823 0.019607844 -2020
42 612.4329 1174.7522 0.019607844 -2069
43 612.4329 1177.3867 0.019607844 -2102
44 612.4329 1177.3867 0.019607844 -2152
45 612.4329 1177.3867 0.019607844 -2162
0 935.13416 594.69025 0.021568628 -284
1 934.5892 594.69025 0.021568628 -284
2 934.1351 595.68976 0.021568628 -308
3 934.1351 598.6882 0.021568628 -358
4 934.1351 599.6876 0.019607844 -407
5 934.1351 599.6876 0.019607844 -458
6 934.1351 599.6876 0.019607844 -491
7 934.1351 599.6876 0.019607844 -524
8 932.2641 599.6876 0.019607844 -570
9 924.5115 599.6876 0.019607844 -607
10 910.23016 602.67395 0.019607844 -656
11 883.2788 605.29767 0.019607844 -689
12 852.05865 607.6835 0.019607844 -722
13 806.80164 609.5719 0.019607844 -755
14 743.1567 608.683 0.019607844 -788
15 686.1965 606.11005 0.019607844 -838
16 652.299 604.68506 0.019607844 -888
17 638.4657 604.68506 0.019607844 -937
18 630.77814 604.68506 0.019607844 -970
19 626.2087 604.68506 0.019607844 -1003
20 622.80176 604.68506 0.019607844 -1036
21 617.656 604.68506 0.019607844 -1069
22 616.25946 604.68506 0.019607844 -1119
23 616.42926 604.68506 0.019607844 -1152
24 616.42926 604.68506 0.019607844 -1185
25 616.42926 604.68506 0.019607844 -1218
26 616.42926 607.1498 0.019607844 -1251
27 617.0855 632.26886 0.019607844 -1284
28 618.42737 660.2196 0.019607844 -1334
29 620.42554 727.7106 0.019607844 -1367
30 622.39716 795.8781 0.019607844 -1416
31 623.4227 871.8123 0.019607844 -1466
32 622.30774 908.68726 0.019607844 -1515
33 620.88513 968.35535 0.019607844 -1548
34 617.2318 998.2498 0.019607844 -1598
35 614.4311 1058.4757 0.019607844 -1631
36 614.4311 1107.176 0.019607844 -1680
37 608.6176 1132.6855 0.019607844 -1730
38 606.4385 1142.4371 0.019607844 -1780
39 606.4385 1148.7144 0.019607844 -1813
40 606.4385 1152.2811 0.019607844 -1846
41 606.4385 1157.6711 0.019607844 -1879
42 606.4385 1157.3972 0.019607844 -1928
43 606.4385 1157.3972 0.01764706 -1978
44 606.4385 1157.3972 0.01764706 -2006
0 941.1286 595.68976 0.019607844 -240
1 938.3146 597.5054 0.019607844 -240
2 938.13135 597.68866 0.019607844 -277
3 938.13135 597.68866 0.019607844 -327
4 938.13135 597.68866 0.019607844 -360
5 937.13226 597.68866 0.019607844 -393
6 937.13226 597.68866 0.019607844 -426
7 937.13226 597.68866 0.019607844 -459
8 933.63385 597.68866 0.019607844 -492
9 927.89526 597.68866 0.019607844 -525
10 915.2086 600.476 0.019607844 -558
11 877.806 604.68506 0.019607844 -591
12 815.6018 606.684 0.019607844 -640
13 751.88477 604.68506 0.019607844 -690
14 686.4035 599.35876 0.019607844 -739
15 636.62524 595.68976 0.019607844 -789
16 608.42596 594.85504 0.019607844 -839
17 590.4652 592.69727 0.019607844 -888
18 582.41833 592.6913 0.021568628 -938
19 579.0585 592.6913 0.021568628 -987
20 578.4644 592.6913 0.019607844 -1020
21 578.4644 593.3631 0.019607844 -1070
22 578.4644 596.90454 0.019607844 -1119
23 577.46533 612.1286 0.019607844 -1152
24 577.6626 653.4879 0.019607844 -1202
25 577.46533 695.76294 0.019607844 -1252
26 578.4644 745.61566 0.019607844 -1285
27 577.46533 796.92926 0.019607844 -1318
28 574.31647 843.23035 0.019607844 -1351
29 572.69476 903.1539 0.019607844 -1384
30 570.3019 972.5341 0.019607844 -1417
31 570.4718 1058.3036 0.019607844 -1466
32 568.47363 1123.222 0.019607844 -1516
33 567.47455 1150.6029 0.019607844 -1565
34 565.47644 1170.0812 0.019607844 -1615
35 564.47736 1183.8438 0.019607844 -1665
36 564.47736 1187.7937 0.019607844 -1714
37 564.47736 1191.8793 0.019607844 -1747
38 564.47736 1191.3795 0.01764706 -1785
39 564.47736 1191.3795 0.01764706 -1860
0 941.1286 580.6975 0.021568628 -196
1 938.63086 580.6975 0.021568628 -196
2 935.227 580.6975 0.021568628 -220
3 931.8911 580.6975 0.021568628 -253
4 928.4289 580.6975 0.021568628 -286
5 927.14154 580.6975 0.021568628 -319
6 926.14246 581.697 0.021568628 -352
7 926.14246 581.697 0.021568628 -385
8 926.14246 581.697 0.019607844 -418
9 925.317 581.697 0.019607844 -451
10 921.7215 581.697 0.019607844 -484
11 918.1821 581.697 0.019607844 -517
12 910.4717 585.2569 0.019607844 -550
13 897.1557 588.896 0.019607844 -583
14 873.6434 592.48395 0.019607844 -616
15 845.1904 596.0923 0.019607844 -649
16 789.1696 596.6892 0.019607844 -683
17 752.77405 596.6892 0.019607844 -732
18 715.5794 594.69025 0.019607844 -765
19 686.35443 594.69025 0.019607844 -798
20 662.85034 594.69025 0.019607844 -831
21 643.8061 593.6908 0.019607844 -864
22 630.60333 593.6908 0.019607844 -897
23 622.67926 593.6908 0.019607844 -930
24 617.6527 593.6908 0.019607844 -963
25 614.3251 593.6908 0.019607844 -996
26 609.3088 593.6908 0.019607844 -1029
27 609.4357 593.6908 0.019607844 -1079
28 609.4357 595.4876 0.019607844 -1112
29 609.4357 612.0204 0.019607844 -1162
30 608.43665 667.39417 0.019607844 -1195
31 611.8549 720.2123 0.019607844 -1244
32 614.27167 807.7076 0.019607844 -1277
33 614.01715 860.93744 0.019607844 -1327
34 613.2229 937.791 0.019607844 -1360
35 612.99286 978.88574 0.019607844 -1409
36 612.4329 1020.625 0.019607844 -1442
37 612.4329 1087.3838 0.019607844 -1475
38 609.2139 1113.7518 0.019607844 -1525
39 606.4385 1139.3447 0.019607844 -1558
40 604.03796 1148.2073 0.019607844 -1608
41 603.4413 1154.2307 0.019607844 -1641
42 603.4413 1155.3982 0.019607844 -1690
43 603.4413 1156.6184 0.019607844 -1714
44 603.4413 1156.3977 0.019607844 -1754
45 603.4413 1156.3977 0.01764706 -1789
46 603.4413 1156.3977 0.01764706 -1791
0 945.1249 587.6939 0.021568628 -309
1 940.6461 588.69336 0.021568628 -309
2 938.63086 588.69336 0.021568628 -352
3 937.63184 589.6929 0.021568628 -371
4 938.13135 589.6929 0.021568628 -410
5 937.13226 589.6929 0.021568628 -451
6 937.13226 589.6929 0.019607844 -484
7 937.13226 589.6929 0.019607844 -533
8 937.13226 589.6929 0.019607844 -566
9 936.2548 589.6929 0.019607844 -599
10 932.6243 589.6929 0.019607844 -632
11 923.8121 591.8026 0.019607844 -665
12 886.2856 598.3001 0.019607844 -698
13 844.0554 602.6861 0.019607844 -748
14 784.92053 605.6845 0.019607844 -797
15 747.2034 606.79443 0.019607844 -847
16 706.27716 606.684 0.019607844 -880
17 671.8638 605.6845 0.019607844 -913
18 643.96265 602.6861 0.019607844 -946
19 616.9952 602.6861 0.019607844 -979
20 603.7948 602.6861 0.019607844 -1028
21 599.68646 602.6861 0.019607844 -1078
22 596.3548 602.6861 0.019607844 -1111
23 594.4496 602.6861 0.019607844 -1144
24 594.4496 602.6861 0.019607844 -1177
25 595.44867 618.8151 0.019607844 -1226
26 594.4496 651.87946 0.019607844 -1276
27 589.5956 724.8866 0.019607844 -1309
28 586.457 782.8047 0.019607844 -1358
29 583.0833 838.21594 0.019607844 -1391
30 583.4829 884.3313 0.019607844 -1424
31 582.12506 949.52875 0.019607844 -1457
32 582.6302 1005.7796 0.019607844 -1507
33 582.9501 1046.3535 0.019607844 -1556
34 582.31287 1075.4757 0.019607844 -1589
35 582.4607 1119.6013 0.019607844 -1622
36 582.4607 1141.2196 0.019607844 -1672
37 580.434 1153.5133 0.019607844 -1705
38 579.46344 1165.6428 0.019607844 -1738
39 578.4644 1174.0851 0.019607844 -1771
40 577.46533 1178.3784 0.019607844 -1804
41 577.46533 1182.242 0.019607844 -1837
42 577.46533 1183.3837 0.019607844 -1871
43 577.46533 1183.3837 0.019607844 -1904
44 577.46533 1183.3837 0.019607844 -1938
45 577.46533 1182.3842 0.01764706 -1944
0 930.1388 589.6929 0.021568628 -282
1 928.08014 589.6929 0.021568628 -282
2 928.1406 589.6929 0.021568628 -302
3 927.14154 590.1487 0.021568628 -318
4 927.14154 590.6923 0.021568628 -335
5 926.14246 590.6923 0.021568628 -351
6 924.6438 590.6923 0.021568628 -368
7 922.98285 590.6923 0.021568628 -384
8 920.0493 591.69183 0.021568628 -401
9 920.148 591.69183 0.021568628 -450
10 920.148 591.69183 0.019607844 -483
11 920.148 591.69183 0.019607844 -516
12 918.52026 591.69183 0.019607844 -549
13 913.1403 591.69183 0.019607844 -599
14 906.15796 591.69183 0.019607844 -648
15 888.66766 593.94226 0.019607844 -681
16 854.7741 596.6892 0.019607844 -715
17 814.89264 596.6892 0.019607844 -748
18 750.9847 596.6892 0.019607844 -781
19 686.1182 594.69025 0.019607844 -830
20 639.8708 591.69183 0.019607844 -880
21 620.0524 591.69183 0.019607844 -929
22 611.94183 591.69183 0.019607844 -979
23 607.7293 591.69183 0.019607844 -1012
24 604.33966 591.69183 0.019607844 -1045
25 600.8602 591.69183 0.019607844 -1078
26 599.44495 591.69183 0.019607844 -1111
27 599.44495 591.69183 0.019607844 -1144
28 599.44495 591.69183 0.019607844 -1177
29 599.44495 595.1155 0.019607844 -1210
30 598.44586 608.091 0.019607844 -1243
31 597.52893 633.8482 0.019607844 -1276
32 600.44403 682.01697 0.019607844 -1309
33 602.5242 728.6874 0.019607844 -1342
34 604.4403 783.1775 0.019607844 -1375
35 601.1661 824.0663 0.019607844 -1408
36 601.5284 869.6934 0.019607844 -1441
37 598.84973 918.07495 0.019607844 -1474
38 594.22217 951.3256 0.019607844 -1507
39 593.4505 991.269 0.019607844 -1540
40 594.018 1031.2794 0.019607844 -1573
41 595.44867 1065.3602 0.019607844 -1606
42 598.34576 1096.4269 0.019607844 -1640
43 599.44495 1120.2365 0.019607844 -1673
44 599.44495 1132.9614 0.019607844 -1706
45 599.44495 1139.2462 0.019607844 -1739
46 599.44495 1143.8666 0.019607844 -1772
47 599.44495 1145.4034 0.019607844 -1805
48 599.44495 1145.4034 0.01764706 -1841
49 599.44495 1145.4034 0.01764706 -1899
0 951.1193 581.697 0.021568628 -247
1 949.77734 584.039 0.021568628 -247
2 945.1249 587.0599 0.021568628 -269
3 944.1258 588.69336 0.021568628 -318
4 944.1258 589.6929 0.021568628 -384
5 944.1258 590.6923 0.021568628 -417
6 944.1258 590.6923 0.019607844 -467
7 944.1258 590.6923 0.019607844 -500
8 943.24915 590.6923 0.019607844 -533
9 930.07697 591.95715 0.019607844 -583
10 906.9646 595.6094 0.019607844 -632
11 856.81506 602.9251 0.019607844 -665
12 793.4406 609.3939 0.019607844 -715
13 748.0645 612.0055 0.019607844 -764
14 687.29443 613.68036 0.019607844 -798
15 651.6603 613.68036 0.019607844 -847
16 625.5735 613.68036 0.019607844 -897
17 617.14264 613.68036 0.019607844 -946
18 612.3992 613.68036 0.019607844 -979
19 607.34937 613.68036 0.019607844 -1012
20 604.4403 613.68036 0.021568628 -1062
21 605.47174 614.7122 0.019607844 -1095
22 606.4385 621.2401 0.019607844 -1128
23 606.4385 631.3118 0.019607844 -1161
24 604.4403 656.5303 0.019607844 -1194
25 603.1236 689.50287 0.019607844 -1227
26 599.68915 736.2943 0.019607844 -1260
27 595.266 812.77094 0.019607844 -1293
28 593.4505 861.3035 0.019607844 -1343
29 588.6446 898.98865 0.019607844 -1376
30 590.36566 941.2993 0.019607844 -1409
31 588.45514 984.2858 0.019607844 -1442
32 587.0998 1015.967 0.019607844 -1475
33 589.4542 1056.506 0.019607844 -1508
34 587.14264 1098.0363 0.019607844 -1541
35 586.07404 1132.4763 0.019607844 -1574
36 582.4195 1157.6858 0.019607844 -1607
37 582.16144 1176.8895 0.019607844 -1641
38 582.4607 1189.5038 0.019607844 -1674
39 582.4607 1196.3801 0.019607844 -1707
40 582.4607 1200.0468 0.019607844 -1740
41 582.4607 1203.8728 0.019607844 -1773
42 582.4607 1203.3732 0.019607844 -1808
43 582.4607 1203.3732 0.01764706 -1866
0 933.136 594.69025 0.023529414 -235
1 930.59924 595.68976 0.023529414 -235
2 927.31476 595.68976 0.023529414 -261
3 924.0963 596.6892 0.023529414 -294
4 922.1462 598.1032 0.023529414 -327
5 922.1462 598.6882 0.021568628 -360
6 922.1462 598.6882 0.021568628 -393
7 922.1462 598.6882 0.019607844 -426
8 922.1462 598.6882 0.019607844 -459
9 921.1866 598.6882 0.019607844 -492
10 915.87 598.6882 0.019607844 -525
11 905.31964 601.9671 0.019607844 -558
12 881.4974 605.656 0.019607844 -591
13 843.3976 607.6835 0.019607844 -624
14 801.7613 609.68243 0.019607844 -657
15 748.29535 609.68243 0.019607844 -690
16 702.48145 607.6835 0.019607844 -723
17 664.1861 605.81793 0.019607844 -756
18 625.1482 604.68506 0.019607844 -789
19 602.3943 604.68506 0.019607844 -822
20 586.4621 603.1871 0.019607844 -855
21 577.7458 601.6866 0.019607844 -888
22 573.2397 601.6866 0.019607844 -922
23 569.8234 601.6866 0.021568628 -955
24 569.4727 601.6866 0.019607844 -988
25 569.4727 601.6866 0.019607844 -1021
26 569.4727 601.6866 0.019607844 -1054
27 569.4727 611.3734 0.019607844 -1087
28 570.67285 636.27856 0.019607844 -1120
29 571.4709 684.26953 0.019607844 -1153
30 575.46716 747.3914 0.019607844 -1186
31 576.46625 807.6916 0.019607844 -1219
32 577.46533 871.81885 0.019607844 -1252
33 578.4644 927.0134 0.019607844 -1285
34 578.4644 983.27527 0.019607844 -1318
35 576.46625 1055.8944 0.019607844 -1351
36 578.51135 1111.1257 0.019607844 -1401
37 578.4644 1138.7323 0.019607844 -1434
38 577.46533 1152.6935 0.019607844 -1467
39 575.4263 1164.5164 0.019607844 -1500
40 575.46716 1170.017 0.019607844 -1533
41 575.46716 1173.6508 0.019607844 -1566
42 575.46716 1176.3663 0.019607844 -1599
43 575.46716 1176.3873 0.019607844 -1632
44 575.46716 1176.3873 0.019607844 -1665
45 576.46625 1176.3873 0.01764706 -1685
0 926.14246 618.67773 0.021568628 -196
1 923.73315 621.088 0.021568628 -196
2 920.3336 624.48895 0.021568628 -219
3 918.14984 626.6736 0.021568628 -252
4 918.14984 626.6736 0.021568628 -285
5 918.14984 626.6736 0.021568628 -318
6 918.14984 626.6736 0.019607844 -352
7 918.14984 626.6736 0.019607844 -385
8 914.5033 626.6736 0.019607844 -418
9 909.5 626.6736 0.019607844 -451
10 896.1168 627.68646 0.019607844 -484
11 875.5191 630.6715 0.019607844 -517
12 844.557 631.8785 0.019607844 -550
13 801.83746 632.6705 0.019607844 -583
14 781.7386 634.3548 0.019607844 -616
15 735.36194 632.6705 0.019607844 -632
16 681.6902 630.6715 0.019607844 -665
17 640.74786 627.34064 0.019607844 -698
18 614.1918 624.6746 0.019607844 -732
19 600.4014 624.6746 0.021568628 -765
20 593.72955 624.6746 0.021568628 -798
21 590.4181 624.6746 0.021568628 -831
22 586.99426 624.6746 0.021568628 -864
23 584.45886 624.6746 0.019607844 -897
24 586.728 626.9447 0.019607844 -946
25 587.45605 635.7906 0.019607844 -979
26 585.0806 650.549 0.019607844 -1012
27 584.45886 683.5144 0.019607844 -1045
28 587.15106 730.8301 0.019607844 -1078
29 590.3707 782.1243 0.019607844 -1111
30 597.17316 844.17755 0.019607844 -1144
31 595.8536 891.0203 0.019607844 -1177
32 595.3402 936.7063 0.019607844 -1210
33 593.4505 986.8409 0.019607844 -1243
34 588.81384 1022.6723 0.019607844 -1276
35 590.4533 1067.1146 0.019607844 -1309
36 589.4542 1103.7695 0.019607844 -1342
37 589.4542 1122.7014 0.019607844 -1375
38 589.4542 1135.577 0.019607844 -1408
39 587.81366 1143.6885 0.019607844 -1441
40 587.45605 1148.6892 0.019607844 -1474
41 587.45605 1152.3591 0.019607844 -1508
42 587.45605 1153.3993 0.019607844 -1541
43 587.45605 1153.3993 0.019607844 -1563
44 587.45605 1153.3993 0.01764706 -1607
0 947.12305 588.69336 0.019607844 -159
1 947.12305 588.69336 0.019607844 -159
2 942.60297 588.69336 0.019607844 -171
3 939.1467 588.69336 0.019607844 -220
4 935.7241 589.10266 0.021568628 -254
5 932.3515 589.6929 0.021568628 -287
6 929.47687 590.6923 0.021568628 -320
7 929.1397 590.6923 0.019607844 -348
8 929.1397 590.6923 0.019607844 -381
9 929.1397 590.6923 0.019607844 -414
10 926.4981 590.6923 0.019607844 -447
11 922.97253 590.6923 0.019607844 -480
12 921.1133 590.6923 0.019607844 -513
13 909.79675 593.2812 0.019607844 -530
14 888.4564 596.93494 0.019607844 -563
15 855.0991 597.68866 0.019607844 -596
16 816.97876 597.68866 0.019607844 -629
17 778.5514 596.6892 0.019607844 -662
18 732.0817 594.0567 0.019607844 -695
19 693.0453 593.6908 0.019607844 -728
20 653.2676 590.6923 0.019607844 -761
21 625.83453 590.6923 0.019607844 -794
22 603.5646 588.69336 0.019607844 -827
23 593.20557 587.6939 0.021568628 -860
24 586.8839 587.6939 0.021568628 -893
25 583.4739 587.6939 0.021568628 -926
26 582.4607 587.6939 0.019607844 -959
27 582.4607 587.6939 0.019607844 -992
28 582.4607 587.6939 0.019607844 -1025
29 582.4607 590.6856 0.019607844 -1058
30 582.54974 606.0409 0.019607844 -1091
31 584.45886 630.11395 0.019607844 -1124
32 584.06024 699.22144 0.019607844 -1157
33 586.457 750.4415 0.019607844 -1207
34 586.86346 812.694 0.019607844 -1240
35 586.19324 863.71765 0.019607844 -1273
36 583.27844 912.7133 0.019607844 -1306
37 580.9475 965.7494 0.019607844 -1339
38 581.4616 1010.3299 0.019607844 -1372
39 582.4607 1062.33 0.019607844 -1405
40 580.4743 1097.4872 0.019607844 -1438
41 582.4607 1124.2677 0.019607844 -1471
42 582.4607 1139.754 0.019607844 -1504
43 582.4607 1149.4526 0.019607844 -1537
44 582.4607 1154.5292 0.019607844 -1570
45 582.4607 1158.2539 0.019607844 -1603
46 582.4607 1160.3956 0.019607844 -1636
47 582.4607 1160.3956 0.019607844 -1669
48 583.4598 1160.3956 0.01764706 -1699
49 583.4598 1160.3956 0.01764706 -1726
0 934.1351 573.7012 0.021568628 -197
1 931.98224 573.7012 0.021568628 -197
2 930.21344 573.7012 0.021568628 -218
3 928.5303 573.7012 0.021568628 -235
4 926.7972 573.7012 0.021568628 -251
5 925.0577 573.7012 0.021568628 -268
6 923.32324 573.7012 0.021568628 -284
7 923.14526 573.7012 0.019607844 -301
8 923.14526 573.7012 0.019607844 -317
9 923.14526 573.7012 0.019607844 -334
10 922.2555 573.7012 0.019607844 -350
11 919.7385 573.7012 0.019607844 -367
12 916.0979 573.7012 0.019607844 -400
13 907.17914 574.44604 0.019607844 -433
14 899.7565 574.7007 0.019607844 -466
15 890.9338 576.14813 0.019607844 -482
16 864.63525 578.6986 0.019607844 -499
17 842.07764 577.6991 0.019607844 -532
18 816.80084 576.93665 0.019607844 -549
19 770.67926 574.7007 0.019607844 -565
20 745.3633 572.5396 0.019607844 -598
21 695.37366 568.9192 0.019607844 -615
22 659.8126 568.7038 0.019607844 -648
23 631.3673 563.70636 0.019607844 -681
24 612.5137 562.7069 0.019607844 -714
25 601.88403 562.7069 0.019607844 -747
26 596.28455 562.7069 0.021568628 -780
27 592.86414 562.7069 0.019607844 -813
28 589.3467 562.7069 0.019607844 -846
29 588.45514 564.3265 0.019607844 -879
30 588.45514 569.9495 0.019607844 -912
31 587.72266 582.3623 0.019607844 -945
32 587.45605 612.32416 0.019607844 -978
33 587.45605 630.0696 0.019607844 -1011
34 590.4533 682.30426 0.019607844 -1027
35 589.93176 707.279 0.019607844 -1060
36 591.7254 733.4433 0.019607844 -1077
37 591.4524 754.88354 0.019607844 -1094
38 592.4514 790.08936 0.019607844 -1110
39 591.72815 815.26294 0.019607844 -1127
40 594.4496 868.90405 0.019607844 -1143
41 593.26184 887.2373 0.019607844 -1176
42 592.6676 939.1309 0.019607844 -1193
43 592.084 958.9836 0.019607844 -1226
44 592.4514 980.4263 0.019607844 -1242
45 592.4514 996.7779 0.019607844 -1259
46 590.35034 1011.298 0.019607844 -1275
47 590.3794 1031.5751 0.019607844 -1292
48 591.4524 1047.3995 0.019607844 -1308
49 591.4524 1060.4733 0.019607844 -1325
50 590.0533 1071.844 0.019607844 -1341
51 588.2363 1081.5319 0.019607844 -1358
52 586.3781 1091.8259 0.019607844 -1374
53 590.22095 1116.2557 0.019607844 -1391
54 590.4533 1128.69 0.019607844 -1424
55 590.4533 1132.8813 0.019607844 -1457
56 590.4533 1136.6096 0.019607844 -1473
57 590.4533 1140.2166 0.019607844 -1490
58 590.4533 1143.8265 0.019607844 -1506
59 590.4533 1147.4991 0.019607844 -1539
60 590.4533 1147.4023 0.019607844 -1572
61 590.4533 1147.4023 0.01764706 -1588
0 979.09344 577.6991 0.021568628 -282
1 975.9874 577.6991 0.021568628 -282
2 972.58307 577.6991 0.021568628 -310
3 969.1493 578.6986 0.021568628 -343
4 966.10547 578.6986 0.021568628 -376
5 966.10547 578.6986 0.019607844 -409
6 966.10547 578.6986 0.019607844 -442
7 966.10547 578.6986 0.019607844 -475
8 963.92566 578.6986 0.019607844 -508
9 958.8875 579.69806 0.019607844 -524
10 945.4479 583.23157 0.019607844 -558
11 926.0575 586.8751 0.019607844 -591
12 890.2295 592.5047 0.019607844 -624
13 848.58984 594.69025 0.019607844 -657
14 808.7231 595.68976 0.019607844 -690
15 760.36475 596.6892 0.019607844 -723
16 720.0958 596.6892 0.019607844 -756
17 689.39435 595.68976 0.019607844 -789
18 662.93427 593.3407 0.019607844 -822
19 648.74164 593.6908 0.019607844 -855
20 641.17456 593.6908 0.019607844 -888
21 637.77783 593.6908 0.019607844 -921
22 634.4084 593.6908 0.019607844 -954
23 630.97345 593.6908 0.019607844 -987
24 630.41626 593.6908 0.019607844 -1020
25 630.41626 595.1349 0.019607844 -1053
26 630.41626 601.4533 0.019607844 -1086
27 631.9313 625.8055 0.019607844 -1119
28 632.4144 648.1465 0.019607844 -1152
29 631.41534 685.0133 0.019607844 -1185
30 629.292 717.00525 0.019607844 -1218
31 626.6659 759.1434 0.019607844 -1251
32 623.0423 801.3905 0.019607844 -1284
33 622.52313 841.0689 0.019607844 -1317
34 621.4246 885.5387 0.019607844 -1350
35 619.37354 916.05255 0.019607844 -1383
36 618.76556 957.7623 0.019607844 -1416
37 616.42926 999.3141 0.019607844 -1449
38 616.5114 1035.474 0.019607844 -1482
39 613.8801 1068.3038 0.019607844 -1515
40 613.432 1093.7999 0.019607844 -1548
41 613.432 1112.7944 0.019607844 -1581
42 612.4329 1123.9146 0.019607844 -1614
43 612.4329 1129.5099 0.019607844 -1647
44 612.4329 1134.1106 0.019607844 -1680
45 612.4329 1138.7255 0.019607844 -1714
46 611.46985 1142.369 0.019607844 -1747
47 611.43384 1144.9037 0.019607844 -1780
48 611.43384 1144.4039 0.01764706 -1803
49 611.43384 1144.4039 0.01764706 -1852
0 942.1277 578.6986 0.021568628 -204
1 940.876 578.6986 0.021568628 -204
2 935.9102 578.6986 0.021568628 -215
3 932.41766 579.69806 0.021568628 -265
4 929.07306 579.69806 0.021568628 -298
5 928.1406 579.69806 0.019607844 -331
6 928.1406 579.69806 0.019607844 -364
7 928.1406 579.69806 0.019607844 -397
8 924.6907 579.69806 0.019607844 -430
9 922.7993 579.69806 0.019607844 -463
10 916.2988 580.64844 0.019607844 -480
11 892.69147 584.2559 0.019607844 -513
12 861.7726 589.233 0.019607844 -546
13 814.9932 592.6415 0.019607844 -579
14 764.2255 595.68976 0.019607844 -612
15 723.34644 595.68976 0.019607844 -645
16 666.8197 596.6892 0.019607844 -678
17 635.27 596.6892 0.019607844 -727
18 624.5055 596.6892 0.019607844 -777
19 618.68396 596.6892 0.019607844 -810
20 615.2688 596.6892 0.019607844 -843
21 611.85974 596.6892 0.019607844 -876
22 610.4348 596.6892 0.019607844 -909
23 610.4348 596.6892 0.019607844 -942
24 610.4348 598.80804 0.019607844 -975
25 610.4348 609.5297 0.019607844 -1008
26 610.4348 627.7664 0.019607844 -1041
27 611.43384 661.7068 0.019607844 -1074
28 614.4311 711.84656 0.019607844 -1107
29 614.4311 752.5717 0.019607844 -1140
30 612.69104 802.7065 0.019607844 -1173
31 611.1384 850.40094 0.019607844 -1206
32 608.43665 893.643 0.019607844 -1239
33 607.4577 919.2389 0.019607844 -1272
34 605.4394 982.3367 0.019607844 -1289
35 604.6897 1018.7175 0.019607844 -1338
36 602.7084 1054.3195 0.019607844 -1371
37 599.44495 1079.4921 0.019607844 -1404
38 599.44495 1105.7451 0.019607844 -1437
39 599.44495 1122.1652 0.019607844 -1470
40 598.09064 1132.1213 0.019607844 -1504
41 597.44684 1139.3452 0.019607844 -1537
42 596.44775 1146.0157 0.019607844 -1570
43 596.44775 1150.9143 0.019607844 -1603
44 594.55884 1154.2894 0.019607844 -1636
45 592.91223 1157.9357 0.019607844 -1669
46 592.4514 1159.3961 0.019607844 -1702
47 592.4514 1159.3961 0.019607844 -1735
48 592.4514 1159.3961 0.01764706 -1768
49 592.4514 1159.3961 0.01764706 -1778
