0 927.14154 1049.4534 0.01764706 -18
1 927.14154 1049.4534 0.019607844 -43
2 921.4195 1048.4539 0.019607844 -108
3 911.777 1047.4545 0.019607844 -167
4 891.48364 1047.4545 0.019607844 -200
5 858.4753 1043.4565 0.01764706 -233
6 811.25604 1036.3822 0.01764706 -266
7 763.5157 1026.5167 0.019607844 -299
8 698.3253 1018.51526 0.019607844 -332
9 636.33966 1012.2014 0.019607844 -365
10 625.4209 1011.47314 0.019607844 -398
11 610.4348 1010.4737 0.019607844 -405
12 585.4579 1009.4742 0.019607844 -432
13 557.4838 1009.4742 0.019607844 -432
14 550.4903 1009.4742 0.019607844 -460
15 537.5023 1009.4742 0.019607844 -488
16 532.50696 1009.4742 0.019607844 -488
17 525.5134 1009.4742 0.019607844 -515
18 488.48593 1062.673 0.019607844 -515
19 477.0583 1146.4028 0.019607844 -646
20 469.34402 1291.0874 0.01764706 -678
21 468.56613 1484.5139 0.01764706 -712
22 460.96265 1666.5427 0.01764706 -745
23 452.69424 1744.5243 0.01764706 -795
24 446.86554 1769.9608 0.019607844 -828
25 444.58835 1778.5223 0.019607844 -861
26 444.58835 1782.0718 0.019607844 -894
27 444.58835 1782.0718 0.019607844 -927
28 444.58835 1782.0718 0.01764706 -960
0 934.1351 995.4815 0.01764706 -17
1 934.1351 995.4815 0.01764706 -17
2 934.1351 995.4815 0.01764706 -34
3 932.1735 995.4815 0.019607844 -67
4 920.90753 995.4815 0.019607844 -100
5 891.5559 995.4815 0.019607844 -133
6 847.13824 997.48047 0.019607844 -166
7 796.5475 997.48047 0.019607844 -199
8 731.736 996.6079 0.019607844 -232
9 646.901 994.9818 0.019607844 -265
10 646.901 994.9818 0.019607844 -298
11 599.44495 993.48254 0.019607844 -320
12 581.4616 993.48254 0.019607844 -320
13 565.47644 992.48303 0.019607844 -330
14 532.50696 992.48303 0.019607844 -357
15 519.519 991.4836 0.019607844 -357
16 508.52914 991.4836 0.019607844 -366
17 478.5569 991.4836 0.019607844 -413
18 453.9847 991.2811 0.019607844 -413
19 443.50818 1013.35535 0.019607844 -514
20 432.56503 1066.7201 0.019607844 -547
21 426.12204 1181.9197 0.019607844 -580
22 424.60684 1307.2253 0.01764706 -613
23 423.6078 1483.939 0.01764706 -646
24 422.1416 1604.5149 0.01764706 -679
25 420.61053 1692.9895 0.019607844 -712
26 415.6617 1752.761 0.01764706 -745
27 411.88715 1770.2723 0.019607844 -778
28 410.6198 1776.588 0.019607844 -811
29 410.6198 1779.0734 0.019607844 -844
30 410.6198 1779.0734 0.01764706 -877
31 410.6198 1779.0734 0.01764706 -911
0 960.111 1000.4789 0.01764706 0
1 957.6901 999.7677 0.01764706 0
2 943.61346 999.47943 0.019607844 -58
3 917.52313 1004.2735 0.019607844 -91
4 871.5511 1004.4768 0.019607844 -124
5 802.5104 1002.47784 0.019607844 -157
6 732.1907 998.3734 0.019607844 -190
7 649.306 994.7609 0.019607844 -223
8 582.06555 992.0265 0.019607844 -256
9 538.1258 989.4846 0.019607844 -290
10 537.5023 989.4846 0.019607844 -323
11 529.5097 989.4846 0.019607844 -323
12 516.5217 989.4846 0.019607844 -349
13 511.52637 989.4846 0.019607844 -349
14 491.54486 989.4846 0.019607844 -448
15 482.24652 1014.39246 0.019607844 -448
16 473.66544 1071.7656 0.019607844 -488
17 468.6038 1198.5471 0.019607844 -521
18 462.1126 1306.9142 0.019607844 -554
19 453.2256 1459.5609 0.01764706 -587
20 446.0318 1609.5969 0.01764706 -620
21 438.30682 1736.113 0.01764706 -653
22 430.27228 1852.1273 0.01764706 -686
23 430.27228 1852.1273 0.01764706 -719
0 921.1471 424.77875 0.019607844 -8
1 921.1471 424.77875 0.019607844 -8
2 921.1471 424.77875 0.019607844 -33
3 916.3287 422.36853 0.019607844 -83
4 898.47845 418.667 0.021568628 -117
5 859.4445 415.78345 0.021568628 -150
6 832.3814 415.06064 0.021568628 -183
7 803.30035 414.22452 0.021568628 -199
8 772.4184 413.7845 0.021568628 -216
9 708.27545 413.7845 0.021568628 -232
10 620.0927 411.78552 0.021568628 -265
11 610.4348 411.78552 0.021568628 -298
12 595.44867 431.77512 0.027450982 -303
13 556.48474 421.7803 0.021568628 -328
14 544.49585 436.7725 0.027450982 -328
15 483.55228 435.773 0.023529414 -383
16 477.55783 443.76886 0.027450982 -383
17 447.58557 450.76523 0.021568628 -484
18 444.58798 446.76694 0.021568628 -484
19 436.39783 445.8998 0.021568628 -497
20 427.60406 514.52454 0.019607844 -530
21 431.11935 625.9337 0.019607844 -563
22 436.63113 787.2559 0.021568628 -596
23 450.47473 967.93665 0.023529414 -629
24 451.201 1089.7258 0.021568628 -662
25 451.58188 1177.9053 0.019607844 -695
26 452.58093 1218.762 0.021568628 -728
27 451.58188 1233.6621 0.021568628 -761
28 451.58188 1239.7496 0.023529414 -794
29 451.58188 1243.5336 0.021568628 -827
30 450.5828 1245.3513 0.019607844 -860
31 450.5828 1245.3513 0.019607844 -874
0 960.111 990.4841 0.01764706 0
1 960.111 990.4841 0.01764706 -9
2 958.80426 990.4841 0.019607844 -92
3 945.95435 990.4841 0.019607844 -125
4 911.619 991.1689 0.019607844 -158
5 865.2041 994.91 0.019607844 -191
6 808.653 998.5798 0.019607844 -224
7 737.3173 999.47943 0.019607844 -257
8 718.3349 999.47943 0.019607844 -284
9 678.3719 999.47943 0.019607844 -311
10 591.36084 999.47943 0.019607844 -311
11 542.46387 997.09344 0.019607844 -357
12 542.46387 997.09344 0.019607844 -389
13 522.5162 994.482 0.019607844 -412
14 509.52823 993.48254 0.019607844 -412
15 506.531 993.48254 0.019607844 -440
16 502.5347 993.48254 0.019607844 -468
17 500.53653 993.48254 0.019607844 -468
18 497.5393 993.48254 0.019607844 -496
19 496.54025 993.48254 0.019607844 -496
20 495.54117 993.48254 0.019607844 -514
21 487.54858 1009.4742 0.019607844 -514
22 484.55133 1015.47107 0.019607844 -533
23 476.55875 1047.4545 0.01764706 -560
24 453.51767 1442.1848 0.019607844 -560
25 440.2011 1607.1627 0.01764706 -670
26 430.64407 1697.7732 0.019607844 -703
27 424.44385 1756.3904 0.019607844 -736
28 420.6154 1775.0609 0.019607844 -770
29 418.60016 1780.0974 0.019607844 -803
30 417.6133 1783.0227 0.019607844 -819
31 417.6133 1784.9923 0.019607844 -836
32 417.6133 1786.9333 0.019607844 -852
33 417.6133 1787.0692 0.019607844 -869
34 417.6133 1787.0692 0.019607844 -885
35 417.6133 1787.0692 0.019607844 -903
0 964.1073 998.4799 0.01764706 -10
1 964.1073 998.4799 0.01764706 -10
2 964.1073 998.4799 0.01764706 -34
3 957.59515 997.48047 0.019607844 -68
4 938.77203 996.48096 0.019607844 -101
5 898.1465 994.482 0.019607844 -134
6 825.499 994.482 0.019607844 -167
7 758.7607 997.6665 0.019607844 -200
8 686.5379 999.3208 0.019607844 -233
9 577.87866 997.48047 0.019607844 -267
10 530.8314 994.482 0.019607844 -316
11 508.61374 993.48254 0.019607844 -349
12 506.531 993.48254 0.019607844 -382
13 503.53375 993.48254 0.019607844 -388
14 499.53748 993.48254 0.019607844 -415
15 498.5384 993.48254 0.019607844 -415
16 494.54208 993.48254 0.019607844 -450
17 485.5504 1013.4721 0.019607844 -450
18 483.55228 1018.46954 0.019607844 -497
19 480.55505 1051.4524 0.019607844 -524
20 472.4689 1307.3785 0.019607844 -524
21 461.14554 1480.9309 0.01764706 -597
22 460.57355 1487.2253 0.019607844 -630
23 456.57724 1531.2025 0.01764706 -633
24 454.5791 1553.191 0.01764706 -650
25 430.87646 1793.9564 0.019607844 -650
26 427.60406 1812.0562 0.019607844 -730
27 425.60593 1818.0531 0.019607844 -745
28 421.60962 1830.0468 0.019607844 -787
29 420.61053 1832.0458 0.019607844 -787
30 420.61053 1837.0432 0.019607844 -837
31 420.61053 1838.0426 0.019607844 -837
32 420.61053 1838.0426 0.019607844 -845
33 420.61053 1838.0426 0.019607844 -878
34 420.61053 1838.0426 0.01764706 -879
0 973.099 984.48724 0.015686275 -27
1 973.099 984.48724 0.015686275 -27
2 979.09344 984.48724 0.015686275 -60
3 979.09344 984.48724 0.01764706 -60
4 979.09344 984.48724 0.01764706 -86
5 979.09344 984.48724 0.01764706 -112
6 978.09436 984.48724 0.01764706 -139
7 976.0962 984.48724 0.01764706 -139
8 961.1101 984.48724 0.019607844 -183
9 954.1166 984.48724 0.019607844 -183
10 938.13135 984.48724 0.019607844 -210
11 923.14526 984.48724 0.019607844 -210
12 877.1878 984.48724 0.019607844 -245
13 861.2026 985.4867 0.019607844 -245
14 825.2359 985.4867 0.019607844 -272
15 806.2535 986.4862 0.019607844 -272
16 767.28955 987.48566 0.019607844 -300
17 746.30896 987.48566 0.019607844 -300
18 693.35803 989.4846 0.019607844 -326
19 670.3793 990.4841 0.019607844 -326
20 650.39777 991.4836 0.019607844 -345
21 631.41534 991.4836 0.019607844 -345
22 596.44775 991.4836 0.019607844 -372
23 581.4616 992.48303 0.019607844 -372
24 552.48846 992.48303 0.019607844 -399
25 539.5005 993.48254 0.019607844 -399
26 527.5116 993.48254 0.019607844 -409
27 510.52728 993.48254 0.019607844 -437
28 504.53284 993.48254 0.019607844 -437
29 483.55228 993.48254 0.019607844 -509
30 421.2194 1684.8564 0.019607844 -509
31 411.7769 1749.298 0.01764706 -752
32 409.62073 1761.1637 0.01764706 -797
33 409.62073 1765.4703 0.01764706 -830
34 409.62073 1769.1458 0.01764706 -863
35 409.62073 1769.0786 0.01764706 -896
36 409.62073 1769.0786 0.01764706 -919
0 993.0805 806.5799 0.01764706 -77
1 993.0805 806.5799 0.01764706 -77
2 986.087 837.5637 0.025490198 -94
3 959.11194 940.51013 0.019607844 -138
4 948.7395 958.88257 0.019607844 -138
5 922.0045 974.7775 0.019607844 -159
6 869.3415 986.66656 0.019607844 -192
7 809.9466 993.73834 0.019607844 -225
8 729.75415 996.48096 0.019607844 -258
9 679.371 997.48047 0.019607844 -291
10 660.38855 997.48047 0.019607844 -310
11 629.41724 997.48047 0.019607844 -337
12 599.58765 998.4799 0.019607844 -337
13 565.61 998.4799 0.019607844 -357
14 544.408 997.263 0.019607844 -390
15 531.3101 995.4815 0.019607844 -423
16 523.08575 995.4815 0.019607844 -456
17 515.86926 995.4815 0.019607844 -489
18 502.0866 1016.8845 0.019607844 -522
19 490.1672 1066.2131 0.019607844 -555
20 483.55228 1182.5723 0.019607844 -588
21 479.4216 1306.2786 0.019607844 -621
22 474.67978 1467.7167 0.019607844 -655
23 468.75375 1606.7826 0.01764706 -688
24 461.54614 1677.2588 0.01764706 -721
25 457.73486 1692.0634 0.01764706 -754
26 456.21887 1699.5496 0.019607844 -770
27 454.38986 1703.4916 0.019607844 -787
28 452.58093 1707.9562 0.019607844 -803
29 452.58093 1711.5468 0.019607844 -836
30 452.58093 1712.1083 0.01764706 -869
31 452.58093 1712.1083 0.01764706 -903
32 452.58093 1712.1083 0.01764706 -926
0 965.1064 987.48566 0.01764706 -9
1 965.1064 987.48566 0.01764706 -9
2 965.1064 987.48566 0.01764706 -42
3 965.1064 987.48566 0.01764706 -75
4 963.1082 987.48566 0.01764706 -108
5 961.1101 987.48566 0.01764706 -115
6 952.1184 987.48566 0.019607844 -140
7 946.12396 987.48566 0.01764706 -140
8 935.13416 987.48566 0.01764706 -157
9 922.1462 987.48566 0.01764706 -157
10 908.1591 987.48566 0.01764706 -166
11 878.1869 987.48566 0.01764706 -193
12 860.2035 987.48566 0.01764706 -193
13 825.2359 987.48566 0.01764706 -219
14 805.2544 987.48566 0.01764706 -219
15 766.29047 987.48566 0.01764706 -246
16 744.31085 987.48566 0.019607844 -246
17 707.34503 987.48566 0.019607844 -274
18 678.3719 987.48566 0.019607844 -274
19 656.3922 987.48566 0.019607844 -291
20 635.4117 987.48566 0.019607844 -291
21 615.4302 988.48517 0.019607844 -310
22 598.44586 988.48517 0.019607844 -310
23 583.4598 989.4846 0.019607844 -319
24 570.4718 990.4841 0.019607844 -337
25 557.4838 991.4836 0.019607844 -337
26 545.49493 992.48303 0.019607844 -355
27 535.50415 992.48303 0.019607844 -355
28 526.5125 992.48303 0.019607844 -365
29 508.52914 992.48303 0.019607844 -402
30 504.53284 992.48303 0.019607844 -402
31 497.5393 992.48303 0.019607844 -438
32 495.54117 992.48303 0.019607844 -438
33 492.54395 992.48303 0.019607844 -474
34 491.54486 992.48303 0.019607844 -474
35 483.55228 1012.47266 0.01764706 -511
36 482.5532 1016.4706 0.019607844 -511
37 481.5541 1022.46747 0.019607844 -520
38 479.55597 1045.4554 0.01764706 -538
39 436.59573 1717.1056 0.019607844 -538
40 436.59573 1717.1056 0.01764706 -819
41 436.59573 1717.1056 0.01764706 -852
42 436.59573 1717.1056 0.01764706 -874
0 970.10175 989.4846 0.01764706 -6
1 970.10175 989.4846 0.01764706 -6
2 970.10175 989.4846 0.01764706 -31
3 964.322 989.4846 0.019607844 -71
4 940.09595 989.4846 0.019607844 -106
5 932.1369 988.48517 0.019607844 -139
6 913.1545 988.48517 0.019607844 -147
7 882.18317 987.48566 0.019607844 -174
8 866.198 987.48566 0.019607844 -174
9 831.23035 987.48566 0.019607844 -201
10 813.247 987.48566 0.019607844 -201
11 774.2831 987.48566 0.019607844 -229
12 753.3025 987.48566 0.019607844 -229
13 700.3515 986.4862 0.019607844 -256
14 676.3737 986.4862 0.019607844 -256
15 657.3913 986.4862 0.019607844 -274
16 640.40704 986.4862 0.019607844 -274
17 593.4505 986.4862 0.019607844 -310
18 581.4616 986.4862 0.019607844 -310
19 511.52637 985.4867 0.019607844 -465
20 507.7339 986.88403 0.019607844 -465
21 504.53284 998.4799 0.01764706 -486
22 501.5356 1006.47577 0.019607844 -492
23 495.54117 1043.4565 0.01764706 -519
24 492.54395 1068.4435 0.019607844 -519
25 489.54672 1104.4248 0.019607844 -529
26 486.5495 1169.3909 0.019607844 -556
27 469.8359 1547.4847 0.01764706 -556
28 465.17712 1606.3888 0.01764706 -635
29 460.59998 1644.9315 0.019607844 -652
30 451.43994 1694.6855 0.019607844 -668
31 446.75034 1713.6155 0.019607844 -701
32 444.58835 1720.5271 0.019607844 -735
33 444.58835 1723.1025 0.019607844 -768
34 444.58835 1724.1019 0.01764706 -801
35 444.58835 1724.1019 0.01764706 -824
0 958.11285 1042.457 0.01764706 -10
1 958.11285 1042.457 0.01764706 -10
2 958.11285 1042.457 0.01764706 -38
3 950.5756 1028.1482 0.019607844 -71
4 943.22144 1020.56323 0.019607844 -104
5 935.13416 1015.47107 0.019607844 -137
6 928.1406 1012.47266 0.019607844 -158
7 911.1564 1008.47473 0.019607844 -184
8 839.22296 998.4799 0.019607844 -184
9 826.235 997.48047 0.019607844 -239
10 794.2646 995.4815 0.019607844 -266
11 767.28955 994.482 0.019607844 -266
12 745.3099 992.48303 0.019607844 -275
13 724.32935 991.4836 0.019607844 -293
14 646.4015 987.48566 0.019607844 -293
15 629.41724 987.48566 0.019607844 -330
16 597.44684 986.4862 0.019607844 -357
17 579.46344 986.4862 0.019607844 -357
18 535.50415 986.4862 0.019607844 -403
19 528.5106 986.4862 0.019607844 -403
20 524.51434 986.4862 0.019607844 -412
21 514.5236 986.4862 0.019607844 -449
22 512.52545 986.4862 0.019607844 -449
23 504.53284 986.4862 0.019607844 -504
24 481.5541 1187.3816 0.019607844 -504
25 480.55505 1227.3607 0.01764706 -604
26 480.55505 1350.2966 0.01764706 -631
27 474.84058 1536.1172 0.01764706 -631
28 457.43414 1670.8412 0.01764706 -670
29 446.66177 1698.9645 0.019607844 -718
30 441.2884 1710.4121 0.019607844 -752
31 440.59204 1714.1958 0.019607844 -795
32 440.59204 1714.1072 0.01764706 -829
33 440.59204 1714.1072 0.01764706 -852
0 930.1388 987.48566 0.01764706 -9
1 930.1388 987.48566 0.01764706 -9
2 930.1388 987.48566 0.01764706 -28
3 928.7272 986.7796 0.01764706 -61
4 926.14246 986.4862 0.01764706 -95
5 923.14526 986.4862 0.01764706 -105
6 667.3821 971.494 0.019607844 -283
7 647.4006 973.4929 0.01764706 -283
8 631.41534 966.4966 0.019607844 -300
9 615.4302 961.4992 0.019607844 -300
10 600.44403 957.5013 0.019607844 -310
11 570.4718 949.50543 0.019607844 -346
12 544.49585 946.507 0.019607844 -346
13 539.5005 946.507 0.019607844 -383
14 516.5217 962.49866 0.019607844 -447
15 506.531 988.48517 0.01764706 -447
16 502.5347 1000.4789 0.019607844 -465
17 495.54117 1042.457 0.01764706 -493
18 491.54486 1107.4232 0.01764706 -493
19 490.5458 1132.4102 0.019607844 -521
20 488.54764 1218.3654 0.01764706 -539
21 479.531 1495.546 0.019607844 -539
22 469.49612 1611.7136 0.01764706 -611
23 459.69183 1686.5343 0.01764706 -644
24 459.69183 1686.5343 0.01764706 -677
25 452.58093 1710.1093 0.01764706 -770
26 452.58093 1710.1093 0.01764706 -770
27 452.58093 1710.1093 0.01764706 -786
28 452.58093 1710.1093 0.01764706 -819
29 452.58093 1710.1093 0.01764706 -837
0 964.1073 804.58093 0.01764706 0
1 964.1073 804.58093 0.01764706 0
2 964.1073 804.58093 0.01764706 -24
3 964.1073 804.58093 0.01764706 -58
4 961.1101 803.5814 0.01764706 -107
5 957.1138 803.5814 0.01764706 -123
6 920.148 803.5814 0.01764706 -167
7 907.16003 803.5814 0.01764706 -167
8 866.198 802.582 0.01764706 -202
9 849.2137 802.582 0.01764706 -202
10 627.41907 802.582 0.019607844 -329
11 618.42737 801.5825 0.01764706 -329
12 558.4829 801.5825 0.019607844 -483
13 552.2794 818.4103 0.019607844 -483
14 543.9815 888.0388 0.019607844 -505
15 543.49677 893.5346 0.019607844 -538
16 542.4977 923.519 0.019607844 -540
17 540.4995 980.4893 0.019607844 -566
18 539.5005 999.47943 0.01764706 -566
19 536.50323 1118.4175 0.019607844 -602
20 528.5106 1273.3368 0.019607844 -602
21 526.5125 1299.3232 0.01764706 -638
22 521.5171 1356.2936 0.01764706 -665
23 506.531 1462.8816 0.01764706 -665
24 506.531 1466.8394 0.01764706 -770
25 506.531 1469.2347 0.019607844 -803
26 506.531 1470.2343 0.01764706 -836
27 506.531 1470.2343 0.01764706 -850
0 949.1212 803.5814 0.01764706 0
1 949.1212 803.5814 0.01764706 0
2 949.1212 803.5814 0.01764706 -24
3 949.1212 803.5814 0.01764706 -57
4 949.1212 803.5814 0.01764706 -70
5 946.12396 803.5814 0.01764706 -96
6 942.1277 803.5814 0.01764706 -96
7 856.2072 802.582 0.01764706 -177
8 839.22296 802.582 0.019607844 -177
9 807.25256 802.582 0.01764706 -202
10 787.27106 802.582 0.019607844 -202
11 749.3062 802.582 0.01764706 -229
12 728.3256 802.582 0.019607844 -229
13 631.41534 802.582 0.019607844 -283
14 618.42737 802.582 0.019607844 -283
15 571.4709 802.582 0.019607844 -338
16 566.47546 802.582 0.019607844 -338
17 561.4801 802.582 0.019607844 -347
18 549.4912 802.582 0.019607844 -393
19 547.49304 802.582 0.019607844 -393
20 538.5014 802.582 0.019607844 -447
21 536.50323 802.582 0.019607844 -447
22 534.50507 802.582 0.01764706 -457
23 527.5116 829.56793 0.019607844 -493
24 523.51526 880.5414 0.01764706 -493
25 524.51434 918.5216 0.019607844 -520
26 525.5134 996.48096 0.01764706 -547
27 526.5125 1059.4481 0.01764706 -547
28 526.5125 1103.4253 0.019607844 -566
29 489.54672 989.4846 0.019607844 -593
30 487.4015 1210.1975 0.019607844 -593
31 485.3704 1264.0624 0.019607844 -673
32 485.5504 1272.9845 0.019607844 -718
33 485.5504 1276.8751 0.019607844 -752
34 485.5504 1278.3342 0.01764706 -785
35 485.5504 1278.3342 0.01764706 -818
36 485.5504 1278.3342 0.01764706 -823
0 934.1351 616.6788 0.01764706 0
1 934.1351 616.6788 0.019607844 0
2 934.1351 616.6788 0.019607844 -42
3 913.6739 616.6788 0.019607844 -116
4 877.20355 616.6788 0.019607844 -165
5 831.11786 616.6788 0.019607844 -198
6 831.11786 616.6788 0.019607844 -232
7 750.3053 617.6783 0.019607844 -256
8 710.3423 617.6783 0.019607844 -256
9 710.3423 617.6783 0.019607844 -293
10 616.42926 616.6788 0.019607844 -312
11 588.45514 615.6793 0.019607844 -312
12 588.45514 615.6793 0.019607844 -349
13 492.54395 616.6788 0.019607844 -367
14 492.54395 616.6788 0.019607844 -367
15 492.54395 616.6788 0.019607844 -395
16 473.56152 616.6788 0.019607844 -422
17 473.56152 616.6788 0.019607844 -422
18 474.5606 616.6788 0.019607844 -468
19 474.5606 616.6788 0.019607844 -468
20 474.5606 616.6788 0.019607844 -478
21 472.56244 616.6788 0.019607844 -505
22 477.04218 898.0484 0.019607844 -505
23 478.48187 1039.8099 0.019607844 -629
24 475.89667 1155.9292 0.019607844 -662
25 472.15286 1215.2866 0.019607844 -695
26 472.15286 1215.2866 0.019607844 -728
27 468.56613 1295.3253 0.019607844 -750
28 468.56613 1295.3253 0.019607844 -750
29 468.56613 1295.3253 0.019607844 -811
30 468.56613 1295.3253 0.019607844 -844
31 468.56613 1295.3253 0.01764706 -877
32 468.56613 1295.3253 0.01764706 -889
0 922.1462 983.48773 0.015686275 0
1 922.1462 983.48773 0.015686275 -7
2 922.1462 983.48773 0.01764706 -50
3 919.2794 983.48773 0.01764706 -59
4 908.73004 983.48773 0.01764706 -116
5 898.1684 983.48773 0.01764706 -149
6 887.1785 983.48773 0.01764706 -164
7 853.21 983.48773 0.01764706 -200
8 840.22205 983.48773 0.01764706 -200
9 768.28864 983.48773 0.01764706 -254
10 752.3034 983.48773 0.01764706 -254
11 496.54025 983.48773 0.019607844 -526
12 489.56378 999.1007 0.01764706 -526
13 480.55505 1133.8333 0.019607844 -546
14 477.55783 1242.6581 0.019607844 -612
15 472.0684 1393.1313 0.019607844 -645
16 469.11493 1459.979 0.019607844 -678
17 467.3646 1518.2625 0.019607844 -695
18 462.23877 1617.1555 0.01764706 -712
19 454.3656 1685.1907 0.01764706 -745
20 448.79117 1712.0746 0.019607844 -778
21 446.84576 1719.3259 0.019607844 -811
22 443.34082 1725.35 0.019607844 -827
23 443.58926 1729.197 0.019607844 -860
24 443.58926 1729.0994 0.019607844 -894
25 443.58926 1729.0994 0.01764706 -943
26 451.58188 1707.1108 0.021568628 -961
0 957.1138 1002.47784 0.019607844 0
1 957.1138 1002.47784 0.019607844 0
2 951.71423 1001.4784 0.019607844 -26
3 938.6153 1001.4784 0.019607844 -92
4 905.7466 1001.4784 0.019607844 -125
5 861.98883 1001.4784 0.019607844 -158
6 806.6218 1001.4784 0.019607844 -192
7 794.2646 1001.4784 0.019607844 -225
8 778.27936 1001.4784 0.019607844 -231
9 734.32007 1001.4784 0.019607844 -257
10 711.3414 1000.4789 0.019607844 -257
11 687.3635 1000.4789 0.019607844 -275
12 571.87305 998.4799 0.019607844 -275
13 560.481 998.4799 0.019607844 -341
14 546.494 998.4799 0.019607844 -349
15 526.5125 998.4799 0.019607844 -376
16 520.51807 998.4799 0.019607844 -376
17 515.52264 998.4799 0.019607844 -385
18 502.5347 997.48047 0.019607844 -431
19 500.53653 997.48047 0.019607844 -431
20 492.54395 996.48096 0.019607844 -485
21 476.89032 1038.0663 0.019607844 -485
22 470.1315 1109.3535 0.01764706 -539
23 468.56613 1191.8445 0.019607844 -572
24 467.56708 1356.6057 0.01764706 -605
25 462.2068 1479.8995 0.01764706 -638
26 454.3626 1596.058 0.01764706 -671
27 443.8681 1687.4465 0.01764706 -705
28 440.07526 1701.1484 0.01764706 -754
29 439.59296 1704.1124 0.01764706 -787
30 439.59296 1705.1119 0.01764706 -800
31 439.59296 1707.1108 0.01764706 -826
32 440.68115 1711.1979 0.01764706 -826
33 440.68115 1711.1979 0.01764706 -887
0 960.111 987.48566 0.01764706 0
1 960.111 987.48566 0.01764706 -9
2 960.111 987.48566 0.019607844 -24
3 960.111 987.48566 0.019607844 -92
4 941.1286 987.48566 0.019607844 -150
5 934.1351 987.48566 0.019607844 -150
6 889.1767 987.48566 0.019607844 -193
7 877.1878 987.48566 0.019607844 -193
8 831.23035 987.48566 0.019607844 -230
9 813.247 987.48566 0.019607844 -230
10 775.28217 987.48566 0.019607844 -257
11 720.333 987.48566 0.019607844 -257
12 699.3525 987.48566 0.019607844 -275
13 657.3913 987.48566 0.019607844 -302
14 640.40704 987.48566 0.019607844 -302
15 604.4403 987.48566 0.019607844 -330
16 591.4524 987.48566 0.019607844 -330
17 579.46344 987.48566 0.019607844 -338
18 552.48846 987.48566 0.019607844 -366
19 526.5125 987.48566 0.019607844 -366
20 522.5162 987.48566 0.019607844 -403
21 510.52728 987.48566 0.019607844 -476
22 509.52823 987.48566 0.019607844 -476
23 508.52914 987.48566 0.019607844 -485
24 505.53192 988.48517 0.019607844 -513
25 493.69318 1057.3452 0.01764706 -513
26 496.60385 1191.6897 0.019607844 -558
27 495.86377 1339.0325 0.019607844 -605
28 490.11887 1443.3761 0.019607844 -638
29 481.54327 1549.2853 0.019607844 -670
30 472.89368 1619.6644 0.01764706 -703
31 467.98907 1638.8793 0.019607844 -736
32 464.03354 1645.6796 0.019607844 -769
33 463.57077 1649.585 0.019607844 -802
34 463.57077 1650.1405 0.01764706 -835
35 463.57077 1650.1405 0.01764706 -868
36 463.57077 1650.1405 0.01764706 -884
0 963.1082 984.48724 0.01764706 -7
1 963.1082 984.48724 0.01764706 -7
2 963.1082 984.48724 0.01764706 -32
3 957.1238 984.48724 0.01764706 -66
4 946.12396 984.48724 0.01764706 -99
5 940.1295 984.48724 0.01764706 -121
6 913.1545 984.48724 0.01764706 -156
7 896.1702 984.48724 0.01764706 -156
8 828.2331 984.48724 0.019607844 -200
9 809.2507 984.48724 0.019607844 -200
10 771.2858 984.48724 0.019607844 -227
11 753.3025 984.48724 0.019607844 -227
12 713.3395 984.48724 0.019607844 -253
13 693.35803 984.48724 0.019607844 -253
14 655.3932 984.48724 0.019607844 -280
15 626.42 984.48724 0.019607844 -280
16 506.531 984.48724 0.019607844 -471
17 499.32376 1004.85626 0.01764706 -471
18 493.29782 1068.8612 0.019607844 -496
19 497.49762 1189.2539 0.01764706 -529
20 505.10724 1381.3262 0.01764706 -562
21 506.531 1510.0286 0.019607844 -595
22 498.1873 1618.32 0.019607844 -628
23 486.82343 1688.6124 0.019607844 -661
24 480.9922 1709.7968 0.019607844 -694
25 478.5569 1719.0889 0.019607844 -727
26 478.5569 1720.1041 0.019607844 -777
27 478.5569 1720.1041 0.019607844 -810
28 478.5569 1720.1041 0.01764706 -843
29 485.5504 1702.1134 0.023529414 -852
0 1003.0712 802.582 0.01764706 -7
1 1003.0712 802.582 0.01764706 -7
2 1002.6096 802.582 0.01764706 -49
3 998.07587 802.582 0.01764706 -82
4 995.0786 802.582 0.01764706 -104
5 980.0925 802.582 0.01764706 -139
6 972.0999 802.582 0.01764706 -139
7 962.1092 802.582 0.01764706 -147
8 928.1406 802.582 0.01764706 -174
9 909.1582 802.582 0.01764706 -174
10 812.2479 802.582 0.01764706 -227
11 790.26825 802.582 0.019607844 -227
12 749.3062 802.582 0.01764706 -255
13 728.3256 802.582 0.019607844 -255
14 684.36633 802.582 0.019607844 -282
15 664.3848 802.582 0.019607844 -282
16 637.4098 802.582 0.019607844 -310
17 626.42 802.582 0.019607844 -310
18 570.4718 802.582 0.019607844 -428
19 566.32117 805.8119 0.019607844 -428
20 556.25433 855.32227 0.019607844 -446
21 554.4866 939.6253 0.01764706 -479
22 556.5979 1017.32074 0.019607844 -512
23 558.9149 1185.6531 0.01764706 -529
24 552.8055 1313.1426 0.01764706 -562
25 545.35205 1431.5413 0.01764706 -595
26 535.74744 1505.1201 0.01764706 -628
27 528.8881 1552.6572 0.019607844 -661
28 527.5116 1564.6019 0.019607844 -694
29 527.1624 1578.178 0.01764706 -711
30 525.5134 1574.5942 0.01764706 -744
31 525.5134 1571.1816 0.01764706 -777
32 525.5134 1569.1827 0.01764706 -790
0 901.1656 557.70953 0.01764706 0
1 901.1656 557.70953 0.01764706 0
2 901.1656 557.70953 0.019607844 -34
3 899.92645 557.70953 0.019607844 -67
4 887.67596 560.6084 0.019607844 -100
5 887.1785 560.70795 0.019607844 -133
6 887.1785 560.70795 0.019607844 -134
7 809.2507 579.69806 0.019607844 -167
8 809.2507 579.69806 0.019607844 -167
9 781.2766 614.6798 0.019607844 -185
10 781.2766 614.6798 0.019607844 -185
11 727.32654 614.6798 0.019607844 -212
12 727.32654 614.6798 0.019607844 -212
13 669.3802 615.6793 0.019607844 -239
14 669.3802 615.6793 0.019607844 -239
15 613.432 615.6793 0.019607844 -266
16 613.432 615.6793 0.019607844 -266
17 561.4801 616.6788 0.019607844 -285
18 516.5217 616.6788 0.019607844 -285
19 516.5217 616.6788 0.019607844 -350
20 472.56244 616.6788 0.019607844 -405
21 472.56244 616.6788 0.019607844 -405
22 472.56244 616.6788 0.019607844 -423
23 471.56335 617.6783 0.019607844 -423
24 471.56335 617.6783 0.019607844 -478
25 464.56985 680.6455 0.019607844 -505
26 478.0705 832.007 0.019607844 -505
27 496.32043 1065.7443 0.019607844 -563
28 496.9875 1181.5364 0.019607844 -613
29 493.106 1253.0343 0.019607844 -646
30 489.37155 1268.8651 0.019607844 -679
31 485.77237 1276.1132 0.019607844 -712
32 485.5504 1279.748 0.019607844 -745
33 485.5504 1282.332 0.019607844 -778
34 485.5504 1282.332 0.01764706 -811
35 486.5495 1284.331 0.027450982 -834
0 925.1434 985.4867 0.01764706 0
1 925.1434 985.4867 0.01764706 0
2 923.14526 985.4867 0.01764706 -51
3 917.1508 985.4867 0.01764706 -77
4 913.1545 985.4867 0.019607844 -77
5 908.1591 985.4867 0.019607844 -85
6 884.18134 985.4867 0.019607844 -121
7 875.18964 985.4867 0.019607844 -121
8 819.24146 985.4867 0.019607844 -166
9 799.25995 986.4862 0.019607844 -166
10 780.2775 986.4862 0.019607844 -183
11 764.2923 986.4862 0.019607844 -183
12 705.3469 987.48566 0.019607844 -219
13 686.3645 987.48566 0.019607844 -219
14 649.3987 987.48566 0.019607844 -247
15 632.4144 987.48566 0.019607844 -247
16 592.4514 987.48566 0.019607844 -273
17 575.46716 987.48566 0.019607844 -273
18 535.50415 986.4862 0.019607844 -310
19 526.5125 986.4862 0.019607844 -310
20 489.54672 986.4862 0.019607844 -446
21 480.55505 1058.853 0.019607844 -446
22 477.55783 1164.0417 0.01764706 -491
23 475.55966 1306.3647 0.019607844 -521
24 469.19833 1433.9645 0.019607844 -554
25 462.57465 1550.1362 0.01764706 -587
26 458.5754 1594.1697 0.01764706 -620
27 456.57724 1612.1603 0.019607844 -628
28 452.58093 1635.1483 0.019607844 -655
29 443.1837 1691.1489 0.01764706 -655
30 441.59113 1700.2366 0.01764706 -703
31 441.59113 1704.9895 0.01764706 -736
32 441.59113 1707.1108 0.01764706 -769
33 442.5902 1705.1119 0.019607844 -795
0 920.148 983.48773 0.015686275 -4
1 920.148 983.48773 0.015686275 -4
2 920.148 983.48773 0.01764706 -39
3 920.148 983.48773 0.01764706 -72
4 919.1489 983.48773 0.01764706 -92
5 915.15265 983.48773 0.01764706 -120
6 899.1674 983.48773 0.01764706 -120
7 891.17487 983.48773 0.01764706 -155
8 713.3395 984.48724 0.019607844 -290
9 697.3543 984.48724 0.019607844 -290
10 651.39685 984.48724 0.019607844 -325
11 638.4089 984.48724 0.019607844 -325
12 594.4496 984.48724 0.019607844 -361
13 583.4598 984.48724 0.019607844 -361
14 535.50415 984.48724 0.019607844 -408
15 528.5106 984.48724 0.019607844 -408
16 497.5393 985.4867 0.019607844 -564
17 491.211 1004.8134 0.019607844 -564
18 491.211 1004.8134 0.019607844 -585
19 484.55133 1027.4648 0.019607844 -610
20 475.2705 1198.6111 0.019607844 -610
21 471.59262 1314.583 0.019607844 -668
22 466.2411 1457.4487 0.019607844 -701
23 459.96036 1541.1074 0.01764706 -734
24 452.54138 1600.5095 0.01764706 -767
25 447.756 1631.4679 0.01764706 -800
26 446.5865 1641.3698 0.01764706 -833
27 446.5865 1645.5194 0.01764706 -866
28 446.5865 1647.1421 0.01764706 -899
29 446.5865 1647.1421 0.01764706 -933
0 907.16003 988.48517 0.01764706 0
1 907.16003 988.48517 0.01764706 -5
2 907.16003 988.48517 0.019607844 -64
3 907.16003 988.48517 0.019607844 -97
4 902.1647 988.48517 0.019607844 -128
5 899.1674 988.48517 0.019607844 -173
6 890.1758 988.48517 0.019607844 -200
7 870.1943 988.48517 0.019607844 -200
8 862.20166 989.4846 0.019607844 -228
9 830.23126 991.4836 0.019607844 -264
10 818.2424 991.4836 0.019607844 -264
11 794.2646 992.48303 0.019607844 -291
12 771.2858 992.48303 0.019607844 -291
13 760.296 993.48254 0.019607844 -309
14 724.32935 994.482 0.019607844 -345
15 712.34045 994.482 0.019607844 -345
16 670.3793 994.482 0.019607844 -382
17 657.3913 994.482 0.019607844 -382
18 646.4015 994.482 0.019607844 -391
19 604.4403 994.482 0.019607844 -437
20 591.4524 993.48254 0.019607844 -437
21 545.49493 991.4836 0.019607844 -493
22 511.5967 990.4841 0.019607844 -493
23 509.52823 990.4841 0.019607844 -577
24 508.52914 990.4841 0.019607844 -585
25 504.53284 990.4841 0.019607844 -631
26 503.53375 990.4841 0.019607844 -631
27 488.54764 1023.4669 0.019607844 -715
28 484.75705 1051.6139 0.01764706 -715
29 478.0161 1102.1445 0.019607844 -726
30 477.55783 1106.4237 0.01764706 -759
31 476.55875 1121.4159 0.019607844 -761
32 473.56152 1181.3846 0.019607844 -787
33 472.56244 1341.9558 0.019607844 -787
34 472.56244 1456.0349 0.019607844 -842
35 470.23038 1545.8903 0.01764706 -875
36 468.26505 1568.1011 0.019607844 -908
37 466.4765 1613.6249 0.01764706 -925
38 463.75647 1653.9784 0.019607844 -941
39 462.5717 1679.2389 0.01764706 -958
40 461.57263 1692.6254 0.019607844 -974
41 460.08304 1702.5681 0.019607844 -991
42 460.57355 1708.1295 0.019607844 -1008
43 459.57446 1715.0398 0.019607844 -1024
44 459.57446 1717.0739 0.019607844 -1057
45 459.57446 1718.1051 0.019607844 -1074
46 459.57446 1718.1051 0.019607844 -1090
47 459.57446 1718.1051 0.01764706 -1139
48 459.57446 1718.1051 0.023529414 -1173
0 966.10547 809.5783 0.01764706 -9
1 966.10547 815.31323 0.019607844 -9
2 964.6068 816.07495 0.01764706 -42
3 960.8292 812.2958 0.01764706 -73
4 959.11194 811.5773 0.01764706 -108
5 956.1147 810.5778 0.01764706 -115
6 930.1388 811.5773 0.01764706 -158
7 921.1471 810.5778 0.01764706 -158
8 898.1684 813.57623 0.019607844 -185
9 875.18964 810.5778 0.01764706 -185
10 862.20166 809.5783 0.01764706 -203
11 819.24146 810.5778 0.01764706 -239
12 805.2544 809.5783 0.01764706 -239
13 783.2748 815.5752 0.019607844 -248
14 766.29047 813.57623 0.01764706 -267
15 749.3062 811.5773 0.01764706 -267
16 700.3515 822.57153 0.01764706 -303
17 684.36633 825.57 0.019607844 -303
18 652.39594 834.5653 0.019607844 -330
19 637.4098 828.5684 0.01764706 -330
20 622.4237 823.57104 0.01764706 -339
21 587.45605 821.5721 0.019607844 -367
22 576.46625 818.57367 0.019607844 -367
23 508.52914 847.55853 0.019607844 -605
24 503.53375 901.53046 0.019607844 -605
25 503.53375 926.5174 0.019607844 -631
26 503.53375 979.4898 0.019607844 -658
27 502.5347 1021.46796 0.019607844 -658
28 502.5347 1049.4534 0.019607844 -677
29 502.5347 1110.4216 0.01764706 -704
30 501.0859 1312.8175 0.019607844 -704
31 497.5393 1360.2915 0.019607844 -771
32 496.54025 1372.2853 0.019607844 -793
33 494.54208 1386.278 0.019607844 -820
34 489.54672 1400.802 0.019607844 -820
35 489.54672 1404.4695 0.019607844 -869
36 489.54672 1407.7666 0.019607844 -902
37 489.54672 1408.2665 0.01764706 -932
38 489.54672 1408.2665 0.01764706 -968
39 489.54672 1408.2665 0.01764706 -972
0 958.11285 806.5799 0.01764706 -8
1 958.11285 806.5799 0.01764706 -8
2 958.11285 806.5799 0.01764706 -41
3 958.11285 806.5799 0.01764706 -75
4 952.5384 806.5799 0.01764706 -104
5 928.6995 806.5799 0.019607844 -141
6 891.1316 806.5799 0.019607844 -174
7 870.1943 805.5804 0.01764706 -207
8 857.2063 805.5804 0.01764706 -222
9 803.2562 805.5804 0.019607844 -258
10 785.2729 805.5804 0.019607844 -258
11 753.3025 805.5804 0.019607844 -285
12 702.3497 805.5804 0.019607844 -285
13 686.3645 805.5804 0.019607844 -312
14 630.41626 805.5804 0.019607844 -349
15 612.4329 805.5804 0.019607844 -349
16 597.44684 805.5804 0.019607844 -368
17 574.4681 805.5804 0.019607844 -368
18 564.47736 805.5804 0.019607844 -386
19 512.52545 805.5804 0.019607844 -549
20 509.52823 810.5778 0.019607844 -549
21 508.52914 819.5731 0.019607844 -567
22 505.53192 835.5648 0.019607844 -604
23 505.53192 863.55023 0.019607844 -604
24 504.53284 898.532 0.019607844 -632
25 495.54117 1232.3582 0.019607844 -632
26 494.54208 1247.3503 0.019607844 -751
27 493.54303 1272.3373 0.019607844 -769
28 490.6329 1345.1635 0.019607844 -769
29 486.87903 1396.3358 0.01764706 -786
30 485.07486 1428.9677 0.019607844 -819
31 483.2405 1445.7435 0.019607844 -836
32 483.2405 1445.7435 0.019607844 -852
33 482.5532 1469.2347 0.01764706 -981
34 482.5532 1469.2347 0.01764706 -981
35 482.5532 1469.2347 0.01764706 -1001
36 482.5532 1469.2347 0.01764706 -1015
