0 946.12396 615.6793 0.01764706 -18
1 946.12396 615.6793 0.019607844 -43
2 939.53906 615.6793 0.019607844 -108
3 925.764 615.6793 0.019607844 -167
4 907.4689 615.6793 0.019607844 -200
5 871.2299 615.6793 0.019607844 -233
6 822.7064 615.6793 0.019607844 -266
7 772.54156 615.6793 0.019607844 -299
8 706.9687 615.6793 0.019607844 -332
9 642.3341 615.6793 0.019607844 -365
10 632.4144 615.6793 0.019607844 -398
11 632.4144 615.6793 0.019607844 -405
12 556.48474 616.6788 0.019607844 -432
13 550.4903 615.6793 0.019607844 -432
14 550.4903 615.6793 0.019607844 -460
15 508.52914 616.6788 0.019607844 -488
16 508.52914 616.6788 0.019607844 -488
17 503.53375 616.6788 0.019607844 -515
18 491.50372 643.76764 0.019607844 -515
19 481.05457 752.608 0.019607844 -646
20 481.5541 862.757 0.019607844 -678
21 492.06833 1058.3077 0.019607844 -712
22 499.53748 1241.2905 0.019607844 -745
23 499.53748 1320.4615 0.019607844 -795
24 495.82022 1353.8982 0.019607844 -828
25 495.54117 1365.1863 0.019607844 -861
26 495.54117 1369.5513 0.019607844 -894
27 495.54117 1373.2919 0.019607844 -927
28 495.54117 1373.2919 0.023529414 -960
0 899.1674 424.77875 0.019607844 -17
1 899.1674 424.77875 0.019607844 -17
2 899.1674 424.77875 0.019607844 -34
3 897.20593 423.29782 0.021568628 -67
4 885.9399 419.47156 0.021568628 -100
5 858.5864 414.99637 0.021568628 -133
6 811.6268 411.78552 0.021568628 -166
7 757.0411 410.78604 0.021568628 -199
8 692.6452 409.9135 0.021568628 -232
9 603.4413 409.78656 0.021568628 -265
10 603.4413 409.78656 0.027450982 -298
11 555.48566 420.78082 0.023529414 -320
12 536.50323 417.7824 0.021568628 -320
13 522.5162 434.77356 0.027450982 -330
14 486.5495 422.7798 0.023529414 -357
15 475.55966 436.7725 0.027450982 -357
16 466.568 445.76782 0.027450982 -366
17 432.59946 439.77094 0.023529414 -413
18 402.82953 417.7824 0.023529414 -413
19 396.55167 425.30124 0.023529414 -514
20 387.60666 468.08356 0.023529414 -547
21 384.1609 575.6193 0.019607844 -580
22 390.6266 698.47986 0.021568628 -613
23 399.40027 857.65564 0.021568628 -646
24 407.0906 981.7743 0.021568628 -679
25 410.94427 1088.2014 0.021568628 -712
26 411.61887 1135.0361 0.019607844 -745
27 410.8881 1171.0474 0.021568628 -778
28 409.62073 1182.411 0.021568628 -811
29 409.62073 1186.7551 0.021568628 -844
30 409.62073 1190.5863 0.021568628 -877
31 409.62073 1190.5863 0.019607844 -911
0 954.1166 616.6788 0.01764706 0
1 952.69476 616.6788 0.019607844 0
2 938.0374 616.6788 0.019607844 -58
3 914.7292 616.6788 0.019607844 -91
4 867.5548 616.6788 0.019607844 -124
5 797.48914 616.6788 0.019607844 -157
6 724.9842 616.6788 0.019607844 -190
7 641.4528 616.6788 0.019607844 -223
8 571.162 615.6793 0.019607844 -256
9 525.0812 615.6793 0.019607844 -290
10 524.51434 615.6793 0.019607844 -323
11 524.51434 615.6793 0.019607844 -323
12 469.56522 615.6793 0.019607844 -349
13 469.56522 615.6793 0.019607844 -349
14 465.5689 616.6788 0.019607844 -448
15 463.41745 619.984 0.019607844 -448
16 460.57355 675.34814 0.019607844 -488
17 461.05426 780.9529 0.019607844 -521
18 462.5717 896.1958 0.019607844 -554
19 462.5717 1048.9681 0.019607844 -587
20 464.12546 1209.5781 0.019607844 -620
21 464.56985 1322.3344 0.019607844 -653
22 464.56985 1437.5442 0.019607844 -686
23 464.56985 1437.5442 0.019607844 -719
0 958.11285 616.6788 0.01764706 -8
1 958.11285 616.6788 0.01764706 -8
2 958.11285 616.6788 0.01764706 -33
3 955.2925 616.6788 0.019607844 -83
4 937.4424 616.6788 0.019607844 -117
5 898.6397 616.6788 0.019607844 -150
6 872.0679 616.6788 0.019607844 -183
7 842.70416 616.6788 0.019607844 -199
8 814.18756 616.6788 0.019607844 -216
9 751.0427 615.6793 0.019607844 -232
10 662.735 615.6793 0.019607844 -265
11 654.3941 615.6793 0.019607844 -298
12 654.3941 615.6793 0.019607844 -303
13 545.49493 615.6793 0.019607844 -328
14 545.49493 615.6793 0.019607844 -328
15 482.5532 614.6798 0.019607844 -383
16 482.5532 614.6798 0.019607844 -383
17 474.5606 616.6788 0.019607844 -484
18 474.5606 616.6788 0.019607844 -484
19 472.49646 631.4635 0.019607844 -497
20 468.56613 716.7972 0.019607844 -530
21 470.82333 831.6045 0.019607844 -563
22 475.59506 983.7991 0.019607844 -596
23 480.55505 1177.4132 0.019607844 -629
24 481.5541 1295.8062 0.019607844 -662
25 481.5541 1379.0433 0.019607844 -695
26 479.55597 1434.1152 0.019607844 -728
27 479.55597 1451.5486 0.019607844 -761
28 479.55597 1457.6361 0.019607844 -794
29 479.55597 1461.42 0.01764706 -827
30 479.55597 1462.2384 0.01764706 -860
31 479.55597 1480.229 0.033333335 -874
0 945.1249 614.6798 0.01764706 0
1 945.1249 614.6798 0.019607844 -9
2 945.1249 614.6798 0.019607844 -92
3 935.99756 614.6798 0.019607844 -125
4 902.9419 614.6798 0.019607844 -158
5 856.7836 614.6798 0.019607844 -191
6 798.46277 614.6798 0.019607844 -224
7 727.32654 614.6798 0.019607844 -257
8 727.32654 614.6798 0.019607844 -284
9 627.41907 617.6783 0.019607844 -311
10 577.3921 617.6783 0.019607844 -311
11 525.4796 616.6788 0.019607844 -357
12 525.4796 616.6788 0.019607844 -389
13 472.56244 616.6788 0.019607844 -412
14 472.56244 616.6788 0.019607844 -412
15 472.56244 616.6788 0.019607844 -440
16 468.56613 616.6788 0.019607844 -468
17 468.56613 616.6788 0.019607844 -468
18 468.56613 616.6788 0.019607844 -496
19 468.56613 616.6788 0.019607844 -496
20 464.56985 617.6783 0.019607844 -514
21 463.57077 618.67773 0.019607844 -514
22 463.57077 618.67773 0.019607844 -533
23 455.5782 680.6455 0.019607844 -560
24 461.57263 1043.6732 0.019607844 -560
25 462.5717 1210.6733 0.019607844 -670
26 461.09448 1307.6769 0.019607844 -703
27 455.25217 1363.879 0.019607844 -736
28 451.58673 1388.2574 0.019607844 -770
29 449.57147 1394.3105 0.019607844 -803
30 448.58466 1398.1746 0.019607844 -819
31 448.58466 1400.1926 0.019607844 -836
32 448.58466 1402.1338 0.019607844 -852
33 448.58466 1404.0634 0.019607844 -869
34 448.58466 1404.2686 0.01764706 -885
35 446.5865 1382.28 0.023529414 -903
0 955.11566 617.6783 0.01764706 -10
1 955.11566 617.6783 0.01764706 -10
2 955.11566 617.6783 0.01764706 -34
3 950.6016 617.1725 0.019607844 -68
4 931.9724 616.6788 0.019607844 -101
5 891.15295 615.6793 0.019607844 -134
6 817.361 615.6793 0.019607844 -167
7 748.7699 615.6793 0.019607844 -200
8 674.7075 615.6793 0.019607844 -233
9 560.54987 615.6793 0.019607844 -267
10 515.7132 615.6793 0.019607844 -316
11 493.62762 615.6793 0.019607844 -349
12 491.54486 615.6793 0.019607844 -382
13 491.54486 615.6793 0.019607844 -388
14 465.5689 616.6788 0.019607844 -415
15 465.5689 616.6788 0.019607844 -415
16 464.56985 616.6788 0.019607844 -450
17 463.57077 617.6783 0.019607844 -450
18 463.57077 617.6783 0.019607844 -497
19 461.57263 679.646 0.019607844 -524
20 467.6606 862.7335 0.019607844 -524
21 468.56613 1063.9993 0.019607844 -597
22 468.56613 1073.4409 0.019607844 -630
23 468.56613 1107.4232 0.019607844 -633
24 468.56613 1159.3961 0.019607844 -650
25 464.3889 1383.6342 0.019607844 -650
26 460.57355 1404.2686 0.019607844 -730
27 460.57355 1404.2686 0.019607844 -745
28 453.58002 1481.2285 0.019607844 -787
29 453.58002 1481.2285 0.019607844 -787
30 455.5782 1480.229 0.019607844 -837
31 455.54285 1480.0876 0.019607844 -837
32 454.5791 1473.5665 0.01764706 -845
33 454.5791 1473.2327 0.01764706 -878
34 454.5791 1473.2327 0.027450982 -879
0 993.0805 803.5814 0.01764706 -27
1 995.0786 824.5705 0.021568628 -27
2 999.07495 826.56946 0.01764706 -60
3 1001.07306 819.5935 0.01764706 -60
4 1001.07306 816.5747 0.01764706 -86
5 1001.07306 815.5752 0.01764706 -112
6 1000.07404 813.57623 0.01764706 -139
7 999.07495 812.5768 0.01764706 -139
8 990.08325 808.57886 0.01764706 -183
9 986.087 807.57935 0.019607844 -183
10 974.0981 805.5804 0.019607844 -210
11 959.11194 804.58093 0.019607844 -210
12 914.15356 803.5814 0.019607844 -245
13 897.1693 803.5814 0.019607844 -245
14 863.20074 803.5814 0.019607844 -272
15 843.21924 803.5814 0.019607844 -272
16 805.2544 803.5814 0.019607844 -300
17 784.2738 803.5814 0.019607844 -300
18 730.3238 803.5814 0.019607844 -326
19 708.3441 803.5814 0.019607844 -326
20 686.3645 803.5814 0.019607844 -345
21 665.3839 803.5814 0.019607844 -345
22 632.4144 803.5814 0.019607844 -372
23 614.4311 803.5814 0.019607844 -372
24 586.457 803.5814 0.019607844 -399
25 575.46716 803.5814 0.019607844 -399
26 562.4792 803.5814 0.019607844 -409
27 544.49585 803.5814 0.019607844 -437
28 537.5023 803.5814 0.019607844 -437
29 514.5236 803.5814 0.019607844 -509
30 472.1722 1493.9559 0.019607844 -509
31 464.72787 1543.4052 0.019607844 -752
32 462.5717 1554.2715 0.019607844 -797
33 462.5717 1559.5775 0.019607844 -830
34 462.5717 1562.2534 0.019607844 -863
35 462.5717 1562.1863 0.019607844 -896
36 458.5754 1582.1759 0.021568628 -919
0 952.1184 616.6788 0.019607844 -77
1 952.1184 616.6788 0.019607844 -77
2 952.1184 616.6788 0.019607844 -94
3 952.1184 616.6788 0.019607844 -138
4 945.7423 616.6788 0.019607844 -138
5 918.15106 616.6788 0.019607844 -159
6 865.7546 616.6788 0.019607844 -192
7 804.95123 616.6788 0.019607844 -225
8 722.7606 616.6788 0.019607844 -258
9 669.3802 616.6788 0.019607844 -291
10 669.3802 616.6788 0.019607844 -310
11 582.4607 617.6783 0.019607844 -337
12 574.4551 616.6788 0.019607844 -337
13 548.2344 616.6788 0.019607844 -357
14 527.4237 616.6788 0.019607844 -390
15 515.32495 616.6788 0.019607844 -423
16 508.09964 616.6788 0.019607844 -456
17 500.88318 616.6788 0.019607844 -489
18 490.6144 634.4635 0.019607844 -522
19 481.1755 679.1832 0.019607844 -555
20 476.55875 783.00665 0.019607844 -588
21 478.69125 919.6494 0.019607844 -621
22 481.49454 1061.9877 0.019607844 -655
23 483.55228 1191.3087 0.019607844 -688
24 483.0395 1261.0154 0.019607844 -721
25 481.13382 1281.5392 0.019607844 -754
26 479.1976 1307.417 0.019607844 -770
27 479.55597 1319.6387 0.019607844 -787
28 479.55597 1330.9983 0.019607844 -803
29 479.55597 1335.7423 0.019607844 -836
30 479.55597 1339.5686 0.01764706 -869
31 479.55597 1339.3024 0.01764706 -903
32 479.55597 1339.3024 0.029411767 -926
0 981.0916 813.57623 0.01764706 -9
1 981.0916 809.7685 0.01764706 -9
2 981.0916 806.0292 0.01764706 -42
3 981.0916 804.42896 0.01764706 -75
4 980.0925 804.58093 0.01764706 -108
5 979.09344 804.58093 0.01764706 -115
6 976.0962 804.58093 0.019607844 -140
7 973.099 804.58093 0.019607844 -140
8 964.1073 804.58093 0.019607844 -157
9 953.1175 804.58093 0.019607844 -157
10 941.1286 804.58093 0.019607844 -166
11 913.1545 804.58093 0.01764706 -193
12 896.1702 804.58093 0.019607844 -193
13 861.2026 804.58093 0.01764706 -219
14 841.22107 803.5814 0.019607844 -219
15 801.2581 803.5814 0.019607844 -246
16 780.2775 803.5814 0.019607844 -246
17 742.3127 803.5814 0.019607844 -274
18 713.3395 803.5814 0.019607844 -274
19 689.3617 803.5814 0.01764706 -291
20 667.3821 803.5814 0.019607844 -291
21 649.3987 803.5814 0.019607844 -310
22 633.4135 803.5814 0.019607844 -310
23 616.42926 803.5814 0.019607844 -319
24 601.4431 803.5814 0.019607844 -337
25 588.45514 803.5814 0.019607844 -337
26 577.46533 803.5814 0.019607844 -355
27 568.47363 803.5814 0.019607844 -355
28 558.4829 803.5814 0.019607844 -365
29 539.5005 803.5814 0.019607844 -402
30 535.50415 803.5814 0.019607844 -402
31 528.5106 803.5814 0.019607844 -438
32 526.5125 803.5814 0.019607844 -438
33 522.5162 803.5814 0.019607844 -474
34 521.5171 803.5814 0.019607844 -474
35 514.5236 818.57367 0.019607844 -511
36 512.52545 825.57 0.019607844 -511
37 510.52728 831.5669 0.019607844 -520
38 508.52914 845.5596 0.019607844 -538
39 482.5532 1529.7502 0.01764706 -538
40 482.5532 1532.2019 0.01764706 -819
41 482.5532 1532.2019 0.01764706 -852
42 482.5532 1532.2019 0.01764706 -874
0 1011.06384 806.5799 0.01764706 -6
1 1011.06384 806.5799 0.01764706 -6
2 1011.06384 806.5799 0.01764706 -31
3 1001.0263 805.5804 0.01764706 -71
4 977.0617 804.4518 0.01764706 -106
5 968.10364 804.58093 0.01764706 -139
6 951.1193 804.58093 0.019607844 -147
7 918.14984 804.58093 0.019607844 -174
8 900.1665 804.58093 0.019607844 -174
9 867.197 803.5814 0.01764706 -201
10 847.2156 803.5814 0.019607844 -201
11 809.2507 803.5814 0.019607844 -229
12 787.27106 803.5814 0.019607844 -229
13 733.321 803.5814 0.019607844 -256
14 711.3414 803.5814 0.019607844 -256
15 692.35895 803.5814 0.019607844 -274
16 673.3765 803.5814 0.019607844 -274
17 627.41907 802.582 0.019607844 -310
18 614.4311 802.582 0.019607844 -310
19 545.49493 801.5825 0.019607844 -465
20 540.7033 801.5825 0.019607844 -465
21 538.5014 805.5804 0.019607844 -486
22 535.50415 816.5747 0.019607844 -492
23 528.5106 841.56165 0.019607844 -519
24 525.5134 867.54816 0.019607844 -519
25 522.5162 915.52313 0.019607844 -529
26 520.51807 980.4893 0.019607844 -556
27 511.6617 1354.0953 0.019607844 -556
28 507.13828 1411.7548 0.019607844 -635
29 503.05405 1449.06 0.01764706 -652
30 495.39923 1506.7834 0.019607844 -668
31 491.7087 1521.7155 0.01764706 -701
32 489.54672 1527.6276 0.01764706 -735
33 489.54672 1531.479 0.01764706 -768
34 489.54672 1534.2009 0.01764706 -801
35 489.54672 1534.2009 0.015686275 -824
0 954.1166 619.67725 0.01764706 -10
1 954.1166 619.67725 0.019607844 -10
2 954.1166 619.67725 0.019607844 -38
3 952.5738 618.9055 0.019607844 -71
4 943.7683 617.6783 0.019607844 -104
5 933.136 617.6783 0.019607844 -137
6 933.136 617.6783 0.019607844 -158
7 867.197 617.6783 0.019607844 -184
8 833.2285 617.6783 0.019607844 -184
9 833.2285 617.6783 0.019607844 -239
10 757.2988 617.6783 0.019607844 -266
11 755.30066 617.6783 0.019607844 -266
12 755.30066 617.6783 0.019607844 -275
13 678.3719 616.6788 0.019607844 -293
14 649.3987 615.6793 0.019607844 -293
15 649.3987 615.6793 0.019607844 -330
16 548.4921 615.6793 0.019607844 -357
17 548.4921 615.6793 0.019607844 -357
18 484.55133 614.6798 0.019607844 -403
19 484.55133 614.6798 0.019607844 -403
20 484.55133 614.6798 0.019607844 -412
21 480.55505 615.6793 0.019607844 -449
22 480.55505 615.6793 0.019607844 -449
23 476.55875 616.6788 0.019607844 -504
24 472.56244 793.5867 0.019607844 -504
25 472.56244 793.5867 0.019607844 -604
26 479.55597 988.48517 0.019607844 -631
27 481.5541 1133.604 0.019607844 -631
28 477.13 1263.3394 0.019607844 -670
29 470.1024 1318.0874 0.019607844 -718
30 465.26617 1333.9113 0.019607844 -752
31 465.5689 1338.3916 0.019607844 -795
32 465.5689 1340.3019 0.01764706 -829
33 465.5689 1340.3019 0.01764706 -852
0 918.14984 614.6798 0.01764706 -9
1 918.14984 614.6798 0.01764706 -9
2 918.14984 614.6798 0.01764706 -28
3 917.4441 614.6798 0.019607844 -61
4 915.15265 614.6798 0.019607844 -95
5 915.15265 614.6798 0.019607844 -105
6 626.42 574.7007 0.019607844 -283
7 626.42 574.7007 0.019607844 -283
8 577.46533 556.71 0.019607844 -300
9 575.46716 556.71 0.019607844 -300
10 575.46716 556.71 0.019607844 -310
11 508.52914 556.71 0.019607844 -346
12 505.53192 556.71 0.019607844 -346
13 505.53192 556.71 0.019607844 -383
14 480.55505 615.6793 0.019607844 -447
15 480.55505 615.6793 0.019607844 -447
16 472.56244 598.6882 0.027450982 -465
17 476.55875 680.6455 0.019607844 -493
18 473.56152 694.6382 0.027450982 -493
19 461.57263 668.65173 0.021568628 -521
20 459.57446 668.65173 0.019607844 -539
21 450.59113 896.76624 0.021568628 -539
22 454.8891 1012.37146 0.019607844 -611
23 452.58093 1074.8529 0.019607844 -644
24 452.58093 1074.8529 0.027450982 -677
25 456.57724 1185.3826 0.021568628 -770
26 453.58414 1171.4147 0.021568628 -770
27 450.5828 1159.8801 0.021568628 -786
28 450.5828 1156.3977 0.019607844 -819
29 450.5828 1156.3977 0.019607844 -837
0 933.136 990.4841 0.019607844 0
1 933.136 990.4841 0.01764706 0
2 933.136 990.4841 0.01764706 -24
3 932.0852 989.43286 0.019607844 -58
4 927.14154 987.48566 0.019607844 -107
5 923.14526 987.48566 0.019607844 -123
6 885.1804 986.4862 0.01764706 -167
7 874.19055 986.4862 0.019607844 -167
8 830.23126 986.4862 0.01764706 -202
9 814.2461 986.4862 0.019607844 -202
10 593.4505 985.4867 0.019607844 -329
11 584.45886 985.4867 0.019607844 -329
12 529.5097 984.48724 0.019607844 -483
13 521.90454 1003.31396 0.019607844 -483
14 512.17267 1088.1853 0.019607844 -505
15 511.52637 1096.429 0.01764706 -538
16 509.52823 1117.418 0.019607844 -540
17 506.531 1171.3899 0.019607844 -566
18 505.53192 1199.3752 0.019607844 -566
19 497.5393 1305.3201 0.019607844 -602
20 483.55228 1470.2343 0.01764706 -602
21 481.5541 1489.2244 0.019607844 -638
22 476.55875 1548.1936 0.01764706 -665
23 459.57446 1647.7853 0.019607844 -665
24 459.57446 1651.7432 0.019607844 -770
25 459.57446 1653.1389 0.019607844 -803
26 459.57446 1653.1389 0.019607844 -836
27 459.57446 1653.1389 0.01764706 -850
0 907.16003 613.68036 0.01764706 0
1 907.16003 606.17755 0.019607844 0
2 905.6177 600.68713 0.01764706 -24
3 904.16284 600.68713 0.01764706 -57
4 904.16284 600.68713 0.01764706 -70
5 893.173 614.6798 0.01764706 -96
6 893.173 614.6798 0.01764706 -96
7 779.27844 614.6798 0.019607844 -177
8 779.27844 614.6798 0.019607844 -177
9 725.3284 614.6798 0.019607844 -202
10 725.3284 614.6798 0.019607844 -202
11 666.383 614.6798 0.019607844 -229
12 666.383 614.6798 0.019607844 -229
13 544.49585 614.6798 0.019607844 -283
14 544.49585 614.6798 0.019607844 -283
15 487.54858 615.6793 0.019607844 -338
16 487.54858 615.6793 0.019607844 -338
17 487.54858 615.6793 0.019607844 -347
18 480.55505 614.6798 0.019607844 -393
19 480.55505 614.6798 0.019607844 -393
20 476.55875 616.6788 0.019607844 -447
21 476.55875 616.6788 0.019607844 -447
22 476.55875 616.6788 0.019607844 -457
23 477.55783 679.646 0.019607844 -493
24 477.55783 698.6361 0.019607844 -493
25 477.55783 698.6361 0.019607844 -520
26 485.5504 826.56946 0.019607844 -547
27 485.5504 841.56165 0.019607844 -547
28 485.5504 865.5492 0.019607844 -566
29 525.5134 1170.3904 0.019607844 -593
30 513.37744 1426.8763 0.019607844 -593
31 508.34912 1456.7817 0.019607844 -673
32 508.52914 1464.0612 0.01764706 -718
33 508.52914 1467.7756 0.01764706 -752
34 508.52914 1468.2352 0.01764706 -785
35 508.52914 1468.2352 0.01764706 -818
36 508.52914 1468.2352 0.01764706 -823
0 898.1684 427.7772 0.019607844 0
1 898.1684 427.7772 0.019607844 0
2 895.8265 426.60577 0.021568628 -42
3 874.1448 420.99783 0.021568628 -116
4 839.2387 420.78082 0.021568628 -165
5 793.161 419.77332 0.021568628 -198
6 793.161 419.77332 0.027450982 -232
7 738.3164 431.77512 0.021568628 -256
8 660.38855 441.7699 0.027450982 -256
9 636.4107 433.77408 0.021568628 -293
10 615.4302 428.77667 0.021568628 -312
11 538.5014 437.77197 0.027450982 -312
12 516.5217 429.77615 0.023529414 -349
13 501.5356 425.77823 0.023529414 -367
14 471.56335 419.78134 0.021568628 -367
15 465.5689 437.77197 0.027450982 -395
16 454.5791 430.77563 0.023529414 -422
17 451.58188 444.76834 0.027450982 -422
18 440.59204 446.7673 0.023529414 -468
19 438.5939 442.76938 0.023529414 -468
20 439.59296 451.7647 0.027450982 -478
21 435.59668 443.76886 0.021568628 -505
22 436.56354 692.15564 0.019607844 -505
23 445.51242 825.8223 0.023529414 -629
24 448.58466 947.7242 0.019607844 -662
25 442.18063 1009.57385 0.019607844 -695
26 442.18063 1009.57385 0.027450982 -728
27 443.58926 1084.4352 0.021568628 -750
28 436.7463 1082.5868 0.023529414 -750
29 435.59668 1082.4362 0.021568628 -811
30 435.59668 1082.4362 0.021568628 -844
31 435.59668 1082.4362 0.019607844 -877
32 442.5902 1113.42 0.023529414 -889
0 951.1193 799.58356 0.01764706 0
1 951.1193 799.58356 0.01764706 -7
2 951.1193 799.58356 0.01764706 -50
3 950.2508 799.1491 0.01764706 -59
4 939.70135 798.58405 0.01764706 -116
5 930.1388 798.58405 0.01764706 -149
6 920.148 798.58405 0.01764706 -164
7 886.17944 798.58405 0.019607844 -200
8 875.18964 798.58405 0.019607844 -200
9 801.2581 799.58356 0.019607844 -254
10 783.2748 799.58356 0.01764706 -254
11 526.5125 796.5851 0.019607844 -526
12 520.20776 805.51215 0.019607844 -526
13 506.06027 943.98987 0.01764706 -546
14 505.53192 1049.5144 0.01764706 -612
15 504.78537 1195.7617 0.01764706 -645
16 503.53375 1272.6049 0.01764706 -678
17 502.93298 1325.5522 0.01764706 -695
18 499.2046 1430.2518 0.01764706 -712
19 495.43442 1497.609 0.01764706 -745
20 490.75232 1519.5883 0.01764706 -778
21 488.80692 1524.6868 0.01764706 -811
22 485.30197 1529.452 0.01764706 -827
23 485.5504 1533.2991 0.01764706 -860
24 485.5504 1534.2009 0.01764706 -894
25 485.5504 1534.2009 0.01764706 -943
26 485.5504 1534.2009 0.01764706 -961
0 951.1193 617.6783 0.01764706 0
1 951.1193 617.6783 0.019607844 0
2 945.7198 616.6788 0.019607844 -26
3 931.62177 616.6788 0.019607844 -92
4 897.886 616.6788 0.019607844 -125
5 852.8875 616.6788 0.019607844 -158
6 797.6302 616.6788 0.019607844 -192
7 784.2738 616.6788 0.019607844 -225
8 784.2738 616.6788 0.019607844 -231
9 699.3525 617.6783 0.019607844 -257
10 699.3525 617.6783 0.019607844 -257
11 640.40704 617.6783 0.019607844 -275
12 558.9779 616.6788 0.019607844 -275
13 543.49677 616.6788 0.019607844 -341
14 543.49677 616.6788 0.019607844 -349
15 471.56335 617.6783 0.019607844 -376
16 471.56335 617.6783 0.019607844 -376
17 471.56335 617.6783 0.019607844 -385
18 463.57077 617.6783 0.019607844 -431
19 463.57077 617.6783 0.019607844 -431
20 459.57446 617.6783 0.019607844 -485
21 455.8443 636.5375 0.019607844 -485
22 454.5791 698.86694 0.019607844 -539
23 458.7085 799.84784 0.019607844 -572
24 466.74045 952.578 0.019607844 -605
25 471.92828 1079.9519 0.019607844 -638
26 472.56244 1182.6842 0.019607844 -671
27 469.84406 1278.3805 0.019607844 -705
28 467.56708 1292.3613 0.019607844 -754
29 467.56708 1295.3253 0.019607844 -787
30 467.56708 1295.3253 0.019607844 -800
31 468.56613 1319.3129 0.019607844 -826
32 468.56613 1316.2252 0.01764706 -826
33 468.56613 1316.2252 0.01764706 -887
0 987.08606 803.5814 0.01764706 0
1 987.08606 803.5814 0.01764706 -9
2 987.08606 803.5814 0.01764706 -24
3 987.08606 803.5814 0.01764706 -92
4 972.0999 803.5814 0.019607844 -150
5 965.1064 803.5814 0.01764706 -150
6 924.1443 803.5814 0.01764706 -193
7 909.1582 803.5814 0.01764706 -193
8 863.20074 803.5814 0.01764706 -230
9 844.2183 803.5814 0.019607844 -230
10 807.25256 803.5814 0.01764706 -257
11 751.3043 803.5814 0.01764706 -257
12 728.3256 803.5814 0.019607844 -275
13 688.3626 803.5814 0.019607844 -302
14 668.3811 803.5814 0.019607844 -302
15 636.4107 803.5814 0.019607844 -330
16 621.4246 803.5814 0.01764706 -330
17 606.4385 803.5814 0.019607844 -338
18 580.4625 803.5814 0.019607844 -366
19 556.48474 803.5814 0.019607844 -366
20 552.48846 803.5814 0.019607844 -403
21 538.5014 803.5814 0.019607844 -476
22 537.5023 803.5814 0.019607844 -476
23 536.50323 803.5814 0.019607844 -485
24 533.50604 803.5814 0.01764706 -513
25 522.6663 863.0938 0.019607844 -513
26 528.6378 999.53516 0.01764706 -558
27 533.1835 1150.1935 0.01764706 -605
28 531.29443 1249.4088 0.01764706 -638
29 526.50165 1359.4384 0.01764706 -670
30 516.85297 1432.099 0.01764706 -703
31 512.94745 1452.9761 0.01764706 -736
32 508.9919 1461.7754 0.01764706 -769
33 508.52914 1465.6809 0.01764706 -802
34 508.52914 1468.2352 0.01764706 -835
35 508.52914 1468.2352 0.01764706 -868
36 505.53192 1447.2462 0.033333335 -884
0 992.0814 801.5825 0.01764706 -7
1 992.0814 801.5825 0.01764706 -7
2 992.0814 801.5825 0.01764706 -32
3 987.096 801.5825 0.01764706 -66
4 978.09436 801.5825 0.01764706 -99
5 972.0999 798.58405 0.019607844 -121
6 944.1258 796.5851 0.01764706 -156
7 925.1434 797.5846 0.01764706 -156
8 857.2063 798.58405 0.01764706 -200
9 839.22296 799.58356 0.019607844 -200
10 803.2562 800.583 0.01764706 -227
11 782.2757 800.583 0.019607844 -227
12 742.3127 800.583 0.01764706 -253
13 721.3321 800.583 0.019607844 -253
14 682.36816 800.583 0.01764706 -280
15 656.3922 800.583 0.01764706 -280
16 535.50415 800.583 0.019607844 -471
17 527.29785 820.2145 0.01764706 -471
18 521.27185 874.6987 0.01764706 -496
19 526.4708 994.64734 0.01764706 -529
20 538.0767 1184.655 0.01764706 -562
21 541.4986 1313.327 0.01764706 -595
22 538.32587 1432.4169 0.01764706 -628
23 529.7836 1501.8469 0.01764706 -661
24 524.9515 1520.8951 0.01764706 -694
25 521.5171 1529.1877 0.01764706 -727
26 521.5171 1532.2019 0.01764706 -777
27 521.5171 1532.2019 0.01764706 -810
28 521.5171 1532.2019 0.01764706 -843
29 521.5171 1532.2019 0.01764706 -852
0 963.1082 613.68036 0.01764706 -7
1 963.1082 613.68036 0.01764706 -7
2 963.1082 613.68036 0.01764706 -49
3 958.11285 609.68243 0.019607844 -82
4 958.11285 609.68243 0.019607844 -104
5 903.16376 614.6798 0.01764706 -139
6 903.16376 614.6798 0.01764706 -139
7 903.16376 614.6798 0.01764706 -147
8 847.2156 614.6798 0.019607844 -174
9 847.2156 614.6798 0.019607844 -174
10 730.3238 614.6798 0.019607844 -227
11 730.3238 614.6798 0.019607844 -227
12 665.3839 614.6798 0.019607844 -255
13 665.3839 614.6798 0.019607844 -255
14 607.43756 614.6798 0.019607844 -282
15 607.43756 614.6798 0.019607844 -282
16 542.4977 614.6798 0.019607844 -310
17 542.4977 614.6798 0.019607844 -310
18 507.53006 616.6788 0.019607844 -428
19 507.53006 616.6788 0.019607844 -428
20 506.531 647.50793 0.019607844 -446
21 514.0432 742.3237 0.019607844 -479
22 518.8594 802.31946 0.019607844 -512
23 528.5106 984.4064 0.019607844 -529
24 529.5097 1117.0472 0.019607844 -562
25 523.3724 1231.9321 0.019607844 -595
26 514.88855 1305.6154 0.019607844 -628
27 508.90665 1331.6615 0.019607844 -661
28 506.89966 1338.8265 0.019607844 -694
29 504.53284 1347.2982 0.019607844 -711
30 504.53284 1347.2982 0.01764706 -744
31 504.53284 1347.2982 0.01764706 -777
32 504.53284 1347.2982 0.01764706 -790
0 916.15173 981.4888 0.015686275 0
1 916.15173 972.886 0.019607844 0
2 912.5969 972.49347 0.01764706 -34
3 908.91815 972.49347 0.01764706 -67
4 897.66675 975.39233 0.01764706 -100
5 897.1693 975.4919 0.019607844 -133
6 891.17487 976.4914 0.019607844 -134
7 855.2081 979.4898 0.019607844 -167
8 840.22205 980.4893 0.019607844 -167
9 824.2368 981.4888 0.019607844 -185
10 809.2507 982.4883 0.019607844 -185
11 775.28217 984.48724 0.019607844 -212
12 758.29785 984.48724 0.019607844 -212
13 720.333 986.4862 0.019607844 -239
14 703.34875 986.4862 0.019607844 -239
15 657.3913 987.48566 0.019607844 -266
16 636.4107 988.48517 0.019607844 -266
17 618.42737 988.48517 0.019607844 -285
18 538.5014 989.4846 0.019607844 -285
19 531.5079 989.4846 0.019607844 -350
20 512.52545 989.4846 0.019607844 -405
21 509.52823 989.4846 0.019607844 -405
22 507.53006 989.4846 0.019607844 -423
23 492.54395 1007.4752 0.019607844 -423
24 490.5458 1012.47266 0.019607844 -478
25 484.55133 1044.4559 0.01764706 -505
26 490.0594 1238.1046 0.019607844 -505
27 491.76468 1466.995 0.019607844 -563
28 484.89398 1584.4023 0.019607844 -613
29 478.11984 1640.52 0.019607844 -646
30 470.38913 1689.1721 0.01764706 -679
31 467.56708 1699.6704 0.01764706 -712
32 467.56708 1704.5269 0.01764706 -745
33 467.56708 1707.1108 0.01764706 -778
34 468.56613 1703.1129 0.019607844 -811
35 469.56522 1701.114 0.01764706 -834
0 958.11285 801.5825 0.01764706 0
1 958.11285 801.5825 0.01764706 0
2 956.1147 801.5825 0.01764706 -51
3 950.12024 801.5825 0.01764706 -77
4 945.1249 801.5825 0.01764706 -77
5 940.1295 801.5825 0.01764706 -85
6 919.1489 801.5825 0.01764706 -121
7 909.1582 801.5825 0.01764706 -121
8 850.21277 801.5825 0.019607844 -166
9 831.23035 801.5825 0.019607844 -166
10 813.247 801.5825 0.01764706 -183
11 793.2655 801.5825 0.019607844 -183
12 738.3164 801.5825 0.019607844 -219
13 718.3349 801.5825 0.019607844 -219
14 682.36816 801.5825 0.019607844 -247
15 663.38574 801.5825 0.019607844 -247
16 621.4246 801.5825 0.019607844 -273
17 603.4413 801.5825 0.019607844 -273
18 567.47455 801.5825 0.019607844 -310
19 558.4829 801.5825 0.019607844 -310
20 516.5217 801.5825 0.019607844 -446
21 506.69305 862.8197 0.019607844 -446
22 505.53192 958.3378 0.019607844 -491
23 504.53284 1105.1952 0.019607844 -521
24 503.53375 1244.4698 0.01764706 -554
25 499.54044 1358.2064 0.019607844 -587
26 497.5393 1395.2733 0.019607844 -620
27 495.54117 1422.2592 0.01764706 -628
28 492.54395 1444.2478 0.01764706 -655
29 487.14304 1486.2556 0.019607844 -655
30 486.5495 1495.3433 0.019607844 -703
31 486.5495 1499.0967 0.019607844 -736
32 486.5495 1502.2175 0.019607844 -769
33 486.5495 1501.218 0.01764706 -795
0 941.1286 795.58563 0.019607844 -4
1 941.1286 788.79456 0.019607844 -4
2 941.1286 784.99866 0.019607844 -39
3 941.1286 782.5924 0.019607844 -72
4 940.1295 781.5929 0.019607844 -92
5 938.13135 779.59393 0.019607844 -120
6 926.14246 783.59186 0.019607844 -120
7 920.148 785.5908 0.019607844 -155
8 747.30804 799.58356 0.019607844 -290
9 729.3247 799.58356 0.019607844 -290
10 684.36633 800.583 0.019607844 -325
11 668.3811 800.583 0.019607844 -325
12 627.41907 800.583 0.019607844 -361
13 613.432 800.583 0.019607844 -361
14 567.47455 800.583 0.019607844 -408
15 561.4801 800.583 0.019607844 -408
16 530.5088 800.583 0.019607844 -564
17 524.1805 806.35895 0.019607844 -564
18 524.1805 806.35895 0.019607844 -585
19 515.52264 830.5674 0.019607844 -610
20 505.24277 1002.6872 0.019607844 -610
21 503.56302 1120.8596 0.019607844 -668
22 502.87076 1260.9243 0.019607844 -701
23 499.23087 1343.6653 0.019607844 -734
24 495.52798 1399.4954 0.019607844 -767
25 491.7153 1438.8859 0.019607844 -800
26 489.93402 1450.2446 0.019607844 -833
27 489.54672 1450.2446 0.019607844 -866
28 489.54672 1450.2446 0.019607844 -899
29 489.54672 1450.2446 0.033333335 -933
0 935.13416 804.58093 0.01764706 0
1 935.13416 804.58093 0.01764706 -5
2 935.13416 804.58093 0.01764706 -64
3 935.13416 804.58093 0.019607844 -97
4 929.1397 804.58093 0.019607844 -128
5 926.14246 804.58093 0.019607844 -173
6 919.1489 804.58093 0.019607844 -200
7 902.1647 804.58093 0.019607844 -200
8 893.173 804.58093 0.019607844 -228
9 863.20074 804.58093 0.019607844 -264
10 850.21277 804.58093 0.019607844 -264
11 826.235 804.58093 0.019607844 -291
12 805.2544 804.58093 0.019607844 -291
13 793.2655 804.58093 0.019607844 -309
14 757.2988 804.58093 0.019607844 -345
15 746.30896 804.58093 0.019607844 -345
16 701.3506 804.58093 0.019607844 -382
17 690.3608 804.58093 0.019607844 -382
18 679.371 804.58093 0.019607844 -391
19 635.4117 804.58093 0.019607844 -437
20 622.4237 804.58093 0.019607844 -437
21 574.4681 804.58093 0.019607844 -493
22 543.56714 803.5814 0.019607844 -493
23 542.4977 803.5814 0.019607844 -577
24 541.4986 803.5814 0.019607844 -585
25 537.5023 803.5814 0.019607844 -631
26 536.50323 803.5814 0.019607844 -631
27 520.51807 831.5669 0.019607844 -715
28 516.3308 852.8938 0.019607844 -715
29 508.83466 902.77747 0.019607844 -726
30 508.52914 905.5283 0.019607844 -759
31 506.531 928.51636 0.019607844 -761
32 503.53375 987.48566 0.019607844 -787
33 504.39932 1139.3976 0.019607844 -787
34 508.52914 1259.3048 0.019607844 -842
35 508.19522 1344.3213 0.019607844 -875
36 507.22897 1377.2004 0.01764706 -908
37 506.531 1422.6403 0.01764706 -925
38 504.6257 1454.1978 0.01764706 -941
39 504.53284 1490.4712 0.01764706 -958
40 503.94885 1506.7222 0.01764706 -974
41 502.0442 1516.6649 0.01764706 -991
42 501.1962 1521.2268 0.01764706 -1008
43 500.53653 1527.1377 0.01764706 -1024
44 500.53653 1529.1718 0.01764706 -1057
45 500.53653 1531.0305 0.01764706 -1074
46 500.53653 1532.2019 0.01764706 -1090
47 500.53653 1532.2019 0.01764706 -1139
48 500.53653 1532.2019 0.01764706 -1173
0 893.173 431.77512 0.019607844 -9
1 893.173 431.77512 0.019607844 -9
2 893.173 431.77512 0.019607844 -42
3 887.61584 430.49463 0.019607844 -73
4 885.1804 430.77563 0.019607844 -108
5 881.1841 451.7647 0.027450982 -115
6 853.21 456.7621 0.019607844 -158
7 846.2165 465.75742 0.027450982 -158
8 822.23865 452.76416 0.019607844 -185
9 796.2627 443.76886 0.019607844 -185
10 785.2729 457.76157 0.027450982 -203
11 740.3145 449.76575 0.019607844 -239
12 729.3247 461.7595 0.027450982 -239
13 704.34784 452.76416 0.019607844 -248
14 691.35986 464.75793 0.027450982 -267
15 678.3719 474.75272 0.027450982 -267
16 626.42 476.75168 0.027450982 -303
17 612.4329 484.74753 0.027450982 -303
18 570.4718 460.76 0.019607844 -330
19 560.481 469.7553 0.027450982 -330
20 548.4921 477.75116 0.027450982 -339
21 505.53192 455.7626 0.019607844 -367
22 495.54117 465.75742 0.027450982 -367
23 436.59573 509.7345 0.023529414 -605
24 430.6013 517.73035 0.019607844 -605
25 430.6013 517.73035 0.019607844 -631
26 468.56613 803.5814 0.019607844 -658
27 468.56613 816.5747 0.019607844 -658
28 465.5689 813.57623 0.027450982 -677
29 432.59946 729.62 0.023529414 -704
30 435.59668 903.9819 0.021568628 -704
31 434.5976 942.5091 0.019607844 -771
32 434.5976 942.5091 0.019607844 -793
33 468.56613 1234.357 0.019607844 -820
34 468.56613 1234.357 0.019607844 -820
35 468.56613 1234.357 0.019607844 -869
36 468.56613 1234.357 0.019607844 -902
37 468.56613 1234.357 0.019607844 -932
38 468.56613 1234.357 0.01764706 -968
39 468.56613 1234.357 0.01764706 -972
0 930.1388 997.48047 0.01764706 -8
1 930.1388 997.48047 0.01764706 -8
2 930.1388 997.48047 0.019607844 -41
3 930.1388 997.48047 0.019607844 -75
4 921.5671 997.48047 0.019607844 -104
5 896.17456 995.9262 0.019607844 -141
6 860.5005 992.31287 0.019607844 -174
7 836.2257 992.48303 0.019607844 -207
8 824.2368 992.48303 0.019607844 -222
9 770.2868 992.48303 0.019607844 -258
10 753.3025 992.48303 0.019607844 -258
11 720.333 993.48254 0.019607844 -285
12 672.37744 993.48254 0.019607844 -285
13 654.3941 994.482 0.019607844 -312
14 601.4431 995.4815 0.019607844 -349
15 585.4579 996.48096 0.019607844 -349
16 570.4718 996.48096 0.019607844 -368
17 545.49493 996.48096 0.019607844 -368
18 534.50507 996.48096 0.019607844 -386
19 486.5495 996.48096 0.019607844 -549
20 481.5541 1010.4737 0.019607844 -549
21 480.55505 1014.4716 0.019607844 -567
22 478.5569 1030.4633 0.019607844 -604
23 477.55783 1051.4524 0.019607844 -604
24 475.55966 1101.4263 0.01764706 -632
25 461.57263 1425.2577 0.019607844 -632
26 460.57355 1439.2504 0.019607844 -751
27 458.5754 1473.2327 0.01764706 -769
28 454.70975 1530.3721 0.019607844 -769
29 448.57413 1592.2653 0.019607844 -786
30 445.11188 1618.4409 0.01764706 -819
31 443.2775 1631.023 0.019607844 -836
32 443.2775 1631.023 0.019607844 -852
33 440.59204 1651.14 0.019607844 -981
34 440.59204 1651.14 0.01764706 -981
35 440.59204 1651.14 0.01764706 -1001
36 445.58743 1631.1504 0.021568628 -1015
