0 976.0962 832.56635 0.019607844 -18
1 976.0962 832.56635 0.019607844 -43
2 973.3714 832.56635 0.019607844 -108
3 962.7298 832.56635 0.019607844 -167
4 942.43646 831.5669 0.019607844 -200
5 909.6615 827.569 0.019607844 -233
6 862.7474 820.0339 0.019607844 -266
7 814.4685 811.6115 0.019607844 -299
8 746.9774 806.9283 0.019607844 -332
9 685.2943 805.5804 0.019607844 -365
10 674.3756 805.5804 0.019607844 -398
11 659.38947 805.5804 0.019607844 -405
12 634.4126 805.5804 0.019607844 -432
13 604.4403 805.5804 0.019607844 -432
14 596.44775 805.5804 0.019607844 -460
15 583.4598 805.5804 0.019607844 -488
16 578.4644 805.5804 0.019607844 -488
17 571.4709 805.5804 0.019607844 -515
18 537.4406 855.78076 0.019607844 -515
19 526.013 942.0094 0.019607844 -646
20 522.5162 1082.4211 0.019607844 -678
21 527.2738 1278.8604 0.019607844 -712
22 527.5116 1464.4795 0.019607844 -745
23 524.571 1547.0599 0.019607844 -795
24 520.7971 1576.0618 0.019607844 -828
25 517.5208 1586.0712 0.019607844 -861
26 517.5208 1590.4363 0.019607844 -894
27 517.5208 1594.1769 0.01764706 -927
28 517.5208 1594.1769 0.01764706 -960
0 936.13324 616.6788 0.01764706 -17
1 936.13324 616.6788 0.01764706 -17
2 936.13324 616.6788 0.01764706 -34
3 933.1726 616.6788 0.019607844 -67
4 922.2163 616.6788 0.019607844 -100
5 893.66016 616.6788 0.019607844 -133
6 849.04767 616.6788 0.019607844 -166
7 797.3658 616.6788 0.019607844 -199
8 730.8639 616.6788 0.019607844 -232
9 643.4043 615.6793 0.019607844 -265
10 643.4043 615.6793 0.019607844 -298
11 538.5014 615.6793 0.019607844 -320
12 538.5014 615.6793 0.019607844 -320
13 538.5014 615.6793 0.019607844 -330
14 490.5458 616.6788 0.019607844 -357
15 488.54764 615.6793 0.019607844 -357
16 488.54764 615.6793 0.019607844 -366
17 435.59668 615.6793 0.019607844 -413
18 435.59668 615.6793 0.019607844 -413
19 430.88025 631.5542 0.019607844 -514
20 424.57242 678.0603 0.019607844 -547
21 422.6087 782.0616 0.019607844 -580
22 425.5981 912.3216 0.019607844 -613
23 436.13632 1064.3983 0.019607844 -646
24 445.05545 1189.004 0.019607844 -679
25 449.90814 1302.3632 0.019607844 -712
26 448.6312 1341.8818 0.019607844 -745
27 445.58743 1382.937 0.019607844 -778
28 445.58743 1394.3007 0.019607844 -811
29 445.58743 1399.6442 0.019607844 -844
30 445.58743 1402.2697 0.01764706 -877
31 445.58743 1402.2697 0.01764706 -911
0 915.15265 422.7798 0.019607844 0
1 913.73083 422.06857 0.019607844 0
2 900.0726 419.78134 0.019607844 -58
3 874.5629 419.78134 0.021568628 -91
4 824.93005 420.613 0.021568628 -124
5 757.552 421.7803 0.021568628 -157
6 685.23413 419.67484 0.021568628 -190
7 595.77423 416.9224 0.021568628 -223
8 527.289 413.3279 0.021568628 -256
9 483.12 409.84326 0.023529414 -290
10 482.5532 409.78656 0.023529414 -323
11 473.56152 430.77563 0.027450982 -323
12 457.57632 423.77927 0.023529414 -349
13 452.58093 437.77197 0.027450982 -349
14 432.59946 451.7647 0.021568628 -448
15 426.4517 444.61496 0.019607844 -448
16 417.71722 474.8166 0.019607844 -488
17 416.6519 577.9833 0.019607844 -521
18 421.06958 688.9253 0.019607844 -554
19 424.28452 845.2035 0.019607844 -587
20 426.1606 1001.6864 0.019607844 -620
21 430.45773 1117.2974 0.019607844 -653
22 429.76672 1236.8014 0.019607844 -686
23 429.76672 1236.8014 0.021568628 -719
0 997.0768 808.57886 0.01764706 -8
1 997.0768 808.57886 0.01764706 -8
2 997.0768 808.57886 0.01764706 -33
3 994.2564 807.1681 0.01764706 -83
4 979.5184 806.5799 0.01764706 -117
5 942.90436 806.5799 0.01764706 -150
6 916.3037 806.5799 0.01764706 -183
7 887.78186 805.5804 0.019607844 -199
8 858.74243 805.5804 0.01764706 -216
9 796.19403 805.5804 0.01764706 -232
10 711.1296 804.58093 0.01764706 -265
11 702.3497 804.58093 0.01764706 -298
12 683.36725 804.58093 0.019607844 -303
13 648.39966 804.58093 0.019607844 -328
14 633.4135 804.58093 0.019607844 -328
15 572.4699 803.5814 0.019607844 -383
16 565.47644 803.5814 0.019607844 -383
17 537.5023 803.5814 0.019607844 -484
18 534.5047 804.5813 0.019607844 -484
19 526.38055 827.03143 0.019607844 -497
20 515.1815 917.30255 0.019607844 -530
21 513.78357 1052.4158 0.01764706 -563
22 515.52264 1203.7909 0.019607844 -596
23 515.52264 1390.4369 0.01764706 -629
24 512.14453 1504.6534 0.01764706 -662
25 507.27924 1594.6882 0.019607844 -695
26 502.37967 1635.9238 0.01764706 -728
27 500.53653 1645.6793 0.019607844 -761
28 500.53653 1650.5356 0.01764706 -794
29 500.53653 1653.1389 0.01764706 -827
30 500.53653 1653.1389 0.01764706 -860
31 500.53653 1653.1389 0.01764706 -874
0 907.16003 416.78293 0.019607844 0
1 907.16003 416.78293 0.021568628 -9
2 907.16003 416.78293 0.021568628 -92
3 897.0336 412.75107 0.021568628 -125
4 862.66437 412.785 0.021568628 -158
5 813.8234 416.21143 0.021568628 -191
6 756.5015 419.88116 0.021568628 -224
7 688.3626 422.7798 0.021568628 -257
8 669.3802 445.76782 0.027450982 -284
9 624.4218 435.773 0.021568628 -311
10 535.4065 425.77213 0.021568628 -311
11 481.90717 421.39328 0.021568628 -357
12 481.90717 421.39328 0.027450982 -389
13 461.57263 431.77512 0.021568628 -412
14 445.58743 424.77875 0.023529414 -412
15 443.58926 440.77042 0.027450982 -440
16 438.5939 435.773 0.023529414 -468
17 438.5939 447.76678 0.027450982 -468
18 435.59668 453.76364 0.027450982 -496
19 432.59946 449.76575 0.021568628 -496
20 430.6013 447.76678 0.021568628 -514
21 426.605 444.76834 0.019607844 -514
22 427.60406 480.7496 0.027450982 -533
23 424.60684 479.75012 0.019607844 -560
24 426.63617 836.78094 0.021568628 -560
25 429.60223 999.1314 0.019607844 -670
26 428.64594 1098.3501 0.021568628 -703
27 422.28268 1152.3367 0.021568628 -736
28 416.6191 1182.3599 0.021568628 -770
29 414.60385 1189.4172 0.021568628 -803
30 413.61703 1193.2813 0.021568628 -819
31 413.61703 1195.2994 0.021568628 -836
32 413.61703 1198.24 0.021568628 -852
33 413.61703 1200.9639 0.019607844 -869
34 413.61703 1204.3727 0.019607844 -885
35 413.61703 1204.3727 0.019607844 -903
0 915.15265 425.77823 0.019607844 -10
1 915.15265 425.77823 0.019607844 -10
2 915.15265 425.77823 0.019607844 -34
3 910.6386 423.77927 0.019607844 -68
4 894.00757 421.5863 0.021568628 -101
5 851.18994 417.8576 0.021568628 -134
6 774.973 416.78293 0.021568628 -167
7 705.6237 417.7824 0.021568628 -200
8 632.7464 421.6217 0.021568628 -233
9 515.24695 419.78134 0.021568628 -267
10 469.28534 416.91516 0.021568628 -316
11 444.67294 415.78345 0.021568628 -349
12 442.5902 415.78345 0.023529414 -382
13 439.59296 436.7725 0.027450982 -388
14 434.5976 432.7746 0.023529414 -415
15 434.5976 446.7673 0.027450982 -415
16 429.60223 446.7673 0.021568628 -450
17 423.6078 439.77094 0.019607844 -450
18 426.605 478.75064 0.027450982 -497
19 424.60684 478.75064 0.019607844 -524
20 426.79205 703.19104 0.023529414 -524
21 430.7424 858.5376 0.021568628 -597
22 431.60037 866.54865 0.019607844 -630
23 431.60037 866.54865 0.019607844 -633
24 434.5976 980.4893 0.019607844 -650
25 431.4194 1179.4652 0.019607844 -650
26 427.60406 1197.3763 0.019607844 -730
27 431.60037 1272.3373 0.027450982 -745
28 430.6013 1305.3201 0.027450982 -787
29 430.6013 1311.317 0.027450982 -787
30 427.60406 1302.3217 0.021568628 -837
31 426.605 1295.936 0.021568628 -837
32 426.605 1277.0029 0.019607844 -845
33 426.605 1276.3352 0.01764706 -878
34 426.605 1276.3352 0.01764706 -879
0 944.1258 394.79437 0.019607844 -27
1 943.1267 392.7954 0.019607844 -27
2 940.1295 388.7975 0.019607844 -60
3 937.14246 385.80923 0.019607844 -60
4 934.1351 382.80063 0.019607844 -86
5 936.13324 408.78708 0.027450982 -112
6 934.1351 406.78812 0.021568628 -139
7 933.136 420.78082 0.027450982 -139
8 915.15265 413.7845 0.019607844 -183
9 910.1573 427.7772 0.027450982 -183
10 897.1693 432.7746 0.027450982 -210
11 887.1785 440.77042 0.027450982 -210
12 845.2174 443.76886 0.027450982 -245
13 831.23035 451.7647 0.027450982 -245
14 794.2646 447.76678 0.027450982 -272
15 777.2803 456.7621 0.027450982 -272
16 734.32007 450.76523 0.027450982 -300
17 715.33765 459.76053 0.027450982 -300
18 658.3904 457.76157 0.027450982 -326
19 627.41907 442.76938 0.023529414 -326
20 603.4413 432.7746 0.021568628 -345
21 588.45514 445.76782 0.027450982 -345
22 553.4875 446.7673 0.027450982 -372
23 540.4995 456.7621 0.027450982 -372
24 500.53653 436.7725 0.021568628 -399
25 487.54858 431.77512 0.023529414 -399
26 477.55783 444.76834 0.027450982 -409
27 457.57632 448.76627 0.027450982 -437
28 452.58093 455.7626 0.027450982 -437
29 427.60406 452.76416 0.021568628 -509
30 414.92053 1072.8235 0.019607844 -509
31 409.77875 1120.7836 0.021568628 -752
32 407.62256 1130.4922 0.021568628 -797
33 407.62256 1134.7988 0.021568628 -830
34 407.62256 1138.4742 0.019607844 -863
35 407.62256 1141.4055 0.019607844 -896
36 413.61703 1181.3846 0.023529414 -919
0 970.10175 939.5106 0.01764706 -77
1 967.10455 956.5018 0.019607844 -77
2 967.10455 956.5018 0.019607844 -94
3 970.10175 806.5799 0.019607844 -138
4 969.54944 806.5799 0.019607844 -138
5 950.6921 806.5799 0.019607844 -159
6 902.72034 806.5799 0.019607844 -192
7 842.7882 806.5799 0.019607844 -225
8 762.54865 806.5799 0.019607844 -258
9 711.3414 806.5799 0.019607844 -291
10 694.35706 806.5799 0.019607844 -310
11 660.38855 806.5799 0.019607844 -337
12 632.5571 806.5799 0.019607844 -337
13 593.97546 806.5799 0.019607844 -357
14 571.383 806.5799 0.019607844 -390
15 560.28326 805.5804 0.019607844 -423
16 553.058 805.5804 0.019607844 -456
17 547.83966 805.5804 0.019607844 -489
18 535.5728 826.91473 0.019607844 -522
19 523.13666 874.0711 0.019607844 -555
20 516.89874 989.9369 0.019607844 -588
21 515.52264 1113.7238 0.019607844 -621
22 514.5236 1282.6937 0.019607844 -655
23 512.52545 1413.6295 0.019607844 -688
24 507.0173 1480.4673 0.019607844 -721
25 505.11163 1503.4236 0.019607844 -754
26 503.17538 1513.0055 0.019607844 -770
27 501.34637 1518.7772 0.019607844 -787
28 498.5384 1525.0514 0.019607844 -803
29 498.5384 1528.6418 0.019607844 -836
30 498.5384 1530.203 0.019607844 -869
31 498.5384 1530.203 0.01764706 -903
32 498.5384 1530.203 0.01764706 -926
0 921.1471 410.78604 0.019607844 -9
1 921.1471 410.78604 0.021568628 -9
2 921.1471 410.78604 0.021568628 -42
3 921.1471 410.78604 0.021568628 -75
4 921.1471 410.78604 0.021568628 -108
5 919.1489 430.77563 0.027450982 -115
6 912.1554 439.77094 0.027450982 -140
7 907.16003 434.77356 0.021568628 -140
8 897.1693 428.77667 0.021568628 -157
9 888.1776 439.77094 0.027450982 -157
10 879.1859 447.76678 0.027450982 -166
11 850.21277 445.76782 0.027450982 -193
12 836.2257 453.76364 0.027450982 -193
13 797.2618 448.76627 0.027450982 -219
14 780.2775 456.7621 0.027450982 -219
15 736.31824 450.76523 0.027450982 -246
16 718.3349 459.76053 0.027450982 -246
17 675.37463 451.7647 0.027450982 -274
18 636.4107 436.7725 0.021568628 -274
19 618.42737 450.76523 0.027450982 -291
20 589.4542 438.77145 0.021568628 -291
21 568.47363 431.77512 0.021568628 -310
22 555.48566 445.76782 0.027450982 -310
23 537.5023 438.77145 0.021568628 -319
24 526.5125 450.76523 0.027450982 -337
25 510.52728 443.76886 0.021568628 -337
26 497.5393 438.77145 0.023529414 -355
27 487.54858 434.77356 0.023529414 -355
28 478.5569 449.76575 0.027450982 -365
29 460.57355 461.7595 0.027450982 -402
30 457.57632 466.7569 0.027450982 -402
31 448.58466 468.75586 0.027450982 -438
32 447.58557 471.75427 0.027450982 -438
33 442.5902 471.75427 0.027450982 -474
34 441.59113 475.7522 0.027450982 -474
35 435.59668 466.7569 0.019607844 -511
36 436.59573 487.74594 0.027450982 -511
37 435.59668 486.74646 0.021568628 -520
38 434.5976 486.74646 0.021568628 -538
39 443.04272 1134.9559 0.021568628 -538
40 441.59113 1138.7858 0.021568628 -819
41 441.59113 1141.4055 0.019607844 -852
42 450.5828 1182.3842 0.023529414 -874
0 929.1397 420.78082 0.019607844 -6
1 929.1397 420.78082 0.021568628 -6
2 929.1397 420.78082 0.021568628 -31
3 926.61865 419.51978 0.021568628 -71
4 904.1292 413.65536 0.021568628 -106
5 896.1702 412.785 0.021568628 -139
6 881.1841 431.77512 0.027450982 -147
7 846.2165 419.78134 0.021568628 -174
8 833.2285 434.77356 0.027450982 -174
9 794.2646 421.7803 0.021568628 -201
10 780.2775 435.773 0.027450982 -201
11 742.3127 439.77094 0.027450982 -229
12 725.3284 449.76575 0.027450982 -229
13 669.3802 449.76575 0.027450982 -256
14 636.4107 433.77408 0.023529414 -256
15 621.4246 444.76834 0.027450982 -274
16 606.4385 452.76416 0.027450982 -274
17 553.4875 448.76627 0.027450982 -310
18 542.4977 453.76364 0.027450982 -310
19 464.56985 446.7673 0.023529414 -465
20 458.77917 439.97482 0.021568628 -465
21 457.57632 439.77094 0.019607844 -486
22 456.57724 475.7522 0.027450982 -492
23 453.58002 474.75272 0.019607844 -519
24 450.5828 489.7449 0.021568628 -519
25 454.5791 591.69183 0.027450982 -529
26 451.58188 600.68713 0.023529414 -556
27 454.5791 944.49585 0.021568628 -556
28 456.2736 1000.3612 0.019607844 -635
29 456.57724 1043.3242 0.021568628 -652
30 449.44177 1104.2772 0.021568628 -668
31 447.58557 1130.755 0.021568628 -701
32 445.16464 1139.253 0.021568628 -735
33 444.58835 1144.6804 0.019607844 -768
34 444.58835 1148.4019 0.019607844 -801
35 444.58835 1148.4019 0.019607844 -824
0 917.1508 480.7496 0.019607844 -10
1 913.86127 462.58868 0.019607844 -10
2 913.1545 453.84177 0.019607844 -38
3 913.1545 448.99405 0.019607844 -71
4 906.2557 441.86465 0.019607844 -104
5 896.1702 436.7725 0.021568628 -137
6 889.1767 451.7647 0.027450982 -158
7 871.19336 442.76938 0.021568628 -184
8 798.26086 426.7777 0.021568628 -184
9 785.2729 446.7673 0.027450982 -239
10 751.3043 435.773 0.021568628 -266
11 733.321 450.76523 0.027450982 -266
12 702.3497 439.77094 0.021568628 -275
13 680.37006 433.77408 0.021568628 -293
14 603.4413 436.7725 0.027450982 -293
15 589.4542 446.7673 0.027450982 -330
16 554.4866 444.76834 0.027450982 -357
17 538.5014 453.76364 0.027450982 -357
18 486.5495 440.77042 0.023529414 -403
19 478.5569 434.77356 0.023529414 -403
20 473.56152 443.76886 0.027450982 -412
21 461.57263 448.76627 0.027450982 -449
22 459.57446 453.76364 0.027450982 -449
23 447.58557 447.76678 0.021568628 -504
24 433.5985 588.69336 0.023529414 -504
25 447.58557 722.6236 0.027450982 -604
26 446.5865 763.6023 0.021568628 -631
27 454.2991 926.47296 0.019607844 -631
28 451.58188 1063.0156 0.019607844 -670
29 442.20358 1110.1957 0.023529414 -718
30 436.293 1126.0195 0.021568628 -752
31 435.59668 1131.4993 0.021568628 -795
32 435.59668 1135.4086 0.019607844 -829
33 435.59668 1135.4086 0.019607844 -852
0 881.1841 414.78397 0.019607844 -9
1 881.1841 414.78397 0.021568628 -9
2 881.1841 414.78397 0.021568628 -28
3 879.77246 414.07788 0.021568628 -61
4 877.1878 412.785 0.021568628 -95
5 875.18964 428.77667 0.027450982 -105
6 623.4227 437.77197 0.027450982 -283
7 594.4496 416.78293 0.019607844 -283
8 573.469 404.78915 0.019607844 -300
9 562.4792 412.785 0.027450982 -300
10 552.48846 418.78186 0.027450982 -310
11 510.52728 400.79126 0.019607844 -346
12 481.5541 384.79956 0.019607844 -346
13 475.55966 399.79178 0.027450982 -383
14 457.57632 432.7746 0.021568628 -447
15 452.58093 431.77512 0.019607844 -447
16 452.58093 431.77512 0.019607844 -465
17 431.60037 474.75272 0.021568628 -493
18 431.60037 494.7423 0.021568628 -493
19 431.60037 494.7423 0.021568628 -521
20 479.55597 803.5814 0.019607844 -539
21 484.55133 1065.7616 0.019607844 -539
22 484.55133 1183.9364 0.019607844 -611
23 481.11325 1273.5143 0.019607844 -644
24 481.11325 1273.5143 0.019607844 -677
25 479.55597 1357.2931 0.019607844 -770
26 479.55597 1357.2931 0.019607844 -770
27 479.55597 1357.2931 0.01764706 -786
28 479.55597 1357.2931 0.01764706 -819
29 479.55597 1362.2904 0.033333335 -837
0 925.1434 615.6793 0.01764706 0
1 925.1434 615.6793 0.01764706 0
2 925.1434 615.6793 0.019607844 -24
3 924.0926 615.6793 0.019607844 -58
4 920.148 614.6798 0.019607844 -107
5 920.148 614.6798 0.019607844 -123
6 845.2174 614.6798 0.019607844 -167
7 845.2174 614.6798 0.019607844 -167
8 786.272 614.6798 0.019607844 -202
9 786.272 614.6798 0.019607844 -202
10 544.49585 614.6798 0.019607844 -329
11 544.49585 614.6798 0.019607844 -329
12 496.54025 617.6783 0.019607844 -483
13 495.1385 619.08057 0.019607844 -483
14 496.37866 674.1206 0.019607844 -505
15 496.54025 678.64655 0.019607844 -538
16 496.54025 678.64655 0.019607844 -540
17 504.53284 803.5814 0.019607844 -566
18 504.53284 803.5814 0.019607844 -566
19 484.55133 805.5804 0.023529414 -602
20 470.5643 861.5513 0.019607844 -602
21 470.5643 861.5513 0.019607844 -638
22 465.5689 989.4846 0.019607844 -665
23 457.57632 1059.0918 0.021568628 -665
24 455.9744 1065.0487 0.023529414 -770
25 456.9842 1068.8506 0.021568628 -803
26 457.57632 1070.4425 0.019607844 -836
27 457.57632 1070.4425 0.019607844 -850
0 867.197 399.79178 0.021568628 0
1 867.197 395.0409 0.019607844 0
2 866.6538 390.79645 0.021568628 -24
3 865.1989 390.79645 0.021568628 -57
4 867.197 418.78186 0.027450982 -70
5 865.1989 430.77563 0.027450982 -96
6 863.20074 439.77094 0.027450982 -96
7 785.2729 455.7626 0.027450982 -177
8 771.2858 460.76 0.027450982 -177
9 733.321 451.7647 0.027450982 -202
10 716.33673 458.76105 0.027450982 -202
11 675.37463 450.76523 0.027450982 -229
12 657.3913 458.76105 0.027450982 -229
13 552.48846 459.76053 0.027450982 -283
14 541.4986 463.75845 0.027450982 -283
15 485.5504 447.76678 0.023529414 -338
16 478.5569 440.77042 0.023529414 -338
17 474.5606 446.7673 0.027450982 -347
18 459.57446 450.76523 0.027450982 -393
19 458.5754 454.76312 0.027450982 -393
20 447.58557 447.76678 0.021568628 -447
21 445.58743 445.76782 0.021568628 -447
22 445.58743 460.76 0.027450982 -457
23 444.58835 479.75012 0.021568628 -493
24 440.59204 497.74075 0.023529414 -493
25 449.5837 588.69336 0.027450982 -520
26 448.58466 608.683 0.023529414 -547
27 449.5837 659.65643 0.023529414 -547
28 449.5837 659.65643 0.023529414 -566
29 456.57724 794.5861 0.021568628 -593
30 455.87238 1002.4224 0.019607844 -593
31 457.3963 1053.3523 0.021568628 -673
32 456.57724 1063.0938 0.021568628 -718
33 455.5782 1066.9845 0.021568628 -752
34 455.5782 1070.1527 0.021568628 -785
35 455.5782 1070.4425 0.019607844 -818
36 455.5782 1071.4419 0.019607844 -823
0 974.0981 807.57935 0.01764706 0
1 974.0981 807.57935 0.01764706 0
2 974.0981 807.57935 0.01764706 -42
3 951.07355 806.5799 0.01764706 -116
4 916.1675 806.5799 0.01764706 -165
5 871.08887 806.5799 0.01764706 -198
6 871.08887 806.5799 0.01764706 -232
7 817.2433 806.5799 0.01764706 -256
8 736.31824 806.5799 0.019607844 -256
9 716.33673 805.5804 0.01764706 -293
10 697.3543 805.5804 0.01764706 -312
11 618.42737 804.58093 0.019607844 -312
12 600.44403 804.58093 0.019607844 -349
13 587.45605 804.58093 0.019607844 -367
14 561.4801 804.58093 0.019607844 -367
15 555.48566 804.58093 0.019607844 -395
16 546.494 804.58093 0.019607844 -422
17 543.49677 804.58093 0.019607844 -422
18 534.50507 804.58093 0.019607844 -468
19 533.50604 804.58093 0.019607844 -468
20 532.50696 804.58093 0.019607844 -478
21 530.5088 804.58093 0.019607844 -505
22 512.00977 1124.1243 0.019607844 -505
23 508.37912 1237.0586 0.01764706 -629
24 499.2124 1365.8915 0.01764706 -662
25 491.72476 1438.5802 0.019607844 -695
26 491.72476 1438.5802 0.019607844 -728
27 489.54672 1452.2435 0.019607844 -750
28 485.5504 1465.0862 0.019607844 -750
29 485.5504 1468.876 0.019607844 -811
30 485.5504 1469.2347 0.01764706 -844
31 485.5504 1469.2347 0.01764706 -877
32 485.5504 1469.2347 0.01764706 -889
0 871.19336 375.80426 0.01764706 0
1 871.19336 375.80426 0.019607844 -7
2 871.19336 375.80426 0.019607844 -50
3 871.19336 375.80426 0.019607844 -59
4 862.7726 372.69873 0.019607844 -116
5 853.21 372.80582 0.019607844 -149
6 840.22205 408.78708 0.027450982 -164
7 808.25165 404.78915 0.019607844 -200
8 796.2627 422.7798 0.027450982 -200
9 731.3229 442.76938 0.027450982 -254
10 717.3358 449.76575 0.027450982 -254
11 445.58743 451.7647 0.021568628 -526
12 438.9383 446.43982 0.019607844 -526
13 428.60315 542.43964 0.023529414 -546
14 431.60037 642.86365 0.021568628 -612
15 440.8336 784.745 0.023529414 -645
16 443.76517 852.3167 0.021568628 -678
17 443.58926 911.36255 0.021568628 -695
18 447.5852 1002.47565 0.019607844 -712
19 447.69232 1081.5735 0.023529414 -745
20 443.58926 1122.968 0.021568628 -778
21 442.5902 1132.3721 0.021568628 -811
22 441.59113 1141.9026 0.021568628 -827
23 439.59296 1146.5005 0.021568628 -860
24 439.59296 1149.4014 0.019607844 -894
25 438.5939 1151.4003 0.019607844 -943
26 442.5902 1181.3846 0.023529414 -961
0 984.0888 807.57935 0.01764706 0
1 984.0888 807.57935 0.01764706 0
2 980.1561 807.57935 0.01764706 -26
3 969.68964 807.57935 0.01764706 -92
4 937.585 806.5799 0.01764706 -125
5 890.96204 806.5799 0.01764706 -158
6 836.59406 806.5799 0.01764706 -192
7 826.235 806.5799 0.01764706 -225
8 809.2507 806.5799 0.01764706 -231
9 762.2942 806.5799 0.01764706 -257
10 737.3173 806.5799 0.01764706 -257
11 716.33673 806.5799 0.01764706 -275
12 598.9099 805.5804 0.019607844 -275
13 586.457 805.5804 0.019607844 -341
14 573.469 805.5804 0.019607844 -349
15 554.4866 805.5804 0.01764706 -376
16 547.49304 805.5804 0.01764706 -376
17 541.4986 805.5804 0.019607844 -385
18 526.5125 805.5804 0.019607844 -431
19 524.51434 805.5804 0.019607844 -431
20 515.52264 805.5804 0.019607844 -485
21 501.33493 840.09955 0.019607844 -485
22 493.54303 910.78906 0.019607844 -539
23 494.54208 998.67865 0.01764706 -572
24 495.54117 1159.5715 0.019607844 -605
25 496.54025 1293.2661 0.01764706 -638
26 493.47086 1391.2979 0.019607844 -671
27 487.82742 1500.9855 0.01764706 -705
28 485.5504 1516.7617 0.019607844 -754
29 485.5504 1520.2081 0.019607844 -787
30 485.5504 1522.2072 0.01764706 -800
31 485.5504 1524.206 0.01764706 -826
32 485.5504 1528.204 0.019607844 -826
33 485.5504 1528.204 0.01764706 -887
0 906.16095 404.78915 0.019607844 0
1 906.16095 404.78915 0.021568628 -9
2 906.16095 404.78915 0.021568628 -24
3 906.16095 404.78915 0.027450982 -92
4 893.173 435.773 0.021568628 -150
5 888.1776 443.76886 0.027450982 -150
6 847.2156 433.77408 0.021568628 -193
7 838.2239 442.76938 0.027450982 -193
8 786.272 428.77667 0.021568628 -230
9 774.2831 439.77094 0.027450982 -230
10 728.3256 422.7798 0.021568628 -257
11 669.3802 413.7845 0.021568628 -257
12 652.39594 431.77512 0.027450982 -275
13 612.4329 437.77197 0.027450982 -302
14 596.44775 448.76627 0.027450982 -302
15 549.4912 427.7772 0.021568628 -330
16 532.50696 422.7798 0.021568628 -330
17 521.5171 437.77197 0.027450982 -338
18 492.54395 426.7777 0.023529414 -366
19 465.5689 418.78186 0.023529414 -366
20 461.57263 436.7725 0.027450982 -403
21 445.58743 449.76575 0.021568628 -476
22 443.58926 444.76834 0.023529414 -476
23 443.58926 453.76364 0.027450982 -485
24 439.59296 447.76678 0.021568628 -513
25 435.59668 465.6534 0.019607844 -513
26 445.03357 589.32184 0.021568628 -558
27 456.93112 731.5779 0.021568628 -605
28 462.99863 844.8245 0.021568628 -638
29 464.56985 934.6054 0.019607844 -670
30 461.90387 1005.9841 0.019607844 -703
31 458.9974 1033.5049 0.021568628 -736
32 455.04187 1049.527 0.021568628 -769
33 454.5791 1055.8944 0.021568628 -802
34 457.58725 1059.4591 0.019607844 -835
35 457.57632 1059.4481 0.01764706 -868
36 457.57632 1059.4481 0.01764706 -884
0 902.1647 396.79333 0.019607844 -7
1 902.1647 390.91055 0.019607844 -7
2 902.1647 387.1411 0.019607844 -32
3 899.67194 383.3054 0.019607844 -66
4 893.173 380.80167 0.019607844 -99
5 887.1785 399.79178 0.027450982 -121
6 865.1989 419.78134 0.027450982 -156
7 853.21 431.77512 0.027450982 -156
8 788.27014 445.76782 0.027450982 -200
9 773.284 453.76364 0.027450982 -200
10 733.321 448.76627 0.027450982 -227
11 716.33673 456.7621 0.027450982 -227
12 670.3793 449.76575 0.027450982 -253
13 652.39594 457.76157 0.027450982 -253
14 610.4348 449.76575 0.027450982 -280
15 584.45886 458.76105 0.027450982 -280
16 452.58093 450.76523 0.021568628 -471
17 446.11102 447.50488 0.019607844 -471
18 438.1035 481.41263 0.023529414 -496
19 444.4633 588.1914 0.019607844 -529
20 469.71494 763.4738 0.019607844 -562
21 480.75653 911.7463 0.021568628 -595
22 481.37854 1020.56415 0.021568628 -628
23 472.97333 1095.3732 0.021568628 -661
24 470.00238 1123.6644 0.021568628 -694
25 466.5837 1136.3923 0.021568628 -727
26 464.56985 1140.3082 0.021568628 -777
27 464.56985 1144.2251 0.019607844 -810
28 464.56985 1145.4034 0.019607844 -843
29 473.56152 1177.3867 0.023529414 -852
0 981.0916 925.51794 0.01764706 -7
1 975.333 956.7934 0.01764706 -7
2 973.17487 964.42175 0.019607844 -49
3 968.10364 967.4961 0.019607844 -82
4 965.1064 968.49554 0.019607844 -104
5 948.12213 974.49243 0.019607844 -139
6 940.1295 976.4914 0.019607844 -139
7 932.1369 977.49084 0.019607844 -147
8 895.17114 980.4893 0.019607844 -174
9 877.1878 981.4888 0.019607844 -174
10 777.2803 984.48724 0.019607844 -227
11 758.29785 984.48724 0.019607844 -227
12 716.33673 984.48724 0.019607844 -255
13 698.3534 984.48724 0.019607844 -255
14 653.395 984.48724 0.019607844 -282
15 635.4117 984.48724 0.019607844 -282
16 606.4385 984.48724 0.019607844 -310
17 595.44867 984.48724 0.019607844 -310
18 545.49493 984.48724 0.019607844 -428
19 539.11475 998.40656 0.01764706 -428
20 529.89404 1052.6815 0.01764706 -446
21 528.5106 1135.7344 0.019607844 -479
22 529.5097 1225.251 0.01764706 -512
23 526.8095 1381.9293 0.019607844 -529
24 517.4969 1510.7701 0.019607844 -562
25 503.24805 1620.6572 0.019607844 -595
26 489.91168 1701.6525 0.019607844 -628
27 480.93253 1750.1991 0.01764706 -661
28 478.92557 1757.9773 0.01764706 -694
29 477.55783 1765.43 0.01764706 -711
30 477.55783 1766.8845 0.019607844 -744
31 477.55783 1765.0807 0.019607844 -777
32 477.55783 1764.0812 0.019607844 -790
0 861.2026 372.80582 0.019607844 0
1 861.2026 372.80582 0.019607844 0
2 861.2026 372.80582 0.019607844 -34
3 859.96344 371.56622 0.019607844 -67
4 846.7139 371.80634 0.019607844 -100
5 846.2165 371.80634 0.019607844 -133
6 838.2239 405.78864 0.027450982 -134
7 808.25165 426.7777 0.027450982 -167
8 792.2664 419.78134 0.021568628 -167
9 781.2766 432.7746 0.027450982 -185
10 770.2868 441.7699 0.027450982 -185
11 735.31915 441.7699 0.027450982 -212
12 719.334 451.7647 0.027450982 -212
13 678.3719 448.76627 0.027450982 -239
14 662.38666 457.76157 0.027450982 -239
15 614.4311 455.7626 0.027450982 -266
16 581.4616 440.77042 0.021568628 -266
17 561.4801 433.77408 0.021568628 -285
18 474.5606 417.7824 0.023529414 -285
19 467.56708 438.77145 0.027450982 -350
20 448.58466 458.76105 0.027450982 -405
21 443.58926 451.7647 0.023529414 -405
22 440.59204 446.7673 0.023529414 -423
23 429.60223 435.773 0.019607844 -423
24 430.6013 476.75168 0.027450982 -478
25 428.60315 475.7522 0.019607844 -505
26 439.10657 624.602 0.019607844 -505
27 460.35373 859.39185 0.021568628 -563
28 464.46524 977.7472 0.021568628 -613
29 462.5717 1047.4537 0.021568628 -646
30 458.5754 1074.3171 0.019607844 -679
31 457.57632 1084.9906 0.019607844 -712
32 456.57724 1089.847 0.019607844 -745
33 456.57724 1093.771 0.019607844 -778
34 456.57724 1095.4294 0.019607844 -811
35 456.57724 1095.4294 0.019607844 -834
0 871.19336 373.8053 0.019607844 0
1 870.1943 374.80478 0.021568628 0
2 870.1943 408.78708 0.027450982 -51
3 864.1998 399.79178 0.019607844 -77
4 860.2035 396.79333 0.019607844 -77
5 854.20905 417.7824 0.027450982 -85
6 836.2257 434.77356 0.027450982 -121
7 830.23126 441.7699 0.027450982 -121
8 776.28125 450.76523 0.027450982 -166
9 748.3071 435.773 0.021568628 -166
10 735.31915 445.76782 0.027450982 -183
11 720.333 453.76364 0.027450982 -183
12 663.38574 453.76364 0.027450982 -219
13 646.4015 460.76 0.027450982 -219
14 606.4385 452.76416 0.027450982 -247
15 588.45514 459.76053 0.027450982 -247
16 544.49585 451.7647 0.027450982 -273
17 527.5116 458.76105 0.027450982 -273
18 486.5495 451.7647 0.027450982 -310
19 479.55597 455.7626 0.027450982 -310
20 433.5985 450.76523 0.023529414 -446
21 424.93097 467.32336 0.019607844 -446
22 422.97318 539.91406 0.021568628 -491
23 432.77637 698.93805 0.021568628 -521
24 439.32764 829.5219 0.023529414 -554
25 443.58926 932.45197 0.023529414 -587
26 445.58743 976.4914 0.019607844 -620
27 445.58743 976.4914 0.019607844 -628
28 473.56152 1297.3242 0.019607844 -655
29 473.56152 1297.3242 0.019607844 -655
30 473.56152 1297.3242 0.019607844 -703
31 473.56152 1297.3242 0.019607844 -736
32 473.56152 1297.3242 0.019607844 -769
33 473.56152 1297.3242 0.019607844 -795
0 867.197 372.80582 0.019607844 -4
1 867.197 372.80582 0.019607844 -4
2 867.197 372.80582 0.019607844 -39
3 867.197 372.80582 0.019607844 -72
4 868.1961 394.79437 0.027450982 -92
5 864.1998 390.79645 0.019607844 -120
6 850.21277 382.80063 0.019607844 -120
7 842.22015 409.78656 0.027450982 -155
8 676.3737 457.76157 0.027450982 -290
9 662.38666 462.75897 0.027450982 -290
10 612.4329 455.7626 0.027450982 -325
11 599.44495 461.7595 0.027450982 -325
12 553.4875 455.7626 0.027450982 -361
13 542.4977 460.76 0.027450982 -361
14 485.5504 442.76938 0.023529414 -408
15 480.55505 448.76627 0.027450982 -408
16 445.58743 453.76364 0.023529414 -564
17 439.7034 447.87726 0.019607844 -564
18 439.7034 447.87726 0.027450982 -585
19 436.59573 477.75116 0.021568628 -610
20 427.3149 602.52625 0.021568628 -610
21 433.5107 715.5434 0.019607844 -668
22 438.5939 848.47546 0.021568628 -701
23 442.5902 929.812 0.019607844 -734
24 442.5902 990.6556 0.023529414 -767
25 438.5939 1017.78754 0.019607844 -800
26 435.59668 1027.6895 0.019607844 -833
27 436.972 1032.8387 0.019607844 -866
28 437.59482 1036.6305 0.01764706 -899
29 437.59482 1036.6305 0.01764706 -933
0 853.21 421.7803 0.019607844 0
1 853.21 421.7803 0.019607844 -5
2 853.21 421.7803 0.021568628 -64
3 853.21 421.7803 0.021568628 -97
4 849.2137 419.78134 0.021568628 -128
5 847.2156 439.77094 0.027450982 -173
6 840.22205 433.77408 0.021568628 -200
7 825.2359 427.7772 0.021568628 -200
8 817.2433 444.76834 0.027450982 -228
9 792.2664 456.7621 0.027450982 -264
10 784.2738 463.75845 0.027450982 -264
11 752.3034 445.76782 0.021568628 -291
12 727.32654 436.7725 0.021568628 -291
13 717.3358 450.76523 0.027450982 -309
14 680.37006 444.76834 0.021568628 -345
15 671.37836 455.7626 0.027450982 -345
16 625.4209 446.7673 0.021568628 -382
17 610.4348 441.7699 0.021568628 -382
18 601.4431 455.7626 0.027450982 -391
19 557.4838 449.76575 0.021568628 -437
20 548.4921 458.76105 0.027450982 -437
21 496.54025 451.7647 0.023529414 -493
22 459.6448 424.81393 0.023529414 -493
23 457.57632 423.77927 0.023529414 -577
24 456.57724 439.77094 0.027450982 -585
25 451.58188 457.76157 0.027450982 -631
26 451.58188 462.75897 0.027450982 -631
27 442.5902 494.7423 0.023529414 -715
28 441.19443 493.74283 0.019607844 -715
29 434.9031 510.35803 0.023529414 -726
30 434.5976 511.73346 0.019607844 -759
31 434.5976 511.73346 0.019607844 -761
32 429.60223 617.6783 0.019607844 -787
33 436.32874 734.1432 0.023529414 -787
34 441.59113 851.44336 0.023529414 -842
35 443.58926 935.8629 0.019607844 -875
36 445.88852 976.9159 0.021568628 -908
37 449.76672 1003.66785 0.019607844 -925
38 453.39432 1043.3188 0.023529414 -941
39 454.5791 1073.2452 0.019607844 -958
40 452.4121 1097.2736 0.021568628 -974
41 450.0923 1111.8578 0.021568628 -991
42 450.24338 1121.1147 0.021568628 -1008
43 448.6515 1131.277 0.023529414 -1024
44 447.58557 1134.3774 0.021568628 -1057
45 446.7584 1136.2361 0.023529414 -1074
46 445.58743 1140.406 0.021568628 -1090
47 445.58743 1142.7826 0.019607844 -1139
48 445.58743 1142.7826 0.023529414 -1173
0 908.1591 553.7116 0.01764706 -9
1 917.888 585.6465 0.019607844 -9
2 920.148 595.6897 0.019607844 -42
3 916.86993 599.9686 0.019607844 -73
4 915.15265 600.68713 0.019607844 -108
5 915.15265 600.68713 0.019607844 -115
6 848.2146 618.67773 0.019607844 -158
7 848.2146 618.67773 0.019607844 -158
8 817.2433 618.67773 0.019607844 -185
9 812.2479 618.67773 0.019607844 -185
10 812.2479 618.67773 0.019607844 -203
11 744.31085 618.67773 0.019607844 -239
12 743.31177 618.67773 0.019607844 -239
13 743.31177 618.67773 0.019607844 -248
14 684.36633 618.67773 0.019607844 -267
15 684.36633 618.67773 0.019607844 -267
16 621.4246 631.67096 0.019607844 -303
17 621.4246 631.67096 0.019607844 -303
18 575.46716 618.67773 0.019607844 -330
19 574.4681 618.67773 0.019607844 -330
20 574.4681 618.67773 0.019607844 -339
21 491.54486 618.67773 0.019607844 -367
22 491.54486 618.67773 0.019607844 -367
23 464.56985 680.6455 0.019607844 -605
24 464.56985 700.6351 0.019607844 -605
25 461.57263 696.63715 0.027450982 -631
26 427.60406 618.67773 0.019607844 -658
27 427.60406 630.6715 0.023529414 -658
28 427.60406 630.6715 0.023529414 -677
29 471.56335 927.5169 0.019607844 -704
30 472.56244 1113.1721 0.019607844 -704
31 472.56244 1144.4039 0.019607844 -771
32 468.56613 1136.4081 0.027450982 -793
33 432.59946 1023.4669 0.023529414 -820
34 432.59946 1023.4669 0.023529414 -820
35 432.59946 1023.4669 0.023529414 -869
36 432.59946 1023.4669 0.021568628 -902
37 432.59946 1023.4669 0.021568628 -932
38 432.59946 1023.4669 0.021568628 -968
39 436.59573 1053.4513 0.023529414 -972
0 877.1878 426.7777 0.019607844 -8
1 877.1878 426.7777 0.019607844 -8
2 877.1878 426.7777 0.021568628 -41
3 877.1878 426.7777 0.021568628 -75
4 874.4705 424.9188 0.021568628 -104
5 850.77167 421.22552 0.021568628 -141
6 813.20374 417.61224 0.021568628 -174
7 791.26733 415.78345 0.021568628 -207
8 779.27844 436.7725 0.027450982 -222
9 733.321 449.76575 0.027450982 -258
10 719.334 459.76053 0.027450982 -258
11 676.3737 439.77094 0.021568628 -285
12 621.4246 426.7777 0.021568628 -285
13 607.43756 445.76782 0.027450982 -312
14 558.4829 458.76105 0.027450982 -349
15 531.5079 447.76678 0.021568628 -349
16 512.52545 441.7699 0.021568628 -368
17 486.5495 434.77356 0.021568628 -368
18 477.55783 449.76575 0.027450982 -386
19 430.6013 466.7569 0.021568628 -549
20 425.60593 458.76105 0.019607844 -549
21 428.60315 480.7496 0.027450982 -567
22 426.605 492.74335 0.023529414 -604
23 426.605 492.74335 0.023529414 -604
24 423.6078 549.7137 0.023529414 -632
25 429.60223 808.57886 0.021568628 -632
26 429.60223 808.57886 0.021568628 -751
27 428.60315 900.53094 0.021568628 -769
28 427.6476 924.47235 0.021568628 -769
29 427.60406 989.8668 0.021568628 -786
30 428.60315 1008.2828 0.019607844 -819
31 428.60315 1019.02954 0.019607844 -836
32 428.60315 1019.02954 0.027450982 -852
33 434.5976 1122.4154 0.023529414 -981
34 433.5985 1109.0137 0.021568628 -981
35 431.60037 1105.4242 0.019607844 -1001
36 432.59946 1116.4185 0.023529414 -1015
