0 901.1656 671.65015 0.019607844 -277
1 901.1656 671.65015 0.019607844 -277
2 901.1656 671.65015 0.019607844 -316
3 901.1656 669.8559 0.019607844 -349
4 901.1656 669.6512 0.019607844 -382
5 901.1656 668.65173 0.019607844 -384
6 884.18134 655.6585 0.019607844 -482
7 875.64166 653.2407 0.019607844 -482
8 868.1961 650.6611 0.019607844 -498
9 862.20166 649.6616 0.019607844 -509
10 831.23035 647.66266 0.019607844 -555
11 822.0796 647.66266 0.019607844 -555
12 814.2461 646.6632 0.019607844 -564
13 801.2581 646.6632 0.019607844 -572
14 776.28125 646.6632 0.019607844 -600
15 754.3016 645.6637 0.019607844 -600
16 743.31177 645.6637 0.019607844 -618
17 718.3349 646.6632 0.019607844 -645
18 706.346 646.6632 0.019607844 -645
19 691.35986 646.6632 0.019607844 -655
20 651.39685 646.6632 0.019607844 -691
21 631.41534 646.6632 0.019607844 -691
22 621.4246 646.6632 0.019607844 -710
23 601.4431 646.6632 0.019607844 -737
24 570.4718 646.6632 0.019607844 -737
25 562.4792 646.6632 0.019607844 -765
26 538.5014 646.6632 0.019607844 -802
27 518.09283 646.6632 0.019607844 -802
28 500.03702 646.6632 0.019607844 -829
29 500.03702 646.6632 0.019607844 -861
30 490.5458 646.6632 0.019607844 -884
31 479.16577 646.6632 0.019607844 -884
32 467.26404 646.6632 0.019607844 -911
33 459.6863 646.6632 0.019607844 -944
34 452.69104 646.6632 0.019607844 -977
35 447.58557 653.65955 0.019607844 -1010
36 445.58743 655.6585 0.019607844 -1033
37 429.60223 740.61426 0.019607844 -1140
38 429.60223 754.60693 0.019607844 -1140
39 432.59946 810.5778 0.019607844 -1167
40 436.7355 869.0964 0.019607844 -1167
41 440.59204 908.52686 0.019607844 -1191
42 445.20807 944.1605 0.019607844 -1207
43 448.98758 992.72577 0.019607844 -1224
44 448.98758 992.72577 0.01764706 -1241
45 473.56152 1229.3596 0.01764706 -1327
46 474.5606 1245.3513 0.01764706 -1327
47 476.55875 1271.3378 0.019607844 -1350
48 477.55783 1296.3248 0.01764706 -1350
49 478.5569 1309.318 0.01764706 -1359
50 478.5569 1324.3102 0.01764706 -1385
51 478.5569 1367.2869 0.01764706 -1385
52 478.5569 1384.2789 0.019607844 -1423
53 478.5569 1388.2769 0.019607844 -1444
0 880.185 742.6132 0.019607844 -92
1 876.0498 742.6132 0.019607844 -92
2 871.385 742.6132 0.019607844 -110
3 869.5032 742.6132 0.019607844 -143
4 867.60315 742.6132 0.019607844 -159
5 865.2156 743.1046 0.019607844 -176
6 861.34845 745.03894 0.019607844 -192
7 851.5714 749.2658 0.019607844 -209
8 838.1513 754.4953 0.019607844 -225
9 819.9349 761.0785 0.019607844 -242
10 798.2945 766.5923 0.019607844 -258
11 777.70654 772.20874 0.019607844 -275
12 730.52185 787.29034 0.019607844 -291
13 710.1049 791.54 0.019607844 -324
14 687.9758 795.31696 0.019607844 -341
15 662.6108 799.1646 0.019607844 -357
16 637.3178 802.7275 0.019607844 -374
17 624.4218 804.58093 0.019607844 -390
18 612.4329 806.5799 0.019607844 -399
19 588.45514 810.5778 0.019607844 -425
20 555.74927 817.40454 0.019607844 -425
21 555.74927 817.40454 0.019607844 -456
22 532.50696 821.5721 0.019607844 -479
23 511.138 825.4682 0.019607844 -479
24 501.8537 827.3054 0.019607844 -506
25 493.40735 829.1021 0.019607844 -522
26 486.22256 830.899 0.019607844 -539
27 486.22256 830.899 0.019607844 -555
28 469.56522 832.56635 0.019607844 -615
29 462.46683 838.66815 0.019607844 -615
30 458.8137 842.3227 0.019607844 -638
31 455.2191 848.0974 0.019607844 -654
32 443.93887 886.02216 0.019607844 -671
33 443.58926 887.5377 0.019607844 -704
34 441.59113 903.5294 0.019607844 -705
35 440.59204 1111.4211 0.019607844 -791
36 441.94336 1143.8657 0.019607844 -791
37 442.81198 1197.7037 0.019607844 -803
38 439.5289 1285.1261 0.019607844 -819
39 439.59296 1328.1017 0.019607844 -836
40 438.5939 1377.9169 0.019607844 -852
41 434.8057 1430.0892 0.019607844 -869
42 430.93344 1507.8954 0.019607844 -885
43 425.9912 1564.7142 0.019607844 -918
44 424.60684 1579.622 0.019607844 -951
45 424.60684 1589.8864 0.019607844 -968
46 424.60684 1597.6398 0.019607844 -984
47 424.60684 1606.8777 0.019607844 -1001
48 424.60684 1606.8777 0.019607844 -1034
0 906.16095 559.7085 0.01764706 -66
1 904.16284 559.7085 0.01764706 -66
2 901.1656 560.70795 0.019607844 -74
3 879.1859 573.7012 0.01764706 -115
4 854.20905 588.69336 0.01764706 -115
5 844.2183 592.6913 0.01764706 -141
6 822.23865 599.6876 0.01764706 -166
7 757.2901 609.3975 0.01764706 -166
8 727.5985 611.35205 0.01764706 -207
9 670.5809 614.6798 0.01764706 -224
10 616.6164 616.6788 0.01764706 -257
11 561.1795 617.54767 0.01764706 -290
12 539.3933 617.6783 0.01764706 -323
13 522.62714 617.6783 0.01764706 -339
14 509.34857 617.6783 0.01764706 -356
15 497.80768 617.6783 0.01764706 -372
16 478.95322 617.6783 0.01764706 -389
17 474.5606 617.6783 0.01764706 -422
18 470.5643 617.6783 0.01764706 -431
19 442.5902 657.6575 0.01764706 -555
20 441.59113 659.65643 0.01764706 -555
21 447.58557 933.5138 0.01764706 -693
22 448.7046 946.9474 0.01764706 -693
23 454.48993 1034.914 0.01764706 -702
24 459.39127 1123.8473 0.01764706 -719
25 463.3607 1178.8115 0.01764706 -752
26 465.0046 1217.7634 0.01764706 -768
27 466.568 1251.3716 0.01764706 -785
28 467.25052 1282.8262 0.01764706 -801
29 467.56708 1312.9415 0.01764706 -818
30 467.56708 1326.5048 0.01764706 -834
31 466.568 1334.181 0.01764706 -851
32 466.568 1342.3009 0.01764706 -867
33 466.568 1343.3003 0.01764706 -896
0 904.16284 556.71 0.01764706 -23
1 904.16284 556.71 0.01764706 -38
2 885.1804 556.71 0.01764706 -87
3 864.1998 556.71 0.01764706 -87
4 855.2081 556.71 0.01764706 -112
5 823.23773 556.71 0.01764706 -146
6 786.35565 559.6892 0.01764706 -146
7 762.6958 559.7085 0.01764706 -172
8 746.30896 564.7059 0.019607844 -188
9 731.3229 568.7038 0.019607844 -198
10 703.34875 584.69543 0.01764706 -224
11 680.29755 588.9223 0.019607844 -224
12 630.7377 603.30383 0.01764706 -238
13 605.4568 606.9889 0.01764706 -270
14 563.34534 611.47406 0.01764706 -287
15 547.2672 611.6814 0.01764706 -320
16 534.5621 611.6814 0.01764706 -336
17 523.90125 611.6814 0.01764706 -353
18 514.9206 611.6814 0.01764706 -369
19 502.49222 611.6814 0.01764706 -386
20 496.48154 611.6814 0.01764706 -419
21 490.84518 611.6814 0.01764706 -435
22 487.01108 611.6814 0.01764706 -452
23 483.23178 611.6814 0.01764706 -468
24 479.51184 611.6814 0.01764706 -485
25 474.24725 618.867 0.019607844 -501
26 474.24725 618.867 0.01764706 -518
27 454.5791 875.54395 0.01764706 -643
28 456.57724 941.9229 0.01764706 -643
29 458.5754 992.5552 0.01764706 -666
30 460.57355 1049.7825 0.01764706 -683
31 462.95615 1157.7866 0.019607844 -699
32 463.57077 1188.381 0.01764706 -732
33 464.56985 1226.3612 0.01764706 -746
34 464.56985 1244.3519 0.01764706 -762
35 464.56985 1322.2008 0.01764706 -762
36 464.56985 1322.2008 0.01764706 -798
37 463.57077 1367.2878 0.01764706 -812
38 460.31952 1395.2903 0.01764706 -812
39 460.57355 1429.1534 0.01764706 -848
40 460.57355 1443.2307 0.01764706 -864
41 460.57355 1451.4756 0.01764706 -881
42 460.57355 1451.4756 0.01764706 -897
0 920.148 558.709 0.01764706 -65
1 917.88586 558.709 0.01764706 -65
2 912.9894 558.709 0.01764706 -75
3 888.87067 558.709 0.01764706 -91
4 846.5349 572.90247 0.019607844 -124
5 789.7074 593.7412 0.01764706 -157
6 761.0906 600.52814 0.01764706 -190
7 730.6209 605.14764 0.01764706 -207
8 696.0602 608.8063 0.01764706 -223
9 639.5394 612.42004 0.01764706 -240
10 594.6183 613.68036 0.01764706 -273
11 575.0174 613.68036 0.01764706 -306
12 558.63715 613.68036 0.01764706 -322
13 540.8046 614.7429 0.01764706 -339
14 526.1335 614.6798 0.01764706 -355
15 515.7244 614.6798 0.01764706 -372
16 507.0682 614.6798 0.01764706 -388
17 500.07108 614.6798 0.01764706 -405
18 494.4472 614.6798 0.01764706 -421
19 491.22827 614.6798 0.019607844 -438
20 487.35934 614.6798 0.01764706 -454
21 482.67807 619.46906 0.01764706 -471
22 477.88934 636.5071 0.01764706 -487
23 474.15527 647.1771 0.01764706 -504
24 470.0054 674.2777 0.019607844 -520
25 468.12534 704.34015 0.01764706 -537
26 467.56708 749.3121 0.01764706 -553
27 473.83154 861.6952 0.01764706 -570
28 478.61 933.0455 0.01764706 -603
29 482.5532 995.4815 0.01764706 -619
30 483.55228 1019.469 0.019607844 -636
0 761.2951 764.60175 0.019607844 -150
1 739.37054 767.7719 0.019607844 -150
2 715.309 769.6013 0.019607844 -167
3 689.0804 780.31726 0.01764706 -184
4 664.3218 787.14307 0.01764706 -200
5 639.75116 791.0736 0.019607844 -217
6 615.22437 794.27014 0.019607844 -233
7 593.59326 796.15674 0.019607844 -250
8 570.9863 798.03284 0.019607844 -266
9 553.61786 799.9022 0.019607844 -283
10 536.3797 801.81836 0.019607844 -299
11 521.8163 801.5825 0.019607844 -316
12 508.93323 803.5237 0.019607844 -332
13 498.45096 804.58093 0.019607844 -349
14 490.2328 806.24274 0.019607844 -365
15 482.4353 808.1086 0.019607844 -382
16 476.40143 808.57886 0.019607844 -398
17 470.84494 810.8174 0.019607844 -415
18 465.13132 812.7227 0.019607844 -431
19 458.49396 816.629 0.019607844 -448
20 450.15894 823.87994 0.019607844 -464
21 434.1526 848.0604 0.019607844 -481
22 432.59946 851.55646 0.019607844 -514
23 427.60406 868.5476 0.019607844 -517
24 421.60962 897.53253 0.019607844 -543
25 418.6124 922.5195 0.019607844 -543
26 413.61703 1020.4685 0.019607844 -595
27 414.6161 1146.1008 0.019607844 -595
28 414.6161 1197.3304 0.019607844 -629
29 414.6161 1250.5826 0.019607844 -646
30 414.41107 1305.011 0.01764706 -662
31 414.9191 1402.261 0.019607844 -679
32 414.6161 1439.3151 0.019607844 -712
33 413.8985 1474.7523 0.019607844 -728
34 412.61795 1503.691 0.019607844 -745
35 411.2276 1534.509 0.019607844 -761
36 409.62073 1559.6946 0.01764706 -778
37 409.62073 1571.6256 0.019607844 -794
38 409.62073 1579.9204 0.019607844 -811
39 409.62073 1586.2275 0.019607844 -827
40 409.62073 1590.5557 0.019607844 -844
41 409.62073 1591.1713 0.019607844 -860
42 409.62073 1593.1702 0.019607844 -863
0 882.18317 558.709 0.01764706 -105
1 873.19147 558.709 0.01764706 -105
2 867.197 558.709 0.01764706 -122
3 849.2137 562.7069 0.019607844 -147
4 808.7933 571.75555 0.019607844 -147
5 746.5868 594.5976 0.01764706 -174
6 680.1774 605.472 0.01764706 -206
7 621.5284 610.4085 0.01764706 -239
8 574.5089 611.6814 0.01764706 -272
9 556.75586 611.6814 0.01764706 -305
10 539.9269 611.6814 0.01764706 -322
11 526.04236 611.6814 0.01764706 -338
12 515.1938 611.6814 0.01764706 -355
13 505.96454 611.6814 0.01764706 -371
14 498.35413 611.6814 0.01764706 -388
15 492.47913 611.6814 0.01764706 -404
16 487.81326 611.6814 0.01764706 -421
17 483.5661 611.6814 0.01764706 -437
18 479.8372 611.6814 0.01764706 -454
19 476.16437 611.6814 0.01764706 -470
20 468.55032 611.6814 0.01764706 -487
21 463.02368 624.09155 0.01764706 -520
22 458.0784 639.15955 0.01764706 -536
23 453.69827 663.58905 0.01764706 -553
24 451.05432 692.91943 0.01764706 -569
25 450.5828 731.61896 0.01764706 -586
26 450.5828 748.6101 0.01764706 -599
27 468.56613 974.49243 0.01764706 -675
28 469.71954 997.5697 0.01764706 -675
29 470.6408 1046.2114 0.01764706 -685
30 470.5643 1121.1742 0.01764706 -701
31 469.56522 1163.5543 0.01764706 -734
32 469.56522 1182.3842 0.01764706 -751
33 469.56522 1192.3789 0.01764706 -760
34 467.56708 1205.3722 0.01764706 -785
35 467.56708 1259.3374 0.01764706 -785
36 467.56708 1260.3435 0.01764706 -817
37 467.56708 1265.341 0.01764706 -818
38 467.56708 1272.3373 0.01764706 -843
39 465.5689 1277.3347 0.01764706 -843
40 465.5689 1279.3336 0.01764706 -859
0 773.284 557.70953 0.01764706 -198
1 760.296 558.709 0.01764706 -198
2 749.3062 558.709 0.01764706 -215
3 724.32935 567.7043 0.01764706 -215
4 712.34045 574.7007 0.01764706 -232
5 684.36633 586.6944 0.01764706 -257
6 639.862 599.7785 0.01764706 -257
7 598.1836 606.5104 0.01764706 -284
8 587.45605 607.6835 0.01764706 -316
9 578.4644 608.683 0.01764706 -326
10 563.4783 610.68195 0.01764706 -352
11 541.9836 610.68195 0.01764706 -352
12 521.35034 610.68195 0.01764706 -382
13 518.5199 610.68195 0.01764706 -415
14 513.52454 610.68195 0.01764706 -422
15 499.53748 610.68195 0.01764706 -465
16 491.16428 610.68195 0.01764706 -465
17 485.18616 610.68195 0.019607844 -497
18 483.21036 610.68195 0.019607844 -530
19 481.3598 610.68195 0.019607844 -547
20 477.7197 610.68195 0.019607844 -563
21 474.03632 610.68195 0.01764706 -596
22 470.83282 616.73804 0.01764706 -629
23 462.3659 650.10315 0.01764706 -646
24 462.3659 650.10315 0.01764706 -679
0 906.16095 616.6788 0.01764706 -32
1 903.4975 616.6788 0.01764706 -50
2 903.4975 616.6788 0.01764706 -69
3 893.173 616.6788 0.01764706 -91
4 869.83484 616.6788 0.01764706 -91
5 849.97424 616.6788 0.01764706 -118
6 792.384 616.6788 0.01764706 -135
7 760.0348 616.6788 0.01764706 -168
8 726.48285 616.6788 0.01764706 -184
9 693.50287 616.6788 0.01764706 -200
10 633.146 616.6788 0.01764706 -216
11 571.25555 616.6788 0.01764706 -249
12 548.0986 616.6788 0.01764706 -282
13 529.3012 616.6788 0.01764706 -298
14 514.60095 616.6788 0.01764706 -315
15 503.0402 616.6788 0.01764706 -332
16 491.80533 616.6788 0.01764706 -348
17 482.68713 616.6788 0.01764706 -365
18 474.5237 616.6788 0.01764706 -381
19 462.51117 616.6788 0.01764706 -398
20 454.68707 616.6788 0.01764706 -431
21 452.28433 616.6788 0.01764706 -464
22 450.41016 616.6788 0.01764706 -480
23 448.56552 616.6788 0.01764706 -497
24 446.6929 616.6788 0.01764706 -513
25 443.09772 627.1335 0.019607844 -530
26 440.97537 641.36383 0.01764706 -546
27 438.5939 687.3113 0.01764706 -563
28 438.5939 742.4398 0.01764706 -596
29 438.5939 742.4398 0.019607844 -629
30 442.5902 815.5752 0.01764706 -653
31 449.1549 873.5405 0.01764706 -653
32 455.1442 951.9479 0.01764706 -678
33 458.03638 993.3895 0.01764706 -711
34 459.92194 1031.1145 0.019607844 -728
35 460.57355 1066.6364 0.01764706 -744
36 461.57263 1147.3046 0.019607844 -761
37 461.57263 1187.2131 0.01764706 -794
38 461.57263 1214.0013 0.019607844 -810
39 461.57263 1243.9358 0.01764706 -827
40 461.57263 1260.4517 0.01764706 -843
41 458.70996 1291.1152 0.019607844 -860
42 457.6634 1303.7981 0.019607844 -893
43 457.57632 1315.1018 0.019607844 -909
44 457.57632 1324.5846 0.01764706 -926
45 457.57632 1330.7488 0.01764706 -942
46 457.57632 1331.3065 0.01764706 -959
47 457.57632 1333.3055 0.01764706 -960
0 889.1767 591.69183 0.01764706 -39
1 889.1767 587.6939 0.01764706 -39
2 888.1776 586.6944 0.019607844 -47
3 880.185 583.696 0.019607844 -81
4 873.12054 580.1623 0.01764706 -81
5 867.197 580.6975 0.019607844 -90
6 859.20447 580.6975 0.019607844 -98
7 827.2341 586.6944 0.01764706 -131
8 762.21075 589.8872 0.01764706 -131
9 732.5718 587.9594 0.019607844 -172
10 704.1232 592.07666 0.01764706 -189
11 675.35095 591.1906 0.019607844 -205
12 646.0767 597.797 0.01764706 -222
13 620.05707 592.3794 0.019607844 -238
14 565.9886 595.4274 0.019607844 -255
15 540.65857 591.7163 0.019607844 -288
16 522.5894 598.33057 0.01764706 -304
17 506.5263 595.939 0.019607844 -321
18 491.8346 593.51337 0.019607844 -337
19 479.13715 592.1754 0.019607844 -354
20 467.0362 591.3304 0.019607844 -370
21 457.3082 596.19684 0.01764706 -387
22 448.83914 598.8744 0.01764706 -403
23 440.47498 597.71796 0.01764706 -420
24 430.2278 597.37573 0.01764706 -436
25 426.43832 598.6882 0.01764706 -469
26 424.18286 598.6882 0.01764706 -486
27 422.30798 598.6882 0.01764706 -502
28 420.4356 599.8626 0.01764706 -519
29 418.5764 601.7226 0.01764706 -535
30 414.6161 632.7929 0.01764706 -552
31 417.11172 697.60333 0.01764706 -585
32 420.3741 741.1025 0.01764706 -618
33 425.60593 792.58716 0.01764706 -634
34 427.60406 810.5778 0.01764706 -648
35 447.58557 997.48047 0.01764706 -708
36 448.66678 1027.7666 0.019607844 -708
37 453.45917 1119.2399 0.01764706 -717
38 456.39206 1170.888 0.019607844 -750
39 457.57632 1205.9739 0.01764706 -766
40 459.42105 1245.2014 0.01764706 -783
41 459.57446 1262.0742 0.01764706 -799
42 459.57446 1278.0121 0.01764706 -816
43 459.57446 1301.0554 0.019607844 -832
44 459.57446 1317.8357 0.01764706 -849
45 459.57446 1327.2998 0.01764706 -865
46 459.57446 1333.3055 0.01764706 -882
47 459.57446 1335.3044 0.01764706 -901
0 863.20074 762.6028 0.019607844 -41
1 863.20074 762.6028 0.019607844 -41
2 862.20166 762.6028 0.01764706 -50
3 846.2165 770.59863 0.01764706 -91
4 818.4892 779.89496 0.01764706 -91
5 772.4837 790.3885 0.01764706 -117
6 746.8003 793.472 0.01764706 -150
7 720.49194 795.3601 0.019607844 -166
8 692.80707 797.28815 0.019607844 -183
9 665.86304 799.1923 0.019607844 -199
10 639.80853 801.12555 0.019607844 -216
11 614.79785 803.015 0.019607844 -232
12 591.53656 803.5814 0.019607844 -249
13 570.46423 803.5814 0.019607844 -265
14 525.5303 805.5804 0.019607844 -282
15 507.0683 805.5804 0.019607844 -315
16 491.2196 805.5804 0.019607844 -331
17 479.5473 805.5804 0.019607844 -348
18 468.85782 805.5804 0.019607844 -364
19 459.859 805.5804 0.019607844 -381
20 448.09375 805.5804 0.019607844 -397
21 443.51822 805.5804 0.019607844 -430
22 443.51822 805.5804 0.019607844 -447
23 414.6161 840.5622 0.019607844 -550
24 412.61795 851.55646 0.019607844 -550
25 409.62073 1003.47736 0.019607844 -618
26 411.94858 1031.4231 0.019607844 -618
27 412.61795 1107.3563 0.019607844 -628
28 412.61795 1146.0183 0.019607844 -645
29 409.69968 1188.9581 0.019607844 -661
30 408.015 1229.6459 0.019607844 -678
31 402.04425 1302.4905 0.019607844 -694
32 400.62906 1330.7479 0.019607844 -727
33 398.08105 1365.4434 0.019607844 -744
34 397.63184 1386.412 0.019607844 -760
35 396.6383 1411.2094 0.019607844 -777
36 394.16553 1436.0082 0.019607844 -793
37 393.63553 1448.0337 0.019607844 -810
38 393.63553 1455.5098 0.019607844 -826
39 393.63553 1460.0552 0.019607844 -843
40 393.63553 1463.6123 0.019607844 -859
41 393.63553 1465.2368 0.019607844 -876
42 393.63553 1466.2363 0.019607844 -889
0 901.1656 560.70795 0.01764706 -18
1 901.1656 560.70795 0.01764706 -18
2 890.2885 561.2626 0.01764706 -52
3 877.97296 560.70795 0.01764706 -93
4 862.0695 562.751 0.01764706 -109
5 841.12524 568.4779 0.019607844 -126
6 819.3633 569.17303 0.01764706 -142
7 795.06744 573.50073 0.019607844 -159
8 767.5399 577.235 0.019607844 -175
9 739.28284 581.1016 0.019607844 -192
10 702.5631 583.8583 0.019607844 -208
11 673.4894 589.6703 0.019607844 -225
12 645.39734 598.11847 0.01764706 -241
13 620.704 603.1814 0.01764706 -258
14 578.0984 608.1199 0.01764706 -274
15 558.59875 610.0706 0.01764706 -307
16 542.3242 610.92334 0.01764706 -324
17 526.4856 610.68195 0.01764706 -340
18 512.46155 610.68195 0.01764706 -357
19 502.18817 610.68195 0.01764706 -373
20 493.6363 610.68195 0.01764706 -390
21 486.65344 610.68195 0.01764706 -406
22 481.14337 610.68195 0.01764706 -423
23 476.78513 610.68195 0.01764706 -439
24 473.18295 610.68195 0.01764706 -456
25 469.34763 610.68195 0.01764706 -472
26 460.3146 622.08307 0.01764706 -489
27 455.12152 638.767 0.01764706 -522
28 451.58188 655.6585 0.019607844 -538
29 449.5837 679.646 0.01764706 -550
30 452.58093 817.57416 0.01764706 -610
31 461.856 921.49066 0.01764706 -610
32 464.5365 981.72046 0.01764706 -637
33 465.5689 1043.0907 0.019607844 -654
34 463.72574 1095.3804 0.01764706 -670
35 461.7803 1127.9181 0.01764706 -687
36 458.09802 1160.5629 0.01764706 -703
37 454.86703 1189.4983 0.01764706 -720
38 452.90533 1202.75 0.01764706 -736
39 450.96005 1210.8589 0.01764706 -753
40 448.98444 1241.5513 0.01764706 -769
41 447.58557 1257.7821 0.01764706 -786
42 447.58557 1265.8766 0.01764706 -802
43 447.58557 1270.3384 0.01764706 -819
44 447.58557 1272.3373 0.01764706 -831
0 848.2146 368.8079 0.01764706 -59
1 845.2174 366.80893 0.019607844 -59
2 830.23126 367.8084 0.01764706 -92
3 814.05615 368.8079 0.01764706 -92
4 808.25165 369.80737 0.01764706 -110
5 760.296 367.8084 0.021568628 -117
6 754.3016 373.8053 0.019607844 -142
7 722.4746 389.7528 0.019607844 -142
8 700.4027 395.77847 0.019607844 -176
9 676.6929 402.52643 0.019607844 -192
10 648.63367 407.4686 0.019607844 -209
11 596.19763 415.49515 0.019607844 -225
12 547.8379 422.29037 0.01764706 -258
13 525.8967 424.29193 0.01764706 -291
14 512.2845 425.77823 0.01764706 -308
15 504.07596 425.77823 0.01764706 -324
16 494.0877 427.02005 0.01764706 -341
17 481.4854 427.7772 0.019607844 -357
18 471.1895 427.7772 0.01764706 -374
19 464.5883 427.7772 0.01764706 -390
20 459.8472 427.7772 0.01764706 -407
21 455.96994 427.7772 0.01764706 -423
22 452.19266 427.7772 0.01764706 -440
23 450.0103 427.7772 0.01764706 -456
24 448.12283 427.7772 0.01764706 -473
25 444.34302 427.7772 0.01764706 -489
26 434.4214 454.2337 0.01764706 -522
27 425.89636 505.7017 0.019607844 -555
28 421.94092 584.41064 0.01764706 -588
29 422.6087 680.7179 0.019607844 -621
30 422.6087 732.28107 0.019607844 -654
31 422.6087 786.70245 0.019607844 -671
32 420.61053 879.9785 0.01764706 -687
33 418.6124 974.76324 0.019607844 -720
34 417.6133 1057.1586 0.01764706 -753
35 417.6133 1076.4003 0.01764706 -786
36 417.6133 1112.2122 0.019607844 -803
37 417.6133 1141.6448 0.01764706 -819
38 416.61426 1153.3993 0.01764706 -852
39 415.61517 1154.3987 0.019607844 -883
0 889.1767 614.6798 0.01764706 -42
1 880.2676 614.6798 0.01764706 -42
2 867.0263 614.6798 0.01764706 -60
3 846.55566 614.6798 0.01764706 -76
4 830.23126 614.6798 0.01764706 -93
5 830.23126 614.6798 0.01764706 -104
6 750.3053 620.6767 0.01764706 -132
7 659.88904 618.67773 0.01764706 -132
8 523.0609 618.67773 0.01764706 -204
9 511.23297 618.67773 0.01764706 -307
10 501.2685 618.67773 0.01764706 -324
11 491.54742 618.67773 0.01764706 -340
12 483.23468 618.67773 0.01764706 -357
13 475.7472 618.67773 0.01764706 -373
14 470.00934 618.67773 0.01764706 -390
15 462.3744 618.67773 0.01764706 -406
16 456.1981 618.67773 0.01764706 -439
17 454.30405 618.67773 0.01764706 -472
18 452.39346 618.67773 0.01764706 -489
19 448.28677 630.7647 0.01764706 -505
20 444.61188 642.59467 0.01764706 -522
21 438.5939 676.6476 0.01764706 -538
22 436.59573 690.64026 0.01764706 -565
23 434.5976 734.6174 0.01764706 -591
24 436.59573 809.5783 0.01764706 -591
25 438.5939 852.55597 0.01764706 -617
0 785.2729 801.5825 0.01764706 -139
1 772.2849 802.582 0.01764706 -139
2 758.29785 802.582 0.01764706 -156
3 713.4447 805.7066 0.019607844 -156
4 686.31396 807.5827 0.019607844 -182
5 654.82416 809.5783 0.019607844 -198
6 623.0406 810.4143 0.019607844 -214
7 593.2431 811.5773 0.019607844 -231
8 564.6581 812.5768 0.019607844 -247
9 539.9986 813.57623 0.019607844 -264
10 517.33093 813.57623 0.019607844 -280
11 498.8813 814.9412 0.019607844 -297
12 483.56732 815.5752 0.019607844 -313
13 470.39447 816.74176 0.019607844 -330
14 459.2928 816.5747 0.019607844 -346
15 450.9722 816.5747 0.019607844 -363
16 444.2874 816.5747 0.019607844 -379
17 439.28558 816.5747 0.019607844 -396
18 435.54056 816.5747 0.019607844 -412
19 431.80685 816.5747 0.019607844 -429
20 427.48633 816.5747 0.019607844 -445
21 423.77078 816.5747 0.019607844 -478
22 421.13028 817.3142 0.019607844 -511
23 410.10535 830.5873 0.019607844 -528
24 399.9101 855.95294 0.019607844 -561
25 393.24908 889.72845 0.019607844 -594
26 385.65063 1004.27606 0.019607844 -610
27 382.6457 1061.122 0.019607844 -643
28 382.6457 1062.4467 0.019607844 -660
29 379.64847 1100.4269 0.019607844 -660
0 887.1785 799.58356 0.01764706 -58
1 880.185 799.58356 0.01764706 -58
2 875.18964 799.58356 0.01764706 -73
3 862.20166 799.58356 0.01764706 -98
4 813.38007 799.58356 0.01764706 -98
5 764.49115 799.58356 0.01764706 -141
6 736.49084 799.58356 0.01764706 -173
7 707.524 799.58356 0.01764706 -190
8 679.79724 799.58356 0.01764706 -206
9 652.4495 799.58356 0.01764706 -223
10 627.9233 799.58356 0.01764706 -239
11 581.879 799.58356 0.01764706 -256
12 540.77997 799.58356 0.019607844 -289
13 526.09424 799.58356 0.019607844 -322
14 513.6702 799.58356 0.019607844 -338
15 504.78915 799.58356 0.019607844 -355
16 497.81168 799.58356 0.019607844 -371
17 486.92755 799.58356 0.019607844 -388
18 480.38623 799.58356 0.019607844 -421
19 472.80322 799.58356 0.019607844 -454
20 464.8362 799.58356 0.019607844 -487
21 460.15744 799.58356 0.019607844 -520
22 451.16672 801.7902 0.019607844 -536
23 451.16672 801.7902 0.019607844 -569
24 417.6133 935.51276 0.019607844 -705
25 419.13004 971.5189 0.019607844 -705
26 427.5899 1074.3269 0.019607844 -718
27 427.5899 1074.3269 0.019607844 -751
0 850.21277 748.6101 0.019607844 -40
1 850.21277 748.6101 0.019607844 -40
2 844.0643 749.9941 0.019607844 -59
3 833.291 751.9313 0.019607844 -75
4 821.2396 754.60693 0.019607844 -92
5 811.24884 756.6059 0.019607844 -106
6 788.27014 760.6038 0.019607844 -132
7 725.56165 769.717 0.019607844 -132
8 669.87354 776.496 0.019607844 -175
9 643.16223 778.45935 0.019607844 -208
10 615.3293 784.3844 0.019607844 -225
11 564.4242 791.8265 0.019607844 -241
12 516.70435 796.5851 0.019607844 -274
13 489.2942 797.5846 0.019607844 -308
14 478.73416 797.5846 0.019607844 -341
15 470.3613 797.5846 0.019607844 -357
16 464.83838 797.5846 0.019607844 -374
17 460.06647 797.5846 0.019607844 -391
18 456.2331 797.5846 0.019607844 -407
19 454.04776 797.5846 0.019607844 -424
20 452.17215 797.5846 0.019607844 -440
21 450.28595 797.5846 0.019607844 -457
22 448.38806 797.5846 0.019607844 -473
23 446.52832 797.5846 0.019607844 -490
24 444.62955 797.5846 0.019607844 -507
25 442.7569 797.5846 0.019607844 -523
26 442.5902 797.5846 0.019607844 -540
27 441.59113 797.5846 0.019607844 -541
28 406.6235 1210.3696 0.019607844 -729
29 406.6235 1269.3389 0.019607844 -729
30 405.62442 1299.3232 0.019607844 -744
31 405.62442 1327.3087 0.019607844 -761
32 404.62534 1357.2931 0.019607844 -761
33 404.62534 1381.2805 0.019607844 -777
34 395.63367 1515.2108 0.019607844 -777
35 395.63367 1527.2046 0.019607844 -835
36 392.63644 1557.189 0.019607844 -859
37 391.6374 1574.4403 0.019607844 -859
38 391.6374 1582.8408 0.019607844 -881
39 391.6374 1584.1749 0.019607844 -898
40 391.6374 1587.1733 0.019607844 -900
0 857.2063 360.81207 0.019607844 -31
1 851.83765 360.81207 0.01764706 -31
2 834.2467 363.031 0.01764706 -57
3 784.2598 367.87177 0.01764706 -73
4 729.49097 370.80685 0.01764706 -106
5 673.7357 370.80685 0.01764706 -139
6 644.00745 370.80685 0.01764706 -172
7 616.81537 370.80685 0.01764706 -189
8 585.7402 370.80685 0.01764706 -205
9 569.1693 370.80685 0.01764706 -222
10 532.7863 371.80634 0.01764706 -238
11 515.8018 371.80634 0.01764706 -255
12 505.61267 371.80634 0.01764706 -271
13 459.61032 380.18146 0.019607844 -288
14 449.19763 378.32565 0.01764706 -320
15 442.497 376.53058 0.01764706 -337
16 437.41003 374.74316 0.01764706 -353
17 433.66193 374.80478 0.01764706 -370
18 430.0464 374.80478 0.01764706 -386
19 428.0121 374.80478 0.01764706 -403
20 426.21622 374.80478 0.01764706 -419
21 422.13974 379.27185 0.019607844 -436
22 412.0291 385.69644 0.019607844 -452
23 406.27463 387.58118 0.019607844 -485
24 402.39642 389.41266 0.019607844 -502
25 398.62842 391.7984 0.019607844 -518
26 393.5934 396.83548 0.019607844 -535
27 389.02792 406.2359 0.01764706 -551
28 383.64478 429.77615 0.019607844 -568
29 366.6605 439.77094 0.023529414 -584
30 387.64108 592.6913 0.01764706 -636
31 401.79382 648.94977 0.01764706 -636
32 412.01675 770.0015 0.019607844 -651
33 407.62256 776.5955 0.023529414 -684
34 398.6309 802.582 0.023529414 -688
35 416.61426 980.4893 0.021568628 -746
36 434.5976 1024.4664 0.019607844 -746
37 444.58835 1048.4539 0.01764706 -762
38 457.062 1101.9882 0.019607844 -762
39 463.57077 1132.4102 0.01764706 -784
40 448.58466 1140.406 0.023529414 -803
41 454.5791 1177.3867 0.019607844 -828
42 455.5782 1200.8057 0.01764706 -828
43 455.5782 1203.3732 0.01764706 -849
44 442.5902 1203.3732 0.023529414 -853
0 811.24884 374.80478 0.01764706 -74
1 801.2581 373.8053 0.019607844 -74
2 779.27844 381.80115 0.019607844 -98
3 759.29694 386.79852 0.019607844 -98
4 707.34503 376.80374 0.023529414 -115
5 701.3506 379.8022 0.019607844 -140
6 684.1037 379.78342 0.01764706 -140
7 638.19434 379.112 0.01764706 -166
8 585.7714 389.31415 0.019607844 -198
9 535.6954 394.0668 0.019607844 -231
10 498.9525 396.11078 0.01764706 -264
11 457.89587 391.55026 0.019607844 -297
12 447.77246 386.39227 0.01764706 -331
13 441.00317 383.27087 0.01764706 -347
14 435.48868 381.43198 0.01764706 -364
15 429.607 377.80798 0.01764706 -380
16 419.37354 377.80322 0.01764706 -413
17 413.36572 377.80322 0.01764706 -446
18 411.5187 377.80322 0.01764706 -479
19 403.56937 382.17227 0.019607844 -496
20 392.8516 396.755 0.019607844 -529
21 388.64014 416.78293 0.019607844 -562
22 371.65588 425.77823 0.023529414 -576
23 388.64014 553.7116 0.01764706 -620
24 406.1992 647.9799 0.01764706 -620
25 416.50397 780.2724 0.019607844 -644
26 422.6087 903.7653 0.019607844 -677
27 423.6078 997.9938 0.01764706 -710
28 419.35696 1064.267 0.01764706 -743
29 418.6124 1078.8909 0.01764706 -776
30 417.6133 1087.1852 0.01764706 -793
31 417.6133 1100.1174 0.019607844 -809
32 417.6133 1110.3197 0.019607844 -826
33 417.6133 1115.9397 0.019607844 -842
34 417.6133 1120.7684 0.019607844 -859
35 417.6133 1120.7684 0.019607844 -875
0 839.22296 803.5814 0.01764706 -42
1 837.7595 803.5814 0.01764706 -42
2 819.43524 803.5814 0.01764706 -51
3 775.9922 805.44885 0.019607844 -84
4 748.81476 805.5804 0.019607844 -117
5 718.0771 805.5804 0.019607844 -134
6 686.98987 805.5804 0.019607844 -150
7 653.70123 805.5804 0.019607844 -167
8 622.2443 806.0914 0.019607844 -183
9 592.4187 806.5799 0.019607844 -200
10 562.7053 806.5799 0.019607844 -216
11 537.77844 806.5799 0.019607844 -233
12 515.696 806.5799 0.019607844 -249
13 474.75034 807.57935 0.019607844 -266
14 452.94348 807.57935 0.019607844 -299
15 444.98868 807.57935 0.019607844 -332
16 435.7497 807.57935 0.019607844 -348
17 432.0771 807.57935 0.019607844 -381
18 429.40656 807.57935 0.019607844 -398
19 427.54578 807.57935 0.019607844 -414
20 425.6487 807.57935 0.019607844 -431
21 423.7878 807.57935 0.019607844 -447
22 421.22104 808.9675 0.019607844 -464
23 416.28995 816.22406 0.019607844 -480
24 410.21872 829.83777 0.019607844 -497
25 400.19376 880.5912 0.019607844 -513
26 400.19376 880.5912 0.019607844 -546
27 406.6235 1061.4471 0.019607844 -595
28 410.56848 1118.8248 0.019607844 -595
29 412.49106 1182.3357 0.01764706 -612
30 413.61703 1232.4619 0.019607844 -629
31 412.96725 1283.8428 0.019607844 -645
32 409.62073 1376.5142 0.019607844 -662
33 404.62534 1450.3635 0.019607844 -695
34 400.62906 1506.1581 0.019607844 -728
35 400.62906 1533.572 0.019607844 -761
36 400.11594 1547.3572 0.019607844 -794
37 399.62997 1563.6031 0.01764706 -810
38 399.62997 1571.7427 0.01764706 -827
39 399.62997 1576.1791 0.01764706 -843
40 399.62997 1578.178 0.01764706 -856
0 864.1998 799.58356 0.01764706 -23
1 863.10205 799.58356 0.01764706 -23
2 857.8523 799.58356 0.01764706 -41
3 845.9975 799.58356 0.019607844 -58
4 828.81165 799.58356 0.019607844 -74
5 778.219 799.58356 0.019607844 -91
6 746.7959 799.58356 0.019607844 -124
7 714.0665 799.58356 0.019607844 -140
8 678.31213 798.0155 0.019607844 -157
9 644.22974 796.8046 0.01764706 -173
10 609.1569 792.0512 0.019607844 -190
11 563.40814 795.589 0.01764706 -206
12 534.48956 792.45496 0.019607844 -223
13 508.2183 794.3025 0.019607844 -239
14 485.05087 796.0854 0.019607844 -256
15 469.0695 794.97437 0.019607844 -272
16 442.65186 795.58563 0.019607844 -289
17 432.25974 795.58563 0.019607844 -322
18 424.84885 795.58563 0.019607844 -338
19 419.0752 795.58563 0.019607844 -355
20 414.93542 795.58563 0.019607844 -371
21 411.17648 795.58563 0.019607844 -388
22 409.619 795.58563 0.019607844 -404
23 406.0395 795.58563 0.019607844 -421
24 404.1824 795.58563 0.019607844 -454
25 402.34262 795.58563 0.019607844 -470
26 399.31564 797.7418 0.019607844 -487
27 393.57483 814.75793 0.019607844 -503
28 389.9305 835.8152 0.019607844 -520
29 389.63922 837.5637 0.019607844 -536
30 387.64108 861.5513 0.01764706 -538
31 390.6383 943.50854 0.019607844 -581
32 395.5329 1008.0684 0.019607844 -581
33 399.51575 1065.202 0.019607844 -602
34 402.6272 1085.4347 0.019607844 -619
35 407.62256 1133.4097 0.019607844 -626
36 412.61795 1199.3752 0.019607844 -651
37 413.61703 1231.3586 0.019607844 -651
38 415.61517 1258.3446 0.019607844 -660
39 420.61053 1443.2483 0.019607844 -734
40 420.61053 1503.6744 0.019607844 -734
41 420.61053 1521.4506 0.019607844 -767
42 419.59503 1547.4739 0.01764706 -784
43 419.61148 1564.21 0.01764706 -800
44 419.61148 1573.1583 0.019607844 -817
45 419.61148 1583.9974 0.019607844 -833
46 419.61148 1589.08 0.019607844 -866
47 420.5945 1591.1553 0.01764706 -899
48 420.61053 1591.1713 0.01764706 -916
49 420.61053 1592.1707 0.01764706 -916
0 867.197 811.5773 0.01764706 -73
1 864.1998 810.5778 0.019607844 -73
2 845.2174 809.5783 0.01764706 -106
3 834.2276 808.57886 0.01764706 -106
4 823.23773 808.57886 0.01764706 -114
5 792.2664 807.57935 0.01764706 -139
6 703.85156 804.58093 0.019607844 -139
7 636.8778 806.37604 0.019607844 -184
8 602.0198 807.57935 0.019607844 -216
9 572.3507 808.2115 0.019607844 -232
10 522.2003 810.5778 0.019607844 -249
11 497.85568 811.88403 0.019607844 -282
12 475.53256 813.73206 0.019607844 -298
13 458.44525 814.59204 0.019607844 -315
14 446.2043 814.57574 0.019607844 -331
15 435.8292 814.57574 0.019607844 -348
16 428.0818 814.57574 0.019607844 -364
17 422.22906 814.57574 0.019607844 -381
18 418.03537 814.57574 0.019607844 -397
19 411.65344 814.57574 0.019607844 -414
20 407.91028 813.57623 0.019607844 -447
21 405.98584 813.57623 0.019607844 -480
22 404.15424 813.57623 0.019607844 -496
23 402.20532 813.57623 0.019607844 -513
24 396.7098 824.72375 0.019607844 -529
25 391.10712 842.6841 0.019607844 -546
26 386.55167 879.0792 0.019607844 -562
27 384.64386 943.50854 0.019607844 -579
28 384.64386 979.4898 0.019607844 -605
29 396.63275 1142.405 0.019607844 -665
30 397.09308 1185.7444 0.019607844 -665
31 397.63184 1240.0012 0.019607844 -678
32 395.01498 1298.8506 0.019607844 -694
33 391.86755 1361.7562 0.019607844 -711
34 389.38895 1394.7828 0.019607844 -727
35 385.43594 1436.5664 0.019607844 -744
36 383.49512 1465.3339 0.019607844 -760
37 379.3146 1497.2251 0.019607844 -777
38 377.48816 1516.8333 0.019607844 -793
39 375.51996 1533.26 0.019607844 -810
40 372.52148 1559.5236 0.01764706 -826
41 370.53082 1569.8129 0.01764706 -843
42 370.6568 1576.6482 0.01764706 -859
43 370.6568 1580.4966 0.01764706 -876
44 370.6568 1581.1764 0.01764706 -892
45 370.6568 1582.1759 0.01764706 -899
0 851.21185 795.58563 0.01764706 -32
1 838.2434 795.58563 0.01764706 -32
2 821.37616 795.58563 0.01764706 -51
3 802.29224 797.7631 0.019607844 -68
4 775.1887 799.6676 0.019607844 -84
5 716.08655 806.3613 0.019607844 -101
6 683.16095 810.0735 0.019607844 -134
7 650.5519 812.23334 0.019607844 -151
8 620.16925 814.09204 0.019607844 -167
9 588.89624 815.0034 0.019607844 -184
10 555.69525 816.8563 0.019607844 -200
11 530.5923 818.721 0.019607844 -217
12 494.51947 818.57367 0.019607844 -233
13 468.16968 818.57367 0.019607844 -267
14 458.7037 818.57367 0.019607844 -300
15 451.7625 818.57367 0.019607844 -316
16 445.58768 818.57367 0.019607844 -333
17 441.22296 818.57367 0.019607844 -349
18 437.52875 818.57367 0.019607844 -366
19 433.77505 818.57367 0.019607844 -383
20 429.9954 819.37646 0.019607844 -399
21 425.64572 823.8378 0.019607844 -416
22 420.03238 831.1458 0.019607844 -432
23 408.70404 850.6978 0.019607844 -449
24 401.77847 875.72955 0.019607844 -482
25 395.71643 942.0184 0.019607844 -499
26 394.0589 1031.9022 0.019607844 -532
27 393.63553 1122.4154 0.019607844 -565
28 392.63644 1154.3987 0.019607844 -585
0 859.20447 803.5814 0.01764706 -62
1 856.9553 803.5814 0.01764706 -62
2 846.9967 803.5814 0.019607844 -80
3 832.377 805.56195 0.019607844 -96
4 813.2452 807.47955 0.019607844 -113
5 761.17053 814.0593 0.019607844 -129
6 731.4526 817.80786 0.019607844 -162
7 700.0907 820.1176 0.019607844 -179
8 669.1681 823.4726 0.019607844 -195
9 612.4653 827.6919 0.019607844 -212
10 598.44586 828.5684 0.019607844 -245
11 584.45886 829.56793 0.019607844 -252
12 546.494 837.5637 0.019607844 -277
13 499.5461 846.0123 0.01764706 -277
14 482.78967 849.15314 0.01764706 -310
15 469.68658 851.0365 0.01764706 -327
16 459.87927 852.8948 0.01764706 -343
17 452.71664 852.55597 0.01764706 -360
18 446.15903 852.55597 0.01764706 -376
19 437.86282 852.55597 0.01764706 -393
20 434.78668 852.55597 0.01764706 -426
21 432.91565 852.55597 0.01764706 -442
22 431.05777 852.55597 0.01764706 -459
23 429.18594 852.55597 0.01764706 -475
24 419.07837 876.1445 0.01764706 -492
25 414.45468 897.5019 0.019607844 -525
26 411.61887 945.5347 0.01764706 -541
27 412.61795 1001.4784 0.019607844 -558
28 412.61795 1039.4586 0.01764706 -575
29 423.6078 1205.3722 0.019607844 -634
30 424.60684 1287.6274 0.019607844 -634
31 423.91202 1344.1648 0.019607844 -657
32 422.6087 1387.6085 0.019607844 -673
33 419.3629 1429.87 0.01764706 -690
34 412.0602 1494.3623 0.01764706 -706
35 408.11707 1527.7396 0.019607844 -739
36 404.09622 1547.49 0.01764706 -772
37 402.6272 1562.2374 0.01764706 -789
38 402.6272 1570.6315 0.01764706 -805
39 402.6272 1576.0853 0.01764706 -822
40 402.6272 1579.6296 0.01764706 -838
41 402.6272 1581.6356 0.01764706 -855
42 403.08173 1583.6301 0.01764706 -871
43 403.62628 1584.1749 0.01764706 -888
44 404.62534 1585.1743 0.01764706 -892
0 948.12213 616.6788 0.01764706 -26
1 948.12213 616.6788 0.01764706 -26
2 948.12213 616.6788 0.01764706 -34
3 939.13043 616.6788 0.01764706 -67
4 933.8161 616.6788 0.01764706 -67
5 919.29156 616.6788 0.01764706 -76
6 896.3497 616.6788 0.01764706 -93
7 870.7266 616.6788 0.01764706 -109
8 842.20825 616.6788 0.01764706 -126
9 813.9273 616.6788 0.01764706 -142
10 754.5781 618.05963 0.01764706 -158
11 721.47345 617.6783 0.01764706 -192
12 695.7398 617.6783 0.01764706 -208
13 669.67285 627.19855 0.019607844 -224
14 640.71765 633.82886 0.019607844 -241
15 619.41266 637.48865 0.019607844 -257
16 599.8066 640.43024 0.019607844 -274
17 583.16876 644.9711 0.019607844 -290
18 569.7753 646.6632 0.019607844 -307
19 557.95984 646.6632 0.019607844 -323
20 546.8368 645.3877 0.019607844 -340
21 537.5677 644.66425 0.019607844 -356
22 529.4153 643.66473 0.019607844 -373
23 522.842 643.66473 0.019607844 -389
24 518.043 643.66473 0.019607844 -406
25 514.3312 643.0688 0.019607844 -422
26 510.66464 641.23474 0.019607844 -439
27 507.45886 641.6658 0.019607844 -455
28 505.54605 641.6658 0.019607844 -488
29 501.83105 647.21936 0.01764706 -505
30 499.8207 652.80945 0.01764706 -521
31 497.39166 662.394 0.01764706 -538
32 495.54117 684.6434 0.01764706 -554
33 494.54208 696.63715 0.01764706 -567
34 503.53375 799.58356 0.01764706 -610
35 507.8233 833.8954 0.019607844 -610
36 528.2807 982.8313 0.019607844 -620
37 533.50604 1036.4602 0.01764706 -653
38 535.50415 1056.4497 0.01764706 -662
39 539.5005 1118.4175 0.01764706 -687
40 540.4995 1144.4039 0.019607844 -687
41 542.4977 1172.3894 0.01764706 -703
42 542.4977 1187.3816 0.01764706 -703
43 539.5005 1305.3201 0.01764706 -753
44 529.88983 1374.3817 0.01764706 -753
45 527.7129 1387.2699 0.01764706 -802
46 525.5134 1396.188 0.01764706 -818
47 523.7717 1407.983 0.019607844 -835
48 520.8032 1419.8335 0.019607844 -851
49 518.8281 1427.331 0.019607844 -868
50 516.832 1432.6328 0.019607844 -884
51 515.52264 1436.6443 0.019607844 -901
52 515.52264 1438.2509 0.019607844 -917
53 515.52264 1439.2504 0.019607844 -928
0 837.2248 805.5804 0.019607844 -26
1 831.2098 805.5804 0.019607844 -26
2 818.19415 806.5799 0.019607844 -51
3 773.2918 810.42346 0.01764706 -68
4 712.6506 813.57623 0.01764706 -101
5 643.9171 814.57574 0.019607844 -134
6 583.48444 814.57574 0.019607844 -167
7 558.82275 814.57574 0.019607844 -200
8 537.6164 814.57574 0.019607844 -216
9 518.68097 815.5752 0.019607844 -233
10 496.71307 815.5752 0.019607844 -249
11 480.73944 814.5988 0.01764706 -266
12 468.42993 812.72064 0.019607844 -282
13 457.8612 812.5768 0.019607844 -299
14 449.09225 810.95465 0.019607844 -315
15 442.0928 809.5783 0.019607844 -332
16 436.4972 808.2128 0.019607844 -348
17 430.9491 808.57886 0.019607844 -365
18 427.25552 807.57935 0.019607844 -381
19 424.55264 807.57935 0.019607844 -398
20 422.66998 807.57935 0.019607844 -414
21 420.80255 807.57935 0.019607844 -431
22 417.6133 807.57935 0.019607844 -447
23 415.61517 809.5783 0.019607844 -476
24 409.62073 820.5726 0.019607844 -501
25 403.62628 840.5622 0.019607844 -501
26 399.62997 862.5507 0.01764706 -519
27 402.6272 1018.46954 0.019607844 -570
28 404.89682 1062.7455 0.019607844 -570
29 408.58408 1196.2484 0.019607844 -579
30 408.62164 1262.9769 0.019607844 -612
31 404.8477 1324.8601 0.019607844 -629
32 397.14963 1381.7881 0.019607844 -645
33 389.28018 1434.7292 0.01764706 -662
34 381.74176 1476.9738 0.019607844 -678
35 369.37466 1541.6581 0.01764706 -695
36 365.8375 1562.9525 0.01764706 -728
37 363.83786 1572.4819 0.01764706 -744
38 362.6642 1581.1764 0.01764706 -761
39 362.6642 1583.1754 0.01764706 -787
0 858.2054 800.583 0.01764706 0
1 856.2072 800.583 0.01764706 -17
2 856.2072 800.583 0.01764706 -43
3 841.22107 800.583 0.01764706 -66
4 809.3678 802.6555 0.019607844 -66
5 750.5147 803.5814 0.019607844 -92
6 688.62933 805.5804 0.019607844 -125
7 658.5099 805.5804 0.019607844 -158
8 631.0743 807.20233 0.019607844 -175
9 579.58203 807.57935 0.019607844 -191
10 534.1064 810.5778 0.019607844 -224
11 494.9394 811.5773 0.019607844 -257
12 467.4629 811.5773 0.019607844 -290
13 456.01324 811.5773 0.019607844 -323
14 448.11343 811.5773 0.019607844 -340
15 440.8747 811.5773 0.019607844 -356
16 435.29425 811.5773 0.019607844 -373
17 426.14774 811.5773 0.019607844 -389
18 418.6379 811.5773 0.019607844 -422
19 416.3153 811.5773 0.019607844 -455
20 412.65262 811.5773 0.019607844 -472
21 410.80246 811.5773 0.019607844 -505
22 408.39688 812.18945 0.019607844 -521
23 405.62442 814.57574 0.019607844 -538
24 403.62628 817.57416 0.019607844 -550
25 396.63275 831.5669 0.019607844 -577
26 393.63553 841.56165 0.019607844 -577
27 391.6374 854.5549 0.019607844 -585
28 389.63922 909.52625 0.019607844 -611
29 390.6383 1041.6355 0.019607844 -611
30 390.6383 1089.8842 0.019607844 -654
31 390.6383 1141.0022 0.019607844 -670
32 388.64014 1194.6439 0.019607844 -686
33 387.5255 1256.8564 0.019607844 -703
34 382.59067 1309.8959 0.019607844 -719
35 377.67212 1349.1447 0.019607844 -736
36 372.8502 1401.1204 0.019607844 -752
37 367.9409 1444.2767 0.019607844 -785
38 367.65958 1465.3938 0.019607844 -818
39 367.65958 1479.9723 0.019607844 -851
40 368.65866 1495.9382 0.01764706 -884
41 372.187 1512.8069 0.01764706 -917
42 374.6531 1518.2092 0.01764706 -950
43 375.65216 1519.2087 0.01764706 -970
0 862.20166 801.5825 0.01764706 -17
1 858.89636 801.5825 0.01764706 -43
2 849.6254 800.583 0.01764706 -69
3 830.6663 800.583 0.01764706 -86
4 804.6954 800.583 0.01764706 -102
5 773.80316 802.4926 0.01764706 -119
6 735.4664 805.2658 0.019607844 -135
7 699.2751 808.061 0.019607844 -152
8 663.2757 810.19525 0.019607844 -168
9 626.9513 812.0754 0.019607844 -185
10 592.3441 815.36505 0.019607844 -201
11 564.68945 818.04736 0.019607844 -218
12 507.38504 822.5819 0.019607844 -234
13 470.1008 826.35016 0.019607844 -267
14 449.45627 826.56946 0.019607844 -300
15 443.32315 826.56946 0.019607844 -333
16 437.74274 826.56946 0.019607844 -350
17 434.23392 826.56946 0.019607844 -366
18 428.7853 826.56946 0.019607844 -383
19 422.49307 828.1265 0.019607844 -416
20 418.62408 830.0618 0.019607844 -449
21 411.62476 837.55786 0.019607844 -465
22 405.9745 846.6417 0.019607844 -482
23 392.63644 890.53613 0.019607844 -498
24 389.63922 907.5273 0.019607844 -523
25 382.6457 972.49347 0.019607844 -558
26 379.05725 1038.0287 0.019607844 -558
27 377.65033 1137.4672 0.019607844 -581
28 375.65216 1196.8644 0.019607844 -614
29 374.6531 1317.8813 0.019607844 -630
30 371.62323 1366.0077 0.019607844 -663
31 368.72897 1411.6313 0.019607844 -680
32 367.65958 1445.5369 0.019607844 -696
33 362.8631 1504.0267 0.019607844 -713
34 362.6642 1522.9199 0.019607844 -746
35 361.8903 1539.1699 0.019607844 -762
36 358.5037 1553.9622 0.019607844 -779
37 354.97925 1563.9537 0.019607844 -795
38 353.03122 1570.1079 0.019607844 -812
39 351.11343 1574.3029 0.019607844 -828
40 350.6753 1578.3257 0.019607844 -845
41 350.6753 1579.1775 0.019607844 -861
42 350.6753 1580.177 0.019607844 -865
0 804.2553 800.583 0.019607844 -44
1 802.2572 800.583 0.019607844 -44
2 799.25995 800.583 0.019607844 -51
3 789.2692 800.583 0.019607844 -76
4 757.14453 804.68585 0.019607844 -76
5 704.21796 814.1933 0.019607844 -103
6 636.0012 828.3701 0.019607844 -135
7 600.00616 834.05585 0.019607844 -168
8 567.68884 839.5837 0.019607844 -185
9 534.2726 844.3072 0.019607844 -201
10 498.5964 850.97894 0.019607844 -218
11 471.36584 855.431 0.019607844 -234
12 452.75208 858.31165 0.019607844 -251
13 438.3608 860.15674 0.019607844 -267
14 425.5868 861.98236 0.019607844 -284
15 416.50696 861.5513 0.019607844 -300
16 408.22528 861.5513 0.019607844 -317
17 399.85507 861.5513 0.019607844 -333
18 393.30954 861.5513 0.019607844 -350
19 389.41467 861.5513 0.019607844 -366
20 385.7733 861.5513 0.019607844 -383
21 382.16058 861.5513 0.019607844 -399
22 380.48502 861.5513 0.019607844 -416
23 376.89905 857.8013 0.019607844 -432
24 373.19928 855.5544 0.019607844 -465
25 371.40854 855.5544 0.019607844 -498
26 369.5204 855.5544 0.019607844 -515
27 357.8874 872.8891 0.019607844 -531
28 347.18222 932.4848 0.019607844 -581
29 346.67902 977.65894 0.019607844 -614
30 350.64316 1062.2249 0.019607844 -630
31 353.36203 1128.7505 0.019607844 -647
32 353.67252 1133.4097 0.019607844 -663
33 354.6716 1169.3909 0.019607844 -664
34 358.6679 1303.3212 0.019607844 -707
35 357.9989 1387.7052 0.019607844 -707
36 349.64584 1482.5015 0.019607844 -729
37 345.6684 1511.282 0.019607844 -762
38 343.2326 1533.1466 0.019607844 -779
39 338.92877 1549.2228 0.019607844 -795
40 335.68918 1564.8309 0.019607844 -812
41 335.68918 1566.1842 0.019607844 -845
42 335.68918 1568.1832 0.019607844 -850
