0 860.2035 410.78604 0.019607844 -277
1 868.71387 415.30194 0.019607844 -277
2 871.19336 417.7824 0.019607844 -316
3 871.19336 417.7824 0.019607844 -349
4 871.19336 417.7824 0.019607844 -382
5 871.19336 417.7824 0.019607844 -384
6 836.2257 424.77875 0.019607844 -482
7 836.2257 424.77875 0.019607844 -482
8 835.2266 424.77875 0.01764706 -498
9 835.2266 424.77875 0.01764706 -509
10 776.28125 426.7777 0.019607844 -555
11 776.28125 426.7777 0.019607844 -555
12 774.2831 426.7777 0.01764706 -564
13 774.2831 426.7777 0.01764706 -572
14 715.33765 427.7772 0.019607844 -600
15 713.3395 427.7772 0.01764706 -600
16 713.3395 427.7772 0.01764706 -618
17 654.3941 429.77615 0.019607844 -645
18 654.3941 429.77615 0.019607844 -645
19 654.3941 429.77615 0.019607844 -655
20 592.4514 430.77563 0.01764706 -691
21 590.4533 430.77563 0.01764706 -691
22 590.4533 430.77563 0.01764706 -710
23 536.50323 430.77563 0.019607844 -737
24 531.5079 430.77563 0.01764706 -737
25 531.5079 430.77563 0.01764706 -765
26 476.55875 431.77512 0.019607844 -802
27 476.41638 431.77512 0.01764706 -802
28 468.0666 431.77512 0.01764706 -829
29 468.0666 431.77512 0.01764706 -861
30 427.60406 434.77356 0.01764706 -884
31 427.60406 434.77356 0.01764706 -884
32 427.60406 434.77356 0.019607844 -911
33 427.60406 434.77356 0.01764706 -944
34 427.60406 434.77356 0.01764706 -977
35 421.60962 437.77197 0.019607844 -1010
36 392.63644 429.77615 0.025490198 -1033
37 356.66974 503.7376 0.023529414 -1140
38 353.67252 514.7319 0.023529414 -1140
39 388.64014 608.683 0.019607844 -1167
40 401.90762 658.19574 0.019607844 -1167
41 408.12213 694.6382 0.01764706 -1191
42 412.2386 740.7477 0.019607844 -1207
43 415.019 781.83563 0.019607844 -1224
44 415.019 781.83563 0.023529414 -1241
45 404.62534 995.4815 0.023529414 -1327
46 401.6281 1007.4752 0.023529414 -1327
47 430.6013 1065.4451 0.01764706 -1350
48 439.59296 1087.4336 0.019607844 -1350
49 433.5985 1090.432 0.023529414 -1359
50 445.58743 1128.4122 0.01764706 -1385
51 454.77872 1161.794 0.019607844 -1385
52 457.57632 1177.3867 0.019607844 -1423
53 444.58835 1174.3883 0.023529414 -1444
0 928.1406 553.7116 0.01764706 -92
1 924.0054 553.7116 0.01764706 -92
2 919.3406 553.7116 0.01764706 -110
3 916.4597 553.7116 0.01764706 -143
4 912.9677 553.7116 0.01764706 -159
5 908.68365 553.7116 0.01764706 -176
6 901.4574 553.7116 0.01764706 -192
7 890.2076 553.7116 0.01764706 -209
8 876.11615 553.7116 0.01764706 -225
9 858.8987 553.7116 0.01764706 -242
10 837.2584 554.71106 0.01764706 -258
11 816.6704 555.7106 0.01764706 -275
12 773.48206 569.4039 0.019607844 -291
13 751.5904 575.12885 0.019607844 -324
14 728.93787 580.79425 0.019607844 -341
15 704.8621 593.14325 0.01764706 -357
16 680.20526 599.9787 0.01764706 -374
17 666.383 602.6861 0.01764706 -390
18 653.395 605.6845 0.01764706 -399
19 631.41534 608.683 0.01764706 -425
20 594.8828 612.0963 0.01764706 -425
21 594.8828 612.0963 0.01764706 -456
22 572.4699 613.68036 0.01764706 -479
23 551.2028 613.68036 0.01764706 -479
24 539.0829 614.6798 0.01764706 -506
25 530.3731 614.6798 0.01764706 -522
26 523.18835 614.6798 0.01764706 -539
27 523.18835 614.6798 0.01764706 -555
28 506.531 614.6798 0.019607844 -615
29 501.43073 622.3333 0.019607844 -615
30 496.39816 636.0952 0.01764706 -638
31 493.18393 645.5623 0.01764706 -654
32 488.66418 688.00867 0.01764706 -671
33 488.54764 689.6408 0.01764706 -704
34 487.54858 699.63556 0.01764706 -705
35 499.53748 916.52264 0.01764706 -791
36 500.88876 940.8561 0.01764706 -791
37 504.97638 995.4751 0.01764706 -803
38 506.56305 1065.8877 0.019607844 -819
39 508.52914 1119.828 0.01764706 -836
40 509.52823 1179.6055 0.01764706 -852
41 509.52823 1228.7361 0.019607844 -869
42 507.53006 1306.6652 0.01764706 -885
43 504.91812 1368.6594 0.01764706 -918
44 504.53284 1384.1497 0.01764706 -951
45 503.53375 1391.9037 0.01764706 -968
46 503.04358 1397.2535 0.01764706 -984
47 502.5347 1403.6261 0.01764706 -1001
48 502.5347 1403.6261 0.01764706 -1034
0 840.22205 368.8079 0.01764706 -66
1 840.22205 368.8079 0.01764706 -66
2 838.2239 367.8084 0.019607844 -74
3 822.23865 368.8079 0.019607844 -115
4 804.2553 378.8027 0.019607844 -115
5 760.296 375.80426 0.023529414 -141
6 753.3025 380.80167 0.019607844 -166
7 709.04974 398.93695 0.019607844 -166
8 683.62775 404.47128 0.019607844 -207
9 629.6188 415.48315 0.01764706 -224
10 575.1727 422.90918 0.01764706 -257
11 518.82666 426.7777 0.01764706 -290
12 503.16388 428.25098 0.01764706 -323
13 477.2246 429.77615 0.019607844 -339
14 459.39484 429.77615 0.01764706 -356
15 449.1413 429.77615 0.01764706 -372
16 436.83353 429.77615 0.01764706 -389
17 434.5976 429.77615 0.01764706 -422
18 434.5976 429.77615 0.01764706 -431
19 191.82239 419.78134 0.015686275 -555
20 191.82239 419.78134 0.015686275 -555
21 244.77336 686.64233 0.015686275 -693
22 244.77336 689.6408 0.015686275 -693
23 244.77336 726.7587 0.015686275 -702
24 246.5883 831.98206 0.015686275 -719
25 248.55959 876.91754 0.015686275 -752
26 248.76965 916.15686 0.015686275 -768
27 249.76874 964.65137 0.015686275 -785
28 249.76874 999.72644 0.015686275 -801
29 249.76874 1023.75476 0.015686275 -818
30 249.76874 1042.5701 0.015686275 -834
31 249.76874 1057.2013 0.015686275 -851
32 249.76874 1071.4419 0.015686275 -867
33 249.76874 1071.4419 0.015686275 -896
0 870.1943 750.609 0.01764706 -23
1 870.1943 750.609 0.01764706 -38
2 851.21185 748.6101 0.019607844 -87
3 830.23126 751.6085 0.01764706 -87
4 821.2396 752.608 0.019607844 -112
5 790.26825 758.60486 0.019607844 -146
6 751.4009 770.5471 0.019607844 -146
7 726.9137 772.4129 0.019607844 -172
8 709.3432 778.5945 0.01764706 -188
9 694.35706 782.5924 0.01764706 -198
10 664.3848 789.58875 0.01764706 -224
11 642.40894 792.6635 0.019607844 -224
12 594.771 796.791 0.019607844 -238
13 572.79205 798.73645 0.019607844 -270
14 529.37683 802.37463 0.019607844 -287
15 514.0762 802.582 0.019607844 -320
16 501.59256 802.582 0.019607844 -336
17 491.93085 804.1039 0.019607844 -353
18 483.94928 804.9814 0.019607844 -369
19 469.50858 807.5935 0.019607844 -386
20 462.4934 808.59845 0.019607844 -419
21 455.87756 810.47797 0.019607844 -435
22 450.2761 812.3459 0.019607844 -452
23 446.26602 814.23627 0.019607844 -468
24 441.0254 818.14014 0.019607844 -485
25 432.41028 828.19586 0.019607844 -501
26 432.41028 828.19586 0.019607844 -518
27 392.63644 1076.4393 0.019607844 -643
28 389.63922 1144.231 0.019607844 -643
29 388.64014 1192.7567 0.019607844 -666
30 387.64108 1246.6261 0.019607844 -683
31 384.64386 1358.9882 0.019607844 -699
32 384.64386 1392.2748 0.019607844 -732
33 383.64478 1419.2607 0.019607844 -746
34 383.64478 1439.2504 0.019607844 -762
35 381.64664 1522.8641 0.019607844 -762
36 381.64664 1522.8641 0.019607844 -798
37 378.6494 1556.1895 0.019607844 -812
38 378.6494 1598.2017 0.019607844 -812
39 374.343 1623.2587 0.019607844 -848
40 372.37198 1633.5653 0.019607844 -864
41 372.65494 1640.0695 0.019607844 -881
42 372.65494 1640.0695 0.019607844 -897
0 887.1785 760.6038 0.019607844 -65
1 884.91644 759.47235 0.019607844 -65
2 877.9668 759.6044 0.019607844 -75
3 855.9012 764.2256 0.019607844 -91
4 808.94965 781.07355 0.01764706 -124
5 752.1523 793.4069 0.019607844 -157
6 724.1248 797.14545 0.019607844 -190
7 695.8845 798.8153 0.019607844 -207
8 658.9712 800.64465 0.019607844 -223
9 604.0942 804.32007 0.019607844 -240
10 562.08765 807.01886 0.019607844 -273
11 541.70325 808.9237 0.019607844 -306
12 525.6677 810.7828 0.019607844 -322
13 510.95856 812.6399 0.019607844 -339
14 498.0708 813.57623 0.019607844 -355
15 487.7503 815.33496 0.019607844 -372
16 479.09412 817.18994 0.019607844 -388
17 472.097 818.06256 0.019607844 -405
18 466.4731 819.9379 0.019607844 -421
19 462.2551 820.7309 0.019607844 -438
20 458.38617 822.6662 0.019607844 -454
21 451.74838 829.40137 0.019607844 -471
22 445.08563 837.7341 0.019607844 -487
23 438.48544 850.8825 0.019607844 -504
24 430.92276 876.81573 0.019607844 -520
25 425.28256 908.44 0.019607844 -537
26 422.3009 945.745 0.019607844 -553
27 424.78683 1061.6812 0.019607844 -570
28 425.63248 1126.0779 0.019607844 -603
29 425.60593 1186.3821 0.019607844 -619
30 425.60593 1224.3623 0.019607844 -636
0 790.26825 557.70953 0.01764706 -150
1 766.25977 557.70953 0.01764706 -150
2 747.286 558.7112 0.01764706 -167
3 719.1079 567.48334 0.019607844 -184
4 694.29407 573.25446 0.019607844 -200
5 669.72345 580.89703 0.019607844 -217
6 645.8798 591.42725 0.01764706 -233
7 624.5646 598.4026 0.01764706 -250
8 602.50867 603.58264 0.01764706 -266
9 583.27155 606.0032 0.01764706 -283
10 567.58673 607.9193 0.01764706 -299
11 551.70105 609.76996 0.01764706 -316
12 537.9064 610.68195 0.01764706 -332
13 527.4242 610.68195 0.01764706 -349
14 518.8689 610.68195 0.01764706 -365
15 511.9375 610.68195 0.01764706 -382
16 506.37366 610.68195 0.01764706 -398
17 500.8172 610.68195 0.01764706 -415
18 497.24756 610.68195 0.01764706 -431
19 493.48874 610.68195 0.01764706 -448
20 488.00876 615.1039 0.01764706 -464
21 475.72546 644.72095 0.01764706 -481
22 474.5606 646.6632 0.01764706 -514
23 470.5643 673.6491 0.01764706 -517
24 465.5689 697.63666 0.01764706 -543
25 464.56985 721.62415 0.019607844 -543
26 462.5717 821.5721 0.01764706 -595
27 467.56708 944.2611 0.01764706 -595
28 469.56522 997.28754 0.01764706 -629
29 472.39883 1056.3387 0.01764706 -646
30 474.3556 1114.7257 0.01764706 -662
31 476.25574 1211.9337 0.01764706 -679
32 476.55875 1249.4633 0.01764706 -712
33 477.27637 1282.5986 0.01764706 -728
34 477.55783 1313.3778 0.01764706 -745
35 477.55783 1343.7833 0.01764706 -761
36 477.55783 1372.4805 0.01764706 -778
37 476.8696 1385.7225 0.01764706 -794
38 476.55875 1393.3319 0.01764706 -811
39 476.55875 1398.6406 0.01764706 -827
40 476.55875 1401.9618 0.01764706 -844
41 476.55875 1402.2697 0.01764706 -860
42 476.55875 1403.269 0.01764706 -863
0 857.2063 765.60126 0.019607844 -105
1 846.2165 766.6007 0.019607844 -105
2 838.2239 767.6002 0.019607844 -122
3 815.2451 774.59656 0.01764706 -147
4 773.65027 784.1183 0.01764706 -147
5 713.60187 792.5563 0.01764706 -174
6 647.9946 796.4788 0.01764706 -206
7 591.00946 798.3106 0.01764706 -239
8 544.0412 798.58405 0.019607844 -272
9 525.1994 799.58356 0.019607844 -305
10 511.52502 799.58356 0.019607844 -322
11 498.06824 800.583 0.019607844 -338
12 487.21973 800.583 0.019607844 -355
13 477.90393 800.583 0.019607844 -371
14 470.38004 801.3787 0.019607844 -388
15 463.50595 802.582 0.019607844 -404
16 457.841 802.582 0.019607844 -421
17 452.5948 802.582 0.019607844 -437
18 448.86584 802.582 0.019607844 -454
19 445.19305 803.7787 0.019607844 -470
20 437.579 809.5941 0.019607844 -487
21 431.05328 819.6682 0.019607844 -520
22 424.36087 831.8079 0.019607844 -536
23 418.10403 856.72516 0.019607844 -553
24 414.08856 886.4588 0.019607844 -569
25 410.6198 921.52 0.019607844 -586
26 410.6198 937.5117 0.019607844 -599
27 413.61703 1161.395 0.019607844 -675
28 414.77042 1190.2418 0.019607844 -675
29 413.54053 1237.3462 0.019607844 -685
30 411.61887 1314.0737 0.019607844 -701
31 408.7885 1354.2067 0.019607844 -734
32 407.62256 1370.2863 0.019607844 -751
33 406.6235 1382.28 0.019607844 -760
34 406.6235 1406.2676 0.019607844 -785
35 403.62628 1449.0708 0.019607844 -785
36 403.62628 1450.2446 0.019607844 -817
37 403.62628 1457.241 0.019607844 -818
38 403.62628 1470.2343 0.019607844 -843
39 403.62628 1480.229 0.019607844 -843
40 403.62628 1484.2269 0.019607844 -859
0 751.3043 763.6023 0.019607844 -198
1 738.3164 765.60126 0.019607844 -198
2 723.33026 767.6002 0.019607844 -215
3 693.35803 775.596 0.01764706 -215
4 679.371 780.59344 0.01764706 -232
5 649.3987 787.5898 0.01764706 -257
6 611.9333 792.63257 0.019607844 -257
7 573.03314 796.41144 0.019607844 -284
8 563.4783 797.5846 0.019607844 -316
9 555.48566 797.5846 0.019607844 -326
10 540.4995 798.58405 0.019607844 -352
11 519.0048 799.0029 0.019607844 -352
12 500.60297 799.58356 0.019607844 -382
13 497.5393 799.58356 0.019607844 -415
14 492.54395 799.58356 0.019607844 -422
15 477.55783 800.583 0.019607844 -465
16 467.18646 800.583 0.019607844 -465
17 458.84595 801.5825 0.019607844 -497
18 454.89432 802.924 0.019607844 -530
19 451.19327 804.7753 0.019607844 -547
20 443.91302 808.41693 0.019607844 -563
21 436.54626 815.1497 0.019607844 -596
22 432.3013 823.60065 0.019607844 -629
23 420.99228 861.22906 0.019607844 -646
24 420.99228 861.22906 0.019607844 -679
0 841.22107 410.78604 0.019607844 -32
1 838.8903 413.1178 0.01764706 -50
2 838.8903 413.1178 0.019607844 -69
3 829.2322 412.785 0.019607844 -91
4 810.2299 415.95334 0.01764706 -91
5 796.92804 419.8766 0.01764706 -118
6 745.1794 425.59204 0.01764706 -135
7 710.7582 425.77823 0.01764706 -168
8 680.53815 425.77823 0.01764706 -184
9 646.49805 425.77823 0.01764706 -200
10 581.6472 424.62766 0.01764706 -216
11 521.3592 424.77875 0.01764706 -249
12 503.00644 426.5102 0.01764706 -282
13 477.18686 426.05722 0.019607844 -298
14 459.09198 424.77875 0.019607844 -315
15 447.09198 423.3638 0.019607844 -332
16 440.43265 423.77927 0.01764706 -348
17 435.0776 423.77927 0.01764706 -365
18 428.56625 424.78613 0.01764706 -381
19 406.87582 424.77875 0.019607844 -398
20 396.74072 424.77875 0.019607844 -431
21 393.04236 424.77875 0.019607844 -464
22 390.46567 424.77875 0.019607844 -480
23 388.621 424.77875 0.019607844 -497
24 385.74933 424.77875 0.01764706 -513
25 383.1532 428.50687 0.01764706 -530
26 379.41608 442.31644 0.019607844 -546
27 374.31995 478.41928 0.019607844 -563
28 373.65402 538.629 0.019607844 -596
29 373.65402 538.629 0.023529414 -629
30 385.6429 612.6809 0.01764706 -653
31 400.77048 670.1442 0.019607844 -653
32 410.18582 745.6616 0.01764706 -678
33 412.07892 786.7204 0.019607844 -711
34 412.61795 820.13763 0.01764706 -728
35 413.61703 862.53906 0.01764706 -744
36 413.61703 934.71857 0.01764706 -761
37 414.7468 980.106 0.01764706 -794
38 414.6161 1006.62885 0.01764706 -810
39 414.6161 1032.1191 0.019607844 -827
40 414.6161 1057.6346 0.01764706 -843
41 414.6161 1082.8972 0.01764706 -860
42 414.6161 1089.1713 0.01764706 -893
43 414.6161 1099.0627 0.01764706 -909
44 414.6161 1110.5148 0.019607844 -926
45 414.6161 1117.6737 0.019607844 -942
46 414.6161 1118.4175 0.019607844 -959
47 413.61703 1118.4175 0.019607844 -960
0 839.22296 372.80582 0.01764706 -39
1 839.22296 372.80582 0.01764706 -39
2 837.2248 371.80634 0.019607844 -47
3 824.2368 369.80737 0.01764706 -81
4 815.995 369.80737 0.01764706 -81
5 811.24884 369.80737 0.01764706 -90
6 763.2933 364.81 0.021568628 -98
7 737.3173 363.81052 0.019607844 -131
8 705.6798 370.80685 0.019607844 -131
9 684.81903 371.54083 0.01764706 -172
10 653.1704 377.18857 0.019607844 -189
11 629.89453 375.80426 0.01764706 -205
12 595.43695 382.9089 0.019607844 -222
13 574.0359 377.49133 0.01764706 -238
14 519.5566 382.62573 0.01764706 -255
15 493.76328 378.82718 0.01764706 -288
16 467.99777 384.56116 0.019607844 -304
17 452.32706 381.30023 0.01764706 -321
18 443.2346 379.21375 0.01764706 -337
19 431.34302 378.2868 0.01764706 -354
20 412.72485 377.44177 0.01764706 -370
21 398.85495 383.30774 0.019607844 -387
22 388.70853 385.98526 0.019607844 -403
23 382.5579 384.82883 0.019607844 -420
24 374.2796 384.48666 0.019607844 -436
25 371.073 386.38214 0.019607844 -469
26 369.23373 388.22214 0.019607844 -486
27 367.35886 390.0978 0.019607844 -502
28 365.4865 391.97092 0.019607844 -519
29 362.59222 397.93686 0.01764706 -535
30 358.95538 430.172 0.019607844 -552
31 357.66882 501.6928 0.019607844 -585
32 360.42963 545.113 0.019607844 -618
33 363.66327 587.6939 0.019607844 -634
34 352.67346 597.68866 0.023529414 -648
35 379.64847 796.5851 0.01764706 -708
36 388.29816 816.0548 0.01764706 -708
37 407.26004 922.49567 0.019607844 -717
38 410.43463 966.809 0.01764706 -750
39 412.50388 1001.99365 0.01764706 -766
40 413.61703 1039.6942 0.019607844 -783
41 413.61703 1064.6335 0.01764706 -799
42 413.61703 1079.2767 0.01764706 -816
43 413.61703 1092.8639 0.01764706 -832
44 413.61703 1109.6979 0.019607844 -849
45 413.61703 1121.155 0.019607844 -865
46 413.61703 1130.4113 0.019607844 -882
47 412.61795 1130.4113 0.019607844 -901
0 889.1767 528.7246 0.01764706 -41
1 890.1758 531.723 0.01764706 -41
2 891.17487 533.722 0.01764706 -50
3 878.1869 548.7142 0.019607844 -91
4 856.52924 560.0848 0.019607844 -91
5 815.3441 586.0952 0.01764706 -117
6 788.87616 595.23096 0.01764706 -150
7 762.45306 602.0095 0.01764706 -166
8 734.76825 606.0912 0.01764706 -183
9 707.43317 608.29175 0.01764706 -199
10 681.76965 610.225 0.01764706 -216
11 655.75995 612.1145 0.01764706 -232
12 632.4986 612.6809 0.01764706 -249
13 610.24493 612.6809 0.01764706 -265
14 563.49664 613.68036 0.01764706 -282
15 543.09467 613.68036 0.01764706 -315
16 527.18634 613.68036 0.01764706 -331
17 514.51495 613.68036 0.01764706 -348
18 504.82452 613.68036 0.01764706 -364
19 496.82477 613.68036 0.01764706 -381
20 485.0595 613.68036 0.01764706 -397
21 480.484 613.68036 0.01764706 -430
22 480.484 613.68036 0.01764706 -447
23 455.5782 643.66473 0.01764706 -550
24 453.58002 648.6621 0.01764706 -550
25 460.57355 810.5778 0.01764706 -618
26 461.7375 824.55066 0.01764706 -618
27 469.8908 916.67773 0.01764706 -628
28 470.5643 944.2883 0.01764706 -645
29 471.56335 996.13763 0.01764706 -661
30 470.5643 1035.7828 0.01764706 -678
31 467.56708 1104.2617 0.019607844 -694
32 467.56708 1131.8368 0.01764706 -727
33 466.568 1165.9501 0.019607844 -744
34 466.568 1191.9999 0.01764706 -760
35 466.568 1209.8282 0.01764706 -777
36 466.568 1236.3987 0.019607844 -793
37 466.568 1256.0277 0.01764706 -810
38 466.568 1266.031 0.01764706 -826
39 466.568 1272.5604 0.01764706 -843
40 466.568 1275.7101 0.01764706 -859
41 466.568 1277.3347 0.01764706 -876
42 466.568 1278.3342 0.01764706 -889
0 853.21 781.5929 0.019607844 -18
1 853.21 781.5929 0.019607844 -18
2 845.33014 782.1475 0.019607844 -52
3 834.0137 782.5924 0.019607844 -93
4 816.7487 784.63544 0.019607844 -109
5 796.1669 789.7713 0.019607844 -126
6 773.91547 791.5674 0.019607844 -142
7 749.11 795.38513 0.019607844 -159
8 722.58154 796.8527 0.019607844 -175
9 695.5256 798.78613 0.019607844 -192
10 660.6019 800.6642 0.019607844 -208
11 630.5291 800.583 0.019607844 -225
12 603.4362 801.44006 0.019607844 -241
13 579.4899 801.5825 0.019607844 -258
14 539.1345 802.582 0.019607844 -274
15 519.63477 802.582 0.019607844 -307
16 504.60065 803.5814 0.019607844 -324
17 490.6471 803.5814 0.019607844 -340
18 474.4876 803.5814 0.019607844 -357
19 464.2233 803.5814 0.019607844 -373
20 455.67145 803.5814 0.019607844 -390
21 448.6886 803.5814 0.019607844 -406
22 443.64847 804.58093 0.019607844 -423
23 439.81934 804.58093 0.019607844 -439
24 436.21713 804.58093 0.019607844 -456
25 432.38184 805.7981 0.019607844 -472
26 421.35068 819.9061 0.019607844 -489
27 413.70282 836.8495 0.019607844 -522
28 406.6235 863.55023 0.019607844 -538
29 403.62628 877.5429 0.019607844 -550
30 396.63275 1023.4669 0.019607844 -610
31 397.63184 1113.2563 0.019607844 -610
32 396.64944 1179.6506 0.019607844 -637
33 390.7434 1240.1451 0.019607844 -654
34 387.10687 1285.6771 0.019607844 -670
35 383.85245 1317.4036 0.019607844 -687
36 379.6928 1352.0297 0.019607844 -703
37 375.9401 1378.3999 0.019607844 -720
38 372.97934 1397.3499 0.019607844 -736
39 371.03406 1412.621 0.019607844 -753
40 367.4601 1434.6512 0.019607844 -769
41 365.66144 1446.5381 0.019607844 -786
42 365.66144 1452.7793 0.019607844 -802
43 365.66144 1456.2415 0.019607844 -819
44 365.66144 1458.2405 0.019607844 -831
0 894.17206 746.61115 0.019607844 -59
1 891.17487 746.61115 0.019607844 -59
2 876.1887 751.6085 0.019607844 -92
3 859.84375 755.9463 0.019607844 -92
4 852.21094 758.60486 0.019607844 -110
5 840.22205 765.60126 0.01764706 -117
6 816.2442 776.5955 0.01764706 -142
7 763.44775 789.56665 0.01764706 -142
8 736.38995 793.5764 0.01764706 -176
9 709.5745 796.4972 0.019607844 -192
10 684.44086 798.42456 0.019607844 -209
11 633.8743 802.2937 0.019607844 -225
12 588.84125 806.09045 0.019607844 -258
13 570.36847 808.09204 0.019607844 -291
14 555.34814 809.5783 0.019607844 -308
15 541.94794 809.5783 0.019607844 -324
16 531.0535 810.5778 0.019607844 -341
17 522.8034 810.5778 0.019607844 -357
18 514.22455 810.5778 0.019607844 -374
19 508.54758 810.5778 0.019607844 -390
20 503.8065 810.5778 0.019607844 -407
21 499.92923 810.5778 0.019607844 -423
22 496.15195 810.5778 0.019607844 -440
23 493.39713 810.5778 0.019607844 -456
24 490.62125 811.0398 0.019607844 -473
25 484.06067 816.06604 0.019607844 -489
26 470.32938 840.9735 0.019607844 -522
27 456.01382 890.64655 0.019607844 -555
28 444.91446 970.88293 0.019607844 -588
29 438.5939 1061.8503 0.019607844 -621
30 435.06955 1117.0254 0.019607844 -654
31 431.11517 1173.1018 0.01764706 -671
32 425.16678 1266.5767 0.019607844 -687
33 417.2975 1360.2979 0.019607844 -720
34 413.26425 1438.5474 0.019607844 -753
35 412.28928 1465.8423 0.019607844 -786
36 406.98428 1498.0527 0.019607844 -803
37 404.62534 1523.4459 0.019607844 -819
38 404.62534 1535.2004 0.019607844 -852
39 404.62534 1537.1993 0.019607844 -883
0 799.25995 388.7975 0.019607844 -42
1 795.8961 393.16217 0.01764706 -42
2 789.5998 399.46103 0.01764706 -60
3 773.92487 407.3916 0.01764706 -76
4 760.296 412.785 0.01764706 -93
5 760.296 412.785 0.01764706 -104
6 716.33673 418.78186 0.01764706 -132
7 597.9463 428.77667 0.01764706 -132
8 459.12012 429.77615 0.01764706 -204
9 448.67316 429.77615 0.01764706 -307
10 441.57724 429.77615 0.01764706 -324
11 431.60294 430.77563 0.01764706 -340
12 420.21353 430.77563 0.019607844 -357
13 411.8064 430.77563 0.019607844 -373
14 405.06946 430.77563 0.01764706 -390
15 396.43542 430.77563 0.01764706 -406
16 388.88092 430.77563 0.01764706 -439
17 387.36603 430.77563 0.01764706 -472
18 385.45544 430.77563 0.01764706 -489
19 381.44806 435.1709 0.019607844 -505
20 377.67386 448.6721 0.019607844 -522
21 371.65588 479.75012 0.019607844 -538
22 369.6577 489.7449 0.019607844 -565
23 367.65958 536.72046 0.019607844 -591
24 366.6605 610.68195 0.019607844 -591
25 369.6577 638.66736 0.019607844 -617
0 818.2424 609.68243 0.01764706 -139
1 805.2544 610.68195 0.01764706 -139
2 790.26825 611.6814 0.01764706 -156
3 745.4151 614.806 0.01764706 -156
4 716.28284 614.6798 0.01764706 -182
5 685.88477 614.6798 0.01764706 -198
6 654.0119 615.6793 0.01764706 -214
7 624.467 615.6793 0.01764706 -231
8 595.28436 615.6793 0.01764706 -247
9 570.42865 615.6793 0.01764706 -264
10 547.3032 615.6793 0.01764706 -280
11 526.8554 615.6793 0.01764706 -297
12 511.54147 615.6793 0.01764706 -313
13 499.5346 615.6793 0.01764706 -330
14 488.26596 615.6793 0.01764706 -346
15 479.94537 615.6793 0.01764706 -363
16 473.2606 615.6793 0.01764706 -379
17 467.60553 615.6793 0.01764706 -396
18 463.51465 615.6793 0.01764706 -412
19 459.78094 615.6793 0.01764706 -429
20 455.46045 615.6793 0.01764706 -445
21 451.74487 615.6793 0.01764706 -478
22 449.84357 615.6793 0.01764706 -511
23 442.58026 632.71027 0.01764706 -528
24 435.11737 651.62006 0.01764706 -561
25 430.34366 692.4444 0.01764706 -594
26 429.60223 809.4239 0.01764706 -610
27 431.5402 870.402 0.01764706 -643
28 431.60037 871.546 0.01764706 -660
29 431.60037 896.533 0.019607844 -660
0 926.14246 585.69495 0.019607844 -58
1 921.1471 585.69495 0.019607844 -58
2 917.1508 585.69495 0.019607844 -73
3 905.16187 591.69183 0.01764706 -98
4 857.25275 603.8588 0.01764706 -98
5 807.62036 608.5139 0.01764706 -141
6 777.45294 605.26166 0.019607844 -173
7 748.486 599.52356 0.019607844 -190
8 720.3979 597.2418 0.019607844 -206
9 693.87683 595.6211 0.019607844 -223
10 666.4649 594.3813 0.019607844 -239
11 617.61115 591.4572 0.019607844 -256
12 577.69904 599.64087 0.01764706 -289
13 562.0609 602.6031 0.01764706 -322
14 549.6369 604.4942 0.01764706 -338
15 540.0707 606.37006 0.01764706 -355
16 532.7793 606.684 0.01764706 -371
17 521.89514 606.684 0.01764706 -388
18 514.3548 606.684 0.01764706 -421
19 506.77176 606.684 0.01764706 -454
20 499.38202 606.684 0.01764706 -487
21 495.59677 606.684 0.01764706 -520
22 488.13245 606.684 0.01764706 -536
23 488.13245 606.684 0.01764706 -569
24 467.56708 736.61633 0.01764706 -705
25 471.6357 773.3213 0.01764706 -705
26 484.53717 878.7857 0.01764706 -718
27 484.53717 878.7857 0.01764706 -751
0 889.1767 532.72253 0.01764706 -40
1 891.58746 535.1343 0.01764706 -40
2 887.4088 537.10504 0.01764706 -59
3 880.89276 540.3643 0.01764706 -75
4 869.1952 543.7168 0.01764706 -92
5 860.2035 545.71576 0.01764706 -106
6 839.22296 549.7137 0.01764706 -132
7 774.51636 554.77 0.01764706 -132
8 718.82825 555.7106 0.01764706 -175
9 690.3889 556.71 0.01764706 -208
10 661.49365 560.70795 0.019607844 -225
11 611.38074 568.94257 0.019607844 -241
12 563.2371 575.1246 0.019607844 -274
13 532.04584 577.6991 0.019607844 -308
14 520.5309 577.6991 0.019607844 -341
15 512.32245 577.6991 0.019607844 -357
16 505.80045 577.6991 0.019607844 -374
17 501.02853 577.6991 0.019607844 -391
18 497.19516 577.6991 0.019607844 -407
19 495.00983 577.6991 0.019607844 -424
20 493.13425 577.6991 0.019607844 -440
21 491.24802 577.6991 0.019607844 -457
22 489.35013 577.6991 0.019607844 -473
23 487.49042 577.6991 0.019607844 -490
24 485.5916 577.6991 0.019607844 -507
25 483.71896 581.02997 0.019607844 -523
26 483.55228 581.697 0.01764706 -540
27 482.5532 584.69543 0.01764706 -541
28 476.55875 998.4799 0.01764706 -729
29 478.5569 1059.4481 0.01764706 -729
30 479.55597 1101.4263 0.01764706 -744
31 479.55597 1120.4164 0.01764706 -761
32 480.55505 1162.3945 0.01764706 -761
33 480.55505 1181.3846 0.01764706 -777
34 482.5532 1316.3143 0.01764706 -777
35 481.5541 1323.3108 0.01764706 -835
36 481.5541 1358.2925 0.01764706 -859
37 480.90265 1382.1925 0.01764706 -859
38 480.55505 1390.2748 0.01764706 -881
39 480.55505 1391.2754 0.01764706 -898
40 479.55597 1394.2738 0.01764706 -900
0 929.1397 566.70483 0.019607844 -31
1 918.21564 567.891 0.019607844 -31
2 899.96576 571.1427 0.019607844 -57
3 844.20435 577.76245 0.019607844 -73
4 782.43274 579.69806 0.019607844 -106
5 719.9294 579.69806 0.019607844 -139
6 689.8329 580.6975 0.019607844 -172
7 660.206 581.37604 0.019607844 -189
8 632.01794 582.25653 0.019607844 -205
9 605.6578 584.10876 0.019607844 -222
10 582.92 585.9898 0.019607844 -238
11 563.4875 586.6944 0.019607844 -255
12 543.65826 587.67773 0.019607844 -271
13 512.1821 597.0685 0.01764706 -288
14 500.67264 595.2127 0.019607844 -320
15 492.1777 595.68976 0.019607844 -337
16 485.30405 595.68976 0.019607844 -353
17 478.65204 594.69025 0.019607844 -370
18 472.22958 593.6908 0.019607844 -386
19 467.38403 593.6908 0.019607844 -403
20 463.79227 593.6908 0.019607844 -419
21 460.10458 595.9243 0.01764706 -436
22 455.68076 598.6882 0.01764706 -452
23 453.79675 599.4708 0.01764706 -485
24 451.96603 599.6876 0.01764706 -502
25 450.082 601.1881 0.01764706 -518
26 448.2376 603.0333 0.01764706 -535
27 444.18082 615.53485 0.019607844 -551
28 441.59113 636.6684 0.01764706 -568
29 440.59204 652.66003 0.019607844 -584
30 455.5782 799.58356 0.01764706 -636
31 462.65454 856.4466 0.019607844 -636
32 477.67804 988.1286 0.01764706 -651
33 478.5569 996.48096 0.01764706 -684
34 482.5532 1040.4581 0.01764706 -688
35 494.54208 1209.3701 0.019607844 -746
36 495.54117 1236.3561 0.01764706 -746
37 495.54117 1251.3483 0.01764706 -762
38 495.54117 1307.0175 0.01764706 -762
39 495.54117 1342.3009 0.019607844 -784
40 494.54208 1362.2904 0.01764706 -803
41 492.54395 1382.28 0.01764706 -828
42 491.54486 1396.1321 0.01764706 -828
43 491.54486 1398.2717 0.01764706 -849
44 491.54486 1403.269 0.01764706 -853
0 869.1952 590.6923 0.019607844 -74
1 860.2035 593.6908 0.01764706 -74
2 837.2248 600.68713 0.01764706 -98
3 815.2451 604.68506 0.01764706 -98
4 803.2562 606.684 0.01764706 -115
5 776.28125 608.683 0.01764706 -140
6 737.0547 602.64856 0.019607844 -140
7 687.6958 599.30676 0.019607844 -166
8 637.20685 606.2012 0.01764706 -198
9 588.9181 609.95435 0.01764706 -231
10 548.74786 610.68195 0.01764706 -264
11 511.03525 609.24835 0.01764706 -297
12 498.3192 604.5754 0.019607844 -331
13 488.89984 600.6281 0.019607844 -347
14 481.07712 596.9503 0.019607844 -364
15 469.57953 593.69556 0.019607844 -380
16 462.33377 590.0736 0.019607844 -413
17 458.3241 589.6929 0.019607844 -446
18 456.47708 588.69336 0.019607844 -479
19 452.895 593.3766 0.01764706 -496
20 448.79977 602.2173 0.01764706 -529
21 446.5865 623.6752 0.01764706 -562
22 445.58743 634.66943 0.01764706 -576
23 450.5828 765.60126 0.019607844 -620
24 459.7195 854.4369 0.019607844 -620
25 471.0087 984.82806 0.01764706 -644
26 475.55966 1108.2185 0.01764706 -677
27 475.3342 1195.0856 0.01764706 -710
28 470.05527 1260.6362 0.01764706 -743
29 467.1524 1285.8207 0.019607844 -776
30 464.38217 1300.4498 0.019607844 -793
31 462.38403 1315.0055 0.01764706 -809
32 461.57263 1325.2078 0.01764706 -826
33 461.57263 1330.8278 0.01764706 -842
34 461.57263 1334.6571 0.01764706 -859
35 461.57263 1334.6571 0.01764706 -875
0 886.17944 598.6882 0.01764706 -42
1 884.87085 598.843 0.01764706 -42
2 866.3918 603.6301 0.01764706 -51
3 821.94965 609.5509 0.01764706 -84
4 792.9411 611.5143 0.01764706 -117
5 763.8009 612.6809 0.01764706 -134
6 730.28076 612.6809 0.01764706 -150
7 698.05426 612.6809 0.01764706 -167
8 663.6947 612.6809 0.01764706 -183
9 634.3798 612.6809 0.01764706 -200
10 603.2829 612.6809 0.01764706 -216
11 578.93494 613.8748 0.01764706 -233
12 555.4931 613.68036 0.01764706 -249
13 512.7152 613.68036 0.01764706 -266
14 490.90833 613.68036 0.01764706 -299
15 483.60275 613.68036 0.01764706 -332
16 473.71454 613.68036 0.01764706 -348
17 470.04193 613.68036 0.019607844 -381
18 467.3714 613.68036 0.01764706 -398
19 465.51062 613.68036 0.019607844 -414
20 463.61356 613.68036 0.019607844 -431
21 461.75266 613.68036 0.01764706 -447
22 459.87973 613.68036 0.01764706 -464
23 457.41418 614.84204 0.01764706 -480
24 453.64566 624.8132 0.019607844 -497
25 448.58466 682.09094 0.01764706 -513
26 448.58466 682.09094 0.01764706 -546
27 466.568 861.5513 0.01764706 -595
28 472.35718 917.41614 0.01764706 -595
29 476.30493 980.2977 0.019607844 -612
30 478.06476 1031.3647 0.01764706 -629
31 480.20575 1087.0995 0.01764706 -645
32 480.55505 1179.5654 0.01764706 -662
33 478.04886 1252.9238 0.01764706 -695
34 476.55875 1313.7511 0.01764706 -728
35 476.55875 1334.7273 0.01764706 -761
36 476.55875 1342.9229 0.01764706 -794
37 476.55875 1360.5769 0.019607844 -810
38 476.55875 1378.4047 0.01764706 -827
39 476.55875 1385.2784 0.01764706 -843
40 476.55875 1388.2769 0.01764706 -856
0 909.1582 589.6929 0.019607844 -23
1 909.1582 589.6929 0.019607844 -23
2 903.80975 588.69336 0.019607844 -41
3 893.9844 591.7857 0.01764706 -58
4 878.6497 597.515 0.01764706 -74
5 829.9085 600.8991 0.01764706 -91
6 798.7478 596.7704 0.019607844 -124
7 765.01935 593.1759 0.019607844 -140
8 729.8722 587.5563 0.019607844 -157
9 695.18256 582.6965 0.019607844 -173
10 657.84375 575.8957 0.01764706 -190
11 610.3613 579.7014 0.019607844 -206
12 579.5801 576.4352 0.01764706 -223
13 552.4611 580.1303 0.019607844 -239
14 529.01013 582.1968 0.019607844 -256
15 511.4188 579.08685 0.019607844 -272
16 484.61298 581.68823 0.019607844 -289
17 474.2209 582.6965 0.019607844 -322
18 465.8109 582.6965 0.019607844 -338
19 460.0373 586.71893 0.01764706 -355
20 454.55856 590.37286 0.01764706 -371
21 451.1395 592.91254 0.01764706 -388
22 448.58292 594.69196 0.01764706 -404
23 445.00342 598.27295 0.019607844 -421
24 443.14633 598.6882 0.019607844 -454
25 441.30655 599.9723 0.01764706 -470
26 439.4358 601.8438 0.01764706 -487
27 437.57965 609.7887 0.019607844 -503
28 437.59482 633.21234 0.01764706 -520
29 437.59482 634.66943 0.01764706 -536
30 437.59482 650.6611 0.019607844 -538
31 445.58743 740.61426 0.01764706 -581
32 453.77863 807.86993 0.01764706 -581
33 460.0169 862.53625 0.01764706 -602
34 461.57263 876.54346 0.01764706 -619
35 467.56708 921.52 0.01764706 -626
36 474.5606 995.4815 0.01764706 -651
37 478.5569 1039.4586 0.01764706 -651
38 480.55505 1058.4487 0.01764706 -660
39 496.54025 1247.3503 0.01764706 -734
40 498.5384 1310.9781 0.01764706 -734
41 498.5384 1325.4716 0.01764706 -767
42 498.5384 1342.4984 0.019607844 -784
43 499.541 1366.3375 0.01764706 -800
44 499.53748 1382.2412 0.01764706 -817
45 499.53748 1396.0952 0.01764706 -833
46 499.53748 1402.1774 0.01764706 -866
47 499.53748 1404.2526 0.01764706 -899
48 499.53748 1404.2686 0.01764706 -916
49 499.53748 1405.2681 0.01764706 -916
0 913.1545 617.6783 0.01764706 -73
1 910.1573 617.6783 0.01764706 -73
2 890.1758 617.6783 0.01764706 -106
3 879.1859 617.6783 0.01764706 -106
4 866.198 617.6783 0.01764706 -114
5 837.2248 617.6783 0.01764706 -139
6 749.6777 616.6788 0.01764706 -139
7 681.2447 616.6788 0.01764706 -184
8 647.7082 616.6788 0.01764706 -216
9 616.67725 616.6788 0.01764706 -232
10 564.88446 616.6788 0.01764706 -249
11 538.5111 616.6788 0.01764706 -282
12 517.6495 616.6788 0.01764706 -298
13 500.3901 616.6788 0.01764706 -315
14 486.2701 616.6788 0.01764706 -331
15 474.04034 616.6788 0.01764706 -348
16 465.04755 616.6788 0.01764706 -364
17 459.19482 616.6788 0.01764706 -381
18 453.71356 616.6788 0.01764706 -397
19 447.62015 616.6788 0.01764706 -414
20 443.87698 616.6788 0.01764706 -447
21 441.95255 616.6788 0.01764706 -480
22 440.1209 616.6788 0.01764706 -496
23 438.17203 616.6788 0.01764706 -513
24 436.2884 620.5997 0.019607844 -529
25 434.42084 640.2588 0.01764706 -546
26 433.5985 678.91223 0.01764706 -562
27 435.59668 740.61426 0.01764706 -579
28 437.59482 767.6002 0.019607844 -605
29 457.57632 936.5122 0.01764706 -665
30 462.03296 987.24023 0.01764706 -665
31 465.1458 1050.2706 0.01764706 -678
32 465.5689 1090.1726 0.019607844 -694
33 465.5689 1172.4463 0.01764706 -711
34 463.3205 1194.3842 0.01764706 -727
35 460.36658 1241.9109 0.01764706 -744
36 458.42578 1260.6915 0.01764706 -760
37 455.41125 1302.6632 0.01764706 -777
38 453.41785 1321.7725 0.01764706 -793
39 451.44968 1331.9678 0.01764706 -810
40 449.45026 1353.4973 0.019607844 -826
41 449.5837 1376.418 0.01764706 -843
42 449.5837 1385.9039 0.01764706 -859
43 449.5837 1392.7542 0.01764706 -876
44 449.5837 1394.2738 0.01764706 -892
45 449.5837 1396.2727 0.01764706 -899
0 900.1665 579.69806 0.019607844 -32
1 890.93976 579.69806 0.019607844 -32
2 876.6431 579.69806 0.019607844 -51
3 859.41797 581.87555 0.019607844 -68
4 836.13226 590.1132 0.01764706 -84
5 778.1385 605.3566 0.01764706 -101
6 745.1036 609.1781 0.01764706 -134
7 710.83966 611.33795 0.01764706 -151
8 679.0826 613.19666 0.01764706 -167
9 646.41504 615.10754 0.01764706 -184
10 611.362 615.6793 0.01764706 -200
11 586.54047 615.6793 0.01764706 -217
12 548.689 615.6793 0.01764706 -233
13 519.1225 615.6793 0.01764706 -267
14 509.23123 615.6793 0.01764706 -300
15 501.71625 615.6793 0.01764706 -316
16 495.54144 615.6793 0.01764706 -333
17 491.1767 615.6793 0.01764706 -349
18 487.4825 615.6793 0.01764706 -366
19 483.72882 615.6793 0.01764706 -383
20 479.94913 615.6793 0.01764706 -399
21 477.25134 616.9854 0.01764706 -416
22 473.5091 620.7292 0.019607844 -432
23 465.95688 644.80505 0.01764706 -449
24 462.1473 667.05066 0.019607844 -482
25 462.48892 739.544 0.019607844 -499
26 467.1437 828.8555 0.01764706 -532
27 473.56152 921.52 0.01764706 -565
28 476.55875 942.5091 0.01764706 -585
0 917.1508 616.6788 0.01764706 -62
1 914.9017 616.6788 0.01764706 -62
2 908.01324 616.6788 0.01764706 -80
3 894.31964 616.6788 0.01764706 -96
4 876.18695 616.6788 0.01764706 -113
5 823.8541 616.6788 0.01764706 -129
6 794.7771 616.6788 0.01764706 -162
7 764.1209 616.6788 0.01764706 -179
8 733.6576 616.6788 0.01764706 -195
9 676.40607 617.6783 0.01764706 -212
10 662.38666 617.6783 0.01764706 -245
11 647.4006 618.67773 0.01764706 -252
12 608.43665 622.67566 0.01764706 -277
13 563.2136 630.12476 0.019607844 -277
14 546.1356 633.26556 0.019607844 -310
15 532.149 635.1489 0.019607844 -327
16 520.48413 637.0072 0.019607844 -343
17 512.6612 638.8833 0.019607844 -360
18 504.96198 638.66736 0.019607844 -376
19 495.80917 638.66736 0.019607844 -393
20 491.92303 638.66736 0.019607844 -426
21 488.86383 638.66736 0.019607844 -442
22 485.46432 640.20966 0.019607844 -459
23 481.7206 646.33014 0.01764706 -475
24 474.29407 663.8548 0.019607844 -492
25 470.4029 694.6076 0.01764706 -525
26 469.56522 738.448 0.019607844 -541
27 471.56335 798.58405 0.01764706 -558
28 473.56152 825.57 0.019607844 -575
29 488.54764 997.48047 0.01764706 -634
30 496.74896 1090.3569 0.01764706 -634
31 499.23325 1139.8801 0.01764706 -657
32 500.53653 1183.3821 0.01764706 -673
33 499.91272 1227.7217 0.019607844 -690
34 495.42477 1291.9337 0.019607844 -706
35 491.04028 1328.3284 0.01764706 -739
36 490.0167 1341.5381 0.01764706 -772
37 488.0396 1354.3457 0.019607844 -789
38 486.5495 1363.7391 0.019607844 -805
39 486.5495 1369.1931 0.019607844 -822
40 486.5495 1375.4504 0.019607844 -838
41 486.5495 1379.2816 0.019607844 -855
42 486.5495 1380.2811 0.019607844 -871
43 486.5495 1380.2811 0.019607844 -888
44 486.5495 1380.2811 0.019607844 -892
0 895.17114 805.5804 0.019607844 -26
1 895.17114 805.5804 0.019607844 -26
2 895.17114 805.5804 0.019607844 -34
3 885.1804 805.5804 0.019607844 -67
4 878.81384 805.63354 0.019607844 -67
5 863.3434 807.5635 0.019607844 -76
6 840.4015 811.3959 0.019607844 -93
7 814.77844 814.3949 0.019607844 -109
8 786.2601 818.0422 0.019607844 -126
9 758.3574 820.815 0.019607844 -142
10 697.63086 825.95135 0.019607844 -158
11 667.8893 829.30035 0.019607844 -192
12 641.78973 830.75415 0.019607844 -208
13 613.5935 842.2179 0.01764706 -224
14 583.7704 849.71643 0.01764706 -241
15 564.37396 852.4664 0.01764706 -257
16 546.61957 854.3188 0.01764706 -274
17 531.21686 856.21545 0.01764706 -290
18 517.8234 856.55383 0.01764706 -307
19 506.00797 856.55383 0.01764706 -323
20 495.88397 856.55383 0.01764706 -340
21 486.6149 856.55383 0.01764706 -356
22 479.48044 856.55383 0.01764706 -373
23 472.8882 856.55383 0.01764706 -389
24 469.08835 856.55383 0.01764706 -406
25 465.3765 856.55383 0.019607844 -422
26 461.70996 856.55383 0.019607844 -439
27 458.50424 856.55383 0.019607844 -455
28 454.60733 856.55383 0.019607844 -488
29 450.87823 856.55383 0.019607844 -505
30 447.15298 859.70166 0.019607844 -521
31 441.2958 873.4318 0.019607844 -538
32 437.59482 890.53613 0.019607844 -554
33 436.59573 905.5283 0.019607844 -567
34 438.5939 1006.47577 0.019607844 -610
35 441.45358 1046.8442 0.01764706 -610
36 457.3924 1190.907 0.019607844 -620
37 460.57355 1228.3602 0.019607844 -653
38 463.57077 1258.3446 0.019607844 -662
39 465.5689 1316.3143 0.019607844 -687
40 465.5689 1351.2961 0.01764706 -687
41 465.5689 1370.2863 0.019607844 -703
42 465.5689 1392.2748 0.019607844 -703
43 453.58002 1496.2207 0.019607844 -753
44 437.97495 1571.6594 0.019607844 -753
45 434.00113 1587.561 0.019607844 -802
46 431.03482 1602.4297 0.019607844 -818
47 426.11893 1618.36 0.01764706 -835
48 424.60684 1630.7236 0.01764706 -851
49 424.60684 1637.2217 0.01764706 -868
50 424.60684 1641.524 0.01764706 -884
51 424.60684 1643.8401 0.01764706 -901
52 424.60684 1645.1431 0.01764706 -917
53 424.60684 1646.1426 0.01764706 -928
0 891.17487 599.6876 0.01764706 -26
1 887.1682 600.69226 0.01764706 -26
2 876.1474 603.69934 0.01764706 -51
3 830.39343 610.5276 0.01764706 -68
4 765.87067 614.4106 0.01764706 -101
5 698.1432 614.6798 0.01764706 -134
6 637.89905 614.6798 0.01764706 -167
7 613.77185 614.6798 0.01764706 -200
8 590.3053 614.6798 0.01764706 -216
9 570.6328 614.6798 0.01764706 -233
10 547.6659 614.6798 0.01764706 -249
11 529.71716 614.6798 0.01764706 -266
12 516.5293 614.6798 0.01764706 -282
13 505.8168 614.6798 0.01764706 -299
14 497.04785 614.6798 0.01764706 -315
15 490.0484 614.6798 0.01764706 -332
16 484.4528 614.6798 0.01764706 -348
17 480.12088 614.6798 0.01764706 -365
18 476.2102 614.6798 0.01764706 -381
19 472.45407 614.6798 0.01764706 -398
20 470.62558 614.6798 0.01764706 -414
21 468.75815 614.6798 0.01764706 -431
22 465.5689 614.6798 0.01764706 -447
23 464.56985 614.6798 0.01764706 -476
24 461.57263 617.6783 0.019607844 -501
25 456.57724 637.66785 0.01764706 -501
26 453.58002 652.66003 0.019607844 -519
27 458.5754 809.5783 0.01764706 -570
28 463.1147 860.666 0.01764706 -570
29 473.52396 994.692 0.01764706 -579
30 474.5606 1057.9706 0.01764706 -612
31 473.6727 1120.1909 0.01764706 -629
32 470.82272 1179.928 0.01764706 -645
33 466.888 1232.034 0.019607844 -662
34 462.22916 1269.8624 0.01764706 -678
35 453.29697 1332.9612 0.01764706 -695
36 448.93674 1361.4716 0.019607844 -728
37 445.76202 1380.058 0.01764706 -744
38 442.5902 1392.2748 0.01764706 -761
39 442.5902 1394.2738 0.01764706 -787
0 911.1564 580.6975 0.019607844 0
1 910.1234 580.6975 0.019607844 -17
2 910.1234 580.6975 0.019607844 -43
3 896.1702 585.69495 0.01764706 -66
4 864.31696 597.9828 0.01764706 -66
5 807.3864 607.53235 0.01764706 -92
6 745.5766 611.6814 0.01764706 -125
7 715.45715 612.6809 0.01764706 -158
8 687.02246 612.6809 0.01764706 -175
9 635.5302 612.6809 0.01764706 -191
10 589.05554 612.6809 0.01764706 -224
11 549.8885 612.6809 0.01764706 -257
12 520.99963 612.6809 0.01764706 -290
13 509.9633 612.6809 0.01764706 -323
14 500.69687 612.6809 0.01764706 -340
15 493.82565 612.6809 0.01764706 -356
16 486.14627 612.6809 0.01764706 -373
17 476.10147 612.6809 0.01764706 -389
18 468.59164 612.6809 0.01764706 -422
19 467.26813 612.6809 0.01764706 -455
20 463.60544 612.6809 0.019607844 -472
21 461.75528 612.6809 0.019607844 -505
22 459.96164 612.6809 0.019607844 -521
23 458.5754 612.6809 0.01764706 -538
24 457.57632 612.6809 0.01764706 -550
25 453.58002 627.6731 0.01764706 -577
26 452.58093 636.6684 0.01764706 -577
27 451.58188 643.66473 0.01764706 -585
28 452.58093 691.6398 0.01764706 -611
29 463.35092 830.62573 0.01764706 -611
30 466.05234 879.542 0.01764706 -654
31 469.2532 935.8284 0.01764706 -670
32 470.79306 991.5815 0.01764706 -686
33 470.5643 1049.5428 0.01764706 -703
34 470.5643 1107.2491 0.01764706 -719
35 470.55704 1136.3064 0.01764706 -736
36 465.76416 1195.6183 0.01764706 -752
37 462.853 1239.4124 0.019607844 -785
38 462.5717 1266.8658 0.01764706 -818
39 462.5717 1277.4967 0.01764706 -851
40 464.56985 1287.0471 0.01764706 -884
41 464.56985 1302.9163 0.019607844 -917
42 464.56985 1309.318 0.019607844 -950
43 464.56985 1311.317 0.019607844 -970
0 903.16376 588.69336 0.019607844 -17
1 902.0106 587.5398 0.019607844 -43
2 898.9716 587.6939 0.019607844 -69
3 885.7692 587.6939 0.019607844 -86
4 863.58215 595.5724 0.01764706 -102
5 832.6593 602.4181 0.01764706 -119
6 797.40906 607.3689 0.01764706 -135
7 761.2178 610.423 0.01764706 -152
8 723.6026 612.29834 0.01764706 -168
9 688.894 612.6809 0.01764706 -185
10 654.2868 612.6809 0.01764706 -201
11 627.8677 613.91693 0.01764706 -218
12 568.3286 615.6897 0.01764706 -234
13 528.2664 615.6793 0.01764706 -267
14 506.40353 615.6793 0.01764706 -300
15 499.27133 615.6793 0.01764706 -333
16 493.69092 615.6793 0.01764706 -350
17 490.18213 615.6793 0.019607844 -366
18 485.73257 615.6793 0.019607844 -383
19 481.99585 615.6793 0.01764706 -416
20 480.06137 615.6793 0.01764706 -449
21 475.8966 621.6703 0.019607844 -465
22 470.91434 636.8337 0.01764706 -482
23 463.57077 680.6455 0.01764706 -498
24 461.57263 693.63873 0.01764706 -523
25 459.57446 754.60693 0.01764706 -558
26 461.57263 825.9556 0.01764706 -558
27 465.8628 932.0449 0.01764706 -581
28 469.07623 995.2669 0.01764706 -614
29 470.5643 1112.0596 0.01764706 -630
30 472.56244 1167.536 0.01764706 -663
31 471.56335 1201.9282 0.01764706 -680
32 470.60864 1245.6854 0.01764706 -696
33 467.76596 1306.7313 0.01764706 -713
34 465.7296 1323.3456 0.01764706 -746
35 464.56985 1333.1787 0.01764706 -762
36 463.84906 1343.3505 0.01764706 -779
37 462.87933 1352.0641 0.019607844 -795
38 462.5717 1358.2183 0.019607844 -812
39 462.5717 1362.4133 0.019607844 -828
40 461.99832 1365.4366 0.019607844 -845
41 461.57263 1366.2883 0.019607844 -861
42 461.57263 1367.2878 0.019607844 -865
0 872.19244 579.69806 0.019607844 -44
1 870.1943 579.69806 0.019607844 -44
2 867.197 579.69806 0.019607844 -51
3 857.2063 579.69806 0.019607844 -76
4 830.1819 588.11346 0.01764706 -76
5 771.34717 604.1113 0.01764706 -103
6 703.5392 612.2816 0.01764706 -135
7 667.94324 614.1768 0.01764706 -168
8 635.626 616.0195 0.01764706 -185
9 601.9609 616.6788 0.01764706 -201
10 569.7838 622.09814 0.019607844 -218
11 541.36273 627.48804 0.019607844 -234
12 521.92926 632.18823 0.019607844 -251
13 506.69275 634.2744 0.019607844 -267
14 493.52393 636.1 0.019607844 -284
15 483.2237 637.8892 0.019607844 -300
16 473.0661 637.66785 0.019607844 -317
17 464.79495 637.66785 0.019607844 -333
18 457.47467 637.66785 0.019607844 -350
19 451.74457 637.66785 0.019607844 -366
20 447.71594 637.66785 0.019607844 -383
21 444.10324 637.66785 0.019607844 -399
22 441.4286 637.66785 0.019607844 -416
23 437.84262 633.91785 0.01764706 -432
24 434.14285 631.67096 0.019607844 -465
25 432.3521 631.67096 0.019607844 -498
26 430.46396 631.80835 0.019607844 -515
27 422.4214 652.4414 0.01764706 -531
28 416.44897 713.5988 0.019607844 -581
29 416.61426 756.6335 0.01764706 -614
30 423.47928 850.82056 0.01764706 -630
31 429.98032 917.0838 0.019607844 -647
32 430.6013 922.5195 0.01764706 -663
33 434.5976 958.50073 0.019607844 -664
34 448.58466 1101.4263 0.01764706 -707
35 453.91895 1178.4482 0.01764706 -707
36 452.55057 1271.1267 0.019607844 -729
37 451.07657 1306.3889 0.01764706 -762
38 449.13455 1323.9069 0.01764706 -779
39 449.5837 1334.1985 0.01764706 -795
40 449.5837 1344.9454 0.01764706 -812
41 449.5837 1346.2988 0.01764706 -845
42 449.5837 1347.2982 0.01764706 -850
