0 923.14526 443.76886 0.01764706 0
1 923.14526 443.76886 0.01764706 0
2 923.14526 443.76886 0.01764706 -48
3 923.14526 443.76886 0.019607844 -98
4 923.14526 443.76886 0.019607844 -121
5 923.14526 443.76886 0.019607844 -177
6 923.14526 443.76886 0.019607844 -214
7 923.14526 443.76886 0.019607844 -230
8 923.14526 443.76886 0.019607844 -247
9 923.14526 443.76886 0.019607844 -263
10 923.14526 443.76886 0.019607844 -280
11 923.14526 443.76886 0.019607844 -296
12 923.14526 443.76886 0.019607844 -329
13 923.14526 443.76886 0.019607844 -346
14 923.14526 443.76886 0.019607844 -362
15 923.14526 443.76886 0.019607844 -379
16 921.41315 442.03604 0.019607844 -395
17 917.47687 441.7699 0.019607844 -428
18 915.57715 441.7699 0.01764706 -445
19 908.32666 441.7699 0.019607844 -461
20 900.6168 441.7699 0.019607844 -494
21 896.6543 443.027 0.019607844 -527
22 892.81744 444.94617 0.01764706 -544
23 876.1191 444.76834 0.01764706 -560
24 858.7925 445.621 0.01764706 -594
25 850.02167 447.60513 0.01764706 -627
26 840.3717 451.30502 0.01764706 -643
27 828.06726 454.15213 0.019607844 -660
28 815.9321 457.99356 0.019607844 -676
29 803.52747 462.35712 0.019607844 -693
30 769.4608 468.0389 0.019607844 -709
31 734.0807 473.16074 0.019607844 -742
32 696.93726 473.75323 0.019607844 -775
33 665.59235 477.47522 0.019607844 -808
34 632.3456 477.75116 0.019607844 -841
35 594.48474 478.75064 0.019607844 -874
36 555.3242 480.7496 0.019607844 -907
37 537.91675 482.5072 0.019607844 -940
38 521.6425 483.74805 0.019607844 -957
39 508.5533 483.74805 0.019607844 -973
40 493.50513 483.74805 0.019607844 -990
41 479.52643 484.89453 0.019607844 -1006
42 461.89655 484.74753 0.019607844 -1023
43 449.0359 484.74753 0.019607844 -1039
44 428.40244 484.74753 0.019607844 -1056
45 419.42532 484.74753 0.019607844 -1089
46 408.99628 483.74805 0.019607844 -1106
47 399.87833 482.79825 0.019607844 -1122
48 393.33582 482.74857 0.019607844 -1139
49 387.90042 482.74857 0.019607844 -1155
50 380.04022 482.74857 0.019607844 -1172
51 373.74817 482.74857 0.01764706 -1205
52 365.7363 487.0297 0.01764706 -1238
53 360.60425 492.32092 0.01764706 -1271
54 353.35712 508.0246 0.01764706 -1287
55 349.87805 529.11084 0.01764706 -1304
56 341.9956 590.33936 0.01764706 -1320
57 342.81705 665.6702 0.01764706 -1353
58 344.97855 745.37915 0.01764706 -1386
59 347.7806 820.21515 0.01764706 -1419
60 350.85135 882.8884 0.01764706 -1452
61 353.78827 937.82886 0.01764706 -1469
62 359.42886 1028.7698 0.01764706 -1485
63 365.369 1109.0559 0.01764706 -1518
64 369.1537 1137.3896 0.01764706 -1551
65 372.65494 1180.6658 0.01764706 -1568
66 376.12775 1216.5544 0.01764706 -1584
67 379.09012 1253.1559 0.01764706 -1601
68 381.31467 1283.025 0.01764706 -1618
69 385.3222 1318.461 0.01764706 -1634
70 386.30103 1347.1078 0.01764706 -1651
71 390.28226 1380.0046 0.01764706 -1667
72 391.258 1404.6735 0.01764706 -1684
73 392.84283 1434.0958 0.01764706 -1700
74 394.6346 1451.6553 0.01764706 -1717
75 394.6346 1461.6594 0.01764706 -1733
76 394.6346 1467.4039 0.01764706 -1750
77 394.6346 1471.3373 0.01764706 -1766
78 394.6346 1473.8027 0.01764706 -1783
79 394.6346 1477.2306 0.015686275 -1799
80 393.63553 1477.2306 0.015686275 -1828
0 957.1138 426.7777 0.019607844 -206
1 953.53235 426.7777 0.019607844 -206
2 946.4384 426.7777 0.019607844 -216
3 936.50824 426.7777 0.019607844 -233
4 920.86273 426.7777 0.019607844 -249
5 892.83954 426.7777 0.01764706 -282
6 877.5369 426.7777 0.019607844 -315
7 863.0195 427.7772 0.01764706 -331
8 826.131 428.38727 0.019607844 -348
9 788.8896 429.77615 0.01764706 -381
10 750.02167 431.02927 0.01764706 -414
11 697.62 432.75415 0.01764706 -447
12 648.64667 433.5036 0.01764706 -480
13 629.252 435.38974 0.01764706 -513
14 587.47217 435.773 0.01764706 -529
15 567.0738 437.01248 0.01764706 -563
16 540.2456 436.7725 0.01764706 -579
17 518.2512 437.77197 0.01764706 -596
18 497.43555 438.77145 0.01764706 -612
19 477.19168 439.40778 0.01764706 -629
20 462.8276 438.77145 0.01764706 -645
21 449.27368 438.77145 0.01764706 -662
22 435.5402 440.02786 0.01764706 -678
23 417.69376 439.77094 0.01764706 -695
24 399.2611 438.77145 0.01764706 -711
25 390.71094 437.77197 0.01764706 -744
26 383.1899 437.77197 0.01764706 -777
27 379.81274 437.77197 0.01764706 -810
28 377.9034 437.77197 0.01764706 -844
29 375.41138 438.39215 0.01764706 -860
30 371.6648 440.2662 0.01764706 -877
31 364.06006 463.5671 0.01764706 -893
32 362.6642 466.7569 0.01764706 -926
33 362.6642 466.7569 0.01764706 -933
34 345.67993 565.7053 0.01764706 -959
35 344.68085 585.318 0.01764706 -959
36 344.22073 690.7322 0.01764706 -992
37 344.12228 725.2907 0.01764706 -1042
38 344.68085 764.9744 0.01764706 -1058
39 345.96442 815.8393 0.01764706 -1075
40 346.9116 875.131 0.01764706 -1091
41 348.95255 918.79376 0.01764706 -1108
42 349.67624 948.1863 0.01764706 -1124
43 352.67273 999.46576 0.01764706 -1141
44 355.56473 1045.6526 0.01764706 -1158
45 357.46262 1092.2319 0.01764706 -1174
46 359.5312 1128.645 0.01764706 -1191
47 361.48462 1177.9536 0.01764706 -1207
48 363.44656 1220.9895 0.01764706 -1224
49 364.66235 1255.2202 0.01764706 -1240
50 366.6605 1302.331 0.01764706 -1257
51 368.6033 1338.7488 0.01764706 -1273
52 373.8722 1404.4982 0.015686275 -1290
53 375.90338 1439.3848 0.01764706 -1323
54 378.27463 1466.3586 0.01764706 -1339
55 378.6494 1488.2249 0.01764706 -1356
56 378.6494 1499.2191 0.01764706 -1367
0 775.28217 781.5929 0.01764706 -259
1 765.3611 781.5929 0.01764706 -259
2 730.9292 781.5929 0.01764706 -268
3 709.38477 779.5977 0.01764706 -301
4 688.83203 779.59393 0.01764706 -317
5 665.90955 778.7118 0.01764706 -334
6 643.61487 777.595 0.019607844 -350
7 621.6972 777.595 0.019607844 -367
8 599.6187 777.595 0.019607844 -383
9 578.9107 778.15 0.019607844 -400
10 557.2888 780.066 0.019607844 -416
11 533.57965 781.9716 0.019607844 -433
12 514.0333 783.8182 0.019607844 -449
13 492.6001 785.76746 0.019607844 -466
14 465.93167 788.6382 0.019607844 -482
15 445.3655 790.5175 0.019607844 -499
16 408.13638 794.23486 0.019607844 -515
17 376.1577 797.8962 0.019607844 -548
18 342.10965 800.68726 0.019607844 -582
19 310.29126 802.38477 0.019607844 -615
20 297.49728 804.28564 0.019607844 -648
21 282.86536 806.13336 0.019607844 -664
22 271.64304 806.5799 0.019607844 -681
23 262.4141 806.5799 0.019607844 -697
24 256.28735 807.73773 0.019607844 -714
25 250.72249 807.57935 0.019607844 -730
26 247.0303 807.57935 0.019607844 -747
27 243.32852 809.3016 0.019607844 -763
28 239.56499 811.1841 0.019607844 -780
29 235.80826 813.06323 0.019607844 -796
30 230.7335 816.27673 0.019607844 -813
31 227.28198 822.33307 0.019607844 -829
32 222.4184 833.44244 0.019607844 -846
33 216.76068 846.662 0.019607844 -862
34 211.169 865.33417 0.019607844 -879
35 206.56487 888.00885 0.019607844 -895
36 203.16296 911.3123 0.019607844 -912
37 201.28609 939.4789 0.019607844 -928
38 200.81406 971.85913 0.019607844 -945
39 200.81406 1009.25775 0.019607844 -961
40 203.14424 1045.1053 0.01764706 -978
41 205.01204 1092.4866 0.01764706 -994
42 205.80943 1137.4178 0.019607844 -1011
43 206.80852 1217.204 0.01764706 -1027
44 206.80852 1262.7002 0.019607844 -1060
45 206.04137 1306.98 0.019607844 -1077
46 208.47253 1396.5804 0.01764706 -1093
47 211.08778 1445.3628 0.019607844 -1126
48 214.38379 1491.78 0.01764706 -1143
49 216.36713 1538.2505 0.01764706 -1160
50 218.34558 1583.6779 0.01764706 -1176
51 218.79741 1623.6411 0.01764706 -1193
52 218.40857 1693.7343 0.01764706 -1209
53 217.79834 1723.2247 0.01764706 -1242
54 217.79834 1750.3309 0.019607844 -1259
55 216.43639 1770.7097 0.01764706 -1275
56 215.80019 1786.4467 0.01764706 -1292
57 213.60808 1803.6431 0.01764706 -1308
58 212.60501 1813.4518 0.019607844 -1341
59 212.80296 1815.2512 0.019607844 -1374
60 212.80296 1817.2129 0.019607844 -1391
61 212.80296 1818.0531 0.019607844 -1407
62 212.80296 1819.5522 0.019607844 -1424
63 212.80296 1819.0525 0.019607844 -1435
64 212.80296 1819.0525 0.01764706 -1457
0 960.111 410.78604 0.01764706 -199
1 950.6855 411.9903 0.01764706 -199
2 920.27203 417.87967 0.01764706 -209
3 880.44525 422.72772 0.01764706 -242
4 837.18 425.6279 0.01764706 -275
5 814.98895 427.61877 0.01764706 -309
6 790.2457 427.7772 0.01764706 -325
7 766.12494 429.4568 0.01764706 -342
8 743.297 430.77563 0.01764706 -358
9 715.9005 431.2705 0.01764706 -375
10 691.26917 432.7746 0.01764706 -391
11 666.03296 432.7746 0.01764706 -408
12 638.59283 433.77408 0.01764706 -424
13 578.74866 433.77408 0.01764706 -441
14 537.8981 434.77356 0.01764706 -474
15 500.47076 434.77356 0.01764706 -506
16 465.43088 434.77356 0.01764706 -539
17 452.82916 434.77356 0.01764706 -572
18 441.59464 434.77356 0.01764706 -588
19 423.03452 434.77356 0.01764706 -605
20 415.2956 434.77356 0.01764706 -638
21 409.37793 434.77356 0.01764706 -655
22 403.69424 434.77356 0.01764706 -671
23 400.20566 434.77356 0.01764706 -688
24 394.41306 434.77356 0.01764706 -704
25 388.8634 434.77356 0.01764706 -720
26 380.69354 436.0755 0.01764706 -737
27 374.99197 445.64313 0.01764706 -770
28 370.8479 454.38077 0.01764706 -786
29 367.08304 464.2009 0.01764706 -803
30 364.2687 472.73874 0.01764706 -819
31 361.59134 497.51645 0.01764706 -836
32 359.75214 517.04895 0.01764706 -852
33 358.6679 541.57135 0.01764706 -869
34 358.6679 571.30865 0.01764706 -885
35 358.6679 597.69147 0.01764706 -902
36 358.6679 630.757 0.01764706 -918
37 359.0793 655.9528 0.01764706 -935
38 362.88522 733.81177 0.01764706 -951
39 363.66327 762.77094 0.01764706 -984
40 369.6918 850.9209 0.01764706 -1001
41 385.054 971.9918 0.01764706 -1034
42 391.19104 1008.5706 0.01764706 -1083
43 396.49457 1054.4746 0.01764706 -1100
44 401.97433 1096.1855 0.01764706 -1116
45 406.9109 1132.4923 0.01764706 -1133
46 411.8 1179.8358 0.01764706 -1149
47 415.2894 1216.7793 0.01764706 -1166
48 418.14127 1253.6884 0.01764706 -1182
49 422.08752 1299.4548 0.01764706 -1199
50 423.04462 1330.6514 0.01764706 -1215
51 426.38812 1373.1141 0.01764706 -1232
52 427.76273 1395.1575 0.01764706 -1248
53 430.9464 1429.4373 0.01764706 -1265
54 430.6013 1447.0558 0.01764706 -1281
55 430.6013 1456.9357 0.01764706 -1298
56 430.6013 1463.2926 0.01764706 -1314
57 430.6013 1467.9197 0.01764706 -1331
58 431.60037 1472.8851 0.01764706 -1347
59 431.60037 1475.5646 0.01764706 -1364
60 430.6013 1476.5421 0.01764706 -1380
61 430.6013 1476.2311 0.01764706 -1397
62 430.6013 1476.2311 0.01764706 -1413
63 430.6013 1476.2311 0.01764706 -1430
0 960.111 371.80634 0.01764706 -191
1 952.42773 371.80634 0.01764706 -191
2 944.78613 371.80634 0.01764706 -212
3 935.23596 371.80634 0.01764706 -229
4 911.6771 371.80634 0.01764706 -245
5 891.69806 371.80634 0.01764706 -279
6 872.021 372.80582 0.01764706 -295
7 849.72797 372.80582 0.01764706 -312
8 826.28296 373.25577 0.01764706 -328
9 803.5535 374.80478 0.01764706 -345
10 777.5856 374.80478 0.01764706 -361
11 752.24445 377.4279 0.01764706 -378
12 720.9066 381.0619 0.01764706 -395
13 710.3423 382.80063 0.01764706 -411
14 700.3515 416.78293 0.023529414 -418
15 678.3719 406.78812 0.01764706 -443
16 608.3372 400.79126 0.01764706 -443
17 565.2744 407.7876 0.01764706 -494
18 543.6143 407.7876 0.01764706 -527
19 527.23645 410.85486 0.019607844 -544
20 523.51526 411.78552 0.01764706 -561
21 517.5208 434.77356 0.023529414 -565
22 502.5347 429.77615 0.01764706 -591
23 467.17432 423.5472 0.019607844 -591
24 449.72 423.77927 0.019607844 -637
25 443.10098 423.77927 0.019607844 -671
26 437.50485 423.77927 0.019607844 -687
27 430.94327 423.77927 0.019607844 -703
28 425.39246 423.77927 0.019607844 -720
29 420.9239 423.77927 0.019607844 -736
30 417.3882 423.77927 0.019607844 -753
31 413.65558 423.77927 0.019607844 -769
32 409.99432 423.77927 0.019607844 -786
33 406.99692 423.77927 0.01764706 -802
34 404.60275 423.77927 0.019607844 -819
35 402.2791 423.77927 0.01764706 -835
36 399.4463 423.77927 0.01764706 -852
37 396.4279 423.77927 0.01764706 -868
38 394.68896 423.77927 0.01764706 -885
39 392.81775 423.77927 0.01764706 -901
40 390.94418 424.47275 0.01764706 -918
41 385.93552 438.3241 0.01764706 -934
42 378.1236 464.33704 0.01764706 -951
43 375.65216 510.445 0.01764706 -984
44 379.28345 579.506 0.01764706 -1017
45 389.92615 660.3203 0.01764706 -1050
46 401.49277 751.66016 0.01764706 -1083
47 400.62906 777.65436 0.01764706 -1116
48 406.1925 822.1206 0.01764706 -1132
49 411.5126 871.6734 0.01764706 -1149
50 418.8408 974.2645 0.01764706 -1165
51 420.71063 1006.8784 0.01764706 -1198
52 424.65604 1054.9675 0.01764706 -1215
53 428.511 1096.5065 0.01764706 -1231
54 430.6013 1127.0568 0.01764706 -1248
55 434.2753 1162.0396 0.01764706 -1264
56 434.5976 1193.165 0.01764706 -1281
57 438.37003 1237.322 0.01764706 -1297
58 440.0866 1260.8137 0.01764706 -1314
59 441.59113 1300.7509 0.01764706 -1330
60 445.58743 1357.9542 0.01764706 -1347
61 446.5865 1395.1537 0.01764706 -1380
62 446.5865 1410.6882 0.01764706 -1413
63 446.5865 1432.7723 0.01764706 -1429
64 446.5865 1444.4119 0.01764706 -1446
65 446.5865 1450.7813 0.01764706 -1462
66 446.5865 1455.2697 0.01764706 -1479
67 446.5865 1456.2415 0.01764706 -1495
68 446.5865 1457.241 0.01764706 -1499
0 759.29694 280.85373 0.01764706 -290
1 734.12604 285.02032 0.01764706 -290
2 687.36835 292.84677 0.019607844 -308
3 659.5766 294.84644 0.019607844 -341
4 633.6782 298.66373 0.019607844 -357
5 604.59937 300.8433 0.019607844 -374
6 549.96466 306.47543 0.019607844 -390
7 493.04346 310.33838 0.019607844 -423
8 467.3788 312.23648 0.019607844 -456
9 437.58212 315.13074 0.019607844 -473
10 412.61887 315.83548 0.019607844 -489
11 382.49356 318.9059 0.01764706 -506
12 330.5383 323.61264 0.019607844 -522
13 283.83075 326.82977 0.019607844 -555
14 264.31268 328.2733 0.019607844 -588
15 230.84058 328.96378 0.01764706 -605
16 218.48936 328.82874 0.019607844 -638
17 206.56927 330.70102 0.019607844 -654
18 198.95149 332.54285 0.019607844 -671
19 191.55307 332.82663 0.019607844 -687
20 185.65898 334.2156 0.019607844 -704
21 180.28662 335.00766 0.019607844 -720
22 173.32513 335.82507 0.01764706 -737
23 167.95674 335.82507 0.01764706 -753
24 164.17603 335.82507 0.01764706 -770
25 160.46552 335.82507 0.01764706 -786
26 156.78793 336.89142 0.01764706 -803
27 153.06438 342.01273 0.019607844 -819
28 150.64774 347.45737 0.01764706 -836
29 147.74135 355.3024 0.01764706 -852
30 143.90245 369.66467 0.01764706 -869
31 140.11365 389.45847 0.01764706 -885
32 137.09013 415.74448 0.01764706 -902
33 136.52235 445.09464 0.01764706 -918
34 136.87326 475.63995 0.01764706 -935
35 139.32419 513.34344 0.01764706 -951
36 141.22466 544.0477 0.01764706 -968
37 146.41933 587.2431 0.01764706 -984
38 148.43079 629.77454 0.01764706 -1001
39 153.02411 685.2905 0.01764706 -1017
40 161.72076 772.7342 0.01764706 -1034
41 166.6835 818.33044 0.01764706 -1066
42 169.72142 860.8802 0.01764706 -1083
43 173.53339 903.1643 0.01764706 -1099
44 176.40791 943.007 0.01764706 -1116
45 179.298 986.1266 0.01764706 -1132
46 186.80771 1071.6271 0.01764706 -1149
47 190.50941 1109.7666 0.01764706 -1182
48 193.49011 1149.448 0.01764706 -1198
49 195.14021 1186.2516 0.01764706 -1215
50 197.46907 1221.1427 0.01764706 -1231
51 201.12532 1256.8378 0.01764706 -1248
52 201.81314 1283.2273 0.01764706 -1264
53 202.44383 1308.4188 0.01764706 -1281
54 203.81128 1332.1094 0.01764706 -1297
55 203.81128 1347.8317 0.01764706 -1314
56 200.22221 1370.2483 0.01764706 -1330
57 199.81499 1379.2816 0.01764706 -1363
58 198.81592 1382.28 0.01764706 -1383
0 811.24884 744.6122 0.01764706 -151
1 807.0447 744.6122 0.01764706 -151
2 803.1271 744.6122 0.019607844 -168
3 799.1794 744.6122 0.01764706 -184
4 795.25256 744.6122 0.01764706 -201
5 789.3798 745.57477 0.01764706 -217
6 772.1181 749.44305 0.01764706 -234
7 760.27594 751.4453 0.01764706 -267
8 747.6392 754.2267 0.01764706 -283
9 732.39557 756.3756 0.01764706 -300
10 713.39453 758.2995 0.01764706 -316
11 693.6982 760.9356 0.01764706 -333
12 671.28 764.2249 0.01764706 -349
13 646.8214 766.1493 0.01764706 -366
14 623.8105 768.1085 0.01764706 -382
15 597.7429 771.0371 0.01764706 -399
16 548.55133 775.8221 0.019607844 -415
17 520.4972 779.05896 0.019607844 -448
18 486.0711 781.8181 0.019607844 -465
19 457.26218 784.6123 0.019607844 -481
20 432.08524 786.553 0.019607844 -498
21 406.97397 790.04596 0.019607844 -514
22 363.93835 793.1042 0.019607844 -531
23 318.28003 796.9872 0.019607844 -564
24 278.6994 798.6998 0.019607844 -597
25 260.50616 799.72266 0.019607844 -630
26 238.6173 802.5967 0.019607844 -646
27 222.50125 802.582 0.019607844 -663
28 210.1969 802.582 0.019607844 -679
29 199.42801 804.25854 0.019607844 -696
30 179.90027 804.58093 0.019607844 -712
31 169.8237 806.9835 0.019607844 -745
32 163.80605 806.5799 0.019607844 -762
33 158.33261 806.5799 0.019607844 -778
34 153.78702 806.5799 0.019607844 -795
35 150.92067 806.5799 0.019607844 -811
36 149.03296 806.5799 0.019607844 -828
37 147.14935 806.5799 0.019607844 -844
38 143.4057 808.04065 0.019607844 -861
39 140.03056 811.4172 0.019607844 -894
40 136.17076 816.62933 0.019607844 -910
41 133.63736 822.2884 0.019607844 -927
42 129.54291 831.4098 0.019607844 -943
43 125.78697 844.9944 0.019607844 -960
44 121.060234 879.8185 0.01764706 -976
45 117.89084 929.49255 0.01764706 -1009
46 117.89084 987.5573 0.01764706 -1042
47 116.89177 1052.5248 0.01764706 -1075
48 115.89269 1084.0184 0.01764706 -1108
49 114.893616 1120.4484 0.019607844 -1125
50 114.893616 1175.6276 0.019607844 -1141
51 116.89177 1256.5941 0.01764706 -1158
52 120.772736 1341.7614 0.01764706 -1191
53 122.77856 1387.9064 0.01764706 -1224
54 125.76934 1433.3983 0.01764706 -1240
55 127.74437 1475.4845 0.01764706 -1257
56 130.71933 1520.8555 0.01764706 -1273
57 132.73248 1565.8583 0.01764706 -1290
58 134.7018 1605.694 0.01764706 -1306
59 135.70903 1645.1676 0.01764706 -1323
60 137.67033 1686.6732 0.01764706 -1339
61 139.6512 1727.4911 0.01764706 -1356
62 142.63835 1767.7174 0.01764706 -1372
63 143.63556 1801.3586 0.01764706 -1389
64 145.6324 1832.5541 0.01764706 -1405
65 146.86401 1849.0369 0.01764706 -1422
66 146.86401 1849.0369 0.01764706 -1432
0 1000.07404 569.70325 0.019607844 -94
1 1000.07404 569.70325 0.01764706 -101
2 1000.07404 569.70325 0.01764706 -143
3 1000.07404 569.70325 0.01764706 -160
4 1000.07404 569.70325 0.01764706 -176
5 998.9544 569.70325 0.01764706 -193
6 987.00995 577.75616 0.01764706 -209
7 971.09393 588.6975 0.01764706 -242
8 944.55536 596.5818 0.01764706 -275
9 928.35254 600.63416 0.01764706 -308
10 909.68054 602.63385 0.01764706 -325
11 890.1598 604.58673 0.01764706 -341
12 868.9155 606.5408 0.01764706 -358
13 844.8343 608.4818 0.01764706 -374
14 819.5333 609.4293 0.01764706 -391
15 794.114 610.68195 0.01764706 -407
16 769.7716 610.68195 0.01764706 -424
17 745.0046 611.6814 0.01764706 -440
18 719.0028 612.0144 0.01764706 -457
19 668.198 613.76483 0.01764706 -473
20 612.21545 613.68036 0.01764706 -506
21 567.4786 615.2177 0.01764706 -539
22 522.0386 617.9943 0.01764706 -572
23 504.60965 620.1044 0.01764706 -605
24 481.1741 620.70593 0.01764706 -622
25 462.6508 621.6762 0.01764706 -638
26 448.32114 621.6762 0.01764706 -655
27 435.25937 620.6767 0.01764706 -671
28 424.607 621.6762 0.01764706 -688
29 413.34384 621.6762 0.01764706 -704
30 405.5301 621.6762 0.01764706 -721
31 398.0339 621.6762 0.01764706 -737
32 392.61868 621.6762 0.01764706 -754
33 387.92685 621.6762 0.01764706 -770
34 384.1975 621.6762 0.01764706 -787
35 380.49963 621.6762 0.01764706 -803
36 378.19553 621.6762 0.01764706 -820
37 373.48547 622.8443 0.01764706 -836
38 365.71262 640.56396 0.01764706 -869
39 361.93643 652.11725 0.01764706 -902
40 359.34772 658.29626 0.01764706 -935
41 355.12915 684.60565 0.01764706 -952
42 353.22864 701.6333 0.01764706 -968
43 351.67438 753.8439 0.01764706 -985
44 351.67438 797.48157 0.01764706 -1018
45 356.49976 895.1518 0.01764706 -1034
46 358.6679 952.6566 0.01764706 -1084
47 360.23685 989.4702 0.01764706 -1117
48 364.0906 1058.8645 0.01764706 -1133
49 366.88895 1120.8461 0.01764706 -1166
50 371.8605 1184.2502 0.01764706 -1199
51 376.7916 1261.5906 0.01764706 -1232
52 378.76178 1305.0073 0.01764706 -1265
53 379.64847 1331.6035 0.01764706 -1282
54 379.64847 1355.2941 0.01764706 -1298
55 379.64847 1369.2867 0.01764706 -1306
56 379.64847 1395.2733 0.01764706 -1330
57 379.64847 1490.1138 0.01764706 -1330
58 379.64847 1538.658 0.01764706 -1381
59 379.64847 1561.4381 0.01764706 -1414
60 379.64847 1577.2628 0.01764706 -1430
61 379.64847 1604.7827 0.01764706 -1447
62 379.64847 1624.7556 0.01764706 -1463
63 379.64847 1635.9187 0.01764706 -1480
64 378.6494 1657.8934 0.01764706 -1496
65 376.70477 1680.6425 0.01764706 -1529
66 375.72522 1690.8268 0.01764706 -1546
67 375.65216 1696.9053 0.01764706 -1562
68 375.65216 1700.9683 0.01764706 -1579
69 375.65216 1704.0348 0.01764706 -1595
70 375.65216 1706.1113 0.01764706 -1612
71 375.65216 1707.1108 0.01764706 -1629
0 953.1175 375.80426 0.01764706 -8
1 951.9855 375.80426 0.01764706 -42
2 944.00354 375.80426 0.01764706 -101
3 937.8187 375.80426 0.01764706 -134
4 923.0367 379.83838 0.01764706 -151
5 914.95996 383.87723 0.01764706 -183
6 906.0744 387.8413 0.01764706 -200
7 893.21454 393.77707 0.01764706 -216
8 859.35754 403.55914 0.01764706 -233
9 836.2243 406.60666 0.01764706 -266
10 792.2738 411.5543 0.01764706 -282
11 769.1051 414.272 0.01764706 -315
12 746.0086 415.47534 0.01764706 -332
13 720.3113 416.40018 0.01764706 -348
14 696.8712 417.7824 0.01764706 -365
15 672.4211 419.23978 0.01764706 -381
16 648.04865 421.14325 0.01764706 -398
17 627.1487 422.7798 0.01764706 -414
18 602.18225 422.7798 0.01764706 -431
19 577.12537 425.95685 0.01764706 -447
20 552.3441 426.7777 0.01764706 -464
21 530.9767 427.64377 0.01764706 -480
22 511.19366 428.77667 0.01764706 -497
23 489.5501 428.77667 0.01764706 -513
24 452.21536 428.77667 0.01764706 -530
25 416.08704 429.77615 0.01764706 -563
26 401.27405 429.77615 0.01764706 -596
27 387.39777 431.6806 0.01764706 -612
28 374.14777 431.77512 0.01764706 -629
29 361.06287 431.77512 0.01764706 -645
30 349.36224 431.77512 0.01764706 -662
31 339.2875 431.77512 0.01764706 -678
32 323.73767 431.77512 0.01764706 -695
33 317.1392 431.77512 0.01764706 -728
34 311.49783 431.77512 0.01764706 -744
35 307.75076 431.77512 0.01764706 -761
36 303.08044 431.77512 0.01764706 -777
37 299.9557 431.77512 0.01764706 -794
38 298.0588 431.77512 0.01764706 -810
39 295.61594 431.77512 0.01764706 -827
40 291.8452 433.2166 0.01764706 -843
41 289.03934 434.12042 0.01764706 -860
42 285.2411 447.0042 0.01764706 -876
43 280.30084 456.86108 0.01764706 -893
44 277.64917 467.31903 0.01764706 -909
45 272.66876 476.90915 0.01764706 -926
46 269.83505 505.5483 0.01764706 -942
47 268.75116 522.47064 0.01764706 -959
48 268.75116 559.43896 0.01764706 -975
49 271.74838 619.5809 0.01764706 -992
50 274.58743 687.5337 0.01764706 -1025
51 276.3918 754.94714 0.01764706 -1058
52 279.06982 794.463 0.01764706 -1091
53 279.97964 823.15497 0.01764706 -1107
54 279.74097 864.1734 0.01764706 -1124
55 281.73914 891.99786 0.01764706 -1140
56 288.32892 945.2815 0.01764706 -1157
57 293.82898 1048.172 0.01764706 -1173
58 296.88828 1095.7952 0.01764706 -1206
59 298.7205 1129.3708 0.01764706 -1223
60 303.716 1177.3672 0.01764706 -1239
61 308.61136 1221.5663 0.01764706 -1256
62 311.6635 1253.7245 0.01764706 -1272
63 317.60175 1302.2797 0.01764706 -1289
64 323.37808 1340.5068 0.01764706 -1305
65 328.343 1375.5186 0.01764706 -1322
66 331.43225 1409.0055 0.01764706 -1338
67 336.68826 1455.4446 0.01764706 -1355
68 336.68826 1483.8829 0.01764706 -1388
69 335.78238 1499.6593 0.01764706 -1404
70 335.68918 1508.8231 0.01764706 -1421
71 334.6901 1515.9093 0.01764706 -1437
72 334.6901 1520.9731 0.01764706 -1454
73 334.6901 1524.0833 0.01764706 -1470
74 334.6901 1527.2046 0.01764706 -1487
75 333.69104 1527.2046 0.01764706 -1512
0 967.10455 366.80893 0.01764706 -249
1 961.14813 366.80893 0.01764706 -249
2 945.57086 366.80893 0.01764706 -264
3 935.68085 366.80893 0.01764706 -297
4 925.81323 367.67438 0.01764706 -313
5 911.6727 368.8079 0.01764706 -330
6 893.25415 368.8079 0.01764706 -346
7 875.3792 370.5637 0.01764706 -362
8 833.3317 371.80634 0.01764706 -379
9 785.9075 372.80582 0.01764706 -412
10 761.4294 373.8053 0.01764706 -445
11 735.7438 373.8053 0.01764706 -461
12 685.62244 373.8053 0.01764706 -478
13 637.4153 374.80478 0.01764706 -511
14 571.3909 386.83054 0.01764706 -544
15 526.83 396.86618 0.01764706 -577
16 507.4268 402.21118 0.01764706 -610
17 486.93127 406.99127 0.019607844 -626
18 467.75613 410.7482 0.01764706 -643
19 448.55203 412.18857 0.01764706 -659
20 428.1372 414.09946 0.01764706 -676
21 395.09482 417.8498 0.01764706 -692
22 375.2901 418.8221 0.01764706 -725
23 358.0434 418.78186 0.01764706 -742
24 344.48117 418.78186 0.01764706 -758
25 333.67545 419.58456 0.01764706 -775
26 325.87814 420.78082 0.01764706 -791
27 311.18408 420.78082 0.01764706 -808
28 301.92822 420.78082 0.01764706 -841
29 294.3658 420.78082 0.01764706 -874
30 288.69687 420.78082 0.01764706 -907
31 286.7141 420.78082 0.01764706 -940
32 284.77966 420.78082 0.01764706 -956
33 281.82474 420.78082 0.01764706 -973
34 278.02133 422.64047 0.01764706 -989
35 267.58533 445.54645 0.01764706 -1006
36 262.27502 460.20667 0.01764706 -1039
37 255.1288 507.72028 0.01764706 -1055
38 253.18768 531.7028 0.01764706 -1088
39 251.22752 563.26447 0.01764706 -1105
40 249.76874 579.69806 0.01764706 -1121
41 249.76874 604.68506 0.01764706 -1133
0 964.1073 434.77356 0.01764706 -258
1 940.7117 434.77356 0.01764706 -258
2 919.8762 435.773 0.01764706 -279
3 894.49994 435.773 0.01764706 -295
4 868.7414 435.773 0.01764706 -312
5 840.3998 435.773 0.01764706 -329
6 812.19946 437.77197 0.01764706 -345
7 783.03723 437.77197 0.01764706 -362
8 754.22546 438.65604 0.01764706 -378
9 716.0457 442.55914 0.01764706 -395
10 692.68427 443.1031 0.01764706 -411
11 656.0293 445.05048 0.01764706 -428
12 637.23224 442.76938 0.01764706 -445
13 606.9186 444.91647 0.01764706 -461
14 552.7209 448.78415 0.01764706 -478
15 509.92007 450.98242 0.01764706 -511
16 459.29712 450.86346 0.01764706 -539
17 421.969 452.91516 0.01764706 -572
18 391.93613 451.7647 0.01764706 -605
19 382.01233 451.7647 0.01764706 -638
20 366.72083 453.9984 0.01764706 -655
21 356.3984 456.85257 0.019607844 -688
22 347.033 460.58295 0.019607844 -721
23 339.49893 464.3515 0.019607844 -754
24 331.98477 468.1101 0.01764706 -787
25 328.04257 471.4081 0.01764706 -820
26 324.21594 473.99503 0.01764706 -837
27 322.5658 478.02206 0.01764706 -853
28 318.57834 489.3151 0.01764706 -870
29 315.74457 506.40384 0.01764706 -886
30 311.96957 539.3253 0.01764706 -903
31 310.7123 567.89624 0.01764706 -936
32 309.71323 593.983 0.01764706 -952
33 309.71323 627.7129 0.01764706 -969
34 310.268 692.9756 0.01764706 -985
35 309.71323 757.8169 0.01764706 -1018
36 305.51376 828.0088 0.01764706 -1051
37 304.5296 874.9361 0.01764706 -1084
38 304.71786 911.5848 0.01764706 -1101
39 303.6076 942.9553 0.01764706 -1117
40 303.71878 980.99493 0.01764706 -1134
41 303.71878 1055.2216 0.01764706 -1150
42 305.71692 1127.0244 0.01764706 -1183
43 308.71414 1198.9559 0.01764706 -1217
44 310.7123 1244.4619 0.01764706 -1250
45 310.7123 1282.1606 0.01764706 -1266
46 311.71136 1314.0383 0.01764706 -1283
47 313.63226 1348.3312 0.01764706 -1299
48 313.70953 1378.656 0.01764706 -1316
49 315.70767 1443.3531 0.01764706 -1332
50 317.70584 1497.6143 0.01764706 -1365
51 315.69235 1513.3192 0.01764706 -1398
52 315.7735 1523.5359 0.015686275 -1415
53 315.7735 1523.5359 0.01764706 -1431
0 754.3016 738.6153 0.01764706 -275
1 728.38586 744.0435 0.01764706 -275
2 707.1462 745.8314 0.01764706 -300
3 687.59033 748.96454 0.01764706 -317
4 662.3664 750.76434 0.01764706 -333
5 640.1682 752.7205 0.01764706 -350
6 618.4312 755.6894 0.01764706 -366
7 594.1781 758.62573 0.01764706 -383
8 573.20685 761.4693 0.01764706 -399
9 547.38586 763.46716 0.01764706 -416
10 496.6439 767.26013 0.01764706 -432
11 469.79614 768.5997 0.01764706 -465
12 445.09863 770.098 0.01764706 -482
13 418.7433 770.59863 0.01764706 -498
14 396.25912 772.8786 0.01764706 -515
15 342.6075 777.839 0.019607844 -531
16 315.69107 779.59503 0.019607844 -564
17 271.6008 780.59344 0.019607844 -581
18 232.32571 782.0386 0.019607844 -614
19 215.70404 782.5924 0.01764706 -647
20 202.35498 783.8 0.019607844 -663
21 189.97096 783.59186 0.01764706 -680
22 176.65959 783.59186 0.019607844 -696
23 166.37527 783.59186 0.019607844 -713
24 158.73604 783.59186 0.019607844 -729
25 152.93886 782.9524 0.01764706 -746
26 147.85385 782.5924 0.019607844 -762
27 142.7017 782.5924 0.01764706 -779
28 139.45438 782.5924 0.019607844 -795
29 135.69292 782.5924 0.019607844 -812
30 133.89034 782.5924 0.019607844 -828
31 130.1854 784.4385 0.01764706 -845
32 127.170685 787.0132 0.019607844 -861
33 124.72645 791.3249 0.019607844 -878
34 121.42714 796.9662 0.01764706 -894
35 119.56169 802.5648 0.019607844 -911
36 117.61713 811.9469 0.01764706 -927
37 115.74778 823.5863 0.01764706 -944
38 113.87436 835.68604 0.01764706 -960
39 112.89547 851.80365 0.01764706 -977
40 111.89639 868.84827 0.01764706 -993
41 111.89639 890.0455 0.01764706 -1010
42 112.49098 913.26117 0.01764706 -1026
43 117.17084 1008.2234 0.01764706 -1043
44 119.22425 1051.8104 0.01764706 -1092
45 122.33485 1106.0417 0.019607844 -1109
46 124.05456 1155.4644 0.01764706 -1125
47 126.00469 1200.2876 0.01764706 -1142
48 126.882515 1239.5042 0.019607844 -1158
49 126.882515 1282.318 0.01764706 -1175
50 126.882515 1325.96 0.019607844 -1192
51 128.82498 1369.949 0.01764706 -1208
52 129.7807 1408.3829 0.01764706 -1225
53 129.87975 1490.6592 0.01764706 -1241
54 129.87975 1567.6808 0.01764706 -1274
55 129.87975 1603.3903 0.01764706 -1307
56 129.87975 1638.1306 0.01764706 -1324
57 129.87975 1671.9291 0.01764706 -1340
58 128.88066 1702.8352 0.019607844 -1357
59 127.88159 1731.7134 0.01764706 -1373
60 127.21911 1757.042 0.01764706 -1390
61 126.882515 1779.6549 0.01764706 -1406
62 124.22295 1813.6895 0.01764706 -1423
63 123.88529 1825.087 0.01764706 -1456
64 122.886215 1833.7207 0.01764706 -1472
65 122.22629 1841.0227 0.019607844 -1489
66 121.887146 1845.3412 0.01764706 -1505
67 121.887146 1847.6758 0.019607844 -1522
68 121.887146 1849.6603 0.019607844 -1538
69 121.887146 1851.0359 0.01764706 -1555
70 121.887146 1852.0354 0.019607844 -1566
0 1011.06384 560.70795 0.019607844 -77
1 1011.06384 560.70795 0.01764706 -85
2 1011.06384 560.70795 0.01764706 -112
3 1009.82135 559.46497 0.01764706 -129
4 1005.4072 557.3788 0.01764706 -162
5 1000.27747 556.71 0.01764706 -178
6 993.17633 556.71 0.01764706 -195
7 985.39197 556.71 0.01764706 -211
8 974.1664 556.71 0.01764706 -228
9 942.1125 558.709 0.01764706 -244
10 925.37274 560.7935 0.01764706 -278
11 904.6395 562.7544 0.01764706 -294
12 884.0516 563.71936 0.01764706 -311
13 861.4018 563.70636 0.01764706 -327
14 837.1735 563.70636 0.01764706 -344
15 790.55896 562.88306 0.01764706 -360
16 767.91693 563.4676 0.01764706 -393
17 744.586 564.7059 0.01764706 -410
18 718.091 564.3402 0.01764706 -426
19 693.7139 565.9132 0.01764706 -443
20 666.7851 565.7053 0.01764706 -459
21 638.2643 566.70483 0.01764706 -476
22 597.17926 572.95514 0.01764706 -493
23 554.83167 575.48706 0.01764706 -526
24 518.0505 579.69806 0.01764706 -556
25 481.2195 580.6975 0.01764706 -589
26 467.1716 583.0386 0.01764706 -622
27 455.2729 584.9129 0.01764706 -638
28 441.33054 586.8744 0.01764706 -655
29 426.7468 589.81537 0.01764706 -671
30 416.42477 588.69336 0.01764706 -688
31 407.80554 589.6929 0.01764706 -704
32 402.87473 589.6929 0.01764706 -721
33 398.2679 591.26764 0.01764706 -737
34 393.27527 592.6913 0.01764706 -754
35 388.55206 594.23456 0.01764706 -770
36 385.63657 595.1932 0.01764706 -787
37 383.22714 595.68976 0.01764706 -803
38 381.32895 595.68976 0.01764706 -819
39 379.47562 596.6892 0.01764706 -836
40 377.55243 598.78613 0.01764706 -852
41 373.87805 602.462 0.01764706 -869
42 366.33023 622.6591 0.01764706 -902
43 363.97205 638.813 0.01764706 -935
44 361.66513 659.5196 0.01764706 -951
45 360.92004 712.7305 0.01764706 -984
46 362.6642 768.44867 0.01764706 -1017
47 364.97696 813.2996 0.01764706 -1050
48 367.9638 859.72864 0.01764706 -1067
49 369.7727 889.37854 0.01764706 -1083
50 371.72534 933.55646 0.01764706 -1100
51 373.66885 977.93616 0.01764706 -1116
52 375.64545 1005.3958 0.01764706 -1133
53 376.6158 1044.5696 0.01764706 -1149
54 378.58264 1074.3708 0.01764706 -1166
55 381.49286 1118.1863 0.01764706 -1182
56 383.55338 1161.7422 0.01764706 -1199
57 385.53726 1193.7921 0.01764706 -1215
58 387.48465 1238.8492 0.01764706 -1232
59 389.46475 1280.9194 0.01764706 -1248
60 390.44745 1313.6414 0.01764706 -1265
61 390.6383 1351.0128 0.01764706 -1281
62 392.3972 1384.9678 0.01764706 -1298
63 392.63644 1426.6178 0.01764706 -1314
64 392.63644 1466.4679 0.01764706 -1331
65 392.63644 1495.8672 0.01764706 -1347
66 392.63644 1520.0393 0.01764706 -1364
67 392.63644 1551.8982 0.01764706 -1380
68 392.63644 1573.8992 0.01764706 -1397
69 392.63644 1599.8612 0.01764706 -1413
70 392.63644 1622.2778 0.01764706 -1430
71 392.63644 1634.3687 0.01764706 -1446
72 392.63644 1644.397 0.01764706 -1463
73 392.63644 1653.7395 0.01764706 -1479
74 391.99307 1666.42 0.01764706 -1496
75 391.6374 1670.4637 0.01764706 -1529
76 391.6374 1673.8177 0.019607844 -1545
77 391.6374 1675.1274 0.01764706 -1562
78 391.6374 1676.127 0.01764706 -1572
0 954.1166 433.77408 0.01764706 -207
1 942.01215 433.77408 0.01764706 -207
2 918.84564 433.77408 0.01764706 -224
3 882.04456 433.77408 0.01764706 -257
4 840.0985 435.70563 0.01764706 -290
5 817.7509 437.7258 0.01764706 -323
6 790.6671 440.683 0.01764706 -340
7 767.897 439.77094 0.01764706 -356
8 743.3334 441.56857 0.01764706 -373
9 714.6068 443.48444 0.01764706 -389
10 689.4349 447.74847 0.01764706 -406
11 663.4029 448.76627 0.01764706 -422
12 637.7817 450.78488 0.01764706 -439
13 587.18787 454.76312 0.01764706 -455
14 543.2426 458.86554 0.01764706 -488
15 493.2903 461.63477 0.01764706 -521
16 467.60168 460.91644 0.01764706 -554
17 448.1904 460.76 0.01764706 -571
18 414.11658 461.7595 0.01764706 -587
19 401.12857 463.25873 0.01764706 -620
20 391.83237 466.1182 0.01764706 -636
21 384.8966 467.94302 0.019607844 -653
22 376.30936 467.8704 0.019607844 -670
23 367.697 468.74338 0.01764706 -686
24 357.52634 469.7553 0.019607844 -703
25 349.84027 469.7553 0.019607844 -736
26 345.80466 469.7553 0.019607844 -769
27 343.3551 469.7553 0.019607844 -785
28 341.50696 470.93155 0.019607844 -802
29 339.58154 472.85776 0.019607844 -818
30 337.7139 474.72614 0.019607844 -835
31 335.84064 476.60016 0.01764706 -851
32 333.95178 478.48978 0.01764706 -867
33 332.06024 480.38208 0.01764706 -884
34 327.74692 488.9681 0.01764706 -900
35 321.43378 520.6089 0.01764706 -917
36 319.5195 529.64734 0.01764706 -950
37 317.5543 546.5358 0.01764706 -966
38 317.70584 572.8073 0.01764706 -983
39 317.70584 633.88464 0.01764706 -999
40 318.36804 691.2569 0.01764706 -1032
41 319.34116 720.54565 0.01764706 -1065
42 322.14957 789.44196 0.01764706 -1082
43 323.7003 821.45197 0.01764706 -1115
44 325.09872 861.74664 0.01764706 -1131
45 327.6966 936.6001 0.01764706 -1148
46 327.6966 962.4448 0.01764706 -1181
47 328.69565 1004.79865 0.01764706 -1197
48 330.92004 1045.5693 0.01764706 -1214
49 331.88855 1075.1821 0.01764706 -1230
50 332.69196 1118.36 0.01764706 -1247
51 333.69104 1141.7551 0.01764706 -1263
52 334.84518 1189.6406 0.01764706 -1280
53 335.68918 1237.4691 0.01764706 -1296
54 338.6864 1299.3339 0.01764706 -1313
55 340.74088 1323.8744 0.01764706 -1346
56 342.7386 1355.965 0.01764706 -1362
57 343.68176 1381.4697 0.01764706 -1379
58 343.68176 1395.3419 0.01764706 -1395
59 345.67557 1429.1857 0.01764706 -1412
60 346.67902 1448.0637 0.01764706 -1428
61 346.67902 1459.0748 0.01764706 -1445
62 348.60635 1498.5109 0.01764706 -1461
63 348.67715 1521.0328 0.01764706 -1494
64 348.67715 1527.2046 0.01764706 -1527
65 347.67807 1530.203 0.01764706 -1544
0 774.2831 744.6122 0.01764706 -234
1 769.5636 745.7925 0.01764706 -234
2 745.9562 747.6106 0.01764706 -243
3 736.6837 749.7363 0.01764706 -292
4 724.7854 751.6991 0.01764706 -309
5 697.42584 755.5962 0.01764706 -325
6 666.2473 759.5084 0.01764706 -358
7 625.6871 761.4883 0.01764706 -391
8 580.2851 761.60333 0.01764706 -424
9 556.08496 762.32605 0.01764706 -457
10 531.58014 762.6028 0.01764706 -474
11 507.94092 762.6028 0.01764706 -490
12 483.1192 762.6028 0.01764706 -507
13 438.8469 763.6023 0.01764706 -523
14 394.9554 764.60175 0.01764706 -556
15 364.87555 764.60175 0.01764706 -589
16 321.7155 766.6007 0.01764706 -606
17 301.97232 767.30475 0.019607844 -639
18 283.52274 768.1793 0.01764706 -655
19 251.22665 768.5997 0.019607844 -672
20 219.31213 769.5299 0.01764706 -705
21 189.15556 771.5981 0.019607844 -737
22 175.88042 771.5981 0.01764706 -770
23 164.93987 771.5981 0.019607844 -787
24 156.96149 771.5981 0.019607844 -803
25 150.77646 771.5981 0.01764706 -820
26 139.55705 772.5976 0.019607844 -836
27 135.78563 772.5976 0.01764706 -869
28 131.97035 772.5976 0.01764706 -886
29 128.22623 773.4247 0.01764706 -902
30 124.527565 776.95245 0.01764706 -919
31 120.66374 782.42926 0.019607844 -935
32 116.907166 789.5579 0.019607844 -952
33 113.05742 798.6788 0.01764706 -968
34 110.56938 808.2202 0.01764706 -985
35 106.49758 820.9857 0.019607844 -1001
36 100.90657 873.3736 0.01764706 -1018
37 100.785774 935.33655 0.01764706 -1051
38 100.90657 970.01605 0.01764706 -1084
39 101.90564 1009.477 0.01764706 -1100
40 102.90472 1045.9662 0.01764706 -1117
41 103.90379 1123.0406 0.01764706 -1133
42 104.90287 1203.3534 0.01764706 -1166
43 104.90287 1243.1653 0.019607844 -1199
44 104.90287 1282.949 0.01764706 -1216
45 101.90564 1357.3849 0.01764706 -1232
46 99.68109 1395.3523 0.01764706 -1265
47 96.445724 1431.9039 0.01764706 -1281
48 94.76071 1475.1718 0.01764706 -1298
49 92.77967 1516.0332 0.01764706 -1314
50 90.79063 1549.3232 0.01764706 -1331
51 89.91675 1584.013 0.01764706 -1347
52 88.01293 1646.6316 0.01764706 -1364
53 87.918594 1677.6031 0.01764706 -1397
54 87.918594 1707.1996 0.01764706 -1413
55 86.91952 1733.2946 0.01764706 -1430
56 86.91952 1761.0073 0.01764706 -1446
57 86.91952 1806.764 0.01764706 -1463
58 86.91952 1836.9336 0.01764706 -1496
59 86.91952 1849.2549 0.01764706 -1529
60 86.91952 1857.0327 0.01764706 -1545
61 86.91952 1857.0327 0.01764706 -1561
0 766.29047 751.6085 0.01764706 -233
1 751.8404 751.7012 0.01764706 -233
2 732.3 755.61084 0.01764706 -258
3 720.27515 757.61505 0.01764706 -291
4 707.4467 759.58984 0.01764706 -307
5 693.5112 761.5814 0.01764706 -324
6 677.7651 763.5532 0.01764706 -340
7 659.2374 765.51654 0.01764706 -357
8 641.4303 767.48645 0.01764706 -373
9 622.8835 769.4532 0.01764706 -390
10 603.4358 771.39874 0.01764706 -406
11 583.88184 772.35547 0.01764706 -423
12 562.11334 773.59705 0.01764706 -439
13 538.851 773.59705 0.01764706 -456
14 517.39856 774.59656 0.01764706 -472
15 494.7508 775.07886 0.01764706 -489
16 472.19687 775.99274 0.01764706 -505
17 429.43375 776.5955 0.01764706 -522
18 406.68948 776.5955 0.01764706 -555
19 356.64078 779.5961 0.01764706 -571
20 315.5042 781.4134 0.01764706 -604
21 296.85718 781.5929 0.01764706 -637
22 263.50253 783.59186 0.01764706 -653
23 233.5517 784.5914 0.01764706 -686
24 211.92326 784.5914 0.01764706 -719
25 196.83868 785.5908 0.01764706 -752
26 191.03703 786.519 0.01764706 -785
27 187.13736 786.5903 0.01764706 -802
28 183.33507 787.3375 0.01764706 -818
29 178.89087 790.53174 0.01764706 -835
30 170.99806 800.2704 0.01764706 -851
31 163.40099 825.5848 0.019607844 -884
32 160.63864 839.0512 0.01764706 -917
33 157.5298 861.4973 0.01764706 -934
34 154.76831 902.2976 0.01764706 -950
35 155.85007 939.3927 0.01764706 -967
36 155.85568 975.78204 0.01764706 -983
37 157.59149 1061.9324 0.01764706 -1000
38 158.60428 1108.2009 0.01764706 -1033
39 158.85292 1192.522 0.01764706 -1049
40 158.85292 1287.8335 0.01764706 -1082
41 160.85106 1371.8315 0.01764706 -1115
42 161.85014 1457.8901 0.01764706 -1148
43 161.85014 1552.3937 0.01764706 -1181
44 162.84921 1635.9803 0.01764706 -1214
45 161.69467 1689.8549 0.01764706 -1247
46 159.70207 1727.3511 0.01764706 -1263
47 156.78882 1793.1222 0.01764706 -1280
48 154.78941 1843.7123 0.01764706 -1313
49 154.85661 1856.0333 0.01764706 -1346
50 154.85661 1856.0333 0.01764706 -1353
0 1013.062 596.6892 0.01764706 -118
1 1011.8064 596.6892 0.01764706 -118
2 1008.8241 596.6892 0.01764706 -127
3 1006.8233 596.6892 0.01764706 -160
4 1004.8124 596.6892 0.01764706 -176
5 1001.60016 596.6892 0.01764706 -193
6 997.62695 598.9127 0.01764706 -209
7 992.4823 600.8866 0.01764706 -226
8 984.29364 602.88477 0.01764706 -242
9 976.1163 603.8814 0.01764706 -259
10 965.01776 605.86584 0.01764706 -275
11 953.2763 606.82416 0.01764706 -292
12 939.3068 608.80054 0.01764706 -308
13 908.9338 609.68243 0.01764706 -325
14 872.88074 611.61255 0.01764706 -358
15 851.6766 611.6814 0.01764706 -391
16 811.7382 611.6814 0.01764706 -407
17 787.9532 611.6814 0.01764706 -440
18 766.7521 611.6814 0.01764706 -457
19 744.88104 611.6814 0.01764706 -473
20 721.31616 611.6814 0.01764706 -490
21 678.86066 611.6814 0.01764706 -506
22 637.43933 611.6814 0.01764706 -539
23 609.803 611.6814 0.01764706 -572
24 587.6069 611.6814 0.01764706 -589
25 546.7098 611.6814 0.01764706 -605
26 527.4011 611.6814 0.01764706 -638
27 495.95636 611.6814 0.01764706 -654
28 480.74686 611.6814 0.01764706 -687
29 458.01105 611.6814 0.01764706 -704
30 447.6113 611.6814 0.01764706 -737
31 439.0744 611.6814 0.01764706 -753
32 431.594 611.6814 0.01764706 -770
33 424.71716 611.6814 0.01764706 -786
34 419.11963 611.6814 0.01764706 -803
35 413.59006 611.6814 0.01764706 -819
36 405.6146 611.6814 0.019607844 -836
37 402.70447 612.6809 0.019607844 -869
38 399.7974 617.0083 0.019607844 -885
39 396.25153 631.8156 0.01764706 -902
40 392.50528 640.9288 0.01764706 -918
41 388.33032 652.5904 0.01764706 -935
42 383.4239 682.63446 0.01764706 -968
43 381.61124 700.9538 0.01764706 -1001
44 383.64478 740.7061 0.01764706 -1017
45 384.64386 805.17377 0.01764706 -1034
46 386.32547 844.42175 0.01764706 -1067
47 388.21906 878.6416 0.01764706 -1083
48 390.13586 923.9754 0.01764706 -1100
49 394.019 1001.6199 0.01764706 -1116
50 394.6346 1051.7101 0.01764706 -1149
51 395.63367 1082.6621 0.01764706 -1166
52 397.83414 1166.5162 0.01764706 -1182
53 399.78708 1196.0502 0.01764706 -1199
54 400.74344 1245.2974 0.01764706 -1215
55 402.71835 1294.0636 0.01764706 -1232
56 404.65747 1327.9197 0.01764706 -1248
57 406.59518 1372.7747 0.01764706 -1265
58 408.54453 1423.9462 0.01764706 -1281
59 410.51157 1469.7676 0.01764706 -1297
60 412.4792 1501.2734 0.01764706 -1314
61 413.42145 1547.0618 0.01764706 -1330
62 415.39273 1572.2866 0.01764706 -1347
63 415.61517 1611.5557 0.01764706 -1363
64 415.61517 1635.6216 0.01764706 -1380
65 415.61517 1672.1166 0.01764706 -1396
66 415.61517 1689.8481 0.01764706 -1413
67 415.61517 1703.957 0.01764706 -1429
68 415.61517 1729.0994 0.01764706 -1446
69 414.6161 1739.0942 0.01764706 -1465
0 960.111 423.77927 0.019607844 -300
1 955.02734 423.77927 0.019607844 -300
2 940.64087 423.77927 0.019607844 -313
3 932.5648 423.77927 0.01764706 -346
4 924.75616 424.77875 0.01764706 -363
5 904.9552 426.31244 0.01764706 -379
6 889.81366 427.7772 0.01764706 -412
7 875.6013 429.28897 0.01764706 -429
8 841.1214 430.77563 0.01764706 -445
9 819.20764 432.17828 0.01764706 -478
10 796.9 432.7746 0.01764706 -495
11 771.1463 432.7746 0.01764706 -511
12 750.36584 434.04114 0.01764706 -528
13 722.5729 433.77408 0.01764706 -544
14 693.7215 434.92856 0.01764706 -561
15 663.2885 434.77356 0.01764706 -577
16 639.354 434.77356 0.01764706 -594
17 616.47205 434.77356 0.01764706 -610
18 593.4357 434.77356 0.01764706 -627
19 574.5383 435.46616 0.01764706 -643
20 554.5376 436.7725 0.01764706 -659
21 535.7052 436.7725 0.01764706 -676
22 518.53955 436.7725 0.01764706 -692
23 509.02872 438.27173 0.01764706 -709
24 500.554 438.77145 0.01764706 -719
25 437.76624 441.7454 0.01764706 -725
26 423.55136 441.7699 0.01764706 -791
27 411.05594 441.7699 0.01764706 -808
28 401.39877 441.7699 0.01764706 -824
29 387.35876 441.7699 0.01764706 -841
30 378.37097 442.76938 0.01764706 -874
31 372.68204 450.65677 0.01764706 -907
32 370.74664 457.4021 0.01764706 -940
33 367.00565 470.7184 0.01764706 -956
34 362.15796 509.80164 0.01764706 -989
35 358.3405 569.9461 0.01764706 -1022
36 357.66882 628.7357 0.01764706 -1055
37 358.821 668.636 0.01764706 -1088
38 360.74167 718.8205 0.01764706 -1105
39 361.66513 756.6386 0.01764706 -1121
40 363.60513 804.30084 0.01764706 -1138
41 363.66327 828.3404 0.01764706 -1154
42 365.48294 874.50714 0.01764706 -1171
43 366.4297 914.1311 0.01764706 -1187
44 367.65958 947.2542 0.01764706 -1204
45 369.35852 995.09125 0.01764706 -1220
46 372.95065 1044.7117 0.01764706 -1237
47 375.23462 1073.4257 0.01764706 -1253
48 377.65033 1117.4956 0.01764706 -1270
49 380.2237 1154.0957 0.015686275 -1286
50 381.17758 1191.8065 0.01764706 -1303
51 382.6457 1235.7091 0.01764706 -1319
52 383.64478 1262.379 0.015686275 -1335
53 382.15894 1299.1189 0.01764706 -1352
54 382.6457 1324.8954 0.015686275 -1368
55 379.64847 1384.3949 0.01764706 -1385
56 379.64847 1417.8607 0.01764706 -1418
57 379.64847 1441.2555 0.01764706 -1434
58 378.6494 1463.9906 0.01764706 -1451
59 378.6494 1503.708 0.01764706 -1484
60 378.6494 1516.8744 0.01764706 -1517
61 378.6494 1521.2076 0.01764706 -1550
62 377.65033 1521.2076 0.01764706 -1580
0 752.3034 282.85266 0.01764706 -167
1 747.8321 284.01056 0.01764706 -167
2 732.8841 286.938 0.01764706 -176
3 708.03107 288.84955 0.01764706 -209
4 677.2078 294.88312 0.01764706 -242
5 660.122 297.8745 0.01764706 -275
6 642.41943 298.84274 0.01764706 -292
7 621.52997 301.8252 0.01764706 -308
8 577.6799 303.72034 0.019607844 -325
9 553.41504 304.84122 0.01764706 -358
10 529.19104 305.6174 0.01764706 -374
11 508.35388 307.54562 0.019607844 -391
12 484.11618 307.83966 0.01764706 -407
13 461.55676 310.00784 0.01764706 -424
14 413.19025 313.2058 0.01764706 -440
15 389.5253 315.17868 0.019607844 -473
16 366.12164 316.04697 0.01764706 -489
17 345.17477 316.98544 0.019607844 -506
18 294.9495 320.7389 0.01764706 -522
19 274.98038 324.42465 0.019607844 -555
20 254.51474 326.82977 0.01764706 -572
21 219.28635 330.60794 0.019607844 -588
22 206.49379 332.1577 0.01764706 -621
23 194.67206 334.0173 0.01764706 -638
24 182.27194 335.91824 0.019607844 -654
25 169.99371 337.79886 0.01764706 -671
26 160.67029 337.82404 0.01764706 -687
27 152.03113 339.53018 0.019607844 -704
28 146.07312 341.41937 0.019607844 -720
29 141.93289 343.28903 0.019607844 -737
30 138.17082 345.17084 0.019607844 -753
31 134.37038 347.07184 0.019607844 -770
32 130.64177 352.17245 0.01764706 -786
33 127.80651 356.9644 0.01764706 -803
34 123.98181 367.56702 0.01764706 -819
35 119.1614 390.8943 0.01764706 -836
36 117.24264 406.62747 0.01764706 -869
37 115.43375 448.2789 0.01764706 -885
38 117.266174 475.9985 0.01764706 -918
39 116.89177 504.87457 0.01764706 -935
40 119.08225 541.37573 0.01764706 -951
41 120.06007 576.9528 0.01764706 -968
42 124.02887 616.9002 0.01764706 -984
43 126.80005 653.8753 0.01764706 -1001
44 129.81352 695.1135 0.01764706 -1017
45 137.45157 768.809 0.01764706 -1034
46 145.50818 847.0948 0.01764706 -1067
47 149.4921 885.2576 0.01764706 -1100
48 155.03091 923.6763 0.01764706 -1116
49 160.26382 997.3126 0.01764706 -1132
50 165.76932 1034.7662 0.01764706 -1165
51 168.27509 1065.9082 0.01764706 -1182
52 171.24919 1099.3593 0.01764706 -1198
53 173.64511 1135.6615 0.01764706 -1215
54 176.20308 1168.6172 0.01764706 -1231
55 178.1759 1200.4879 0.01764706 -1248
56 178.83441 1236.0536 0.01764706 -1264
57 181.11914 1266.2167 0.01764706 -1281
58 183.10666 1296.1917 0.01764706 -1297
59 183.82979 1322.9087 0.01764706 -1314
60 183.82979 1347.7803 0.01764706 -1330
61 183.82979 1367.0768 0.01764706 -1347
62 183.82979 1382.4768 0.01764706 -1363
63 183.82979 1402.4674 0.01764706 -1380
64 183.82979 1410.2369 0.01764706 -1413
65 183.82979 1416.2344 0.01764706 -1429
66 183.82979 1416.2344 0.01764706 -1446
0 934.1351 355.81467 0.019607844 -156
1 931.1256 355.81467 0.019607844 -156
2 919.2906 359.27744 0.01764706 -168
3 909.1064 361.32047 0.01764706 -201
4 877.22144 365.30554 0.01764706 -218
5 835.01917 369.28107 0.01764706 -251
6 782.90106 375.7149 0.01764706 -284
7 755.883 380.05215 0.01764706 -317
8 731.30035 379.8022 0.01764706 -334
9 701.60284 383.33572 0.01764706 -350
10 692.35895 384.79956 0.01764706 -367
11 684.36633 412.785 0.023529414 -374
12 652.39594 402.7902 0.01764706 -399
13 601.40515 396.7852 0.01764706 -399
14 577.64435 395.79385 0.01764706 -433
15 557.49854 397.59143 0.01764706 -450
16 537.4885 399.49332 0.01764706 -466
17 515.68176 398.7923 0.01764706 -483
18 491.9104 400.3037 0.01764706 -499
19 471.23212 403.65604 0.01764706 -516
20 450.67688 404.78915 0.01764706 -532
21 432.4935 404.78915 0.01764706 -549
22 415.8507 404.78915 0.01764706 -566
23 403.54718 406.8013 0.019607844 -582
24 384.11053 410.1974 0.019607844 -599
25 372.65466 409.78656 0.01764706 -632
26 363.5667 409.78656 0.01764706 -648
27 355.99414 409.78656 0.01764706 -665
28 348.79294 409.78656 0.01764706 -682
29 343.688 412.77878 0.019607844 -698
30 341.73853 414.72903 0.019607844 -731
31 338.6889 417.7799 0.01764706 -748
32 333.49225 420.9134 0.01764706 -776
33 327.86383 425.61093 0.01764706 -792
34 327.6966 425.77823 0.01764706 -809
35 327.6966 425.77823 0.01764706 -809
36 310.7123 482.74857 0.01764706 -835
37 310.7123 483.33856 0.01764706 -835
38 307.8083 488.10574 0.01764706 -858
39 306.38962 531.68317 0.01764706 -875
40 308.87057 571.2079 0.01764706 -908
41 309.73856 622.3097 0.01764706 -924
42 310.7123 658.36426 0.01764706 -941
43 312.57178 695.6947 0.01764706 -957
44 314.29346 741.6271 0.01764706 -974
45 316.42737 782.2032 0.01764706 -990
46 317.0644 821.48663 0.01764706 -1007
47 319.27676 866.8513 0.01764706 -1023
48 320.21472 905.633 0.01764706 -1040
49 323.1755 951.32275 0.01764706 -1056
50 330.53287 998.77155 0.01764706 -1073
51 338.38388 1051.076 0.01764706 -1089
52 339.6855 1085.5913 0.01764706 -1106
53 343.9362 1131.4854 0.01764706 -1122
54 347.596 1184.6434 0.01764706 -1139
55 351.01038 1238.2306 0.01764706 -1155
56 352.81958 1289.4475 0.01764706 -1172
57 354.6716 1320.8195 0.01764706 -1188
58 354.6067 1397.4415 0.01764706 -1205
59 356.7126 1436.852 0.01764706 -1238
60 357.6975 1471.9512 0.01764706 -1254
61 357.66882 1500.4 0.01764706 -1271
62 356.64865 1515.3584 0.01764706 -1287
63 356.64865 1515.3584 0.01764706 -1303
0 781.2766 738.6153 0.01764706 -232
1 730.95953 744.71704 0.01764706 -232
2 703.96655 746.79425 0.01764706 -274
3 672.50916 749.9468 0.01764706 -290
4 612.9777 752.6347 0.01764706 -307
5 581.26215 753.6208 0.01764706 -340
6 549.5322 755.5452 0.01764706 -356
7 520.5106 757.33984 0.01764706 -373
8 487.80225 759.4131 0.01764706 -389
9 458.74866 763.04614 0.01764706 -406
10 429.80695 765.2136 0.01764706 -422
11 403.68726 768.6672 0.01764706 -439
12 376.25177 771.0251 0.01764706 -455
13 350.98584 772.8812 0.01764706 -471
14 328.7669 773.59705 0.01764706 -488
15 302.18845 775.7138 0.019607844 -504
16 262.8566 777.595 0.01764706 -521
17 233.92853 781.87775 0.019607844 -554
18 213.06425 785.02576 0.019607844 -587
19 205.40228 786.94196 0.019607844 -620
20 194.53847 790.68195 0.019607844 -636
21 187.73482 796.6764 0.01764706 -669
22 181.05797 805.2046 0.01764706 -686
23 175.37225 812.8638 0.01764706 -702
24 169.69466 825.2987 0.019607844 -719
25 164.98709 844.7605 0.019607844 -735
26 160.83772 862.6175 0.019607844 -752
27 158.02347 884.5206 0.019607844 -768
28 155.53441 915.31134 0.019607844 -784
29 153.85754 946.3404 0.019607844 -801
30 153.88998 1027.1467 0.01764706 -817
31 156.66472 1100.0032 0.01764706 -850
32 161.53134 1169.9661 0.01764706 -883
33 165.21353 1235.5869 0.01764706 -916
34 167.31825 1273.8535 0.01764706 -949
35 168.27832 1309.4348 0.019607844 -966
36 170.21689 1348.6641 0.01764706 -982
37 172.98424 1416.8615 0.01764706 -999
38 174.14032 1462.6664 0.01764706 -1032
39 177.09235 1541.3236 0.01764706 -1048
40 176.83626 1583.4832 0.01764706 -1081
41 176.83626 1635.9231 0.01764706 -1097
42 174.68147 1678.1049 0.01764706 -1114
43 172.83997 1756.2798 0.01764706 -1130
44 172.83997 1812.4851 0.01764706 -1163
45 171.84088 1854.4724 0.01764706 -1196
46 171.84088 1854.4724 0.01764706 -1229
