0 271.74838 1197.3763 0.019607844 -427
1 265.28613 1197.3763 0.019607844 -427
2 252.76598 1198.8756 0.021568628 -464
3 243.20721 1198.4893 0.021568628 -480
4 226.93962 1200.7446 0.021568628 -497
5 216.29973 1200.3748 0.021568628 -530
6 209.24124 1200.3748 0.021568628 -561
7 207.30804 1200.3748 0.019607844 -596
8 204.69653 1201.3743 0.019607844 -612
9 202.98317 1203.2021 0.019607844 -629
10 201.81314 1209.4971 0.01764706 -645
11 201.81314 1219.8464 0.01764706 -662
12 200.81482 1242.3407 0.019607844 -678
13 200.81406 1258.3446 0.01764706 -695
14 200.81406 1258.3446 0.01764706 -704
15 200.81406 1706.1113 0.01764706 -845
16 199.05305 1714.4456 0.01764706 -845
17 197.25682 1723.9048 0.019607844 -860
18 195.49896 1731.3783 0.019607844 -876
19 193.73366 1735.2701 0.019607844 -893
20 192.82146 1737.9059 0.019607844 -909
21 192.82146 1739.6705 0.019607844 -926
22 192.82146 1741.4607 0.019607844 -942
23 192.82146 1742.0927 0.019607844 -959
24 192.82146 1742.0927 0.019607844 -975
0 515.52264 1185.3826 0.01764706 -109
1 514.3844 1185.3826 0.01764706 -109
2 497.10693 1185.3826 0.019607844 -122
3 475.97232 1187.9546 0.019607844 -155
4 451.4565 1190.8887 0.019607844 -172
5 426.66336 1192.575 0.019607844 -188
6 404.19745 1194.334 0.019607844 -205
7 372.34564 1196.0422 0.019607844 -221
8 347.11603 1196.3768 0.01764706 -238
9 305.42938 1192.6254 0.01764706 -254
10 257.47946 1188.9915 0.01764706 -287
11 241.42287 1187.2313 0.01764706 -320
12 229.30716 1187.3816 0.01764706 -337
13 218.06255 1187.3816 0.01764706 -353
14 208.60883 1187.6809 0.01764706 -370
15 195.91026 1191.6515 0.019607844 -386
16 190.87357 1193.6948 0.019607844 -419
17 181.13141 1208.4475 0.019607844 -436
18 175.47527 1227.3556 0.019607844 -469
19 170.31316 1250.8179 0.019607844 -485
20 163.29466 1300.9338 0.019607844 -502
21 157.02571 1356.5823 0.019607844 -518
22 151.68263 1407.2516 0.019607844 -535
23 142.32375 1503.3579 0.019607844 -551
24 136.53703 1563.2241 0.019607844 -584
25 134.68489 1579.7006 0.019607844 -617
26 133.87604 1591.9468 0.019607844 -634
27 133.87604 1601.0071 0.019607844 -650
28 135.87419 1607.1628 0.01764706 -667
29 135.87419 1607.1628 0.01764706 -687
0 641.4061 1176.3873 0.01764706 -27
1 641.4061 1176.3873 0.01764706 -27
2 641.4061 1176.3873 0.01764706 -42
3 641.4061 1176.3873 0.01764706 -59
4 638.3993 1176.3873 0.019607844 -75
5 626.01013 1175.3878 0.019607844 -92
6 596.5832 1171.2328 0.01764706 -125
7 561.2465 1164.7859 0.01764706 -158
8 510.52728 1155.3982 0.01764706 -174
9 510.52728 1155.3982 0.01764706 -203
10 270.7493 1130.4113 0.01764706 -292
11 265.00482 1130.4113 0.01764706 -292
12 259.5633 1130.4113 0.01764706 -323
13 253.3883 1130.4113 0.01764706 -340
14 248.27013 1130.4113 0.01764706 -356
15 243.22295 1130.4113 0.01764706 -372
16 238.93231 1130.4113 0.01764706 -389
17 235.45232 1130.4113 0.01764706 -406
18 228.02095 1134.2545 0.019607844 -422
19 213.35193 1155.3191 0.019607844 -455
20 200.36586 1198.3081 0.019607844 -488
21 191.96698 1258.6143 0.019607844 -521
22 186.44325 1318.0 0.019607844 -538
23 182.26067 1376.7495 0.019607844 -554
24 179.81326 1440.8978 0.01764706 -571
25 169.83122 1561.8075 0.019607844 -587
26 164.84737 1619.1506 0.01764706 -620
27 163.8483 1634.9789 0.019607844 -653
28 163.8483 1648.1416 0.01764706 -670
29 163.8483 1648.1416 0.01764706 -697
0 660.38855 1122.4154 0.019607844 -8
1 660.38855 1122.4154 0.019607844 -8
2 660.38855 1122.4154 0.019607844 -24
3 660.38855 1122.4154 0.019607844 -40
4 654.2627 1121.4159 0.019607844 -57
5 616.0817 1122.4154 0.019607844 -73
6 556.1893 1122.4154 0.019607844 -106
7 462.59656 1121.4159 0.019607844 -139
8 421.1326 1121.4159 0.019607844 -172
9 386.08246 1122.4154 0.019607844 -189
10 350.46582 1123.4149 0.019607844 -205
11 312.8399 1125.018 0.019607844 -222
12 265.83133 1128.5798 0.01764706 -238
13 237.79514 1130.4113 0.019607844 -271
14 223.24704 1133.2585 0.019607844 -304
15 212.96574 1148.355 0.019607844 -337
16 214.88771 1176.8605 0.01764706 -370
17 214.80112 1200.3748 0.01764706 -387
18 214.80112 1200.3748 0.01764706 -395
0 769.2877 319.8334 0.019607844 0
1 766.2401 319.8334 0.021568628 0
2 761.25574 318.48764 0.019607844 -31
3 751.8646 318.83392 0.019607844 -48
4 734.3539 319.664 0.019607844 -64
5 710.64386 321.41248 0.019607844 -81
6 682.937 324.5098 0.019607844 -97
7 653.9793 325.8303 0.019607844 -114
8 612.831 326.82977 0.019607844 -130
9 575.2928 329.33817 0.019607844 -147
10 544.28656 332.0751 0.019607844 -163
11 473.70856 336.5453 0.019607844 -180
12 444.53143 339.70517 0.019607844 -213
13 424.66428 342.14554 0.019607844 -229
14 387.14154 343.82092 0.019607844 -246
15 367.972 343.82092 0.019607844 -278
16 361.437 343.82092 0.019607844 -312
17 356.4541 345.2255 0.019607844 -328
18 353.51602 346.89764 0.019607844 -345
19 350.84775 353.12564 0.019607844 -361
20 350.22418 374.12878 0.019607844 -378
21 350.6753 408.25305 0.019607844 -394
22 355.92892 460.37888 0.019607844 -411
23 363.52594 534.5393 0.019607844 -427
24 371.9001 647.5737 0.019607844 -444
25 372.65494 713.6283 0.019607844 -460
26 370.80872 773.4686 0.019607844 -476
27 367.009 838.2959 0.019607844 -493
28 362.0608 856.1679 0.019607844 -526
29 360.0641 864.35736 0.019607844 -543
30 358.26636 869.75275 0.019607844 -559
31 358.26636 869.75275 0.019607844 -576
0 664.3848 1106.4237 0.019607844 -8
1 663.15106 1106.4237 0.019607844 -8
2 656.3922 1107.923 0.019607844 -32
3 641.32434 1109.6533 0.01764706 -48
4 619.52625 1112.559 0.01764706 -65
5 576.6862 1116.1119 0.01764706 -82
6 538.67505 1117.092 0.01764706 -98
7 465.65805 1119.417 0.01764706 -115
8 422.42352 1122.5231 0.019607844 -148
9 378.3093 1124.9498 0.019607844 -164
10 340.34348 1127.9314 0.019607844 -181
11 313.39948 1130.8524 0.019607844 -197
12 292.01538 1134.3616 0.019607844 -214
13 274.67368 1137.0824 0.019607844 -230
14 253.89984 1138.4071 0.019607844 -247
15 248.38824 1139.4065 0.019607844 -280
16 243.45268 1139.4065 0.019607844 -296
17 240.56468 1139.4065 0.019607844 -313
18 237.95406 1139.4065 0.019607844 -329
19 235.73265 1141.4546 0.019607844 -346
20 232.26825 1147.4357 0.019607844 -362
21 228.6994 1166.9696 0.019607844 -379
22 226.79001 1223.0665 0.019607844 -395
23 225.18977 1291.9888 0.019607844 -412
24 224.39618 1362.1128 0.019607844 -428
25 218.82954 1512.8613 0.019607844 -445
26 212.34918 1593.3484 0.019607844 -478
27 209.19151 1630.3727 0.019607844 -494
28 207.38466 1658.9092 0.019607844 -511
29 206.80852 1672.7858 0.01764706 -527
30 206.80852 1688.7511 0.019607844 -544
31 206.80852 1688.7511 0.019607844 -560
0 634.4126 1149.4014 0.01764706 -7
1 627.3677 1149.4014 0.01764706 -27
2 619.4265 1147.9021 0.01764706 -59
3 609.1174 1148.4019 0.01764706 -75
4 609.1174 1148.4019 0.01764706 -92
5 459.57446 1149.4014 0.01764706 -144
6 453.90134 1148.4019 0.01764706 -144
7 406.00687 1150.3795 0.01764706 -158
8 368.53128 1153.0474 0.019607844 -191
9 316.5481 1159.476 0.019607844 -207
10 250.46538 1167.2123 0.019607844 -224
11 207.44699 1167.0187 0.01764706 -257
12 194.67859 1165.067 0.01764706 -290
13 186.04286 1161.4487 0.01764706 -306
14 180.50761 1160.3956 0.01764706 -323
15 177.05841 1159.0074 0.019607844 -339
16 175.68292 1158.3966 0.01764706 -356
17 173.97713 1158.3966 0.01764706 -372
18 173.83904 1167.392 0.01764706 -389
19 173.83904 1167.392 0.01764706 -419
20 169.84274 1510.2134 0.01764706 -514
21 163.90224 1541.8188 0.01764706 -514
22 153.08022 1637.5386 0.01764706 -537
23 148.83716 1674.3032 0.01764706 -570
24 147.8631 1681.6921 0.01764706 -603
25 147.8631 1686.5342 0.01764706 -620
26 147.8631 1687.1212 0.01764706 -636
27 147.8631 1687.1212 0.01764706 -639
0 630.41626 1096.429 0.019607844 -10
1 630.41626 1096.429 0.019607844 -10
2 624.7376 1096.429 0.01764706 -42
3 612.32886 1096.429 0.01764706 -58
4 580.7294 1099.0432 0.01764706 -75
5 516.0399 1103.5994 0.01764706 -91
6 415.81198 1111.0934 0.019607844 -124
7 366.85248 1116.5194 0.019607844 -157
8 329.5986 1120.6567 0.019607844 -174
9 262.63126 1132.7256 0.019607844 -190
10 237.19058 1137.5752 0.019607844 -223
11 209.35794 1141.3136 0.019607844 -240
12 196.43375 1140.406 0.019607844 -273
13 190.92471 1140.406 0.019607844 -306
14 189.15637 1140.406 0.01764706 -339
15 185.9552 1144.7126 0.019607844 -355
16 183.61108 1161.803 0.01764706 -372
17 182.83072 1201.3737 0.01764706 -388
18 182.83072 1294.342 0.01764706 -405
19 180.15662 1375.0234 0.01764706 -421
20 176.83627 1466.2363 0.01764706 -438
21 174.19157 1542.7572 0.01764706 -454
22 167.23828 1602.6271 0.01764706 -471
23 158.80574 1652.3755 0.01764706 -487
24 152.40013 1679.1409 0.01764706 -504
25 148.6939 1695.6221 0.01764706 -520
26 147.8631 1698.1155 0.01764706 -537
27 147.8631 1698.1155 0.01764706 -541
0 615.4302 1117.418 0.01764706 0
1 611.96 1117.418 0.01764706 -8
2 603.3059 1117.418 0.019607844 -41
3 583.4714 1120.7777 0.019607844 -58
4 544.14667 1126.1934 0.019607844 -74
5 457.08032 1135.8456 0.019607844 -91
6 380.23904 1144.0776 0.019607844 -124
7 330.09146 1149.8196 0.019607844 -157
8 294.44504 1154.791 0.019607844 -173
9 257.14117 1160.2424 0.019607844 -190
10 234.91756 1162.3945 0.019607844 -223
11 229.45654 1162.3945 0.019607844 -256
12 226.1718 1162.3945 0.019607844 -272
13 222.79935 1163.891 0.019607844 -289
14 219.31996 1168.107 0.019607844 -305
15 204.19469 1217.2775 0.019607844 -322
16 195.17798 1265.6603 0.019607844 -355
17 186.01057 1325.6664 0.019607844 -371
18 177.05795 1396.2756 0.019607844 -388
19 164.15604 1481.0724 0.019607844 -404
20 154.82765 1534.6173 0.019607844 -421
21 148.1675 1564.5315 0.019607844 -437
22 144.14851 1581.0485 0.019607844 -454
23 141.62526 1588.9032 0.01764706 -470
24 140.86957 1590.1718 0.01764706 -487
25 140.86957 1590.1718 0.01764706 -494
0 561.4801 1069.443 0.01764706 -6
1 557.4882 1069.443 0.01764706 -6
2 546.033 1070.9379 0.01764706 -31
3 525.3324 1072.686 0.01764706 -47
4 439.12637 1079.8491 0.01764706 -64
5 389.61258 1085.2839 0.01764706 -97
6 347.79367 1090.5908 0.01764706 -113
7 270.58374 1105.5332 0.019607844 -130
8 232.83894 1114.6558 0.019607844 -163
9 207.32877 1120.1125 0.019607844 -179
10 187.66881 1123.4435 0.019607844 -196
11 171.96368 1129.6156 0.019607844 -212
12 154.26512 1137.8514 0.019607844 -229
13 147.19272 1147.8264 0.019607844 -262
14 137.67279 1222.7561 0.01764706 -278
15 136.72429 1288.3984 0.01764706 -311
16 139.87048 1313.3159 0.01764706 -327
17 139.87048 1313.3159 0.01764706 -334
0 664.3848 258.86517 0.021568628 -6
1 664.3848 258.86517 0.021568628 -6
2 662.13513 258.86517 0.019607844 -29
3 654.6807 261.7489 0.019607844 -46
4 626.04553 270.57428 0.019607844 -62
5 588.77313 278.73703 0.019607844 -79
6 544.5273 287.84375 0.019607844 -95
7 498.6308 292.41394 0.019607844 -112
8 449.43063 293.78857 0.019607844 -128
9 379.80225 297.30157 0.019607844 -145
10 331.02603 297.84488 0.019607844 -161
11 301.98914 302.32452 0.019607844 -178
12 277.8982 305.66302 0.019607844 -194
13 255.5669 311.6966 0.019607844 -211
14 235.224 318.6573 0.019607844 -227
15 222.80869 338.2264 0.019607844 -260
16 230.29735 430.45203 0.019607844 -293
17 258.29892 579.76184 0.019607844 -326
18 273.87582 689.8743 0.019607844 -343
19 283.85754 786.03485 0.019607844 -359
20 288.4752 870.2483 0.019607844 -376
21 286.336 921.9045 0.019607844 -392
22 283.6585 955.8426 0.019607844 -409
23 282.73822 965.49713 0.019607844 -425
24 281.73914 973.4929 0.019607844 -433
0 691.35986 334.8256 0.019607844 -8
1 691.35986 334.8256 0.019607844 -8
2 687.8463 333.65393 0.019607844 -30
3 677.5383 333.8261 0.019607844 -47
4 660.7903 335.7447 0.019607844 -64
5 624.2991 340.87387 0.019607844 -80
6 527.87256 345.8199 0.019607844 -97
7 438.58475 347.81885 0.019607844 -130
8 385.0689 351.08447 0.019607844 -163
9 350.49152 351.81674 0.019607844 -179
10 324.18802 351.81674 0.019607844 -196
11 305.18674 353.65253 0.019607844 -212
12 283.17014 357.12753 0.019607844 -229
13 277.8646 356.81415 0.019607844 -262
14 272.29727 356.81415 0.019607844 -278
15 270.49103 356.81415 0.019607844 -311
16 269.75024 362.9019 0.019607844 -328
17 269.75024 372.80582 0.019607844 -344
18 270.7493 387.798 0.019607844 -353
19 294.7271 800.583 0.019607844 -442
20 287.3223 858.12585 0.019607844 -442
21 276.12903 915.2152 0.019607844 -459
22 275.7447 917.5221 0.019607844 -492
23 274.7456 924.51843 0.019607844 -494
0 650.39777 256.8662 0.019607844 0
1 650.39777 256.8662 0.019607844 -8
2 645.41187 256.8662 0.019607844 -25
3 633.7819 258.2414 0.019607844 -42
4 613.2529 263.40762 0.019607844 -59
5 567.41766 273.65244 0.019607844 -75
6 491.46317 289.53534 0.019607844 -92
7 396.66144 300.49402 0.019607844 -125
8 360.40027 304.167 0.019607844 -158
9 331.2317 307.59998 0.019607844 -175
10 305.0719 310.1912 0.019607844 -191
11 280.86255 312.74356 0.019607844 -208
12 256.6842 316.2509 0.019607844 -225
13 246.20126 318.61942 0.019607844 -258
14 241.45201 321.4814 0.019607844 -291
15 241.77614 341.50793 0.019607844 -324
16 245.64221 376.5005 0.019607844 -341
17 250.92776 423.22052 0.019607844 -358
18 258.8528 487.10178 0.019607844 -374
19 273.11118 660.1188 0.019607844 -391
20 273.06183 746.262 0.019607844 -424
21 274.5568 800.6381 0.019607844 -457
22 275.7447 806.5799 0.019607844 -490
23 277.74283 813.57623 0.019607844 -496
0 186.82701 1078.4382 0.01764706 -187
1 186.63727 1078.4382 0.01764706 -187
2 177.3358 1078.4382 0.01764706 -205
3 174.96245 1078.4382 0.01764706 -237
4 171.60373 1083.148 0.019607844 -271
5 169.50616 1094.4514 0.01764706 -303
6 169.84274 1122.2528 0.019607844 -320
7 169.84274 1211.6588 0.01764706 -336
8 169.84274 1307.6764 0.019607844 -353
9 169.84274 1408.3981 0.019607844 -369
10 171.23688 1507.5684 0.019607844 -386
11 162.12949 1649.1587 0.019607844 -402
12 157.17877 1698.4128 0.019607844 -435
13 153.37439 1721.7793 0.019607844 -452
14 151.24518 1730.9427 0.019607844 -468
15 150.86032 1733.0973 0.01764706 -485
16 150.86032 1733.0973 0.01764706 -497
0 595.44867 320.8329 0.019607844 0
1 594.0198 320.8329 0.019607844 -7
2 587.47736 320.8329 0.019607844 -23
3 568.3011 322.14948 0.019607844 -39
4 541.5736 327.0031 0.019607844 -56
5 507.6357 332.38354 0.019607844 -72
6 398.50638 341.291 0.019607844 -89
7 331.54785 345.66138 0.019607844 -122
8 296.76968 348.95474 0.019607844 -155
9 271.90897 351.2662 0.019607844 -171
10 256.02307 352.81622 0.019607844 -188
11 235.64476 355.59903 0.019607844 -204
12 230.28677 355.81467 0.019607844 -237
13 223.92284 361.6164 0.019607844 -253
14 223.01656 431.5672 0.019607844 -286
15 228.38036 499.37244 0.019607844 -319
16 235.18007 570.681 0.019607844 -336
17 236.9456 644.09937 0.019607844 -352
18 238.81392 715.8886 0.019607844 -369
19 236.09392 781.4988 0.019607844 -385
20 232.36476 820.6434 0.019607844 -402
21 228.68073 843.54456 0.019607844 -418
22 226.3843 857.396 0.019607844 -435
23 226.79001 859.5523 0.019607844 -451
24 226.79001 861.5513 0.019607844 -456
0 631.41534 316.83496 0.019607844 0
1 621.1192 315.83548 0.019607844 -7
2 601.1241 316.83496 0.019607844 -42
3 576.8048 318.1672 0.019607844 -58
4 544.3073 321.29807 0.019607844 -75
5 454.5196 326.57162 0.019607844 -91
6 411.24005 327.49838 0.019607844 -125
7 379.18597 329.24313 0.019607844 -141
8 344.83304 327.82925 0.019607844 -158
9 312.86798 331.80746 0.019607844 -174
10 292.8039 334.5462 0.019607844 -191
11 278.40155 334.8256 0.019607844 -208
12 269.77472 336.02008 0.019607844 -224
13 259.54327 337.82404 0.019607844 -241
14 255.91135 339.24915 0.019607844 -274
15 254.58804 348.87573 0.019607844 -290
16 254.76411 371.43106 0.019607844 -307
17 257.3213 402.94522 0.019607844 -324
18 261.4491 447.9871 0.019607844 -340
19 265.57303 500.614 0.019607844 -357
20 273.6287 603.2394 0.019607844 -373
21 280.48502 723.4543 0.019607844 -390
22 281.73914 807.4228 0.019607844 -423
23 283.73727 835.5648 0.019607844 -456
24 284.73636 846.5591 0.01764706 -469
0 632.4144 297.84488 0.019607844 -8
1 631.7104 297.84488 0.019607844 -8
2 627.68506 297.84488 0.019607844 -32
3 619.45636 297.84488 0.019607844 -49
4 600.6368 299.0994 0.019607844 -65
5 561.04865 303.06323 0.019607844 -82
6 524.5084 305.7884 0.019607844 -98
7 483.96628 307.62955 0.019607844 -115
8 416.2345 311.0258 0.019607844 -131
9 353.09354 315.6742 0.019607844 -165
10 333.0747 317.5698 0.019607844 -198
11 318.78812 317.83444 0.019607844 -214
12 310.14587 317.83444 0.019607844 -231
13 298.7515 318.83392 0.019607844 -247
14 296.72525 318.83392 0.019607844 -281
15 294.7271 319.8334 0.019607844 -290
0 667.3821 269.85944 0.019607844 -7
1 667.3821 269.85944 0.019607844 -7
2 660.7707 270.46204 0.019607844 -24
3 645.54895 273.7137 0.019607844 -41
4 617.6784 280.7912 0.019607844 -57
5 566.90454 291.96204 0.019607844 -74
6 481.01105 308.02106 0.019607844 -90
7 406.2935 320.04333 0.019607844 -123
8 367.21292 325.40417 0.019607844 -156
9 336.432 330.0623 0.019607844 -173
10 314.4711 333.53253 0.019607844 -189
11 284.35062 340.61795 0.019607844 -206
12 271.83795 346.2748 0.019607844 -239
13 263.644 358.14914 0.019607844 -272
14 265.55804 423.44592 0.019607844 -305
15 275.09195 494.4447 0.019607844 -321
16 285.91275 570.5339 0.019607844 -338
17 292.35608 640.0236 0.019607844 -354
18 297.85828 723.37164 0.019607844 -370
19 297.72433 804.36194 0.019607844 -386
20 292.21402 863.189 0.019607844 -403
21 288.60358 880.92883 0.019607844 -436
22 288.60358 880.92883 0.019607844 -469
0 534.50507 1062.4467 0.019607844 0
1 531.109 1062.4467 0.019607844 -9
2 515.233 1061.4471 0.019607844 -26
3 485.21735 1062.9131 0.019607844 -42
4 447.9319 1064.7146 0.01764706 -59
5 406.51566 1066.5404 0.01764706 -75
6 349.46692 1071.1505 0.01764706 -92
7 310.96512 1076.6532 0.019607844 -108
8 279.49393 1080.1724 0.019607844 -125
9 256.53247 1083.6248 0.019607844 -141
10 234.5511 1088.0253 0.019607844 -158
11 219.72423 1091.0134 0.019607844 -174
12 204.81477 1093.4304 0.019607844 -191
13 201.81314 1093.4304 0.019607844 -224
14 177.3358 1230.3591 0.019607844 -238
15 143.85045 1586.2555 0.019607844 -331
16 140.22896 1600.4106 0.019607844 -422
17 140.86957 1602.1655 0.01764706 -439
18 140.86957 1602.1655 0.01764706 -445
0 524.51434 1065.4451 0.019607844 0
1 524.51434 1065.4451 0.019607844 -8
2 519.3916 1066.0703 0.019607844 -25
3 505.9487 1067.8916 0.01764706 -41
4 483.71146 1071.915 0.01764706 -58
5 453.27756 1078.9227 0.01764706 -74
6 353.50668 1087.0931 0.01764706 -91
7 283.99713 1090.6396 0.019607844 -124
8 257.98553 1093.4155 0.019607844 -157
9 233.97673 1095.1393 0.019607844 -173
10 217.88412 1095.4294 0.019607844 -190
11 209.01959 1095.4294 0.019607844 -206
12 203.24733 1095.4294 0.019607844 -223
13 200.25325 1095.4294 0.019607844 -239
14 197.81683 1099.2733 0.019607844 -256
15 207.62888 1140.3329 0.01764706 -289
16 212.23747 1183.1014 0.01764706 -322
17 216.65222 1244.5857 0.01764706 -338
18 215.8221 1347.6096 0.01764706 -355
19 206.68236 1473.0006 0.01764706 -370
20 194.3005 1563.6494 0.019607844 -403
21 187.96902 1603.3064 0.019607844 -436
22 186.82701 1610.2424 0.01764706 -469
23 186.82701 1611.1608 0.01764706 -486
24 186.82701 1611.1608 0.01764706 -489
0 685.3654 251.8688 0.019607844 -8
1 682.4592 251.8688 0.019607844 -8
2 669.39734 255.3627 0.019607844 -40
3 643.0717 261.95233 0.019607844 -56
4 602.6347 272.45975 0.019607844 -73
5 554.00385 281.5245 0.019607844 -89
6 511.06903 286.78284 0.019607844 -106
7 472.47314 289.89853 0.019607844 -122
8 430.1251 293.14838 0.019607844 -139
9 393.7638 295.33975 0.019607844 -155
10 369.37442 299.31317 0.019607844 -172
11 349.7642 303.82574 0.019607844 -188
12 335.00687 307.26068 0.019607844 -205
13 323.97263 312.2011 0.019607844 -221
14 315.02557 316.34726 0.019607844 -238
15 299.3504 338.56848 0.019607844 -254
16 290.25348 359.75922 0.019607844 -287
17 287.2861 388.38098 0.019607844 -304
18 286.7345 432.63226 0.019607844 -320
19 292.40417 516.9339 0.019607844 -337
20 300.53696 605.5847 0.019607844 -353
21 310.7996 690.3395 0.019607844 -369
22 322.45392 768.11816 0.019607844 -386
23 335.26245 901.7642 0.019607844 -402
24 336.68826 950.98425 0.019607844 -435
25 335.68918 961.1583 0.019607844 -468
26 335.68918 962.49866 0.019607844 -485
27 335.68918 964.4976 0.019607844 -491
0 512.52545 1098.4279 0.01764706 0
1 502.15738 1098.4279 0.01764706 -4
2 487.54858 1099.4274 0.01764706 -28
3 487.54858 1099.4274 0.01764706 -40
4 163.8483 1102.4258 0.01764706 -142
5 162.88902 1102.4258 0.01764706 -142
6 159.45537 1103.1239 0.019607844 -160
7 156.01736 1103.4253 0.019607844 -177
8 153.77408 1103.4253 0.019607844 -193
9 152.02713 1103.4253 0.019607844 -210
10 152.4162 1107.6523 0.019607844 -226
11 155.50114 1116.0316 0.01764706 -243
12 162.7432 1142.1594 0.01764706 -259
13 186.89246 1371.9885 0.01764706 -276
14 187.33975 1462.1703 0.01764706 -325
15 184.22083 1532.4609 0.019607844 -342
16 180.6384 1589.1846 0.019607844 -358
17 176.86987 1628.832 0.019607844 -375
18 173.1716 1660.8114 0.019607844 -391
19 171.84088 1675.0006 0.01764706 -408
20 171.84088 1677.1265 0.01764706 -424
21 171.84088 1677.1265 0.01764706 -427
0 594.4496 325.8303 0.019607844 0
1 592.17664 324.69336 0.019607844 -5
2 587.2466 322.762 0.019607844 -45
3 574.69324 320.986 0.019607844 -62
4 557.5557 319.8334 0.019607844 -78
5 507.4636 318.83392 0.019607844 -95
6 433.42395 317.83444 0.019607844 -128
7 373.0832 319.9456 0.019607844 -161
8 349.57196 321.75778 0.019607844 -194
9 332.11398 322.48987 0.019607844 -210
10 308.5047 324.8308 0.019607844 -227
11 296.21317 327.3337 0.019607844 -260
12 291.8445 329.27112 0.019607844 -293
13 288.55945 333.08658 0.019607844 -310
14 284.95163 346.74207 0.019607844 -327
15 283.73727 402.4326 0.019607844 -343
16 285.14777 472.63757 0.019607844 -360
17 290.01093 549.8616 0.019607844 -376
18 294.66882 633.41595 0.019607844 -393
19 294.22757 779.59393 0.019607844 -409
20 291.2947 808.11304 0.019607844 -441
21 291.7299 826.14417 0.019607844 -459
22 291.7299 832.56635 0.019607844 -475
23 291.7299 837.5637 0.019607844 -482
0 554.4866 1049.4534 0.01764706 -18
1 552.86926 1049.4534 0.01764706 -18
2 544.635 1052.1066 0.019607844 -33
3 528.32025 1057.4064 0.019607844 -50
4 507.34497 1064.8405 0.019607844 -67
5 474.0258 1073.3248 0.019607844 -83
6 435.61694 1081.3837 0.019607844 -100
7 402.88123 1085.2954 0.019607844 -116
8 375.25784 1088.7147 0.019607844 -133
9 346.4529 1092.3279 0.019607844 -149
10 317.83566 1095.1346 0.019607844 -166
11 297.3585 1096.8654 0.019607844 -182
12 269.39203 1100.3353 0.019607844 -199
13 252.57315 1100.4269 0.019607844 -232
14 244.90884 1102.6417 0.019607844 -265
15 238.87778 1108.2991 0.019607844 -281
16 231.69841 1126.6743 0.01764706 -298
17 226.65302 1161.746 0.019607844 -314
18 223.06635 1216.9999 0.01764706 -331
19 223.04272 1292.7979 0.01764706 -347
20 219.60486 1433.1353 0.01764706 -364
21 208.61208 1585.2905 0.019607844 -380
22 204.21416 1636.325 0.01764706 -413
23 200.08849 1662.4916 0.01764706 -430
24 196.30208 1678.1906 0.01764706 -446
25 195.8187 1681.1244 0.01764706 -463
26 195.8187 1681.1244 0.01764706 -470
0 608.43665 1118.4175 0.019607844 -10
1 601.4431 1118.4175 0.019607844 -10
2 580.3434 1122.1644 0.019607844 -42
3 547.4418 1127.8702 0.019607844 -59
4 489.45108 1134.321 0.019607844 -76
5 436.89642 1136.1648 0.01764706 -92
6 352.48264 1144.2482 0.019607844 -109
7 316.65344 1147.6075 0.019607844 -142
8 281.48532 1153.9143 0.019607844 -158
9 260.17325 1157.5143 0.019607844 -175
10 245.6728 1159.6584 0.019607844 -191
11 235.60565 1160.4249 0.019607844 -208
12 227.88435 1162.1208 0.019607844 -225
13 219.48865 1164.5475 0.019607844 -241
14 215.99704 1172.6996 0.019607844 -274
15 216.65668 1238.9281 0.019607844 -291
16 222.44853 1331.669 0.019607844 -324
17 225.9675 1426.5072 0.019607844 -340
18 224.80843 1558.7981 0.01764706 -357
19 218.62903 1622.0878 0.019607844 -373
20 211.93617 1661.7175 0.019607844 -390
21 205.04288 1688.3062 0.019607844 -406
22 202.16666 1699.3765 0.019607844 -423
23 200.6864 1702.2411 0.01764706 -440
24 200.6864 1702.2411 0.01764706 -456
0 541.4986 1061.4471 0.019607844 0
1 538.50854 1061.4471 0.019607844 0
2 528.9044 1062.7141 0.019607844 -29
3 511.1389 1066.515 0.019607844 -46
4 471.07974 1070.0322 0.019607844 -62
5 401.80527 1080.1989 0.019607844 -79
6 329.66003 1093.8984 0.019607844 -112
7 292.28314 1100.9171 0.019607844 -145
8 268.4512 1105.9547 0.019607844 -161
9 250.88168 1108.41 0.019607844 -177
10 229.71373 1111.6357 0.019607844 -194
11 219.40317 1111.4211 0.019607844 -227
12 215.70343 1111.4211 0.019607844 -260
13 208.67174 1111.4211 0.019607844 -276
14 204.44597 1114.784 0.019607844 -309
15 197.7922 1124.4636 0.019607844 -326
16 190.8267 1139.6488 0.019607844 -342
17 183.62828 1168.2488 0.019607844 -359
18 180.71373 1267.4679 0.01764706 -375
19 183.12874 1371.7743 0.019607844 -392
20 181.84683 1448.9259 0.01764706 -408
21 177.86209 1561.8785 0.019607844 -425
22 175.84644 1594.0216 0.01764706 -458
23 175.83719 1602.1655 0.01764706 -474
24 175.83719 1602.1655 0.01764706 -483
0 605.4394 274.85684 0.019607844 -7
1 605.4394 274.85684 0.019607844 -7
2 605.4394 274.85684 0.019607844 -29
3 600.00214 275.71698 0.019607844 -46
4 577.9477 282.28644 0.019607844 -62
5 547.8481 290.6943 0.019607844 -79
6 515.7814 297.12015 0.019607844 -95
7 475.10458 302.49545 0.019607844 -112
8 421.2202 307.99075 0.019607844 -128
9 381.0173 311.53137 0.019607844 -145
10 348.70236 314.94427 0.019607844 -161
11 321.95435 317.51282 0.019607844 -178
12 294.558 320.9358 0.019607844 -194
13 276.1779 323.08835 0.019607844 -211
14 263.82452 325.81064 0.019607844 -227
15 247.44615 330.15924 0.019607844 -244
16 237.26306 336.1008 0.019607844 -277
17 230.52339 353.60532 0.019607844 -309
18 224.81126 377.3795 0.019607844 -326
19 220.72383 410.53998 0.019607844 -342
20 218.93613 461.3164 0.019607844 -359
21 219.41103 543.82733 0.019607844 -375
22 220.79556 643.0347 0.019607844 -392
23 218.79515 682.6851 0.019607844 -425
24 218.79741 711.3415 0.019607844 -441
25 218.79741 731.6859 0.019607844 -458
26 218.79741 739.61475 0.019607844 -474
27 218.79741 743.6127 0.019607844 -487
0 590.4533 1052.4518 0.019607844 0
1 590.4533 1052.4518 0.019607844 -5
2 584.2901 1053.0852 0.019607844 -22
3 572.487 1056.335 0.019607844 -39
4 554.8287 1059.9794 0.019607844 -56
5 519.28564 1066.6621 0.019607844 -72
6 458.07587 1074.4404 0.019607844 -89
7 421.1187 1078.3323 0.019607844 -121
8 380.92154 1082.6086 0.019607844 -138
9 320.70306 1090.4321 0.019607844 -155
10 299.45157 1092.7035 0.019607844 -188
11 278.4148 1095.3334 0.019607844 -205
12 249.23102 1097.4283 0.019607844 -221
13 226.71013 1098.4279 0.019607844 -254
14 218.3815 1098.4279 0.019607844 -288
15 212.70804 1098.4279 0.019607844 -304
16 207.45074 1098.4279 0.019607844 -321
17 204.11598 1098.4279 0.019607844 -337
18 197.45111 1104.9736 0.019607844 -354
19 189.82423 1173.8447 0.01764706 -387
20 194.21844 1320.2261 0.019607844 -420
21 195.39217 1440.2809 0.019607844 -453
22 194.63956 1482.6345 0.019607844 -470
23 191.83986 1516.0442 0.019607844 -487
24 189.02495 1543.7964 0.019607844 -503
25 187.32654 1561.1868 0.019607844 -520
26 186.82701 1573.1805 0.019607844 -535
27 186.82701 1581.3065 0.019607844 -553
28 186.82701 1587.4285 0.019607844 -569
29 186.82701 1589.9954 0.019607844 -586
30 186.82701 1592.1707 0.01764706 -603
31 186.82701 1592.1707 0.01764706 -613
0 669.3802 375.80426 0.019607844 -9
1 669.3802 375.80426 0.019607844 -9
2 669.3802 375.80426 0.019607844 -35
3 663.8575 374.80478 0.019607844 -58
4 649.7117 374.80478 0.019607844 -74
5 631.2254 376.5697 0.019607844 -91
6 604.6815 377.83362 0.019607844 -108
7 574.1314 381.59338 0.019607844 -124
8 534.45355 385.15167 0.019607844 -141
9 479.95233 393.7473 0.019607844 -157
10 441.92313 399.03043 0.019607844 -174
11 407.38068 402.71442 0.019607844 -190
12 376.5839 408.54984 0.019607844 -207
13 349.52145 414.59625 0.019607844 -224
14 330.08475 418.10416 0.019607844 -240
15 308.1998 421.8832 0.019607844 -257
16 301.49957 423.5847 0.019607844 -290
17 296.7574 425.26242 0.019607844 -306
18 291.7688 429.7372 0.019607844 -323
19 287.60352 448.67758 0.019607844 -340
20 284.8866 479.8931 0.019607844 -356
21 285.73544 516.5185 0.019607844 -373
22 287.1852 560.98566 0.019607844 -389
23 288.73267 657.0307 0.019607844 -406
24 287.73358 701.05444 0.019607844 -439
25 287.73358 719.1255 0.019607844 -472
26 287.73358 744.3131 0.019607844 -488
27 289.3004 758.30994 0.019607844 -522
28 289.73172 759.6044 0.019607844 -555
29 289.73172 761.60333 0.019607844 -559
0 625.4209 1124.4143 0.019607844 -17
1 621.38916 1123.07 0.019607844 -17
2 612.5031 1124.8 0.019607844 -49
3 595.5638 1127.8313 0.01764706 -65
4 516.9996 1134.1149 0.01764706 -82
5 448.35995 1145.8716 0.019607844 -115
6 409.88235 1153.765 0.019607844 -148
7 371.49734 1161.5863 0.019607844 -164
8 323.41153 1171.9618 0.019607844 -181
9 304.63547 1174.3966 0.019607844 -214
10 273.51877 1178.5397 0.019607844 -230
11 262.5247 1181.431 0.019607844 -262
12 254.13766 1182.1097 0.019607844 -279
13 245.39449 1183.8591 0.019607844 -295
14 239.33676 1183.3837 0.019607844 -312
15 234.19249 1184.2467 0.019607844 -328
16 228.14989 1185.9286 0.021568628 -345
17 224.31943 1187.6179 0.021568628 -361
18 216.17282 1192.0061 0.021568628 -378
19 203.5853 1208.7474 0.019607844 -411
20 190.5111 1252.1759 0.019607844 -444
21 182.88559 1286.0829 0.019607844 -477
22 172.09766 1360.4066 0.019607844 -493
23 165.48357 1407.3319 0.019607844 -526
24 159.88417 1441.744 0.019607844 -543
25 155.96545 1464.5779 0.019607844 -559
26 151.91678 1498.7598 0.019607844 -576
27 151.85939 1515.7501 0.019607844 -609
28 152.50706 1531.3887 0.019607844 -625
29 154.30411 1546.7701 0.019607844 -642
30 158.88005 1573.3434 0.019607844 -658
31 161.85014 1585.1743 0.01764706 -691
32 161.85014 1585.1743 0.01764706 -709
