0 717.3358 441.7699 0.019607844 -40
1 717.3358 441.7699 0.021568628 -40
2 717.3358 441.7699 0.023529414 -84
3 702.2803 438.88773 0.023529414 -117
4 684.90765 435.7806 0.023529414 -150
5 651.9373 435.773 0.023529414 -167
6 621.42456 435.773 0.023529414 -183
7 574.3673 436.7725 0.023529414 -200
8 542.1521 439.89322 0.023529414 -216
9 506.32193 444.96173 0.023529414 -233
10 456.70044 453.93887 0.025490198 -249
11 426.42834 458.90808 0.023529414 -282
12 420.64395 460.5018 0.023529414 -315
13 412.92053 464.45523 0.023529414 -331
14 411.19208 467.6108 0.023529414 -364
15 408.1221 487.24622 0.023529414 -381
16 422.06665 580.5611 0.023529414 -414
17 448.51404 703.56726 0.019607844 -447
18 456.8312 752.6821 0.019607844 -480
19 465.53018 801.4146 0.019607844 -496
20 468.2168 823.0746 0.021568628 -513
21 469.8201 834.0962 0.021568628 -529
22 470.5643 844.7707 0.023529414 -546
23 470.5643 848.0337 0.019607844 -579
24 469.56522 850.557 0.01764706 -595
25 469.56522 850.557 0.01764706 -612
0 879.1859 590.6923 0.021568628 -20
1 870.5624 593.56805 0.019607844 -20
2 865.7214 596.6739 0.019607844 -50
3 855.08954 599.7272 0.023529414 -66
4 844.8064 602.94635 0.023529414 -83
5 827.8987 607.2674 0.023529414 -99
6 813.85846 609.4523 0.021568628 -116
7 791.554 612.2702 0.023529414 -132
8 774.2831 613.68036 0.023529414 -149
9 743.7843 616.9992 0.023529414 -168
10 705.56433 619.5541 0.023529414 -182
11 683.56696 621.09076 0.023529414 -198
12 657.5545 620.6767 0.023529414 -215
13 638.49225 620.6767 0.023529414 -231
14 626.45355 622.67145 0.023529414 -248
15 608.43787 625.6737 0.023529414 -264
16 594.1992 631.7711 0.023529414 -297
17 581.9546 639.04706 0.023529414 -330
18 572.97455 645.4598 0.023529414 -363
19 565.0617 674.72406 0.023529414 -380
20 562.4792 746.6854 0.023529414 -413
21 572.38544 817.8553 0.023529414 -446
22 577.46533 853.5554 0.023529414 -479
23 579.655 868.88983 0.023529414 -511
24 581.20465 881.74023 0.023529414 -512
25 582.8091 891.6279 0.023529414 -528
26 582.4607 900.66974 0.023529414 -545
27 583.3692 904.43823 0.019607844 -578
28 585.4579 905.5283 0.019607844 -611
29 585.4579 905.5283 0.019607844 -621
0 823.23773 590.6923 0.021568628 -10
1 823.23773 590.6923 0.019607844 -10
2 823.23773 590.6923 0.019607844 -40
3 817.5796 588.69336 0.019607844 -57
4 812.94354 588.69336 0.019607844 -90
5 796.17377 589.7018 0.021568628 -106
6 773.3303 592.885 0.021568628 -123
7 737.7941 598.4119 0.023529414 -139
8 707.34796 601.131 0.023529414 -156
9 675.2176 604.27167 0.023529414 -172
10 612.8413 611.41394 0.023529414 -189
11 584.184 613.62 0.023529414 -222
12 564.3467 615.1511 0.023529414 -238
13 542.59326 616.6708 0.023529414 -255
14 529.01025 618.17804 0.023529414 -271
15 519.148 618.7308 0.023529414 -287
16 511.40918 623.5456 0.023529414 -304
17 503.8711 631.4659 0.023529414 -321
18 498.1181 640.63873 0.023529414 -337
19 496.27902 665.36017 0.023529414 -354
20 497.3753 703.5294 0.023529414 -370
21 498.5384 803.16266 0.023529414 -387
22 495.44684 875.4882 0.023529414 -420
23 498.89935 931.85004 0.023529414 -453
24 499.49704 943.2253 0.023529414 -486
25 499.53748 949.44586 0.023529414 -502
26 499.53748 954.4087 0.023529414 -519
27 499.53748 956.4856 0.021568628 -535
28 499.53748 956.5018 0.019607844 -552
29 499.53748 956.5018 0.019607844 -561
0 843.21924 555.7106 0.019607844 -8
1 766.1942 555.7106 0.021568628 -138
2 695.4734 555.7106 0.023529414 -146
3 619.6806 555.7106 0.023529414 -179
4 592.4514 555.7106 0.023529414 -212
5 568.75446 557.75446 0.023529414 -229
6 547.2738 560.3404 0.023529414 -245
7 528.78235 564.1381 0.023529414 -262
8 516.3857 569.90436 0.023529414 -279
9 508.38962 574.5555 0.023529414 -295
10 499.6717 585.42633 0.023529414 -312
11 495.43442 617.6399 0.023529414 -345
12 494.54208 657.47095 0.019607844 -361
13 497.02148 724.7376 0.021568628 -378
14 498.5384 810.7445 0.023529414 -394
15 500.53653 855.6297 0.023529414 -427
16 499.53748 877.62103 0.023529414 -444
17 499.53748 891.6168 0.023529414 -460
18 499.53748 897.6383 0.023529414 -477
19 499.53748 901.86926 0.023529414 -493
20 499.53748 905.0321 0.023529414 -510
21 500.4896 907.43335 0.019607844 -526
22 501.5356 908.5268 0.019607844 -543
23 489.54672 892.5351 0.025490198 -553
0 838.2239 529.72406 0.021568628 -10
1 838.2239 529.72406 0.021568628 -10
2 836.30493 529.72406 0.021568628 -33
3 830.5633 530.2573 0.021568628 -50
4 821.77313 531.80066 0.019607844 -66
5 812.16986 533.40186 0.019607844 -83
6 798.27325 534.92017 0.021568628 -99
7 778.79193 536.51117 0.021568628 -116
8 752.21686 538.05786 0.019607844 -132
9 723.46783 540.5846 0.021568628 -149
10 698.3534 542.2175 0.021568628 -165
11 663.38574 543.7168 0.021568628 -182
12 637.90186 545.33405 0.023529414 -208
13 613.26215 545.71576 0.023529414 -215
14 596.0855 547.5329 0.023529414 -231
15 584.1511 549.09863 0.023529414 -248
16 569.8682 549.7137 0.023529414 -265
17 565.2095 550.8022 0.023529414 -298
18 561.05896 551.4236 0.021568628 -314
19 555.2053 559.6295 0.021568628 -331
20 547.49304 585.1952 0.019607844 -347
21 545.31573 628.54236 0.019607844 -380
22 542.77515 668.5967 0.021568628 -397
23 542.4977 723.92065 0.021568628 -413
24 545.94434 755.30554 0.019607844 -430
25 544.49585 799.4789 0.019607844 -446
26 544.49585 823.57104 0.019607844 -463
27 546.494 845.0953 0.021568628 -479
28 546.494 864.08997 0.019607844 -496
29 546.494 873.6484 0.019607844 -512
30 546.494 879.11566 0.021568628 -529
31 546.494 883.3302 0.019607844 -545
32 546.494 884.5393 0.019607844 -562
33 547.93994 884.5393 0.01764706 -578
34 547.93994 884.5393 0.01764706 -595
0 658.3904 316.83496 0.019607844 0
1 653.3312 316.83496 0.023529414 0
2 642.7681 316.83496 0.021568628 -30
3 631.2259 317.98306 0.023529414 -46
4 618.45966 317.83444 0.023529414 -63
5 593.9131 319.15945 0.021568628 -79
6 572.2399 320.8329 0.021568628 -96
7 545.9944 322.3321 0.021568628 -112
8 504.3026 322.92877 0.021568628 -128
9 471.67734 325.3163 0.021568628 -145
10 436.41522 327.18527 0.021568628 -162
11 412.05118 328.79785 0.021568628 -178
12 391.69928 332.56128 0.021568628 -194
13 376.36343 337.2537 0.021568628 -211
14 366.02127 341.3688 0.021568628 -227
15 357.86465 344.54214 0.019607844 -244
16 352.67197 347.81985 0.019607844 -260
17 344.51312 408.42944 0.019607844 -277
18 344.7176 451.98157 0.019607844 -326
19 349.03818 504.351 0.019607844 -343
20 349.87033 547.2468 0.019607844 -359
21 355.53955 610.3698 0.019607844 -376
22 354.78494 633.59845 0.019607844 -392
23 356.4853 657.0729 0.019607844 -409
24 358.14166 675.8541 0.019607844 -425
25 358.6679 689.0313 0.019607844 -442
26 358.6679 692.6701 0.019607844 -475
27 358.6679 696.0852 0.019607844 -491
28 356.58167 698.8123 0.01764706 -508
29 356.58167 698.8123 0.01764706 -524
0 851.21185 703.6335 0.019607844 0
1 849.2137 703.6335 0.023529414 0
2 697.3524 734.30536 0.023529414 -176
3 658.17523 741.5796 0.023529414 -182
4 631.3884 746.9488 0.023529414 -199
5 606.73663 751.7487 0.023529414 -215
6 578.6192 759.357 0.023529414 -232
7 564.4436 763.6107 0.023529414 -248
8 547.7036 769.29663 0.023529414 -265
9 542.65674 770.8788 0.023529414 -298
10 539.7695 774.32745 0.023529414 -314
11 536.5746 778.9872 0.023529414 -331
12 532.50696 785.5908 0.023529414 -347
13 526.84686 804.23865 0.023529414 -374
14 525.239 833.33344 0.023529414 -380
15 528.426 861.19653 0.023529414 -397
16 528.5106 884.5393 0.023529414 -413
17 528.5106 944.50806 0.023529414 -434
18 528.5106 982.19305 0.023529414 -455
19 524.39 1040.2008 0.023529414 -463
20 524.51434 1053.6145 0.023529414 -496
21 524.51434 1061.5023 0.023529414 -512
22 524.51434 1066.952 0.023529414 -529
23 524.51434 1071.9741 0.021568628 -545
24 524.51434 1073.4409 0.019607844 -578
25 529.5097 1047.4545 0.023529414 -600
0 852.21094 551.71265 0.021568628 -10
1 738.3485 553.7116 0.019607844 -147
2 693.97406 555.23346 0.019607844 -156
3 644.84375 557.8922 0.019607844 -172
4 608.1031 561.1411 0.019607844 -189
5 537.26764 574.32263 0.021568628 -205
6 507.51492 582.7008 0.023529414 -238
7 499.14133 585.3744 0.023529414 -271
8 485.00867 593.74713 0.019607844 -288
9 480.17276 609.21326 0.021568628 -338
10 476.74133 631.478 0.019607844 -354
11 473.69272 672.3773 0.021568628 -371
12 473.56152 739.4495 0.021568628 -387
13 473.56152 816.04236 0.019607844 -420
14 474.5606 869.1071 0.019607844 -453
15 474.5606 879.3457 0.021568628 -486
16 474.5606 891.88995 0.021568628 -503
17 474.5606 894.7638 0.021568628 -536
18 474.5606 896.39624 0.019607844 -552
19 476.55875 897.53253 0.019607844 -569
20 475.55966 896.533 0.019607844 -598
0 791.26733 751.6085 0.019607844 0
1 791.26733 751.6085 0.019607844 0
2 791.26733 751.6085 0.021568628 -30
3 788.3929 750.17065 0.021568628 -47
4 784.0149 748.5238 0.019607844 -63
5 777.10724 747.6106 0.019607844 -80
6 763.4057 747.6106 0.019607844 -96
7 737.6535 747.6106 0.019607844 -113
8 705.6619 749.31445 0.019607844 -129
9 664.9219 752.23505 0.021568628 -146
10 637.4155 755.48816 0.021568628 -162
11 615.4302 758.60486 0.021568628 -179
12 588.957 762.83307 0.023529414 -195
13 575.0124 765.3807 0.023529414 -212
14 565.14105 766.98975 0.021568628 -228
15 559.38776 768.6232 0.021568628 -245
16 551.1015 771.7921 0.021568628 -261
17 549.4912 772.5976 0.021568628 -294
18 542.50854 784.5587 0.021568628 -322
19 538.21716 806.5714 0.021568628 -327
20 535.50415 841.08704 0.021568628 -344
21 537.0533 898.0491 0.021568628 -360
22 537.5023 940.51013 0.021568628 -377
23 538.5014 1016.4706 0.023529414 -401
24 538.1577 1069.3237 0.019607844 -430
25 536.7394 1099.0095 0.021568628 -443
26 535.50415 1105.9862 0.021568628 -476
27 535.50415 1111.0868 0.021568628 -492
28 534.50507 1114.343 0.021568628 -509
29 534.50507 1116.079 0.021568628 -525
30 534.50507 1117.8329 0.019607844 -542
31 534.50507 1117.418 0.019607844 -558
32 534.50507 1117.418 0.019607844 -575
33 534.50507 1117.418 0.019607844 -582
0 778.27936 526.72565 0.019607844 -9
1 775.3549 526.72565 0.019607844 -9
2 769.03455 526.72565 0.019607844 -40
3 758.38214 526.72565 0.019607844 -56
4 742.4213 526.72565 0.019607844 -72
5 691.80707 528.75366 0.019607844 -89
6 625.8015 535.2304 0.019607844 -122
7 600.0566 538.5046 0.019607844 -155
8 580.89813 541.64526 0.019607844 -171
9 549.33295 544.36127 0.021568628 -188
10 532.15137 546.7152 0.021568628 -221
11 523.20264 552.0254 0.021568628 -254
12 514.7287 579.67126 0.019607844 -287
13 511.41412 614.63477 0.019607844 -320
14 510.76398 647.73987 0.019607844 -336
15 510.52728 691.7451 0.019607844 -353
16 506.3343 735.58575 0.019607844 -369
17 500.2107 795.195 0.019607844 -386
18 498.4227 808.621 0.019607844 -419
19 498.5384 817.5526 0.021568628 -435
20 498.5384 824.2234 0.019607844 -452
21 498.5384 831.3706 0.019607844 -468
22 498.5384 831.5669 0.019607844 -501
23 499.53748 831.5669 0.01764706 -518
24 493.54303 850.557 0.027450982 -530
0 607.43756 315.83548 0.019607844 -10
1 607.43756 315.83548 0.019607844 -10
2 605.0268 315.83548 0.019607844 -26
3 598.84 315.83548 0.019607844 -42
4 590.5658 315.83548 0.019607844 -58
5 563.83624 317.7213 0.019607844 -75
6 505.94424 323.96744 0.019607844 -108
7 446.354 332.20465 0.021568628 -141
8 422.9623 335.80148 0.021568628 -174
9 401.45938 339.47754 0.019607844 -190
10 383.034 344.26016 0.019607844 -207
11 371.1385 347.3956 0.019607844 -223
12 362.91592 350.51663 0.019607844 -240
13 351.98013 355.5088 0.019607844 -256
14 342.13382 367.20792 0.019607844 -289
15 335.68915 385.79907 0.019607844 -322
16 331.45236 402.75314 0.019607844 -339
17 326.3089 429.7026 0.019607844 -355
18 321.36133 468.48486 0.019607844 -372
19 317.9984 536.08527 0.019607844 -388
20 319.70398 606.74945 0.019607844 -421
21 322.72946 631.01074 0.019607844 -454
22 323.42273 642.99835 0.019607844 -471
23 323.7003 650.2584 0.019607844 -487
24 323.7003 655.0042 0.019607844 -504
25 323.7003 658.2165 0.019607844 -520
26 323.7003 660.14087 0.019607844 -537
27 323.7003 661.859 0.019607844 -553
28 322.66208 663.6935 0.019607844 -570
29 322.66208 663.6935 0.019607844 -586
0 823.23773 514.7319 0.021568628 -10
1 822.23865 516.73083 0.019607844 -10
2 742.62195 538.75574 0.019607844 -115
3 655.3215 543.4639 0.019607844 -115
4 588.8205 547.5197 0.019607844 -148
5 562.2329 551.14575 0.019607844 -181
6 533.65094 552.5472 0.019607844 -198
7 511.43906 555.7397 0.019607844 -214
8 503.88834 561.03033 0.021568628 -247
9 497.28662 571.7139 0.021568628 -280
10 495.20313 586.73956 0.019607844 -313
11 493.52277 618.06335 0.019607844 -330
12 494.54208 661.7872 0.021568628 -346
13 495.90335 709.78107 0.021568628 -363
14 494.8002 787.3562 0.021568628 -379
15 493.04352 818.57367 0.019607844 -412
16 494.91104 831.229 0.019607844 -429
17 494.54208 846.39935 0.021568628 -445
18 493.02805 853.07117 0.021568628 -462
19 491.3862 854.71356 0.019607844 -478
20 491.54486 855.5544 0.019607844 -495
21 491.54486 855.5544 0.019607844 -512
22 492.54395 855.5544 0.01764706 -528
23 492.54395 855.5544 0.01764706 -540
0 629.41724 310.8381 0.019607844 -10
1 629.41724 310.8381 0.019607844 -10
2 578.6433 320.25034 0.019607844 -102
3 514.4108 331.51282 0.019607844 -108
4 475.9335 333.60757 0.019607844 -141
5 443.2099 338.38702 0.019607844 -157
6 387.99646 344.16974 0.019607844 -174
7 374.26285 347.12823 0.019607844 -207
8 362.92676 350.39655 0.019607844 -223
9 354.60855 353.64102 0.019607844 -240
10 348.48514 355.8627 0.019607844 -256
11 342.82492 359.95575 0.019607844 -273
12 336.12723 367.76038 0.019607844 -289
13 331.4121 391.20132 0.019607844 -306
14 328.69565 490.8716 0.019607844 -322
15 329.8498 536.68677 0.019607844 -355
16 330.16336 630.22864 0.019607844 -372
17 329.69473 681.7184 0.019607844 -405
18 329.69473 695.17035 0.019607844 -438
19 329.69473 702.4806 0.019607844 -454
20 329.69473 708.0707 0.019607844 -471
21 329.69473 711.53455 0.019607844 -487
22 329.69473 713.3775 0.019607844 -504
23 328.69565 714.6278 0.01764706 -520
24 328.69565 714.6278 0.01764706 -531
0 789.2692 702.63403 0.019607844 0
1 786.8526 702.63403 0.019607844 0
2 783.53754 702.63403 0.019607844 -27
3 778.78955 704.12964 0.019607844 -43
4 770.9157 705.7065 0.019607844 -60
5 761.9659 709.07355 0.019607844 -76
6 722.5436 720.568 0.019607844 -93
7 637.4212 738.8984 0.019607844 -126
8 605.6472 744.3439 0.019607844 -159
9 569.89246 753.7404 0.019607844 -175
10 539.8562 763.8882 0.019607844 -192
11 515.3604 772.2488 0.021568628 -208
12 484.5614 787.15564 0.019607844 -225
13 466.55197 801.1028 0.019607844 -258
14 455.872 824.68823 0.019607844 -291
15 450.46182 853.20575 0.021568628 -324
16 445.96744 880.8459 0.019607844 -340
17 443.6453 909.62897 0.021568628 -357
18 439.7164 945.76624 0.019607844 -373
19 435.95975 972.2678 0.021568628 -390
20 435.59668 994.4076 0.021568628 -406
21 434.83078 1011.13934 0.021568628 -423
22 431.7213 1024.9819 0.019607844 -439
23 431.49472 1029.7809 0.019607844 -456
24 431.60037 1034.9427 0.019607844 -472
25 431.60037 1038.014 0.019607844 -489
26 431.60037 1039.7976 0.019607844 -505
27 431.60037 1039.4586 0.019607844 -522
28 431.60037 1039.4586 0.01764706 -538
0 814.2461 535.72095 0.019607844 -8
1 814.2461 535.72095 0.019607844 -8
2 799.3591 534.7215 0.019607844 -59
3 767.86975 534.7215 0.019607844 -72
4 708.3441 536.72046 0.019607844 -105
5 664.41376 539.15485 0.019607844 -147
6 626.91095 543.7894 0.019607844 -154
7 594.0954 545.7354 0.019607844 -171
8 570.04156 548.9715 0.019607844 -187
9 550.1448 551.01715 0.019607844 -204
10 538.7693 552.6738 0.019607844 -220
11 531.069 554.3211 0.019607844 -237
12 522.25323 555.921 0.019607844 -253
13 514.8899 557.6179 0.019607844 -270
14 505.03836 563.2007 0.019607844 -286
15 499.62195 570.53375 0.019607844 -319
16 496.4873 585.16986 0.019607844 -336
17 491.3819 611.27264 0.019607844 -352
18 489.54672 637.5588 0.019607844 -369
19 487.54858 683.62366 0.019607844 -385
20 483.90387 763.52893 0.019607844 -402
21 480.43674 800.8332 0.019607844 -435
22 481.23877 820.83655 0.019607844 -451
23 483.14835 833.5443 0.019607844 -468
24 484.55133 845.78687 0.019607844 -484
25 484.55133 848.45483 0.019607844 -517
26 484.55133 850.204 0.019607844 -534
27 484.55133 852.0052 0.019607844 -550
28 484.55133 852.55597 0.01764706 -567
29 484.55133 852.55597 0.01764706 -580
0 851.21185 501.73868 0.01764706 0
1 849.2137 501.73868 0.019607844 0
2 753.0213 519.1983 0.019607844 -101
3 715.0671 523.44055 0.019607844 -112
4 618.8662 535.05536 0.019607844 -129
5 585.33905 539.31055 0.019607844 -162
6 546.41785 543.9259 0.019607844 -178
7 518.5199 548.2145 0.019607844 -195
8 505.19662 549.7137 0.019607844 -226
9 497.5316 549.7137 0.019607844 -261
10 494.7105 549.7137 0.019607844 -294
11 490.0693 556.1719 0.019607844 -310
12 485.0755 567.9718 0.019607844 -327
13 484.41718 581.6227 0.019607844 -343
14 482.08694 621.7425 0.019607844 -360
15 480.06857 674.41364 0.019607844 -376
16 479.55597 773.46783 0.019607844 -393
17 479.55597 820.9478 0.019607844 -426
18 479.55597 858.03534 0.019607844 -442
19 479.55597 878.159 0.019607844 -459
20 479.55597 889.87146 0.019607844 -475
21 479.55597 896.9518 0.019607844 -492
22 479.55597 901.8532 0.019607844 -508
23 479.55597 904.3863 0.019607844 -525
24 479.55597 906.1515 0.019607844 -541
25 480.55505 906.52783 0.01764706 -558
26 474.5606 935.51276 0.023529414 -589
0 673.3765 330.8277 0.019607844 -8
1 670.92584 330.8277 0.019607844 -8
2 664.756 330.8277 0.019607844 -39
3 655.8441 332.39545 0.019607844 -56
4 642.4648 334.0685 0.019607844 -72
5 621.8938 338.70618 0.019607844 -89
6 594.4212 344.90274 0.019607844 -105
7 559.3012 351.8529 0.019607844 -122
8 533.8627 358.494 0.019607844 -138
9 498.3879 362.91507 0.019607844 -155
10 465.66486 368.1089 0.019607844 -171
11 434.95483 369.56766 0.019607844 -188
12 412.76004 372.49994 0.019607844 -204
13 397.70245 374.79694 0.019607844 -221
14 384.76935 377.02222 0.019607844 -237
15 373.1288 380.23788 0.019607844 -254
16 363.21262 381.6914 0.019607844 -270
17 346.83508 392.63925 0.019607844 -287
18 339.3561 406.4476 0.019607844 -320
19 330.0057 447.6728 0.019607844 -336
20 326.46152 497.06396 0.019607844 -353
21 320.0264 614.2533 0.019607844 -369
22 320.70306 677.7708 0.019607844 -402
23 321.70212 745.91876 0.019607844 -419
24 321.70212 764.9075 0.019607844 -452
25 320.31113 774.55817 0.019607844 -468
26 318.5979 779.9151 0.019607844 -485
27 318.7049 784.3293 0.019607844 -501
28 318.7049 786.1935 0.019607844 -518
29 318.7049 787.9576 0.019607844 -534
30 318.7049 789.7363 0.019607844 -551
31 318.7049 792.58716 0.01764706 -567
32 318.7049 792.58716 0.01764706 -583
0 802.2572 733.61786 0.019607844 -9
1 802.2572 733.61786 0.019607844 -9
2 802.2572 733.61786 0.019607844 -23
3 797.96094 734.3842 0.019607844 -40
4 788.71716 736.042 0.019607844 -56
5 771.26105 738.7177 0.019607844 -73
6 747.28845 743.05414 0.019607844 -89
7 702.3409 752.2996 0.019607844 -106
8 668.7828 752.6878 0.019607844 -122
9 633.10126 755.33575 0.019607844 -139
10 589.7362 756.9063 0.021568628 -155
11 578.4644 758.60486 0.021568628 -172
12 544.49585 759.6044 0.021568628 -189
13 526.50793 762.7032 0.021568628 -205
14 504.80984 769.17365 0.023529414 -221
15 493.78064 773.3594 0.021568628 -254
16 488.67865 780.8966 0.019607844 -287
17 473.3527 819.5485 0.021568628 -304
18 465.67545 863.13403 0.021568628 -337
19 459.78055 910.7409 0.019607844 -353
20 453.77225 971.8129 0.019607844 -370
21 449.95404 1033.8458 0.021568628 -386
22 443.58926 1119.5593 0.019607844 -403
23 443.58926 1129.861 0.021568628 -452
24 443.58926 1134.5577 0.019607844 -469
25 443.58926 1138.0128 0.019607844 -485
26 443.58926 1139.9847 0.019607844 -502
27 443.58926 1141.7775 0.019607844 -518
28 443.58926 1141.4055 0.01764706 -535
29 443.58926 1141.4055 0.01764706 -551
0 796.2627 762.6028 0.019607844 0
1 795.22266 761.5623 0.019607844 0
2 791.63586 760.78815 0.019607844 -34
3 786.77155 760.6038 0.019607844 -51
4 780.5695 760.6038 0.019607844 -67
5 770.8926 761.5023 0.019607844 -84
6 752.30334 767.6002 0.019607844 -100
7 707.0412 774.45746 0.021568628 -117
8 670.9892 779.9352 0.021568628 -150
9 643.3888 781.5939 0.021568628 -166
10 618.73706 785.30096 0.021568628 -183
11 574.62946 791.37164 0.021568628 -199
12 549.59863 798.5482 0.021568628 -232
13 533.35693 804.04083 0.019607844 -265
14 519.5189 810.57776 0.021568628 -298
15 514.80084 817.5375 0.021568628 -331
16 509.7168 827.1288 0.021568628 -348
17 503.53375 839.56274 0.019607844 -364
18 491.64456 917.4745 0.019607844 -380
19 484.26587 1011.6162 0.019607844 -414
20 482.69775 1064.4199 0.021568628 -447
21 482.5532 1082.2467 0.019607844 -480
22 482.5532 1093.5403 0.019607844 -496
23 483.55228 1098.6567 0.019607844 -513
24 483.55228 1102.0734 0.019607844 -529
25 483.55228 1105.0048 0.019607844 -546
26 483.55228 1106.7333 0.019607844 -562
27 483.55228 1108.4227 0.019607844 -579
28 483.55228 1108.4227 0.019607844 -612
29 484.55133 1108.4227 0.01764706 -622
0 569.4727 1049.4534 0.019607844 -6
1 540.68054 1064.2723 0.023529414 -6
2 517.3949 1070.9067 0.023529414 -37
3 494.23822 1077.5402 0.023529414 -53
4 464.06958 1086.0924 0.023529414 -70
5 429.55853 1093.6768 0.023529414 -86
6 368.72488 1105.8108 0.025490198 -103
7 329.41156 1117.7258 0.025490198 -119
8 293.61356 1125.3854 0.025490198 -136
9 246.74953 1131.8328 0.025490198 -152
10 175.83719 1130.4113 0.025490198 -169
11 140.88075 1134.6079 0.025490198 -196
12 118.108955 1136.6398 0.025490198 -202
13 105.96176 1138.2557 0.025490198 -218
14 97.53488 1139.8812 0.025490198 -235
15 85.59855 1143.9523 0.025490198 -251
16 71.58973 1166.1665 0.023529414 -284
17 63.940796 1194.3779 0.023529414 -317
18 63.940796 1194.3779 0.023529414 -336
19 59.944496 1347.2982 0.023529414 -394
20 88.40654 1404.075 0.021568628 -394
21 100.79593 1436.9746 0.019607844 -416
22 104.22198 1441.5676 0.019607844 -449
23 107.66693 1445.014 0.019607844 -466
24 111.156456 1446.3763 0.019607844 -482
25 116.879036 1446.2467 0.019607844 -499
26 116.89177 1446.2467 0.019607844 -515
27 116.89177 1446.2467 0.019607844 -515
0 668.3811 335.82507 0.019607844 0
1 668.3811 335.82507 0.019607844 0
2 621.08185 340.09146 0.019607844 -79
3 553.56445 354.03278 0.019607844 -85
4 481.16098 368.76694 0.019607844 -118
5 432.22867 380.00705 0.019607844 -151
6 409.0272 386.5968 0.019607844 -184
7 397.7337 389.48227 0.021568628 -200
8 389.33575 391.25696 0.019607844 -217
9 382.3412 392.87158 0.019607844 -233
10 376.51834 394.57773 0.019607844 -250
11 371.24927 398.19955 0.019607844 -266
12 362.11163 427.69156 0.019607844 -283
13 360.59293 474.63135 0.019607844 -316
14 362.14102 514.2099 0.019607844 -332
15 360.66605 560.9982 0.019607844 -349
16 358.2634 610.5652 0.019607844 -365
17 353.52493 671.6103 0.019607844 -382
18 351.10092 693.36084 0.019607844 -415
19 348.5937 700.71857 0.019607844 -448
20 348.67715 702.5562 0.019607844 -481
21 348.67715 702.63403 0.019607844 -497
22 348.67715 702.63403 0.019607844 -498
0 818.2424 703.6335 0.021568628 0
1 818.2424 703.6335 0.019607844 -6
2 815.1618 703.6335 0.019607844 -29
3 809.99225 704.2847 0.019607844 -45
4 796.85504 707.1666 0.019607844 -62
5 780.7058 708.5011 0.019607844 -78
6 752.22015 710.60114 0.019607844 -95
7 710.1155 714.8949 0.019607844 -111
8 674.80865 719.925 0.019607844 -128
9 621.925 727.54956 0.021568628 -144
10 590.82275 730.5416 0.021568628 -161
11 559.5496 736.18884 0.019607844 -177
12 527.89197 742.737 0.021568628 -194
13 504.48883 746.37225 0.021568628 -210
14 489.197 750.69653 0.021568628 -227
15 478.7954 753.8611 0.021568628 -243
16 465.11017 759.33405 0.021568628 -260
17 458.14444 763.03394 0.021568628 -293
18 453.32404 774.9463 0.019607844 -326
19 447.3981 797.5229 0.021568628 -342
20 440.66257 827.50073 0.021568628 -359
21 431.0648 885.60046 0.019607844 -375
22 424.60684 944.50806 0.021568628 -392
23 422.6087 965.49713 0.023529414 -417
0 615.4302 302.84225 0.019607844 0
1 615.4302 302.84225 0.021568628 0
2 568.71155 309.2165 0.019607844 -102
3 487.75827 319.17828 0.019607844 -114
4 459.7717 326.2096 0.021568628 -147
5 425.6351 332.5915 0.021568628 -164
6 394.74963 337.63828 0.021568628 -180
7 360.37888 347.42685 0.021568628 -197
8 341.49344 353.6134 0.023529414 -230
9 331.62616 356.84753 0.021568628 -263
10 325.0613 362.7676 0.019607844 -296
11 318.7049 383.4065 0.019607844 -329
12 317.39713 407.114 0.019607844 -362
13 317.70462 438.74597 0.019607844 -378
14 322.9784 513.7265 0.019607844 -395
15 324.69934 579.7036 0.019607844 -428
16 324.69934 602.6526 0.019607844 -461
17 325.73434 619.07294 0.019607844 -477
18 326.6975 629.1529 0.019607844 -494
19 326.6975 634.819 0.019607844 -510
20 326.6975 638.8193 0.019607844 -527
21 324.0992 640.6663 0.01764706 -543
22 323.7003 640.6663 0.01764706 -576
23 323.7003 640.6663 0.01764706 -580
0 788.27014 683.6439 0.019607844 -7
1 780.65967 683.6439 0.019607844 -7
2 772.31366 684.43774 0.019607844 -40
3 761.5768 686.031 0.021568628 -56
4 747.52856 689.5918 0.019607844 -73
5 703.83984 694.83923 0.019607844 -89
6 668.3811 700.6351 0.019607844 -122
7 630.3681 707.67737 0.021568628 -151
8 600.6175 712.75275 0.021568628 -155
9 572.4825 717.8051 0.021568628 -172
10 546.1126 723.29956 0.021568628 -188
11 526.8801 726.3729 0.021568628 -205
12 509.18204 731.0774 0.021568628 -221
13 496.90536 734.85516 0.021568628 -238
14 487.86346 738.0895 0.021568628 -254
15 479.82907 739.9599 0.021568628 -271
16 472.6157 741.603 0.021568628 -287
17 466.20874 743.7924 0.021568628 -304
18 456.94574 751.05554 0.021568628 -320
19 451.63416 764.47095 0.021568628 -353
20 444.0079 786.3334 0.021568628 -370
21 430.80765 878.9252 0.019607844 -386
22 419.02704 965.5168 0.019607844 -419
23 414.54343 1011.6643 0.021568628 -452
24 412.40228 1038.6968 0.021568628 -469
25 412.61795 1055.1167 0.021568628 -485
26 413.61703 1072.5814 0.021568628 -502
27 413.61703 1078.1108 0.021568628 -535
28 413.61703 1079.4377 0.019607844 -568
29 413.61703 1079.4377 0.01764706 -589
0 567.47455 315.83548 0.019607844 -6
1 567.47455 315.83548 0.019607844 -6
2 563.50793 315.83548 0.019607844 -29
3 554.3367 315.83548 0.019607844 -46
4 538.2666 317.05835 0.019607844 -63
5 518.57446 320.58963 0.019607844 -79
6 449.50757 334.3722 0.019607844 -96
7 419.7591 339.49182 0.019607844 -129
8 384.8435 345.60184 0.021568628 -145
9 366.66898 349.99796 0.021568628 -162
10 352.31186 353.93628 0.021568628 -178
11 334.0869 359.7136 0.021568628 -195
12 326.3662 360.81207 0.019607844 -228
13 323.01413 361.65503 0.019607844 -261
14 313.24484 372.38745 0.019607844 -277
15 306.47867 386.08334 0.019607844 -310
16 298.41174 428.72375 0.019607844 -327
17 296.59705 473.08984 0.019607844 -343
18 293.72803 512.992 0.019607844 -360
19 290.56848 576.45886 0.019607844 -376
20 284.96103 617.10443 0.019607844 -393
21 285.42078 679.8666 0.019607844 -409
22 282.62607 702.0833 0.019607844 -442
23 281.73914 707.8162 0.019607844 -475
24 281.73914 710.46545 0.019607844 -492
25 281.73914 712.25446 0.019607844 -508
26 282.73822 714.10046 0.019607844 -525
27 282.73822 714.6278 0.01764706 -541
28 282.73822 714.6278 0.01764706 -546
0 502.5347 1035.4607 0.021568628 -9
1 480.82852 1048.8169 0.021568628 -9
2 449.63846 1063.2216 0.023529414 -25
3 410.50464 1080.3278 0.025490198 -41
4 373.47412 1093.3193 0.025490198 -58
5 340.4954 1102.0828 0.025490198 -74
6 305.7772 1110.2169 0.025490198 -91
7 266.3376 1116.9248 0.025490198 -107
8 240.92773 1118.4175 0.025490198 -124
9 215.91785 1121.5784 0.025490198 -140
10 193.75821 1123.5735 0.025490198 -157
11 180.1861 1124.4143 0.023529414 -173
12 170.4082 1125.8193 0.023529414 -190
13 162.55978 1127.4706 0.023529414 -206
14 156.86382 1129.0756 0.023529414 -223
15 151.94386 1130.7163 0.023529414 -239
16 142.69662 1139.1207 0.023529414 -256
17 128.14891 1170.5876 0.023529414 -289
18 109.933365 1245.658 0.023529414 -322
19 103.788765 1288.9906 0.023529414 -355
20 98.82376 1336.9307 0.021568628 -371
21 92.771225 1401.9843 0.021568628 -388
22 91.914894 1426.5198 0.019607844 -421
23 91.914894 1429.5443 0.021568628 -454
24 91.914894 1433.3761 0.021568628 -470
25 91.914894 1436.07 0.019607844 -487
26 91.914894 1436.8484 0.019607844 -503
27 91.914894 1437.2513 0.019607844 -520
28 91.914894 1438.2509 0.019607844 -524
0 529.5097 1087.4336 0.021568628 -5
1 502.87817 1099.09 0.023529414 -5
2 478.35834 1109.634 0.023529414 -37
3 442.09064 1123.9147 0.025490198 -54
4 412.73425 1130.9761 0.025490198 -70
5 373.43216 1143.6931 0.025490198 -87
6 306.7734 1163.7106 0.027450982 -103
7 278.60345 1166.2968 0.027450982 -120
8 250.76782 1169.391 0.027450982 -137
9 215.07939 1166.2969 0.027450982 -153
10 195.10797 1165.6669 0.027450982 -170
11 173.55496 1162.7823 0.027450982 -186
12 160.62549 1162.3945 0.027450982 -203
13 150.92154 1162.3945 0.027450982 -219
14 142.58615 1162.3945 0.027450982 -236
15 122.17844 1171.1714 0.025490198 -252
16 101.444534 1200.6482 0.025490198 -302
17 88.94061 1227.0227 0.025490198 -335
18 73.07706 1270.9329 0.025490198 -351
19 63.228012 1304.4608 0.021568628 -368
20 89.286194 1337.1376 0.021568628 -384
21 106.29086 1378.6941 0.021568628 -401
22 111.42962 1393.6061 0.019607844 -417
23 119.61589 1415.4427 0.019607844 -434
24 122.036514 1422.7074 0.019607844 -467
25 121.887146 1426.9935 0.019607844 -483
26 121.887146 1428.7972 0.021568628 -500
27 121.887146 1430.5571 0.019607844 -516
28 121.887146 1431.2545 0.019607844 -533
29 121.887146 1431.2545 0.019607844 -549
30 121.887146 1431.2545 0.019607844 -558
0 505.53192 1051.4524 0.021568628 -11
1 489.22125 1057.6584 0.025490198 -11
2 477.039 1062.3093 0.025490198 -34
3 470.0495 1064.9504 0.025490198 -50
4 464.16263 1066.5464 0.021568628 -67
5 447.59793 1070.5155 0.021568628 -83
6 378.65546 1087.9318 0.025490198 -100
7 298.56122 1103.2867 0.025490198 -116
8 254.31625 1105.045 0.021568628 -149
9 243.77429 1109.4221 0.025490198 -199
10 228.28528 1114.254 0.025490198 -217
11 235.78168 1106.4237 0.021568628 -232
12 228.04683 1112.0803 0.025490198 -280
13 214.68123 1125.5337 0.025490198 -281
14 200.40967 1141.1887 0.025490198 -298
15 186.04288 1162.06 0.025490198 -314
16 169.16913 1198.0607 0.023529414 -331
17 158.30627 1221.458 0.021568628 -347
18 121.764046 1286.5927 0.023529414 -364
19 114.39603 1342.1862 0.023529414 -380
20 129.15556 1416.4635 0.019607844 -397
21 135.46997 1453.4108 0.019607844 -430
22 137.27383 1461.8423 0.019607844 -463
23 136.87326 1466.6168 0.019607844 -479
24 136.87326 1470.8383 0.019607844 -496
25 136.87326 1472.8269 0.019607844 -512
26 136.87326 1474.5642 0.019607844 -529
27 136.87326 1474.2322 0.019607844 -545
28 136.87326 1474.2322 0.019607844 -562
29 136.87326 1474.2322 0.019607844 -578
30 136.87326 1474.2322 0.019607844 -579
0 626.42 266.861 0.019607844 0
1 625.0204 266.861 0.019607844 0
2 616.05676 267.92258 0.021568628 -22
3 570.1428 277.6671 0.019607844 -39
4 543.1061 285.66092 0.019607844 -72
5 445.02338 296.14166 0.019607844 -88
6 354.52286 305.191 0.023529414 -121
7 296.011 310.02545 0.019607844 -154
8 280.27612 312.0002 0.021568628 -187
9 269.81122 313.62445 0.023529414 -203
10 263.17572 315.23096 0.019607844 -220
11 257.73093 316.8451 0.019607844 -236
12 252.8513 319.74802 0.019607844 -253
13 247.89543 324.7059 0.019607844 -269
14 243.79378 338.62854 0.019607844 -286
15 248.92006 438.7017 0.019607844 -302
16 251.86382 491.81122 0.019607844 -335
17 253.88533 559.5827 0.019607844 -352
18 258.9682 628.97363 0.019607844 -368
19 258.9682 628.97363 0.019607844 -385
20 257.76132 714.6278 0.019607844 -428
21 257.76132 735.6192 0.019607844 -428
22 257.76132 743.1673 0.019607844 -451
23 255.90057 748.19775 0.019607844 -467
24 255.11314 751.9096 0.019607844 -484
25 254.76411 754.0109 0.019607844 -500
26 253.53558 755.836 0.019607844 -517
27 252.76596 756.6059 0.01764706 -533
28 252.76596 756.6059 0.01764706 -540
0 800.25903 436.7725 0.019607844 -7
1 800.25903 436.7725 0.019607844 -7
2 800.25903 436.7725 0.019607844 -30
3 799.0867 436.7725 0.019607844 -46
4 795.84766 436.7725 0.019607844 -63
5 783.2622 440.57303 0.019607844 -79
6 762.0531 446.7018 0.019607844 -96
7 734.306 456.8923 0.019607844 -112
8 698.681 466.75848 0.019607844 -128
9 659.5817 476.70358 0.019607844 -145
10 614.675 487.94302 0.019607844 -161
11 595.44867 492.74335 0.019607844 -178
12 553.0358 509.62097 0.019607844 -198
13 529.91943 515.6053 0.021568628 -211
14 502.28662 524.0837 0.021568628 -227
15 489.55914 529.21814 0.021568628 -260
16 482.99762 532.50024 0.019607844 -293
17 476.58783 539.1537 0.019607844 -326
18 469.9785 556.3227 0.019607844 -343
19 465.88263 586.2406 0.019607844 -359
20 457.25674 698.75433 0.021568628 -376
21 455.29828 828.21277 0.019607844 -409
22 452.48355 925.27277 0.019607844 -442
23 449.69635 949.92694 0.019607844 -475
24 448.58466 967.582 0.021568628 -491
25 448.58466 977.52374 0.021568628 -508
26 447.42996 982.9553 0.021568628 -524
27 447.58557 987.44305 0.019607844 -541
28 447.58557 987.48566 0.01764706 -557
29 447.58557 987.48566 0.01764706 -567
