0 484.55133 1221.3639 0.01764706 -54
1 470.9904 1218.7118 0.019607844 -54
2 401.923 1219.5239 0.019607844 -78
3 308.4036 1221.3639 0.019607844 -127
4 270.6777 1220.6936 0.019607844 -160
5 239.88649 1219.8715 0.019607844 -177
6 210.94412 1219.3649 0.019607844 -193
7 190.98137 1219.3649 0.019607844 -210
8 165.41278 1221.0509 0.019607844 -226
9 143.93582 1232.2891 0.019607844 -259
10 134.95099 1251.3811 0.019607844 -309
11 111.39731 1357.6647 0.019607844 -326
12 104.56728 1414.6222 0.019607844 -359
13 93.86678 1523.3317 0.019607844 -375
14 87.6622 1602.5281 0.01764706 -408
15 85.79205 1653.9377 0.01764706 -441
16 88.964516 1668.4591 0.01764706 -474
17 90.91582 1675.1274 0.01764706 -491
18 90.91582 1675.1274 0.01764706 -500
0 764.2923 651.6606 0.019607844 -70
1 752.8693 650.16736 0.019607844 -70
2 729.76227 649.6616 0.019607844 -83
3 697.3249 646.495 0.019607844 -100
4 653.9863 644.66425 0.019607844 -116
5 586.8719 638.7103 0.019607844 -133
6 495.7295 630.3252 0.019607844 -149
7 458.1104 625.95416 0.019607844 -182
8 425.72748 623.2708 0.019607844 -199
9 402.76736 621.43805 0.019607844 -215
10 374.38153 621.55493 0.019607844 -232
11 367.28427 625.2581 0.019607844 -265
12 361.70908 633.58203 0.019607844 -281
13 355.13107 653.3602 0.019607844 -298
14 349.4785 685.8303 0.019607844 -314
15 346.1708 724.9635 0.019607844 -331
16 344.3241 763.17334 0.019607844 -347
17 339.61002 813.3821 0.019607844 -364
18 336.78516 852.8098 0.019607844 -380
19 333.0993 879.8915 0.019607844 -397
20 331.69287 923.50824 0.019607844 -413
21 334.09998 952.36914 0.019607844 -446
22 334.6901 956.5018 0.019607844 -479
23 335.68918 962.49866 0.01764706 -485
0 771.2858 597.68866 0.019607844 -60
1 722.4061 589.7054 0.019607844 -60
2 680.1083 584.9443 0.019607844 -82
3 634.33093 581.45386 0.019607844 -98
4 516.06696 568.0434 0.019607844 -115
5 463.05447 558.5712 0.019607844 -148
6 427.208 551.76324 0.019607844 -164
7 400.34222 545.78125 0.019607844 -181
8 380.65445 541.1195 0.019607844 -197
9 369.0424 539.6163 0.019607844 -214
10 361.75787 539.7189 0.019607844 -230
11 352.4283 557.93616 0.019607844 -247
12 344.3571 622.1573 0.019607844 -280
13 340.12625 668.35754 0.019607844 -313
14 336.43356 713.9423 0.019607844 -329
15 331.57513 753.354 0.019607844 -346
16 325.90198 809.0845 0.019607844 -363
17 321.89334 843.7324 0.019607844 -379
18 318.2852 873.7757 0.019607844 -396
19 317.70584 877.5429 0.019607844 -412
20 315.70767 888.5372 0.019607844 -415
0 1014.06104 700.6351 0.01764706 0
1 1012.2791 699.7437 0.01764706 0
2 1002.4497 696.09674 0.01764706 -20
3 980.8783 692.7242 0.01764706 -37
4 950.81494 688.1546 0.01764706 -53
5 913.0791 684.32196 0.01764706 -70
6 825.3677 677.64703 0.01764706 -86
7 763.5323 670.7777 0.01764706 -119
8 716.60034 663.8806 0.01764706 -136
9 685.5147 661.9319 0.01764706 -153
10 658.37976 660.6559 0.01764706 -170
11 639.35406 662.0606 0.01764706 -186
12 630.5141 666.01385 0.01764706 -203
13 622.0908 670.8505 0.01764706 -219
14 611.0315 684.74744 0.01764706 -236
15 600.44403 723.6231 0.01764706 -252
16 600.44403 723.6231 0.01764706 -271
17 586.457 844.5601 0.01764706 -297
18 586.457 844.5601 0.01764706 -297
19 583.4598 909.52625 0.01764706 -315
20 582.77704 932.4301 0.01764706 -315
21 575.7521 1046.7438 0.01764706 -335
22 573.4863 1100.2537 0.01764706 -368
23 569.6557 1124.4071 0.01764706 -384
24 566.84937 1140.9088 0.01764706 -401
25 563.0053 1153.8192 0.019607844 -418
26 560.81323 1161.3975 0.019607844 -434
27 559.48193 1167.252 0.01764706 -451
28 559.48193 1168.3915 0.01764706 -467
29 559.48193 1168.3915 0.01764706 -470
0 889.1767 955.5023 0.019607844 -7
1 885.24347 955.5023 0.019607844 -7
2 870.7278 954.6562 0.01764706 -24
3 840.86884 952.76196 0.01764706 -40
4 803.6884 949.30865 0.019607844 -57
5 723.938 942.8661 0.01764706 -73
6 640.0172 930.2507 0.01764706 -106
7 544.1685 912.2626 0.01764706 -140
8 514.7751 907.2277 0.019607844 -173
9 490.7705 905.0036 0.019607844 -189
10 461.70032 907.67255 0.019607844 -206
11 441.83456 923.17804 0.019607844 -239
12 421.72528 987.2332 0.01764706 -272
13 411.56006 1100.3103 0.019607844 -305
14 407.71844 1156.5061 0.019607844 -338
15 407.62256 1214.122 0.01764706 -354
16 403.40247 1266.389 0.019607844 -371
17 400.26456 1310.5131 0.019607844 -387
18 399.52933 1359.5084 0.01764706 -404
19 399.62997 1387.7048 0.01764706 -420
20 401.6281 1419.7711 0.01764706 -437
21 401.6281 1423.2587 0.01764706 -470
22 402.6272 1425.2577 0.01764706 -479
0 933.136 939.5106 0.01764706 -44
1 915.6278 938.51117 0.01764706 -44
2 891.00916 938.06354 0.01764706 -66
3 855.50885 936.1774 0.01764706 -83
4 806.5849 931.0552 0.01764706 -99
5 668.8527 901.88715 0.01764706 -116
6 613.29675 889.7499 0.01764706 -149
7 561.84015 877.7629 0.01764706 -165
8 520.0185 866.5487 0.019607844 -182
9 484.68112 860.4671 0.019607844 -198
10 460.13434 857.3658 0.019607844 -215
11 440.73 856.55383 0.019607844 -232
12 425.94785 857.50446 0.019607844 -248
13 409.01294 864.15826 0.019607844 -265
14 401.38135 875.03827 0.019607844 -298
15 394.28186 893.94653 0.01764706 -314
16 388.56833 919.52325 0.019607844 -331
17 382.85602 959.0269 0.01764706 -347
18 381.64664 974.49243 0.019607844 -364
19 379.64847 1001.4784 0.019607844 -371
0 929.1397 902.5299 0.019607844 0
1 928.2807 901.6706 0.019607844 -9
2 924.8102 899.86456 0.019607844 -25
3 919.6581 898.0354 0.019607844 -41
4 908.8223 898.532 0.01764706 -58
5 892.54926 896.3526 0.01764706 -74
6 867.7876 895.433 0.01764706 -91
7 815.6572 890.69904 0.01764706 -107
8 725.2099 878.6525 0.01764706 -124
9 681.55554 871.0887 0.01764706 -157
10 643.7774 863.2251 0.019607844 -173
11 609.03284 858.19476 0.019607844 -190
12 554.3995 851.8211 0.019607844 -207
13 537.71735 851.55646 0.019607844 -240
14 526.8961 851.55646 0.019607844 -256
15 519.0001 852.9356 0.019607844 -273
16 512.8265 857.25214 0.019607844 -289
17 506.1847 865.98224 0.01764706 -306
18 497.6899 895.89264 0.01764706 -322
19 492.12228 929.66284 0.01764706 -339
20 487.238 973.22327 0.01764706 -355
21 484.55133 1009.4742 0.01764706 -372
22 482.5532 1037.4596 0.019607844 -384
23 478.5569 1097.4283 0.019607844 -410
24 477.55783 1128.4122 0.019607844 -410
25 475.55966 1158.3966 0.019607844 -427
26 472.56244 1189.3805 0.019607844 -427
27 470.5643 1219.3649 0.019607844 -445
28 468.56613 1249.3492 0.019607844 -445
29 465.5689 1295.3253 0.019607844 -462
30 463.57077 1326.3092 0.01764706 -462
31 458.5754 1392.2748 0.019607844 -497
32 458.5754 1409.266 0.019607844 -497
33 458.5754 1449.2451 0.019607844 -531
34 458.5754 1457.241 0.019607844 -531
0 973.099 679.646 0.019607844 0
1 966.40405 678.7063 0.01764706 0
2 948.1509 675.8324 0.01764706 -31
3 923.961 673.3336 0.01764706 -48
4 846.3502 663.498 0.01764706 -64
5 762.7864 654.45355 0.01764706 -97
6 657.2953 638.28394 0.01764706 -130
7 601.08484 633.181 0.019607844 -163
8 581.7621 632.6705 0.019607844 -197
9 571.25793 633.872 0.019607844 -213
10 559.2599 641.62885 0.01764706 -230
11 552.27704 660.2396 0.01764706 -263
12 546.7626 693.9108 0.01764706 -279
13 542.6469 739.2477 0.01764706 -296
14 542.4977 790.04175 0.01764706 -312
15 541.2875 841.4779 0.01764706 -329
16 540.4995 862.5507 0.01764706 -345
17 492.54395 886.53827 0.023529414 -353
18 483.55228 955.5023 0.023529414 -378
19 503.53375 1002.47784 0.01764706 -378
20 511.52637 1027.4648 0.01764706 -396
21 511.52637 1027.4648 0.01764706 -396
22 537.5023 1126.4133 0.01764706 -422
23 534.50507 1130.4113 0.019607844 -422
24 491.54486 1122.4154 0.023529414 -439
25 382.6457 1084.4352 0.01764706 -473
26 364.66235 1079.4377 0.015686275 -473
27 364.66235 1079.4377 0.015686275 -491
0 587.45605 1229.3596 0.019607844 0
1 585.9388 1228.6007 0.019607844 0
2 576.18695 1224.0997 0.019607844 -30
3 556.1089 1216.1449 0.019607844 -46
4 525.4576 1206.5782 0.019607844 -63
5 445.82864 1187.618 0.019607844 -79
6 400.6427 1179.3446 0.019607844 -112
7 275.55133 1155.2994 0.019607844 -129
8 247.57745 1151.0349 0.019607844 -178
9 228.00856 1147.871 0.019607844 -195
10 212.72879 1146.0188 0.019607844 -211
11 199.97063 1147.6656 0.019607844 -228
12 188.6486 1150.7927 0.019607844 -245
13 178.51291 1157.6545 0.019607844 -261
14 167.2314 1171.8103 0.019607844 -278
15 155.9078 1195.7468 0.019607844 -294
16 147.21503 1229.6029 0.019607844 -311
17 139.5516 1270.2534 0.019607844 -327
18 133.48254 1320.3218 0.019607844 -344
19 129.19624 1372.8628 0.019607844 -360
20 125.41727 1424.5571 0.01764706 -377
21 122.7203 1475.2172 0.01764706 -393
22 118.78085 1545.2517 0.01764706 -410
23 116.84407 1593.2205 0.01764706 -426
24 115.92006 1626.687 0.01764706 -443
25 113.950165 1649.4729 0.01764706 -459
26 112.89547 1666.4937 0.01764706 -476
27 112.89547 1676.4104 0.01764706 -492
28 112.89547 1677.1265 0.01764706 -509
29 112.89547 1681.1244 0.01764706 -510
0 788.27014 530.7236 0.019607844 -42
1 777.8645 527.98914 0.019607844 -42
2 763.50073 524.4397 0.019607844 -57
3 741.2187 521.6489 0.019607844 -73
4 707.5639 516.8527 0.019607844 -90
5 623.17017 503.05753 0.019607844 -106
6 560.9353 493.14923 0.019607844 -139
7 475.15424 475.9611 0.019607844 -156
8 444.93503 470.51877 0.019607844 -189
9 423.06262 468.30154 0.019607844 -205
10 403.48254 465.1861 0.019607844 -222
11 379.69077 469.73718 0.019607844 -239
12 369.4334 478.10474 0.019607844 -272
13 358.4212 494.52844 0.019607844 -288
14 348.94144 519.4829 0.019607844 -305
15 341.02945 550.74603 0.019607844 -321
16 335.88184 593.1483 0.019607844 -338
17 332.41147 636.8969 0.019607844 -354
18 329.69714 704.5606 0.019607844 -371
19 326.9566 798.3602 0.019607844 -387
20 325.69843 881.272 0.019607844 -420
21 325.69843 915.26337 0.019607844 -453
22 325.69843 941.7059 0.019607844 -470
23 325.69843 961.63226 0.01764706 -486
24 324.33533 975.0425 0.01764706 -503
25 322.42206 983.8846 0.01764706 -519
26 321.70212 986.4862 0.015686275 -536
27 321.70212 986.4862 0.015686275 -542
0 940.1295 929.51587 0.019607844 0
1 929.3861 929.51587 0.01764706 0
2 910.9439 928.51636 0.01764706 -32
3 884.7877 928.51636 0.01764706 -48
4 852.15466 930.1501 0.01764706 -65
5 816.4351 930.5153 0.01764706 -81
6 774.90436 930.5153 0.01764706 -98
7 694.08203 925.07153 0.019607844 -114
8 641.53815 919.28015 0.019607844 -147
9 600.47797 912.68787 0.019607844 -164
10 551.5078 903.26013 0.019607844 -180
11 533.43427 901.0217 0.019607844 -214
12 511.86163 900.53094 0.019607844 -230
13 498.01654 905.21 0.019607844 -263
14 491.47778 914.1246 0.019607844 -296
15 483.96494 936.5068 0.019607844 -313
16 476.9146 978.7365 0.019607844 -329
17 471.35883 1028.3069 0.019607844 -346
18 466.96057 1081.3287 0.019607844 -362
19 461.31326 1205.9532 0.019607844 -379
20 459.57446 1285.4218 0.019607844 -412
21 458.5754 1332.8755 0.019607844 -445
22 458.5754 1345.864 0.01764706 -478
23 458.5754 1352.2957 0.01764706 -494
24 458.5754 1357.2931 0.01764706 -505
0 951.1193 932.5143 0.019607844 0
1 947.188 932.5143 0.01764706 -6
2 935.13477 930.6582 0.01764706 -23
3 915.26776 928.0358 0.01764706 -40
4 888.7448 924.261 0.019607844 -56
5 855.07385 920.5071 0.01764706 -73
6 817.50085 916.7278 0.01764706 -89
7 738.18353 909.956 0.01764706 -106
8 654.63794 898.79584 0.01764706 -139
9 624.6283 895.05963 0.01764706 -172
10 599.75134 890.42065 0.019607844 -188
11 581.2027 887.13055 0.019607844 -205
12 555.63135 885.53876 0.019607844 -221
13 545.4441 885.53876 0.019607844 -255
14 537.16895 886.37177 0.019607844 -271
15 530.45514 888.9061 0.019607844 -288
16 524.44574 893.6032 0.019607844 -304
17 517.0834 902.32733 0.019607844 -321
18 507.6006 919.37994 0.019607844 -337
19 498.0124 952.5046 0.019607844 -354
20 486.7315 1011.48944 0.019607844 -370
21 473.59055 1090.5715 0.019607844 -387
22 461.50842 1169.8403 0.019607844 -420
23 456.95486 1206.2811 0.019607844 -453
24 451.40512 1270.0192 0.019607844 -469
25 451.58188 1294.3258 0.019607844 -502
26 451.58188 1303.3212 0.019607844 -519
0 589.4542 1121.4159 0.019607844 0
1 589.4542 1121.4159 0.019607844 0
2 584.1635 1119.593 0.019607844 -21
3 548.8764 1115.8445 0.019607844 -38
4 514.17694 1113.9025 0.019607844 -71
5 473.4899 1113.42 0.019607844 -87
6 430.14594 1113.42 0.019607844 -104
7 383.6888 1110.0779 0.019607844 -120
8 326.12744 1104.3615 0.019607844 -137
9 281.1764 1099.7261 0.019607844 -153
10 248.74886 1096.0515 0.019607844 -170
11 201.09538 1090.0941 0.019607844 -186
12 186.24535 1089.4326 0.019607844 -219
13 167.50539 1093.1003 0.019607844 -236
14 149.25746 1108.829 0.019607844 -269
15 138.2264 1132.8177 0.019607844 -302
16 128.20212 1169.0464 0.019607844 -319
17 120.730606 1214.6024 0.019607844 -335
18 114.04178 1267.0952 0.019607844 -352
19 109.66834 1336.6787 0.019607844 -368
20 105.93147 1392.4473 0.019607844 -385
21 102.90472 1484.4102 0.019607844 -401
22 102.90472 1549.6293 0.01764706 -434
23 102.44696 1571.7631 0.01764706 -467
24 101.90564 1585.4752 0.01764706 -484
25 103.90379 1593.1702 0.01764706 -500
26 103.90379 1593.1702 0.01764706 -523
0 760.296 543.7168 0.01764706 0
1 732.5198 538.8192 0.019607844 0
2 698.90485 533.94946 0.019607844 -30
3 659.1304 530.42737 0.019607844 -47
4 613.8253 528.1549 0.019607844 -63
5 565.61566 526.72565 0.019607844 -80
6 478.48886 516.72156 0.019607844 -96
7 389.0909 508.93793 0.019607844 -129
8 348.63446 505.43246 0.019607844 -162
9 326.38718 506.81366 0.019607844 -195
10 319.55328 510.8345 0.019607844 -228
11 312.08987 525.87366 0.019607844 -245
12 303.80856 551.4432 0.019607844 -261
13 296.25497 587.2831 0.019607844 -278
14 290.24393 634.55133 0.019607844 -295
15 284.65805 688.06616 0.019607844 -311
16 280.29404 739.64154 0.019607844 -328
17 275.4631 793.53265 0.019607844 -344
18 270.66348 856.72766 0.019607844 -361
19 265.01144 899.37573 0.019607844 -377
20 259.2371 927.29047 0.019607844 -394
21 257.01678 957.93445 0.019607844 -410
22 255.08966 975.8849 0.019607844 -427
23 254.76411 989.1317 0.01764706 -443
24 254.76411 998.4778 0.01764706 -460
25 254.76411 1006.1065 0.01764706 -476
26 254.76411 1007.4752 0.015686275 -493
27 254.76411 1007.4752 0.015686275 -497
0 575.46716 1109.4221 0.019607844 -5
1 572.7172 1109.4221 0.019607844 -5
2 558.634 1107.6382 0.019607844 -21
3 532.17737 1105.7946 0.019607844 -38
4 496.5917 1105.4242 0.019607844 -54
5 456.79736 1105.8492 0.019607844 -71
6 411.44128 1107.4232 0.019607844 -87
7 250.38557 1097.8293 0.01764706 -104
8 207.66571 1094.6227 0.019607844 -153
9 176.58138 1092.7472 0.019607844 -170
10 153.53416 1092.431 0.019607844 -186
11 137.40323 1092.431 0.019607844 -203
12 126.09422 1093.7284 0.019607844 -219
13 119.25509 1095.588 0.019607844 -236
14 113.70047 1097.493 0.019607844 -252
15 105.0258 1113.1741 0.01764706 -269
16 94.58442 1188.9727 0.019607844 -286
17 91.24655 1243.4142 0.019607844 -319
18 88.79652 1302.3832 0.019607844 -335
19 84.50364 1361.9445 0.019607844 -352
20 80.13772 1417.295 0.019607844 -368
21 73.820816 1470.2317 0.01764706 -385
22 69.26434 1513.8076 0.01764706 -401
23 66.713295 1551.2407 0.01764706 -418
24 63.693516 1586.525 0.01764706 -434
25 61.87147 1609.8739 0.01764706 -451
26 61.942646 1624.4414 0.01764706 -467
27 61.942646 1631.2151 0.01764706 -484
28 63.937317 1635.1414 0.01764706 -500
29 64.93987 1636.1478 0.01764706 -517
30 64.93987 1637.1473 0.01764706 -525
0 747.30804 561.70746 0.01764706 0
1 741.50867 555.9057 0.019607844 0
2 733.4446 552.9367 0.019607844 -23
3 722.3599 551.0511 0.019607844 -39
4 706.44507 546.9449 0.019607844 -56
5 682.25275 543.762 0.019607844 -72
6 599.161 536.7645 0.019607844 -89
7 496.59464 533.5811 0.019607844 -122
8 427.83453 526.6402 0.019607844 -155
9 375.26056 521.28357 0.019607844 -171
10 338.55197 518.7298 0.019607844 -188
11 312.0819 518.7298 0.019607844 -204
12 293.11838 518.7298 0.019607844 -222
13 271.06424 517.73035 0.019607844 -238
14 266.54077 519.8355 0.019607844 -271
15 258.8106 532.6221 0.019607844 -288
16 252.31403 555.65686 0.019607844 -304
17 248.2546 586.3656 0.019607844 -321
18 245.10985 632.58734 0.019607844 -337
19 243.77429 681.88513 0.019607844 -354
20 243.31187 734.57715 0.019607844 -370
21 242.7752 788.2278 0.019607844 -387
22 242.7752 887.74835 0.019607844 -403
23 242.7752 996.53253 0.019607844 -436
24 243.77429 1008.47473 0.019607844 -469
25 243.77429 1021.46796 0.01764706 -477
0 911.1564 679.646 0.019607844 -8
1 911.1564 679.646 0.01764706 -8
2 911.1564 679.646 0.01764706 -33
3 907.3992 679.646 0.01764706 -49
4 893.76825 678.1574 0.01764706 -66
5 873.31213 677.64703 0.01764706 -82
6 801.72614 678.64655 0.01764706 -99
7 686.6733 673.8799 0.01764706 -132
8 604.02704 665.64124 0.01764706 -165
9 573.38043 664.11945 0.01764706 -198
10 543.0043 660.8442 0.01764706 -215
11 510.8652 661.7656 0.01764706 -231
12 487.84836 676.3477 0.01764706 -264
13 461.9983 720.16626 0.019607844 -297
14 450.6547 760.6613 0.01764706 -330
15 440.7947 806.5656 0.01764706 -347
16 433.199 853.22125 0.01764706 -363
17 427.4888 904.939 0.01764706 -380
18 421.7054 953.6404 0.019607844 -396
19 421.7054 953.6404 0.01764706 -413
0 714.33856 567.7043 0.019607844 -9
1 709.7984 565.8571 0.019607844 -9
2 694.2701 562.4353 0.019607844 -33
3 669.03656 559.0859 0.019607844 -50
4 638.2128 555.7106 0.019607844 -66
5 603.7968 554.3421 0.019607844 -83
6 568.74915 552.7121 0.019607844 -99
7 529.8846 550.3508 0.019607844 -116
8 480.5888 545.46216 0.019607844 -132
9 438.61218 542.76825 0.019607844 -149
10 382.91083 538.7194 0.019607844 -166
11 366.1325 540.2227 0.019607844 -199
12 354.62802 542.0582 0.019607844 -215
13 342.672 549.72797 0.019607844 -232
14 330.89914 626.9187 0.019607844 -265
15 331.40506 686.0005 0.019607844 -298
16 333.247 741.2803 0.019607844 -314
17 333.69104 798.35443 0.019607844 -331
18 333.69104 852.87524 0.019607844 -347
19 327.9349 898.1162 0.01764706 -364
20 325.69843 941.557 0.019607844 -380
21 323.7003 1006.75006 0.019607844 -397
22 323.7003 1036.4796 0.01764706 -430
23 322.7012 1042.457 0.01764706 -463
24 322.7012 1042.457 0.01764706 -473
0 893.173 594.69025 0.01764706 -8
1 885.362 593.72107 0.01764706 -8
2 866.0804 591.69183 0.01764706 -25
3 835.0167 589.99207 0.01764706 -42
4 798.1778 590.6923 0.01764706 -58
5 764.4978 590.6923 0.01764706 -75
6 691.2921 593.79956 0.01764706 -91
7 618.15564 592.10583 0.01764706 -124
8 592.0645 588.3504 0.01764706 -158
9 574.5722 586.6944 0.01764706 -174
10 559.7072 586.6944 0.01764706 -191
11 545.32153 586.6944 0.01764706 -207
12 533.2595 586.6944 0.01764706 -224
13 522.9099 589.53534 0.01764706 -240
14 514.38403 595.04486 0.01764706 -257
15 505.20224 608.67694 0.01764706 -273
16 496.33472 630.2889 0.01764706 -290
17 487.42453 665.57477 0.01764706 -306
18 481.6074 714.14813 0.01764706 -323
19 479.40192 764.91925 0.01764706 -339
20 477.44965 811.95966 0.01764706 -356
21 476.55875 899.471 0.01764706 -372
22 476.55875 964.9029 0.01764706 -389
23 476.55875 1025.0928 0.01764706 -405
24 475.06674 1086.049 0.01764706 -422
25 472.9625 1178.9789 0.01764706 -438
26 471.56335 1205.0383 0.01764706 -472
27 471.56335 1212.3685 0.01764706 -488
28 471.56335 1226.3612 0.01764706 -492
0 797.2618 537.7199 0.019607844 -35
1 786.7236 534.20575 0.019607844 -35
2 774.9214 531.4772 0.019607844 -51
3 758.9223 526.7534 0.019607844 -67
4 708.75885 519.8695 0.019607844 -83
5 614.7332 511.2519 0.019607844 -116
6 560.3782 504.72424 0.019607844 -150
7 474.8616 492.02274 0.019607844 -166
8 437.10828 488.5968 0.019607844 -199
9 403.6936 486.3615 0.019607844 -216
10 374.98965 485.747 0.019607844 -232
11 332.78494 484.73822 0.019607844 -249
12 316.87903 486.57907 0.019607844 -282
13 306.3082 488.42722 0.019607844 -298
14 297.2839 491.7202 0.019607844 -315
15 289.3143 495.45084 0.019607844 -331
16 281.89056 502.58667 0.019607844 -348
17 274.27344 510.32492 0.019607844 -364
18 264.63818 542.1555 0.01764706 -381
19 257.8746 588.21985 0.019607844 -397
20 254.76411 640.2234 0.019607844 -414
21 255.39145 751.9575 0.01764706 -430
22 255.31583 809.25 0.019607844 -464
23 256.22653 864.9265 0.01764706 -480
24 256.76227 913.5381 0.01764706 -497
25 258.7604 960.8074 0.01764706 -513
26 261.2587 998.9864 0.019607844 -530
27 261.75763 1023.4669 0.01764706 -546
28 261.75763 1033.4617 0.01764706 -561
0 893.173 932.5143 0.019607844 0
1 860.7045 929.68256 0.01764706 0
2 790.64984 926.9363 0.01764706 -38
3 718.74066 921.7205 0.019607844 -71
4 684.0701 916.6862 0.019607844 -104
5 603.06647 905.47473 0.019607844 -121
6 531.5564 893.94086 0.019607844 -154
7 506.08768 890.0835 0.019607844 -187
8 484.55637 889.5367 0.019607844 -203
9 469.77728 889.5367 0.019607844 -220
10 450.91168 892.7027 0.019607844 -236
11 432.32687 912.9922 0.019607844 -269
12 420.78897 948.8271 0.019607844 -302
13 413.17892 991.97394 0.019607844 -319
14 407.35062 1043.664 0.019607844 -335
15 402.3331 1098.4904 0.019607844 -352
16 400.4955 1155.9694 0.019607844 -369
17 397.65662 1211.4597 0.019607844 -385
18 395.1957 1258.5502 0.019607844 -402
19 393.2391 1305.6367 0.019607844 -418
20 391.33 1331.9219 0.019607844 -435
21 391.6374 1353.773 0.019607844 -451
22 390.38177 1373.1094 0.019607844 -468
23 390.6383 1382.9948 0.019607844 -484
24 390.6383 1382.9948 0.019607844 -501
0 899.1674 619.67725 0.01764706 0
1 882.4201 618.6993 0.01764706 0
2 850.0985 616.941 0.01764706 -24
3 809.7229 613.23413 0.01764706 -41
4 768.3866 612.2762 0.01764706 -58
5 725.9809 609.74774 0.01764706 -74
6 692.4977 611.37115 0.01764706 -91
7 654.28253 607.87787 0.01764706 -107
8 588.43 604.8242 0.01764706 -124
9 563.4926 605.6845 0.01764706 -157
10 543.61914 604.68506 0.01764706 -173
11 530.1417 604.68506 0.01764706 -190
12 511.89105 605.8432 0.01764706 -206
13 505.30984 609.9046 0.01764706 -239
14 497.83514 624.0087 0.01764706 -256
15 490.27747 653.6368 0.01764706 -272
16 484.02707 759.49524 0.01764706 -289
17 482.5532 819.73096 0.01764706 -322
18 481.19247 878.3158 0.01764706 -338
19 481.5541 936.9544 0.01764706 -355
20 480.55505 995.18353 0.01764706 -372
21 479.61267 1105.4027 0.01764706 -388
22 478.5569 1148.1898 0.01764706 -421
23 478.5569 1164.9734 0.01764706 -454
24 478.5569 1171.3899 0.01764706 -471
25 478.5569 1175.3878 0.01764706 -481
0 939.13043 934.51324 0.019607844 -5
1 936.7776 934.51324 0.01764706 -5
2 902.6374 934.51324 0.01764706 -15
3 868.2639 935.31915 0.019607844 -48
4 828.9806 934.80054 0.01764706 -64
5 787.3215 932.9255 0.019607844 -81
6 746.6945 930.5504 0.01764706 -98
7 705.4173 928.1561 0.01764706 -114
8 667.32336 921.8434 0.019607844 -131
9 591.46063 909.52765 0.019607844 -147
10 566.1447 905.7849 0.019607844 -180
11 546.3387 904.5289 0.019607844 -197
12 530.45624 905.1075 0.019607844 -213
13 510.08142 910.1045 0.019607844 -230
14 502.64255 913.97 0.019607844 -263
15 494.15842 925.0302 0.019607844 -279
16 482.03366 952.22406 0.019607844 -296
17 473.41913 992.33826 0.019607844 -312
18 465.82852 1038.6403 0.019607844 -329
19 455.83298 1137.3468 0.019607844 -345
20 446.00214 1239.8134 0.019607844 -379
21 440.59476 1332.2463 0.019607844 -412
22 438.63867 1369.6592 0.019607844 -445
23 437.59482 1387.3944 0.019607844 -461
24 437.59482 1400.3378 0.019607844 -478
25 437.59482 1407.6831 0.019607844 -494
26 437.59482 1410.2655 0.019607844 -511
27 437.59482 1412.2644 0.01764706 -521
0 977.0953 705.63245 0.019607844 -3
1 977.0953 705.63245 0.01764706 -3
2 974.5403 703.8547 0.01764706 -28
3 966.9189 702.63403 0.01764706 -45
4 947.46783 698.2164 0.01764706 -61
5 917.4141 697.1001 0.01764706 -78
6 882.21216 690.86884 0.01764706 -94
7 830.0943 685.58856 0.01764706 -111
8 772.0397 677.05334 0.01764706 -128
9 696.78015 664.5804 0.01764706 -144
10 640.5207 652.6763 0.01764706 -161
11 596.19763 637.49286 0.01764706 -177
12 532.8069 624.5581 0.01764706 -194
13 514.693 620.82544 0.01764706 -227
14 506.5475 619.48065 0.01764706 -243
15 496.8261 618.67773 0.01764706 -260
16 480.30234 632.9233 0.01764706 -276
17 471.59262 644.1206 0.01764706 -309
18 464.04773 675.9995 0.01764706 -326
19 459.60208 722.7782 0.01764706 -342
20 458.5754 781.61145 0.01764706 -359
21 460.57355 839.3034 0.01764706 -375
22 460.39255 901.3275 0.01764706 -392
23 459.6645 991.637 0.01764706 -408
24 462.32214 1112.9233 0.01764706 -425
25 466.4252 1171.5313 0.01764706 -458
26 469.33255 1204.4825 0.01764706 -475
27 471.27475 1231.181 0.01764706 -491
28 472.56244 1261.5856 0.01764706 -508
29 472.56244 1263.3419 0.01764706 -541
30 472.56244 1263.3419 0.019607844 -544
0 782.2757 527.72516 0.019607844 -9
1 782.2757 527.72516 0.019607844 -9
2 776.6224 527.72516 0.019607844 -26
3 760.6407 527.5758 0.019607844 -43
4 734.5962 527.72516 0.019607844 -59
5 608.1976 528.7246 0.019607844 -76
6 557.1463 527.39185 0.019607844 -126
7 507.6799 523.3544 0.019607844 -142
8 458.09857 517.3546 0.019607844 -159
9 365.76605 505.02216 0.019607844 -175
10 338.04013 502.13422 0.019607844 -208
11 320.7136 501.73868 0.019607844 -225
12 301.53 500.7392 0.019607844 -241
13 297.9682 501.6167 0.019607844 -274
14 290.60217 519.3732 0.019607844 -291
15 288.27234 541.62897 0.01764706 -324
16 287.73358 572.42303 0.019607844 -340
17 287.73358 604.9611 0.01764706 -357
18 287.73358 641.06573 0.019607844 -373
19 285.712 697.223 0.01764706 -390
20 282.04962 776.0695 0.01764706 -407
21 280.03497 815.984 0.019607844 -440
22 278.13306 850.3076 0.019607844 -456
23 276.74374 881.0506 0.019607844 -473
24 276.2925 904.0457 0.01764706 -489
25 273.02707 917.6824 0.01764706 -506
26 269.12415 928.08325 0.01764706 -522
27 267.5025 937.7606 0.015686275 -539
28 262.95435 948.11053 0.015686275 -555
29 262.95435 948.11053 0.015686275 -572
0 980.0925 668.65173 0.019607844 0
1 978.1428 667.67645 0.01764706 0
2 968.4292 665.8189 0.01764706 -22
3 947.5512 660.5131 0.01764706 -39
4 920.97546 657.48157 0.01764706 -55
5 886.08856 655.2329 0.01764706 -72
6 809.8296 656.71967 0.01764706 -89
7 740.3228 656.65796 0.01764706 -122
8 693.21606 656.625 0.01764706 -138
9 653.6896 654.047 0.01764706 -155
10 617.61475 653.01917 0.01764706 -171
11 573.0073 651.934 0.019607844 -188
12 549.324 651.6606 0.01764706 -221
13 536.0037 651.6606 0.01764706 -254
14 524.601 657.2665 0.01764706 -286
15 517.6299 667.2114 0.01764706 -320
16 509.91705 685.17004 0.01764706 -336
17 501.45572 727.04114 0.01764706 -353
18 494.8498 766.82965 0.01764706 -369
19 490.1303 804.88135 0.01764706 -386
20 486.17697 847.6601 0.01764706 -403
21 482.38812 887.5204 0.01764706 -419
22 480.08643 931.3038 0.01764706 -436
23 478.19968 968.7185 0.01764706 -452
24 477.55783 1002.92365 0.01764706 -469
25 476.55875 1038.3021 0.01764706 -485
26 476.55875 1062.7289 0.01764706 -502
27 476.55875 1076.688 0.01764706 -518
28 476.55875 1084.4325 0.01764706 -535
29 474.5847 1091.3593 0.01764706 -551
30 473.56152 1093.4304 0.01764706 -568
31 472.56244 1094.4299 0.01764706 -576
0 943.1267 686.64233 0.01764706 0
1 937.56165 684.7508 0.01764706 0
2 928.05347 682.8269 0.01764706 -30
3 908.3717 681.92566 0.01764706 -47
4 879.32184 680.6455 0.01764706 -63
5 840.1978 678.5914 0.01764706 -80
6 792.17084 674.85596 0.01764706 -97
7 745.56714 671.3525 0.01764706 -113
8 701.99445 665.23865 0.01764706 -130
9 640.76184 655.46124 0.01764706 -146
10 604.02435 649.9254 0.01764706 -163
11 582.23236 645.21826 0.01764706 -179
12 566.21045 645.24896 0.019607844 -196
13 544.325 647.8967 0.01764706 -212
14 538.0862 649.8001 0.01764706 -245
15 532.35864 652.7589 0.01764706 -262
16 525.77893 667.7885 0.01764706 -278
17 517.53784 730.1784 0.01764706 -295
18 512.9464 768.22394 0.01764706 -328
19 509.17114 807.36646 0.01764706 -344
20 503.56522 849.951 0.01764706 -361
21 501.0209 896.9726 0.01764706 -378
22 493.54044 999.526 0.01764706 -394
23 491.54486 1079.5411 0.01764706 -427
24 491.54486 1131.3333 0.01764706 -460
25 490.92657 1143.4988 0.01764706 -493
26 490.5458 1155.188 0.01764706 -510
27 490.5458 1163.3641 0.01764706 -526
28 490.5458 1165.393 0.01764706 -543
29 490.5458 1165.393 0.01764706 -555
0 969.10266 659.65643 0.019607844 0
1 969.10266 659.65643 0.01764706 0
2 969.10266 659.65643 0.01764706 -27
3 963.8388 659.65643 0.01764706 -47
4 931.89777 656.2982 0.01764706 -63
5 863.85016 658.76874 0.01764706 -97
6 754.50793 655.6585 0.01764706 -130
7 666.9786 650.3209 0.01764706 -163
8 599.0856 646.23944 0.01764706 -196
9 560.38824 647.7719 0.01764706 -229
10 541.11005 649.70483 0.01764706 -262
11 531.06964 651.54834 0.01764706 -278
12 523.5441 654.1448 0.01764706 -295
13 517.0144 659.7899 0.01764706 -311
14 509.60678 675.41223 0.01764706 -328
15 503.40512 698.15137 0.01764706 -344
16 500.2993 745.31067 0.01764706 -361
17 498.35007 796.48615 0.01764706 -377
18 498.5384 862.8638 0.01764706 -394
19 496.54025 953.6764 0.01764706 -411
20 496.54025 1024.7137 0.01764706 -444
21 495.95053 1050.9456 0.01764706 -477
22 495.04 1068.9546 0.01764706 -493
23 494.54208 1079.032 0.01764706 -510
24 492.54395 1094.8458 0.019607844 -526
25 492.54395 1102.5076 0.01764706 -559
26 492.54395 1102.4258 0.01764706 -576
27 492.54395 1103.4253 0.015686275 -582
0 704.34784 631.67096 0.019607844 0
1 704.34784 631.67096 0.019607844 0
2 699.49585 629.71985 0.019607844 -23
3 689.3119 628.67255 0.019607844 -40
4 669.2105 627.6731 0.019607844 -56
5 639.7269 625.67413 0.019607844 -73
6 605.7044 623.3284 0.019607844 -89
7 527.13586 613.5382 0.019607844 -106
8 445.12952 595.27484 0.019607844 -139
9 360.2397 576.09326 0.019607844 -172
10 349.47372 574.0605 0.019607844 -221
11 342.2685 572.7017 0.019607844 -238
12 338.06622 572.7017 0.019607844 -254
13 334.27573 573.90845 0.019607844 -271
14 329.3811 587.84485 0.019607844 -287
15 324.77026 620.00275 0.019607844 -304
16 320.98648 662.39264 0.019607844 -320
17 318.4985 706.0784 0.019607844 -337
18 312.83853 750.4554 0.019607844 -354
19 309.75394 796.5758 0.019607844 -370
20 306.33914 846.74316 0.019607844 -387
21 302.5246 917.256 0.019607844 -403
22 300.72156 970.06134 0.019607844 -436
23 300.72156 982.5408 0.01764706 -469
24 300.72156 988.48517 0.01764706 -486
25 300.72156 993.48254 0.01764706 -494
0 956.1147 636.6684 0.01764706 0
1 939.6657 632.8713 0.01764706 0
2 912.21063 628.01544 0.01764706 -30
3 878.04315 624.88873 0.01764706 -46
4 838.16565 621.9888 0.01764706 -63
5 795.6681 621.0854 0.01764706 -79
6 757.94366 620.6767 0.01764706 -96
7 686.87836 620.6767 0.01764706 -112
8 650.95245 619.54865 0.01764706 -145
9 631.39575 619.67725 0.01764706 -162
10 617.653 619.67725 0.01764706 -178
11 607.5858 619.67725 0.01764706 -195
12 599.4081 619.67725 0.01764706 -211
13 593.43976 619.67725 0.01764706 -228
14 584.0632 633.8581 0.01764706 -244
15 585.9638 708.5174 0.01764706 -277
16 586.21893 762.96954 0.01764706 -311
17 585.63306 814.25586 0.01764706 -327
18 579.9537 863.7545 0.01764706 -344
19 575.2667 917.9286 0.01764706 -360
20 569.6633 957.97485 0.01764706 -377
21 567.0191 997.583 0.01764706 -393
22 561.4801 1059.2726 0.01764706 -410
23 559.48193 1086.2288 0.01764706 -443
24 559.48193 1098.4579 0.019607844 -476
25 559.48193 1106.4054 0.01764706 -492
26 559.48193 1112.4683 0.01764706 -509
27 559.48193 1116.6874 0.019607844 -525
28 559.48193 1119.999 0.01764706 -542
29 559.48193 1120.4164 0.01764706 -558
30 559.48193 1120.4164 0.01764706 -562
