0 791.26733 511.73346 0.019607844 -54
1 773.0574 511.08044 0.019607844 -54
2 698.1714 511.8925 0.019607844 -78
3 605.8309 516.73083 0.019607844 -127
4 565.7338 518.40063 0.019607844 -160
5 531.6299 518.7298 0.019607844 -177
6 501.67496 518.7298 0.019607844 -193
7 476.16476 517.54626 0.019607844 -210
8 439.7851 521.4152 0.019607844 -226
9 417.9149 545.57764 0.019607844 -259
10 412.24866 577.02606 0.019607844 -309
11 410.7448 705.8789 0.019607844 -326
12 409.06396 764.18225 0.019607844 -359
13 406.10083 874.6232 0.019607844 -375
14 403.62628 952.12335 0.019607844 -408
15 401.7565 1002.27704 0.019607844 -441
16 405.7181 1018.8444 0.019607844 -474
17 407.62256 1026.4653 0.01764706 -491
18 407.62256 1026.4653 0.01764706 -500
0 504.53284 1328.3081 0.019607844 -70
1 494.59036 1325.3218 0.019607844 -70
2 475.69937 1322.9601 0.019607844 -83
3 440.3945 1321.1436 0.019607844 -100
4 397.87952 1319.1982 0.019607844 -116
5 336.0898 1316.3286 0.019607844 -133
6 253.9731 1308.9718 0.019607844 -149
7 217.47978 1305.1737 0.019607844 -182
8 188.7561 1302.9167 0.019607844 -199
9 169.22191 1301.084 0.019607844 -215
10 142.59613 1300.3228 0.019607844 -232
11 132.91753 1302.9052 0.019607844 -265
12 125.275986 1307.9268 0.019607844 -281
13 116.325455 1322.4716 0.019607844 -298
14 106.904495 1349.2867 0.019607844 -314
15 98.89108 1384.1116 0.019607844 -331
16 91.201385 1422.8297 0.019607844 -347
17 84.820755 1469.0154 0.019607844 -364
18 78.21857 1508.3713 0.019607844 -380
19 72.54442 1537.3452 0.01764706 -397
20 64.83126 1574.6146 0.01764706 -413
21 60.534634 1598.2141 0.01764706 -446
22 59.944496 1601.166 0.01764706 -479
23 59.944496 1601.166 0.01764706 -485
0 890.1758 996.48096 0.019607844 -60
1 844.78345 988.99426 0.019607844 -60
2 803.9936 983.3612 0.019607844 -82
3 755.219 975.5188 0.01764706 -98
4 637.84106 956.9539 0.01764706 -115
5 587.422 945.36975 0.019607844 -148
6 555.0896 936.9129 0.019607844 -164
7 531.1883 931.54755 0.019607844 -181
8 512.53235 929.21674 0.019607844 -197
9 497.71796 929.51587 0.019607844 -214
10 487.7032 931.4839 0.019607844 -230
11 473.07126 949.73206 0.019607844 -247
12 456.95657 1007.9564 0.019607844 -280
13 450.4653 1054.1566 0.019607844 -313
14 446.20444 1096.2333 0.019607844 -329
15 439.47522 1139.3102 0.019607844 -346
16 429.87363 1195.6793 0.019607844 -363
17 424.1815 1228.9146 0.019607844 -379
18 419.19174 1257.286 0.019607844 -396
19 418.6124 1261.343 0.019607844 -412
20 416.61426 1272.3373 0.019607844 -415
0 566.47546 1204.3727 0.021568628 0
1 564.69354 1203.4813 0.019607844 0
2 555.09357 1201.6038 0.019607844 -20
3 534.56824 1201.3743 0.019607844 -37
4 502.28238 1200.3748 0.019607844 -53
5 463.4954 1199.0538 0.019607844 -70
6 377.69318 1192.201 0.019607844 -86
7 323.78058 1186.5092 0.019607844 -119
8 276.3476 1181.611 0.019607844 -136
9 245.92174 1178.6627 0.019607844 -153
10 218.61852 1178.3862 0.019607844 -170
11 198.76208 1179.7909 0.019607844 -186
12 185.56529 1183.7443 0.019607844 -203
13 175.5043 1187.5148 0.019607844 -219
14 164.445 1200.5784 0.019607844 -236
15 151.85939 1231.3586 0.019607844 -252
16 146.86401 1252.3477 0.019607844 -271
17 136.87326 1304.3207 0.019607844 -297
18 132.87697 1332.306 0.019607844 -297
19 128.88066 1362.2904 0.019607844 -315
20 118.62364 1429.1213 0.019607844 -315
21 104.18868 1532.1489 0.019607844 -335
22 97.935326 1579.013 0.019607844 -368
23 95.0036 1605.0652 0.01764706 -384
24 93.91304 1620.8458 0.01764706 -401
25 93.91304 1630.0978 0.01764706 -418
26 93.91304 1636.1501 0.01764706 -434
27 93.91304 1640.7654 0.01764706 -451
28 93.91304 1641.1451 0.01764706 -467
29 93.91304 1641.1451 0.01764706 -470
0 539.5005 1225.3618 0.019607844 -7
1 532.57 1225.3618 0.019607844 -7
2 517.2085 1224.3623 0.019607844 -24
3 488.67856 1224.3623 0.019607844 -40
4 452.21072 1223.7642 0.019607844 -57
5 376.90204 1216.4023 0.019607844 -73
6 294.27112 1205.1075 0.019607844 -106
7 202.99255 1187.1194 0.019607844 -140
8 173.74072 1183.084 0.019607844 -173
9 153.13313 1180.8599 0.019607844 -189
10 129.00839 1181.5299 0.019607844 -206
11 111.14076 1195.0364 0.019607844 -239
12 91.31018 1256.6508 0.019607844 -272
13 78.339134 1361.1155 0.019607844 -305
14 72.576744 1417.8221 0.019607844 -338
15 69.28555 1472.6622 0.01764706 -354
16 65.49131 1522.2559 0.01764706 -371
17 63.758545 1565.198 0.01764706 -387
18 62.94172 1617.1726 0.01764706 -404
19 62.94172 1646.5089 0.01764706 -420
20 62.94172 1670.8362 0.01764706 -437
21 63.940796 1673.1285 0.01764706 -470
22 63.940796 1673.1285 0.01764706 -479
0 587.45605 1213.368 0.019607844 -44
1 571.946 1213.9202 0.019607844 -44
2 549.77295 1214.3674 0.019607844 -66
3 516.158 1214.3674 0.019607844 -83
4 470.3561 1209.6802 0.019607844 -99
5 334.1626 1188.6484 0.019607844 -116
6 278.60666 1176.6006 0.019607844 -149
7 229.40793 1167.2421 0.019607844 -165
8 188.32564 1156.3977 0.019607844 -182
9 156.70796 1148.9552 0.019607844 -198
10 132.62526 1143.8412 0.019607844 -215
11 114.11862 1140.2338 0.019607844 -232
12 99.250336 1139.4065 0.019607844 -248
13 84.31359 1141.9414 0.01764706 -265
14 78.2423 1148.7722 0.019607844 -298
15 71.58067 1164.8055 0.019607844 -314
16 65.86712 1187.6691 0.019607844 -331
17 61.416805 1225.3619 0.01764706 -347
18 59.944496 1241.3534 0.019607844 -364
19 59.944496 1241.3534 0.019607844 -371
0 581.4616 1182.3842 0.023529414 0
1 580.6026 1182.3842 0.021568628 -9
2 577.13214 1181.7178 0.021568628 -25
3 571.98 1181.3846 0.021568628 -41
4 563.5314 1181.3846 0.019607844 -58
5 547.8684 1181.3846 0.019607844 -74
6 525.20544 1180.2845 0.019607844 -91
7 475.02692 1176.496 0.019607844 -107
8 387.1529 1166.5026 0.019607844 -124
9 344.37622 1159.43 0.019607844 -157
10 306.0901 1153.4052 0.021568628 -173
11 271.5245 1148.0438 0.019607844 -190
12 220.973 1140.6707 0.019607844 -207
13 202.34436 1139.4065 0.019607844 -240
14 192.20601 1139.4065 0.019607844 -256
15 184.31 1140.7856 0.019607844 -273
16 178.13637 1142.6378 0.019607844 -289
17 172.58025 1147.6622 0.019607844 -306
18 163.9989 1172.8615 0.019607844 -322
19 157.43217 1205.5192 0.019607844 -339
20 151.8931 1246.0812 0.019607844 -355
21 147.8631 1281.3326 0.019607844 -372
22 144.86586 1308.3186 0.019607844 -384
23 141.86864 1362.2904 0.019607844 -410
24 139.87048 1394.2738 0.019607844 -410
25 137.87234 1424.2582 0.019607844 -427
26 135.87419 1454.2426 0.019607844 -427
27 133.87604 1482.228 0.019607844 -445
28 131.8779 1512.2124 0.019607844 -445
29 128.88066 1558.1884 0.019607844 -462
30 126.882515 1590.1718 0.019607844 -462
31 122.886215 1657.1368 0.01764706 -497
32 122.886215 1672.129 0.01764706 -497
33 122.886215 1709.1097 0.01764706 -531
34 122.886215 1709.1097 0.01764706 -531
0 580.4625 1190.38 0.021568628 0
1 574.707 1188.4407 0.019607844 0
2 556.5135 1186.5664 0.019607844 -31
3 529.011 1184.7251 0.019607844 -48
4 456.0971 1179.6145 0.019607844 -64
5 376.21286 1169.1854 0.019607844 -97
6 277.85208 1154.0154 0.019607844 -130
7 224.43358 1149.9119 0.019607844 -163
8 206.10994 1151.77 0.019607844 -197
9 194.60674 1153.6013 0.019607844 -213
10 178.87135 1163.098 0.019607844 -230
11 169.89392 1182.2305 0.019607844 -263
12 162.54128 1216.4846 0.019607844 -279
13 156.57909 1253.853 0.019607844 -296
14 151.80908 1298.3765 0.019607844 -312
15 148.43997 1345.7926 0.019607844 -329
16 146.86401 1367.2878 0.019607844 -345
17 142.86772 1412.2644 0.019607844 -353
18 137.87234 1471.2336 0.019607844 -378
19 134.87512 1493.2223 0.019607844 -378
20 131.8779 1513.2118 0.019607844 -396
21 128.88066 1532.2019 0.019607844 -396
22 124.88437 1564.1853 0.019607844 -422
23 122.886215 1589.1722 0.01764706 -422
24 121.887146 1600.1665 0.01764706 -439
25 120.88807 1620.1561 0.01764706 -473
26 120.88807 1627.1525 0.01764706 -473
27 120.88807 1631.1504 0.01764706 -491
0 972.0999 730.61945 0.019607844 0
1 969.58356 728.861 0.01764706 0
2 955.573 723.6062 0.01764706 -30
3 933.1155 716.6937 0.01764706 -46
4 899.11163 708.3964 0.01764706 -63
5 820.1874 692.2288 0.01764706 -79
6 771.7785 686.60126 0.01764706 -112
7 639.2146 663.2554 0.01764706 -129
8 610.19336 658.60864 0.01764706 -178
9 588.144 653.5972 0.01764706 -195
10 573.77875 652.66003 0.01764706 -211
11 564.16034 653.92285 0.01764706 -228
12 556.7001 657.05 0.01764706 -245
13 546.1082 668.1668 0.01764706 -261
14 534.8909 683.00055 0.01764706 -278
15 523.5674 707.82556 0.01764706 -294
16 513.87555 741.19507 0.01764706 -311
17 506.79138 785.92596 0.01764706 -327
18 502.60538 827.97205 0.01764706 -344
19 498.85397 876.7529 0.01764706 -360
20 497.3062 933.8128 0.01764706 -377
21 496.54025 992.1331 0.01764706 -393
22 495.4321 1059.8495 0.01764706 -410
23 494.54208 1110.5674 0.01764706 -426
24 493.54303 1146.8 0.01764706 -443
25 494.54208 1179.6062 0.01764706 -459
26 494.54208 1198.646 0.01764706 -476
27 496.25394 1219.9286 0.015686275 -492
28 496.54025 1222.3633 0.015686275 -509
29 496.54025 1222.3633 0.015686275 -510
0 642.4052 1132.4102 0.019607844 -42
1 636.46716 1130.6752 0.019607844 -42
2 623.63025 1127.1257 0.019607844 -57
3 600.3491 1122.7961 0.019607844 -73
4 569.13116 1117.1011 0.019607844 -90
5 489.80402 1105.9137 0.019607844 -106
6 434.3918 1096.005 0.019607844 -139
7 357.02182 1080.4044 0.019607844 -156
8 329.04236 1074.586 0.019607844 -189
9 305.7167 1070.5332 0.019607844 -205
10 286.8763 1068.1578 0.019607844 -222
11 257.80966 1072.4232 0.019607844 -239
12 244.54904 1080.92 0.019607844 -272
13 232.53778 1095.5076 0.019607844 -288
14 221.51233 1118.6238 0.019607844 -305
15 211.73544 1148.0212 0.019607844 -321
16 202.46725 1186.0323 0.019607844 -338
17 195.2577 1231.7275 0.019607844 -354
18 184.84093 1292.2593 0.019607844 -371
19 173.35815 1381.5751 0.019607844 -387
20 168.24805 1459.5669 0.01764706 -420
21 166.84552 1488.8721 0.019607844 -453
22 165.84644 1512.4086 0.019607844 -470
23 164.43443 1533.7476 0.01764706 -486
24 164.84737 1544.0176 0.01764706 -503
25 162.57007 1553.3086 0.01764706 -519
26 161.85014 1554.1904 0.01764706 -536
27 161.85014 1557.189 0.01764706 -542
0 969.10266 695.6377 0.019607844 0
1 962.3556 694.6875 0.01764706 0
2 944.6148 692.7881 0.01764706 -32
3 918.5294 692.8967 0.01764706 -48
4 888.0251 692.9082 0.01764706 -65
5 850.4037 692.6392 0.01764706 -81
6 811.72284 695.4903 0.01764706 -98
7 725.05334 686.1959 0.01764706 -114
8 673.328 681.40405 0.01764706 -147
9 634.55524 677.8102 0.01764706 -164
10 581.1151 670.0163 0.019607844 -180
11 563.915 668.143 0.01764706 -214
12 541.50195 665.48724 0.019607844 -230
13 527.98883 669.3329 0.019607844 -263
14 521.4501 677.248 0.019607844 -296
15 514.5833 699.6301 0.01764706 -313
16 510.52728 742.95526 0.01764706 -329
17 509.12704 794.83 0.01764706 -346
18 508.2259 850.0562 0.01764706 -362
19 510.65695 976.46216 0.01764706 -379
20 513.52454 1055.78 0.01764706 -412
21 516.5217 1106.9932 0.01764706 -445
22 516.5217 1120.6943 0.01764706 -478
23 516.5217 1126.4133 0.01764706 -494
24 515.52264 1130.4113 0.01764706 -505
0 619.42645 1194.3779 0.021568628 0
1 617.47156 1193.4 0.021568628 -6
2 608.29443 1191.5223 0.019607844 -23
3 593.04694 1188.8999 0.019607844 -40
4 566.0436 1185.125 0.019607844 -56
5 535.8761 1182.8772 0.019607844 -73
6 498.9879 1180.9874 0.019607844 -89
7 422.19113 1176.1024 0.019607844 -106
8 336.19678 1168.6554 0.019607844 -139
9 308.3953 1164.1824 0.019607844 -172
10 285.04276 1160.28 0.019607844 -188
11 265.68002 1156.5828 0.019607844 -205
12 237.92549 1153.257 0.019607844 -221
13 228.73735 1153.3993 0.019607844 -255
14 222.29393 1154.2322 0.019607844 -271
15 216.06172 1156.0824 0.019607844 -288
16 210.25385 1159.9473 0.019607844 -304
17 203.37381 1168.1888 0.019607844 -321
18 193.89105 1185.0558 0.019607844 -337
19 182.19951 1215.1572 0.019607844 -354
20 168.06299 1271.4269 0.019607844 -370
21 152.8875 1349.0939 0.019607844 -387
22 142.80353 1424.3531 0.019607844 -420
23 139.24901 1460.8376 0.019607844 -453
24 136.87326 1529.0612 0.01764706 -469
25 136.87326 1557.189 0.01764706 -502
26 136.87326 1557.189 0.01764706 -519
0 905.16187 848.55804 0.019607844 0
1 904.20355 848.55804 0.019607844 0
2 898.049 847.55853 0.01764706 -21
3 860.014 845.5596 0.019607844 -38
4 827.4043 845.5596 0.01764706 -71
5 786.98846 845.16534 0.01764706 -87
6 743.5751 844.5601 0.01764706 -104
7 700.39557 841.21783 0.01764706 -120
8 641.8193 833.48663 0.019607844 -137
9 597.4353 827.0175 0.019607844 -153
10 562.0811 822.88257 0.019607844 -170
11 513.80585 818.23584 0.019607844 -186
12 498.95578 818.57367 0.019607844 -219
13 476.3845 823.24097 0.019607844 -236
14 457.57272 843.16876 0.01764706 -269
15 447.93964 870.5417 0.01764706 -302
16 440.33292 908.76215 0.019607844 -319
17 434.72928 956.3158 0.019607844 -335
18 430.17535 1007.2306 0.019607844 -352
19 425.37604 1079.043 0.019607844 -368
20 422.6382 1136.551 0.019607844 -385
21 420.9201 1230.9225 0.019607844 -401
22 420.07468 1298.3693 0.019607844 -434
23 419.61148 1319.4364 0.019607844 -467
24 419.61148 1333.9896 0.019607844 -484
25 419.61148 1344.2998 0.019607844 -500
26 419.61148 1346.2988 0.01764706 -523
0 616.42926 1131.4106 0.019607844 0
1 592.54956 1133.3099 0.019607844 0
2 559.806 1133.4097 0.019607844 -30
3 517.9648 1133.4097 0.019607844 -47
4 472.95572 1131.3641 0.019607844 -63
5 427.502 1129.0327 0.019607844 -80
6 339.61127 1122.4092 0.019607844 -96
7 260.60086 1112.8264 0.019607844 -129
8 222.75102 1111.4211 0.019607844 -162
9 198.42801 1113.4977 0.019607844 -195
10 190.62238 1116.5189 0.019607844 -228
11 179.40218 1130.5586 0.019607844 -245
12 168.15215 1157.6914 0.019607844 -261
13 157.76552 1193.967 0.019607844 -278
14 148.87903 1239.7488 0.019607844 -295
15 140.07297 1289.0342 0.019607844 -311
16 129.76376 1341.1051 0.019607844 -328
17 121.32396 1391.0806 0.019607844 -344
18 111.72476 1454.3591 0.01764706 -361
19 105.09532 1498.8708 0.019607844 -377
20 101.22436 1531.9755 0.01764706 -394
21 97.41931 1557.1318 0.01764706 -410
22 95.911194 1573.8993 0.01764706 -427
23 95.911194 1584.606 0.01764706 -443
24 94.91212 1591.6693 0.01764706 -460
25 94.91212 1594.1697 0.01764706 -476
26 94.91212 1594.1697 0.01764706 -493
27 94.91212 1594.1697 0.01764706 -497
0 740.3145 518.7298 0.019607844 -5
1 727.9036 515.81384 0.019607844 -5
2 708.92505 512.16345 0.019607844 -21
3 680.2991 509.10538 0.019607844 -38
4 645.9298 507.73553 0.019607844 -54
5 607.08344 508.73502 0.019607844 -71
6 564.29974 509.7345 0.019607844 -87
7 407.44077 511.73346 0.019607844 -104
8 362.71506 509.1206 0.019607844 -153
9 326.75864 507.05222 0.019607844 -170
10 302.33163 506.20395 0.019607844 -186
11 282.40158 505.73657 0.019607844 -203
12 270.9601 505.73657 0.019607844 -219
13 263.1219 506.8946 0.019607844 -236
14 258.631 508.79974 0.019607844 -252
15 253.81421 522.55554 0.019607844 -269
16 251.76688 597.2889 0.019607844 -286
17 255.77007 662.73737 0.01764706 -319
18 258.88156 723.80585 0.01764706 -335
19 259.70493 784.66327 0.01764706 -352
20 259.3658 840.2016 0.01764706 -368
21 256.39233 896.6413 0.01764706 -385
22 252.3187 934.21405 0.019607844 -401
23 251.54214 977.7644 0.01764706 -418
24 248.52237 1013.07117 0.019607844 -434
25 247.77058 1038.2428 0.01764706 -451
26 247.77058 1053.7386 0.01764706 -467
27 247.77058 1062.533 0.01764706 -484
28 247.77058 1071.4244 0.01764706 -500
29 247.77058 1075.4398 0.015686275 -517
30 247.77058 1075.4398 0.015686275 -525
0 948.12213 666.6528 0.019607844 0
1 948.12213 666.6528 0.019607844 0
2 944.7994 664.1036 0.01764706 -23
3 935.82416 659.67084 0.01764706 -39
4 921.65576 655.4784 0.01764706 -56
5 895.0105 651.1834 0.01764706 -72
6 812.919 646.6632 0.01764706 -89
7 712.0997 639.24426 0.01764706 -122
8 647.7506 631.5855 0.01764706 -155
9 595.64014 625.95154 0.01764706 -171
10 560.6396 623.2619 0.01764706 -188
11 531.2432 620.04126 0.01764706 -204
12 514.83514 618.2169 0.01764706 -222
13 491.68875 621.0189 0.01764706 -238
14 484.12683 624.88696 0.01764706 -271
15 474.6443 634.569 0.01764706 -288
16 465.25378 652.88 0.01764706 -304
17 457.54526 685.5251 0.01764706 -321
18 452.25485 731.86206 0.01764706 -337
19 449.03256 783.03925 0.01764706 -354
20 446.66074 835.06195 0.01764706 -370
21 444.2563 886.844 0.019607844 -387
22 441.59113 993.4589 0.01764706 -403
23 440.59204 1099.5814 0.01764706 -436
24 440.59204 1115.4191 0.01764706 -469
25 440.59204 1127.4127 0.01764706 -477
0 547.49304 1164.3936 0.023529414 -8
1 547.49304 1164.3936 0.023529414 -8
2 546.0757 1163.6846 0.021568628 -33
3 541.1514 1161.808 0.019607844 -49
4 531.08276 1161.395 0.019607844 -66
5 511.03955 1161.7867 0.019607844 -82
6 441.49127 1163.394 0.019607844 -99
7 330.695 1157.551 0.019607844 -132
8 249.6965 1150.0597 0.019607844 -165
9 218.24385 1147.8674 0.019607844 -198
10 192.54622 1147.4023 0.019607844 -215
11 161.07878 1148.5121 0.019607844 -231
12 135.1749 1158.2467 0.019607844 -264
13 111.71611 1194.8287 0.019607844 -297
14 99.979385 1232.1064 0.019607844 -330
15 88.56143 1273.2036 0.019607844 -347
16 77.59502 1318.9786 0.019607844 -363
17 66.70744 1366.5833 0.01764706 -380
18 59.739193 1409.8958 0.01764706 -396
19 59.739193 1409.8958 0.01764706 -413
0 589.4542 1157.3972 0.021568628 -9
1 582.06854 1156.5496 0.019607844 -9
2 565.14685 1154.6414 0.019607844 -33
3 540.1559 1152.154 0.019607844 -50
4 509.30017 1149.917 0.019607844 -66
5 475.91516 1146.6644 0.019607844 -83
6 441.116 1142.9073 0.019607844 -99
7 403.18314 1136.8641 0.019607844 -116
8 355.89456 1130.2211 0.019607844 -132
9 316.67416 1125.5156 0.019607844 -149
10 265.01996 1123.0273 0.019607844 -166
11 247.73807 1124.9181 0.019607844 -199
12 235.73811 1126.7538 0.019607844 -215
13 220.78127 1137.4219 0.019607844 -232
14 197.05072 1207.6162 0.019607844 -265
15 186.26788 1259.1423 0.019607844 -298
16 177.05833 1309.3177 0.019607844 -314
17 169.00748 1362.1427 0.019607844 -331
18 162.74367 1415.5822 0.019607844 -347
19 157.09308 1462.5836 0.019607844 -364
20 153.3742 1504.0546 0.019607844 -380
21 151.85939 1566.5104 0.019607844 -397
22 151.85939 1598.9905 0.01764706 -430
23 151.85939 1605.164 0.01764706 -463
24 151.85939 1610.1614 0.01764706 -473
0 565.47644 1077.4388 0.021568628 -8
1 548.79474 1079.4075 0.021568628 -8
2 522.9773 1082.1467 0.019607844 -25
3 488.23593 1085.8357 0.019607844 -42
4 450.14774 1089.531 0.019607844 -58
5 415.02213 1091.8309 0.019607844 -75
6 343.614 1095.5382 0.021568628 -91
7 273.06094 1094.637 0.021568628 -124
8 249.38184 1092.7593 0.021568628 -158
9 232.40201 1090.9448 0.021568628 -174
10 217.0245 1089.086 0.021568628 -191
11 203.78441 1087.287 0.021568628 -207
12 192.57497 1087.4336 0.019607844 -224
13 182.22537 1089.3539 0.019607844 -240
14 174.69852 1092.0011 0.019607844 -257
15 166.51584 1098.7577 0.019607844 -273
16 157.09738 1115.4847 0.019607844 -290
17 146.31555 1143.2018 0.019607844 -306
18 136.296 1189.9537 0.019607844 -323
19 129.2635 1238.5183 0.019607844 -339
20 121.45435 1292.3593 0.019607844 -356
21 112.82679 1376.154 0.019607844 -372
22 109.07873 1441.0144 0.019607844 -389
23 108.06766 1502.0183 0.019607844 -405
24 105.15594 1555.8439 0.01764706 -422
25 101.90564 1641.3376 0.01764706 -438
26 101.90564 1670.088 0.01764706 -472
27 101.90564 1675.1274 0.01764706 -488
28 101.90564 1675.1274 0.01764706 -492
0 644.4033 1117.418 0.019607844 -35
1 640.1333 1115.6609 0.019607844 -35
2 631.0546 1113.7969 0.019607844 -51
3 614.5698 1111.9347 0.019607844 -67
4 564.8921 1109.1357 0.019607844 -83
5 469.86737 1097.8259 0.019607844 -116
6 421.49823 1090.4149 0.019607844 -150
7 334.8283 1078.996 0.019607844 -166
8 301.38263 1075.8652 0.019607844 -199
9 270.2023 1072.671 0.019607844 -216
10 245.59785 1071.1978 0.019607844 -232
11 202.9238 1069.443 0.019607844 -249
12 186.9993 1070.4425 0.019607844 -282
13 175.74744 1072.1232 0.019607844 -298
14 166.89279 1073.9288 0.019607844 -315
15 159.43457 1077.1478 0.019607844 -331
16 153.2218 1080.8612 0.019607844 -348
17 145.39279 1090.0231 0.019607844 -364
18 133.70103 1118.9136 0.019607844 -381
19 124.16846 1162.9772 0.019607844 -397
20 118.186775 1216.2196 0.019607844 -414
21 109.270905 1324.1477 0.019607844 -430
22 105.79758 1379.8483 0.019607844 -464
23 102.44137 1436.6287 0.019607844 -480
24 101.90564 1490.805 0.01764706 -497
25 101.90564 1536.7689 0.01764706 -513
26 102.90472 1570.4371 0.01764706 -530
27 103.90379 1595.1692 0.01764706 -546
28 103.90379 1595.1692 0.01764706 -561
0 912.1554 710.6299 0.01764706 0
1 886.3473 706.1325 0.01764706 0
2 820.20337 700.2162 0.01764706 -38
3 748.51245 690.4414 0.01764706 -71
4 708.0479 686.0851 0.01764706 -104
5 621.98193 677.59344 0.01764706 -121
6 553.1461 668.0585 0.01764706 -154
7 527.5207 664.2012 0.01764706 -187
8 511.7302 663.254 0.01764706 -203
9 497.35785 665.11816 0.01764706 -220
10 471.55713 668.81934 0.01764706 -236
11 453.34637 688.1093 0.01764706 -269
12 444.7311 725.87177 0.01764706 -302
13 440.7323 770.6681 0.01764706 -319
14 439.83533 823.53595 0.01764706 -335
15 438.5939 879.2517 0.01764706 -352
16 438.0276 938.0828 0.01764706 -369
17 437.59482 993.6476 0.01764706 -385
18 436.15778 1041.9781 0.01764706 -402
19 436.59573 1084.1648 0.01764706 -418
20 435.59668 1118.9558 0.01764706 -435
21 435.59668 1136.6383 0.01764706 -451
22 435.59668 1152.9672 0.019607844 -468
23 434.5976 1163.1091 0.019607844 -484
24 434.5976 1163.1091 0.019607844 -501
0 706.346 541.71783 0.01764706 0
1 688.57806 537.74146 0.019607844 0
2 656.01587 532.2474 0.019607844 -24
3 616.518 527.2789 0.019607844 -41
4 572.7824 524.1319 0.019607844 -58
5 531.2265 520.26166 0.019607844 -74
6 492.64835 518.3852 0.019607844 -91
7 456.07712 516.73083 0.019607844 -107
8 374.83664 514.7319 0.019607844 -124
9 347.6924 512.0432 0.019607844 -157
10 329.8171 511.73346 0.019607844 -173
11 315.82117 513.21375 0.019607844 -190
12 300.24576 515.8901 0.019607844 -206
13 294.50504 521.02496 0.019607844 -239
14 288.95453 536.90607 0.019607844 -256
15 284.10266 568.047 0.019607844 -272
16 283.26248 672.491 0.019607844 -289
17 285.14566 733.7274 0.019607844 -322
18 285.73544 796.16846 0.019607844 -338
19 286.7345 851.0876 0.019607844 -355
20 285.5875 903.5274 0.019607844 -372
21 284.79306 1003.5126 0.019607844 -388
22 282.73822 1049.7942 0.019607844 -421
23 281.94177 1065.0255 0.019607844 -454
24 281.73914 1070.4425 0.019607844 -471
25 281.73914 1074.4404 0.019607844 -481
0 962.1092 710.6299 0.019607844 -5
1 961.8432 710.6299 0.01764706 -5
2 933.1181 707.6314 0.01764706 -15
3 896.85 704.8266 0.01764706 -48
4 855.818 704.208 0.01764706 -64
5 818.2928 703.22235 0.01764706 -81
6 776.0796 699.2235 0.01764706 -98
7 729.23267 693.9177 0.01764706 -114
8 694.17114 687.9652 0.01764706 -131
9 612.4421 677.64844 0.01764706 -147
10 586.997 674.7769 0.01764706 -180
11 570.0323 674.3643 0.01764706 -197
12 557.0106 676.22675 0.01764706 -213
13 533.7702 679.2248 0.019607844 -230
14 525.62134 683.0902 0.01764706 -263
15 516.13806 696.2774 0.01764706 -279
16 505.93155 728.1008 0.01764706 -296
17 499.1809 769.0259 0.01764706 -312
18 495.17142 818.75476 0.01764706 -329
19 489.1746 920.5772 0.01764706 -345
20 483.35748 1024.1207 0.01764706 -379
21 480.55505 1118.3605 0.01764706 -412
22 480.55505 1152.7274 0.01764706 -445
23 480.55505 1174.2847 0.01764706 -461
24 480.55505 1187.4486 0.01764706 -478
25 480.55505 1195.599 0.01764706 -494
26 479.55597 1199.3752 0.01764706 -511
27 479.55597 1201.3743 0.01764706 -521
0 654.3941 1190.38 0.021568628 -3
1 653.49396 1189.4795 0.019607844 -3
2 649.0629 1187.6028 0.019607844 -28
3 637.52625 1185.6848 0.019607844 -45
4 617.3536 1183.1737 0.019607844 -61
5 586.7939 1180.3116 0.019607844 -78
6 546.75146 1175.0596 0.019607844 -94
7 498.40137 1165.6357 0.019607844 -111
8 443.66248 1155.8041 0.019607844 -128
9 368.08447 1140.0645 0.019607844 -144
10 313.8232 1128.4325 0.019607844 -161
11 272.63474 1119.9667 0.019607844 -177
12 212.10379 1110.863 0.019607844 -194
13 193.98994 1108.9967 0.019607844 -227
14 182.6507 1109.4221 0.019607844 -243
15 172.24564 1109.4221 0.019607844 -260
16 157.45186 1120.6692 0.019607844 -276
17 149.89049 1135.8352 0.019607844 -309
18 142.97568 1166.0056 0.019607844 -326
19 137.4142 1206.4987 0.019607844 -342
20 133.08777 1255.2087 0.019607844 -359
21 129.38081 1309.5591 0.019607844 -375
22 125.52146 1368.9028 0.019607844 -392
23 120.70804 1459.6635 0.019607844 -408
24 121.762375 1581.5544 0.019607844 -425
25 122.74344 1633.7192 0.019607844 -458
26 125.65079 1669.1719 0.01764706 -475
27 128.59204 1694.6508 0.01764706 -491
28 129.87975 1715.7882 0.01764706 -508
29 129.87975 1717.1056 0.01764706 -541
30 129.87975 1718.1051 0.01764706 -544
0 675.37463 1105.4242 0.021568628 -9
1 675.37463 1105.4242 0.021568628 -9
2 669.7213 1104.4248 0.019607844 -26
3 653.889 1104.4248 0.019607844 -43
4 625.4457 1104.4248 0.019607844 -59
5 497.8502 1102.976 0.019607844 -76
6 447.58127 1099.7603 0.019607844 -126
7 398.5944 1096.056 0.019607844 -142
8 349.48108 1090.0563 0.019607844 -159
9 261.5773 1080.0801 0.019607844 -175
10 236.52986 1076.8348 0.019607844 -208
11 215.92409 1074.9967 0.021568628 -225
12 194.58131 1075.4398 0.021568628 -241
13 188.1919 1076.3174 0.021568628 -274
14 177.14287 1082.6936 0.019607844 -291
15 170.99872 1095.037 0.019607844 -324
16 163.50246 1117.7927 0.019607844 -340
17 158.2753 1146.4863 0.019607844 -357
18 152.49886 1184.7825 0.019607844 -373
19 146.79375 1242.9153 0.019607844 -390
20 141.18005 1320.0969 0.019607844 -407
21 137.46124 1359.9949 0.019607844 -440
22 135.26535 1392.0255 0.019607844 -456
23 133.34015 1419.2339 0.019607844 -473
24 131.8779 1440.7662 0.019607844 -489
25 130.51909 1458.4808 0.019607844 -506
26 129.87975 1472.1133 0.019607844 -522
27 129.87975 1482.4769 0.019607844 -539
28 129.87975 1489.0266 0.01764706 -555
29 129.87975 1489.0266 0.01764706 -572
0 970.10175 880.5414 0.019607844 0
1 965.2033 880.5414 0.01764706 0
2 951.6105 879.7075 0.01764706 -22
3 929.1397 877.8285 0.019607844 -39
4 899.7591 877.5429 0.019607844 -55
5 868.9561 877.5429 0.019607844 -72
6 790.84717 880.5414 0.019607844 -89
7 724.43256 880.5414 0.01764706 -122
8 672.3014 880.5414 0.01764706 -138
9 632.4845 877.73663 0.019607844 -155
10 598.1954 876.9026 0.019607844 -171
11 553.4783 874.5445 0.019607844 -188
12 529.3425 874.5445 0.019607844 -221
13 517.0213 874.5445 0.019607844 -254
14 506.6176 879.15094 0.019607844 -286
15 499.6465 889.87274 0.019607844 -320
16 493.08536 905.9024 0.019607844 -336
17 483.47238 946.88666 0.019607844 -353
18 474.94525 986.71515 0.019607844 -369
19 468.34518 1022.7678 0.019607844 -386
20 461.51337 1064.1744 0.019607844 -403
21 455.24805 1104.8246 0.019607844 -419
22 449.17685 1145.254 0.019607844 -436
23 444.51584 1185.2482 0.019607844 -452
24 440.911 1217.1523 0.019607844 -469
25 437.20773 1252.4158 0.019607844 -485
26 433.38498 1276.6174 0.019607844 -502
27 431.55893 1291.6176 0.019607844 -518
28 430.60217 1301.3186 0.019607844 -535
29 430.6013 1307.2468 0.019607844 -551
30 430.6013 1309.318 0.01764706 -568
31 430.6013 1311.317 0.01764706 -576
0 920.148 915.52313 0.019607844 0
1 916.3664 913.6316 0.019607844 0
2 905.62195 911.7077 0.019607844 -30
3 886.2688 910.52576 0.019607844 -47
4 856.4935 908.9101 0.019607844 -63
5 818.1079 906.47266 0.019607844 -80
6 775.16797 902.7373 0.01764706 -97
7 727.88135 896.342 0.019607844 -113
8 680.185 889.91425 0.019607844 -130
9 621.6479 881.2778 0.019607844 -146
10 587.86334 876.7193 0.019607844 -163
11 564.8028 874.8215 0.019607844 -179
12 546.22894 872.96027 0.019607844 -196
13 523.3444 872.54553 0.019607844 -212
14 517.1056 873.6835 0.019607844 -245
15 510.379 878.6908 0.019607844 -262
16 502.8002 891.00446 0.019607844 -278
17 490.56284 948.7256 0.019607844 -295
18 485.39322 987.63763 0.019607844 -328
19 481.6491 1028.4186 0.019607844 -344
20 476.5902 1069.5453 0.019607844 -361
21 470.7913 1118.1151 0.019607844 -378
22 461.56744 1219.4218 0.019607844 -394
23 455.96747 1297.4276 0.019607844 -427
24 454.5791 1347.2207 0.019607844 -460
25 454.5791 1362.0038 0.019607844 -493
26 454.5791 1376.6306 0.019607844 -510
27 454.5791 1385.7559 0.01764706 -526
28 454.5791 1388.2769 0.01764706 -543
29 454.5791 1388.2769 0.01764706 -555
0 643.40424 1146.4028 0.023529414 0
1 643.40424 1146.4028 0.021568628 0
2 640.8589 1144.6299 0.019607844 -27
3 634.7972 1143.4044 0.019607844 -47
4 603.48193 1143.4044 0.019607844 -63
5 538.3753 1146.5146 0.019607844 -97
6 429.639 1145.4883 0.019607844 -130
7 346.27554 1139.0664 0.019607844 -163
8 281.37976 1132.9858 0.019607844 -196
9 238.79533 1133.4097 0.019607844 -229
10 224.53284 1135.4518 0.019607844 -262
11 216.24887 1138.1826 0.019607844 -278
12 208.83556 1141.8909 0.019607844 -295
13 202.30582 1147.2826 0.019607844 -311
14 194.4183 1160.199 0.019607844 -328
15 183.57253 1184.6505 0.019607844 -344
16 174.65102 1221.8752 0.019607844 -361
17 168.27869 1269.8625 0.019607844 -377
18 161.70958 1331.5259 0.019607844 -394
19 156.04858 1419.0132 0.019607844 -411
20 156.47162 1485.857 0.019607844 -444
21 156.85477 1511.7056 0.019607844 -477
22 157.85384 1531.2188 0.01764706 -493
23 157.85384 1545.1875 0.01764706 -510
24 157.85384 1560.0371 0.01764706 -526
25 157.85384 1564.726 0.01764706 -559
26 156.85477 1565.1848 0.019607844 -576
27 156.85477 1565.1848 0.019607844 -582
0 915.15265 725.6221 0.019607844 0
1 915.15265 725.6221 0.01764706 0
2 913.25006 724.67035 0.01764706 -23
3 901.7486 723.7814 0.01764706 -40
4 881.5422 721.09607 0.01764706 -56
5 852.1951 719.2902 0.01764706 -73
6 819.09357 716.0403 0.01764706 -89
7 742.17523 699.3514 0.01764706 -106
8 661.7376 679.03986 0.01764706 -139
9 577.03894 660.04956 0.01764706 -172
10 566.91296 658.0167 0.01764706 -221
11 561.0659 656.65796 0.01764706 -238
12 556.86365 656.65796 0.01764706 -254
13 553.0731 657.86475 0.01764706 -271
14 547.0748 669.69763 0.01764706 -287
15 540.6059 703.9236 0.01764706 -304
16 536.7867 744.6335 0.01764706 -320
17 532.56476 797.6506 0.01764706 -337
18 523.3957 850.5315 0.01764706 -354
19 517.60223 893.88257 0.01764706 -370
20 511.39493 940.9397 0.01764706 -387
21 503.1436 1009.622 0.01764706 -403
22 498.4755 1061.9504 0.01764706 -436
23 497.5393 1074.4929 0.01764706 -469
24 497.5393 1079.4377 0.01764706 -486
25 497.5393 1083.4357 0.01764706 -494
0 626.42 1124.4143 0.019607844 0
1 615.89856 1120.5503 0.019607844 0
2 592.05035 1116.6467 0.019607844 -30
3 557.7682 1113.6342 0.019607844 -46
4 518.7741 1111.7336 0.019607844 -63
5 479.73392 1111.4211 0.019607844 -79
6 440.6568 1110.9482 0.019607844 -96
7 370.1716 1109.1583 0.019607844 -112
8 339.49814 1108.4227 0.019607844 -145
9 318.6871 1107.4214 0.019607844 -162
10 305.94165 1107.4232 0.019607844 -178
11 297.15717 1107.4232 0.019607844 -195
12 291.20267 1107.4232 0.019607844 -211
13 287.06036 1107.4232 0.019607844 -228
14 278.3462 1123.735 0.019607844 -244
15 269.07993 1198.4268 0.019607844 -277
16 264.51685 1245.0037 0.019607844 -311
17 259.9346 1291.9247 0.019607844 -327
18 254.23672 1339.5253 0.019607844 -344
19 248.5692 1383.4844 0.019607844 -360
20 241.96674 1424.1925 0.019607844 -377
21 239.55028 1461.3414 0.019607844 -393
22 237.77983 1526.0149 0.019607844 -410
23 237.77983 1557.1556 0.01764706 -443
24 237.77983 1568.4071 0.01764706 -476
25 237.77983 1574.4161 0.01764706 -492
26 237.77983 1577.8607 0.01764706 -509
27 237.77983 1579.1775 0.019607844 -525
28 237.19803 1579.1775 0.019607844 -542
29 236.78076 1579.1775 0.019607844 -558
30 235.78168 1579.1775 0.01764706 -562
