0 912.1554 725.6221 0.019607844 -7
1 912.1554 725.6221 0.019607844 -7
2 912.1554 725.6221 0.019607844 -50
3 911.4892 724.95557 0.019607844 -83
4 905.9066 722.7872 0.01764706 -116
5 885.5274 713.9199 0.019607844 -149
6 868.4908 711.3289 0.019607844 -182
7 845.92456 709.43945 0.01764706 -199
8 817.7076 705.573 0.019607844 -215
9 790.38385 701.91644 0.019607844 -232
10 768.0946 699.19696 0.01764706 -248
11 749.5498 695.4865 0.019607844 -265
12 730.86896 693.19354 0.01764706 -281
13 706.98083 689.72314 0.01764706 -298
14 669.7379 683.6439 0.01764706 -314
15 649.81696 681.69147 0.01764706 -347
16 634.962 680.6455 0.01764706 -364
17 625.36426 679.035 0.019607844 -380
18 612.65643 678.64655 0.01764706 -397
19 608.20776 678.64655 0.019607844 -430
20 603.76404 678.64655 0.019607844 -446
21 600.0842 678.64655 0.01764706 -463
22 596.4048 678.64655 0.01764706 -479
23 592.74554 678.64655 0.01764706 -496
24 589.18976 680.77783 0.01764706 -512
25 587.45605 681.64496 0.01764706 -529
26 584.45886 684.6434 0.01764706 -536
0 961.1101 677.64703 0.019607844 -5
1 961.1101 677.64703 0.019607844 -5
2 961.1101 677.64703 0.01764706 -28
3 961.1101 677.64703 0.01764706 -44
4 961.1101 677.64703 0.01764706 -61
5 959.8145 676.999 0.01764706 -77
6 959.11194 676.6476 0.01764706 -94
7 956.1147 675.6481 0.01764706 -97
8 940.1295 675.6481 0.01764706 -130
9 920.148 675.6481 0.01764706 -130
10 907.16003 675.6481 0.01764706 -148
11 879.1859 676.6476 0.01764706 -173
12 839.93604 678.9956 0.01764706 -173
13 808.4637 678.9124 0.01764706 -194
14 741.64764 680.62695 0.01764706 -210
15 687.95215 679.646 0.01764706 -243
16 660.20703 678.64655 0.01764706 -271
17 640.40704 678.64655 0.01764706 -287
18 625.4209 665.65326 0.021568628 -303
19 612.4329 667.6522 0.01764706 -328
20 606.4385 668.65173 0.01764706 -328
21 597.44684 669.6512 0.01764706 -354
22 589.0685 669.6512 0.01764706 -354
23 583.2768 669.6512 0.01764706 -370
24 579.1977 669.6512 0.01764706 -386
25 571.03235 671.8695 0.01764706 -403
26 568.47363 674.6486 0.01764706 -436
27 563.4783 679.646 0.01764706 -442
28 554.4866 699.63556 0.019607844 -466
29 550.4903 713.6283 0.01764706 -466
30 533.50604 844.5601 0.01764706 -525
31 530.5088 892.5351 0.01764706 -525
0 951.1193 679.646 0.019607844 -16
1 951.1193 679.646 0.019607844 -16
2 951.1193 679.646 0.019607844 -53
3 951.1193 679.646 0.01764706 -86
4 951.1193 679.646 0.01764706 -103
5 949.1212 678.64655 0.01764706 -109
6 941.1286 677.64703 0.01764706 -134
7 907.76697 677.64703 0.01764706 -134
8 883.6004 677.64703 0.01764706 -170
9 883.6004 677.64703 0.021568628 -186
10 839.22296 668.65173 0.01764706 -210
11 817.2433 653.65955 0.021568628 -210
12 758.29785 650.6611 0.021568628 -243
13 741.3136 656.65796 0.01764706 -243
14 723.33026 661.6554 0.01764706 -260
15 698.3534 649.6616 0.021568628 -260
16 654.3941 661.6554 0.01764706 -294
17 641.4061 664.6538 0.01764706 -294
18 629.41724 666.6528 0.01764706 -302
19 609.4357 668.65173 0.01764706 -327
20 580.1015 671.65015 0.01764706 -327
21 572.9082 671.65015 0.01764706 -369
22 559.48193 671.65015 0.01764706 -385
23 554.1298 678.36084 0.01764706 -434
24 549.05676 694.6601 0.01764706 -462
25 545.0931 706.8385 0.01764706 -479
26 541.4986 739.61475 0.01764706 -495
27 538.5014 751.6085 0.019607844 -515
28 533.50604 850.557 0.01764706 -558
29 531.5079 868.5476 0.019607844 -558
30 531.5079 892.5351 0.01764706 -565
31 533.50604 1005.4763 0.01764706 -606
32 532.50696 1062.4467 0.019607844 -606
33 531.5079 1086.4341 0.01764706 -623
34 531.5079 1130.4113 0.01764706 -647
35 529.5097 1150.4008 0.01764706 -647
36 529.5097 1187.3816 0.01764706 -672
37 529.5097 1233.5828 0.01764706 -672
38 529.5097 1256.0063 0.01764706 -693
39 529.5097 1271.7797 0.01764706 -710
40 529.5097 1276.3352 0.01764706 -726
41 528.5106 1284.331 0.01764706 -731
42 527.5116 1310.3175 0.01764706 -756
43 527.5116 1317.3138 0.01764706 -756
44 526.5125 1322.3113 0.019607844 -764
0 955.11566 681.64496 0.019607844 -8
1 955.11566 681.64496 0.019607844 -8
2 955.11566 681.64496 0.019607844 -32
3 955.11566 681.64496 0.01764706 -82
4 950.62427 679.8141 0.01764706 -99
5 950.12024 679.646 0.01764706 -116
6 946.12396 678.64655 0.01764706 -117
7 935.13416 678.64655 0.01764706 -142
8 882.0744 678.64655 0.01764706 -142
9 850.8149 680.8686 0.01764706 -182
10 819.98694 681.64496 0.01764706 -198
11 785.8458 681.1739 0.01764706 -215
12 748.80597 680.6455 0.01764706 -231
13 711.1533 679.32043 0.01764706 -248
14 679.7645 679.646 0.01764706 -264
15 653.395 678.64655 0.01764706 -281
16 634.4126 660.6559 0.021568628 -295
17 610.4348 665.65326 0.01764706 -321
18 599.66284 666.7396 0.01764706 -321
19 582.78357 668.61584 0.01764706 -330
20 575.46716 669.6512 0.01764706 -347
21 563.4783 657.6575 0.021568628 -356
22 554.4866 661.6554 0.01764706 -382
23 547.6987 665.05066 0.01764706 -382
24 538.79315 669.3594 0.01764706 -397
25 535.50415 672.64966 0.01764706 -429
26 533.50604 674.6486 0.01764706 -443
27 512.52545 772.5976 0.01764706 -512
28 511.52637 799.58356 0.01764706 -512
29 511.52637 820.5726 0.01764706 -528
30 509.52823 855.5544 0.01764706 -528
31 509.52823 880.5414 0.01764706 -545
32 507.53006 916.52264 0.01764706 -545
33 493.54303 1191.3795 0.01764706 -636
34 493.54303 1208.3706 0.01764706 -636
35 492.54395 1254.3467 0.01764706 -668
36 491.54486 1264.3414 0.01764706 -668
0 926.14246 724.62256 0.019607844 -19
1 926.14246 724.62256 0.019607844 -19
2 926.14246 724.62256 0.019607844 -35
3 926.14246 724.62256 0.019607844 -51
4 926.14246 724.62256 0.01764706 -68
5 926.14246 724.62256 0.01764706 -84
6 925.6932 724.1731 0.01764706 -101
7 916.1805 723.6231 0.01764706 -134
8 899.8352 724.1789 0.01764706 -167
9 879.6379 724.47614 0.01764706 -183
10 851.6136 720.13214 0.01764706 -200
11 777.538 713.21375 0.01764706 -216
12 690.81934 716.3333 0.01764706 -249
13 646.63794 718.7863 0.01764706 -282
14 617.9012 723.55035 0.01764706 -299
15 598.7569 726.4759 0.01764706 -315
16 584.1713 728.37604 0.01764706 -332
17 573.1073 728.6205 0.01764706 -348
18 565.6791 728.6205 0.01764706 -365
19 560.55774 728.6205 0.01764706 -381
20 552.85516 728.6205 0.01764706 -398
21 542.903 747.54205 0.01764706 -431
22 523.95953 821.7932 0.01764706 -464
23 506.33105 929.31665 0.01764706 -497
24 505.53192 933.5138 0.01764706 -530
25 503.53375 958.50073 0.01764706 -532
26 497.5393 1017.47003 0.01764706 -556
27 495.54117 1023.4669 0.021568628 -556
28 488.54764 1103.4253 0.01764706 -581
29 486.5495 1131.4106 0.01764706 -581
30 484.55133 1164.3936 0.01764706 -589
31 483.55228 1186.3821 0.01764706 -606
32 482.5532 1311.1256 0.01764706 -606
33 481.87903 1325.3584 0.01764706 -662
34 481.5541 1336.6317 0.01764706 -679
35 481.5541 1344.3502 0.01764706 -695
36 481.5541 1348.2977 0.01764706 -712
37 481.5541 1348.2977 0.01764706 -723
0 965.1064 633.6699 0.019607844 -17
1 965.1064 649.2516 0.019607844 -17
2 965.1064 649.2516 0.01764706 -34
3 965.1064 659.65643 0.01764706 -58
4 956.9332 663.7447 0.01764706 -58
5 943.9031 668.74725 0.01764706 -83
6 920.6802 674.7487 0.01764706 -100
7 887.82904 678.6853 0.01764706 -116
8 806.0208 679.646 0.01764706 -133
9 759.90985 680.6455 0.01764706 -166
10 717.5203 679.646 0.01764706 -182
11 678.4486 679.646 0.01764706 -199
12 645.5072 680.6455 0.01764706 -215
13 587.48413 685.03754 0.01764706 -232
14 571.2614 689.04425 0.01764706 -281
15 557.1655 708.26825 0.01764706 -314
16 549.656 741.2067 0.01764706 -347
17 549.656 741.2067 0.01764706 -364
18 542.4977 807.57935 0.01764706 -387
19 532.2554 922.541 0.01764706 -387
20 522.90436 1086.6987 0.01764706 -413
21 520.51807 1123.4149 0.01764706 -446
22 517.5208 1163.394 0.01764706 -454
23 514.5236 1196.3768 0.01764706 -471
24 506.531 1294.3258 0.01764706 -471
25 504.53284 1322.3113 0.01764706 -495
0 952.1184 592.6913 0.019607844 -8
1 961.0842 609.6307 0.01764706 -8
2 959.0636 615.77606 0.01764706 -34
3 955.1873 619.6056 0.01764706 -51
4 935.76654 631.2424 0.01764706 -67
5 877.3594 645.9207 0.01764706 -100
6 833.20514 655.3298 0.01764706 -134
7 781.2766 659.65643 0.01764706 -150
8 759.29694 663.65436 0.01764706 -170
9 720.333 666.6528 0.01764706 -196
10 676.3254 670.1244 0.01764706 -196
11 647.2467 670.95374 0.01764706 -216
12 621.4246 672.64966 0.01764706 -233
13 615.4302 672.64966 0.01764706 -256
14 602.4422 673.6491 0.01764706 -291
15 591.5498 679.581 0.01764706 -291
16 591.4524 679.646 0.01764706 -316
17 586.457 689.6408 0.01764706 -316
18 572.4699 723.6231 0.01764706 -350
19 554.4866 818.57367 0.01764706 -350
20 548.4921 856.55383 0.01764706 -376
21 538.5014 935.51276 0.01764706 -401
22 527.7602 1002.9123 0.01764706 -401
23 507.53006 1126.4133 0.01764706 -416
24 501.5356 1162.3945 0.01764706 -443
25 493.54303 1221.3639 0.01764706 -469
26 491.54486 1238.355 0.01764706 -469
27 485.5504 1290.3279 0.01764706 -501
28 483.55228 1303.3212 0.01764706 -501
0 1011.06384 630.6715 0.01764706 0
1 1011.06384 630.6715 0.01764706 0
2 1011.06384 630.6715 0.01764706 -23
3 1008.3172 629.7556 0.01764706 -42
4 999.8756 629.67206 0.01764706 -58
5 984.66724 631.20233 0.01764706 -75
6 954.75134 633.6699 0.01764706 -91
7 859.2044 641.6658 0.01764706 -108
8 845.2174 649.6616 0.01764706 -140
9 819.24146 655.6585 0.01764706 -146
10 771.2858 663.65436 0.01764706 -170
11 749.3062 666.6528 0.01764706 -170
12 726.32745 668.65173 0.01764706 -178
13 707.34503 670.6507 0.01764706 -195
14 688.3626 671.65015 0.01764706 -195
15 669.3802 672.64966 0.01764706 -204
16 654.3941 673.6491 0.01764706 -221
17 634.4126 655.6585 0.021568628 -221
18 595.44867 666.6528 0.01764706 -255
19 555.48566 696.63715 0.01764706 -255
20 551.4894 694.6382 0.021568628 -315
21 539.5005 738.6153 0.01764706 -341
22 531.98254 793.51904 0.01764706 -341
23 531.5079 798.58405 0.01764706 -356
24 528.5106 831.5669 0.01764706 -357
25 525.5134 866.54865 0.01764706 -374
26 517.5208 944.50806 0.01764706 -374
27 513.52454 981.4888 0.01764706 -391
28 505.53192 1061.4471 0.01764706 -416
29 501.5356 1099.4274 0.01764706 -416
30 498.5384 1125.4138 0.01764706 -424
31 494.54208 1161.395 0.01764706 -441
32 492.54395 1182.3842 0.01764706 -441
33 488.54764 1231.3586 0.01764706 -466
34 487.54858 1248.3497 0.01764706 -466
35 486.5495 1290.3279 0.01764706 -490
36 486.5495 1304.3207 0.01764706 -490
37 486.5495 1336.304 0.01764706 -523
38 486.5495 1356.2936 0.01764706 -523
0 952.1184 439.77094 0.015686275 0
1 947.32465 439.77094 0.015686275 0
2 939.6191 439.77094 0.013725491 -24
3 930.8572 440.82657 0.013725491 -41
4 915.65454 451.07608 0.015686275 -57
5 890.8069 448.7356 0.013725491 -74
6 852.87476 446.7673 0.013725491 -90
7 809.99097 455.40842 0.013725491 -107
8 760.10956 462.034 0.013725491 -123
9 670.94604 480.15417 0.015686275 -140
10 614.4311 486.74646 0.015686275 -173
11 596.44775 486.74646 0.01764706 -199
12 552.48846 489.7449 0.015686275 -241
13 541.0814 491.48026 0.015686275 -241
14 525.1201 492.74335 0.015686275 -256
15 520.5953 492.74335 0.013725491 -289
16 517.12994 493.93832 0.013725491 -305
17 517.12994 493.93832 0.013725491 -320
18 507.53006 624.6746 0.015686275 -352
19 508.52914 624.6746 0.013725491 -352
20 508.52914 624.6746 0.013725491 -361
21 527.5116 687.64185 0.013725491 -386
22 527.5116 687.64185 0.013725491 -386
23 528.5106 750.609 0.013725491 -403
24 520.4207 793.12274 0.015686275 -403
25 510.52728 864.5497 0.013725491 -420
26 510.52728 864.5497 0.013725491 -437
27 501.5356 1000.4789 0.013725491 -462
28 501.5356 1000.4789 0.013725491 -462
29 495.54117 1067.444 0.013725491 -478
30 495.54117 1067.444 0.013725491 -478
31 496.54025 1127.4127 0.013725491 -511
32 496.54025 1127.4127 0.013725491 -511
0 918.14984 646.6632 0.019607844 -10
1 920.148 645.6637 0.01764706 -10
2 919.1867 645.6637 0.01764706 -35
3 915.39984 648.41486 0.01764706 -51
4 911.0337 651.0761 0.01764706 -84
5 900.2814 655.05457 0.01764706 -101
6 880.6239 660.27625 0.01764706 -117
7 846.48065 665.78326 0.01764706 -134
8 806.0074 669.14044 0.01764706 -150
9 762.45984 672.0775 0.01764706 -167
10 719.7157 673.9952 0.01764706 -183
11 707.34503 674.6486 0.01764706 -200
12 688.3626 674.6486 0.01764706 -206
13 654.3941 674.6486 0.01764706 -230
14 635.4117 656.65796 0.021568628 -230
15 611.43384 664.6538 0.01764706 -257
16 582.3046 671.43933 0.01764706 -257
17 571.4855 677.63245 0.01764706 -299
18 564.4155 693.4498 0.01764706 -332
19 558.62024 707.59814 0.01764706 -348
20 551.8591 742.7628 0.01764706 -365
21 545.9322 783.2152 0.01764706 -381
22 541.4986 825.57 0.01764706 -398
23 539.5005 827.569 0.021568628 -410
24 536.50323 823.57104 0.013725491 -436
25 530.30457 842.4653 0.015686275 -436
26 521.78973 943.10114 0.013725491 -448
27 512.19196 1011.1424 0.013725491 -481
28 508.92435 1070.1847 0.015686275 -497
29 507.53006 1109.4221 0.015686275 -514
30 507.53006 1109.4221 0.015686275 -527
31 499.53748 1188.381 0.013725491 -553
32 499.53748 1188.381 0.013725491 -553
33 499.53748 1188.381 0.013725491 -578
0 949.1212 695.6377 0.019607844 0
1 949.1212 695.6377 0.01764706 -4
2 947.07324 694.6133 0.01764706 -20
3 942.1354 692.6418 0.01764706 -56
4 933.14856 692.6392 0.01764706 -72
5 916.3648 692.6392 0.01764706 -89
6 847.4546 692.6392 0.01764706 -106
7 740.447 683.93896 0.01764706 -139
8 690.3035 680.8031 0.01764706 -172
9 648.85046 679.646 0.01764706 -188
10 615.8 679.646 0.01764706 -205
11 591.294 681.26105 0.01764706 -221
12 575.7117 681.64496 0.01764706 -238
13 565.215 681.64496 0.01764706 -254
14 559.4048 681.64496 0.01764706 -271
15 555.0462 681.64496 0.01764706 -287
16 552.28516 682.6444 0.01764706 -304
17 547.0556 692.8067 0.01764706 -320
18 543.3812 702.92303 0.01764706 -337
19 539.4709 716.8341 0.01764706 -353
20 528.1307 789.94135 0.01764706 -370
21 522.9857 829.96436 0.01764706 -403
22 516.391 901.1007 0.01764706 -419
23 508.58493 1034.7908 0.01764706 -436
24 505.1971 1113.4442 0.01764706 -469
25 500.2958 1175.0386 0.01764706 -485
26 497.5393 1221.3639 0.01764706 -502
27 496.54025 1239.3545 0.01764706 -513
28 492.54395 1287.3295 0.01764706 -538
29 491.54486 1302.3217 0.01764706 -538
30 490.5458 1312.3165 0.01764706 -546
31 488.54764 1329.3076 0.01764706 -572
32 486.927 1338.4136 0.01764706 -572
33 485.5504 1351.2961 0.01764706 -585
34 485.5504 1351.2961 0.01764706 -613
0 918.14984 734.6174 0.01764706 0
1 917.0696 731.3751 0.01764706 -5
2 915.03845 731.61896 0.01764706 -23
3 913.0993 731.61896 0.01764706 -40
4 911.12744 731.61896 0.01764706 -57
5 906.15094 731.61896 0.01764706 -73
6 896.2255 727.6579 0.01764706 -90
7 880.53687 724.58344 0.01764706 -106
8 855.30096 726.5435 0.01764706 -123
9 784.5839 715.70483 0.01764706 -139
10 744.48785 716.4623 0.01764706 -172
11 706.0472 722.634 0.01764706 -189
12 670.4804 727.0212 0.01764706 -205
13 641.459 729.2592 0.01764706 -222
14 582.8315 730.61945 0.01764706 -238
15 566.6134 730.61945 0.01764706 -288
16 558.35394 730.61945 0.01764706 -321
17 557.4838 730.61945 0.01764706 -354
18 555.48566 730.61945 0.01764706 -361
19 550.4903 734.6174 0.01764706 -395
20 540.9655 768.5784 0.01764706 -395
21 533.9079 814.8941 0.01764706 -420
22 526.299 873.63055 0.01764706 -436
23 517.7398 937.68396 0.01764706 -453
24 507.98047 1003.19226 0.01764706 -469
25 506.531 1012.47266 0.01764706 -486
26 501.5356 1044.4559 0.01764706 -488
27 492.54395 1107.4232 0.01764706 -513
28 489.54672 1132.4102 0.01764706 -513
29 479.55597 1229.3596 0.01764706 -554
30 477.55783 1244.3519 0.01764706 -554
31 472.56244 1297.3242 0.01764706 -596
32 471.56335 1308.3186 0.01764706 -596
33 470.5643 1316.3143 0.01764706 -604
0 962.1092 688.6413 0.019607844 0
1 962.1092 688.6413 0.01764706 0
2 962.1092 688.6413 0.01764706 -32
3 959.93054 688.6413 0.01764706 -48
4 953.0565 688.6413 0.01764706 -65
5 953.0565 688.6413 0.01764706 -81
6 932.1369 686.64233 0.01764706 -106
7 890.37054 686.8419 0.01764706 -106
8 850.3011 688.5369 0.01764706 -131
9 811.4967 687.64185 0.01764706 -147
10 772.2515 688.6413 0.01764706 -164
11 732.2434 689.39484 0.01764706 -180
12 666.6334 689.6408 0.01764706 -197
13 639.8992 689.6408 0.01764706 -230
14 604.7743 690.64026 0.01764706 -246
15 590.0083 690.64026 0.01764706 -278
16 579.96686 690.64026 0.01764706 -294
17 571.55457 692.86816 0.01764706 -311
18 563.749 699.5469 0.01764706 -327
19 557.19324 708.01904 0.01764706 -344
20 551.3478 715.8634 0.01764706 -361
21 541.58954 742.3252 0.01764706 -377
22 530.83215 791.8075 0.01764706 -394
23 522.9499 851.75775 0.01764706 -410
24 517.5208 882.54034 0.01764706 -427
25 512.52545 918.5216 0.01764706 -436
26 502.5347 984.48724 0.01764706 -462
27 497.5393 1033.4617 0.01764706 -462
28 494.54208 1057.4492 0.01764706 -478
29 490.5458 1096.429 0.01764706 -478
30 487.54858 1116.4185 0.01764706 -495
31 484.55133 1136.4081 0.01764706 -495
32 481.5541 1166.3925 0.01764706 -511
33 479.55597 1183.3837 0.01764706 -511
34 476.55875 1203.3732 0.01764706 -520
35 473.56152 1230.3591 0.01764706 -536
36 471.56335 1244.3519 0.01764706 -536
37 468.56613 1258.3446 0.01764706 -544
38 464.56985 1293.3264 0.01764706 -569
39 460.57355 1314.3154 0.01764706 -569
40 459.57446 1320.3123 0.01764706 -586
0 965.1064 693.63873 0.019607844 0
1 965.1064 693.63873 0.01764706 -4
2 965.1064 693.63873 0.01764706 -29
3 960.55597 692.6392 0.01764706 -46
4 951.5534 690.8792 0.01764706 -62
5 908.571 690.64026 0.01764706 -79
6 832.72894 690.1405 0.01764706 -112
7 786.30493 692.6392 0.01764706 -144
8 741.0015 692.6392 0.01764706 -161
9 695.86725 693.63873 0.01764706 -178
10 653.84033 692.27966 0.01764706 -194
11 595.3538 692.6392 0.01764706 -211
12 563.5494 694.7929 0.01764706 -244
13 555.04584 696.74713 0.01764706 -277
14 547.36505 704.76105 0.01764706 -293
15 544.49585 707.6314 0.01764706 -310
16 541.4986 710.6299 0.01764706 -318
17 531.5079 725.6221 0.01764706 -360
18 527.5116 742.6132 0.01764706 -360
19 523.51526 753.6075 0.01764706 -369
20 514.5236 794.5861 0.01764706 -394
21 510.52728 813.57623 0.01764706 -394
22 504.53284 851.55646 0.01764706 -402
23 500.53653 872.54553 0.01764706 -419
24 494.54208 912.5247 0.01764706 -419
25 490.5458 939.5106 0.01764706 -436
26 485.5504 979.4898 0.01764706 -436
27 476.55875 1049.4534 0.01764706 -460
28 471.56335 1096.429 0.01764706 -460
29 466.568 1124.4143 0.01764706 -477
30 460.57355 1162.3945 0.01764706 -477
31 456.57724 1186.3821 0.01764706 -493
32 437.59482 1311.317 0.01764706 -493
33 436.59573 1317.3138 0.01764706 -551
0 961.1101 652.66003 0.01764706 -9
1 961.1101 655.5992 0.01764706 -9
2 961.1101 657.56067 0.01764706 -33
3 961.1101 658.1572 0.01764706 -50
4 959.5102 657.6575 0.01764706 -55
5 952.9386 659.4513 0.01764706 -83
6 937.3729 662.2069 0.01764706 -99
7 935.13416 662.65485 0.01764706 -116
8 921.1471 664.6538 0.01764706 -118
9 882.18317 667.6522 0.01764706 -143
10 858.2054 668.65173 0.01764706 -143
11 834.2276 669.6512 0.01764706 -151
12 807.25256 670.6507 0.01764706 -169
13 782.2757 670.6507 0.01764706 -169
14 757.2988 671.65015 0.01764706 -186
15 691.35986 672.64966 0.01764706 -186
16 670.3793 672.64966 0.01764706 -212
17 638.4089 672.64966 0.01764706 -237
18 624.4218 673.6491 0.01764706 -237
19 612.4329 673.6491 0.01764706 -246
20 590.4533 673.6491 0.01764706 -272
21 556.2569 677.2613 0.01764706 -272
22 551.3171 684.5315 0.01764706 -347
23 549.4912 688.6413 0.01764706 -363
24 545.49493 696.63715 0.01764706 -367
25 533.50604 721.62415 0.01764706 -401
26 528.5106 741.6137 0.01764706 -401
27 522.5162 762.6028 0.01764706 -410
28 516.5217 795.58563 0.01764706 -427
29 511.52637 824.5705 0.01764706 -427
30 505.53192 860.55176 0.01764706 -444
31 501.5356 910.52576 0.01764706 -444
32 492.54395 982.4883 0.01764706 -468
33 488.54764 1033.4617 0.01764706 -468
34 483.55228 1093.4304 0.01764706 -486
35 480.55505 1118.4175 0.01764706 -486
36 477.55783 1144.4039 0.01764706 -494
37 474.5606 1171.3899 0.01764706 -511
38 471.56335 1190.38 0.01764706 -511
39 468.56613 1209.3701 0.01764706 -527
40 466.568 1233.3575 0.01764706 -527
41 464.56985 1246.3508 0.01764706 -536
42 460.57355 1275.3357 0.01764706 -569
43 456.57724 1316.3143 0.01764706 -569
44 455.5782 1320.3123 0.01764706 -611
0 925.1434 677.64703 0.01764706 -7
1 925.1434 677.64703 0.01764706 -7
2 925.1434 677.64703 0.01764706 -23
3 925.1434 677.64703 0.01764706 -23
4 920.6753 676.6476 0.01764706 -40
5 917.1508 676.6476 0.01764706 -73
6 911.1564 676.6476 0.01764706 -83
7 749.3062 675.6481 0.01764706 -154
8 724.32935 675.6481 0.01764706 -154
9 703.34875 675.6481 0.01764706 -171
10 681.3691 675.6481 0.01764706 -171
11 661.38763 676.6476 0.01764706 -179
12 645.4024 676.6476 0.01764706 -195
13 588.5902 680.6262 0.01764706 -195
14 577.9589 682.54565 0.01764706 -238
15 570.9804 683.4743 0.01764706 -254
16 562.179 687.29224 0.01764706 -271
17 557.33215 697.51624 0.01764706 -304
18 552.98785 708.1314 0.01764706 -320
19 547.49304 734.6174 0.01764706 -337
20 546.494 733.61786 0.023529414 -349
21 538.5014 797.5846 0.01764706 -374
22 534.11725 844.21893 0.01764706 -374
23 519.27014 989.3512 0.01764706 -387
24 516.5217 1008.47473 0.01764706 -419
25 511.52637 1042.457 0.01764706 -425
26 487.54858 1231.3586 0.01764706 -492
27 485.5504 1247.3503 0.01764706 -492
28 480.55505 1289.3285 0.01764706 -516
29 478.5569 1303.3212 0.01764706 -516
30 477.55783 1312.3165 0.01764706 -524
0 954.1166 439.77094 0.01764706 0
1 950.1038 447.79962 0.01764706 0
2 945.27 452.66736 0.015686275 -20
3 938.48926 456.58307 0.01764706 -37
4 929.66455 457.55154 0.013725491 -53
5 883.6962 463.19998 0.013725491 -70
6 790.2094 479.221 0.015686275 -103
7 759.29694 483.74805 0.015686275 -136
8 759.29694 483.74805 0.015686275 -145
9 656.3922 489.7449 0.015686275 -170
10 614.80457 492.4311 0.015686275 -170
11 587.2872 492.74335 0.01764706 -202
12 570.88403 492.74335 0.01764706 -218
13 554.85077 492.74335 0.015686275 -235
14 546.77094 492.74335 0.015686275 -268
15 542.15314 496.9619 0.013725491 -301
16 539.5005 501.73868 0.015686275 -318
17 539.5005 501.73868 0.015686275 -322
18 527.5116 564.7059 0.013725491 -356
19 527.5116 564.7059 0.013725491 -356
20 500.53653 631.67096 0.013725491 -382
21 500.53653 631.67096 0.013725491 -382
22 498.5384 691.6398 0.013725491 -407
23 496.54025 704.633 0.013725491 -407
24 496.54025 704.633 0.013725491 -416
25 486.5495 818.57367 0.013725491 -432
26 486.5495 818.57367 0.013725491 -432
27 479.55597 920.52057 0.01764706 -449
28 479.55597 920.52057 0.01764706 -449
29 474.5606 984.48724 0.01764706 -466
30 469.57462 1148.477 0.013725491 -466
31 469.57462 1148.477 0.013725491 -549
0 932.1369 652.66003 0.01764706 -4
1 928.04846 652.7061 0.01764706 -4
2 923.01526 654.70233 0.01764706 -31
3 914.0273 657.708 0.01764706 -47
4 906.16095 659.65643 0.01764706 -64
5 895.17114 661.6554 0.01764706 -72
6 539.5005 674.6486 0.01764706 -295
7 536.50323 677.64703 0.01764706 -295
8 531.5079 688.6413 0.01764706 -302
9 514.5236 740.61426 0.01764706 -335
10 509.52823 768.5997 0.01764706 -335
11 504.53284 806.5799 0.01764706 -351
12 499.53748 850.557 0.01764706 -351
13 495.54117 882.54034 0.01764706 -368
14 491.54486 919.52106 0.01764706 -368
15 487.54858 957.5013 0.01764706 -385
16 484.55133 995.4815 0.01764706 -385
17 480.55505 1039.4586 0.01764706 -393
18 476.55875 1071.4419 0.01764706 -410
19 452.58093 1231.3586 0.01764706 -410
20 449.5837 1247.3503 0.01764706 -459
21 445.58743 1276.3352 0.01764706 -484
22 442.5902 1308.3186 0.01764706 -484
23 441.59113 1318.3134 0.01764706 -501
24 441.59113 1327.3087 0.01764706 -517
25 441.59113 1344.2998 0.01764706 -517
26 441.59113 1348.2977 0.01764706 -541
0 965.1064 638.66736 0.019607844 -5
1 965.1064 638.66736 0.01764706 -5
2 962.1103 640.6674 0.01764706 -23
3 955.32904 640.6663 0.01764706 -39
4 943.7285 640.6663 0.01764706 -56
5 920.483 644.7596 0.01764706 -72
6 880.65356 650.90955 0.01764706 -89
7 826.26776 655.65027 0.01764706 -105
8 769.5897 664.9223 0.01764706 -122
9 716.4681 670.16046 0.01764706 -138
10 710.3423 670.6507 0.01764706 -155
11 687.3635 671.65015 0.01764706 -157
12 645.4024 674.6486 0.01764706 -183
13 579.3149 679.1144 0.01764706 -183
14 565.427 681.08093 0.01764706 -221
15 556.5126 682.83875 0.01764706 -237
16 548.74 686.0187 0.01764706 -254
17 541.11365 695.17737 0.01764706 -270
18 541.11365 695.17737 0.01764706 -287
19 522.5162 737.6158 0.01764706 -328
20 518.5199 751.6085 0.01764706 -328
21 509.52823 799.58356 0.01764706 -354
22 505.53192 823.57104 0.01764706 -354
23 500.53653 856.55383 0.01764706 -371
24 496.54025 883.5398 0.01764706 -371
25 492.54395 918.5216 0.01764706 -387
26 489.54672 948.506 0.01764706 -387
27 486.5495 984.48724 0.01764706 -404
28 484.55133 1016.4706 0.01764706 -404
29 482.5532 1048.4539 0.01764706 -421
30 479.55597 1080.4373 0.01764706 -421
31 477.55783 1110.4216 0.01764706 -438
32 474.5606 1137.4076 0.01764706 -438
33 472.56244 1168.3915 0.01764706 -454
34 469.56522 1195.3773 0.01764706 -454
35 467.56708 1228.3602 0.01764706 -471
36 465.5689 1248.3497 0.01764706 -471
37 464.56985 1269.3389 0.01764706 -479
38 464.56985 1294.3258 0.01764706 -496
39 463.57077 1310.3175 0.01764706 -496
40 462.5717 1324.3102 0.01764706 -504
41 461.57263 1338.303 0.01764706 -521
42 461.57263 1370.2863 0.01764706 -521
43 461.57263 1378.2821 0.01764706 -537
0 921.1471 640.6663 0.01764706 0
1 919.29675 640.6663 0.01764706 0
2 913.1727 645.64545 0.01764706 -34
3 903.46045 650.51263 0.01764706 -50
4 903.16376 650.6611 0.015686275 -67
5 894.17206 650.6611 0.01764706 -67
6 579.46344 674.6486 0.01764706 -214
7 566.5444 676.8337 0.01764706 -214
8 560.1651 679.8567 0.01764706 -232
9 555.3369 683.7927 0.01764706 -248
10 548.51245 698.59546 0.01764706 -265
11 544.5989 711.217 0.01764706 -281
12 539.689 748.28906 0.01764706 -298
13 535.7626 795.7056 0.01764706 -314
14 521.3869 934.7732 0.01764706 -331
15 520.51807 941.5096 0.01764706 -364
16 515.52264 979.4898 0.01764706 -366
17 495.54117 1166.3925 0.01764706 -416
18 492.54395 1196.3768 0.01764706 -416
19 490.5458 1230.3591 0.01764706 -432
20 489.54672 1257.3451 0.01764706 -432
21 488.54764 1289.3285 0.01764706 -448
22 487.54858 1306.3196 0.01764706 -448
23 485.5504 1333.3055 0.01764706 -472
24 485.5504 1354.2946 0.01764706 -472
0 910.1573 432.7746 0.01764706 -6
1 922.2407 442.76938 0.01764706 -6
2 936.0137 453.52438 0.01764706 -15
3 937.13226 458.80466 0.01764706 -48
4 936.1296 463.76947 0.015686275 -65
5 918.77167 472.1457 0.01764706 -81
6 917.1508 472.75375 0.015686275 -114
7 917.1508 472.75375 0.015686275 -116
8 837.2248 484.74753 0.01764706 -140
9 835.2266 484.74753 0.015686275 -140
10 835.2266 484.74753 0.015686275 -149
11 776.28125 482.74857 0.015686275 -166
12 774.2831 482.74857 0.015686275 -166
13 774.2831 482.74857 0.015686275 -174
14 716.33673 485.747 0.01764706 -191
15 714.33856 485.747 0.015686275 -191
16 714.33856 485.747 0.015686275 -200
17 657.3913 483.74805 0.01764706 -217
18 653.395 483.74805 0.015686275 -217
19 653.395 483.74805 0.015686275 -235
20 595.44867 486.74646 0.015686275 -268
21 588.45514 487.74594 0.015686275 -268
22 588.45514 487.74594 0.015686275 -295
23 545.49493 508.73502 0.013725491 -347
24 533.2192 617.7289 0.015686275 -347
25 524.9217 688.32806 0.015686275 -427
26 517.5208 750.609 0.015686275 -444
27 479.55597 764.60175 0.023529414 -461
28 417.6133 834.5653 0.023529414 -484
29 401.6281 842.56116 0.01764706 -484
30 403.62628 894.53406 0.023529414 -501
31 403.62628 921.52 0.023529414 -501
32 395.63367 963.49817 0.023529414 -525
33 396.63275 986.4862 0.023529414 -525
0 951.1193 438.77145 0.015686275 0
1 942.82056 438.77145 0.015686275 0
2 928.82623 439.34958 0.013725491 -28
3 918.4595 443.1193 0.013725491 -61
4 869.9603 453.65738 0.01764706 -77
5 834.4849 456.41928 0.013725491 -110
6 822.23865 459.76053 0.015686275 -127
7 822.23865 459.76053 0.015686275 -131
8 718.3349 479.75012 0.01764706 -157
9 716.33673 479.75012 0.015686275 -157
10 716.33673 479.75012 0.015686275 -165
11 656.3922 482.74857 0.015686275 -183
12 654.3941 482.74857 0.015686275 -183
13 654.3941 482.74857 0.015686275 -191
14 592.4514 478.75064 0.015686275 -208
15 587.45605 480.7496 0.015686275 -208
16 587.45605 480.7496 0.015686275 -225
17 537.5023 498.74023 0.01764706 -260
18 537.5023 506.73605 0.015686275 -260
19 537.5023 506.73605 0.015686275 -294
20 535.50415 564.7059 0.013725491 -319
21 535.50415 604.25543 0.01764706 -319
22 534.9862 671.6111 0.015686275 -341
23 530.7247 753.8068 0.015686275 -358
24 527.5116 807.57935 0.015686275 -374
25 527.5116 807.57935 0.015686275 -387
26 496.54025 972.49347 0.01764706 -403
27 496.54025 972.49347 0.01764706 -403
28 486.5495 1191.3795 0.013725491 -479
29 485.5504 1195.3773 0.01764706 -479
30 485.5504 1195.3773 0.01764706 -486
0 957.1138 633.6699 0.019607844 0
1 957.1138 633.6699 0.01764706 0
2 954.98413 633.6699 0.01764706 -17
3 948.2601 633.6699 0.01764706 -33
4 938.5622 633.6699 0.01764706 -50
5 922.26514 635.55707 0.01764706 -66
6 855.1233 639.4098 0.01764706 -83
7 778.27936 653.65955 0.01764706 -116
8 755.30066 658.6569 0.01764706 -143
9 713.3395 663.65436 0.01764706 -169
10 693.35803 666.6528 0.01764706 -169
11 675.37463 667.6522 0.01764706 -177
12 659.38947 668.65173 0.01764706 -195
13 623.4227 671.65015 0.01764706 -195
14 614.4311 672.64966 0.01764706 -221
15 596.44775 674.6486 0.01764706 -246
16 571.98517 684.30035 0.01764706 -246
17 555.0553 713.86194 0.01764706 -298
18 553.4875 717.6262 0.01764706 -331
19 547.49304 739.61475 0.01764706 -334
20 538.5014 795.58563 0.01764706 -359
21 534.50507 825.57 0.01764706 -359
22 531.5079 859.5523 0.01764706 -376
23 526.5125 910.52576 0.01764706 -376
24 512.52545 1045.4554 0.01764706 -418
25 509.52823 1075.4398 0.01764706 -418
26 501.5356 1166.3925 0.01764706 -451
27 500.53653 1187.3816 0.01764706 -451
28 494.54208 1290.3279 0.01764706 -501
29 493.54303 1303.3212 0.01764706 -501
30 492.54395 1312.3165 0.01764706 -509
0 777.2803 370.80685 0.019607844 0
1 777.2803 370.80685 0.019607844 0
2 777.2803 370.80685 0.01764706 -18
3 775.28217 370.80685 0.01764706 -74
4 783.2748 382.80063 0.023529414 -87
5 766.29047 379.8022 0.019607844 -112
6 628.36035 379.8022 0.01764706 -112
7 605.4394 379.8022 0.019607844 -174
8 600.44403 386.79852 0.023529414 -180
9 520.51807 380.80167 0.019607844 -205
10 453.58002 376.80374 0.019607844 -205
11 452.58093 384.79956 0.023529414 -231
12 416.61426 379.8022 0.019607844 -256
13 399.19727 380.73083 0.019607844 -256
14 381.55646 384.4965 0.019607844 -273
15 376.38596 386.4315 0.019607844 -306
16 366.6605 393.7949 0.019607844 -323
17 376.65125 414.78397 0.023529414 -352
18 365.66144 445.76782 0.01764706 -395
19 373.65402 477.75116 0.023529414 -395
20 370.6568 544.7163 0.023529414 -429
21 360.66605 552.7121 0.01764706 -429
22 368.65866 604.68506 0.023529414 -446
23 358.6679 612.6809 0.01764706 -446
24 367.65958 671.65015 0.023529414 -463
25 375.65216 717.6262 0.023529414 -463
26 376.65125 782.5924 0.023529414 -488
27 366.6605 790.5882 0.01764706 -488
28 377.65033 846.5591 0.023529414 -505
29 369.6577 852.55597 0.01764706 -505
30 379.64847 904.5289 0.023529414 -521
31 382.6457 931.51483 0.023529414 -521
32 382.6457 971.494 0.023529414 -546
33 386.642 991.4836 0.023529414 -546
34 372.65494 993.48254 0.01764706 -571
35 363.66327 997.48047 0.01764706 -571
36 376.65125 1030.4633 0.023529414 -588
0 948.12213 714.6278 0.01764706 -6
1 945.9462 715.44946 0.01764706 -6
2 943.9428 713.4452 0.01764706 -32
3 941.9711 711.4727 0.01764706 -49
4 935.50354 708.3159 0.01764706 -65
5 925.29254 705.4907 0.01764706 -82
6 907.01166 703.5291 0.01764706 -98
7 852.5763 702.63403 0.01764706 -115
8 815.0923 702.64166 0.01764706 -148
9 775.69653 702.63403 0.01764706 -164
10 733.07416 708.7902 0.01764706 -181
11 696.3273 717.88306 0.01764706 -197
12 661.2054 724.1456 0.01764706 -214
13 636.1018 728.0057 0.01764706 -230
14 620.42554 729.62 0.01764706 -247
15 610.4348 730.61945 0.01764706 -258
16 577.46533 731.61896 0.01764706 -309
17 569.67664 731.61896 0.01764706 -309
18 563.959 732.79126 0.01764706 -329
19 560.3997 735.6982 0.01764706 -346
20 546.1627 766.0971 0.01764706 -362
21 529.0954 867.6402 0.01764706 -395
22 521.93207 938.481 0.01764706 -428
23 520.51807 950.50494 0.01764706 -445
24 517.5208 989.4846 0.01764706 -448
25 511.52637 1070.4425 0.01764706 -473
26 508.52914 1106.4237 0.01764706 -473
27 504.53284 1171.3899 0.01764706 -498
28 502.5347 1201.3743 0.01764706 -498
29 500.53653 1231.3586 0.01764706 -514
30 497.03976 1312.3165 0.01764706 -514
31 494.54208 1365.2888 0.01764706 -543
32 494.54208 1375.2837 0.01764706 -564
33 492.54395 1398.2717 0.01764706 -589
34 491.54486 1436.9082 0.01764706 -589
35 491.54486 1438.2509 0.01764706 -626
36 491.54486 1438.2509 0.01764706 -631
0 937.13226 489.7449 0.01764706 0
1 933.0412 487.69852 0.01764706 0
2 927.1529 485.7508 0.01764706 -21
3 921.5106 484.74753 0.01764706 -38
4 914.8636 484.74753 0.01764706 -54
5 904.5289 485.5194 0.015686275 -71
6 863.96173 487.34933 0.01764706 -87
7 807.25256 488.74542 0.015686275 -120
8 807.25256 488.74542 0.015686275 -150
9 717.3358 486.74646 0.01764706 -175
10 715.33765 486.74646 0.015686275 -175
11 715.33765 486.74646 0.015686275 -183
12 648.39966 494.7423 0.01764706 -200
13 648.39966 494.7423 0.01764706 -200
14 648.39966 494.7423 0.01764706 -209
15 595.44867 491.74387 0.01764706 -243
16 592.38477 491.74387 0.015686275 -243
17 578.333 491.74387 0.015686275 -270
18 574.43097 492.26218 0.013725491 -318
19 563.0792 503.69684 0.01764706 -335
20 563.0792 503.69684 0.01764706 -368
21 541.4986 573.7012 0.013725491 -408
22 541.4986 573.7012 0.013725491 -408
23 535.50415 676.6476 0.015686275 -424
24 533.9274 691.7277 0.01764706 -424
25 529.5097 751.6085 0.013725491 -434
26 529.5097 751.6085 0.013725491 -450
27 501.5356 939.5106 0.013725491 -476
28 473.56152 930.5153 0.023529414 -476
29 415.61517 924.51843 0.023529414 -501
30 397.63184 928.51636 0.01764706 -501
31 398.6309 969.49506 0.023529414 -517
32 387.64108 974.49243 0.01764706 -517
33 377.65033 980.4893 0.01764706 -534
34 385.6429 1028.4644 0.023529414 -534
35 387.64108 1051.4524 0.023529414 -542
36 373.65402 1054.4508 0.01764706 -567
37 361.66513 1058.4487 0.01764706 -567
38 359.667 1059.4481 0.01764706 -592
0 756.29974 335.82507 0.01764706 0
1 756.29974 335.82507 0.01764706 0
2 752.28705 335.82507 0.01764706 -22
3 746.3737 336.80295 0.019607844 -39
4 738.4304 338.795 0.019607844 -55
5 718.96136 339.76602 0.01764706 -72
6 687.59924 342.82144 0.01764706 -88
7 644.4642 351.5935 0.01764706 -105
8 595.3627 357.4151 0.01764706 -121
9 593.4505 357.81363 0.01764706 -138
10 591.4524 370.80685 0.023529414 -139
11 532.50696 369.80737 0.01764706 -164
12 513.52454 370.80685 0.01764706 -164
13 512.52545 382.80063 0.023529414 -172
14 471.56335 381.80115 0.019607844 -198
15 433.88373 382.5021 0.01764706 -198
16 414.22043 384.43936 0.01764706 -220
17 400.1705 386.95145 0.019607844 -237
18 384.49033 393.17978 0.019607844 -253
19 378.58957 397.49954 0.01764706 -286
20 372.9467 404.73315 0.019607844 -303
21 372.9467 404.73315 0.019607844 -319
22 383.64478 474.75272 0.023529414 -343
23 375.65216 479.75012 0.01764706 -343
24 386.642 526.72565 0.023529414 -360
25 376.65125 533.722 0.01764706 -360
26 366.6605 543.7168 0.01764706 -377
27 378.6494 607.6835 0.023529414 -377
28 368.65866 615.6793 0.01764706 -385
29 356.66974 636.6684 0.01764706 -403
30 374.6531 714.6278 0.023529414 -403
31 365.66144 721.62415 0.01764706 -411
32 374.6531 779.59393 0.023529414 -428
33 364.66235 786.5903 0.01764706 -428
34 354.6716 798.58405 0.01764706 -445
35 338.6864 840.5622 0.01764706 -445
36 355.6707 911.5252 0.021568628 -461
37 345.67993 922.5195 0.01764706 -486
38 358.6679 972.49347 0.021568628 -486
39 354.6716 975.4919 0.01764706 -494
40 349.67624 979.4898 0.01764706 -511
41 331.69287 1004.4768 0.01764706 -511
42 348.67715 1039.4586 0.021568628 -552
0 757.2988 375.80426 0.019607844 0
1 757.2988 375.80426 0.019607844 0
2 769.2877 385.79904 0.023529414 -3
3 766.29047 388.7975 0.019607844 -61
4 758.29785 384.79956 0.01764706 -61
5 749.3062 381.80115 0.01764706 -77
6 750.3053 387.798 0.023529414 -77
7 720.333 388.7975 0.023529414 -110
8 716.33673 392.7954 0.023529414 -110
9 644.4033 388.7975 0.023529414 -143
10 611.43384 383.8001 0.019607844 -143
11 583.4598 381.80115 0.01764706 -160
12 578.4644 389.79697 0.023529414 -160
13 547.49304 386.79852 0.019607844 -169
14 520.51807 385.79904 0.01764706 -186
15 435.20593 389.7535 0.01764706 -186
16 402.14716 393.37518 0.019607844 -228
17 392.34595 395.36676 0.019607844 -260
18 385.18985 397.2776 0.019607844 -277
19 376.03152 400.10175 0.019607844 -293
20 370.6568 403.78967 0.019607844 -326
21 381.64664 424.77875 0.023529414 -349
22 373.65402 430.77563 0.019607844 -375
23 385.6429 468.75586 0.023529414 -375
24 378.6494 473.75323 0.01764706 -383
25 370.6568 487.74594 0.019607844 -400
26 362.6642 508.73502 0.01764706 -400
27 383.64478 594.69025 0.023529414 -409
28 364.66235 624.6746 0.019607844 -434
29 381.64664 715.62726 0.023529414 -434
30 371.65588 723.6231 0.01764706 -442
31 373.65402 784.5914 0.021568628 -459
32 363.66327 793.5867 0.01764706 -459
33 350.6753 812.5768 0.01764706 -476
34 305.86572 954.8697 0.01764706 -476
35 305.71692 955.5023 0.01764706 -526
36 326.6975 1024.4664 0.021568628 -526
37 323.7003 1047.4545 0.01764706 -559
38 320.70306 1048.4539 0.01764706 -559
39 318.7049 1049.4534 0.01764706 -567
0 689.3617 869.5471 0.019607844 0
1 689.3617 869.5471 0.019607844 0
2 689.3617 869.5471 0.019607844 -29
3 689.3617 869.5471 0.019607844 -46
4 687.8019 868.76685 0.019607844 -62
5 687.3635 868.5476 0.019607844 -79
6 685.3654 867.54816 0.019607844 -81
7 678.3719 867.54816 0.019607844 -106
8 647.47064 867.54816 0.019607844 -106
9 622.19653 868.9922 0.019607844 -145
10 591.3664 870.90436 0.019607844 -161
11 555.20764 872.8758 0.019607844 -178
12 518.38184 877.1141 0.019607844 -194
13 471.5523 881.81445 0.019607844 -211
14 404.6368 887.38306 0.019607844 -227
15 380.14935 889.34436 0.019607844 -260
16 357.4047 890.53613 0.019607844 -277
17 342.19257 890.53613 0.019607844 -293
18 330.32184 891.53564 0.019607844 -310
19 320.35757 891.53564 0.01764706 -326
20 312.0725 891.53564 0.01764706 -343
21 301.93857 891.53564 0.01764706 -359
22 293.9774 892.7226 0.019607844 -376
23 290.7308 892.5351 0.019607844 -392
24 286.7345 893.5346 0.019607844 -399
25 261.75763 910.52576 0.019607844 -458
26 255.76318 922.5195 0.01764706 -458
27 250.7678 937.5117 0.019607844 -467
28 238.77892 989.4846 0.01764706 -492
29 211.24117 1120.7712 0.019607844 -492
30 197.36005 1198.7802 0.019607844 -524
31 186.8763 1275.3672 0.019607844 -541
32 179.69553 1342.6815 0.01764706 -557
33 173.75465 1398.642 0.01764706 -574
34 170.84181 1430.255 0.01764706 -590
35 169.84274 1451.2441 0.01764706 -601
36 168.84366 1483.2274 0.01764706 -626
37 170.84181 1506.2155 0.01764706 -626
38 170.84181 1506.2155 0.01764706 -642
0 950.12024 679.646 0.01764706 0
1 949.1212 678.64655 0.01764706 0
2 946.12396 678.64655 0.01764706 -38
3 921.1471 678.64655 0.01764706 -87
4 909.1582 678.64655 0.01764706 -87
5 856.2072 678.64655 0.01764706 -119
6 834.98834 679.65735 0.01764706 -119
7 789.37555 678.6926 0.01764706 -127
8 744.732 681.44324 0.01764706 -144
9 703.44476 685.34814 0.01764706 -160
10 662.86975 687.4586 0.01764706 -177
11 631.15814 690.4065 0.01764706 -193
12 605.39124 693.3096 0.01764706 -210
13 574.46814 696.13745 0.01764706 -226
14 566.47546 705.63245 0.01764706 -259
15 561.3746 709.3676 0.01764706 -276
16 558.01886 713.09314 0.01764706 -292
17 556.48474 714.6278 0.01764706 -309
18 554.4866 716.6267 0.01764706 -316
19 547.49304 740.61426 0.01764706 -349
20 537.6829 795.22986 0.01764706 -349
21 528.30804 857.0136 0.01764706 -375
22 517.4511 919.9394 0.01764706 -391
23 509.52823 971.494 0.01764706 -408
24 503.53375 1004.4768 0.01764706 -416
25 485.5504 1127.4127 0.01764706 -449
26 478.5569 1165.393 0.01764706 -449
27 472.56244 1199.3752 0.01764706 -465
28 454.2758 1294.1476 0.01764706 -465
29 449.5837 1317.3138 0.01764706 -490
30 445.58743 1350.2966 0.01764706 -498
