0 946.12396 504.7371 0.013725491 -7
1 939.0036 504.7371 0.015686275 -7
2 935.279 504.7371 0.015686275 -50
3 930.13824 504.7371 0.015686275 -83
4 914.22614 511.3155 0.01764706 -116
5 885.29156 508.73502 0.013725491 -149
6 868.7911 506.13522 0.015686275 -182
7 839.7393 505.73657 0.015686275 -199
8 806.5692 504.70737 0.015686275 -215
9 779.1122 504.7371 0.015686275 -232
10 760.10205 504.01804 0.013725491 -248
11 734.41266 502.73816 0.015686275 -265
12 713.4397 502.73816 0.015686275 -281
13 692.07697 499.73972 0.01764706 -298
14 651.7188 499.73972 0.015686275 -314
15 632.78625 497.78726 0.01764706 -347
16 615.2017 497.74075 0.01764706 -364
17 603.38464 497.74075 0.01764706 -380
18 589.67773 497.74075 0.015686275 -397
19 584.11554 497.74075 0.015686275 -430
20 578.7872 497.74075 0.015686275 -446
21 574.4279 497.74075 0.015686275 -463
22 570.42883 497.74075 0.013725491 -479
23 566.7696 497.74075 0.013725491 -496
24 561.0834 498.87253 0.013725491 -512
25 559.48193 499.73972 0.013725491 -529
26 559.48193 499.73972 0.013725491 -536
0 955.11566 487.74594 0.015686275 -5
1 955.11566 487.74594 0.015686275 -5
2 955.11566 487.74594 0.015686275 -28
3 955.11566 487.74594 0.015686275 -44
4 955.11566 487.74594 0.015686275 -61
5 949.5272 488.394 0.015686275 -77
6 948.12213 488.74542 0.015686275 -94
7 948.12213 488.74542 0.015686275 -97
8 890.1758 491.74387 0.015686275 -130
9 885.1804 492.74335 0.013725491 -130
10 885.1804 492.74335 0.013725491 -148
11 830.23126 495.7418 0.015686275 -173
12 813.7541 495.7418 0.015686275 -173
13 784.2202 496.74127 0.013725491 -194
14 713.7292 497.74075 0.013725491 -210
15 663.83746 498.1953 0.013725491 -243
16 634.5524 495.4203 0.015686275 -271
17 614.4311 495.7418 0.015686275 -287
18 614.4311 495.7418 0.015686275 -303
19 555.48566 500.7392 0.013725491 -328
20 555.48566 500.7392 0.013725491 -328
21 536.50323 493.74283 0.015686275 -354
22 536.50323 493.74283 0.015686275 -354
23 536.50323 493.74283 0.015686275 -370
24 536.50323 493.74283 0.015686275 -386
25 536.50323 493.74283 0.015686275 -403
26 535.50415 494.7423 0.013725491 -436
27 535.50415 494.7423 0.013725491 -442
28 532.50696 559.7085 0.015686275 -466
29 532.50696 559.7085 0.015686275 -466
30 532.50696 699.63556 0.013725491 -525
31 532.50696 699.63556 0.013725491 -525
0 781.2766 397.79282 0.01764706 -16
1 781.2766 397.79282 0.019607844 -16
2 781.2766 397.79282 0.019607844 -53
3 775.2128 395.43756 0.01764706 -86
4 773.284 394.79437 0.01764706 -103
5 770.2868 398.7923 0.021568628 -109
6 758.29785 394.79437 0.019607844 -134
7 715.2275 389.55783 0.019607844 -134
8 693.9911 391.01144 0.019607844 -170
9 693.9911 391.01144 0.01764706 -186
10 648.39966 391.79593 0.019607844 -210
11 630.41626 390.79645 0.01764706 -210
12 573.469 396.79333 0.01764706 -243
13 549.4912 394.79437 0.019607844 -243
14 532.50696 394.79437 0.019607844 -260
15 510.52728 392.7954 0.01764706 -260
16 461.57263 398.7923 0.019607844 -294
17 445.58743 396.79333 0.01764706 -294
18 436.59573 401.7907 0.021568628 -302
19 409.62073 398.7923 0.019607844 -327
20 384.12332 398.7923 0.019607844 -327
21 378.08862 398.7923 0.019607844 -369
22 370.15726 398.7923 0.019607844 -385
23 364.3056 404.14658 0.019607844 -434
24 361.94745 410.65576 0.019607844 -462
25 359.26514 424.08908 0.01764706 -479
26 356.66974 450.76523 0.019607844 -495
27 355.6707 464.75793 0.019607844 -515
28 353.67252 552.7121 0.01764706 -558
29 354.6716 577.6991 0.019607844 -558
30 356.66974 603.68555 0.019607844 -565
31 362.6642 715.62726 0.01764706 -606
32 364.66235 768.5997 0.01764706 -606
33 364.66235 792.58716 0.01764706 -623
34 365.66144 839.5627 0.01764706 -647
35 365.66144 858.5528 0.01764706 -647
36 366.6605 896.533 0.01764706 -672
37 366.6605 932.7761 0.01764706 -672
38 366.6605 958.5593 0.01764706 -693
39 368.65866 981.7913 0.01764706 -710
40 368.65866 987.48566 0.01764706 -726
41 368.65866 997.48047 0.01764706 -731
42 368.65866 1015.47107 0.01764706 -756
43 368.65866 1024.4664 0.01764706 -756
44 368.65866 1034.4612 0.01764706 -764
0 763.2933 888.5372 0.01764706 -8
1 763.2933 888.5372 0.019607844 -8
2 761.573 887.6767 0.01764706 -32
3 755.7494 883.83905 0.01764706 -82
4 748.14813 881.7089 0.01764706 -99
5 747.30804 881.54083 0.01764706 -116
6 741.3136 880.5414 0.01764706 -117
7 725.3284 879.5419 0.01764706 -142
8 674.84546 883.1192 0.019607844 -142
9 647.2266 885.7619 0.019607844 -182
10 617.71857 887.5377 0.01764706 -198
11 585.5026 886.53827 0.01764706 -215
12 548.99097 886.53827 0.01764706 -231
13 514.3356 886.53827 0.01764706 -248
14 484.17105 886.53827 0.019607844 -264
15 460.57355 885.53876 0.01764706 -281
16 447.58557 885.53876 0.01764706 -295
17 420.61053 883.5398 0.01764706 -321
18 409.83862 882.4535 0.019607844 -321
19 392.9593 881.54083 0.019607844 -330
20 384.64386 881.54083 0.019607844 -347
21 376.65125 881.54083 0.019607844 -356
22 363.66327 883.5398 0.019607844 -382
23 355.87634 885.2375 0.019607844 -382
24 342.6208 889.2448 0.019607844 -397
25 338.6864 892.5351 0.019607844 -429
26 335.68918 895.53357 0.019607844 -443
27 307.7151 987.48566 0.019607844 -512
28 304.71786 1008.47473 0.019607844 -512
29 302.7197 1032.4623 0.019607844 -528
30 299.72247 1057.4492 0.019607844 -528
31 297.72433 1085.4347 0.019607844 -545
32 294.7271 1113.42 0.019607844 -545
33 274.7456 1380.2811 0.019607844 -636
34 273.74652 1398.2717 0.019607844 -636
35 272.74747 1437.2513 0.019607844 -668
36 271.74838 1447.2462 0.019607844 -668
0 918.14984 499.73972 0.013725491 -19
1 923.2927 511.10278 0.01764706 -19
2 926.1411 513.7271 0.013725491 -35
3 927.14154 518.59485 0.015686275 -51
4 927.14154 521.5829 0.015686275 -68
5 925.3713 521.95624 0.01764706 -84
6 921.6969 520.2793 0.013725491 -101
7 912.18414 525.37384 0.01764706 -134
8 899.3543 526.8004 0.015686275 -167
9 877.6397 529.4312 0.01764706 -183
10 845.4997 523.4882 0.013725491 -200
11 773.6246 518.4811 0.013725491 -216
12 693.404 521.3616 0.013725491 -249
13 642.5212 526.0474 0.015686275 -282
14 615.8667 533.5764 0.015686275 -299
15 591.90894 535.5753 0.01764706 -315
16 576.9334 537.47546 0.01764706 -332
17 566.1138 539.3915 0.01764706 -348
18 559.08606 540.3176 0.01764706 -365
19 554.5633 540.7184 0.015686275 -381
20 548.17596 540.7184 0.015686275 -398
21 536.6117 565.2313 0.015686275 -431
22 524.40326 643.88586 0.013725491 -464
23 512.3255 752.6086 0.015686275 -497
24 511.52637 756.6059 0.013725491 -530
25 511.52637 756.6059 0.013725491 -532
26 499.53748 877.5429 0.013725491 -556
27 499.53748 877.5429 0.013725491 -556
28 523.51526 958.50073 0.013725491 -581
29 519.519 963.49817 0.013725491 -581
30 519.519 963.49817 0.013725491 -589
31 494.54208 1066.4446 0.013725491 -606
32 501.5356 1138.2157 0.013725491 -606
33 499.86237 1150.7745 0.013725491 -662
34 496.87436 1164.7212 0.013725491 -679
35 494.8583 1174.1224 0.013725491 -695
36 494.54208 1177.3867 0.013725491 -712
37 484.55133 1188.381 0.025490198 -723
0 977.0953 502.73816 0.015686275 -17
1 977.0953 502.73816 0.015686275 -17
2 977.0953 502.73816 0.015686275 -34
3 954.1166 496.74127 0.015686275 -58
4 948.98584 496.74127 0.015686275 -58
5 937.9404 497.77258 0.013725491 -83
6 915.6515 498.7736 0.015686275 -100
7 884.8706 498.72086 0.015686275 -116
8 801.8537 500.53204 0.015686275 -133
9 751.3929 499.73972 0.015686275 -166
10 712.36584 499.89886 0.013725491 -182
11 671.4551 499.73972 0.015686275 -199
12 641.68976 498.01428 0.015686275 -215
13 580.4906 500.7392 0.013725491 -232
14 563.8651 500.7392 0.013725491 -281
15 551.1711 521.47174 0.015686275 -314
16 543.66156 552.88727 0.015686275 -347
17 543.66156 552.88727 0.015686275 -364
18 537.5023 634.66943 0.013725491 -387
19 535.588 698.48267 0.013725491 -387
20 530.02734 853.85626 0.013725491 -413
21 529.5097 910.52576 0.015686275 -446
22 529.5097 910.52576 0.015686275 -454
23 523.51526 1053.4513 0.015686275 -471
24 522.5162 1110.4216 0.015686275 -471
25 525.5134 1132.4102 0.013725491 -495
0 770.2868 837.5637 0.019607844 -8
1 765.3302 837.5637 0.019607844 -8
2 757.10547 838.56323 0.019607844 -34
3 749.40173 839.5388 0.019607844 -51
4 722.3723 842.3571 0.019607844 -67
5 663.8142 850.44275 0.019607844 -100
6 620.06696 856.5572 0.019607844 -134
7 569.4727 861.5513 0.019607844 -150
8 547.49304 862.5507 0.019607844 -170
9 509.52823 863.55023 0.019607844 -196
10 466.9926 863.55023 0.019607844 -196
11 433.53503 866.1552 0.019607844 -216
12 405.62442 869.5471 0.019607844 -233
13 399.62997 870.5466 0.019607844 -256
14 385.6429 874.5445 0.019607844 -291
15 374.78302 882.4429 0.019607844 -291
16 374.6531 882.54034 0.019607844 -316
17 370.6568 886.53827 0.019607844 -316
18 353.67252 922.5195 0.019607844 -350
19 332.69196 1013.4721 0.019607844 -350
20 324.69934 1047.4545 0.019607844 -376
21 308.71414 1122.4154 0.019607844 -401
22 293.29852 1188.5305 0.019607844 -401
23 268.75116 1303.3212 0.019607844 -416
24 263.7558 1332.306 0.01764706 -443
25 254.76411 1381.2805 0.019607844 -469
26 251.76688 1402.2697 0.019607844 -469
27 244.77336 1452.2435 0.019607844 -501
28 242.7752 1464.2373 0.01764706 -501
0 996.0777 439.77094 0.01764706 0
1 996.0777 439.77094 0.015686275 0
2 994.02826 439.77094 0.013725491 -23
3 990.2503 439.77094 0.013725491 -42
4 983.7303 438.93164 0.013725491 -58
5 969.1506 439.5366 0.013725491 -75
6 940.7342 440.77042 0.013725491 -91
7 841.22107 443.2691 0.013725491 -108
8 827.2341 453.76364 0.015686275 -140
9 827.2341 453.76364 0.015686275 -146
10 717.3358 484.74753 0.01764706 -170
11 715.33765 484.74753 0.015686275 -170
12 715.33765 484.74753 0.015686275 -178
13 655.3932 488.74542 0.015686275 -195
14 653.395 488.74542 0.015686275 -195
15 653.395 488.74542 0.015686275 -204
16 590.4533 491.74387 0.015686275 -221
17 590.4533 491.74387 0.015686275 -221
18 536.50323 497.74075 0.015686275 -255
19 529.5097 513.7324 0.015686275 -255
20 529.5097 513.7324 0.015686275 -315
21 528.5106 564.7059 0.013725491 -341
22 524.51434 582.42975 0.015686275 -341
23 524.51434 583.696 0.013725491 -356
24 524.51434 583.696 0.013725491 -357
25 528.5106 688.6413 0.013725491 -374
26 515.52264 744.6122 0.013725491 -374
27 515.52264 744.6122 0.013725491 -391
28 494.54208 917.5221 0.01764706 -416
29 494.54208 918.5216 0.013725491 -416
30 494.54208 918.5216 0.013725491 -424
31 494.54208 1001.4784 0.013725491 -441
32 494.54208 1001.4784 0.013725491 -441
33 488.54764 1067.444 0.013725491 -466
34 488.54764 1067.444 0.013725491 -466
35 489.54672 1128.4122 0.013725491 -490
36 489.54672 1128.4122 0.013725491 -490
37 492.54395 1189.3805 0.013725491 -523
38 492.54395 1189.3805 0.013725491 -523
0 774.2831 347.81885 0.019607844 0
1 770.6877 346.6199 0.01764706 0
2 764.9085 344.69275 0.01764706 -24
3 757.07434 344.8204 0.01764706 -41
4 743.87585 346.88153 0.01764706 -57
5 718.9353 345.8199 0.01764706 -74
6 682.0597 348.81833 0.01764706 -90
7 638.1501 355.71808 0.01764706 -107
8 588.2687 359.5951 0.01764706 -123
9 499.90582 365.80948 0.019607844 -140
10 444.58835 371.80634 0.01764706 -173
11 427.60406 371.80634 0.019607844 -199
12 381.64664 376.80374 0.01764706 -241
13 369.24054 378.5391 0.01764706 -241
14 353.27924 382.26544 0.01764706 -256
15 348.7544 383.26172 0.01764706 -289
16 345.2891 384.99506 0.01764706 -305
17 345.2891 384.99506 0.023529414 -320
18 356.66974 453.76364 0.01764706 -352
19 352.67346 477.75116 0.019607844 -352
20 375.65216 537.7199 0.023529414 -361
21 385.6429 596.6892 0.023529414 -386
22 378.6494 608.683 0.019607844 -386
23 369.6577 628.67255 0.01764706 -403
24 358.5949 687.6405 0.01764706 -403
25 352.67346 753.6075 0.01764706 -420
26 382.6457 835.5648 0.023529414 -437
27 391.6374 896.533 0.023529414 -462
28 384.64386 901.53046 0.01764706 -462
29 377.65033 908.5268 0.01764706 -478
30 391.6374 964.4976 0.023529414 -478
31 382.6457 992.48303 0.01764706 -511
32 391.6374 1021.46796 0.023529414 -511
0 721.3321 844.5601 0.019607844 -10
1 721.3321 844.5601 0.019607844 -10
2 719.40955 844.5601 0.019607844 -35
3 711.0838 844.5601 0.019607844 -51
4 702.8112 844.5601 0.01764706 -84
5 689.7784 846.2571 0.01764706 -101
6 668.28046 849.17786 0.019607844 -117
7 634.11224 855.8144 0.019607844 -134
8 593.1824 862.01794 0.019607844 -150
9 549.36743 868.40283 0.019607844 -167
10 510.25592 872.23816 0.019607844 -183
11 494.54208 873.545 0.019607844 -200
12 475.55966 874.5445 0.019607844 -206
13 440.59204 875.54395 0.01764706 -230
14 425.60593 876.54346 0.019607844 -230
15 400.62906 878.5424 0.01764706 -257
16 373.49796 883.329 0.01764706 -257
17 362.3409 887.1997 0.01764706 -299
18 356.60797 892.2844 0.019607844 -332
19 348.5731 906.736 0.01764706 -348
20 339.42584 933.3801 0.01764706 -365
21 328.57114 978.55115 0.01764706 -381
22 320.70306 1023.4669 0.01764706 -398
23 315.70767 1057.4492 0.019607844 -410
24 305.71692 1133.4097 0.01764706 -436
25 300.95776 1186.136 0.019607844 -436
26 287.18832 1317.8162 0.01764706 -448
27 279.40747 1378.6185 0.019607844 -481
28 274.14172 1425.5106 0.019607844 -497
29 269.75024 1457.241 0.01764706 -514
30 267.75208 1472.2332 0.01764706 -527
31 264.75485 1500.2186 0.01764706 -553
32 263.7558 1521.2076 0.01764706 -553
33 263.7558 1524.206 0.01764706 -578
0 779.27844 371.80634 0.01764706 0
1 779.27844 371.80634 0.019607844 -4
2 779.27844 371.80634 0.019607844 -20
3 775.2873 371.80634 0.019607844 -56
4 768.2987 372.80328 0.01764706 -72
5 751.5174 374.78348 0.019607844 -89
6 681.60815 382.4322 0.01764706 -106
7 573.1591 381.80115 0.01764706 -139
8 523.6156 380.80167 0.019607844 -172
9 480.5612 378.8027 0.019607844 -188
10 448.31308 379.44437 0.01764706 -205
11 422.6026 379.8022 0.019607844 -221
12 405.40585 381.33786 0.019607844 -238
13 395.37228 383.25272 0.019607844 -254
14 389.5621 384.159 0.019607844 -271
15 385.20343 383.8001 0.019607844 -287
16 381.23996 386.00247 0.019607844 -304
17 378.3578 389.08923 0.01764706 -320
18 375.5944 396.02505 0.019607844 -337
19 371.62625 411.91394 0.019607844 -353
20 363.9728 471.34653 0.019607844 -370
21 360.66605 522.7144 0.01764706 -403
22 359.4499 581.3093 0.01764706 -419
23 361.66513 718.01166 0.019607844 -436
24 361.99725 788.28375 0.01764706 -469
25 363.04337 850.93036 0.01764706 -485
26 363.66327 891.53564 0.01764706 -502
27 389.63922 964.4976 0.021568628 -513
28 382.6457 974.49243 0.01764706 -538
29 378.6494 984.48724 0.01764706 -538
30 391.6374 1031.4628 0.021568628 -546
31 384.64386 1034.4612 0.01764706 -572
32 380.4035 1037.0819 0.01764706 -572
33 373.65402 1041.4575 0.01764706 -585
34 373.65402 1041.4575 0.01764706 -613
0 914.15356 537.7199 0.01764706 0
1 913.1545 534.7215 0.015686275 -5
2 911.0422 534.7215 0.01764706 -23
3 909.103 534.7215 0.01764706 -40
4 907.1311 534.7215 0.01764706 -57
5 904.1562 534.7215 0.015686275 -73
6 895.22644 530.76044 0.015686275 -90
7 878.53876 528.64636 0.013725491 -106
8 850.61755 532.64453 0.015686275 -123
9 782.3704 522.5899 0.013725491 -139
10 741.3263 522.9808 0.015686275 -172
11 703.5547 530.4866 0.01764706 -189
12 669.3816 536.1206 0.015686275 -205
13 637.8233 539.9969 0.01764706 -222
14 577.8361 545.15424 0.01764706 -238
15 561.61804 545.71576 0.01764706 -288
16 553.423 545.71576 0.01764706 -321
17 552.48846 545.71576 0.01764706 -354
18 552.48846 545.71576 0.01764706 -361
19 538.5014 572.7017 0.013725491 -395
20 534.6604 586.9169 0.015686275 -395
21 531.5079 627.662 0.015686275 -420
22 528.5106 683.71234 0.015686275 -436
23 520.73706 748.24567 0.015686275 -453
24 512.9758 812.4834 0.015686275 -469
25 511.52637 818.57367 0.013725491 -486
26 478.5569 829.56793 0.021568628 -488
27 465.5689 881.54083 0.021568628 -513
28 475.55966 930.5153 0.013725491 -513
29 487.54858 1066.4446 0.013725491 -554
30 487.54858 1066.4446 0.013725491 -554
31 484.55133 1130.4113 0.013725491 -596
32 483.55228 1134.4092 0.01764706 -596
33 483.55228 1134.4092 0.01764706 -604
0 958.11285 496.74127 0.01764706 0
1 958.11285 496.74127 0.01764706 0
2 955.84656 496.74127 0.01764706 -32
3 951.9379 496.74127 0.015686275 -48
4 945.0639 496.74127 0.015686275 -65
5 945.0639 496.74127 0.015686275 -81
6 896.1702 496.74127 0.01764706 -106
7 879.1828 497.74075 0.013725491 -106
8 843.88934 498.63586 0.015686275 -131
9 804.12225 498.58563 0.015686275 -147
10 768.4617 498.93845 0.013725491 -164
11 726.75635 500.49326 0.015686275 -180
12 657.8602 501.3482 0.013725491 -197
13 634.781 500.11383 0.015686275 -230
14 594.57556 499.73972 0.013725491 -246
15 581.36566 499.73972 0.013725491 -278
16 573.2723 499.73972 0.013725491 -294
17 565.5601 499.73972 0.01764706 -311
18 556.5734 508.01114 0.01764706 -327
19 548.1046 519.3113 0.01764706 -344
20 544.4014 526.91455 0.015686275 -361
21 536.5942 551.3943 0.013725491 -377
22 527.7272 600.85297 0.015686275 -394
23 519.8443 663.2048 0.015686275 -410
24 515.52264 690.64026 0.013725491 -427
25 515.52264 690.64026 0.013725491 -436
26 499.53748 816.5747 0.013725491 -462
27 499.53748 816.5747 0.013725491 -462
28 493.54303 913.5242 0.01764706 -478
29 493.54303 913.5242 0.01764706 -478
30 490.5458 974.49243 0.01764706 -495
31 490.5458 974.49243 0.01764706 -495
32 489.54672 1002.47784 0.013725491 -511
33 487.54858 1008.47473 0.01764706 -511
34 487.54858 1008.47473 0.01764706 -520
35 483.55228 1066.4446 0.013725491 -536
36 482.5532 1071.4419 0.01764706 -536
37 482.5532 1071.4419 0.01764706 -544
38 479.55597 1130.4113 0.013725491 -569
39 477.55783 1137.4076 0.01764706 -569
40 477.55783 1137.4076 0.01764706 -586
0 968.10364 506.73605 0.015686275 0
1 968.10364 506.73605 0.013725491 -4
2 967.198 505.83002 0.01764706 -29
3 957.85535 503.886 0.015686275 -46
4 946.55804 503.7376 0.015686275 -62
5 904.7025 501.73868 0.015686275 -79
6 828.23315 503.2379 0.013725491 -112
7 779.3084 503.23938 0.013725491 -144
8 733.8182 503.1904 0.013725491 -161
9 692.8074 502.73816 0.015686275 -178
10 650.56274 504.09714 0.013725491 -194
11 590.4426 503.82178 0.013725491 -211
12 560.7068 501.73868 0.015686275 -244
13 554.15674 501.73868 0.013725491 -277
14 544.3359 511.89352 0.015686275 -293
15 540.4995 516.73083 0.015686275 -310
16 540.4995 516.73083 0.015686275 -318
17 504.53284 567.7043 0.013725491 -360
18 505.53192 572.7017 0.015686275 -360
19 505.53192 572.7017 0.015686275 -369
20 502.5347 627.6731 0.013725491 -394
21 501.5356 631.67096 0.01764706 -394
22 501.5356 631.67096 0.01764706 -402
23 493.54303 729.62 0.01764706 -419
24 493.54303 729.62 0.01764706 -419
25 486.5495 793.5867 0.01764706 -436
26 486.5495 793.5867 0.01764706 -436
27 481.5541 882.54034 0.013725491 -460
28 481.5541 882.54034 0.013725491 -460
29 472.56244 983.48773 0.01764706 -477
30 472.56244 983.48773 0.01764706 -477
31 457.57632 1059.4481 0.015686275 -493
32 451.58188 1132.4102 0.015686275 -493
33 451.58188 1138.4071 0.015686275 -551
0 742.3127 849.5575 0.019607844 -9
1 742.3127 849.5575 0.019607844 -9
2 742.3127 849.5575 0.019607844 -33
3 742.3127 849.5575 0.019607844 -50
4 739.7137 847.75775 0.01764706 -55
5 730.555 844.9704 0.01764706 -83
6 711.80585 843.5606 0.01764706 -99
7 709.3432 843.5606 0.01764706 -116
8 696.3552 842.56116 0.01764706 -118
9 660.38855 844.5601 0.01764706 -143
10 639.40796 846.5591 0.019607844 -143
11 614.4311 848.55804 0.019607844 -151
12 590.4533 851.55646 0.019607844 -169
13 565.47644 853.5554 0.019607844 -169
14 541.4986 855.5544 0.019607844 -186
15 474.5606 861.5513 0.019607844 -186
16 454.5791 863.55023 0.019607844 -212
17 419.61148 865.5492 0.019607844 -237
18 406.6235 866.54865 0.019607844 -237
19 393.63553 867.54816 0.019607844 -246
20 373.65402 869.5471 0.019607844 -272
21 332.8497 877.7709 0.019607844 -272
22 327.0678 882.16986 0.019607844 -347
23 325.69843 883.5398 0.019607844 -363
24 321.70212 888.5372 0.019607844 -367
25 308.71414 916.52264 0.019607844 -401
26 302.7197 931.51483 0.019607844 -401
27 296.72525 956.5018 0.01764706 -410
28 290.7308 983.48773 0.019607844 -427
29 283.73727 1017.47003 0.019607844 -427
30 276.74374 1050.4529 0.019607844 -444
31 269.75024 1087.4336 0.019607844 -444
32 255.76318 1162.3945 0.019607844 -468
33 250.7678 1196.3768 0.019607844 -468
34 242.7752 1252.3477 0.019607844 -486
35 237.77983 1284.331 0.019607844 -486
36 232.78445 1318.3134 0.019607844 -494
37 228.78816 1339.3024 0.019607844 -511
38 225.79094 1358.2925 0.019607844 -511
39 222.79372 1379.2816 0.019607844 -527
40 220.79556 1395.2733 0.019607844 -527
41 218.79741 1409.266 0.019607844 -536
42 213.80203 1442.2488 0.019607844 -569
43 212.80296 1467.2357 0.01764706 -569
44 212.80296 1472.2332 0.01764706 -611
0 710.3423 855.5544 0.019607844 -7
1 710.3423 855.5544 0.019607844 -7
2 709.3432 855.5544 0.019607844 -23
3 706.33936 855.5544 0.019607844 -23
4 696.41064 854.8186 0.01764706 -40
5 690.3608 854.5549 0.01764706 -73
6 690.3608 854.5549 0.01764706 -83
7 487.54858 859.5523 0.01764706 -154
8 485.5504 858.5528 0.01764706 -154
9 476.55875 857.55334 0.01764706 -171
10 464.56985 857.55334 0.01764706 -171
11 449.5837 858.5528 0.01764706 -179
12 424.60684 859.5523 0.01764706 -195
13 362.81857 865.5299 0.01764706 -195
14 352.168 868.3501 0.01764706 -238
15 345.18945 871.20685 0.019607844 -254
16 337.38715 876.84375 0.01764706 -271
17 332.96396 883.99506 0.019607844 -304
18 327.19693 899.53186 0.01764706 -320
19 322.7012 919.52106 0.01764706 -337
20 319.70398 939.5106 0.01764706 -349
21 311.71136 991.4836 0.019607844 -374
22 304.40445 1036.268 0.019607844 -374
23 284.1755 1164.0742 0.019607844 -387
24 279.74097 1188.381 0.019607844 -419
25 274.7456 1217.366 0.01764706 -425
26 246.77151 1398.2717 0.01764706 -492
27 243.77429 1415.2628 0.01764706 -492
28 238.77892 1447.2462 0.01764706 -516
29 236.78076 1460.2394 0.01764706 -516
30 234.78261 1470.2343 0.01764706 -524
0 782.2757 349.81778 0.019607844 0
1 782.2757 349.81778 0.019607844 0
2 777.47375 348.86673 0.019607844 -20
3 769.6456 346.90887 0.01764706 -37
4 760.82086 345.8199 0.01764706 -53
5 716.5716 348.5391 0.01764706 -70
6 622.54114 356.6378 0.01764706 -103
7 591.4524 360.81207 0.01764706 -136
8 588.45514 372.80582 0.023529414 -145
9 522.5162 373.8053 0.01764706 -170
10 448.5833 375.492 0.01764706 -170
11 418.44348 376.48465 0.019607844 -202
12 401.0413 379.11322 0.019607844 -218
13 381.46622 385.88928 0.019607844 -235
14 372.93195 390.15817 0.019607844 -268
15 368.2521 395.20108 0.019607844 -301
16 366.6605 396.79333 0.01764706 -318
17 379.64847 420.78082 0.023529414 -322
18 378.6494 443.76886 0.01764706 -356
19 388.64014 477.75116 0.023529414 -356
20 373.65402 487.74594 0.01764706 -382
21 385.6429 533.722 0.023529414 -382
22 359.667 572.7017 0.01764706 -407
23 377.65033 655.6585 0.023529414 -407
24 367.65958 663.65436 0.01764706 -416
25 377.65033 723.6231 0.023529414 -432
26 366.6605 732.6184 0.01764706 -432
27 370.6568 793.5867 0.021568628 -449
28 360.66605 802.582 0.01764706 -449
29 349.67624 822.57153 0.01764706 -466
30 315.71707 1024.5697 0.01764706 -466
31 315.71707 1024.5697 0.01764706 -549
0 746.30896 340.82248 0.01764706 -4
1 744.2187 340.82248 0.019607844 -4
2 738.1864 342.8648 0.019607844 -31
3 730.2228 344.84567 0.019607844 -47
4 721.3321 344.8204 0.01764706 -64
5 712.34045 345.8199 0.01764706 -72
6 355.6707 374.80478 0.01764706 -295
7 352.67346 376.80374 0.01764706 -295
8 367.65958 406.78812 0.023529414 -302
9 376.65125 471.75427 0.023529414 -335
10 366.6605 479.75012 0.01764706 -335
11 376.65125 533.722 0.023529414 -351
12 365.66144 542.71735 0.01764706 -351
13 373.65402 606.684 0.023529414 -368
14 362.6642 616.6788 0.01764706 -368
15 349.67624 641.6658 0.01764706 -385
16 363.66327 727.62103 0.023529414 -385
17 354.6716 736.61633 0.01764706 -393
18 343.68176 754.60693 0.01764706 -410
19 308.71414 903.5294 0.01764706 -410
20 331.69287 969.49506 0.023529414 -459
21 323.7003 978.49036 0.019607844 -484
22 334.6901 1032.4623 0.023529414 -484
23 330.69382 1033.4617 0.01764706 -501
24 326.6975 1035.4607 0.01764706 -517
25 318.7049 1040.4581 0.01764706 -517
26 316.70676 1041.4575 0.01764706 -541
0 955.11566 439.77094 0.01764706 -5
1 955.11566 439.77094 0.015686275 -5
2 952.1195 441.771 0.01764706 -23
3 943.39343 441.7699 0.013725491 -39
4 931.7396 440.8564 0.013725491 -56
5 908.58936 445.76782 0.015686275 -72
6 872.4465 453.79752 0.013725491 -89
7 819.41815 462.17496 0.013725491 -105
8 758.5999 476.2892 0.01764706 -122
9 702.7261 484.76648 0.01764706 -138
10 696.3552 485.747 0.015686275 -155
11 696.3552 485.747 0.015686275 -157
12 596.44775 495.7418 0.01764706 -183
13 568.19745 496.74127 0.015686275 -183
14 558.3049 496.74127 0.015686275 -221
15 544.5516 497.9351 0.015686275 -237
16 536.1877 498.92813 0.015686275 -254
17 531.1229 507.35223 0.015686275 -270
18 531.1229 507.35223 0.015686275 -287
19 499.53748 567.7043 0.013725491 -328
20 499.53748 567.7043 0.013725491 -328
21 494.54208 632.6705 0.013725491 -354
22 494.54208 632.6705 0.013725491 -354
23 492.54395 692.6392 0.013725491 -371
24 492.54395 692.6392 0.013725491 -371
25 489.54672 755.60645 0.013725491 -387
26 489.54672 755.60645 0.013725491 -387
27 485.5504 819.5731 0.013725491 -404
28 485.5504 819.5731 0.013725491 -404
29 483.55228 882.54034 0.013725491 -421
30 483.55228 882.54034 0.013725491 -421
31 478.5569 945.5075 0.013725491 -438
32 478.5569 945.5075 0.013725491 -438
33 478.5569 1006.47577 0.013725491 -454
34 478.5569 1006.47577 0.013725491 -454
35 478.5569 1067.444 0.013725491 -471
36 476.55875 1073.4409 0.01764706 -471
37 476.55875 1073.4409 0.01764706 -479
38 477.55783 1131.4106 0.013725491 -496
39 475.55966 1137.4076 0.01764706 -496
40 475.55966 1137.4076 0.01764706 -504
41 477.55783 1194.3779 0.013725491 -521
42 475.55966 1203.3732 0.01764706 -521
43 475.55966 1203.3732 0.01764706 -537
0 911.1564 444.76834 0.015686275 0
1 910.2312 443.8428 0.013725491 0
2 904.1811 447.7546 0.01764706 -34
3 892.5695 454.56525 0.015686275 -50
4 892.1739 454.76312 0.01764706 -67
5 884.18134 452.76416 0.013725491 -67
6 536.50323 495.7418 0.01764706 -214
7 536.50323 495.7418 0.015686275 -214
8 536.50323 495.7418 0.015686275 -232
9 536.50323 495.7418 0.015686275 -248
10 534.51184 506.69537 0.015686275 -265
11 532.5585 520.3679 0.015686275 -281
12 531.5079 554.8236 0.015686275 -298
13 531.5079 603.9002 0.013725491 -314
14 524.2971 743.6121 0.015686275 -331
15 524.51434 748.6101 0.015686275 -364
16 524.51434 748.6101 0.015686275 -366
17 415.61517 908.5268 0.01764706 -416
18 415.61517 908.5268 0.01764706 -416
19 341.68362 949.50543 0.01764706 -432
20 341.68362 949.50543 0.01764706 -432
21 342.6827 1008.47473 0.01764706 -448
22 342.6827 1008.47473 0.01764706 -448
23 492.54395 1190.38 0.013725491 -472
24 492.54395 1190.38 0.013725491 -472
0 807.25256 340.82248 0.01764706 -6
1 807.25256 340.82248 0.01764706 -6
2 805.37396 340.82248 0.01764706 -15
3 800.19366 341.84378 0.019607844 -48
4 794.25354 343.8246 0.019607844 -65
5 759.73016 349.20972 0.01764706 -81
6 757.2988 349.81778 0.019607844 -114
7 757.2988 363.81052 0.023529414 -116
8 711.3414 360.81207 0.019607844 -140
9 708.3441 368.8079 0.023529414 -140
10 674.3756 364.81 0.019607844 -149
11 648.39966 364.81 0.019607844 -166
12 645.4024 372.80582 0.023529414 -166
13 612.4329 367.8084 0.019607844 -174
14 590.4533 366.80893 0.019607844 -191
15 588.45514 372.80582 0.023529414 -191
16 558.4829 366.80893 0.019607844 -200
17 540.4995 364.81 0.019607844 -217
18 510.52728 364.81 0.019607844 -217
19 511.52637 372.80582 0.023529414 -235
20 474.5606 371.80634 0.019607844 -268
21 438.5939 371.80634 0.019607844 -268
22 440.59204 381.80115 0.023529414 -295
23 417.6133 395.79385 0.019607844 -347
24 369.7961 491.21036 0.019607844 -347
25 362.26974 554.608 0.019607844 -427
26 356.66974 618.67773 0.01764706 -444
27 356.66974 618.67773 0.01764706 -461
28 501.5356 937.5117 0.015686275 -484
29 501.5356 937.5117 0.015686275 -484
30 497.5393 1001.4784 0.013725491 -501
31 497.5393 1001.4784 0.013725491 -501
32 490.5458 1099.4274 0.01764706 -525
33 490.5458 1099.4274 0.01764706 -525
0 774.2831 346.81937 0.019607844 0
1 768.75055 344.05197 0.01764706 0
2 756.98535 340.82248 0.01764706 -28
3 746.95825 342.49164 0.019607844 -61
4 703.0794 344.78497 0.019607844 -77
5 667.08276 347.1477 0.01764706 -110
6 655.3932 348.81833 0.019607844 -127
7 651.39685 362.81104 0.023529414 -131
8 590.4533 360.81207 0.019607844 -157
9 587.45605 369.80737 0.023529414 -157
10 553.4875 365.80948 0.019607844 -165
11 528.5106 366.80893 0.019607844 -183
12 526.5125 375.80426 0.023529414 -183
13 495.54117 370.80685 0.019607844 -191
14 476.55875 370.80685 0.019607844 -208
15 445.58743 371.80634 0.019607844 -208
16 447.58557 381.80115 0.023529414 -225
17 414.6161 388.7975 0.019607844 -260
18 393.63553 396.79333 0.01764706 -260
19 389.63922 403.78967 0.019607844 -294
20 380.64755 433.77408 0.01764706 -319
21 372.56943 510.73218 0.019607844 -319
22 367.62274 585.9506 0.019607844 -341
23 363.1997 668.2115 0.01764706 -358
24 390.6383 779.59393 0.023529414 -374
25 382.6457 786.5903 0.01764706 -387
26 393.63553 849.5575 0.023529414 -403
27 397.63184 893.5346 0.023529414 -403
28 351.67438 1038.4591 0.01764706 -479
29 349.67624 1043.4565 0.01764706 -479
30 371.65588 1087.4336 0.023529414 -486
0 728.3256 829.56793 0.019607844 0
1 728.3256 829.56793 0.019607844 0
2 727.2608 829.56793 0.019607844 -17
3 722.43463 829.56793 0.019607844 -33
4 713.69855 830.49554 0.019607844 -50
5 698.36053 832.4545 0.01764706 -66
6 634.32776 835.30774 0.01764706 -83
7 558.4829 840.5622 0.019607844 -116
8 536.50323 842.56116 0.019607844 -143
9 492.54395 846.5591 0.019607844 -169
10 474.5606 848.55804 0.019607844 -169
11 457.57632 850.557 0.019607844 -177
12 441.59113 852.55597 0.019607844 -195
13 402.6272 858.5528 0.019607844 -195
14 393.63553 860.55176 0.019607844 -221
15 376.65125 865.5492 0.019607844 -246
16 348.3638 882.0258 0.019607844 -246
17 330.2635 911.4451 0.019607844 -298
18 328.69565 915.52313 0.019607844 -331
19 322.7012 933.5138 0.019607844 -334
20 311.71136 988.48517 0.019607844 -359
21 306.716 1018.46954 0.019607844 -359
22 300.72156 1050.4529 0.019607844 -376
23 295.7262 1086.4341 0.019607844 -376
24 277.74283 1226.3612 0.019607844 -418
25 273.74652 1257.3451 0.01764706 -418
26 264.75485 1338.303 0.01764706 -451
27 262.7567 1362.2904 0.01764706 -451
28 255.76318 1450.2446 0.019607844 -501
29 254.76411 1462.2384 0.01764706 -501
30 253.76503 1471.2336 0.01764706 -509
0 954.1166 685.6429 0.019607844 0
1 954.1166 685.6429 0.01764706 0
2 954.1166 685.6429 0.01764706 -18
3 949.1212 683.6439 0.01764706 -74
4 945.1249 682.6444 0.01764706 -87
5 934.1351 680.6455 0.01764706 -112
6 799.9494 676.3956 0.01764706 -112
7 778.27936 676.6476 0.01764706 -174
8 749.3062 675.6481 0.01764706 -180
9 695.35614 674.6486 0.01764706 -205
10 633.4135 672.64966 0.01764706 -205
11 617.4283 672.64966 0.01764706 -231
12 591.4524 672.64966 0.01764706 -256
13 575.9627 673.6491 0.01764706 -256
14 559.3918 674.6486 0.01764706 -273
15 554.22125 675.28107 0.01764706 -306
16 546.494 680.6455 0.01764706 -323
17 541.4986 690.64026 0.01764706 -352
18 526.5125 718.6257 0.01764706 -395
19 520.51807 739.61475 0.01764706 -395
20 503.53375 800.583 0.01764706 -429
21 498.5384 827.569 0.01764706 -429
22 493.54303 860.55176 0.01764706 -446
23 489.54672 909.52625 0.01764706 -446
24 486.5495 936.5122 0.01764706 -463
25 483.55228 977.49084 0.01764706 -463
26 480.55505 1043.4565 0.01764706 -488
27 479.55597 1073.4409 0.01764706 -488
28 478.5569 1107.4232 0.01764706 -505
29 477.55783 1134.4092 0.01764706 -505
30 477.55783 1166.3925 0.01764706 -521
31 477.55783 1187.3816 0.01764706 -521
32 477.55783 1239.3545 0.01764706 -546
33 477.55783 1251.3483 0.01764706 -546
34 477.55783 1273.3368 0.01764706 -571
35 477.55783 1306.3196 0.01764706 -571
36 476.55875 1314.3154 0.01764706 -588
0 782.2757 395.79385 0.019607844 -6
1 782.2757 395.79385 0.019607844 -6
2 782.2757 395.79385 0.01764706 -32
3 777.9663 393.6383 0.01764706 -49
4 772.8117 391.63843 0.01764706 -65
5 761.4443 391.79593 0.019607844 -82
6 744.0581 390.79645 0.01764706 -98
7 688.6907 391.75864 0.01764706 -115
8 654.26416 395.8168 0.019607844 -148
9 610.8492 396.7726 0.01764706 -164
10 567.46655 399.79178 0.019607844 -181
11 528.33417 404.3436 0.019607844 -197
12 489.84125 405.55017 0.01764706 -214
13 461.57095 410.5559 0.019607844 -230
14 446.5865 414.78397 0.019607844 -247
15 449.5837 428.77667 0.023529414 -258
16 415.61517 438.77145 0.019607844 -309
17 399.03873 435.50784 0.019607844 -309
18 390.94623 435.773 0.019607844 -329
19 385.52097 436.81317 0.019607844 -346
20 374.3218 455.09195 0.01764706 -362
21 360.2517 544.2234 0.019607844 -395
22 359.31348 616.2336 0.019607844 -428
23 359.667 629.67206 0.019607844 -445
24 390.6383 720.62463 0.023529414 -448
25 378.6494 749.60956 0.01764706 -473
26 378.6494 749.60956 0.01764706 -473
27 532.50696 1009.4742 0.013725491 -498
28 532.50696 1009.4742 0.013725491 -498
29 501.5356 1075.4398 0.015686275 -514
30 508.0296 1134.4092 0.015686275 -514
31 510.52728 1185.3826 0.015686275 -543
32 510.52728 1185.3826 0.015686275 -564
33 506.531 1248.3497 0.015686275 -589
34 503.0771 1259.1725 0.01764706 -589
35 502.5347 1260.3435 0.01764706 -626
36 501.5356 1261.343 0.015686275 -631
0 946.12396 674.6486 0.01764706 0
1 944.031 674.6486 0.01764706 0
2 939.1418 673.6491 0.01764706 -21
3 931.62256 673.6491 0.01764706 -38
4 923.8553 673.6491 0.01764706 -54
5 913.5205 673.6491 0.01764706 -71
6 874.74536 673.6491 0.01764706 -87
7 817.2433 673.6491 0.01764706 -120
8 798.26086 673.6491 0.01764706 -150
9 762.2942 673.6491 0.01764706 -175
10 744.31085 673.6491 0.01764706 -175
11 726.32745 673.6491 0.01764706 -183
12 711.3414 673.6491 0.01764706 -200
13 696.3552 673.6491 0.01764706 -200
14 681.3691 673.6491 0.01764706 -209
15 640.40704 673.6491 0.01764706 -243
16 616.09607 673.6491 0.01764706 -243
17 591.7548 674.6486 0.01764706 -270
18 585.9018 676.1664 0.01764706 -318
19 572.07086 692.4382 0.01764706 -335
20 572.07086 692.4382 0.01764706 -368
21 553.4875 742.6132 0.01764706 -408
22 546.494 792.58716 0.01764706 -408
23 542.4977 845.5596 0.01764706 -424
24 538.92285 876.51587 0.01764706 -424
25 528.5106 948.506 0.01764706 -434
26 521.5171 986.4862 0.01764706 -450
27 508.52914 1067.444 0.01764706 -476
28 502.5347 1103.4253 0.01764706 -476
29 491.54486 1170.3904 0.01764706 -501
30 486.5495 1218.3654 0.01764706 -501
31 483.55228 1239.3545 0.01764706 -517
32 480.55505 1259.3441 0.01764706 -517
33 478.5569 1289.3285 0.01764706 -534
34 476.55875 1305.3201 0.01764706 -534
35 474.5606 1317.3138 0.01764706 -542
36 472.56244 1338.303 0.01764706 -567
37 470.5643 1365.2888 0.01764706 -567
38 469.56522 1373.2847 0.01764706 -592
0 942.1277 672.64966 0.01764706 0
1 941.0406 672.64966 0.01764706 0
2 936.1087 672.64966 0.01764706 -22
3 928.227 671.67175 0.01764706 -39
4 916.35126 671.65015 0.01764706 -55
5 894.85547 671.65015 0.01764706 -72
6 863.12854 671.65015 0.01764706 -88
7 818.52637 671.65015 0.01764706 -105
8 772.0396 672.56995 0.01764706 -121
9 770.2868 672.64966 0.01764706 -138
10 746.30896 673.6491 0.01764706 -139
11 707.34503 674.6486 0.01764706 -164
12 688.3626 674.6486 0.01764706 -164
13 670.3793 674.6486 0.01764706 -172
14 641.4061 675.6481 0.01764706 -198
15 609.4225 678.348 0.01764706 -198
16 592.3347 680.2853 0.01764706 -220
17 580.57996 682.2211 0.01764706 -237
18 565.3229 687.0267 0.01764706 -253
19 556.07196 701.7542 0.01764706 -286
20 550.78204 709.5744 0.01764706 -303
21 550.78204 709.5744 0.023529414 -319
22 535.50415 740.61426 0.01764706 -343
23 528.5106 762.6028 0.01764706 -343
24 521.5171 794.5861 0.01764706 -360
25 516.5217 816.5747 0.01764706 -360
26 509.52823 853.5554 0.01764706 -377
27 504.53284 877.5429 0.01764706 -377
28 497.5393 915.52313 0.01764706 -385
29 493.54303 943.50854 0.01764706 -403
30 488.54764 980.4893 0.01764706 -403
31 484.55133 1009.4742 0.01764706 -411
32 480.55505 1044.4559 0.01764706 -428
33 477.55783 1071.4419 0.01764706 -428
34 474.5606 1104.4248 0.01764706 -445
35 467.56708 1163.394 0.01764706 -445
36 465.5689 1182.3842 0.01764706 -461
37 460.57355 1230.3591 0.01764706 -486
38 458.5754 1245.3513 0.01764706 -486
39 457.57632 1260.3435 0.01764706 -494
40 456.57724 1273.3368 0.01764706 -511
41 450.5828 1324.3102 0.01764706 -511
42 449.5837 1327.3087 0.01764706 -552
0 929.1397 680.6455 0.01764706 0
1 929.1397 680.6455 0.01764706 0
2 929.1397 680.6455 0.01764706 -3
3 915.15265 654.659 0.023529414 -61
4 912.1554 656.65796 0.01764706 -61
5 906.16095 658.6569 0.01764706 -77
6 898.1684 661.6554 0.01764706 -77
7 860.2035 667.6522 0.01764706 -110
8 843.21924 669.6512 0.01764706 -110
9 784.2738 662.65485 0.01764706 -143
10 765.2914 666.6528 0.01764706 -143
11 743.31177 669.6512 0.01764706 -160
12 722.3312 672.64966 0.01764706 -160
13 703.34875 675.6481 0.01764706 -169
14 683.36725 677.64703 0.01764706 -186
15 605.0052 688.59784 0.01764706 -186
16 574.56757 691.6398 0.01764706 -228
17 566.185 691.6398 0.01764706 -260
18 558.54486 698.5741 0.01764706 -277
19 547.56256 709.56085 0.01764706 -293
20 542.4977 714.6278 0.01764706 -326
21 540.4995 716.6267 0.01764706 -349
22 532.50696 731.61896 0.01764706 -375
23 527.5116 746.61115 0.01764706 -375
24 522.5162 766.6007 0.01764706 -383
25 516.5217 797.5846 0.01764706 -400
26 511.52637 829.56793 0.01764706 -400
27 506.531 867.54816 0.01764706 -409
28 495.54117 944.50806 0.01764706 -434
29 489.54672 984.48724 0.01764706 -434
30 482.5532 1034.4612 0.01764706 -442
31 476.55875 1066.4446 0.01764706 -459
32 469.56522 1103.4253 0.01764706 -459
33 462.5717 1135.4086 0.01764706 -476
34 430.7129 1301.7262 0.01764706 -476
35 430.6013 1302.3217 0.01764706 -526
36 428.60315 1314.3154 0.01764706 -526
37 422.6087 1354.2946 0.01764706 -559
38 421.60962 1364.2894 0.015686275 -559
39 422.6087 1353.2952 0.021568628 -567
0 934.1351 501.73868 0.01764706 0
1 934.1351 501.73868 0.015686275 0
2 934.1351 501.73868 0.015686275 -29
3 932.38696 501.73868 0.015686275 -46
4 928.579 501.73868 0.015686275 -62
5 928.1406 501.73868 0.015686275 -79
6 928.1406 501.73868 0.015686275 -81
7 894.17206 497.74075 0.015686275 -106
8 878.0037 497.74075 0.013725491 -106
9 854.42633 498.18533 0.015686275 -145
10 830.9345 500.09753 0.013725491 -161
11 789.99023 499.73972 0.015686275 -178
12 759.72925 499.4544 0.015686275 -194
13 711.5089 500.876 0.015686275 -211
14 642.5712 510.49628 0.013725491 -227
15 614.7018 520.7667 0.015686275 -260
16 592.1873 523.548 0.01764706 -277
17 576.97516 527.6497 0.01764706 -293
18 565.66595 531.8471 0.01764706 -310
19 555.1402 534.1909 0.01764706 -326
20 545.4468 536.1304 0.015686275 -343
21 539.4314 538.0761 0.015686275 -359
22 533.94275 539.9064 0.015686275 -376
23 532.50696 540.7184 0.015686275 -392
24 532.50696 540.7184 0.015686275 -399
25 490.5458 568.7038 0.013725491 -458
26 489.54672 573.7012 0.01764706 -458
27 489.54672 573.7012 0.01764706 -467
28 469.56522 683.6439 0.01764706 -492
29 465.5689 779.4347 0.015686275 -492
30 459.236 849.9783 0.015686275 -524
31 450.10788 930.95685 0.01764706 -541
32 446.02353 1018.67896 0.015686275 -557
33 444.19907 1067.8661 0.015686275 -574
34 440.59204 1104.4248 0.01764706 -590
35 440.59204 1104.4248 0.01764706 -601
36 444.58835 1185.3826 0.015686275 -626
37 444.58835 1198.3759 0.015686275 -626
38 445.58743 1203.3732 0.015686275 -642
0 783.2748 357.81363 0.019607844 0
1 783.2748 357.81363 0.019607844 0
2 792.2664 371.80634 0.023529414 -38
3 767.28955 378.8027 0.01764706 -87
4 766.29047 385.79904 0.023529414 -87
5 701.3506 381.80115 0.019607844 -119
6 673.0588 378.76865 0.019607844 -119
7 626.4802 379.7561 0.01764706 -127
8 580.98456 381.7003 0.019607844 -144
9 541.3001 385.50433 0.01764706 -160
10 500.0205 387.61475 0.01764706 -177
11 468.6069 391.32837 0.019607844 -193
12 438.87473 392.46628 0.01764706 -210
13 407.6226 396.29358 0.01764706 -226
14 397.1323 396.79333 0.019607844 -259
15 391.53183 399.16064 0.01764706 -276
16 388.17606 398.7923 0.019607844 -292
17 386.642 399.79178 0.019607844 -309
18 399.62997 423.77927 0.023529414 -316
19 398.6309 440.77042 0.01764706 -349
20 383.9157 471.98578 0.019607844 -349
21 373.45145 524.94324 0.01764706 -375
22 365.61496 593.1213 0.01764706 -391
23 360.66605 625.67413 0.01764706 -408
24 386.642 723.6231 0.023529414 -416
25 389.63922 842.56116 0.021568628 -449
26 377.65033 851.55646 0.01764706 -449
27 363.66327 873.545 0.019607844 -465
28 332.20663 960.13934 0.01764706 -465
29 325.69843 980.4893 0.01764706 -490
30 321.70212 1001.4784 0.01764706 -498
