0 701.3506 928.51636 0.01764706 -7
1 701.3506 928.51636 0.019607844 -7
2 701.3506 928.51636 0.019607844 -50
3 699.0191 928.51636 0.019607844 -83
4 686.6914 928.51636 0.019607844 -116
5 666.9659 928.51636 0.019607844 -149
6 649.69336 930.81573 0.019607844 -182
7 628.3171 933.8956 0.019607844 -199
8 602.99567 936.57166 0.019607844 -215
9 578.29816 938.3702 0.021568628 -232
10 559.0076 938.51117 0.019607844 -248
11 543.8915 936.9364 0.019607844 -265
12 528.94684 933.62286 0.019607844 -281
13 509.77515 928.9044 0.019607844 -298
14 475.9174 920.59216 0.019607844 -314
15 455.04385 918.5681 0.019607844 -347
16 440.14236 918.5216 0.019607844 -364
17 429.5456 918.5216 0.019607844 -380
18 414.5811 918.5216 0.019607844 -397
19 409.27744 918.5216 0.021568628 -430
20 403.94904 919.41345 0.021568628 -446
21 399.27014 921.20026 0.021568628 -463
22 395.5907 923.0407 0.021568628 -479
23 391.9315 924.87103 0.021568628 -496
24 388.37564 926.64966 0.021568628 -512
25 385.6429 929.51587 0.021568628 -529
26 382.6457 932.5143 0.021568628 -536
0 802.2572 400.79126 0.019607844 -5
1 798.65753 393.58908 0.019607844 -5
2 796.6297 389.5318 0.019607844 -28
3 794.61487 387.14893 0.019607844 -44
4 791.97546 385.15378 0.019607844 -61
5 785.67896 383.15204 0.019607844 -77
6 784.2738 382.80063 0.019607844 -94
7 782.2757 385.79904 0.021568628 -97
8 761.2951 384.79956 0.019607844 -130
9 738.3164 384.79956 0.019607844 -130
10 726.32745 391.79593 0.021568628 -148
11 693.35803 390.79645 0.01764706 -173
12 653.4579 392.145 0.019607844 -173
13 620.8395 394.06073 0.019607844 -194
14 546.9023 397.77426 0.01764706 -210
15 494.4491 399.5645 0.01764706 -243
16 465.70877 399.79178 0.019607844 -271
17 446.5865 397.79282 0.01764706 -287
18 435.59668 395.79385 0.019607844 -303
19 422.6087 398.7923 0.021568628 -328
20 417.6133 402.7902 0.021568628 -328
21 403.62628 398.7923 0.019607844 -354
22 395.24796 396.94675 0.019607844 -354
23 388.4572 396.79333 0.019607844 -370
24 384.37808 396.79333 0.019607844 -386
25 377.2118 398.01218 0.019607844 -403
26 375.65216 398.7923 0.019607844 -436
27 373.65402 401.7907 0.019607844 -442
28 369.6577 417.7824 0.019607844 -466
29 367.65958 429.77615 0.019607844 -466
30 361.66513 553.7116 0.019607844 -525
31 361.66513 600.68713 0.019607844 -525
0 763.2933 898.532 0.019607844 -16
1 763.2933 898.532 0.019607844 -16
2 763.2933 898.532 0.01764706 -53
3 760.5828 897.1763 0.01764706 -86
4 759.29694 896.533 0.01764706 -103
5 755.30066 895.53357 0.01764706 -109
6 745.3099 894.53406 0.01764706 -134
7 706.9528 894.53406 0.019607844 -134
8 683.78546 896.74805 0.01764706 -170
9 683.78546 896.74805 0.01764706 -186
10 642.4052 898.532 0.01764706 -210
11 626.42 897.53253 0.01764706 -210
12 566.47546 890.53613 0.01764706 -243
13 543.49677 888.5372 0.01764706 -243
14 523.51526 888.5372 0.01764706 -260
15 505.53192 887.5377 0.01764706 -260
16 454.5791 884.5393 0.01764706 -294
17 441.59113 884.5393 0.01764706 -294
18 429.60223 884.5393 0.01764706 -302
19 410.6198 884.5393 0.01764706 -327
20 380.28656 887.3781 0.01764706 -327
21 375.94437 887.5377 0.01764706 -369
22 368.65863 892.53516 0.01764706 -385
23 364.3056 901.923 0.01764706 -434
24 361.94745 916.9791 0.01764706 -462
25 359.9656 935.5238 0.01764706 -479
26 355.6707 967.4961 0.01764706 -495
27 354.6716 985.4867 0.01764706 -515
28 347.67807 1067.444 0.01764706 -558
29 347.67807 1092.431 0.01764706 -558
30 345.67993 1117.418 0.01764706 -565
31 343.68176 1226.3612 0.01764706 -606
32 340.68454 1277.3347 0.01764706 -606
33 337.68732 1301.3221 0.019607844 -623
34 332.69196 1344.2998 0.01764706 -647
35 330.69382 1363.2899 0.019607844 -647
36 327.6966 1397.2722 0.01764706 -672
37 325.21716 1430.9983 0.019607844 -672
38 323.23468 1455.8342 0.019607844 -693
39 322.27133 1475.5342 0.01764706 -710
40 321.70212 1481.2285 0.019607844 -726
41 321.70212 1490.2238 0.019607844 -731
42 319.70398 1508.2145 0.019607844 -756
43 318.7049 1516.2103 0.019607844 -756
44 317.70584 1523.2067 0.019607844 -764
0 788.27014 378.8027 0.019607844 -8
1 788.27014 378.8027 0.019607844 -8
2 788.27014 378.8027 0.019607844 -32
3 784.57294 378.8027 0.01764706 -82
4 778.9514 378.8027 0.01764706 -99
5 778.27936 378.8027 0.019607844 -116
6 781.2766 386.79852 0.023529414 -117
7 762.2942 384.79956 0.019607844 -142
8 699.08545 385.79904 0.019607844 -142
9 666.5971 387.40982 0.01764706 -182
10 634.98083 389.79697 0.019607844 -198
11 598.37604 390.26807 0.019607844 -215
12 559.79663 390.79645 0.01764706 -231
13 526.62695 392.12146 0.019607844 -248
14 485.04337 391.79593 0.019607844 -264
15 463.57077 393.7949 0.019607844 -281
16 448.58466 392.7954 0.01764706 -295
17 415.61517 391.79593 0.019607844 -321
18 404.93005 391.88275 0.019607844 -321
19 389.9262 392.7954 0.019607844 -330
20 379.64847 391.79593 0.01764706 -347
21 371.65588 391.79593 0.01764706 -356
22 358.6679 391.79593 0.01764706 -382
23 350.88095 391.79593 0.01764706 -382
24 339.9772 393.14923 0.01764706 -397
25 336.68826 394.79437 0.01764706 -429
26 334.6901 407.7876 0.021568628 -443
27 331.69287 518.7298 0.019607844 -512
28 330.69382 528.7246 0.01764706 -512
29 334.6901 569.70325 0.019607844 -528
30 333.69104 581.697 0.01764706 -528
31 337.68732 627.6731 0.019607844 -545
32 343.68176 667.6522 0.021568628 -545
33 358.6679 938.51117 0.019607844 -636
34 358.6679 956.5018 0.019607844 -636
35 376.65125 1001.4784 0.021568628 -668
36 376.65125 1014.4716 0.021568628 -668
0 702.3497 910.52576 0.019607844 -19
1 702.3497 910.52576 0.019607844 -19
2 702.3497 910.52576 0.019607844 -35
3 702.3497 910.52576 0.019607844 -51
4 702.3497 910.52576 0.019607844 -68
5 702.3497 910.52576 0.019607844 -84
6 701.9004 910.07623 0.019607844 -101
7 691.0652 906.2043 0.019607844 -134
8 677.5223 905.5283 0.01764706 -167
9 656.8441 905.95483 0.01764706 -183
10 631.5637 905.15533 0.01764706 -200
11 558.7406 905.5283 0.019607844 -216
12 477.0906 907.60065 0.019607844 -249
13 431.79666 909.5664 0.019607844 -282
14 405.06186 910.52576 0.019607844 -299
15 387.8065 910.52576 0.019607844 -315
16 375.12027 910.52576 0.019607844 -332
17 364.30063 910.52576 0.019607844 -348
18 356.27386 910.52576 0.019607844 -365
19 348.83063 911.9866 0.019607844 -381
20 335.73978 917.1552 0.019607844 -398
21 322.10745 933.5538 0.019607844 -431
22 296.3926 1008.0292 0.019607844 -464
23 273.74637 1108.8234 0.019607844 -497
24 272.74747 1114.4196 0.019607844 -530
25 267.75208 1141.4055 0.019607844 -532
26 259.7595 1196.3768 0.019607844 -556
27 255.76318 1223.3628 0.019607844 -556
28 250.7678 1275.3357 0.019607844 -581
29 247.77058 1302.3217 0.019607844 -581
30 245.77243 1328.3081 0.019607844 -589
31 243.77429 1352.2957 0.019607844 -606
32 240.77705 1464.691 0.019607844 -606
33 239.77798 1483.6255 0.01764706 -662
34 239.77798 1495.549 0.01764706 -679
35 239.77798 1503.2675 0.01764706 -695
36 239.77798 1508.2145 0.01764706 -712
37 239.77798 1513.2118 0.01764706 -723
0 820.24054 375.80426 0.019607844 -17
1 820.24054 375.80426 0.019607844 -17
2 820.24054 375.80426 0.023529414 -34
3 818.2424 379.8022 0.019607844 -58
4 800.9873 376.80374 0.01764706 -58
5 784.9865 376.80374 0.01764706 -83
6 758.7967 376.80374 0.01764706 -100
7 722.943 377.80322 0.019607844 -116
8 640.5885 379.8022 0.019607844 -133
9 590.1857 379.8022 0.019607844 -166
10 549.83484 379.96133 0.01764706 -182
11 512.3878 379.8022 0.01764706 -199
12 478.3883 379.52866 0.019607844 -215
13 416.24826 385.19376 0.01764706 -232
14 399.4206 389.20047 0.01764706 -281
15 389.32092 398.21738 0.01764706 -314
16 383.01907 420.28625 0.01764706 -347
17 383.01907 420.28625 0.021568628 -364
18 388.64014 503.7376 0.019607844 -387
19 378.39786 597.37463 0.01764706 -387
20 378.52002 746.30084 0.01764706 -413
21 404.62534 846.5591 0.021568628 -446
22 399.62997 855.5544 0.01764706 -454
23 394.6346 877.5429 0.01764706 -471
24 383.64478 965.49713 0.01764706 -471
25 382.6457 995.4815 0.01764706 -495
0 799.25995 334.8256 0.019607844 -8
1 797.28766 334.8256 0.019607844 -8
2 793.1688 335.87344 0.019607844 -34
3 784.41705 336.82455 0.019607844 -51
4 755.3418 341.2099 0.019607844 -67
5 689.90436 346.81937 0.019607844 -100
6 645.0438 353.487 0.019607844 -134
7 592.4514 357.81363 0.019607844 -150
8 589.4542 366.80893 0.023529414 -170
9 534.50507 363.81052 0.019607844 -196
10 485.0821 361.86465 0.01764706 -196
11 457.42245 365.41605 0.01764706 -216
12 430.6013 369.80737 0.019607844 -233
13 435.59668 381.80115 0.023529414 -256
14 421.60962 388.7975 0.01764706 -291
15 407.75247 390.76395 0.01764706 -291
16 407.62256 390.79645 0.01764706 -316
17 412.61795 413.7845 0.021568628 -316
18 401.6281 437.77197 0.01764706 -350
19 385.6429 505.73657 0.01764706 -350
20 403.62628 591.69183 0.021568628 -376
21 387.64108 625.67413 0.019607844 -401
22 375.25885 690.1476 0.01764706 -401
23 360.66605 810.5778 0.01764706 -416
24 386.642 898.532 0.021568628 -443
25 390.6383 949.50543 0.023529414 -469
26 393.63553 976.4914 0.021568628 -469
27 387.64108 1021.46796 0.021568628 -501
28 389.63922 1040.4581 0.021568628 -501
0 827.2341 318.83392 0.019607844 0
1 827.2341 318.83392 0.019607844 0
2 824.1855 318.83392 0.019607844 -23
3 820.4076 318.83392 0.019607844 -42
4 813.0486 320.6727 0.01764706 -58
5 798.8393 324.36215 0.01764706 -75
6 772.1479 331.5397 0.01764706 -91
7 672.87695 343.82092 0.01764706 -108
8 660.38855 348.81833 0.01764706 -140
9 654.3941 364.81 0.023529414 -146
10 589.4542 365.80948 0.019607844 -170
11 585.4579 375.80426 0.023529414 -170
12 552.48846 373.8053 0.019607844 -178
13 525.5134 373.8053 0.01764706 -195
14 522.5162 382.80063 0.023529414 -195
15 493.54303 379.8022 0.019607844 -204
16 474.5606 379.8022 0.019607844 -221
17 455.5782 379.8022 0.01764706 -221
18 415.61517 386.79852 0.019607844 -255
19 376.65125 399.79178 0.01764706 -255
20 371.65588 407.7876 0.01764706 -315
21 361.66513 439.77094 0.01764706 -341
22 378.84848 523.64185 0.019607844 -341
23 382.6457 534.7215 0.023529414 -356
24 376.65125 544.7163 0.019607844 -357
25 368.65866 564.7059 0.01764706 -374
26 356.66974 626.6736 0.01764706 -374
27 384.64386 718.6257 0.023529414 -391
28 368.65866 747.6106 0.01764706 -416
29 388.64014 831.5669 0.023529414 -416
30 381.64664 836.5643 0.01764706 -424
31 391.6374 892.5351 0.023529414 -441
32 394.6346 920.52057 0.021568628 -441
33 390.6383 966.4966 0.023529414 -466
34 393.63553 988.48517 0.021568628 -466
35 391.6374 1022.46747 0.023529414 -490
36 394.6346 1042.457 0.023529414 -490
37 381.64664 1057.4492 0.01764706 -523
38 389.63922 1081.4368 0.021568628 -523
0 957.1138 638.66736 0.01764706 0
1 957.1138 638.66736 0.01764706 0
2 951.73553 638.66736 0.01764706 -24
3 943.9013 639.6668 0.01764706 -41
4 929.6416 647.9113 0.01764706 -57
5 905.76227 645.633 0.01764706 -74
6 869.926 642.65186 0.01764706 -90
7 824.04236 650.4035 0.01764706 -107
8 777.0214 654.224 0.01764706 -123
9 691.5298 667.25525 0.01764706 -140
10 633.4135 671.65015 0.01764706 -173
11 616.42926 672.64966 0.01764706 -199
12 573.469 672.64966 0.01764706 -241
13 563.79663 672.64966 0.01764706 -241
14 549.5621 672.64966 0.01764706 -256
15 545.11127 674.5713 0.01764706 -289
16 539.9132 679.23303 0.01764706 -305
17 539.9132 679.23303 0.01764706 -320
18 528.5106 746.61115 0.01764706 -352
19 525.5134 770.59863 0.01764706 -352
20 524.51434 798.58405 0.01764706 -361
21 523.51526 857.55334 0.01764706 -386
22 521.5171 886.53827 0.01764706 -386
23 521.5171 920.52057 0.01764706 -403
24 517.4478 997.4791 0.01764706 -403
25 512.52545 1063.446 0.01764706 -420
26 510.52728 1100.4269 0.01764706 -437
27 505.53192 1162.3945 0.01764706 -462
28 503.53375 1184.383 0.01764706 -462
29 501.5356 1205.3722 0.01764706 -478
30 499.53748 1231.3586 0.01764706 -478
31 496.54025 1273.3368 0.01764706 -511
32 495.54117 1293.3264 0.01764706 -511
0 749.3062 339.823 0.01764706 -10
1 749.3062 339.823 0.01764706 -10
2 747.3836 339.823 0.01764706 -35
3 738.05884 342.5742 0.019607844 -51
4 730.78534 345.23538 0.019607844 -84
5 714.05804 347.2149 0.01764706 -101
6 692.25824 353.97583 0.01764706 -117
7 657.3508 360.63733 0.019607844 -134
8 616.1831 367.2756 0.019607844 -150
9 567.7849 372.23367 0.01764706 -167
10 529.2771 376.84253 0.019607844 -183
11 514.5236 377.80322 0.01764706 -200
12 513.52454 387.798 0.023529414 -206
13 470.5643 386.79852 0.019607844 -230
14 451.58188 386.79852 0.01764706 -230
15 419.61148 386.79852 0.019607844 -257
16 391.27057 390.79645 0.019607844 -257
17 382.32242 394.45633 0.019607844 -299
18 378.27518 399.8536 0.01764706 -332
19 373.79138 411.37323 0.019607844 -348
20 368.57208 436.92215 0.01764706 -365
21 365.14114 480.24835 0.01764706 -381
22 362.6642 521.7283 0.019607844 -398
23 361.66513 554.71106 0.019607844 -410
24 360.66605 629.67206 0.019607844 -436
25 359.1084 686.6007 0.01764706 -436
26 360.80237 821.484 0.01764706 -448
27 358.00162 881.87695 0.01764706 -481
28 358.36597 934.7663 0.01764706 -497
29 357.66882 970.4945 0.01764706 -514
30 383.64478 1030.4633 0.021568628 -527
31 377.65033 1036.4602 0.01764706 -553
32 368.65866 1045.4554 0.01764706 -553
33 380.64755 1070.4425 0.019607844 -578
0 939.13043 501.73868 0.01764706 0
1 939.13043 501.73868 0.01764706 -4
2 938.10645 501.73868 0.015686275 -20
3 934.1402 501.73868 0.015686275 -56
4 927.1516 501.73868 0.013725491 -72
5 911.39075 500.7392 0.015686275 -89
6 842.09094 502.55392 0.013725491 -106
7 734.71436 501.73868 0.015686275 -139
8 685.93835 499.73972 0.015686275 -172
9 645.7406 497.9632 0.01764706 -188
10 610.8046 499.3819 0.015686275 -205
11 587.0662 500.12366 0.013725491 -221
12 571.25226 498.74023 0.015686275 -238
13 562.66974 498.74023 0.015686275 -254
14 556.40765 498.74023 0.015686275 -271
15 553.04803 498.74023 0.015686275 -287
16 549.08453 498.74023 0.015686275 -304
17 545.0575 506.75766 0.015686275 -320
18 541.38306 518.07715 0.015686275 -337
19 537.45294 527.9227 0.013725491 -353
20 525.1334 601.03973 0.015686275 -370
21 521.3606 637.63116 0.015686275 -403
22 516.73883 718.54395 0.015686275 -419
23 516.92914 846.3694 0.013725491 -436
24 513.52185 930.53674 0.015686275 -469
25 511.2856 994.8915 0.015686275 -485
26 511.52637 1041.4575 0.015686275 -502
27 511.52637 1041.4575 0.015686275 -513
28 502.5347 1125.4138 0.013725491 -538
29 503.53375 1133.4097 0.015686275 -538
30 503.53375 1133.4097 0.015686275 -546
31 498.5384 1186.3821 0.013725491 -572
32 498.5384 1186.3821 0.013725491 -572
33 498.5384 1186.3821 0.013725491 -585
34 477.55783 1308.3186 0.01764706 -613
0 754.3016 397.79282 0.01764706 0
1 754.3016 397.79282 0.01764706 -5
2 754.3016 397.79282 0.019607844 -23
3 751.24915 397.79282 0.019607844 -40
4 747.2501 396.79333 0.019607844 -57
5 743.3051 395.79385 0.019607844 -73
6 734.37537 394.8036 0.019607844 -90
7 718.68677 394.79437 0.01764706 -106
8 693.6068 393.87292 0.019607844 -123
9 624.73193 394.57898 0.01764706 -139
10 584.05414 395.0031 0.019607844 -172
11 545.948 395.54657 0.019607844 -189
12 510.8285 399.79178 0.019607844 -205
13 476.97226 402.06873 0.01764706 -222
14 415.54825 403.78967 0.01764706 -238
15 396.48364 403.78967 0.019607844 -288
16 388.57562 403.78967 0.019607844 -321
17 387.64108 403.78967 0.019607844 -354
18 399.62997 424.77875 0.023529414 -361
19 399.62997 438.77145 0.01764706 -395
20 387.4187 455.89676 0.01764706 -395
21 378.18613 493.92722 0.01764706 -420
22 372.04868 548.81683 0.01764706 -436
23 366.3923 610.3667 0.01764706 -453
24 361.53574 675.653 0.01764706 -469
25 360.66605 684.6434 0.01764706 -486
26 360.66605 684.6434 0.01764706 -488
27 351.67438 815.5752 0.01764706 -513
28 351.67438 815.5752 0.01764706 -513
29 381.64664 953.50336 0.023529414 -554
30 387.64108 977.49084 0.021568628 -554
31 377.65033 1003.47736 0.01764706 -596
32 371.65588 1004.4768 0.01764706 -596
33 380.64755 1033.4617 0.021568628 -604
0 794.2646 364.81 0.019607844 0
1 793.2304 364.81 0.019607844 0
2 791.1333 364.81 0.019607844 -32
3 787.0906 364.81 0.019607844 -48
4 782.2299 365.82474 0.019607844 -65
5 782.2299 365.82474 0.023529414 -81
6 764.2923 375.80426 0.01764706 -106
7 720.9269 375.80426 0.019607844 -106
8 680.35406 377.69885 0.01764706 -131
9 640.8094 379.64758 0.019607844 -147
10 602.2106 380.80167 0.019607844 -164
11 561.4016 381.5552 0.01764706 -180
12 493.01288 384.40912 0.01764706 -197
13 467.68433 386.0503 0.019607844 -230
14 428.7291 386.79852 0.01764706 -246
15 415.5192 386.79852 0.01764706 -278
16 406.12778 386.79852 0.01764706 -294
17 397.48672 389.0264 0.019607844 -311
18 391.09116 390.9786 0.019607844 -327
19 385.3523 394.9882 0.01764706 -344
20 379.50687 401.9796 0.019607844 -361
21 372.71555 423.55185 0.019607844 -377
22 365.82312 465.24728 0.01764706 -394
23 359.88385 523.82007 0.01764706 -410
24 356.66974 556.71 0.01764706 -427
25 387.64108 646.6632 0.023529414 -436
26 394.6346 714.6278 0.023529414 -462
27 386.642 720.62463 0.01764706 -462
28 395.63367 779.59393 0.023529414 -478
29 386.642 785.5908 0.01764706 -478
30 394.6346 839.5627 0.023529414 -495
31 385.6429 844.5601 0.01764706 -495
32 377.65033 851.55646 0.01764706 -511
33 385.6429 905.5283 0.023529414 -511
34 377.65033 909.52625 0.01764706 -520
35 370.6568 915.52313 0.01764706 -536
36 379.64847 965.49713 0.021568628 -536
37 381.64664 987.48566 0.021568628 -544
38 366.6605 991.4836 0.01764706 -569
39 356.66974 997.48047 0.01764706 -569
40 367.65958 1034.4612 0.021568628 -586
0 740.3145 877.5429 0.019607844 0
1 740.3145 877.5429 0.019607844 -4
2 739.4089 877.5429 0.019607844 -29
3 734.765 877.5429 0.01764706 -46
4 723.243 875.0224 0.01764706 -62
5 677.78467 871.546 0.01764706 -79
6 601.9426 876.0437 0.019607844 -112
7 560.51697 880.0401 0.01764706 -144
8 513.75946 880.6363 0.01764706 -161
9 466.25476 879.1296 0.01764706 -178
10 424.41245 877.18335 0.01764706 -194
11 364.5675 877.5429 0.01764706 -211
12 335.91498 882.69507 0.01764706 -244
13 327.25677 884.6493 0.01764706 -277
14 323.6363 887.60175 0.01764706 -293
15 321.70212 889.5367 0.01764706 -310
16 318.7049 892.5351 0.01764706 -318
17 306.716 919.52106 0.01764706 -360
18 303.71878 928.51636 0.01764706 -360
19 300.72156 941.5096 0.01764706 -369
20 292.72894 976.4914 0.01764706 -394
21 287.73358 1003.47736 0.01764706 -394
22 282.73822 1030.4633 0.01764706 -402
23 276.74374 1058.4487 0.01764706 -419
24 269.75024 1089.4326 0.01764706 -419
25 262.7567 1122.4154 0.01764706 -436
26 254.76411 1163.394 0.01764706 -436
27 244.77336 1229.3596 0.01764706 -460
28 238.77892 1263.3419 0.01764706 -460
29 233.78354 1299.3232 0.01764706 -477
30 227.7891 1332.306 0.01764706 -477
31 222.79372 1360.2915 0.01764706 -493
32 205.80943 1471.2336 0.01764706 -493
33 205.80943 1471.2336 0.01764706 -551
0 790.26825 342.82144 0.019607844 -9
1 790.26825 342.82144 0.019607844 -9
2 790.26825 342.82144 0.019607844 -33
3 790.26825 342.82144 0.019607844 -50
4 787.6693 342.82144 0.019607844 -55
5 779.50964 343.82092 0.01764706 -83
6 762.5348 347.14694 0.01764706 -99
7 760.296 347.81885 0.01764706 -116
8 760.296 362.81104 0.023529414 -118
9 709.3432 362.81104 0.01764706 -143
10 705.3469 371.80634 0.023529414 -143
11 663.38574 370.80685 0.019607844 -151
12 658.3904 377.80322 0.023529414 -169
13 613.432 373.8053 0.019607844 -169
14 582.4607 373.8053 0.019607844 -186
15 512.52545 372.80582 0.019607844 -186
16 508.52914 381.80115 0.023529414 -212
17 460.57355 379.8022 0.019607844 -237
18 444.58835 378.8027 0.019607844 -237
19 444.58835 387.798 0.023529414 -246
20 412.61795 383.8001 0.019607844 -272
21 376.4234 385.41327 0.019607844 -272
22 372.02618 388.42703 0.019607844 -347
23 370.6568 389.79697 0.019607844 -363
24 381.64664 414.78397 0.023529414 -367
25 375.65216 436.7725 0.019607844 -401
26 384.64386 472.75375 0.023529414 -401
27 375.65216 478.75064 0.01764706 -410
28 385.6429 530.7236 0.023529414 -427
29 375.65216 538.7194 0.01764706 -427
30 383.64478 598.6882 0.023529414 -444
31 388.64014 645.6637 0.023529414 -444
32 385.6429 721.62415 0.023529414 -468
33 374.6531 729.62 0.01764706 -468
34 357.66882 766.6007 0.01764706 -486
35 372.65494 847.55853 0.021568628 -486
36 364.66235 854.5549 0.01764706 -494
37 370.6568 903.5294 0.021568628 -511
38 363.66327 908.5268 0.01764706 -511
39 356.66974 915.52313 0.01764706 -527
40 349.67624 923.519 0.01764706 -527
41 358.6679 969.49506 0.021568628 -536
42 352.67346 991.4836 0.01764706 -569
43 340.68454 999.47943 0.01764706 -569
44 351.67438 1029.4637 0.021568628 -611
0 849.2137 443.76886 0.01764706 -7
1 849.2137 443.76886 0.01764706 -7
2 904.16284 490.7444 0.01764706 -23
3 904.16284 490.7444 0.01764706 -23
4 902.69196 490.7444 0.01764706 -40
5 899.1674 490.7444 0.015686275 -73
6 899.1674 490.7444 0.015686275 -83
7 696.3552 496.74127 0.015686275 -154
8 696.3552 496.74127 0.015686275 -154
9 655.3932 493.74283 0.015686275 -171
10 652.39594 493.74283 0.015686275 -171
11 652.39594 493.74283 0.015686275 -179
12 595.44867 496.74127 0.015686275 -195
13 569.5885 496.74127 0.01764706 -195
14 561.875 496.74127 0.01764706 -238
15 556.8238 496.74127 0.01764706 -254
16 549.84064 496.74127 0.015686275 -271
17 545.76697 506.34354 0.015686275 -304
18 541.49854 519.7295 0.015686275 -320
19 535.50415 543.7168 0.015686275 -337
20 535.50415 543.7168 0.015686275 -349
21 532.50696 626.6736 0.013725491 -374
22 532.0446 653.70636 0.015686275 -374
23 519.95715 810.255 0.015686275 -387
24 522.5162 815.5752 0.013725491 -419
25 522.5162 815.5752 0.013725491 -425
26 490.5458 1067.444 0.013725491 -492
27 490.5458 1067.444 0.013725491 -492
28 487.54858 1128.4122 0.013725491 -516
29 486.5495 1132.4102 0.01764706 -516
30 486.5495 1132.4102 0.01764706 -524
0 960.111 639.6668 0.019607844 0
1 958.1047 644.68066 0.01764706 0
2 954.2133 648.5653 0.01764706 -20
3 950.2992 650.57153 0.01764706 -37
4 941.65344 651.45056 0.01764706 -53
5 897.5437 657.2386 0.01764706 -70
6 803.02106 667.2995 0.01764706 -103
7 775.28217 669.6512 0.01764706 -136
8 748.3071 670.6507 0.01764706 -145
9 702.3497 672.64966 0.01764706 -170
10 630.7271 674.6486 0.01764706 -170
11 602.27325 675.6481 0.01764706 -202
12 583.2173 677.30255 0.01764706 -218
13 563.84247 679.1914 0.01764706 -235
14 554.76355 681.0067 0.01764706 -268
15 550.08374 687.8625 0.01764706 -301
16 548.4921 692.6392 0.01764706 -318
17 545.49493 698.6361 0.01764706 -322
18 536.50323 722.6236 0.01764706 -356
19 532.50696 741.6137 0.01764706 -356
20 525.5134 772.5976 0.01764706 -382
21 521.5171 799.58356 0.01764706 -382
22 508.52914 874.5445 0.01764706 -407
23 502.5347 915.52313 0.01764706 -407
24 497.5393 947.5065 0.01764706 -416
25 492.54395 984.48724 0.01764706 -432
26 487.54858 1033.4617 0.01764706 -432
27 483.55228 1060.4476 0.01764706 -449
28 479.55597 1099.4274 0.01764706 -449
29 476.55875 1125.4138 0.01764706 -466
30 457.57632 1334.3802 0.01764706 -466
31 457.57632 1334.3802 0.01764706 -549
0 915.15265 448.76627 0.01764706 -4
1 911.0642 450.90356 0.01764706 -4
2 905.03186 454.84985 0.01764706 -31
3 898.0674 459.83633 0.015686275 -47
4 890.1758 462.75897 0.01764706 -64
5 881.1841 465.75742 0.01764706 -72
6 520.51807 490.7444 0.013725491 -295
7 518.5199 491.74387 0.013725491 -295
8 518.5199 491.74387 0.013725491 -302
9 493.54303 568.7038 0.013725491 -335
10 493.54303 568.7038 0.013725491 -335
11 489.54672 632.6705 0.013725491 -351
12 489.54672 632.6705 0.013725491 -351
13 484.55133 732.6184 0.01764706 -368
14 484.55133 732.6184 0.01764706 -368
15 479.55597 798.58405 0.01764706 -385
16 479.55597 799.58356 0.013725491 -385
17 479.55597 799.58356 0.013725491 -393
18 474.5606 934.51324 0.015686275 -410
19 460.57355 1046.455 0.015686275 -410
20 460.57355 1046.455 0.015686275 -459
21 447.58557 1123.4149 0.015686275 -484
22 449.5837 1131.4106 0.015686275 -484
23 449.5837 1131.4106 0.015686275 -501
24 449.5837 1184.383 0.015686275 -517
25 449.5837 1184.383 0.015686275 -517
26 449.5837 1184.383 0.015686275 -541
0 743.31177 824.5705 0.019607844 -5
1 742.2474 824.5705 0.019607844 -5
2 738.3186 824.5705 0.019607844 -23
3 731.53625 825.51666 0.01764706 -39
4 718.0236 826.56946 0.01764706 -56
5 692.88446 826.56946 0.01764706 -72
6 654.7554 827.4617 0.01764706 -89
7 602.33105 832.13446 0.01764706 -105
8 546.61334 838.8317 0.01764706 -122
9 493.16537 846.578 0.019607844 -138
10 486.5495 847.55853 0.019607844 -155
11 462.5717 850.557 0.019607844 -157
12 419.61148 856.55383 0.019607844 -183
13 351.58957 865.48535 0.019607844 -183
14 336.20367 869.4184 0.019607844 -221
15 326.5311 871.74036 0.019607844 -237
16 318.95276 874.9203 0.019607844 -254
17 313.47855 879.77295 0.019607844 -270
18 313.47855 879.77295 0.019607844 -287
19 295.7262 918.5216 0.019607844 -328
20 290.7308 938.51117 0.019607844 -328
21 279.74097 985.4867 0.019607844 -354
22 273.74652 1011.47314 0.019607844 -354
23 268.75116 1038.4591 0.019607844 -371
24 262.7567 1067.444 0.019607844 -371
25 257.76132 1099.4274 0.019607844 -387
26 252.76596 1130.4113 0.019607844 -387
27 247.77058 1162.3945 0.019607844 -404
28 243.77429 1193.3784 0.019607844 -404
29 239.77798 1225.3618 0.019607844 -421
30 235.78168 1257.3451 0.019607844 -421
31 231.78539 1285.3306 0.019607844 -438
32 227.7891 1313.3159 0.019607844 -438
33 224.79185 1338.303 0.019607844 -454
34 221.79463 1365.2888 0.019607844 -454
35 218.79741 1391.2754 0.019607844 -471
36 216.79926 1411.2649 0.019607844 -471
37 215.80019 1433.2534 0.019607844 -479
38 214.80112 1453.243 0.01764706 -496
39 213.80203 1469.2347 0.01764706 -496
40 212.80296 1485.2264 0.01764706 -504
41 212.80296 1501.218 0.019607844 -521
42 214.80112 1527.2046 0.01764706 -521
43 214.80112 1536.1998 0.01764706 -537
0 737.3173 335.82507 0.019607844 0
1 736.39215 335.82507 0.019607844 0
2 732.3341 336.81845 0.019607844 -34
3 723.62695 337.82404 0.019607844 -50
4 723.33026 337.82404 0.01764706 -67
5 715.33765 338.82352 0.01764706 -67
6 403.62628 383.8001 0.019607844 -214
7 390.7072 388.17023 0.019607844 -214
8 383.2235 392.00665 0.019607844 -232
9 377.5016 395.89304 0.019607844 -248
10 371.6762 403.75577 0.019607844 -265
11 367.76263 419.3174 0.01764706 -281
12 363.85184 449.97263 0.01764706 -298
13 360.79526 499.24802 0.01764706 -314
14 356.4525 629.2801 0.01764706 -331
15 356.66974 636.6684 0.01764706 -364
16 385.6429 719.6252 0.023529414 -366
17 495.54117 1002.47784 0.013725491 -416
18 494.54208 1015.47107 0.013725491 -416
19 468.56613 1023.4669 0.023529414 -432
20 476.55875 1059.4481 0.013725491 -432
21 461.57263 1067.444 0.023529414 -448
22 451.58188 1074.4404 0.021568628 -448
23 398.6309 1070.4425 0.01764706 -472
24 401.6281 1089.4326 0.023529414 -472
0 972.0999 673.6491 0.01764706 -6
1 971.91766 673.1021 0.01764706 -6
2 968.16345 670.6507 0.01764706 -15
3 966.0837 670.6507 0.01764706 -48
4 961.09906 670.6507 0.01764706 -65
5 930.57196 670.6507 0.01764706 -81
6 928.1406 670.6507 0.01764706 -114
7 913.1545 670.6507 0.01764706 -116
8 877.1878 670.6507 0.01764706 -140
9 855.2081 670.6507 0.01764706 -140
10 836.2257 670.6507 0.01764706 -149
11 814.2461 670.6507 0.01764706 -166
12 793.2655 670.6507 0.01764706 -166
13 774.2831 670.6507 0.01764706 -174
14 756.29974 670.6507 0.01764706 -191
15 739.3154 670.6507 0.01764706 -191
16 723.33026 670.6507 0.01764706 -200
17 709.3432 670.6507 0.01764706 -217
18 685.3654 670.6507 0.01764706 -217
19 673.3765 670.6507 0.01764706 -235
20 641.4061 670.6507 0.01764706 -268
21 614.4311 671.65015 0.01764706 -268
22 607.43756 671.65015 0.01764706 -295
23 581.4616 676.6476 0.01764706 -347
24 537.06696 810.47986 0.01764706 -347
25 529.5226 883.63403 0.01764706 -427
26 519.519 952.5039 0.01764706 -444
27 513.52454 989.4846 0.01764706 -461
28 500.53653 1102.4258 0.01764706 -484
29 496.54025 1134.4092 0.01764706 -484
30 492.54395 1167.392 0.01764706 -501
31 490.5458 1191.3795 0.01764706 -501
32 485.5504 1243.3524 0.01764706 -525
33 483.55228 1262.3425 0.01764706 -525
0 954.1166 631.67096 0.01764706 0
1 952.5803 631.67096 0.01764706 0
2 939.23816 633.6699 0.01764706 -28
3 927.1214 637.0183 0.01764706 -61
4 880.95013 647.5564 0.01764706 -77
5 844.9181 649.8757 0.01764706 -110
6 833.2285 652.66003 0.01764706 -127
7 810.24976 657.6575 0.015686275 -131
8 767.28955 662.65485 0.01764706 -157
9 745.3099 664.6538 0.01764706 -157
10 723.33026 665.65326 0.01764706 -165
11 703.34875 667.6522 0.01764706 -183
12 683.36725 668.65173 0.01764706 -183
13 664.3848 668.65173 0.01764706 -191
14 649.3987 669.6512 0.01764706 -208
15 624.4218 671.65015 0.01764706 -208
16 614.4311 671.65015 0.01764706 -225
17 589.4542 674.6486 0.01764706 -260
18 570.4718 691.6398 0.01764706 -260
19 566.47546 687.64185 0.023529414 -294
20 556.48474 737.6158 0.01764706 -319
21 545.86615 833.2782 0.01764706 -319
22 538.9088 902.7856 0.01764706 -341
23 526.72833 988.26086 0.01764706 -358
24 516.5217 1044.4559 0.01764706 -374
25 508.52914 1095.4294 0.01764706 -387
26 502.5347 1122.4154 0.01764706 -403
27 496.54025 1161.395 0.01764706 -403
28 477.55783 1336.304 0.01764706 -479
29 477.55783 1357.2931 0.01764706 -479
30 477.55783 1369.2867 0.01764706 -486
0 952.1184 438.77145 0.015686275 0
1 952.1184 438.77145 0.015686275 0
2 944.8618 438.77145 0.015686275 -17
3 937.2702 438.77145 0.013725491 -33
4 927.5006 438.77145 0.013725491 -50
5 909.72437 439.6591 0.013725491 -66
6 840.8793 441.7699 0.013725491 -83
7 762.2942 459.76053 0.015686275 -116
8 762.2942 459.76053 0.015686275 -143
9 658.3904 483.74805 0.01764706 -169
10 656.3922 483.74805 0.015686275 -169
11 656.3922 483.74805 0.015686275 -177
12 593.4505 485.747 0.01764706 -195
13 587.45605 487.74594 0.015686275 -195
14 587.45605 487.74594 0.015686275 -221
15 537.5023 497.74075 0.01764706 -246
16 537.5023 497.74075 0.015686275 -246
17 533.8196 521.5314 0.015686275 -298
18 533.50604 523.72723 0.013725491 -331
19 533.50604 523.72723 0.013725491 -334
20 529.5097 624.6746 0.015686275 -359
21 529.5097 624.6746 0.015686275 -359
22 528.5106 686.64233 0.013725491 -376
23 528.5106 686.64233 0.013725491 -376
24 473.56152 837.5637 0.023529414 -418
25 481.5541 873.545 0.013725491 -418
26 497.5393 1003.47736 0.013725491 -451
27 497.5393 1014.4716 0.013725491 -451
28 495.54117 1126.4133 0.013725491 -501
29 494.54208 1130.4113 0.01764706 -501
30 494.54208 1130.4113 0.01764706 -509
0 943.1267 499.73972 0.01764706 0
1 943.1267 499.73972 0.01764706 0
2 943.1267 499.73972 0.01764706 -18
3 939.13043 499.73972 0.015686275 -74
4 939.13043 499.73972 0.015686275 -87
5 894.17206 496.74127 0.015686275 -112
6 791.4531 496.9932 0.015686275 -112
7 773.284 493.74283 0.015686275 -174
8 773.284 493.74283 0.015686275 -180
9 653.395 491.74387 0.015686275 -205
10 621.4246 492.74335 0.015686275 -205
11 621.4246 492.74335 0.015686275 -231
12 536.50323 494.7423 0.01764706 -256
13 536.50323 494.7423 0.01764706 -256
14 536.50323 494.7423 0.015686275 -273
15 536.50323 494.7423 0.015686275 -306
16 536.50323 494.7423 0.013725491 -323
17 536.50323 494.7423 0.013725491 -352
18 492.54395 570.70276 0.013725491 -395
19 492.54395 570.70276 0.013725491 -395
20 483.55228 634.66943 0.013725491 -429
21 483.55228 634.66943 0.013725491 -429
22 483.55228 696.63715 0.013725491 -446
23 483.55228 696.63715 0.013725491 -446
24 478.5569 796.5851 0.01764706 -463
25 478.5569 796.5851 0.01764706 -463
26 482.5532 880.5414 0.013725491 -488
27 482.5532 880.5414 0.013725491 -488
28 482.5532 944.50806 0.013725491 -505
29 482.5532 944.50806 0.013725491 -505
30 481.5541 1005.4763 0.013725491 -521
31 481.5541 1005.4763 0.013725491 -521
32 480.55505 1103.4253 0.01764706 -546
33 480.55505 1103.4253 0.01764706 -546
34 484.55133 1129.4117 0.013725491 -571
35 482.5532 1137.4076 0.01764706 -571
36 482.5532 1137.4076 0.01764706 -588
0 949.1212 506.73605 0.01764706 -6
1 947.12305 509.5567 0.015686275 -6
2 943.75977 507.55246 0.015686275 -32
3 939.81647 506.73605 0.015686275 -49
4 932.5063 506.73605 0.013725491 -65
5 924.5768 506.73605 0.013725491 -82
6 905.90826 505.73657 0.013725491 -98
7 852.4272 504.7371 0.013725491 -115
8 821.125 504.72943 0.013725491 -148
9 775.6758 506.71533 0.013725491 -164
10 732.2343 512.8922 0.015686275 -181
11 693.1815 527.68494 0.01764706 -197
12 655.21094 535.0055 0.01764706 -214
13 627.41736 541.7951 0.01764706 -230
14 613.432 544.7163 0.015686275 -247
15 613.432 544.7163 0.015686275 -258
16 538.5014 553.7116 0.01764706 -309
17 538.5014 553.7116 0.01764706 -309
18 538.5014 553.7116 0.01764706 -329
19 538.5014 553.7116 0.01764706 -346
20 532.50696 578.36194 0.01764706 -362
21 521.70593 676.3435 0.015686275 -395
22 520.8101 745.5351 0.015686275 -428
23 521.5171 752.608 0.013725491 -445
24 521.5171 752.608 0.013725491 -448
25 509.52823 938.51117 0.015686275 -473
26 481.5541 931.51483 0.023529414 -473
27 435.59668 928.51636 0.021568628 -498
28 417.6133 930.5153 0.01764706 -498
29 408.62164 936.5122 0.01764706 -514
30 382.14615 988.98486 0.01764706 -514
31 374.6531 1034.4612 0.01764706 -543
32 394.6346 1091.4315 0.021568628 -564
33 388.64014 1094.4299 0.01764706 -589
34 378.7351 1103.3395 0.01764706 -589
35 378.6494 1103.4253 0.01764706 -626
36 377.65033 1104.4248 0.01764706 -631
0 710.3423 846.5591 0.019607844 0
1 708.2493 846.5591 0.019607844 0
2 703.3601 846.5591 0.019607844 -21
3 696.83997 846.5591 0.019607844 -38
4 690.0717 846.5591 0.019607844 -54
5 682.2792 846.5591 0.019607844 -71
6 646.1634 846.5591 0.019607844 -87
7 590.4533 850.557 0.019607844 -120
8 572.4699 850.557 0.019607844 -150
9 535.50415 850.557 0.019607844 -175
10 518.5199 850.557 0.019607844 -175
11 500.53653 850.557 0.019607844 -183
12 482.5532 850.557 0.019607844 -200
13 467.56708 850.557 0.019607844 -200
14 452.58093 850.557 0.019607844 -209
15 409.62073 854.5549 0.019607844 -243
16 386.3088 856.55383 0.019607844 -243
17 361.8362 860.11774 0.019607844 -270
18 353.59833 863.58734 0.019607844 -318
19 339.56604 873.6645 0.019607844 -335
20 339.56604 873.6645 0.019607844 -368
21 316.70676 925.51794 0.019607844 -408
22 307.7151 973.4929 0.019607844 -408
23 300.72156 1009.4742 0.019607844 -424
24 291.8047 1049.8474 0.019607844 -424
25 276.74374 1121.4159 0.019607844 -434
26 269.75024 1157.3972 0.019607844 -450
27 256.76227 1230.3591 0.019607844 -476
28 249.76874 1268.3394 0.019607844 -476
29 238.77892 1336.304 0.01764706 -501
30 234.78261 1363.2899 0.019607844 -501
31 230.78632 1390.2759 0.01764706 -517
32 226.79001 1414.2634 0.019607844 -517
33 222.79372 1438.2509 0.019607844 -534
34 220.79556 1456.2415 0.01764706 -534
35 218.79741 1472.2332 0.019607844 -542
36 217.79834 1493.2223 0.01764706 -567
37 218.79741 1515.2108 0.01764706 -567
38 218.79741 1515.2108 0.01764706 -592
0 922.1462 474.75272 0.01764706 0
1 922.1462 474.75272 0.01764706 0
2 920.13165 474.75272 0.01764706 -22
3 915.2174 474.75272 0.01764706 -39
4 906.30347 475.7237 0.015686275 -55
5 884.8078 476.6947 0.01764706 -72
6 852.4466 476.75168 0.015686275 -88
7 808.3683 480.58218 0.01764706 -105
8 761.12946 483.50894 0.01764706 -121
9 759.29694 483.74805 0.015686275 -138
10 759.29694 483.74805 0.015686275 -139
11 659.38947 491.74387 0.01764706 -164
12 657.3913 491.74387 0.015686275 -164
13 657.3913 491.74387 0.015686275 -172
14 590.4533 496.74127 0.015686275 -198
15 582.6552 496.74127 0.015686275 -198
16 573.6313 497.74075 0.013725491 -220
17 564.17163 497.74075 0.01764706 -237
18 553.71814 497.74075 0.013725491 -253
19 545.08215 510.85367 0.01764706 -286
20 542.0261 516.67487 0.015686275 -303
21 542.0261 516.67487 0.015686275 -319
22 529.5097 562.7069 0.015686275 -343
23 529.5097 562.7069 0.015686275 -343
24 499.53748 630.6715 0.013725491 -360
25 499.53748 630.6715 0.013725491 -360
26 496.54025 690.64026 0.013725491 -377
27 494.54208 695.6377 0.01764706 -377
28 494.54208 695.6377 0.01764706 -385
29 484.55133 794.5861 0.01764706 -403
30 484.55133 795.58563 0.013725491 -403
31 484.55133 795.58563 0.013725491 -411
32 482.5532 881.54083 0.013725491 -428
33 482.5532 881.54083 0.013725491 -428
34 481.5541 943.50854 0.013725491 -445
35 476.55875 982.4883 0.01764706 -445
36 476.55875 982.4883 0.01764706 -461
37 476.55875 1069.443 0.013725491 -486
38 474.5606 1074.4404 0.01764706 -486
39 474.5606 1074.4404 0.01764706 -494
40 475.55966 1132.4102 0.013725491 -511
41 469.56522 1150.4008 0.015686275 -511
42 469.56522 1150.4008 0.015686275 -552
0 946.12396 494.7423 0.015686275 0
1 944.1258 494.7423 0.015686275 0
2 944.1258 494.7423 0.015686275 -3
3 896.1702 494.7423 0.01764706 -61
4 896.1702 494.7423 0.01764706 -61
5 867.197 499.73972 0.015686275 -77
6 867.197 499.73972 0.015686275 -77
7 820.24054 498.74023 0.015686275 -110
8 820.24054 498.74023 0.015686275 -110
9 744.31085 500.7392 0.015686275 -143
10 744.31085 500.7392 0.015686275 -143
11 712.34045 495.7418 0.015686275 -160
12 708.3441 495.7418 0.015686275 -160
13 708.3441 495.7418 0.015686275 -169
14 652.39594 497.74075 0.015686275 -186
15 599.01074 499.69626 0.013725491 -186
16 569.99176 501.73868 0.015686275 -228
17 561.1896 501.73868 0.015686275 -260
18 553.5495 506.18982 0.01764706 -277
19 541.5681 517.66077 0.01764706 -293
20 533.50604 526.72565 0.015686275 -326
21 533.50604 526.72565 0.015686275 -349
22 509.52823 565.7053 0.015686275 -375
23 510.52728 564.7059 0.013725491 -375
24 510.52728 564.7059 0.013725491 -383
25 504.53284 628.67255 0.013725491 -400
26 504.53284 637.66785 0.015686275 -400
27 504.53284 637.66785 0.015686275 -409
28 489.54672 794.5861 0.01764706 -434
29 489.54672 795.58563 0.013725491 -434
30 489.54672 795.58563 0.013725491 -442
31 480.55505 921.52 0.01764706 -459
32 480.55505 921.52 0.01764706 -459
33 468.56613 989.4846 0.01764706 -476
34 442.7762 1113.6753 0.01764706 -476
35 442.5902 1114.4196 0.01764706 -526
36 442.5902 1114.4196 0.01764706 -526
37 435.59668 1187.3816 0.013725491 -559
38 434.5976 1190.38 0.01764706 -559
39 434.5976 1190.38 0.01764706 -567
0 943.1267 688.6413 0.01764706 0
1 942.1277 687.64185 0.01764706 0
2 938.2817 686.64233 0.01764706 -29
3 934.38513 684.76843 0.01764706 -46
4 930.5771 683.6439 0.01764706 -62
5 930.1388 683.6439 0.01764706 -79
6 927.14154 682.6444 0.01764706 -81
7 920.148 682.6444 0.01764706 -106
8 883.8151 681.64496 0.01764706 -106
9 859.0876 682.6444 0.01764706 -145
10 828.5048 684.0018 0.01764706 -161
11 791.65826 684.97363 0.01764706 -178
12 755.1626 687.9272 0.01764706 -194
13 710.3312 691.9134 0.01764706 -211
14 644.5694 703.5505 0.01764706 -227
15 616.9301 713.8586 0.01764706 -260
16 595.4578 715.44806 0.01764706 -277
17 578.9733 718.90857 0.01764706 -293
18 565.54193 722.7477 0.01764706 -310
19 555.1402 725.0915 0.01764706 -326
20 545.4468 727.03094 0.01764706 -343
21 536.7212 727.62103 0.01764706 -359
22 529.7591 727.62103 0.01764706 -376
23 526.5125 728.6205 0.01764706 -392
24 523.51526 728.6205 0.01764706 -399
25 502.5347 747.6106 0.01764706 -458
26 498.5384 756.6059 0.01764706 -458
27 494.54208 767.6002 0.01764706 -467
28 482.5532 817.57416 0.01764706 -492
29 458.83234 965.1584 0.01764706 -492
30 448.68652 1041.4213 0.01764706 -524
31 439.38016 1123.4955 0.01764706 -541
32 431.74945 1203.2955 0.01764706 -557
33 427.2148 1253.633 0.01764706 -574
34 424.60684 1290.3279 0.01764706 -590
35 423.6078 1308.3186 0.01764706 -601
36 423.6078 1350.2966 0.01764706 -626
37 423.6078 1373.2847 0.01764706 -626
38 423.6078 1380.2811 0.01764706 -642
0 710.3423 852.55597 0.019607844 0
1 709.3432 852.55597 0.019607844 0
2 707.34503 851.55646 0.01764706 -38
3 683.36725 847.55853 0.01764706 -87
4 672.37744 846.5591 0.01764706 -87
5 623.4227 849.5575 0.019607844 -119
6 601.1935 852.59 0.019607844 -119
7 555.63806 858.41455 0.019607844 -127
8 512.8458 862.349 0.019607844 -144
9 471.36484 865.40186 0.019607844 -160
10 430.45163 868.1811 0.019607844 -177
11 399.13904 871.31226 0.019607844 -193
12 372.26572 874.21533 0.019607844 -210
13 339.6855 878.0426 0.019607844 -226
14 331.6929 880.0416 0.019607844 -259
15 326.59198 881.9092 0.019607844 -276
16 323.2362 883.7719 0.019607844 -292
17 321.70212 885.53876 0.01764706 -309
18 318.7049 889.5367 0.019607844 -316
19 310.7123 912.5247 0.01764706 -349
20 301.90128 975.27167 0.01764706 -349
21 291.4868 1032.5978 0.01764706 -375
22 280.65875 1097.8235 0.01764706 -391
23 273.74652 1133.4097 0.01764706 -408
24 265.75394 1171.3899 0.01764706 -416
25 239.77798 1298.3237 0.01764706 -449
26 231.78539 1330.3071 0.01764706 -449
27 225.79094 1365.2888 0.01764706 -465
28 206.56586 1454.9423 0.01764706 -465
29 198.81592 1478.2301 0.01764706 -490
30 198.81592 1478.2301 0.01764706 -498
