0 875.18964 1027.4648 0.015686275 -45
1 874.14276 1027.4648 0.015686275 -45
2 866.52734 1027.4648 0.01764706 -78
3 857.4584 1027.4648 0.01764706 -110
4 843.32355 1028.8433 0.01764706 -143
5 824.57245 1031.5955 0.01764706 -176
6 813.2339 1033.6304 0.01764706 -209
7 800.3334 1034.4612 0.01764706 -226
8 775.6181 1036.5205 0.01764706 -242
9 730.1939 1037.2548 0.015686275 -259
10 683.61584 1034.336 0.01764706 -292
11 656.5376 1033.9342 0.01764706 -325
12 633.61884 1032.063 0.01764706 -341
13 610.91766 1027.8785 0.015686275 -358
14 587.71533 1027.3198 0.01764706 -374
15 566.4734 1023.28485 0.01764706 -391
16 545.79663 1019.52936 0.01764706 -407
17 532.68506 1015.86365 0.01764706 -424
18 523.92426 1013.8243 0.01764706 -440
19 516.5189 1012.47266 0.01764706 -457
20 510.41483 1012.47266 0.01764706 -473
21 502.55905 1012.47266 0.01764706 -490
22 500.5927 1012.47266 0.01764706 -523
23 498.76532 1012.47266 0.01764706 -539
24 496.93027 1012.47266 0.01764706 -556
25 495.0798 1012.47266 0.01764706 -572
26 493.208 1012.47266 0.01764706 -589
27 491.39084 1014.62573 0.01764706 -605
28 489.4805 1020.73346 0.01764706 -622
29 482.05005 1050.2192 0.01764706 -638
30 478.1704 1072.7623 0.01764706 -671
31 474.4282 1103.0518 0.01764706 -688
32 472.09863 1139.6912 0.01764706 -704
33 470.2037 1180.2432 0.01764706 -721
34 466.568 1261.7351 0.01764706 -737
35 464.2407 1309.4363 0.01764706 -770
36 457.54434 1411.905 0.01764706 -787
37 452.5949 1454.1097 0.01764706 -820
38 451.58188 1483.4321 0.01764706 -836
39 447.58557 1535.7225 0.01764706 -853
40 444.91248 1571.9103 0.01764706 -886
41 444.58835 1582.1637 0.01764706 -919
42 444.58835 1589.2465 0.01764706 -935
43 444.58835 1594.445 0.01764706 -952
44 444.58835 1598.3181 0.01764706 -968
45 444.58835 1600.6805 0.01764706 -985
46 444.58835 1602.6102 0.01764706 -1001
47 444.58835 1604.5908 0.01764706 -1018
48 444.58835 1606.5221 0.01764706 -1034
49 444.58835 1608.459 0.01764706 -1051
50 444.58835 1609.1619 0.01764706 -1067
51 444.58835 1609.1619 0.01764706 -1084
52 444.58835 1609.1619 0.01764706 -1100
53 444.58835 1609.1619 0.01764706 -1129
54 444.58835 1610.1227 0.01764706 -1150
55 444.58835 1610.6287 0.01764706 -1166
56 444.58835 1610.1614 0.01764706 -1175
57 444.58835 1610.1614 0.01764706 -1249
58 444.58835 1610.1614 0.01764706 -1265
59 444.58835 1611.1608 0.01764706 -1282
60 444.58835 1611.1608 0.01764706 -1302
0 881.1841 793.5867 0.01764706 -18
1 881.1841 793.5867 0.01764706 -18
2 878.66016 793.5867 0.01764706 -52
3 875.77625 792.58716 0.01764706 -69
4 871.85626 791.41956 0.01764706 -86
5 859.5232 789.66846 0.01764706 -102
6 839.7455 789.58875 0.01764706 -135
7 828.4009 787.62335 0.01764706 -168
8 804.35455 787.5898 0.01764706 -185
9 787.73676 787.5898 0.01764706 -218
10 773.7762 787.5898 0.01764706 -234
11 741.4682 787.5898 0.01764706 -249
12 704.2535 786.4809 0.01764706 -282
13 679.9587 785.38995 0.019607844 -315
14 659.95013 783.44806 0.01764706 -332
15 634.45465 781.5131 0.01764706 -348
16 614.43756 779.5946 0.01764706 -365
17 580.9931 775.91223 0.01764706 -381
18 551.8721 772.22394 0.019607844 -414
19 538.42847 770.08673 0.019607844 -447
20 528.22296 768.5997 0.019607844 -464
21 518.7171 767.23987 0.019607844 -480
22 511.44098 765.33 0.019607844 -497
23 503.63602 763.378 0.019607844 -513
24 498.2781 763.6023 0.01764706 -530
25 493.57272 762.6028 0.01764706 -546
26 489.78174 762.6028 0.01764706 -563
27 485.98584 762.6028 0.01764706 -579
28 483.8706 762.6028 0.01764706 -596
29 481.9893 762.6028 0.01764706 -612
30 480.09683 762.6028 0.01764706 -629
31 478.1147 767.92786 0.019607844 -645
32 476.26575 773.77 0.01764706 -662
33 473.56152 798.67896 0.01764706 -678
34 474.59174 822.9762 0.01764706 -711
35 475.2742 874.2588 0.01764706 -728
36 479.73468 942.7083 0.01764706 -761
37 482.1896 983.2096 0.01764706 -794
38 484.09824 1022.397 0.01764706 -810
39 486.018 1062.275 0.01764706 -827
40 487.00375 1104.4274 0.01764706 -843
41 487.54858 1146.9591 0.01764706 -860
42 488.8893 1226.859 0.01764706 -876
43 488.54764 1288.168 0.01764706 -909
44 488.54764 1313.3802 0.01764706 -942
45 488.54764 1331.122 0.01764706 -959
46 488.54764 1345.22 0.01764706 -975
47 488.54764 1359.9492 0.01764706 -992
48 488.54764 1368.2101 0.01764706 -1025
49 488.54764 1372.0544 0.01764706 -1058
50 488.54764 1374.1405 0.01764706 -1091
51 488.54764 1376.086 0.01764706 -1107
52 488.54764 1378.0526 0.01764706 -1124
53 488.54764 1379.9999 0.01764706 -1140
54 488.54764 1381.957 0.01764706 -1157
55 488.54764 1382.7991 0.01764706 -1173
56 487.0604 1383.2795 0.01764706 -1206
57 486.5495 1383.2795 0.015686275 -1239
58 486.5495 1383.2795 0.015686275 -1244
0 894.17206 994.482 0.01764706 -127
1 890.4007 994.482 0.01764706 -127
2 875.97894 994.482 0.01764706 -138
3 866.4906 994.482 0.01764706 -171
4 855.2081 995.98126 0.01764706 -188
5 843.4633 997.9395 0.015686275 -204
6 830.1288 998.4799 0.015686275 -221
7 815.23956 1001.22986 0.01764706 -237
8 779.2576 1003.47736 0.015686275 -254
9 757.5257 1003.7674 0.01764706 -287
10 710.23145 1003.3015 0.01764706 -304
11 683.394 1002.47784 0.015686275 -337
12 642.5865 1002.47784 0.01764706 -353
13 615.53265 1001.4784 0.01764706 -382
14 596.3245 1000.4789 0.01764706 -398
15 574.73175 999.47943 0.01764706 -415
16 553.6251 998.4799 0.015686275 -431
17 536.5239 998.4799 0.01764706 -448
18 523.3192 996.44824 0.01764706 -464
19 513.80066 994.5511 0.01764706 -481
20 507.03186 993.64954 0.01764706 -497
21 502.0826 993.48254 0.01764706 -514
22 497.89197 993.48254 0.01764706 -531
23 493.1295 993.48254 0.01764706 -547
24 489.5237 993.48254 0.01764706 -580
25 487.37665 993.48254 0.01764706 -613
26 485.47266 994.482 0.01764706 -630
27 483.5766 996.4566 0.01764706 -646
28 481.64975 1000.28754 0.01764706 -663
29 477.934 1011.3437 0.01764706 -679
30 475.89258 1020.1358 0.01764706 -712
31 473.9665 1030.0315 0.01764706 -729
32 472.56244 1042.6344 0.01764706 -745
33 471.0783 1059.7886 0.01764706 -762
34 469.56522 1083.3135 0.01764706 -778
35 468.56613 1155.9249 0.01764706 -795
36 465.22092 1192.9966 0.015686275 -828
37 460.08035 1230.8018 0.01764706 -844
38 447.24463 1313.4487 0.01764706 -861
39 439.61285 1370.9504 0.01764706 -894
40 433.16187 1415.3221 0.01764706 -910
41 427.22632 1447.2627 0.01764706 -927
42 422.40067 1474.6895 0.01764706 -943
43 419.53235 1496.0127 0.01764706 -960
44 417.55457 1513.682 0.01764706 -976
45 413.6803 1537.8824 0.01764706 -993
46 413.61703 1556.0762 0.01764706 -1026
47 413.61703 1564.1753 0.01764706 -1059
48 413.61703 1574.1976 0.01764706 -1075
49 413.61703 1578.1691 0.01764706 -1108
50 413.61703 1580.1481 0.01764706 -1125
51 413.61703 1582.127 0.01764706 -1141
52 413.61703 1584.1449 0.01764706 -1158
53 413.61703 1585.1743 0.01764706 -1174
54 413.61703 1585.1743 0.01764706 -1191
55 413.61703 1586.1738 0.015686275 -1207
56 413.61703 1586.1738 0.015686275 -1216
0 910.1573 982.4883 0.01764706 -8
1 910.1573 982.4883 0.01764706 -17
2 910.1573 982.4883 0.01764706 -37
3 909.0597 981.3902 0.01764706 -62
4 899.0233 977.4428 0.015686275 -92
5 880.8781 977.3753 0.015686275 -125
6 865.8272 977.49084 0.01764706 -158
7 849.1256 976.4816 0.015686275 -174
8 827.57025 979.4592 0.01764706 -191
9 803.1057 979.4898 0.01764706 -207
10 777.6401 978.39325 0.015686275 -224
11 748.73724 977.59296 0.01764706 -240
12 721.6129 975.4919 0.015686275 -257
13 694.937 972.89026 0.01764706 -273
14 641.21454 963.3918 0.01764706 -290
15 612.1893 958.59827 0.015686275 -323
16 572.9463 952.0637 0.01764706 -339
17 549.59894 948.32764 0.015686275 -373
18 542.61426 946.21277 0.015686275 -406
19 539.0291 944.2723 0.015686275 -422
20 535.19464 943.3537 0.015686275 -439
21 530.73224 943.50854 0.015686275 -455
22 527.56885 943.50854 0.015686275 -488
23 525.63354 943.50854 0.015686275 -505
24 523.711 943.50854 0.015686275 -521
25 521.78815 944.23694 0.015686275 -538
26 519.1644 946.8617 0.015686275 -554
27 509.86606 967.4816 0.015686275 -571
28 502.71277 996.00085 0.01764706 -604
29 498.63336 1018.44684 0.01764706 -637
30 498.5384 1038.5874 0.015686275 -653
31 492.45645 1121.5176 0.01764706 -670
32 490.0298 1173.3615 0.01764706 -703
33 483.9965 1250.6426 0.01764706 -719
34 480.29633 1301.8182 0.01764706 -736
35 477.45993 1356.0376 0.01764706 -752
36 474.46872 1406.751 0.01764706 -769
37 471.39633 1455.0809 0.01764706 -785
38 468.41956 1497.6138 0.01764706 -802
39 464.42432 1536.3652 0.015686275 -818
40 455.4216 1595.1879 0.015686275 -835
41 453.50873 1613.8018 0.015686275 -868
42 448.4125 1632.8389 0.015686275 -884
43 446.51746 1643.4894 0.015686275 -901
44 442.6604 1653.9979 0.015686275 -917
45 441.59113 1657.208 0.015686275 -950
46 441.59113 1659.2189 0.015686275 -967
47 441.59113 1661.2155 0.015686275 -983
48 441.59113 1662.197 0.015686275 -1000
49 441.59113 1662.1343 0.015686275 -1016
50 441.59113 1662.1343 0.015686275 -1050
51 441.59113 1662.1343 0.015686275 -1050
0 932.1369 973.4929 0.015686275 -18
1 932.1369 973.4929 0.015686275 -27
2 928.7391 973.4929 0.015686275 -44
3 924.72675 973.4929 0.01764706 -77
4 914.5023 973.4929 0.01764706 -93
5 906.31903 973.4929 0.015686275 -126
6 893.5719 975.949 0.015686275 -143
7 880.8182 978.6611 0.01764706 -159
8 846.2596 982.57526 0.015686275 -176
9 826.0065 985.6095 0.01764706 -209
10 805.2299 985.4867 0.015686275 -225
11 758.87427 986.4862 0.01764706 -242
12 735.6121 984.5139 0.015686275 -275
13 710.258 986.41583 0.01764706 -291
14 687.49286 985.5893 0.01764706 -308
15 664.18945 985.34796 0.015686275 -324
16 642.71387 985.4867 0.01764706 -341
17 622.7658 984.7474 0.01764706 -357
18 604.5538 984.176 0.015686275 -374
19 587.63245 985.4867 0.01764706 -390
20 562.6256 985.4867 0.01764706 -407
21 545.6089 984.48724 0.015686275 -440
22 536.9547 983.48773 0.015686275 -473
23 530.3971 982.4883 0.015686275 -490
24 523.9992 982.4883 0.01764706 -506
25 520.1842 982.4883 0.01764706 -523
26 516.3156 982.4883 0.01764706 -539
27 514.5035 982.4883 0.01764706 -556
28 512.6338 982.4883 0.01764706 -572
29 510.66995 984.34454 0.01764706 -589
30 508.7573 987.0292 0.015686275 -605
31 506.82938 990.8866 0.015686275 -622
32 504.92947 995.2906 0.015686275 -638
33 501.9687 1010.57245 0.01764706 -655
34 500.53653 1029.2869 0.015686275 -671
35 497.5393 1089.8695 0.015686275 -688
36 490.41226 1177.9905 0.01764706 -721
37 487.31375 1231.235 0.01764706 -754
38 483.06927 1277.6526 0.01764706 -770
39 477.0526 1348.0175 0.01764706 -787
40 473.26776 1394.361 0.01764706 -803
41 469.2779 1435.9843 0.01764706 -820
42 467.45566 1478.6835 0.01764706 -836
43 464.45065 1511.2412 0.015686275 -853
44 461.30087 1542.1008 0.01764706 -869
45 459.44513 1565.738 0.015686275 -886
46 457.278 1587.8153 0.015686275 -902
47 454.39963 1602.4229 0.015686275 -919
48 452.35596 1612.061 0.015686275 -935
49 450.36102 1618.8229 0.015686275 -952
50 450.5828 1622.5577 0.015686275 -968
51 450.5828 1625.3352 0.015686275 -985
52 450.5828 1627.343 0.015686275 -1001
53 450.5828 1629.3716 0.015686275 -1018
54 453.06158 1633.8707 0.015686275 -1034
55 453.06158 1633.8707 0.015686275 -1051
0 738.3164 1141.4055 0.015686275 -17
1 737.3173 1140.406 0.015686275 -34
2 733.9416 1139.4065 0.015686275 -51
3 730.0026 1137.247 0.015686275 -68
4 722.82043 1136.4081 0.015686275 -84
5 702.42395 1136.4081 0.015686275 -101
6 687.0388 1136.4081 0.01764706 -134
7 664.5579 1139.5725 0.015686275 -150
8 641.4087 1139.4065 0.01764706 -167
9 616.63654 1139.5344 0.015686275 -183
10 592.13995 1138.3063 0.01764706 -200
11 568.5342 1137.4076 0.01764706 -216
12 540.14154 1138.4071 0.015686275 -233
13 514.31213 1136.3918 0.01764706 -249
14 487.95276 1137.4076 0.015686275 -266
15 464.86212 1134.5266 0.01764706 -282
16 419.22116 1129.5726 0.015686275 -299
17 400.64288 1125.8611 0.01764706 -332
18 382.70798 1121.874 0.01764706 -348
19 366.1464 1119.417 0.01764706 -365
20 343.2981 1116.8223 0.01764706 -381
21 332.77734 1114.4196 0.01764706 -414
22 329.29025 1114.4196 0.01764706 -447
23 327.33868 1114.4196 0.01764706 -464
24 323.64307 1114.4196 0.01764706 -480
25 321.56165 1114.4196 0.01764706 -513
26 319.58594 1114.4196 0.01764706 -530
27 314.89902 1121.844 0.01764706 -546
28 310.99432 1139.7128 0.01764706 -579
29 308.89957 1150.2874 0.01764706 -612
30 306.96375 1164.6575 0.01764706 -629
31 305.0179 1183.0801 0.01764706 -645
32 303.07202 1209.0802 0.01764706 -662
33 301.72064 1280.3333 0.01764706 -678
34 301.18768 1326.1123 0.01764706 -711
35 297.2531 1422.0507 0.01764706 -728
36 293.26563 1468.3431 0.01764706 -761
37 289.8943 1513.4219 0.01764706 -778
38 285.87808 1555.3334 0.01764706 -794
39 279.90195 1620.0284 0.01764706 -811
40 278.3166 1643.4012 0.01764706 -844
41 274.50946 1670.3119 0.01764706 -860
42 273.28622 1677.9689 0.01764706 -893
43 272.74747 1683.0022 0.01764706 -910
44 272.29828 1686.021 0.01764706 -926
45 271.74838 1688.5734 0.01764706 -943
46 271.74838 1690.5948 0.01764706 -959
47 271.74838 1691.5814 0.015686275 -976
48 271.74838 1692.1187 0.01764706 -992
49 271.74838 1692.1187 0.015686275 -997
0 894.17206 701.6345 0.01764706 -33
1 894.17206 701.6345 0.01764706 -33
2 894.17206 701.6345 0.01764706 -54
3 892.7983 700.9474 0.01764706 -71
4 888.7063 700.6351 0.015686275 -87
5 882.789 700.6351 0.015686275 -104
6 874.9915 700.6351 0.01764706 -120
7 864.4157 700.6351 0.01764706 -137
8 849.86304 700.6351 0.01764706 -154
9 831.7635 701.6345 0.015686275 -170
10 810.4129 702.63403 0.01764706 -187
11 786.81354 703.49335 0.015686275 -203
12 762.73553 704.633 0.01764706 -220
13 735.2985 703.78564 0.01764706 -237
14 684.49884 702.798 0.01764706 -253
15 649.8933 698.33527 0.01764706 -286
16 629.97516 697.63666 0.01764706 -314
17 611.2731 694.3803 0.015686275 -330
18 587.35956 690.621 0.01764706 -347
19 576.34656 686.5944 0.01764706 -380
20 566.5378 684.6558 0.01764706 -397
21 558.69244 682.69684 0.01764706 -413
22 550.8797 680.7429 0.01764706 -430
23 544.8771 679.77313 0.01764706 -446
24 537.86273 678.64655 0.01764706 -463
25 535.76294 678.64655 0.01764706 -496
26 533.8069 678.64655 0.01764706 -512
27 532.00745 678.64655 0.01764706 -529
28 529.9494 679.2061 0.01764706 -545
29 528.0117 681.14465 0.01764706 -562
30 527.5116 684.5471 0.01764706 -578
31 527.5116 690.1081 0.01764706 -595
32 527.5116 697.247 0.01764706 -611
33 526.1992 706.20026 0.01764706 -628
34 526.5125 720.5311 0.01764706 -644
35 525.2221 734.94977 0.01764706 -661
36 525.5134 751.19995 0.01764706 -677
37 523.36194 770.1337 0.01764706 -694
38 521.3804 787.82117 0.01764706 -710
39 520.4265 805.4051 0.01764706 -727
40 518.5199 827.0352 0.01764706 -743
41 517.5208 885.26904 0.01764706 -760
42 514.64154 956.259 0.015686275 -793
43 511.77072 1032.5708 0.015686275 -826
44 510.79245 1112.378 0.015686275 -859
45 509.82068 1177.9956 0.015686275 -892
46 507.6666 1206.7317 0.015686275 -925
47 507.53006 1230.0131 0.015686275 -942
48 506.68472 1248.9646 0.015686275 -958
49 504.67142 1263.3711 0.015686275 -975
50 503.53375 1272.7405 0.015686275 -991
51 502.5347 1279.9644 0.015686275 -1008
52 501.5356 1288.02 0.015686275 -1024
53 501.5356 1292.07 0.015686275 -1057
54 501.5356 1293.3264 0.015686275 -1090
55 501.5356 1293.3264 0.015686275 -1107
56 501.5356 1295.2155 0.015686275 -1123
57 501.5356 1296.3248 0.015686275 -1140
58 501.5356 1296.3248 0.015686275 -1156
59 500.6163 1296.3248 0.015686275 -1173
60 499.53748 1296.3248 0.015686275 -1189
61 498.5384 1296.3248 0.01764706 -1198
0 916.15173 985.4867 0.015686275 -24
1 916.15173 985.4867 0.015686275 -24
2 916.15173 985.4867 0.01764706 -44
3 913.92786 985.4867 0.01764706 -67
4 909.71954 985.4867 0.01764706 -84
5 898.24445 986.71704 0.015686275 -101
6 878.2823 991.6343 0.01764706 -134
7 864.5949 994.7111 0.015686275 -167
8 849.19135 997.9296 0.015686275 -183
9 827.36176 1002.00037 0.015686275 -200
10 806.6006 1003.7184 0.015686275 -216
11 780.6201 1006.88434 0.015686275 -233
12 724.1192 1011.6871 0.015686275 -249
13 696.4428 1012.47266 0.015686275 -282
14 666.9546 1013.63385 0.015686275 -299
15 638.04297 1013.4721 0.015686275 -315
16 609.35236 1012.47266 0.015686275 -332
17 585.07745 1011.47314 0.01764706 -348
18 565.50104 1009.36584 0.015686275 -365
19 547.124 1007.4342 0.015686275 -381
20 526.1821 1007.4752 0.01764706 -398
21 515.00964 1007.4752 0.01764706 -431
22 511.6947 1007.4752 0.01764706 -464
23 509.75305 1007.4752 0.01764706 -480
24 507.82187 1007.4752 0.015686275 -497
25 505.88663 1007.4752 0.015686275 -513
26 503.93298 1007.4752 0.01764706 -530
27 501.98294 1007.4752 0.01764706 -547
28 500.04065 1008.9708 0.01764706 -563
29 498.03885 1012.47266 0.01764706 -580
30 496.1341 1017.6896 0.01764706 -596
31 494.18005 1025.9152 0.01764706 -613
32 494.54208 1038.2155 0.01764706 -629
33 494.54208 1054.0592 0.01764706 -646
34 493.54303 1080.9775 0.01764706 -662
35 493.54303 1111.6155 0.01764706 -679
36 493.54303 1146.2354 0.015686275 -695
37 492.40717 1184.1211 0.01764706 -712
38 492.54395 1224.6301 0.015686275 -728
39 487.4758 1311.9193 0.01764706 -745
40 480.69165 1396.9052 0.01764706 -778
41 478.48764 1440.7048 0.01764706 -811
42 475.49088 1474.4026 0.01764706 -827
43 474.5606 1504.6058 0.01764706 -844
44 472.53787 1525.4514 0.01764706 -860
45 470.43814 1543.0803 0.01764706 -877
46 470.5643 1552.67 0.01764706 -893
47 470.5643 1558.4236 0.01764706 -910
48 470.5643 1563.4395 0.01764706 -926
49 470.5643 1566.4795 0.01764706 -943
50 470.5643 1568.3165 0.01764706 -960
51 470.5643 1570.3245 0.01764706 -976
52 470.5643 1572.3335 0.01764706 -993
53 470.5643 1573.3462 0.01764706 -1009
54 470.5643 1574.3489 0.01764706 -1026
55 470.5643 1575.3533 0.01764706 -1042
56 470.5643 1575.1796 0.01764706 -1059
57 470.5643 1575.1796 0.01764706 -1075
58 470.5643 1575.1796 0.01764706 -1092
59 469.45798 1575.1796 0.015686275 -1103
60 469.45798 1575.1796 0.015686275 -1174
0 910.1573 1019.469 0.01764706 -8
1 910.1573 1019.469 0.01764706 -8
2 910.1573 1019.469 0.01764706 -34
3 910.1573 1019.469 0.01764706 -51
4 907.84454 1018.46954 0.01764706 -67
5 903.5787 1018.46954 0.015686275 -84
6 897.3004 1018.46954 0.015686275 -100
7 888.11536 1018.46954 0.015686275 -117
8 875.6619 1018.46954 0.01764706 -133
9 863.53143 1020.7465 0.01764706 -150
10 847.11316 1020.4685 0.015686275 -166
11 826.1366 1023.67664 0.01764706 -183
12 804.0798 1024.4664 0.015686275 -199
13 777.9785 1026.6422 0.015686275 -216
14 717.92413 1025.4658 0.01764706 -232
15 689.52374 1023.3445 0.015686275 -265
16 658.9772 1021.27966 0.01764706 -282
17 634.55133 1019.3973 0.01764706 -298
18 608.9957 1018.46954 0.015686275 -315
19 586.69214 1017.4914 0.01764706 -331
20 557.9199 1013.7114 0.015686275 -348
21 544.3427 1011.6142 0.015686275 -381
22 529.4009 1009.77106 0.01764706 -397
23 525.1411 1009.4742 0.01764706 -430
24 521.8657 1009.4742 0.01764706 -447
25 519.92645 1009.4742 0.01764706 -463
26 518.01404 1009.4742 0.01764706 -480
27 516.0248 1009.4742 0.01764706 -496
28 514.05804 1009.4742 0.01764706 -513
29 510.24014 1009.4742 0.01764706 -529
30 508.23596 1010.767 0.01764706 -562
31 506.26315 1014.00806 0.01764706 -579
32 504.4291 1020.8836 0.01764706 -595
33 501.37787 1033.0146 0.01764706 -612
34 498.5322 1048.5035 0.01764706 -628
35 494.62375 1066.0769 0.01764706 -645
36 490.71686 1088.4059 0.01764706 -661
37 486.85156 1113.3038 0.01764706 -678
38 484.7478 1143.2579 0.01764706 -694
39 482.78842 1174.6208 0.01764706 -711
40 478.98425 1236.0844 0.01764706 -727
41 476.8986 1274.8729 0.01764706 -760
42 474.93027 1313.9156 0.01764706 -777
43 472.94077 1350.1022 0.01764706 -793
44 470.99753 1386.9055 0.01764706 -810
45 469.56522 1424.0538 0.01764706 -826
46 468.03323 1457.8419 0.01764706 -843
47 459.48145 1523.4049 0.015686275 -859
48 454.4956 1555.7747 0.01764706 -892
49 449.58072 1582.6952 0.015686275 -909
50 445.54538 1605.3741 0.01764706 -925
51 443.06476 1621.8303 0.01764706 -942
52 441.0645 1632.2582 0.01764706 -958
53 440.06262 1639.7356 0.01764706 -975
54 439.59296 1649.0225 0.01764706 -991
55 439.59296 1650.6752 0.01764706 -1024
56 439.1433 1654.5883 0.01764706 -1041
57 438.5939 1655.138 0.01764706 -1074
58 438.02716 1655.138 0.015686275 -1089
59 436.59573 1655.138 0.015686275 -1107
60 436.59573 1655.138 0.015686275 -1118
0 934.1351 973.4929 0.015686275 0
1 934.1351 973.4929 0.015686275 0
2 934.1351 973.4929 0.015686275 -32
3 934.1351 973.4929 0.015686275 -48
4 934.1351 973.4929 0.01764706 -65
5 930.76904 973.4929 0.01764706 -76
6 926.80225 973.4929 0.01764706 -98
7 922.8006 973.4929 0.01764706 -114
8 917.9019 975.5745 0.01764706 -131
9 910.82794 975.4919 0.01764706 -148
10 898.84076 977.5842 0.015686275 -164
11 885.01105 980.51355 0.01764706 -181
12 871.0352 983.5141 0.01764706 -197
13 852.4477 984.46356 0.015686275 -214
14 832.7394 986.4352 0.015686275 -230
15 814.733 987.48566 0.01764706 -247
16 796.03284 986.4862 0.01764706 -263
17 775.5884 985.6173 0.015686275 -280
18 756.4234 984.61206 0.01764706 -296
19 739.82544 981.8242 0.01764706 -313
20 702.68097 978.74927 0.01764706 -329
21 687.3279 976.77185 0.01764706 -362
22 669.56067 973.81085 0.015686275 -379
23 636.7356 972.96826 0.01764706 -395
24 623.92523 972.49347 0.01764706 -429
25 609.2511 971.494 0.015686275 -445
26 594.76886 971.9538 0.015686275 -462
27 581.99084 972.49347 0.01764706 -478
28 571.4288 972.49347 0.01764706 -495
29 562.8462 972.49347 0.01764706 -511
30 555.3797 972.49347 0.01764706 -528
31 549.86017 972.49347 0.01764706 -544
32 543.87506 972.49347 0.01764706 -561
33 540.21387 972.49347 0.01764706 -577
34 536.38135 972.49347 0.01764706 -594
35 533.5005 972.49347 0.01764706 -610
36 531.5453 972.49347 0.01764706 -627
37 529.6131 972.49347 0.01764706 -643
38 527.67896 972.49347 0.01764706 -660
39 525.7501 974.2556 0.015686275 -676
40 522.80005 979.63745 0.01764706 -693
41 520.8509 986.1536 0.01764706 -710
42 520.51807 995.5385 0.01764706 -726
43 520.51807 1008.4329 0.01764706 -743
44 520.51807 1025.6912 0.015686275 -759
45 520.51807 1048.2214 0.01764706 -776
46 521.9471 1075.7565 0.01764706 -792
47 523.939 1112.4792 0.01764706 -809
48 523.1237 1145.4575 0.01764706 -825
49 515.8755 1244.7603 0.01764706 -842
50 508.3665 1329.18 0.01764706 -875
51 505.248 1381.1012 0.01764706 -908
52 502.11148 1423.9178 0.01764706 -924
53 500.2912 1467.3922 0.01764706 -941
54 497.2847 1508.3112 0.01764706 -957
55 495.32126 1542.938 0.01764706 -974
56 492.31458 1575.8524 0.01764706 -991
57 485.294 1643.1973 0.01764706 -1007
58 483.27484 1655.8037 0.01764706 -1057
59 481.27148 1664.2648 0.01764706 -1073
60 481.5541 1671.0248 0.01764706 -1090
61 481.5541 1674.7256 0.01764706 -1106
62 481.5541 1676.454 0.01764706 -1123
63 481.5541 1678.3933 0.01764706 -1139
64 481.5541 1679.1254 0.01764706 -1156
65 481.5541 1680.6246 0.01764706 -1172
66 481.5541 1680.1249 0.01764706 -1183
67 481.5541 1681.3016 0.015686275 -1202
68 481.5541 1681.3016 0.015686275 -1238
0 774.2831 448.76627 0.01764706 0
1 774.2831 448.76627 0.01764706 -6
2 774.2831 448.76627 0.01764706 -26
3 774.2831 448.76627 0.019607844 -43
4 774.2831 448.76627 0.019607844 -52
5 770.49994 446.3742 0.019607844 -76
6 765.98285 444.3326 0.01764706 -93
7 750.34283 440.37814 0.01764706 -109
8 727.7953 436.3509 0.019607844 -142
9 711.54126 435.29828 0.01764706 -176
10 695.63275 434.77356 0.01764706 -192
11 678.3829 432.3316 0.019607844 -209
12 660.3594 430.3282 0.019607844 -225
13 641.1336 428.3496 0.019607844 -242
14 622.4212 428.77667 0.019607844 -258
15 602.0447 427.7772 0.019607844 -275
16 582.44135 425.3765 0.019607844 -291
17 561.8945 423.32098 0.019607844 -308
18 541.4631 421.41364 0.019607844 -325
19 502.80093 416.60968 0.019607844 -341
20 483.25775 414.5291 0.019607844 -374
21 469.5279 413.7845 0.019607844 -391
22 444.75067 412.785 0.019607844 -405
23 426.04373 412.785 0.019607844 -438
24 417.12393 412.785 0.019607844 -471
25 410.90942 412.785 0.019607844 -487
26 406.5729 412.785 0.019607844 -504
27 400.17453 412.785 0.019607844 -520
28 398.22928 412.785 0.019607844 -553
29 396.28186 412.785 0.019607844 -570
30 392.34195 412.785 0.019607844 -586
31 390.4618 412.785 0.019607844 -619
32 388.55692 412.785 0.019607844 -636
33 386.62378 413.80273 0.019607844 -652
34 384.70822 415.71906 0.019607844 -669
35 383.77036 418.53058 0.019607844 -685
36 383.64478 422.37543 0.019607844 -702
37 383.64478 426.97662 0.019607844 -718
38 383.64478 434.3349 0.019607844 -735
39 383.64478 452.26447 0.019607844 -751
40 383.64478 464.5744 0.019607844 -784
41 383.64478 477.6852 0.019607844 -801
42 384.64386 498.74844 0.019607844 -817
43 388.7846 550.172 0.019607844 -834
44 395.1299 630.6291 0.019607844 -867
45 400.7356 744.17175 0.019607844 -900
46 401.6281 826.9171 0.019607844 -933
47 401.6281 872.5242 0.019607844 -966
48 401.6281 913.6424 0.019607844 -982
49 400.54364 948.9592 0.019607844 -999
50 400.62906 981.93286 0.019607844 -1015
51 400.62906 1009.77203 0.019607844 -1032
52 400.62906 1033.7244 0.019607844 -1048
53 400.62906 1054.749 0.019607844 -1065
54 400.62906 1071.5787 0.019607844 -1081
55 400.62906 1083.3702 0.019607844 -1098
56 400.62906 1092.3242 0.019607844 -1114
57 400.62906 1098.0524 0.019607844 -1131
58 400.62906 1101.8679 0.019607844 -1148
59 400.62906 1103.6406 0.019607844 -1164
60 400.62906 1105.6167 0.019607844 -1181
61 400.62906 1107.6222 0.019607844 -1197
62 400.62906 1109.6143 0.019607844 -1214
63 400.62906 1109.4221 0.019607844 -1230
64 400.62906 1109.4221 0.019607844 -1241
65 400.62906 1109.4221 0.019607844 -1296
66 400.62906 1109.4221 0.019607844 -1303
0 785.2729 387.798 0.01764706 -27
1 785.2729 387.798 0.019607844 -35
2 785.2729 387.798 0.01764706 -77
3 785.2729 387.798 0.01764706 -88
4 781.00446 387.798 0.019607844 -110
5 777.00714 387.798 0.01764706 -126
6 770.8992 389.9259 0.019607844 -143
7 762.6795 390.94995 0.01764706 -159
8 751.54584 392.92172 0.01764706 -176
9 739.6057 394.91254 0.01764706 -192
10 725.47107 396.91574 0.01764706 -209
11 709.3756 398.91318 0.019607844 -225
12 693.5352 400.89404 0.01764706 -242
13 676.5034 402.88684 0.01764706 -258
14 659.8763 403.78967 0.01764706 -275
15 623.1561 403.78967 0.019607844 -291
16 606.3398 402.7792 0.019607844 -324
17 588.57837 401.8044 0.019607844 -341
18 570.76654 399.7135 0.019607844 -357
19 555.14166 397.7498 0.019607844 -375
20 539.56323 396.80118 0.019607844 -391
21 526.86896 394.8538 0.019607844 -408
22 515.19763 392.9078 0.019607844 -424
23 503.58716 391.9714 0.019607844 -441
24 491.08917 391.79593 0.019607844 -457
25 479.5366 391.79593 0.019607844 -474
26 469.24875 391.79593 0.019607844 -490
27 460.6606 391.79593 0.019607844 -507
28 452.58093 391.79593 0.019607844 -523
29 438.9752 391.79593 0.019607844 -540
30 432.38025 391.79593 0.019607844 -573
31 426.73367 391.79593 0.019607844 -590
32 422.22385 391.79593 0.019607844 -606
33 418.2222 391.79593 0.019607844 -623
34 414.35535 391.79593 0.019607844 -639
35 412.5515 391.79593 0.019607844 -656
36 410.62466 391.79593 0.019607844 -672
37 408.71188 391.79593 0.019607844 -689
38 406.8145 391.79593 0.019607844 -705
39 404.8895 391.79593 0.019607844 -722
40 402.97 391.79593 0.019607844 -738
41 401.05182 392.37247 0.019607844 -755
42 399.1099 394.3152 0.019607844 -772
43 397.19214 396.67358 0.019607844 -788
44 393.36322 404.33447 0.019607844 -805
45 392.63644 412.72302 0.019607844 -838
46 391.6374 449.02213 0.019607844 -854
47 393.61218 518.23926 0.019607844 -887
48 396.4094 607.8706 0.019607844 -920
49 397.63184 663.4058 0.019607844 -953
50 399.4481 717.16516 0.019607844 -970
51 400.37064 768.87427 0.019607844 -986
52 401.6281 821.30054 0.019607844 -1003
53 400.62906 870.13556 0.019607844 -1020
54 400.62906 912.8721 0.019607844 -1036
55 400.62906 946.2218 0.019607844 -1053
56 400.62906 971.04944 0.019607844 -1069
57 400.62906 988.24365 0.019607844 -1086
58 399.62997 1000.92706 0.019607844 -1102
59 399.62997 1008.5059 0.019607844 -1119
60 399.00104 1012.7315 0.019607844 -1135
61 398.6309 1016.1233 0.019607844 -1152
62 398.6309 1019.9627 0.019607844 -1168
63 398.6309 1021.46796 0.019607844 -1201
64 398.6309 1021.46796 0.019607844 -1218
65 398.6309 1021.46796 0.019607844 -1234
66 398.6309 1022.91864 0.019607844 -1241
67 397.63184 1022.46747 0.01764706 -1284
68 397.63184 1022.46747 0.01764706 -1312
0 914.15356 976.4914 0.01764706 -4
1 912.62415 976.4914 0.01764706 -23
2 908.93036 976.4914 0.01764706 -51
3 902.8059 977.0806 0.015686275 -68
4 882.896 981.03674 0.01764706 -84
5 858.39087 983.48773 0.01764706 -117
6 836.48505 986.1242 0.015686275 -151
7 818.631 987.48566 0.01764706 -167
8 800.6028 987.48566 0.01764706 -184
9 776.5232 987.48566 0.01764706 -200
10 737.21027 984.14514 0.01764706 -217
11 712.1488 984.48724 0.01764706 -250
12 644.7632 978.0266 0.01764706 -267
13 605.7806 973.6047 0.01764706 -316
14 584.5238 971.60046 0.01764706 -345
15 568.6855 968.7984 0.01764706 -362
16 551.44775 965.74176 0.01764706 -378
17 538.29034 963.79614 0.01764706 -395
18 523.01575 962.49866 0.01764706 -411
19 514.852 961.4992 0.01764706 -444
20 512.04645 961.4992 0.01764706 -477
21 510.18732 961.4992 0.01764706 -494
22 508.22083 961.4992 0.01764706 -510
23 506.2428 961.4992 0.01764706 -527
24 504.36954 961.4992 0.01764706 -543
25 502.47028 961.4992 0.01764706 -560
26 500.57968 961.4992 0.01764706 -577
27 498.6424 962.3946 0.01764706 -593
28 496.6959 967.02893 0.01764706 -610
29 494.7558 975.4224 0.01764706 -626
30 492.82007 986.5516 0.01764706 -643
31 489.88693 1005.7304 0.01764706 -659
32 487.9495 1032.443 0.01764706 -676
33 486.0566 1062.3268 0.01764706 -692
34 480.67264 1143.1096 0.01764706 -709
35 476.9147 1231.4052 0.01764706 -742
36 468.8853 1320.2252 0.01764706 -775
37 455.59875 1405.4707 0.01764706 -808
38 450.80774 1440.8357 0.01764706 -841
39 441.88965 1493.4296 0.01764706 -857
40 436.2223 1525.4482 0.01764706 -890
41 435.59668 1536.4265 0.01764706 -923
42 435.59668 1544.4039 0.01764706 -940
43 434.5976 1549.0106 0.01764706 -956
44 433.17328 1553.0424 0.01764706 -973
45 433.17297 1555.6157 0.01764706 -990
46 432.59946 1557.6259 0.01764706 -1006
47 432.59946 1559.6393 0.01764706 -1023
48 432.59946 1561.1869 0.01764706 -1039
49 432.59946 1562.1863 0.01764706 -1056
50 432.59946 1562.1863 0.01764706 -1072
51 432.59946 1562.1863 0.01764706 -1101
0 929.1397 965.49713 0.01764706 -81
1 924.67065 965.49713 0.01764706 -81
2 916.11194 965.49713 0.01764706 -99
3 896.0145 966.68915 0.015686275 -132
4 882.6172 968.71906 0.01764706 -165
5 868.7804 970.6966 0.01764706 -181
6 848.1449 972.8696 0.015686275 -198
7 826.28406 975.8464 0.01764706 -214
8 806.7619 976.6829 0.01764706 -231
9 760.1531 978.49036 0.01764706 -247
10 711.29535 978.49036 0.01764706 -280
11 662.5223 977.49084 0.01764706 -314
12 621.38776 975.4919 0.01764706 -347
13 600.6306 975.4919 0.01764706 -380
14 584.59503 975.4919 0.01764706 -396
15 572.76935 974.7089 0.01764706 -413
16 564.6534 974.49243 0.01764706 -429
17 552.33264 973.4929 0.01764706 -446
18 548.52985 973.4929 0.01764706 -479
19 546.0462 973.4929 0.01764706 -495
20 544.07947 973.4929 0.01764706 -512
21 542.13605 973.4929 0.01764706 -528
22 540.1957 973.4929 0.01764706 -545
23 538.209 972.201 0.01764706 -561
24 536.3157 972.49347 0.01764706 -578
25 534.38586 972.49347 0.01764706 -594
26 532.48285 972.49347 0.01764706 -611
27 530.54675 972.49347 0.01764706 -627
28 528.617 973.3865 0.01764706 -644
29 526.6975 976.1213 0.01764706 -660
30 524.76416 981.7386 0.01764706 -677
31 520.96436 996.2476 0.01764706 -693
32 520.51807 1007.53925 0.01764706 -727
33 520.005 1020.5768 0.015686275 -743
34 516.1309 1054.3628 0.01764706 -760
35 515.1518 1076.2651 0.01764706 -793
36 512.2063 1106.5352 0.01764706 -809
37 505.06464 1237.202 0.01764706 -826
38 502.18658 1282.1652 0.01764706 -875
39 498.26636 1324.3053 0.01764706 -892
40 495.4215 1365.8036 0.01764706 -908
41 490.47015 1442.6113 0.01764706 -925
42 488.481 1471.1677 0.01764706 -958
43 486.48978 1494.8788 0.01764706 -974
44 484.49304 1512.7372 0.01764706 -991
45 483.4973 1525.5355 0.01764706 -1007
46 482.4757 1535.588 0.01764706 -1024
47 482.5532 1542.4509 0.01764706 -1040
48 481.48126 1547.3398 0.01764706 -1057
49 481.5541 1552.377 0.01764706 -1073
50 481.5541 1555.2772 0.01764706 -1090
51 481.5541 1557.2643 0.01764706 -1106
52 481.5541 1559.26 0.01764706 -1123
53 481.5541 1561.2625 0.01764706 -1140
54 481.5541 1562.2609 0.01764706 -1156
55 481.5541 1563.1858 0.01764706 -1173
56 481.5541 1563.1858 0.01764706 -1205
57 481.5541 1563.1858 0.015686275 -1213
0 932.1369 960.4997 0.015686275 -14
1 932.1369 960.4997 0.015686275 -23
2 932.1369 960.4997 0.015686275 -46
3 928.6213 960.4997 0.01764706 -81
4 919.02594 960.4997 0.01764706 -98
5 909.9581 962.7384 0.01764706 -131
6 898.9202 964.7054 0.015686275 -147
7 884.8613 967.6845 0.01764706 -164
8 870.6325 969.718 0.01764706 -180
9 853.2643 972.84705 0.015686275 -197
10 833.6516 975.6494 0.01764706 -213
11 789.3993 979.5567 0.01764706 -230
12 739.2847 982.55695 0.015686275 -263
13 688.76056 983.48773 0.01764706 -296
14 661.03064 983.48773 0.01764706 -329
15 638.68994 983.48773 0.01764706 -346
16 617.24774 983.48773 0.01764706 -362
17 585.45795 983.48773 0.01764706 -379
18 567.0344 983.48773 0.01764706 -412
19 557.40283 983.48773 0.01764706 -445
20 554.91846 983.48773 0.01764706 -478
21 553.0008 983.48773 0.01764706 -494
22 551.03644 983.48773 0.01764706 -511
23 549.0741 983.48773 0.01764706 -527
24 547.16455 983.48773 0.01764706 -544
25 545.18 983.48773 0.01764706 -560
26 543.21356 983.48773 0.01764706 -577
27 541.3164 983.48773 0.01764706 -593
28 539.3728 983.48773 0.01764706 -610
29 538.5014 985.5553 0.01764706 -626
30 538.5014 988.4849 0.01764706 -643
31 537.571 994.2759 0.01764706 -659
32 537.5023 1002.78345 0.01764706 -676
33 536.70294 1015.072 0.01764706 -692
34 536.50323 1032.0765 0.01764706 -709
35 535.85004 1049.9913 0.01764706 -725
36 534.50507 1074.5981 0.01764706 -742
37 530.5267 1175.7354 0.01764706 -759
38 525.4477 1217.7605 0.01764706 -808
39 519.13745 1261.9373 0.01764706 -825
40 509.7976 1350.3304 0.01764706 -841
41 505.5464 1394.6216 0.01764706 -874
42 503.10913 1429.9056 0.01764706 -891
43 501.11853 1462.5 0.01764706 -907
44 499.10687 1489.827 0.01764706 -924
45 497.1086 1510.0933 0.01764706 -940
46 496.10944 1525.7926 0.01764706 -957
47 495.54117 1535.9349 0.01764706 -973
48 495.54117 1543.5029 0.01764706 -990
49 495.54117 1552.554 0.01764706 -1006
50 495.54117 1556.6702 0.01764706 -1039
51 495.54117 1558.6771 0.01764706 -1072
52 495.54117 1560.6959 0.01764706 -1089
53 495.54117 1561.1869 0.01764706 -1105
54 495.54117 1561.1869 0.01764706 -1122
55 495.54117 1561.1869 0.01764706 -1155
56 495.54117 1561.1869 0.015686275 -1167
0 917.1508 965.49713 0.01764706 -116
1 899.40814 965.8035 0.015686275 -116
2 881.49963 966.4966 0.01764706 -134
3 861.8539 966.4966 0.01764706 -150
4 841.2429 968.7661 0.01764706 -167
5 821.1795 969.49506 0.01764706 -183
6 779.00275 969.49506 0.01764706 -200
7 759.179 970.4945 0.01764706 -233
8 717.5998 970.4945 0.01764706 -249
9 697.1628 968.3764 0.01764706 -282
10 671.88025 966.3718 0.01764706 -299
11 650.6154 964.4266 0.01764706 -315
12 628.7346 962.4418 0.01764706 -332
13 610.226 960.4765 0.01764706 -348
14 595.65094 959.50024 0.01764706 -365
15 582.84717 959.50024 0.01764706 -382
16 572.8719 959.50024 0.01764706 -398
17 564.94775 958.50073 0.01764706 -415
18 556.2092 958.50073 0.01764706 -431
19 551.9893 958.50073 0.01764706 -464
20 549.7954 958.50073 0.01764706 -481
21 547.84094 958.50073 0.01764706 -497
22 545.89813 958.50073 0.01764706 -514
23 542.23346 958.50073 0.01764706 -530
24 540.0 958.50073 0.01764706 -563
25 538.1303 959.87146 0.01764706 -580
26 536.12115 963.26306 0.01764706 -596
27 535.50415 970.9962 0.01764706 -613
28 533.28784 979.58185 0.01764706 -629
29 532.50696 995.8769 0.01764706 -646
30 532.50696 1018.54584 0.01764706 -662
31 532.50696 1048.949 0.01764706 -679
32 532.50696 1124.7528 0.01764706 -695
33 532.50696 1171.2131 0.01764706 -728
34 526.4152 1258.2517 0.01764706 -745
35 520.7759 1310.2207 0.01764706 -778
36 515.81903 1358.5842 0.01764706 -795
37 511.86496 1404.5403 0.01764706 -811
38 507.87967 1446.5723 0.01764706 -828
39 504.7135 1483.1533 0.01764706 -844
40 499.7839 1537.486 0.01764706 -861
41 495.8643 1568.5659 0.01764706 -894
42 493.75415 1577.3331 0.01764706 -927
43 492.76132 1582.7405 0.01764706 -943
44 492.54395 1586.7329 0.01764706 -960
45 492.54395 1588.9558 0.01764706 -976
46 492.54395 1590.9642 0.01764706 -993
47 492.54395 1592.9772 0.01764706 -1009
48 492.54395 1594.6694 0.01764706 -1026
49 492.54395 1594.1697 0.01764706 -1040
50 492.54395 1594.1697 0.01764706 -1059
51 492.54395 1594.1697 0.01764706 -1075
52 492.54395 1594.1697 0.01764706 -1108
53 492.54395 1594.1697 0.01764706 -1125
54 492.54395 1594.1697 0.01764706 -1126
0 920.148 986.4862 0.01764706 -99
1 906.68494 986.4862 0.015686275 -99
2 889.443 986.4862 0.015686275 -119
3 872.8477 986.4862 0.01764706 -136
4 825.32367 985.109 0.01764706 -152
5 796.68353 981.9472 0.015686275 -185
6 754.1863 978.47986 0.015686275 -202
7 701.24243 975.57294 0.01764706 -232
8 670.08356 972.45123 0.015686275 -265
9 622.3199 966.8825 0.015686275 -282
10 593.8977 962.72125 0.01764706 -315
11 575.69305 960.6529 0.01764706 -331
12 555.20654 958.69183 0.01764706 -348
13 541.11194 956.77045 0.01764706 -364
14 531.87244 954.84393 0.01764706 -381
15 525.8055 954.50287 0.01764706 -397
16 520.4857 953.50336 0.01764706 -414
17 517.08685 953.50336 0.01764706 -430
18 515.1684 953.50336 0.01764706 -447
19 513.25134 953.50336 0.01764706 -463
20 511.30197 953.50336 0.01764706 -480
21 509.4166 953.50336 0.01764706 -496
22 507.49792 953.50336 0.01764706 -513
23 505.6013 955.4329 0.01764706 -529
24 503.69278 960.0224 0.01764706 -546
25 501.75656 969.1683 0.01764706 -562
26 499.82813 984.578 0.01764706 -579
27 497.88306 1007.0028 0.01764706 -595
28 495.95746 1037.3763 0.01764706 -612
29 495.54117 1072.9412 0.01764706 -628
30 494.07587 1114.2196 0.01764706 -645
31 488.15222 1202.123 0.01764706 -661
32 482.5225 1255.9353 0.01764706 -694
33 478.9696 1307.9487 0.01764706 -711
34 474.4787 1404.2365 0.01764706 -727
35 469.33365 1453.0181 0.01764706 -760
36 462.98425 1491.1371 0.01764706 -777
37 458.0817 1525.4059 0.01764706 -793
38 452.0218 1557.8003 0.01764706 -810
39 448.28668 1576.5211 0.01764706 -826
40 446.4727 1587.7426 0.01764706 -843
41 444.46173 1594.5497 0.01764706 -859
42 442.47925 1599.3892 0.01764706 -876
43 441.59113 1604.071 0.01764706 -892
44 441.59113 1606.2323 0.01764706 -925
45 441.59113 1607.1628 0.01764706 -942
46 441.59113 1608.6621 0.01764706 -958
47 441.59113 1608.1624 0.01764706 -971
48 440.0925 1609.6616 0.01764706 -991
49 440.59204 1609.1619 0.01764706 -1004
50 440.59204 1609.1619 0.01764706 -1024
51 440.59204 1609.1619 0.015686275 -1041
52 440.59204 1609.1619 0.015686275 -1057
53 440.59204 1609.1619 0.015686275 -1066
0 936.13324 689.6408 0.01764706 -16
1 936.13324 689.6408 0.01764706 -16
2 936.13324 689.6408 0.01764706 -26
3 936.13324 689.6408 0.01764706 -60
4 933.2091 689.6408 0.01764706 -76
5 923.94037 689.6408 0.01764706 -93
6 905.8418 691.1039 0.01764706 -126
7 892.0229 692.6392 0.01764706 -159
8 875.37354 693.063 0.01764706 -176
9 856.1774 693.63873 0.01764706 -192
10 834.3608 693.2334 0.01764706 -209
11 810.85876 692.6392 0.01764706 -226
12 760.21625 690.49176 0.01764706 -242
13 730.7816 687.29266 0.01764706 -275
14 704.524 685.34894 0.01764706 -292
15 678.57495 684.6434 0.01764706 -308
16 630.4384 682.6444 0.01764706 -325
17 608.4089 682.6444 0.01764706 -358
18 587.94653 682.6444 0.01764706 -375
19 571.82367 682.6444 0.01764706 -391
20 559.1324 682.6444 0.01764706 -408
21 550.4294 682.6444 0.01764706 -425
22 543.63184 682.6444 0.01764706 -441
23 539.6945 682.6444 0.01764706 -458
24 535.8044 682.6444 0.01764706 -474
25 533.7249 682.6444 0.01764706 -491
26 531.74255 682.6444 0.01764706 -508
27 529.8257 682.6444 0.01764706 -524
28 527.88727 683.26807 0.01764706 -541
29 525.947 685.77484 0.01764706 -557
30 524.0167 690.1348 0.01764706 -574
31 521.0808 704.8163 0.01764706 -591
32 521.5171 717.6415 0.01764706 -624
33 521.5171 745.8523 0.01764706 -640
34 521.5171 771.48444 0.01764706 -668
35 521.5171 797.08484 0.01764706 -685
36 521.5171 831.38605 0.01764706 -701
37 521.5171 869.6752 0.01764706 -718
38 521.5171 913.5556 0.01764706 -734
39 521.5171 956.0787 0.01764706 -751
40 519.2574 1006.02216 0.01764706 -768
41 517.1683 1060.269 0.01764706 -784
42 516.5217 1124.297 0.01764706 -801
43 514.35 1170.3887 0.01764706 -817
44 512.378 1211.3215 0.01764706 -834
45 508.57208 1265.8679 0.01764706 -850
46 506.4024 1286.4884 0.01764706 -883
47 505.41702 1296.8995 0.01764706 -900
48 504.53284 1303.6976 0.01764706 -916
49 504.53284 1308.5636 0.01764706 -933
50 504.53284 1311.422 0.01764706 -949
51 504.53284 1313.4037 0.01764706 -966
52 504.53284 1315.3583 0.01764706 -982
53 503.49982 1317.3478 0.01764706 -999
54 503.53375 1319.3466 0.01764706 -1016
55 503.53375 1320.3314 0.01764706 -1032
56 503.53375 1320.3123 0.01764706 -1049
57 503.53375 1320.3123 0.01764706 -1065
58 503.51718 1320.3123 0.01764706 -1077
59 500.53653 1320.3123 0.015686275 -1098
60 500.53653 1320.3123 0.015686275 -1123
0 949.1212 981.4888 0.01764706 -26
1 946.94543 981.4888 0.01764706 -26
2 941.00055 981.4888 0.01764706 -52
3 935.12634 981.4888 0.01764706 -69
4 929.2022 982.8006 0.01764706 -85
5 922.1325 984.82495 0.01764706 -102
6 885.9227 994.0465 0.01764706 -118
7 869.98096 996.797 0.01764706 -168
8 846.02985 999.7449 0.015686275 -184
9 822.5119 1002.932 0.01764706 -201
10 792.9658 1004.69666 0.01764706 -217
11 767.20984 1006.62427 0.01764706 -234
12 735.2847 1007.6023 0.01764706 -250
13 706.36414 1009.5396 0.01764706 -267
14 672.2363 1010.4737 0.01764706 -283
15 643.8566 1011.43835 0.01764706 -300
16 614.3241 1013.346 0.01764706 -317
17 588.6657 1014.2875 0.01764706 -333
18 569.0178 1014.4716 0.01764706 -350
19 551.9649 1014.4716 0.01764706 -366
20 540.3356 1014.4716 0.01764706 -383
21 526.0797 1014.4716 0.01764706 -399
22 520.1949 1014.4716 0.01764706 -432
23 518.22754 1014.4716 0.01764706 -465
24 516.3512 1014.4716 0.01764706 -482
25 514.44946 1014.4716 0.01764706 -498
26 512.5418 1014.4716 0.01764706 -515
27 508.8159 1014.4716 0.01764706 -531
28 507.53006 1016.98834 0.01764706 -564
29 507.53006 1028.315 0.01764706 -598
30 507.53006 1060.0271 0.01764706 -631
31 507.53006 1126.7704 0.01764706 -664
32 505.68958 1208.4253 0.01764706 -697
33 501.69202 1309.248 0.01764706 -728
34 497.87436 1361.931 0.01764706 -761
35 493.92645 1413.4666 0.01764706 -778
36 489.1537 1461.386 0.01764706 -794
37 481.19498 1544.111 0.01764706 -811
38 477.78772 1582.2638 0.01764706 -844
39 473.3283 1630.3179 0.01764706 -860
40 467.9901 1656.4435 0.01764706 -893
41 465.83826 1663.3248 0.01764706 -926
42 463.84134 1667.5898 0.01764706 -943
43 462.5717 1669.8654 0.01764706 -959
44 462.5717 1671.834 0.01764706 -976
45 462.5717 1673.8458 0.01764706 -992
46 462.5717 1675.1274 0.01764706 -1009
47 462.5717 1675.1274 0.01764706 -1042
48 462.5717 1675.1274 0.015686275 -1053
0 955.11566 981.4888 0.01764706 -16
1 952.9482 980.40466 0.01764706 -25
2 948.6787 979.4898 0.01764706 -75
3 942.58044 979.4898 0.01764706 -92
4 935.2867 979.4898 0.01764706 -108
5 927.33307 979.4898 0.01764706 -125
6 915.93243 978.49036 0.01764706 -141
7 900.64844 978.49036 0.01764706 -158
8 884.9213 979.4898 0.01764706 -174
9 868.13556 979.4898 0.01764706 -191
10 847.18134 979.5838 0.01764706 -208
11 805.2889 980.4893 0.01764706 -224
12 765.60455 980.4893 0.01764706 -257
13 745.111 980.4893 0.01764706 -290
14 725.67126 980.4893 0.01764706 -307
15 707.89667 980.4893 0.01764706 -323
16 675.1665 976.9651 0.01764706 -340
17 646.102 975.0207 0.01764706 -373
18 623.5361 973.4929 0.01764706 -406
19 603.03827 973.4929 0.01764706 -439
20 586.5319 973.4929 0.01764706 -472
21 580.3664 973.4929 0.01764706 -505
22 576.5687 973.4929 0.01764706 -521
23 572.6641 973.4929 0.01764706 -538
24 568.80707 973.4929 0.01764706 -554
25 566.7187 973.4929 0.01764706 -571
26 563.0308 973.4929 0.01764706 -588
27 560.951 975.0217 0.01764706 -621
28 559.00586 976.96765 0.01764706 -637
29 557.0839 980.29 0.01764706 -654
30 554.16675 986.4466 0.01764706 -670
31 550.88226 996.00037 0.01764706 -687
32 546.9812 1023.05316 0.01764706 -703
33 543.1623 1055.6304 0.01764706 -720
34 537.5023 1195.2944 0.01764706 -736
35 535.54333 1256.1687 0.01764706 -786
36 526.2138 1368.5105 0.01764706 -802
37 518.995 1428.9272 0.01764706 -835
38 512.9436 1477.8818 0.01764706 -852
39 507.103 1520.2006 0.01764706 -868
40 502.9527 1554.843 0.01764706 -885
41 499.76987 1582.1519 0.01764706 -901
42 497.7651 1602.1316 0.01764706 -918
43 495.81476 1614.7897 0.01764706 -935
44 493.78674 1623.4226 0.01764706 -951
45 491.78644 1628.6681 0.01764706 -968
46 490.5458 1633.7756 0.01764706 -984
47 489.54672 1637.1473 0.01764706 -1017
48 489.54672 1638.6465 0.01764706 -1050
49 489.54672 1639.8197 0.01764706 -1064
50 489.54672 1640.1458 0.015686275 -1133
51 489.54672 1641.1451 0.015686275 -1143
0 925.1434 998.4799 0.015686275 -16
1 925.1434 998.4799 0.01764706 -16
2 924.33374 997.67004 0.01764706 -53
3 920.88153 995.8484 0.01764706 -70
4 916.89124 993.8524 0.01764706 -86
5 905.03534 992.48303 0.01764706 -103
6 884.33234 991.00903 0.01764706 -136
7 871.0929 988.8992 0.01764706 -169
8 834.5986 987.0231 0.01764706 -186
9 814.2461 984.98694 0.01764706 -219
10 773.23883 983.7562 0.01764706 -235
11 730.66907 978.7943 0.01764706 -264
12 710.6041 976.7426 0.01764706 -297
13 694.2227 974.2089 0.01764706 -314
14 676.8557 971.88074 0.01764706 -330
15 660.8401 969.92633 0.01764706 -347
16 646.7296 967.9713 0.01764706 -363
17 635.1445 965.0439 0.01764706 -380
18 625.2884 963.07184 0.01764706 -396
19 615.593 961.132 0.01764706 -413
20 609.4613 959.1756 0.01764706 -429
21 603.59503 959.50024 0.01764706 -446
22 600.1124 959.50024 0.01764706 -462
23 597.33563 959.50024 0.01764706 -479
24 595.4248 959.50024 0.01764706 -495
25 593.5043 959.50024 0.01764706 -512
26 591.57806 959.50024 0.01764706 -528
27 589.69434 960.2595 0.01764706 -545
28 586.07776 962.87805 0.01764706 -561
29 582.2476 968.3156 0.01764706 -578
30 578.4467 977.5439 0.01764706 -594
31 574.52637 991.721 0.01764706 -611
32 570.67474 1012.0509 0.01764706 -627
33 565.49023 1041.7168 0.01764706 -644
34 561.0653 1079.7969 0.01764706 -660
35 550.3097 1175.8939 0.01764706 -677
36 533.20306 1315.1344 0.01764706 -710
37 515.03033 1424.6206 0.01764706 -743
38 505.45895 1475.5674 0.01764706 -776
39 498.54285 1517.1786 0.01764706 -792
40 492.5598 1551.1073 0.01764706 -809
41 488.5883 1576.9344 0.01764706 -825
42 485.60474 1595.7339 0.01764706 -842
43 483.62057 1608.752 0.01764706 -858
44 482.5532 1617.8462 0.01764706 -875
45 481.5541 1625.8816 0.01764706 -891
46 481.5541 1628.0181 0.01764706 -924
47 481.5541 1630.0005 0.01764706 -941
48 481.5541 1630.9602 0.01764706 -957
49 481.5541 1632.1499 0.01764706 -974
50 481.5541 1632.1499 0.01764706 -990
51 481.5541 1632.1499 0.015686275 -1021
52 480.55505 1632.1499 0.015686275 -1041
0 798.26086 389.79697 0.01764706 -7
1 798.26086 389.79697 0.01764706 -7
2 795.44415 388.38803 0.01764706 -59
3 782.83594 388.7975 0.01764706 -76
4 760.8789 391.9982 0.01764706 -109
5 730.05176 396.07773 0.01764706 -142
6 712.7748 398.1133 0.019607844 -175
7 695.9493 400.0924 0.019607844 -191
8 676.277 399.79178 0.019607844 -208
9 656.508 402.07898 0.019607844 -225
10 637.9246 404.03802 0.019607844 -241
11 618.0498 403.78967 0.019607844 -258
12 598.87537 403.78967 0.019607844 -274
13 579.9339 403.78967 0.019607844 -291
14 560.25836 401.6685 0.019607844 -307
15 540.73096 399.715 0.019607844 -324
16 521.99097 398.73975 0.019607844 -340
17 502.42276 397.78162 0.019607844 -357
18 470.95328 395.79385 0.019607844 -373
19 455.98254 395.79385 0.019607844 -406
20 444.24933 395.79385 0.019607844 -423
21 433.3399 395.79385 0.019607844 -440
22 423.60333 395.79385 0.019607844 -456
23 415.45343 395.79385 0.019607844 -473
24 407.65454 395.79385 0.019607844 -489
25 402.74622 395.79385 0.019607844 -506
26 398.82938 395.79385 0.019607844 -522
27 395.0187 395.79385 0.019607844 -539
28 393.41348 395.79385 0.019607844 -555
29 391.46338 395.79385 0.019607844 -572
30 389.5349 395.79385 0.019607844 -588
31 387.60715 395.79385 0.019607844 -605
32 383.75793 398.67908 0.019607844 -621
33 381.84906 402.3852 0.019607844 -655
34 375.1683 416.99353 0.019607844 -671
35 370.58313 449.57703 0.019607844 -702
36 369.6577 528.1606 0.019607844 -735
37 369.6577 619.1617 0.019607844 -768
38 368.65866 665.7944 0.019607844 -801
39 366.86676 749.2742 0.019607844 -818
40 363.80597 825.14185 0.019607844 -851
41 361.66513 880.04285 0.019607844 -884
42 361.66513 897.9585 0.019607844 -917
43 359.90942 909.313 0.019607844 -933
44 359.667 918.55927 0.019607844 -950
45 359.667 925.7858 0.019607844 -966
46 359.667 931.7111 0.019607844 -983
47 359.667 936.91077 0.019607844 -999
48 359.667 939.8664 0.019607844 -1016
49 359.667 945.0947 0.019607844 -1032
50 359.667 949.02094 0.019607844 -1065
51 359.667 951.0777 0.019607844 -1098
52 359.667 952.5039 0.019607844 -1115
53 359.667 953.617 0.019607844 -1131
54 359.667 953.50336 0.019607844 -1164
55 359.667 953.50336 0.019607844 -1214
56 358.6679 953.50336 0.019607844 -1230
57 357.66882 954.50287 0.01764706 -1236
0 956.1147 985.4867 0.01764706 -4
1 955.11566 985.4867 0.015686275 -13
2 949.8194 986.58655 0.015686275 -30
3 940.62036 988.58685 0.01764706 -46
4 928.39343 990.6085 0.01764706 -63
5 892.85175 994.51416 0.015686275 -79
6 845.4167 992.4259 0.015686275 -112
7 820.8606 990.45245 0.01764706 -145
8 792.2504 986.48395 0.015686275 -162
9 764.6218 982.539 0.01764706 -178
10 709.9806 978.6163 0.01764706 -195
11 660.69586 975.7462 0.01764706 -228
12 612.0077 969.7811 0.01764706 -261
13 592.49615 965.9059 0.01764706 -295
14 576.25525 963.7536 0.01764706 -312
15 563.4828 961.8331 0.01764706 -329
16 546.7409 959.50024 0.01764706 -345
17 537.8689 958.50073 0.01764706 -378
18 536.2243 958.50073 0.01764706 -411
19 534.3371 958.50073 0.01764706 -428
20 532.4435 958.50073 0.01764706 -444
21 530.51855 958.50073 0.01764706 -461
22 528.6138 959.3971 0.01764706 -477
23 526.6896 963.14386 0.01764706 -494
24 524.75684 970.28107 0.01764706 -510
25 522.1512 982.9493 0.01764706 -527
26 518.9215 1001.0566 0.01764706 -543
27 517.0087 1027.1534 0.01764706 -560
28 513.26416 1097.901 0.01764706 -576
29 513.52454 1144.4022 0.01764706 -609
30 511.2477 1198.6277 0.01764706 -626
31 508.361 1273.8907 0.01764706 -642
32 506.40585 1327.816 0.01764706 -659
33 503.4433 1379.7257 0.01764706 -675
34 498.47614 1482.7856 0.01764706 -692
35 495.4217 1532.6967 0.01764706 -725
36 491.46964 1576.0073 0.01764706 -741
37 487.50076 1610.568 0.01764706 -758
38 483.54623 1636.1842 0.01764706 -774
39 481.55536 1654.1284 0.01764706 -791
40 479.58795 1664.9727 0.01764706 -807
41 477.5889 1672.0358 0.01764706 -824
42 477.55783 1677.0331 0.01764706 -840
43 476.55875 1682.0278 0.01764706 -857
44 476.55875 1684.9532 0.01764706 -890
45 475.63702 1685.1223 0.01764706 -923
46 474.0611 1685.1223 0.01764706 -940
47 474.5606 1685.1223 0.01764706 -953
48 474.5606 1685.1223 0.01764706 -973
49 474.5606 1685.1223 0.01764706 -986
50 435.59668 1697.1161 0.019607844 -1007
0 922.1462 989.4846 0.015686275 -15
1 922.1462 989.4846 0.015686275 -15
2 922.1462 989.4846 0.015686275 -31
3 922.1462 989.4846 0.01764706 -58
4 920.92065 989.4846 0.01764706 -75
5 916.6907 989.4846 0.01764706 -91
6 903.19257 989.4846 0.01764706 -108
7 889.70996 989.4846 0.01764706 -141
8 875.7682 991.68646 0.01764706 -157
9 859.37585 993.48254 0.01764706 -174
10 821.9133 996.546 0.01764706 -190
11 797.3459 998.63947 0.01764706 -223
12 773.68445 998.4799 0.01764706 -240
13 750.3987 999.47943 0.01764706 -256
14 725.52747 999.47943 0.01764706 -273
15 677.834 996.5933 0.01764706 -289
16 651.82306 994.5175 0.01764706 -322
17 629.3647 991.5625 0.01764706 -339
18 608.93884 989.6348 0.01764706 -355
19 591.6201 988.48517 0.01764706 -372
20 578.13965 987.48566 0.01764706 -388
21 568.8145 986.8213 0.01764706 -405
22 561.0807 986.4862 0.01764706 -421
23 549.9313 983.2081 0.01764706 -438
24 545.53436 983.48773 0.01764706 -471
25 543.11615 983.48773 0.01764706 -487
26 541.1928 983.48773 0.01764706 -504
27 539.31415 983.48773 0.01764706 -520
28 537.3476 983.48773 0.01764706 -537
29 535.3914 983.48773 0.01764706 -554
30 533.4802 983.48773 0.01764706 -570
31 531.54675 983.48773 0.01764706 -587
32 529.62164 984.37524 0.01764706 -603
33 527.69714 987.1144 0.01764706 -620
34 523.9918 1000.09406 0.01764706 -636
35 521.9008 1012.4 0.01764706 -669
36 519.94745 1033.8865 0.01764706 -686
37 513.7632 1101.799 0.01764706 -702
38 512.14166 1151.0043 0.01764706 -735
39 507.92044 1203.598 0.01764706 -752
40 503.99963 1258.8162 0.01764706 -768
41 497.58704 1319.835 0.01764706 -785
42 489.51907 1401.7524 0.01764706 -801
43 483.944 1460.5206 0.01764706 -818
44 479.00653 1507.6143 0.01764706 -834
45 474.2387 1551.5748 0.01764706 -851
46 465.25284 1616.2147 0.01764706 -867
47 461.2702 1635.5103 0.01764706 -900
48 459.48343 1648.688 0.01764706 -917
49 457.44998 1658.7683 0.01764706 -933
50 455.4664 1664.4688 0.01764706 -950
51 453.45917 1668.3729 0.01764706 -966
52 453.58002 1670.2324 0.01764706 -983
53 453.58002 1672.239 0.01764706 -999
54 453.58002 1674.2102 0.01764706 -1016
55 453.58002 1675.1274 0.01764706 -1032
56 453.58002 1675.1274 0.01764706 -1060
57 453.58002 1675.1274 0.015686275 -1082
58 453.58002 1675.1274 0.015686275 -1089
0 966.10547 982.4883 0.015686275 -16
1 966.10547 982.4883 0.01764706 -24
2 961.5433 982.4883 0.01764706 -44
3 944.8168 984.5489 0.01764706 -67
4 931.3441 986.7423 0.01764706 -100
5 897.96606 991.72394 0.01764706 -116
6 878.18604 994.9264 0.01764706 -149
7 854.80493 996.68115 0.01764706 -166
8 833.31213 998.65405 0.01764706 -182
9 810.64606 999.47943 0.01764706 -199
10 788.23193 1001.5649 0.01764706 -215
11 746.8562 1003.47736 0.01764706 -232
12 706.4624 1004.4768 0.01764706 -265
13 688.4708 1003.47736 0.01764706 -298
14 671.02527 1003.47736 0.01764706 -314
15 655.8636 1003.47736 0.01764706 -331
16 643.07715 1003.47736 0.01764706 -347
17 622.727 1003.47736 0.01764706 -364
18 611.8411 1003.47736 0.01764706 -397
19 603.3349 1002.20135 0.01764706 -413
20 596.0145 1002.47784 0.01764706 -430
21 589.2903 1002.47784 0.01764706 -446
22 585.4842 1002.47784 0.01764706 -463
23 581.67694 1002.47784 0.01764706 -479
24 577.9303 1002.47784 0.01764706 -496
25 575.76025 1001.77155 0.01764706 -512
26 572.0623 1001.4784 0.01764706 -529
27 568.1375 1001.4784 0.01764706 -562
28 566.2446 1001.4784 0.01764706 -595
29 562.4146 1001.4784 0.01764706 -612
30 560.49347 1001.4784 0.01764706 -645
31 556.77924 1006.88605 0.01764706 -661
32 553.88434 1020.48254 0.01764706 -694
33 553.4875 1031.9213 0.01764706 -727
34 551.9204 1049.1395 0.01764706 -744
35 549.971 1070.1993 0.01764706 -760
36 548.03503 1099.7478 0.01764706 -777
37 543.56354 1143.669 0.01764706 -793
38 542.1119 1189.6484 0.01764706 -810
39 540.1792 1241.6885 0.01764706 -826
40 536.9662 1293.0343 0.01764706 -843
41 530.6303 1351.2018 0.01764706 -859
42 524.6631 1429.2565 0.01764706 -876
43 520.1716 1482.9099 0.01764706 -892
44 515.1903 1528.8625 0.01764706 -909
45 511.21585 1564.9819 0.01764706 -925
46 509.38138 1592.0818 0.01764706 -942
47 507.39832 1612.3469 0.01764706 -958
48 505.41464 1625.8575 0.01764706 -975
49 505.53192 1634.5249 0.01764706 -991
50 504.53284 1639.2991 0.01764706 -1008
51 504.53284 1643.2964 0.01764706 -1024
52 504.53284 1645.2169 0.01764706 -1041
53 504.53284 1647.1873 0.01764706 -1057
54 504.53284 1649.195 0.01764706 -1074
55 504.53284 1650.1942 0.01764706 -1091
56 504.53284 1651.6398 0.01764706 -1107
57 504.53284 1651.14 0.01764706 -1119
58 504.53284 1651.14 0.01764706 -1140
59 504.53284 1651.14 0.015686275 -1173
60 504.53284 1651.14 0.015686275 -1198
0 959.11194 986.4862 0.01764706 -6
1 959.11194 986.4862 0.01764706 -15
2 955.6203 986.4862 0.01764706 -41
3 950.4727 986.4862 0.01764706 -58
4 943.37994 987.6722 0.01764706 -74
5 925.33875 990.4841 0.01764706 -91
6 889.7317 995.6259 0.01764706 -124
7 867.00934 997.6487 0.01764706 -157
8 812.84863 1000.4789 0.01764706 -173
9 783.1357 1001.4784 0.01764706 -206
10 727.73615 1004.4453 0.01764706 -223
11 679.73285 1004.4768 0.01764706 -256
12 641.55145 1005.4763 0.01764706 -289
13 626.3956 1005.4763 0.01764706 -322
14 613.2688 1005.4763 0.01764706 -338
15 603.37036 1005.4763 0.01764706 -355
16 590.59155 1005.4763 0.01764706 -371
17 586.5834 1005.4763 0.01764706 -404
18 582.75214 1005.4763 0.01764706 -421
19 581.1522 1005.4763 0.01764706 -437
20 579.2455 1005.4763 0.01764706 -454
21 577.20557 1005.4763 0.01764706 -470
22 575.34546 1005.4763 0.01764706 -487
23 573.41077 1005.4763 0.01764706 -503
24 571.4792 1005.4763 0.01764706 -520
25 569.5506 1005.4763 0.01764706 -536
26 567.5941 1005.4763 0.01764706 -553
27 565.6417 1006.3104 0.01764706 -570
28 564.47736 1009.01917 0.01764706 -586
29 564.47736 1013.59454 0.01764706 -603
30 562.8392 1021.66626 0.01764706 -619
31 560.9746 1033.0034 0.01764706 -636
32 558.9604 1050.673 0.01764706 -652
33 553.6538 1108.5073 0.01764706 -669
34 545.06085 1189.5668 0.01764706 -702
35 531.23944 1280.9448 0.01764706 -735
36 521.31555 1329.8353 0.01764706 -768
37 512.4528 1374.1842 0.01764706 -784
38 502.60382 1429.5299 0.01764706 -801
39 494.98303 1474.3046 0.01764706 -817
40 490.32123 1508.0127 0.01764706 -834
41 484.64276 1553.3672 0.01764706 -850
42 481.5541 1577.573 0.01764706 -883
43 481.5541 1584.1708 0.01764706 -916
44 480.55505 1588.1017 0.01764706 -933
45 480.55505 1591.1151 0.01764706 -949
46 480.55505 1593.0841 0.01764706 -966
47 479.55597 1595.0487 0.01764706 -982
48 479.55597 1597.0173 0.01764706 -999
49 479.55597 1599.0283 0.01764706 -1015
50 479.55597 1600.0138 0.01764706 -1032
51 479.55597 1600.1665 0.01764706 -1048
52 479.55597 1600.1665 0.01764706 -1065
53 479.55597 1601.6438 0.01764706 -1079
54 479.55597 1601.166 0.01764706 -1100
55 479.55597 1601.166 0.01764706 -1125
0 822.23865 411.78552 0.01764706 -17
1 821.2271 411.78552 0.019607844 -17
2 816.7911 411.78552 0.01764706 -51
3 809.6336 411.78552 0.01764706 -67
4 787.39667 414.76602 0.01764706 -84
5 753.3625 418.78186 0.019607844 -117
6 714.6642 419.78134 0.019607844 -150
7 691.6699 419.78134 0.019607844 -183
8 665.6501 421.8367 0.019607844 -199
9 616.29333 420.78082 0.019607844 -216
10 567.0355 418.78186 0.019607844 -249
11 541.67096 417.9798 0.019607844 -282
12 521.19336 416.78293 0.019607844 -298
13 501.55435 415.0857 0.019607844 -315
14 484.55035 413.7845 0.019607844 -331
15 471.14084 412.785 0.019607844 -348
16 461.66248 411.78552 0.019607844 -364
17 454.11044 410.41895 0.019607844 -381
18 444.09448 410.78604 0.019607844 -397
19 440.26138 410.78604 0.019607844 -430
20 437.47223 410.78604 0.019607844 -447
21 435.5385 410.78604 0.019607844 -463
22 433.6218 410.78604 0.019607844 -480
23 431.70758 410.78604 0.019607844 -496
24 429.78687 410.78604 0.019607844 -513
25 427.86142 410.78604 0.019607844 -529
26 422.6087 415.78345 0.019607844 -546
27 414.6728 433.60394 0.019607844 -578
28 411.79492 449.8846 0.019607844 -612
29 408.259 472.4725 0.019607844 -629
30 405.62442 534.1507 0.019607844 -645
31 405.62442 577.2599 0.019607844 -678
32 405.62442 626.27356 0.019607844 -695
33 405.62442 686.4178 0.019607844 -711
34 405.62442 779.30383 0.019607844 -728
35 405.62442 821.8176 0.019607844 -761
36 405.62442 857.8719 0.019607844 -778
37 405.62442 888.52814 0.019607844 -794
38 405.62442 914.96405 0.019607844 -811
39 406.6235 936.5127 0.019607844 -827
40 406.6235 954.5103 0.019607844 -844
41 406.6235 968.5225 0.019607844 -860
42 406.6235 979.35803 0.019607844 -877
43 406.6235 987.3069 0.019607844 -893
44 406.6235 992.395 0.019607844 -910
45 406.6235 996.3812 0.019607844 -926
46 406.6235 998.4062 0.019607844 -943
47 406.6235 1000.3931 0.019607844 -960
48 406.6235 1002.3962 0.019607844 -976
49 406.6235 1004.37744 0.019607844 -993
50 406.6235 1005.9761 0.019607844 -1009
51 406.6235 1006.47577 0.019607844 -1022
52 406.6235 1006.47577 0.019607844 -1059
53 406.6235 1006.47577 0.019607844 -1060
0 961.1101 691.6398 0.01764706 -6
1 961.1101 691.6398 0.01764706 -16
2 959.9725 690.50165 0.01764706 -33
3 954.2116 690.64026 0.01764706 -50
4 948.2255 690.64026 0.01764706 -66
5 938.69696 690.64026 0.01764706 -83
6 925.0481 690.64026 0.01764706 -99
7 907.98737 692.88043 0.01764706 -116
8 864.6669 694.6382 0.01764706 -132
9 839.29095 696.86255 0.01764706 -165
10 811.22046 696.63715 0.01764706 -182
11 785.765 696.63715 0.01764706 -198
12 762.8023 698.7603 0.01764706 -215
13 720.33936 699.63556 0.01764706 -232
14 680.46375 700.6351 0.01764706 -265
15 661.45276 701.6345 0.01764706 -298
16 646.5105 701.6345 0.01764706 -314
17 634.88354 701.6345 0.01764706 -331
18 623.7841 701.6345 0.01764706 -347
19 614.88837 702.2698 0.01764706 -364
20 602.98083 703.6335 0.01764706 -380
21 595.1659 703.6335 0.01764706 -413
22 590.92725 703.6335 0.01764706 -446
23 588.2497 703.6335 0.019607844 -463
24 586.31134 703.6335 0.01764706 -479
25 584.41064 703.6335 0.019607844 -496
26 582.5077 703.6335 0.019607844 -512
27 579.73566 705.3601 0.01764706 -529
28 577.7046 709.15173 0.01764706 -545
29 575.78906 712.9842 0.01764706 -562
30 573.8848 719.96027 0.019607844 -578
31 571.9736 728.6014 0.01764706 -595
32 570.4718 741.4015 0.01764706 -611
33 569.4727 776.5544 0.01764706 -628
34 564.3961 884.1654 0.01764706 -661
35 563.4268 927.65027 0.01764706 -711
36 561.45746 978.0574 0.01764706 -727
37 560.481 1025.9805 0.01764706 -744
38 557.53754 1076.0962 0.01764706 -760
39 555.56586 1127.4054 0.01764706 -777
40 552.58136 1174.2494 0.01764706 -793
41 551.4894 1213.6643 0.01764706 -810
42 549.6438 1248.9063 0.01764706 -826
43 549.4912 1275.876 0.01764706 -843
44 548.4921 1298.2595 0.01764706 -859
45 546.69904 1315.6729 0.01764706 -876
46 545.49493 1327.2472 0.01764706 -892
47 545.49493 1335.3312 0.01764706 -909
48 545.49493 1340.7917 0.01764706 -925
49 545.49493 1344.0421 0.01764706 -942
50 545.49493 1346.0464 0.01764706 -958
51 545.49493 1348.0375 0.01764706 -975
52 545.49493 1349.9872 0.01764706 -991
53 545.49493 1350.2966 0.01764706 -1008
54 545.49493 1351.0167 0.01764706 -1024
55 545.49493 1351.2961 0.01764706 -1041
56 545.49493 1351.2961 0.01764706 -1058
57 544.49585 1351.2961 0.01764706 -1091
58 544.49585 1351.2961 0.01764706 -1101
0 939.13043 687.64185 0.01764706 -15
1 937.85297 687.64185 0.01764706 -15
2 932.2861 687.64185 0.01764706 -34
3 913.9725 689.8376 0.01764706 -51
4 891.0112 693.8326 0.01764706 -84
5 863.7493 697.693 0.01764706 -117
6 846.2186 697.63666 0.01764706 -150
7 828.63464 699.70197 0.01764706 -166
8 785.82104 695.72906 0.01764706 -183
9 760.9306 695.58887 0.01764706 -216
10 735.64667 693.74084 0.01764706 -232
11 711.0781 691.7844 0.01764706 -249
12 686.0172 691.6398 0.01764706 -266
13 663.2803 690.64026 0.01764706 -282
14 642.9734 688.9656 0.01764706 -299
15 623.97406 688.6413 0.01764706 -315
16 608.54584 688.6413 0.01764706 -332
17 596.46 687.64185 0.01764706 -348
18 587.7748 686.2223 0.01764706 -365
19 579.892 686.64233 0.01764706 -381
20 572.83234 686.64233 0.01764706 -398
21 568.9217 686.64233 0.01764706 -414
22 565.03345 686.64233 0.01764706 -431
23 562.3267 686.64233 0.01764706 -447
24 560.4117 686.64233 0.01764706 -464
25 558.4857 686.64233 0.01764706 -480
26 556.5559 686.64233 0.01764706 -497
27 554.6518 686.64233 0.01764706 -513
28 552.7394 689.1388 0.01764706 -530
29 550.84283 692.93335 0.01764706 -546
30 548.8934 699.02936 0.01764706 -563
31 547.49304 715.9962 0.019607844 -579
32 547.49304 728.0165 0.01764706 -612
33 547.49304 742.81976 0.01764706 -629
34 547.49304 761.8265 0.01764706 -645
35 546.4545 824.20325 0.01764706 -662
36 546.494 860.4258 0.01764706 -695
37 546.494 900.75665 0.01764706 -712
38 545.49493 943.2842 0.01764706 -728
39 544.4965 988.4687 0.01764706 -745
40 544.49585 1034.8744 0.01764706 -761
41 542.5514 1079.2557 0.01764706 -778
42 540.574 1124.7744 0.01764706 -794
43 538.5813 1165.8738 0.01764706 -811
44 536.6136 1200.6079 0.01764706 -827
45 534.6157 1230.8081 0.01764706 -844
46 531.6515 1252.91 0.01764706 -860
47 527.8251 1283.4489 0.01764706 -877
48 525.7068 1293.5521 0.01764706 -910
49 523.68695 1300.807 0.01764706 -926
50 522.6976 1304.957 0.01764706 -943
51 522.5162 1308.1377 0.01764706 -959
52 521.70264 1310.132 0.01764706 -976
53 521.5171 1312.1539 0.01764706 -992
54 521.5171 1312.3165 0.01764706 -1009
55 521.5171 1313.3159 0.01764706 -1025
56 520.51807 1313.3159 0.01764706 -1042
57 520.51807 1313.3159 0.01764706 -1075
58 519.519 1313.3159 0.01764706 -1084
0 969.10266 1025.4658 0.01764706 -24
1 967.23016 1024.0295 0.01764706 -24
2 962.7986 1023.4669 0.01764706 -52
3 956.43286 1023.4669 0.015686275 -68
4 947.9119 1023.4669 0.015686275 -85
5 937.3645 1023.4669 0.01764706 -101
6 923.8794 1023.4669 0.01764706 -118
7 891.41693 1024.8837 0.01764706 -135
8 873.953 1025.4658 0.01764706 -168
9 854.12573 1026.8735 0.01764706 -184
10 833.482 1028.8387 0.01764706 -201
11 789.087 1029.4637 0.01764706 -217
12 746.41113 1030.4633 0.01764706 -250
13 705.3827 1030.4633 0.01764706 -284
14 687.31744 1029.4637 0.01764706 -317
15 669.94214 1028.4644 0.01764706 -333
16 653.3907 1028.4644 0.01764706 -350
17 640.8711 1027.5422 0.01764706 -366
18 630.2495 1026.4653 0.01764706 -383
19 621.25616 1026.4653 0.01764706 -400
20 614.20105 1026.4653 0.01764706 -416
21 608.4189 1025.4658 0.01764706 -433
22 603.30194 1025.4658 0.01764706 -449
23 599.33527 1024.4664 0.01764706 -466
24 595.5115 1024.4664 0.01764706 -482
25 591.3133 1023.4669 0.01764706 -499
26 589.1877 1023.4669 0.01764706 -532
27 585.4991 1023.4669 0.01764706 -549
28 581.54346 1023.4669 0.01764706 -582
29 579.59564 1023.4669 0.01764706 -615
30 575.7039 1028.9901 0.01764706 -631
31 573.79333 1035.1622 0.01764706 -665
32 571.8316 1045.9279 0.01764706 -681
33 568.9098 1067.2058 0.01764706 -698
34 567.37427 1085.6389 0.01764706 -714
35 564.4479 1112.6268 0.01764706 -727
36 557.92993 1171.3711 0.01764706 -744
37 553.7688 1209.6951 0.01764706 -777
38 549.0125 1248.877 0.01764706 -793
39 544.9276 1289.7903 0.01764706 -810
40 540.3436 1327.4012 0.01764706 -827
41 535.00464 1363.29 0.01764706 -843
42 531.26025 1399.8778 0.01764706 -858
43 527.3296 1431.1208 0.01764706 -876
44 523.372 1461.8141 0.01764706 -892
45 519.9786 1490.3234 0.01764706 -909
46 517.9896 1522.6995 0.01764706 -926
47 516.0222 1551.192 0.01764706 -942
48 514.5236 1575.453 0.01764706 -958
49 513.06903 1593.8171 0.01764706 -975
50 511.12485 1607.9758 0.01764706 -992
51 509.17236 1615.5834 0.01764706 -1008
52 509.52823 1622.3085 0.01764706 -1025
53 508.17923 1625.8538 0.01764706 -1041
54 508.52914 1628.4908 0.01764706 -1058
55 508.52914 1630.4436 0.01764706 -1074
56 508.52914 1632.4236 0.01764706 -1091
57 508.52914 1633.1494 0.01764706 -1107
58 508.52914 1633.1494 0.01764706 -1124
59 508.52914 1633.1494 0.01764706 -1133
60 508.52914 1633.1494 0.01764706 -1154
61 508.52914 1633.1494 0.015686275 -1190
62 508.52914 1633.1494 0.015686275 -1206
