0 748.3071 1245.3513 0.01764706 -45
1 737.2456 1243.3524 0.01764706 -45
2 723.98895 1243.3524 0.01764706 -78
3 710.0123 1242.7701 0.01764706 -110
4 693.4623 1240.354 0.01764706 -143
5 672.5804 1240.354 0.01764706 -176
6 660.3754 1239.3545 0.019607844 -209
7 645.34467 1238.2228 0.019607844 -226
8 618.703 1237.2952 0.01764706 -242
9 570.54675 1232.563 0.019607844 -259
10 522.7648 1225.2366 0.01764706 -292
11 495.1598 1222.3088 0.01764706 -325
12 470.37045 1218.5662 0.01764706 -341
13 447.77567 1212.4894 0.01764706 -358
14 422.72302 1209.0802 0.01764706 -374
15 401.71704 1203.1 0.01764706 -391
16 381.91818 1196.4674 0.01764706 -407
17 368.03387 1191.7721 0.01764706 -424
18 357.4308 1188.7332 0.019607844 -440
19 349.67337 1187.3816 0.019607844 -457
20 342.1997 1187.3816 0.01764706 -473
21 334.71445 1187.3816 0.01764706 -490
22 331.74905 1187.3816 0.01764706 -523
23 329.92166 1187.3816 0.01764706 -539
24 328.0866 1187.3816 0.01764706 -556
25 326.23615 1187.3816 0.01764706 -572
26 324.36432 1189.7157 0.01764706 -589
27 322.54718 1192.687 0.01764706 -605
28 318.57248 1198.5746 0.01764706 -622
29 311.20825 1225.3762 0.01764706 -638
30 307.32858 1244.9791 0.019607844 -671
31 303.5864 1268.267 0.01764706 -688
32 299.79395 1299.2152 0.019607844 -704
33 296.00403 1334.1631 0.01764706 -721
34 290.71448 1407.6101 0.01764706 -737
35 286.24075 1455.8658 0.019607844 -770
36 275.6807 1554.7986 0.01764706 -787
37 269.7712 1596.0358 0.01764706 -820
38 266.80978 1623.416 0.01764706 -836
39 261.00607 1675.6497 0.01764706 -853
40 257.0864 1707.8395 0.01764706 -886
41 256.76227 1718.8395 0.01764706 -919
42 256.76227 1725.1757 0.01764706 -935
43 256.76227 1730.3741 0.01764706 -952
44 256.76227 1734.2473 0.01764706 -968
45 256.76227 1738.1232 0.01764706 -985
46 256.76227 1740.5383 0.01764706 -1001
47 256.76227 1742.519 0.01764706 -1018
48 256.76227 1744.4502 0.01764706 -1034
49 256.76227 1746.3872 0.01764706 -1051
50 256.76227 1748.3242 0.01764706 -1067
51 256.76227 1749.1525 0.01764706 -1084
52 256.76227 1751.5876 0.01764706 -1100
53 256.76227 1752.0818 0.01764706 -1129
54 256.76227 1753.0482 0.01764706 -1150
55 256.76227 1753.5542 0.01764706 -1166
56 256.76227 1753.0869 0.01764706 -1175
57 256.76227 1754.0864 0.01764706 -1249
58 256.76227 1755.0858 0.01764706 -1265
59 256.76227 1756.0853 0.01764706 -1282
60 256.76227 1756.0853 0.01764706 -1302
0 726.32745 1235.3566 0.01764706 -18
1 725.22406 1235.3566 0.01764706 -18
2 720.80634 1235.3566 0.01764706 -52
3 716.92334 1235.3566 0.015686275 -69
4 711.8362 1233.1893 0.015686275 -86
5 696.67395 1229.4393 0.01764706 -102
6 677.8953 1229.3596 0.01764706 -135
7 665.58527 1229.3596 0.01764706 -168
8 642.2422 1227.3607 0.01764706 -185
9 627.88477 1227.3607 0.01764706 -218
10 613.9242 1227.3607 0.01764706 -234
11 582.18475 1228.3602 0.01764706 -249
12 543.293 1228.3602 0.01764706 -282
13 520.50824 1228.3602 0.01764706 -315
14 497.95627 1227.2169 0.01764706 -332
15 471.52567 1225.282 0.01764706 -348
16 452.5874 1223.3634 0.01764706 -365
17 417.14478 1220.6805 0.01764706 -381
18 389.02292 1217.9917 0.01764706 -414
19 376.06665 1216.3665 0.01764706 -447
20 363.9175 1216.3665 0.01764706 -464
21 355.22897 1216.3665 0.01764706 -480
22 347.59265 1216.3665 0.01764706 -497
23 341.01102 1216.3665 0.01764706 -513
24 335.4289 1216.3665 0.01764706 -530
25 329.7393 1215.367 0.01764706 -546
26 325.93344 1215.367 0.01764706 -563
27 322.13754 1215.367 0.01764706 -579
28 320.0223 1215.367 0.01764706 -596
29 318.14102 1215.367 0.01764706 -612
30 316.2485 1215.367 0.01764706 -629
31 314.26642 1216.8088 0.01764706 -645
32 312.12448 1219.951 0.01764706 -662
33 307.59354 1233.9656 0.01764706 -678
34 304.68674 1252.6589 0.01764706 -711
35 300.00793 1296.7529 0.01764706 -728
36 298.72342 1359.3124 0.01764706 -761
37 297.08884 1398.6293 0.01764706 -794
38 295.18024 1437.088 0.01764706 -810
39 293.26044 1474.5922 0.01764706 -827
40 290.27655 1514.759 0.01764706 -843
41 287.3265 1555.3389 0.01764706 -860
42 282.39655 1631.3064 0.01764706 -876
43 275.6888 1688.9033 0.01764706 -909
44 273.55902 1710.9854 0.01764706 -942
45 270.5226 1732.14 0.01764706 -959
46 268.63617 1744.8967 0.01764706 -975
47 266.75302 1758.7415 0.01764706 -992
48 266.75302 1766.0028 0.01764706 -1025
49 265.9847 1769.8472 0.01764706 -1058
50 265.75394 1771.9333 0.01764706 -1091
51 265.75394 1773.8788 0.01764706 -1107
52 265.75394 1775.8455 0.01764706 -1124
53 265.75394 1777.7926 0.01764706 -1140
54 265.75394 1779.7499 0.01764706 -1157
55 265.75394 1782.0718 0.01764706 -1173
56 265.75394 1782.0718 0.01764706 -1206
57 265.75394 1782.0718 0.01764706 -1239
58 265.75394 1782.0718 0.01764706 -1244
0 887.1785 711.62933 0.01764706 -127
1 881.817 711.62933 0.01764706 -127
2 864.43713 715.18 0.01764706 -138
3 852.96173 717.16785 0.01764706 -171
4 841.22107 719.12537 0.01764706 -188
5 827.0192 722.54224 0.01764706 -204
6 811.7026 726.50806 0.01764706 -221
7 794.88275 727.9965 0.01764706 -237
8 756.9426 730.61945 0.01764706 -254
9 733.8379 730.3294 0.01764706 -287
10 686.0779 729.62 0.01764706 -304
11 660.556 727.48016 0.01764706 -337
12 620.6068 725.6221 0.01764706 -353
13 596.45764 724.1691 0.01764706 -382
14 575.9188 722.4114 0.01764706 -398
15 552.7521 722.6236 0.01764706 -415
16 534.1635 721.3641 0.01764706 -431
17 517.4328 721.62415 0.01764706 -448
18 503.30502 719.59247 0.01764706 -464
19 493.81915 718.6257 0.01764706 -481
20 487.05035 717.6262 0.01764706 -497
21 483.1002 717.6262 0.01764706 -514
22 479.90863 717.6262 0.01764706 -531
23 476.1452 717.6262 0.01764706 -547
24 472.53943 717.6262 0.01764706 -580
25 470.39236 718.79767 0.01764706 -613
26 468.48837 723.85645 0.01764706 -630
27 468.56613 730.5221 0.01764706 -646
28 468.56613 738.23254 0.01764706 -663
29 468.56613 756.9701 0.01764706 -679
30 466.9009 767.26715 0.01764706 -712
31 466.568 781.94476 0.01764706 -729
32 466.0463 798.2838 0.01764706 -745
33 464.08478 816.9151 0.01764706 -762
34 463.57077 839.72095 0.01764706 -778
35 463.57077 901.0786 0.01764706 -795
36 461.22464 940.12823 0.01764706 -828
37 458.0822 980.9192 0.015686275 -844
38 451.4114 1063.2378 0.015686275 -861
39 445.80316 1121.0806 0.015686275 -894
40 444.4428 1161.1631 0.015686275 -910
41 441.3393 1193.521 0.015686275 -927
42 439.48895 1219.718 0.015686275 -943
43 437.5157 1242.1449 0.015686275 -960
44 436.537 1259.873 0.01764706 -976
45 435.59668 1286.0135 0.015686275 -993
46 435.59668 1303.2079 0.015686275 -1026
47 435.59668 1310.31 0.015686275 -1059
48 435.59668 1319.3304 0.015686275 -1075
49 435.59668 1322.3069 0.015686275 -1108
50 435.59668 1324.2813 0.015686275 -1125
51 435.59668 1325.2607 0.015686275 -1141
52 435.59668 1326.3092 0.015686275 -1158
53 435.59668 1326.3092 0.015686275 -1174
54 435.59668 1326.3092 0.015686275 -1191
55 435.59668 1326.3092 0.015686275 -1207
56 435.59668 1326.3092 0.015686275 -1216
0 906.16095 704.633 0.01764706 -8
1 906.16095 704.633 0.01764706 -17
2 906.16095 704.633 0.01764706 -37
3 902.96674 702.53546 0.01764706 -62
4 893.0289 699.63556 0.01764706 -92
5 873.8846 699.63556 0.01764706 -125
6 856.7891 699.63556 0.01764706 -158
7 839.1349 700.64484 0.01764706 -174
8 818.57855 701.60394 0.01764706 -191
9 794.18475 701.6345 0.01764706 -207
10 769.5504 701.6345 0.01764706 -224
11 741.7437 700.7372 0.01764706 -240
12 715.4665 697.9406 0.01764706 -257
13 685.54114 695.035 0.01764706 -273
14 630.671 685.5365 0.01764706 -290
15 602.8321 681.01117 0.01764706 -323
16 562.5155 673.76825 0.01764706 -339
17 538.60913 669.47284 0.01764706 -373
18 530.62537 667.3579 0.01764706 -406
19 526.04114 666.6528 0.01764706 -422
20 522.20667 666.6528 0.01764706 -439
21 518.6316 666.6528 0.01764706 -455
22 516.579 667.595 0.01764706 -488
23 514.64374 670.4104 0.01764706 -505
24 512.7212 674.25696 0.01764706 -521
25 510.7983 679.8321 0.01764706 -538
26 508.8514 687.3517 0.015686275 -554
27 505.2013 705.618 0.01764706 -571
28 503.53375 738.3133 0.015686275 -604
29 502.08264 759.58167 0.01764706 -637
30 501.5356 785.46985 0.015686275 -653
31 499.53748 846.1355 0.015686275 -670
32 497.2813 892.2167 0.01764706 -703
33 496.54025 964.23627 0.01764706 -719
34 495.54117 1018.09546 0.01764706 -736
35 494.54208 1074.2822 0.01764706 -752
36 494.54208 1128.9877 0.01764706 -769
37 494.54208 1180.3912 0.01764706 -785
38 494.54208 1229.1204 0.01764706 -802
39 492.54395 1267.6509 0.01764706 -818
40 489.46844 1331.4036 0.01764706 -835
41 487.4773 1350.9385 0.01764706 -868
42 485.46432 1365.8055 0.01764706 -884
43 485.5504 1374.5604 0.01764706 -901
44 485.5504 1383.2094 0.01764706 -917
45 485.5504 1385.3496 0.01764706 -950
46 484.55133 1386.278 0.01764706 -967
47 483.55228 1386.278 0.01764706 -983
48 483.55228 1386.278 0.01764706 -1000
49 479.6198 1386.278 0.01764706 -1016
50 479.55597 1386.278 0.01764706 -1050
51 478.5569 1386.278 0.01764706 -1050
0 917.1508 686.64233 0.015686275 -18
1 917.1508 686.64233 0.01764706 -27
2 915.9514 686.64233 0.01764706 -44
3 911.7388 686.64233 0.01764706 -77
4 898.30035 686.64233 0.01764706 -93
5 889.1246 686.64233 0.01764706 -126
6 879.04266 687.8704 0.01764706 -143
7 866.8311 688.812 0.01764706 -159
8 834.44446 692.72614 0.01764706 -176
9 815.0166 694.761 0.01764706 -209
10 794.13776 696.73956 0.01764706 -225
11 748.88354 695.6377 0.01764706 -242
12 723.64984 695.6377 0.01764706 -275
13 701.1959 695.6377 0.01764706 -291
14 676.6056 695.6377 0.01764706 -308
15 654.9205 694.6382 0.01764706 -324
16 633.72217 694.6382 0.01764706 -341
17 613.0351 694.6382 0.01764706 -357
18 595.939 694.6382 0.01764706 -374
19 580.6389 694.6382 0.01764706 -390
20 554.633 694.6382 0.01764706 -407
21 534.3977 694.6382 0.01764706 -440
22 525.9649 694.6382 0.01764706 -473
23 520.684 694.6382 0.01764706 -490
24 517.17737 694.6382 0.01764706 -506
25 514.3567 694.6382 0.01764706 -523
26 512.4224 694.6382 0.01764706 -539
27 510.5071 694.6382 0.01764706 -556
28 508.6375 694.6382 0.01764706 -572
29 506.67368 698.20795 0.01764706 -589
30 504.761 704.71954 0.01764706 -605
31 502.83307 713.8363 0.01764706 -622
32 502.5347 726.2397 0.015686275 -638
33 503.1007 742.27875 0.015686275 -655
34 504.53284 764.8715 0.01764706 -671
35 505.53192 823.73303 0.01764706 -688
36 506.531 902.0005 0.015686275 -721
37 504.298 953.14465 0.01764706 -754
38 503.53375 1000.2806 0.01764706 -770
39 501.36722 1069.3312 0.01764706 -787
40 499.3906 1120.0918 0.01764706 -803
41 497.39563 1164.7007 0.01764706 -820
42 496.54025 1206.7136 0.01764706 -836
43 495.42197 1245.6183 0.01764706 -853
44 495.54117 1276.2394 0.01764706 -869
45 494.41275 1303.0043 0.01764706 -886
46 493.54303 1322.6548 0.01764706 -902
47 493.54303 1337.5608 0.01764706 -919
48 493.54303 1346.1996 0.01764706 -935
49 493.54303 1350.7404 0.01764706 -952
50 493.54303 1354.6973 0.01764706 -968
51 492.54395 1356.4752 0.01764706 -985
52 491.35443 1357.2931 0.01764706 -1001
53 491.54486 1358.2925 0.01764706 -1018
54 489.3064 1358.2925 0.015686275 -1034
55 489.3064 1358.2925 0.015686275 -1051
0 897.1693 716.6267 0.01764706 -17
1 897.1693 716.6267 0.01764706 -34
2 894.79266 716.6267 0.01764706 -51
3 890.8537 716.6267 0.01764706 -68
4 884.79803 716.6267 0.01764706 -84
5 868.258 717.6262 0.01764706 -101
6 853.0507 718.6257 0.01764706 -134
7 834.7324 720.7906 0.01764706 -150
8 813.2496 722.80505 0.01764706 -167
9 790.73145 724.75055 0.01764706 -183
10 767.07886 723.5223 0.01764706 -200
11 741.37415 725.6943 0.01764706 -216
12 716.0265 725.6221 0.01764706 -233
13 689.134 726.6215 0.01764706 -249
14 664.789 726.6215 0.01764706 -266
15 640.9341 723.858 0.01764706 -282
16 597.0565 720.78546 0.015686275 -299
17 576.9272 718.0735 0.01764706 -332
18 557.5461 714.08636 0.01764706 -348
19 543.154 710.9059 0.015686275 -365
20 524.1306 707.0357 0.01764706 -381
21 514.60895 703.6335 0.01764706 -414
22 511.1219 703.6335 0.01764706 -447
23 509.17032 703.6335 0.01764706 -464
24 505.4747 703.6335 0.015686275 -480
25 503.39328 705.773 0.015686275 -513
26 502.5347 708.8671 0.015686275 -530
27 501.5356 728.47705 0.01764706 -546
28 501.5356 756.34784 0.015686275 -579
29 501.5356 774.9261 0.015686275 -612
30 501.5356 792.35547 0.015686275 -629
31 501.5356 811.27374 0.015686275 -645
32 501.5356 836.97943 0.015686275 -662
33 503.03424 906.52783 0.015686275 -678
34 504.0667 952.77325 0.015686275 -711
35 505.53192 1051.2438 0.015686275 -728
36 505.53192 1101.4598 0.015686275 -761
37 505.53192 1148.8677 0.015686275 -778
38 505.53192 1197.3771 0.015686275 -794
39 504.53284 1265.2133 0.015686275 -811
40 504.53284 1288.586 0.015686275 -844
41 503.2976 1314.2609 0.015686275 -860
42 502.5347 1321.6937 0.015686275 -893
43 502.5347 1325.7489 0.015686275 -910
44 502.5347 1327.3087 0.015686275 -926
45 502.5347 1328.7607 0.015686275 -943
46 502.5347 1329.3076 0.015686275 -959
47 501.0735 1329.3076 0.015686275 -976
48 500.53653 1329.3076 0.015686275 -992
49 499.53748 1329.3076 0.015686275 -997
0 734.32007 1094.4299 0.015686275 -33
1 731.62976 1096.429 0.015686275 -33
2 729.6466 1096.429 0.015686275 -54
3 726.95184 1097.1161 0.01764706 -71
4 722.1251 1099.163 0.015686275 -87
5 712.3511 1102.2238 0.015686275 -104
6 702.3518 1105.2239 0.015686275 -120
7 691.3732 1105.4242 0.01764706 -137
8 677.8161 1107.217 0.015686275 -154
9 657.26587 1110.2513 0.015686275 -170
10 636.39374 1111.241 0.01764706 -187
11 610.53754 1112.2804 0.015686275 -203
12 584.5249 1112.4205 0.015686275 -220
13 559.46136 1112.4205 0.015686275 -237
14 511.33115 1108.7506 0.01764706 -253
15 471.90762 1106.2733 0.015686275 -286
16 453.28296 1102.1376 0.01764706 -314
17 435.30704 1100.298 0.015686275 -330
18 407.50677 1096.4097 0.015686275 -347
19 397.51215 1094.406 0.01764706 -380
20 388.69 1090.4569 0.01764706 -397
21 382.80283 1088.4855 0.01764706 -413
22 376.9433 1086.5315 0.01764706 -430
23 371.03806 1084.5624 0.01764706 -446
24 364.0237 1081.4368 0.01764706 -463
25 361.9239 1080.4373 0.01764706 -496
26 359.9678 1080.4373 0.01764706 -512
27 358.16837 1080.4373 0.01764706 -529
28 356.11035 1080.4373 0.01764706 -545
29 354.17264 1080.4373 0.01764706 -562
30 352.22205 1081.8884 0.01764706 -578
31 350.18655 1083.9247 0.01764706 -595
32 348.275 1089.6401 0.01764706 -611
33 346.3657 1095.3702 0.01764706 -628
34 344.40875 1104.7864 0.01764706 -644
35 342.39142 1114.8771 0.01764706 -661
36 339.48676 1132.0017 0.01764706 -677
37 337.53397 1145.4778 0.01764706 -694
38 334.41666 1167.0342 0.015686275 -710
39 331.60135 1186.2982 0.01764706 -727
40 328.62912 1208.8031 0.01764706 -743
41 321.718 1268.0854 0.01764706 -760
42 311.06613 1334.4161 0.01764706 -793
43 304.20746 1407.6201 0.01764706 -826
44 299.98764 1478.718 0.01764706 -859
45 296.01865 1543.0981 0.01764706 -892
46 293.00198 1570.5422 0.01764706 -925
47 289.86624 1592.8241 0.01764706 -942
48 287.04196 1608.931 0.01764706 -958
49 284.87494 1622.3229 0.01764706 -975
50 282.88724 1631.5536 0.01764706 -991
51 280.86295 1638.7775 0.01764706 -1008
52 278.7419 1646.8331 0.01764706 -1024
53 277.74283 1651.8826 0.01764706 -1057
54 277.74283 1654.0138 0.01764706 -1090
55 276.8737 1655.0079 0.01764706 -1107
56 276.74374 1657.027 0.015686275 -1123
57 275.7447 1657.1368 0.015686275 -1140
58 274.7456 1657.1368 0.015686275 -1156
59 274.7456 1659.056 0.015686275 -1173
60 274.7456 1659.1359 0.015686275 -1189
61 290.7308 1655.138 0.019607844 -1198
0 731.3229 1113.42 0.015686275 -24
1 731.3229 1113.42 0.015686275 -24
2 731.3229 1113.42 0.015686275 -44
3 730.0981 1112.1947 0.01764706 -67
4 725.8897 1112.4205 0.015686275 -84
5 713.1848 1114.8812 0.015686275 -101
6 691.4553 1118.5681 0.01764706 -134
7 676.7688 1120.6455 0.015686275 -167
8 659.3671 1123.8641 0.015686275 -183
9 638.7975 1125.6748 0.01764706 -200
10 615.5364 1127.6537 0.015686275 -216
11 589.79675 1130.6155 0.01764706 -233
12 533.5097 1133.4097 0.01764706 -249
13 504.17276 1133.4097 0.015686275 -282
14 475.13226 1134.4092 0.015686275 -299
15 447.05075 1132.2412 0.015686275 -315
16 417.38132 1132.4102 0.015686275 -332
17 392.14105 1129.2968 0.01764706 -348
18 372.67963 1127.3044 0.015686275 -365
19 355.34265 1126.3723 0.015686275 -381
20 333.36066 1122.5826 0.01764706 -398
21 322.18814 1120.4164 0.01764706 -431
22 319.04156 1119.417 0.01764706 -464
23 316.93158 1119.417 0.01764706 -480
24 315.0004 1119.417 0.01764706 -497
25 313.06516 1119.417 0.01764706 -513
26 311.11154 1119.417 0.01764706 -530
27 309.16147 1119.9689 0.01764706 -547
28 307.2192 1121.912 0.01764706 -563
29 305.21738 1125.4138 0.01764706 -580
30 303.31262 1131.6302 0.01764706 -596
31 301.3586 1141.2174 0.01764706 -613
32 301.72064 1153.1555 0.01764706 -629
33 301.72064 1173.5186 0.01764706 -646
34 301.72064 1194.1599 0.01764706 -662
35 301.72064 1220.1597 0.01764706 -679
36 301.72064 1250.8661 0.01764706 -695
37 301.72064 1286.7938 0.01764706 -712
38 300.72156 1327.9165 0.01764706 -728
39 295.58063 1408.796 0.01764706 -745
40 287.87018 1489.8567 0.01764706 -778
41 282.59976 1533.587 0.015686275 -811
42 278.60434 1568.3536 0.015686275 -827
43 275.5596 1597.3722 0.015686275 -844
44 273.72195 1619.4025 0.015686275 -860
45 271.62222 1633.9067 0.015686275 -877
46 270.7493 1642.6232 0.015686275 -893
47 269.75024 1648.4945 0.015686275 -910
48 269.75024 1652.3932 0.015686275 -926
49 269.75024 1655.2855 0.015686275 -943
50 269.75024 1657.2701 0.015686275 -960
51 269.75024 1659.2783 0.015686275 -976
52 269.75024 1660.1353 0.015686275 -993
53 269.75024 1661.1348 0.015686275 -1009
54 269.75024 1661.1348 0.015686275 -1026
55 269.75024 1661.1348 0.015686275 -1042
56 269.75024 1661.1348 0.015686275 -1059
57 269.75024 1662.3129 0.015686275 -1075
58 269.75024 1662.1343 0.015686275 -1092
59 269.75024 1662.1343 0.015686275 -1103
60 269.75024 1662.1343 0.015686275 -1174
0 908.1591 738.6153 0.01764706 -8
1 908.1591 738.6153 0.01764706 -8
2 908.1591 738.6153 0.01764706 -34
3 908.1591 738.6153 0.01764706 -51
4 903.53375 736.30164 0.01764706 -67
5 898.29114 735.6168 0.01764706 -84
6 891.01654 735.6168 0.015686275 -100
7 883.3323 735.6168 0.01764706 -117
8 871.6656 736.8708 0.01764706 -133
9 857.25903 737.6158 0.01764706 -150
10 838.85803 737.6158 0.01764706 -166
11 820.14215 738.825 0.01764706 -183
12 797.08624 738.6153 0.01764706 -199
13 771.9841 737.43884 0.01764706 -216
14 715.228 736.4657 0.01764706 -232
15 683.40686 733.3729 0.015686275 -265
16 656.1681 732.5243 0.01764706 -282
17 629.41254 730.61945 0.01764706 -298
18 606.06616 728.5866 0.015686275 -315
19 585.6717 727.6424 0.01764706 -331
20 550.40576 722.8629 0.01764706 -348
21 538.2073 720.7657 0.015686275 -381
22 527.106 717.6262 0.015686275 -397
23 523.14294 717.6262 0.015686275 -430
24 520.8667 717.6262 0.015686275 -447
25 518.92737 717.6262 0.015686275 -463
26 517.01495 717.6262 0.015686275 -480
27 515.02576 717.6262 0.015686275 -496
28 513.05896 719.0915 0.015686275 -513
29 509.24112 726.4838 0.015686275 -529
30 507.23688 732.49884 0.015686275 -562
31 507.53006 739.6872 0.015686275 -579
32 506.42728 750.33594 0.015686275 -595
33 505.45303 767.31085 0.015686275 -612
34 504.53284 784.6473 0.015686275 -628
35 504.53284 802.2143 0.015686275 -645
36 502.6202 823.5438 0.015686275 -661
37 500.68756 845.89655 0.015686275 -678
38 499.73395 871.7927 0.015686275 -694
39 499.53748 900.99884 0.01764706 -711
40 499.53748 964.226 0.015686275 -727
41 497.87915 1001.35547 0.015686275 -760
42 497.5393 1036.7999 0.01764706 -777
43 495.9195 1075.4878 0.01764706 -793
44 493.97626 1112.6147 0.015686275 -810
45 492.54395 1148.0612 0.01764706 -826
46 492.01105 1183.5181 0.01764706 -843
47 488.0016 1252.546 0.01764706 -859
48 486.0082 1281.4594 0.01764706 -892
49 484.0503 1308.3365 0.01764706 -909
50 482.5532 1329.9966 0.01764706 -925
51 481.5541 1345.974 0.01764706 -942
52 481.5541 1357.4014 0.01764706 -958
53 481.5541 1364.8788 0.01764706 -975
54 481.5541 1371.7262 0.01764706 -991
55 480.55505 1373.8193 0.01764706 -1024
56 480.55505 1375.2837 0.01764706 -1041
57 480.55505 1375.2837 0.01764706 -1074
58 478.98923 1375.2837 0.01764706 -1089
59 477.55783 1375.2837 0.01764706 -1107
60 477.55783 1375.2837 0.01764706 -1118
0 928.1406 704.633 0.015686275 0
1 928.1406 704.633 0.01764706 0
2 928.1406 704.633 0.01764706 -32
3 928.1406 704.633 0.01764706 -48
4 928.1406 704.633 0.01764706 -65
5 928.1406 704.633 0.01764706 -76
6 923.805 704.633 0.01764706 -98
7 918.6319 704.633 0.01764706 -114
8 911.8248 704.633 0.01764706 -131
9 901.7541 706.7141 0.01764706 -148
10 889.8958 708.6776 0.01764706 -164
11 877.01843 709.6546 0.01764706 -181
12 858.9673 709.6304 0.01764706 -197
13 842.40955 709.6304 0.01764706 -214
14 824.69574 709.6304 0.01764706 -230
15 804.79626 708.6309 0.01764706 -247
16 785.96515 705.7094 0.01764706 -263
17 768.4643 705.63245 0.01764706 -280
18 748.55554 704.7578 0.01764706 -296
19 729.83466 701.97 0.01764706 -313
20 693.9482 697.89557 0.01764706 -329
21 675.89966 695.91815 0.01764706 -362
22 659.9334 693.9566 0.01764706 -379
23 628.2185 691.6398 0.01764706 -395
24 612.35315 691.6398 0.01764706 -429
25 598.7839 691.6398 0.015686275 -445
26 586.6964 691.6398 0.01764706 -462
27 576.4078 691.6398 0.01764706 -478
28 565.0263 693.0474 0.01764706 -495
29 554.4458 692.6392 0.01764706 -511
30 545.1127 693.63873 0.01764706 -528
31 537.66125 693.63873 0.015686275 -544
32 531.88617 694.8452 0.015686275 -561
33 528.225 694.6382 0.015686275 -577
34 525.4525 694.6382 0.015686275 -594
35 523.5097 694.6382 0.015686275 -610
36 521.5545 694.6382 0.015686275 -627
37 519.6224 697.42975 0.015686275 -643
38 517.6882 702.1318 0.015686275 -660
39 515.75934 709.68274 0.01764706 -676
40 515.52264 719.20483 0.01764706 -693
41 515.52264 732.2864 0.01764706 -710
42 515.52264 745.89136 0.01764706 -726
43 515.52264 761.12714 0.01764706 -743
44 517.04376 779.8192 0.01764706 -759
45 517.5208 798.4291 0.01764706 -776
46 518.9499 820.16797 0.01764706 -792
47 520.94183 847.4965 0.01764706 -809
48 521.5171 882.986 0.01764706 -825
49 521.5171 979.9279 0.01764706 -842
50 519.4376 1060.2388 0.01764706 -875
51 519.519 1107.6752 0.015686275 -908
52 519.519 1150.0605 0.01764706 -924
53 519.519 1193.7802 0.01764706 -941
54 519.519 1232.2001 0.015686275 -957
55 517.3009 1269.5206 0.015686275 -974
56 515.2933 1301.995 0.015686275 -991
57 512.26904 1369.34 0.015686275 -1007
58 512.52545 1381.9464 0.015686275 -1057
59 512.52545 1391.6896 0.015686275 -1073
60 510.2292 1397.1674 0.015686275 -1090
61 510.52728 1399.5698 0.015686275 -1106
62 510.52728 1401.5972 0.015686275 -1123
63 509.52823 1403.5363 0.015686275 -1139
64 509.52823 1403.269 0.015686275 -1156
65 509.52823 1403.269 0.015686275 -1172
66 509.52823 1403.269 0.015686275 -1183
67 509.52823 1403.269 0.015686275 -1202
68 509.52823 1403.269 0.01764706 -1238
0 917.1508 1042.457 0.015686275 0
1 917.1508 1042.457 0.015686275 -6
2 917.1508 1042.457 0.01764706 -26
3 917.1508 1042.457 0.01764706 -43
4 915.6522 1040.9578 0.01764706 -52
5 912.3686 1039.0656 0.01764706 -76
6 908.2871 1037.0239 0.01764706 -93
7 893.2106 1032.07 0.015686275 -109
8 869.66394 1028.0428 0.01764706 -142
9 856.4071 1025.5159 0.015686275 -176
10 839.0345 1023.0018 0.015686275 -192
11 821.25055 1021.5815 0.01764706 -209
12 803.7789 1018.0221 0.015686275 -225
13 782.5754 1016.0435 0.015686275 -242
14 760.40393 1015.02655 0.01764706 -258
15 742.35455 1011.59357 0.015686275 -275
16 717.1109 1010.07196 0.01764706 -291
17 696.7696 1010.4737 0.01764706 -308
18 676.3382 1006.1091 0.015686275 -325
19 636.67694 1002.30457 0.01764706 -341
20 619.38666 1000.224 0.015686275 -374
21 602.6453 999.47943 0.015686275 -391
22 576.62854 999.47943 0.01764706 -405
23 558.9454 999.47943 0.01764706 -438
24 552.621 999.47943 0.01764706 -471
25 547.35315 999.47943 0.01764706 -487
26 543.44617 999.47943 0.01764706 -504
27 539.04596 999.47943 0.01764706 -520
28 537.1007 999.47943 0.01764706 -553
29 535.15326 999.47943 0.01764706 -570
30 531.2134 999.47943 0.01764706 -586
31 529.3332 999.47943 0.01764706 -619
32 528.5106 999.47943 0.01764706 -636
33 528.5106 1000.49713 0.01764706 -652
34 528.5106 1002.41345 0.01764706 -669
35 528.5106 1006.2245 0.01764706 -685
36 528.5106 1011.8661 0.01764706 -702
37 528.5106 1018.66846 0.01764706 -718
38 528.5106 1026.0267 0.01764706 -735
39 528.5106 1047.4543 0.01764706 -751
40 529.5097 1063.6705 0.01764706 -784
41 530.92755 1081.2092 0.01764706 -801
42 530.5088 1103.2352 0.01764706 -817
43 530.5088 1165.1409 0.01764706 -834
44 527.0163 1245.0612 0.01764706 -867
45 514.204 1358.8517 0.01764706 -900
46 500.6394 1448.456 0.01764706 -933
47 494.24557 1493.2997 0.01764706 -966
48 488.2453 1533.118 0.01764706 -982
49 483.38144 1571.8912 0.01764706 -999
50 479.3862 1602.4397 0.01764706 -1015
51 477.45807 1633.6469 0.01764706 -1032
52 474.45547 1656.2948 0.01764706 -1048
53 472.56244 1676.4252 0.01764706 -1065
54 471.56335 1692.2554 0.01764706 -1081
55 469.37848 1702.0481 0.01764706 -1098
56 469.56522 1708.7799 0.01764706 -1114
57 469.56522 1712.5243 0.01764706 -1131
58 469.56522 1715.3275 0.01764706 -1148
59 468.56613 1717.3208 0.01764706 -1164
60 468.56613 1719.2971 0.01764706 -1181
61 467.36816 1721.3025 0.01764706 -1197
62 467.56708 1721.1035 0.01764706 -1214
63 467.56708 1722.6028 0.01764706 -1230
64 467.56708 1722.103 0.015686275 -1241
65 466.568 1722.103 0.015686275 -1296
66 433.5985 1737.0952 0.021568628 -1303
0 906.16095 962.49866 0.01764706 -27
1 906.16095 962.49866 0.01764706 -35
2 906.16095 962.49866 0.01764706 -77
3 906.16095 962.49866 0.01764706 -88
4 905.02576 961.3631 0.015686275 -110
5 900.7559 961.4992 0.015686275 -126
6 894.7845 959.37134 0.015686275 -143
7 885.4122 959.50024 0.015686275 -159
8 874.43207 960.4997 0.01764706 -176
9 862.49194 960.4997 0.015686275 -192
10 845.1154 961.6216 0.015686275 -209
11 827.14557 962.49866 0.015686275 -225
12 811.4261 962.49866 0.01764706 -242
13 795.3933 960.4031 0.015686275 -258
14 775.769 959.4433 0.015686275 -275
15 740.0183 954.4436 0.015686275 -291
16 721.2224 953.50336 0.015686275 -324
17 703.472 951.51807 0.015686275 -341
18 687.8148 949.4271 0.01764706 -357
19 671.03436 947.46344 0.015686275 -375
20 655.44806 947.5065 0.01764706 -391
21 640.8229 945.56696 0.01764706 -408
22 629.09216 942.62146 0.01764706 -424
23 617.48175 940.6856 0.01764706 -441
24 605.7624 938.7316 0.01764706 -457
25 594.4302 936.84216 0.015686275 -474
26 583.14325 936.5122 0.01764706 -490
27 573.5561 935.51276 0.01764706 -507
28 565.4764 935.51276 0.01764706 -523
29 551.6648 932.3083 0.01764706 -540
30 542.8715 930.1091 0.01764706 -573
31 535.3427 929.51587 0.01764706 -590
32 529.9315 929.51587 0.01764706 -606
33 526.1223 927.3217 0.01764706 -623
34 522.25543 926.5174 0.01764706 -639
35 520.4516 926.5174 0.01764706 -656
36 518.5247 926.5174 0.01764706 -672
37 516.61194 926.5174 0.01764706 -689
38 514.7146 926.5174 0.01764706 -705
39 512.7896 926.5174 0.01764706 -722
40 510.8701 926.5174 0.01764706 -738
41 508.9519 926.5174 0.01764706 -755
42 507.01 926.5174 0.01764706 -772
43 505.09222 926.9573 0.01764706 -788
44 502.26242 933.0591 0.01764706 -805
45 500.30225 940.4481 0.01764706 -838
46 496.60782 982.5413 0.01764706 -854
47 491.59155 1053.0074 0.01764706 -887
48 483.999 1141.1458 0.01764706 -920
49 479.85916 1195.2805 0.01764706 -953
50 475.9234 1245.982 0.01764706 -970
51 472.0802 1296.3408 0.01764706 -986
52 467.40625 1343.8673 0.01764706 -1003
53 458.96878 1393.3055 0.01764706 -1020
54 451.42987 1436.5992 0.01764706 -1036
55 446.19907 1470.6426 0.01764706 -1053
56 442.90308 1496.7756 0.01764706 -1069
57 440.99686 1513.3754 0.01764706 -1086
58 438.90393 1525.6538 0.01764706 -1102
59 438.5939 1533.2327 0.01764706 -1119
60 437.96497 1537.4583 0.01764706 -1135
61 437.59482 1539.8505 0.01764706 -1152
62 437.59482 1543.69 0.01764706 -1168
63 436.92245 1545.1952 0.01764706 -1201
64 436.59573 1545.857 0.01764706 -1218
65 436.59573 1546.6945 0.01764706 -1234
66 436.59573 1546.1947 0.01764706 -1241
67 436.59573 1546.1947 0.015686275 -1284
68 436.59573 1546.1947 0.015686275 -1312
0 906.16095 690.64026 0.01764706 -4
1 901.10394 690.64026 0.01764706 -23
2 895.329 692.2535 0.01764706 -51
3 887.81976 694.22797 0.01764706 -68
4 868.909 698.1841 0.01764706 -84
5 841.0049 702.0364 0.01764706 -117
6 822.498 702.63403 0.01764706 -151
7 802.3992 702.63403 0.01764706 -167
8 781.72955 701.52527 0.01764706 -184
9 759.5389 699.63556 0.01764706 -200
10 718.56976 699.63556 0.01764706 -217
11 693.6031 697.07404 0.01764706 -250
12 622.8555 692.1755 0.01764706 -267
13 584.68835 686.8658 0.01764706 -316
14 563.5432 683.75037 0.01764706 -345
15 545.7068 680.79694 0.01764706 -362
16 532.22076 677.8917 0.01764706 -378
17 521.00824 675.94604 0.01764706 -395
18 508.0296 673.14935 0.01764706 -411
19 501.2003 673.6491 0.01764706 -444
20 499.05847 673.6491 0.01764706 -477
21 497.19934 673.6491 0.01764706 -494
22 495.23285 673.6491 0.01764706 -510
23 493.25482 673.6491 0.01764706 -527
24 491.38156 673.6491 0.01764706 -543
25 489.4823 675.7125 0.01764706 -560
26 487.59174 680.51605 0.01764706 -577
27 485.65442 686.22614 0.01764706 -593
28 483.70792 695.8586 0.01764706 -610
29 482.5532 708.1338 0.01764706 -626
30 481.83023 724.85876 0.01764706 -643
31 481.5541 742.5485 0.01764706 -659
32 480.55505 764.9836 0.01764706 -676
33 480.06216 794.97266 0.01764706 -692
34 477.11713 873.8087 0.01764706 -709
35 475.2381 960.22455 0.01764706 -742
36 471.39337 1049.5364 0.01764706 -775
37 464.91656 1140.5881 0.01764706 -808
38 462.18463 1175.9736 0.01764706 -841
39 457.22604 1231.5659 0.015686275 -857
40 453.58002 1263.5846 0.01764706 -890
41 453.58002 1274.5629 0.01764706 -923
42 452.58093 1281.5408 0.015686275 -940
43 452.58093 1286.1475 0.01764706 -956
44 452.58093 1288.7544 0.01764706 -973
45 452.58093 1290.7537 0.015686275 -990
46 452.58093 1292.7638 0.01764706 -1006
47 452.58093 1294.7771 0.015686275 -1023
48 452.58093 1294.7777 0.01764706 -1039
49 452.58093 1295.3253 0.015686275 -1056
50 451.58188 1295.3253 0.015686275 -1072
51 450.5828 1295.3253 0.015686275 -1101
0 912.1554 680.6455 0.01764706 -81
1 907.6864 680.6455 0.01764706 -81
2 897.1295 680.6455 0.01764706 -99
3 877.22455 683.8365 0.01764706 -132
4 862.4123 687.0894 0.01764706 -165
5 845.39777 688.8434 0.01764706 -181
6 827.5403 691.8278 0.01764706 -198
7 806.3026 694.9927 0.01764706 -214
8 784.1661 695.8292 0.01764706 -231
9 738.8299 697.63666 0.01764706 -247
10 692.39233 697.63666 0.01764706 -280
11 644.52765 694.6495 0.01764706 -314
12 601.2459 693.63873 0.01764706 -347
13 583.5278 691.75836 0.01764706 -380
14 566.77386 691.6398 0.01764706 -396
15 552.78784 690.85675 0.01764706 -413
16 542.9675 690.64026 0.01764706 -429
17 530.35297 690.64026 0.01764706 -446
18 526.55023 690.64026 0.01764706 -479
19 523.06744 690.64026 0.01764706 -495
20 521.1007 690.64026 0.01764706 -512
21 519.15735 690.64026 0.01764706 -528
22 517.217 690.64026 0.01764706 -545
23 515.2302 690.64026 0.01764706 -561
24 513.337 691.8274 0.01764706 -578
25 511.4072 693.75793 0.01764706 -594
26 510.52728 696.68536 0.01764706 -611
27 509.52823 702.5201 0.01764706 -627
28 509.52823 711.09717 0.015686275 -644
29 509.52823 720.6989 0.01764706 -660
30 509.52823 730.3695 0.01764706 -677
31 509.52823 750.9287 0.01764706 -693
32 510.10825 765.24603 0.015686275 -727
33 510.52728 781.21497 0.01764706 -743
34 510.52728 813.70575 0.01764706 -760
35 510.52728 836.0191 0.01764706 -793
36 510.52728 859.38605 0.015686275 -809
37 510.52728 979.1026 0.015686275 -826
38 510.52728 1022.4746 0.015686275 -875
39 508.39313 1065.5763 0.015686275 -892
40 508.52914 1108.8177 0.015686275 -908
41 508.52914 1186.7446 0.01764706 -925
42 508.52914 1217.2999 0.015686275 -958
43 508.52914 1240.0116 0.015686275 -974
44 508.52914 1258.8694 0.01764706 -991
45 506.47604 1272.7223 0.015686275 -1007
46 505.45444 1281.6427 0.01764706 -1024
47 505.53192 1287.5836 0.015686275 -1040
48 505.53192 1291.4731 0.015686275 -1057
49 505.53192 1295.5107 0.015686275 -1073
50 505.53192 1297.4115 0.015686275 -1090
51 505.53192 1299.3986 0.015686275 -1106
52 505.53192 1301.3943 0.015686275 -1123
53 505.53192 1302.3217 0.015686275 -1140
54 505.53192 1303.3958 0.015686275 -1156
55 504.04498 1303.3212 0.015686275 -1173
56 503.53375 1303.3212 0.015686275 -1205
57 503.53375 1303.3212 0.015686275 -1213
0 914.15356 675.6481 0.01764706 -14
1 914.15356 675.6481 0.01764706 -23
2 914.15356 675.6481 0.01764706 -46
3 909.63885 675.6481 0.01764706 -81
4 899.04443 677.68805 0.01764706 -98
5 890.21625 679.88574 0.01764706 -131
6 880.1455 681.8527 0.01764706 -147
7 866.878 683.83234 0.01764706 -164
8 849.2062 687.0882 0.01764706 -180
9 832.6372 689.9944 0.01764706 -197
10 813.6701 691.79736 0.01764706 -213
11 769.4847 697.70355 0.01764706 -230
12 719.44055 700.70374 0.01764706 -263
13 666.68115 700.7349 0.01764706 -296
14 641.04913 700.6351 0.01764706 -329
15 615.7674 700.6351 0.01764706 -346
16 597.1844 699.71747 0.01764706 -362
17 566.80853 699.63556 0.01764706 -379
18 547.6625 698.6361 0.01764706 -412
19 538.4204 698.6361 0.01764706 -445
20 535.93604 698.6361 0.01764706 -478
21 534.0184 698.6361 0.01764706 -494
22 532.054 698.6361 0.01764706 -511
23 530.0917 698.6361 0.01764706 -527
24 528.1821 698.6361 0.01764706 -544
25 526.1976 698.6361 0.01764706 -560
26 524.23114 698.6361 0.01764706 -577
27 524.51434 700.8173 0.01764706 -593
28 524.51434 702.7618 0.01764706 -610
29 524.51434 708.83673 0.01764706 -626
30 524.51434 718.625 0.01764706 -643
31 524.51434 728.2769 0.01764706 -659
32 524.51434 738.7821 0.01764706 -676
33 524.51434 751.2094 0.01764706 -692
34 524.51434 767.2145 0.01764706 -709
35 524.51434 787.7818 0.01764706 -725
36 524.51434 809.42804 0.01764706 -742
37 523.02466 906.8754 0.01764706 -759
38 521.00116 948.3515 0.01764706 -808
39 519.0588 991.5387 0.01764706 -825
40 516.1569 1083.8344 0.01764706 -841
41 516.5217 1129.2527 0.01764706 -874
42 516.5217 1164.0442 0.01764706 -891
43 515.52264 1198.0553 0.01764706 -907
44 515.52264 1227.3948 0.01764706 -924
45 515.52264 1246.2307 0.01764706 -940
46 515.52264 1260.9305 0.01764706 -957
47 515.52264 1271.0729 0.01764706 -973
48 515.52264 1277.6414 0.01764706 -990
49 515.52264 1284.6935 0.01764706 -1006
50 515.52264 1288.8097 0.01764706 -1039
51 515.52264 1290.8167 0.01764706 -1072
52 515.52264 1292.3269 0.01764706 -1089
53 515.52264 1293.3264 0.01764706 -1105
54 515.52264 1294.8254 0.01764706 -1122
55 515.52264 1294.3258 0.01764706 -1155
56 514.5236 1294.3258 0.015686275 -1167
0 909.1582 681.64496 0.01764706 -116
1 891.7218 682.6444 0.01764706 -116
2 874.5061 683.942 0.01764706 -134
3 856.194 685.97754 0.01764706 -150
4 836.51807 685.6429 0.01764706 -167
5 817.41046 685.6429 0.01764706 -183
6 776.21216 685.4361 0.01764706 -200
7 756.18176 685.6429 0.01764706 -233
8 713.7479 684.6434 0.01764706 -249
9 690.9302 681.5259 0.01764706 -282
10 668.00854 678.5218 0.015686275 -299
11 645.62006 675.5059 0.01764706 -315
12 624.85205 673.5922 0.01764706 -332
13 607.22876 671.62695 0.01764706 -348
14 591.65466 671.65015 0.015686275 -365
15 579.8499 671.65015 0.01764706 -382
16 569.8747 671.65015 0.01764706 -398
17 562.832 671.65015 0.01764706 -415
18 553.212 671.65015 0.01764706 -431
19 548.99207 671.65015 0.01764706 -464
20 546.7982 671.65015 0.01764706 -481
21 544.84375 671.65015 0.01764706 -497
22 542.9009 671.65015 0.01764706 -514
23 539.23627 673.9134 0.01764706 -530
24 537.0028 676.1478 0.01764706 -563
25 535.13306 680.7597 0.01764706 -580
26 535.50415 689.5529 0.01764706 -596
27 535.50415 703.0369 0.01764706 -613
28 535.50415 720.5904 0.01764706 -629
29 536.50323 738.0112 0.01764706 -646
30 537.5919 760.6802 0.01764706 -662
31 539.53143 786.0241 0.01764706 -679
32 542.4977 860.2535 0.01764706 -695
33 543.4061 903.534 0.01764706 -728
34 543.49677 991.0679 0.01764706 -745
35 542.6266 1042.3601 0.01764706 -778
36 540.6477 1089.8724 0.01764706 -795
37 539.5005 1135.6803 0.01764706 -811
38 538.6762 1179.5364 0.01764706 -828
39 538.5014 1216.9304 0.01764706 -844
40 535.7506 1273.3768 0.01764706 -861
41 533.82916 1303.7039 0.01764706 -894
42 533.50604 1310.6833 0.01764706 -927
43 533.50604 1315.8794 0.01764706 -943
44 532.50696 1319.0927 0.01764706 -960
45 532.50696 1321.0953 0.01764706 -976
46 532.50696 1322.3113 0.01764706 -993
47 532.50696 1324.1173 0.01764706 -1009
48 532.50696 1324.3102 0.01764706 -1026
49 532.50696 1324.3102 0.01764706 -1040
50 531.11615 1324.3102 0.01764706 -1059
51 529.6676 1324.3102 0.01764706 -1075
52 527.66736 1324.3102 0.015686275 -1108
53 527.5116 1324.3102 0.015686275 -1125
54 527.5116 1324.3102 0.015686275 -1126
0 917.1508 693.63873 0.01764706 -99
1 902.2484 693.63873 0.015686275 -99
2 886.9712 695.1639 0.01764706 -119
3 868.22296 696.63715 0.01764706 -136
4 824.7021 695.6377 0.01764706 -152
5 796.2253 693.09766 0.015686275 -185
6 750.15857 689.6408 0.01764706 -202
7 698.4882 684.7244 0.01764706 -232
8 670.08356 683.6439 0.01764706 -265
9 618.9369 676.034 0.01764706 -282
10 593.7865 672.7609 0.01764706 -315
11 570.3111 668.9581 0.01764706 -331
12 551.21027 665.84436 0.01764706 -348
13 538.8452 663.92303 0.01764706 -364
14 529.87427 662.65485 0.01764706 -381
15 524.376 662.08594 0.01764706 -397
16 520.4857 661.6554 0.015686275 -414
17 518.08594 661.6554 0.01764706 -430
18 516.1675 661.6554 0.01764706 -447
19 514.2504 661.6554 0.01764706 -463
20 512.301 661.6554 0.01764706 -480
21 510.41562 662.76654 0.015686275 -496
22 508.497 666.7171 0.015686275 -513
23 508.52914 674.37103 0.015686275 -529
24 507.53006 683.68884 0.015686275 -546
25 506.75195 697.8673 0.015686275 -562
26 505.53192 716.7175 0.01764706 -579
27 505.53192 738.48676 0.015686275 -595
28 505.53192 765.93445 0.01764706 -612
29 505.53192 796.5851 0.015686275 -628
30 505.53192 837.8968 0.015686275 -645
31 503.33606 923.07056 0.01764706 -661
32 501.19235 977.0805 0.015686275 -694
33 500.53653 1029.094 0.015686275 -711
34 497.5393 1127.5446 0.01764706 -727
35 496.2326 1180.4679 0.01764706 -760
36 495.54117 1220.4739 0.01764706 -777
37 493.29617 1257.7924 0.01764706 -793
38 490.35944 1290.9393 0.01764706 -810
39 488.39865 1310.6594 0.01764706 -826
40 486.4357 1319.7682 0.01764706 -843
41 484.4247 1326.6892 0.01764706 -859
42 484.55133 1329.4186 0.01764706 -876
43 482.5532 1333.2122 0.01764706 -892
44 482.5532 1334.305 0.01764706 -925
45 482.5532 1334.305 0.01764706 -942
46 482.5532 1334.305 0.01764706 -958
47 482.5532 1335.3262 0.01764706 -971
48 482.5532 1335.3044 0.01764706 -991
49 482.5532 1336.7913 0.01764706 -1004
50 482.5532 1336.304 0.01764706 -1024
51 480.60132 1336.304 0.01764706 -1041
52 479.55597 1336.304 0.01764706 -1057
53 478.5569 1336.304 0.015686275 -1066
0 956.1147 967.4961 0.01764706 -16
1 956.1147 967.4961 0.01764706 -16
2 956.1147 967.4961 0.01764706 -26
3 956.1147 967.4961 0.01764706 -60
4 953.1906 967.4961 0.01764706 -76
5 943.9219 967.4961 0.01764706 -93
6 928.2849 967.4961 0.01764706 -126
7 916.99976 968.9455 0.01764706 -159
8 901.7731 969.9188 0.015686275 -176
9 884.55414 971.494 0.01764706 -192
10 861.9297 971.89935 0.01764706 -209
11 836.46924 973.8586 0.01764706 -226
12 783.19495 972.345 0.01764706 -242
13 754.7594 971.14484 0.01764706 -275
14 728.5018 970.4945 0.015686275 -292
15 702.8446 969.49506 0.01764706 -308
16 653.4172 969.49506 0.01764706 -325
17 631.185 968.49554 0.01764706 -358
18 610.92523 968.49554 0.01764706 -375
19 594.8024 968.49554 0.01764706 -391
20 581.11206 968.49554 0.01764706 -408
21 572.409 968.49554 0.01764706 -425
22 565.6115 968.49554 0.01764706 -441
23 561.67413 968.49554 0.01764706 -458
24 558.633 968.49554 0.01764706 -474
25 556.7036 968.49554 0.01764706 -491
26 554.72125 968.49554 0.01764706 -508
27 552.80444 968.49554 0.01764706 -524
28 550.86597 968.49554 0.01764706 -541
29 548.9257 968.49554 0.01764706 -557
30 546.9954 969.99286 0.01764706 -574
31 543.0605 978.8002 0.01764706 -591
32 541.06824 986.20935 0.01764706 -624
33 537.9346 1007.14886 0.01764706 -640
34 535.9404 1028.2241 0.01764706 -668
35 534.0055 1055.95 0.01764706 -685
36 533.0466 1092.71 0.01764706 -701
37 528.69763 1132.5382 0.01764706 -718
38 524.6931 1180.6481 0.01764706 -734
39 520.8863 1226.2535 0.01764706 -751
40 516.9976 1277.4045 0.01764706 -768
41 514.17114 1327.7769 0.01764706 -784
42 508.952 1390.7738 0.01764706 -801
43 505.18457 1436.0765 0.01764706 -817
44 501.24063 1473.8895 0.01764706 -834
45 493.6289 1525.6896 0.01764706 -850
46 491.41626 1546.353 0.01764706 -883
47 489.43182 1558.878 0.01764706 -900
48 487.42316 1567.6857 0.01764706 -916
49 485.42795 1573.5481 0.01764706 -933
50 484.55133 1577.3884 0.01764706 -949
51 484.55133 1580.2648 0.01764706 -966
52 483.50897 1582.2192 0.01764706 -982
53 483.55228 1584.2089 0.01764706 -999
54 483.55228 1586.2075 0.01764706 -1016
55 483.55228 1588.1919 0.01764706 -1032
56 483.55228 1589.2004 0.01764706 -1049
57 483.55228 1590.6715 0.01764706 -1065
58 483.55228 1590.1718 0.01764706 -1077
59 483.55228 1590.1718 0.01764706 -1098
60 483.55228 1591.1713 0.01764706 -1123
0 933.136 689.6408 0.01764706 -26
1 933.136 689.6408 0.01764706 -26
2 928.3883 689.6408 0.01764706 -52
3 923.1373 689.6408 0.01764706 -69
4 917.21326 691.9521 0.01764706 -85
5 908.46936 693.97644 0.01764706 -102
6 869.93756 702.916 0.01764706 -118
7 850.0508 707.2641 0.01764706 -168
8 830.5753 709.8958 0.01764706 -184
9 806.2997 712.85596 0.01764706 -201
10 780.4175 714.8477 0.01764706 -217
11 753.07434 716.7752 0.01764706 -234
12 723.42285 717.7533 0.01764706 -250
13 693.3108 718.6257 0.01764706 -267
14 662.25385 719.6252 0.01764706 -283
15 630.973 721.58936 0.01764706 -300
16 604.2073 721.62415 0.01764706 -317
17 578.8591 723.43896 0.01764706 -333
18 557.7969 723.6231 0.01764706 -350
19 542.664 723.6231 0.01764706 -366
20 531.3439 723.6231 0.01764706 -383
21 518.0871 723.6231 0.019607844 -399
22 512.2023 723.6231 0.01764706 -432
23 510.23495 723.6231 0.01764706 -465
24 508.35858 723.6231 0.01764706 -482
25 506.45688 723.6231 0.01764706 -498
26 504.54922 723.6231 0.01764706 -515
27 504.53284 727.0473 0.01764706 -531
28 504.53284 736.68835 0.01764706 -564
29 506.9008 755.9373 0.01764706 -598
30 510.7255 796.3628 0.01764706 -631
31 513.75366 857.2228 0.01764706 -664
32 514.5236 931.04315 0.01764706 -697
33 514.5236 1033.2354 0.01764706 -728
34 513.52454 1087.9061 0.01764706 -761
35 512.71716 1138.6097 0.01764706 -778
36 511.7284 1189.1234 0.01764706 -794
37 506.85095 1276.2504 0.01764706 -811
38 504.76276 1313.4038 0.01764706 -844
39 501.5356 1362.8406 0.01764706 -860
40 499.53748 1386.0078 0.01764706 -893
41 499.53748 1391.7358 0.01764706 -926
42 497.80988 1395.7314 0.01764706 -943
43 497.5393 1398.007 0.01764706 -959
44 497.5393 1399.2711 0.01764706 -976
45 497.5393 1399.2711 0.01764706 -992
46 497.5393 1399.2711 0.01764706 -1009
47 496.54025 1399.2711 0.01764706 -1042
48 496.54025 1399.2711 0.01764706 -1053
0 940.1295 686.64233 0.01764706 -16
1 937.96204 685.5582 0.01764706 -25
2 933.6925 685.6429 0.01764706 -75
3 928.59344 685.6429 0.01764706 -92
4 921.2996 685.6429 0.01764706 -108
5 912.145 685.6429 0.01764706 -125
6 900.9463 685.6429 0.01764706 -141
7 885.6623 685.6429 0.01764706 -158
8 869.93524 685.6429 0.01764706 -174
9 853.1494 686.64233 0.01764706 -191
10 833.19434 686.64233 0.01764706 -208
11 791.3018 688.6382 0.019607844 -224
12 751.84863 688.6413 0.019607844 -257
13 731.12396 688.6413 0.019607844 -290
14 711.6842 688.6413 0.01764706 -307
15 693.9096 687.64185 0.01764706 -323
16 662.1785 686.1166 0.01764706 -340
17 633.114 683.6439 0.019607844 -373
18 610.5481 683.6439 0.01764706 -406
19 590.0503 682.6444 0.019607844 -439
20 574.5243 682.6444 0.019607844 -472
21 568.3775 682.6444 0.01764706 -505
22 563.58075 682.6444 0.01764706 -521
23 559.67615 682.6444 0.01764706 -538
24 556.6515 682.6444 0.01764706 -554
25 554.7298 682.6444 0.01764706 -571
26 551.04193 683.0921 0.01764706 -588
27 548.9621 686.1722 0.01764706 -621
28 547.01697 691.06964 0.01764706 -637
29 545.09503 698.2375 0.01764706 -654
30 543.17694 709.55115 0.01764706 -670
31 542.4977 724.7493 0.01764706 -687
32 541.2427 755.4487 0.01764706 -703
33 541.4986 787.7699 0.01764706 -720
34 541.4986 917.5492 0.01764706 -736
35 541.4986 979.2345 0.01764706 -786
36 540.733 1096.7174 0.01764706 -802
37 538.6202 1155.1886 0.01764706 -835
38 535.78296 1203.885 0.01764706 -852
39 533.6967 1247.5334 0.01764706 -868
40 531.71686 1283.775 0.01764706 -885
41 529.7421 1310.526 0.01764706 -901
42 528.5106 1328.5001 0.01764706 -918
43 527.5116 1341.6581 0.01764706 -935
44 526.7562 1349.5652 0.01764706 -951
45 526.5125 1353.8113 0.01764706 -968
46 525.5134 1358.9188 0.01764706 -984
47 525.5134 1361.291 0.01764706 -1017
48 525.5134 1362.79 0.01764706 -1050
49 524.51434 1362.9639 0.01764706 -1064
50 523.51526 1364.2894 0.015686275 -1133
51 522.5162 1365.2888 0.015686275 -1143
0 916.15173 717.6262 0.01764706 -16
1 916.15173 717.6262 0.01764706 -16
2 915.3421 716.8163 0.01764706 -53
3 911.8899 714.9947 0.01764706 -70
4 907.2702 712.9987 0.01764706 -86
5 893.04645 710.6299 0.01764706 -103
6 871.869 707.6314 0.01764706 -136
7 854.9363 706.04645 0.01764706 -169
8 818.61334 702.1714 0.01764706 -186
9 796.7623 700.1354 0.01764706 -219
10 758.52106 696.90564 0.01764706 -235
11 715.6829 693.2472 0.01764706 -264
12 695.61804 690.8915 0.019607844 -297
13 678.59534 688.9993 0.019607844 -314
14 661.86957 687.02905 0.01764706 -330
15 646.42194 683.50696 0.019607844 -347
16 632.7426 681.1207 0.01764706 -363
17 619.7053 679.19275 0.01764706 -380
18 609.30316 677.22076 0.019607844 -396
19 600.974 675.2809 0.019607844 -413
20 594.47516 674.6486 0.019607844 -429
21 589.88983 672.3678 0.019607844 -446
22 586.12537 672.64966 0.019607844 -462
23 583.3486 672.64966 0.019607844 -479
24 581.43774 672.64966 0.019607844 -495
25 579.5172 672.64966 0.019607844 -512
26 577.59106 673.5234 0.01764706 -528
27 574.94824 677.1667 0.019607844 -545
28 572.09076 683.40314 0.01764706 -561
29 568.26056 691.673 0.01764706 -578
30 564.4597 703.1956 0.01764706 -594
31 562.0088 721.8033 0.019607844 -611
32 560.08295 743.1909 0.01764706 -627
33 558.15454 771.5287 0.01764706 -644
34 556.27734 805.31714 0.01764706 -660
35 551.4292 894.0407 0.01764706 -677
36 540.31775 1036.2797 0.01764706 -710
37 528.81464 1143.6655 0.01764706 -743
38 522.4724 1196.7273 0.01764706 -776
39 518.5229 1240.3214 0.01764706 -792
40 514.5342 1275.251 0.01764706 -809
41 512.5458 1301.0781 0.01764706 -825
42 511.52637 1319.8232 0.01764706 -842
43 511.52637 1331.8961 0.01764706 -858
44 510.52728 1340.0686 0.01764706 -875
45 509.52823 1347.0269 0.01764706 -891
46 509.52823 1349.1633 0.01764706 -924
47 509.52823 1351.1458 0.01764706 -941
48 509.52823 1352.1055 0.01764706 -957
49 509.52823 1353.2952 0.01764706 -974
50 509.52823 1354.7942 0.01764706 -990
51 509.52823 1354.2946 0.01764706 -1021
52 509.52823 1354.2946 0.01764706 -1041
0 948.12213 674.6486 0.01764706 -7
1 948.12213 674.6486 0.01764706 -7
2 944.30634 673.2396 0.01764706 -59
3 930.69904 673.6491 0.01764706 -76
4 907.5407 676.84985 0.01764706 -109
5 872.63574 679.9299 0.01764706 -142
6 855.3222 681.96545 0.01764706 -175
7 837.51746 681.64496 0.01764706 -191
8 818.455 683.9534 0.01764706 -208
9 798.37665 683.6439 0.01764706 -225
10 778.7942 684.6434 0.01764706 -241
11 758.9194 684.6434 0.01764706 -258
12 739.74493 684.6434 0.01764706 -274
13 718.6525 682.4916 0.01764706 -291
14 699.12976 681.52277 0.01764706 -307
15 679.6024 679.5692 0.01764706 -324
16 659.81085 678.594 0.01764706 -340
17 641.30536 677.64703 0.01764706 -357
18 608.8256 676.6476 0.01764706 -373
19 594.85394 675.6481 0.01764706 -406
20 582.12164 675.6481 0.01764706 -423
21 570.5611 675.6481 0.01764706 -440
22 560.4766 675.0475 0.01764706 -456
23 552.32666 674.6486 0.01764706 -473
24 546.0184 674.6486 0.01764706 -489
25 540.6185 674.6486 0.01764706 -506
26 536.7017 674.6486 0.01764706 -522
27 532.8911 674.6486 0.01764706 -539
28 531.2858 674.6486 0.01764706 -555
29 529.3357 674.6486 0.01764706 -572
30 527.4073 674.6486 0.01764706 -588
31 525.4795 675.682 0.01764706 -605
32 520.7444 683.30426 0.01764706 -621
33 518.7223 690.62726 0.01764706 -655
34 514.28174 714.323 0.01764706 -671
35 511.52637 756.56464 0.01764706 -702
36 508.3814 836.00024 0.01764706 -735
37 503.39896 926.00183 0.01764706 -768
38 500.53088 970.6243 0.01764706 -801
39 493.95557 1059.1127 0.01764706 -818
40 485.83585 1137.8362 0.01764706 -851
41 478.87793 1190.1666 0.01764706 -884
42 476.7834 1208.5719 0.01764706 -917
43 474.80304 1222.907 0.01764706 -933
44 473.56152 1232.3958 0.01764706 -950
45 473.56152 1238.6229 0.01764706 -966
46 473.56152 1243.8164 0.01764706 -983
47 473.56152 1247.7488 0.01764706 -999
48 472.8842 1250.7045 0.01764706 -1016
49 472.56244 1255.9329 0.01764706 -1032
50 472.56244 1259.859 0.01764706 -1065
51 472.56244 1260.3435 0.01764706 -1098
52 472.56244 1260.3435 0.01764706 -1115
53 472.56244 1260.3435 0.01764706 -1131
54 472.56244 1261.3868 0.01764706 -1164
55 472.56244 1262.5714 0.01764706 -1214
56 471.56335 1262.3425 0.01764706 -1230
57 471.56335 1262.3425 0.01764706 -1236
0 944.1258 694.6382 0.01764706 -4
1 943.1267 694.6382 0.01764706 -13
2 937.8305 694.6382 0.01764706 -30
3 930.7312 696.73883 0.01764706 -46
4 917.2792 699.8844 0.01764706 -63
5 885.8903 703.6335 0.01764706 -79
6 839.5365 702.63403 0.01764706 -112
7 813.8039 699.60394 0.01764706 -145
8 787.2562 697.6355 0.01764706 -162
9 759.6518 694.6635 0.01764706 -178
10 706.9834 689.6408 0.01764706 -195
11 657.69867 687.64185 0.01764706 -228
12 609.15344 682.9305 0.01764706 -261
13 588.4998 679.0553 0.01764706 -295
14 570.7714 676.903 0.01764706 -312
15 558.4874 674.98254 0.01764706 -329
16 541.74554 671.21216 0.01764706 -345
17 534.8716 670.6507 0.019607844 -378
18 533.2271 670.6507 0.01764706 -411
19 531.3399 670.6507 0.01764706 -428
20 529.4462 670.6507 0.01764706 -444
21 527.52136 673.6295 0.01764706 -461
22 525.6166 678.33704 0.01764706 -477
23 524.51434 684.93427 0.01764706 -494
24 522.75867 697.4523 0.01764706 -510
25 522.5162 714.7716 0.01764706 -527
26 521.5171 734.19556 0.01764706 -543
27 521.5171 761.317 0.019607844 -560
28 521.5171 827.5205 0.01764706 -576
29 521.5171 875.54224 0.019607844 -609
30 521.5171 923.2133 0.01764706 -626
31 521.5171 992.53235 0.01764706 -642
32 521.5171 1049.2118 0.01764706 -659
33 521.5171 1102.689 0.01764706 -675
34 520.51807 1206.9916 0.01764706 -692
35 519.4592 1256.8403 0.01764706 -725
36 517.4832 1300.151 0.01764706 -741
37 514.4997 1335.711 0.01764706 -758
38 511.5203 1361.3274 0.01764706 -774
39 509.52948 1379.2716 0.01764706 -791
40 509.52823 1391.1154 0.01764706 -807
41 507.56113 1398.1785 0.01764706 -824
42 507.53006 1402.1763 0.01764706 -840
43 507.53006 1406.1715 0.01764706 -857
44 506.531 1408.2665 0.01764706 -890
45 506.531 1408.2665 0.01764706 -923
46 506.531 1408.2665 0.01764706 -940
47 506.531 1408.2665 0.01764706 -953
48 506.531 1408.2665 0.01764706 -973
49 506.531 1408.2665 0.01764706 -986
50 505.53192 1408.2665 0.015686275 -1007
0 704.34784 1070.4425 0.015686275 -15
1 704.34784 1070.4425 0.01764706 -15
2 704.34784 1070.4425 0.01764706 -31
3 704.34784 1070.4425 0.015686275 -58
4 701.89685 1070.4425 0.015686275 -75
5 697.89325 1069.2128 0.015686275 -91
6 684.39514 1069.443 0.01764706 -108
7 670.91254 1069.443 0.01764706 -141
8 655.76886 1069.443 0.01764706 -157
9 638.3773 1070.4425 0.01764706 -174
10 600.1187 1072.474 0.01764706 -190
11 573.5531 1073.6005 0.01764706 -223
12 549.89166 1073.4409 0.015686275 -240
13 526.60596 1073.4409 0.01764706 -256
14 501.79626 1071.3804 0.01764706 -273
15 453.04214 1067.5564 0.01764706 -289
16 427.0667 1064.5166 0.01764706 -322
17 404.49396 1062.5255 0.01764706 -339
18 385.14606 1060.5978 0.01764706 -355
19 367.8273 1058.7196 0.01764706 -372
20 354.34686 1056.7288 0.01764706 -388
21 343.35855 1054.7859 0.01764706 -405
22 333.69135 1053.4513 0.01764706 -421
23 322.1422 1053.4513 0.01764706 -438
24 317.7452 1053.4513 0.01764706 -471
25 316.32617 1053.4513 0.01764706 -487
26 314.40283 1053.4513 0.01764706 -504
27 312.52408 1053.4513 0.01764706 -520
28 310.55756 1053.4513 0.01764706 -537
29 308.6014 1053.4513 0.01764706 -554
30 306.6902 1053.4513 0.01764706 -570
31 304.7567 1053.4513 0.01764706 -587
32 302.83167 1056.2257 0.01764706 -603
33 300.90714 1060.8901 0.01764706 -620
34 298.2009 1076.0544 0.01764706 -636
35 296.10992 1091.9745 0.01764706 -669
36 294.1565 1112.2745 0.01764706 -686
37 290.35056 1171.2406 0.01764706 -702
38 288.34888 1215.818 0.01764706 -735
39 284.12766 1264.9569 0.01764706 -752
40 280.20685 1319.5177 0.01764706 -768
41 273.79425 1377.1704 0.01764706 -785
42 265.7263 1456.5183 0.01764706 -801
43 259.1522 1511.886 0.01764706 -818
44 250.85117 1561.7694 0.01764706 -834
45 245.45053 1603.3867 0.01764706 -851
46 237.46375 1665.1892 0.01764706 -867
47 233.48112 1682.3346 0.01764706 -900
48 231.69437 1694.664 0.01764706 -917
49 229.66089 1703.6185 0.01764706 -933
50 228.78816 1708.3341 0.01764706 -950
51 227.7891 1711.2297 0.01764706 -966
52 226.79001 1713.21 0.01764706 -983
53 226.79001 1715.2167 0.01764706 -999
54 226.79001 1716.1062 0.01764706 -1016
55 226.79001 1716.1062 0.01764706 -1032
56 226.79001 1716.1062 0.015686275 -1060
57 226.79001 1716.1062 0.015686275 -1082
58 226.79001 1716.1062 0.015686275 -1089
0 949.1212 697.63666 0.01764706 -16
1 949.1212 697.63666 0.01764706 -24
2 944.55896 697.63666 0.01764706 -44
3 929.8307 699.6972 0.01764706 -67
4 916.35803 701.8906 0.01764706 -100
5 885.0982 706.75214 0.01764706 -116
6 863.977 708.85315 0.01764706 -149
7 842.0171 710.8301 0.01764706 -166
8 819.1511 713.8024 0.01764706 -182
9 796.7925 715.7608 0.01764706 -199
10 774.3313 715.62726 0.01764706 -215
11 731.8701 717.6262 0.01764706 -232
12 691.7112 718.6257 0.01764706 -265
13 672.27496 718.6257 0.01764706 -298
14 655.74536 717.9201 0.01764706 -314
15 641.8765 715.98004 0.01764706 -331
16 628.536 715.62726 0.01764706 -347
17 606.7418 715.62726 0.01764706 -364
18 596.8549 715.62726 0.019607844 -397
19 589.34796 714.3514 0.01764706 -413
20 582.02747 713.6283 0.01764706 -430
21 576.3023 713.6283 0.019607844 -446
22 572.4962 713.6283 0.01764706 -463
23 568.68896 713.6283 0.019607844 -479
24 566.70795 713.6283 0.019607844 -496
25 564.77045 713.6283 0.01764706 -512
26 561.07245 713.6283 0.019607844 -529
27 557.1477 713.6283 0.01764706 -562
28 555.2548 713.6283 0.01764706 -595
29 551.4248 715.69183 0.01764706 -612
30 551.4894 718.6007 0.01764706 -645
31 551.4894 731.44 0.01764706 -661
32 551.4894 754.82654 0.01764706 -694
33 551.4894 772.3303 0.01764706 -727
34 551.4894 791.4109 0.01764706 -744
35 551.4894 815.85156 0.01764706 -760
36 551.4894 845.88 0.01764706 -777
37 550.0242 882.4053 0.01764706 -793
38 550.4903 925.01404 0.01764706 -810
39 550.4903 974.5071 0.01764706 -826
40 551.75745 1027.7092 0.01764706 -843
41 550.4903 1087.2177 0.01764706 -859
42 550.4903 1166.6062 0.01764706 -876
43 548.31885 1221.2196 0.01764706 -892
44 547.49304 1265.9995 0.01764706 -909
45 545.33966 1302.963 0.01764706 -925
46 544.49585 1330.2181 0.01764706 -942
47 544.49585 1349.4839 0.01764706 -958
48 544.49585 1360.8782 0.01764706 -975
49 542.4037 1368.5695 0.01764706 -991
50 542.4977 1373.4375 0.01764706 -1008
51 542.4977 1376.3594 0.01764706 -1024
52 542.4977 1378.3561 0.01764706 -1041
53 542.4977 1380.3263 0.01764706 -1057
54 542.4977 1380.2811 0.01764706 -1074
55 542.4977 1382.28 0.01764706 -1091
56 542.4977 1382.28 0.01764706 -1107
57 542.4977 1382.28 0.01764706 -1119
58 542.4977 1382.28 0.01764706 -1140
59 541.4986 1382.28 0.01764706 -1173
60 540.4995 1382.28 0.015686275 -1198
0 798.26086 427.7772 0.01764706 -6
1 798.26086 427.7772 0.01764706 -15
2 795.7683 427.7772 0.01764706 -41
3 791.8354 427.7772 0.01764706 -58
4 784.52704 429.96268 0.01764706 -74
5 764.3269 433.93488 0.019607844 -91
6 734.02026 438.91583 0.019607844 -124
7 713.48804 440.93863 0.01764706 -157
8 667.17 445.95422 0.019607844 -173
9 641.4188 445.76782 0.019607844 -206
10 586.8981 447.76678 0.019607844 -223
11 537.8642 448.76627 0.019607844 -256
12 498.68378 448.76627 0.019607844 -289
13 482.52884 448.76627 0.019607844 -322
14 469.402 448.76627 0.019607844 -338
15 459.50357 448.76627 0.019607844 -355
16 446.2943 448.76627 0.019607844 -371
17 441.71753 447.76678 0.019607844 -404
18 439.23914 447.76678 0.019607844 -421
19 437.28546 446.7673 0.019607844 -437
20 435.37872 445.76782 0.019607844 -454
21 433.3387 445.76782 0.019607844 -470
22 431.47867 445.76782 0.019607844 -487
23 429.54404 445.76782 0.019607844 -503
24 427.6124 445.76782 0.019607844 -520
25 425.68384 445.76782 0.019607844 -536
26 423.7274 445.76782 0.019607844 -553
27 421.7749 446.60196 0.019607844 -570
28 419.8389 449.3107 0.019607844 -586
29 417.90555 453.88605 0.019607844 -603
30 415.97516 459.67963 0.019607844 -619
31 414.11063 467.28625 0.019607844 -636
32 412.0964 480.92572 0.019607844 -652
33 408.20526 520.72986 0.019607844 -669
34 405.4797 590.7339 0.019607844 -702
35 400.49484 680.1907 0.019607844 -735
36 396.1525 731.6276 0.019607844 -768
37 394.3667 776.2275 0.019607844 -784
38 392.48145 830.5316 0.019607844 -801
39 391.49786 872.33887 0.019607844 -817
40 391.6374 906.4385 0.019607844 -834
41 390.6383 955.58704 0.019607844 -850
42 390.6383 981.73206 0.019607844 -883
43 390.6383 989.4805 0.019607844 -916
44 390.6383 995.3749 0.019607844 -933
45 390.6383 999.367 0.019607844 -949
46 390.6383 1001.39233 0.019607844 -966
47 390.6383 1003.35693 0.019607844 -982
48 390.6383 1005.32556 0.019607844 -999
49 390.6383 1007.3364 0.019607844 -1015
50 390.6383 1009.32153 0.019607844 -1032
51 390.6383 1011.29004 0.019607844 -1048
52 390.6383 1012.9724 0.019607844 -1065
53 390.6383 1012.47266 0.019607844 -1079
54 390.6383 1013.4721 0.019607844 -1100
55 390.6383 1013.4721 0.019607844 -1125
0 964.1073 690.64026 0.01764706 -17
1 962.0841 690.64026 0.01764706 -17
2 956.4354 690.64026 0.01764706 -51
3 949.5041 690.64026 0.01764706 -67
4 927.26715 691.6218 0.01764706 -84
5 892.2339 693.7431 0.01764706 -117
6 850.6035 695.6377 0.01764706 -150
7 825.48334 695.6377 0.01764706 -183
8 797.4716 695.6377 0.01764706 -199
9 745.24036 696.63715 0.01764706 -216
10 696.9153 694.36444 0.01764706 -249
11 671.748 694.6382 0.01764706 -282
12 651.0731 692.9067 0.01764706 -298
13 631.43414 691.6398 0.01764706 -315
14 615.0546 690.64026 0.01764706 -331
15 603.01874 690.07007 0.01764706 -348
16 593.5404 689.6408 0.01764706 -364
17 585.9883 689.6408 0.01764706 -381
18 576.97144 688.6413 0.01764706 -397
19 573.13837 687.64185 0.01764706 -430
20 571.3483 687.64185 0.01764706 -447
21 569.41455 687.64185 0.01764706 -463
22 567.4978 687.64185 0.01764706 -480
23 565.5837 687.64185 0.01764706 -496
24 563.6629 688.4566 0.01764706 -513
25 561.7375 693.8658 0.01764706 -529
26 556.98425 711.12964 0.01764706 -546
27 553.0163 745.85614 0.01764706 -578
28 551.0779 768.36633 0.01764706 -612
29 549.1286 794.66766 0.01764706 -629
30 546.494 860.1713 0.01764706 -645
31 544.2789 905.5232 0.01764706 -678
32 542.2646 951.6375 0.01764706 -695
33 538.0459 1018.7006 0.01764706 -711
34 530.44714 1114.191 0.01764706 -728
35 527.28723 1155.5316 0.01764706 -761
36 525.4359 1191.7756 0.01764706 -778
37 523.4493 1222.3542 0.01764706 -794
38 522.4823 1247.7568 0.01764706 -811
39 522.5162 1271.3384 0.01764706 -827
40 522.5162 1289.3359 0.01764706 -844
41 522.5162 1303.3442 0.01764706 -860
42 522.5162 1312.211 0.01764706 -877
43 522.5162 1317.1947 0.01764706 -893
44 522.5162 1322.1793 0.01764706 -910
45 522.5162 1324.2604 0.01764706 -926
46 522.5162 1326.2355 0.01764706 -943
47 522.5162 1328.2224 0.01764706 -960
48 522.5162 1328.3081 0.01764706 -976
49 522.5162 1328.3081 0.01764706 -993
50 522.5162 1329.8074 0.01764706 -1009
51 522.5162 1329.3076 0.01764706 -1022
52 522.5162 1329.3076 0.01764706 -1059
53 522.5162 1329.3076 0.015686275 -1060
0 977.0953 983.48773 0.01764706 -6
1 977.0953 983.48773 0.01764706 -16
2 977.0953 983.48773 0.01764706 -33
3 972.4963 982.1868 0.01764706 -50
4 966.20886 982.4883 0.01764706 -66
5 956.6803 982.4883 0.015686275 -83
6 943.03143 982.4883 0.01764706 -99
7 926.72864 983.72894 0.01764706 -116
8 881.94525 986.4862 0.01764706 -132
9 857.2743 987.71106 0.01764706 -165
10 829.4199 987.48566 0.01764706 -182
11 802.5566 988.678 0.01764706 -198
12 776.66516 990.6083 0.01764706 -215
13 732.5293 993.38196 0.01764706 -232
14 694.24164 997.2712 0.01764706 -265
15 675.4398 997.48047 0.01764706 -298
16 659.6568 997.48047 0.01764706 -314
17 646.87244 997.48047 0.01764706 -331
18 636.7721 997.48047 0.01764706 -347
19 628.8754 998.4799 0.01764706 -364
20 617.4544 998.4799 0.01764706 -380
21 609.15295 998.4799 0.01764706 -413
22 604.91425 998.4799 0.01764706 -446
23 601.03217 998.4799 0.01764706 -463
24 597.15564 998.4799 0.01764706 -479
25 595.40045 998.4799 0.01764706 -496
26 593.4975 998.4799 0.01764706 -512
27 591.5885 999.34326 0.01764706 -529
28 589.6935 1001.2391 0.01764706 -545
29 586.7789 1003.8327 0.01764706 -562
30 583.8756 1008.22626 0.01764706 -578
31 581.96436 1014.45886 0.01764706 -595
32 580.06464 1022.4586 0.01764706 -611
33 573.87683 1055.409 0.01764706 -628
34 565.314 1167.343 0.01764706 -661
35 562.42773 1211.554 0.01764706 -711
36 559.4593 1258.8884 0.01764706 -727
37 555.52295 1307.8523 0.01764706 -744
38 549.6523 1358.9489 0.01764706 -760
39 543.7374 1409.2585 0.01764706 -777
40 539.68634 1455.1959 0.01764706 -793
41 535.77423 1492.7892 0.01764706 -810
42 531.813 1527.6083 0.01764706 -826
43 528.92017 1554.5259 0.01764706 -843
44 526.71875 1576.1147 0.01764706 -859
45 524.71936 1593.5282 0.01764706 -876
46 522.7283 1606.1019 0.01764706 -892
47 521.5171 1615.1854 0.01764706 -909
48 521.5171 1620.646 0.01764706 -925
49 520.77563 1624.6381 0.01764706 -942
50 520.51807 1627.8995 0.01764706 -958
51 520.51807 1629.8906 0.01764706 -975
52 520.51807 1631.8403 0.01764706 -991
53 520.51807 1633.1494 0.01764706 -1008
54 520.51807 1633.1494 0.01764706 -1024
55 520.51807 1633.1494 0.01764706 -1041
56 520.51807 1633.1494 0.01764706 -1058
57 519.519 1633.1494 0.015686275 -1091
58 519.519 1636.1478 0.015686275 -1101
0 958.11285 987.48566 0.01764706 -15
1 955.5579 987.48566 0.01764706 -15
2 947.98804 987.48566 0.01764706 -34
3 929.1553 990.68085 0.01764706 -51
4 904.8045 994.67584 0.01764706 -84
5 877.7927 998.53625 0.01764706 -117
6 859.20654 998.4799 0.01764706 -150
7 839.5581 998.4799 0.01764706 -166
8 797.80994 994.5277 0.01764706 -183
9 772.87067 992.53186 0.01764706 -216
10 748.63464 990.4841 0.01764706 -232
11 723.2116 990.4841 0.01764706 -249
12 699.0052 988.6891 0.01764706 -266
13 675.53204 987.74866 0.01764706 -282
14 654.6381 987.48566 0.01764706 -299
15 635.96295 985.88116 0.01764706 -315
16 618.9804 984.48724 0.01764706 -332
17 605.4517 984.48724 0.01764706 -348
18 593.9286 984.48724 0.01764706 -365
19 585.8864 984.48724 0.01764706 -381
20 580.2348 984.48724 0.01764706 -398
21 575.9152 984.48724 0.01764706 -414
22 572.0269 984.48724 0.01764706 -431
23 568.1687 984.48724 0.01764706 -447
24 565.4071 984.48724 0.01764706 -464
25 563.4811 984.48724 0.01764706 -480
26 561.5513 984.48724 0.01764706 -497
27 559.64716 984.48724 0.01764706 -513
28 557.73474 984.48724 0.01764706 -530
29 555.8382 984.48724 0.01764706 -546
30 553.88873 986.6828 0.01764706 -563
31 550.21674 996.30255 0.01764706 -579
32 548.0932 1006.4721 0.01764706 -612
33 546.21844 1017.1252 0.01764706 -629
34 546.494 1034.3622 0.01764706 -645
35 545.49493 1093.0632 0.01764706 -662
36 543.3373 1132.4437 0.01764706 -695
37 541.3927 1173.7205 0.01764706 -712
38 539.4653 1218.2115 0.01764706 -728
39 537.503 1261.3286 0.01764706 -745
40 534.5539 1307.7811 0.01764706 -761
41 529.61707 1355.0046 0.01764706 -778
42 524.73773 1398.6317 0.01764706 -794
43 520.6778 1439.6512 0.01764706 -811
44 514.8546 1474.4652 0.01764706 -827
45 510.74863 1502.6665 0.01764706 -844
46 506.8182 1525.6243 0.01764706 -860
47 499.85095 1556.3066 0.01764706 -877
48 497.73264 1567.2162 0.01764706 -910
49 495.71283 1574.6644 0.01764706 -926
50 493.72446 1579.814 0.01764706 -943
51 491.72574 1583.813 0.01764706 -959
52 490.5458 1585.9883 0.01764706 -976
53 490.5458 1588.0103 0.01764706 -992
54 490.5458 1589.1722 0.01764706 -1009
55 489.71918 1590.1718 0.01764706 -1025
56 488.54764 1590.9541 0.01764706 -1042
57 488.54764 1591.1713 0.01764706 -1075
58 487.54858 1591.1713 0.015686275 -1084
0 964.1073 743.6127 0.01764706 -24
1 961.2357 743.6127 0.01764706 -24
2 956.80414 743.6127 0.01764706 -52
3 950.4384 743.6127 0.01764706 -68
4 940.9184 743.6127 0.01764706 -85
5 929.3719 742.6132 0.01764706 -101
6 916.88586 742.6132 0.01764706 -118
7 884.4234 742.6132 0.01764706 -135
8 865.9604 742.6132 0.01764706 -168
9 846.1331 742.6132 0.01764706 -184
10 825.1151 742.6132 0.01764706 -201
11 780.0953 744.6122 0.01764706 -217
12 738.4185 745.61163 0.019607844 -250
13 697.3901 743.5163 0.019607844 -284
14 677.21063 743.6127 0.019607844 -317
15 659.9514 743.6127 0.019607844 -333
16 643.3999 742.6132 0.01764706 -350
17 631.8794 741.6137 0.019607844 -366
18 620.42523 739.78125 0.019607844 -383
19 611.26544 738.82306 0.01764706 -400
20 603.4676 737.6158 0.019607844 -416
21 597.4291 737.6158 0.019607844 -433
22 592.31213 737.6158 0.01764706 -449
23 588.34546 737.6158 0.01764706 -466
24 584.52155 737.6158 0.019607844 -482
25 579.32434 736.61633 0.01764706 -499
26 577.1988 736.61633 0.01764706 -532
27 573.5102 736.61633 0.019607844 -549
28 569.55457 738.5334 0.01764706 -582
29 568.47363 742.34875 0.01764706 -615
30 568.47363 757.4208 0.01764706 -631
31 568.47363 768.32715 0.01764706 -665
32 567.47455 783.70337 0.01764706 -681
33 567.47455 808.4675 0.01764706 -698
34 566.3752 827.77313 0.01764706 -714
35 564.46265 852.7622 0.01764706 -727
36 560.7041 907.7317 0.01764706 -744
37 557.76514 943.9743 0.01764706 -777
38 553.8344 982.016 0.01764706 -793
39 550.7062 1020.9303 0.01764706 -810
40 547.7741 1060.8214 0.01764706 -827
41 544.49585 1099.4274 0.01764706 -843
42 542.8734 1136.0153 0.01764706 -858
43 540.9081 1169.8481 0.01764706 -876
44 538.9293 1200.3787 0.01764706 -892
45 537.5023 1229.4592 0.01764706 -909
46 537.5023 1259.3059 0.01764706 -926
47 537.5023 1288.8287 0.01764706 -942
48 537.5023 1313.0691 0.01764706 -958
49 537.5023 1331.9535 0.01764706 -975
50 537.5023 1344.711 0.01764706 -992
51 536.50323 1354.0757 0.01764706 -1008
52 536.50323 1359.4453 0.01764706 -1025
53 536.50323 1362.9905 0.01764706 -1041
54 536.50323 1364.6283 0.01764706 -1058
55 535.2115 1366.581 0.01764706 -1074
56 535.50415 1367.2878 0.01764706 -1091
57 535.50415 1368.5226 0.01764706 -1107
58 535.50415 1368.2874 0.01764706 -1124
59 535.50415 1368.2874 0.01764706 -1133
60 535.50415 1370.4683 0.01764706 -1154
61 533.2907 1370.2863 0.015686275 -1190
62 533.2907 1370.2863 0.015686275 -1206
