0 598.44586 1058.4487 0.01764706 -84
1 593.8241 1058.4487 0.019607844 -84
2 578.00507 1058.4487 0.019607844 -117
3 549.9463 1058.4487 0.019607844 -150
4 507.9377 1058.4487 0.019607844 -183
5 460.17917 1057.7769 0.019607844 -216
6 426.7697 1055.0244 0.019607844 -249
7 388.1452 1049.5542 0.019607844 -282
8 368.39877 1045.8903 0.019607844 -331
9 356.12094 1042.274 0.019607844 -364
10 347.3649 1042.457 0.019607844 -397
11 336.17328 1044.9608 0.019607844 -431
12 327.82758 1048.3883 0.019607844 -464
13 320.3203 1051.8352 0.019607844 -497
14 313.0173 1064.178 0.019607844 -530
15 305.87766 1112.8115 0.019607844 -563
16 303.78397 1233.3135 0.019607844 -596
17 296.4169 1356.8605 0.019607844 -629
18 289.08994 1462.7083 0.019607844 -662
19 281.0506 1538.5363 0.019607844 -695
20 276.32034 1573.8755 0.019607844 -728
21 271.50153 1598.4028 0.019607844 -761
22 267.76123 1611.1333 0.019607844 -794
23 263.94308 1624.5914 0.019607844 -827
24 261.75763 1633.4004 0.019607844 -860
25 260.75854 1638.5616 0.019607844 -893
26 260.75854 1640.1458 0.019607844 -926
27 260.75854 1640.1458 0.01764706 -959
28 260.75854 1636.1478 0.01764706 -993
29 259.7595 1633.1494 0.01764706 -1016
0 633.4135 1017.47003 0.01764706 -60
1 632.4498 1017.47003 0.01764706 -60
2 615.82 1015.06885 0.01764706 -76
3 577.71875 1007.01776 0.01764706 -126
4 510.70523 993.93634 0.019607844 -159
5 439.3396 984.9473 0.01764706 -192
6 381.8693 980.4893 0.01764706 -225
7 335.5325 976.5757 0.01764706 -258
8 297.7353 976.4914 0.01764706 -291
9 281.31116 975.4919 0.01764706 -324
10 274.75238 975.4919 0.01764706 -357
11 271.05862 975.4919 0.01764706 -390
12 265.6309 978.7366 0.019607844 -423
13 265.75394 1002.65436 0.019607844 -473
14 264.2492 1062.5691 0.019607844 -506
15 259.31827 1153.9193 0.019607844 -539
16 250.81111 1280.7839 0.019607844 -572
17 240.23811 1448.4949 0.019607844 -605
18 235.44554 1566.558 0.019607844 -638
19 233.22002 1640.0424 0.019607844 -671
20 232.78445 1669.0063 0.019607844 -704
21 231.78539 1678.407 0.019607844 -737
22 231.78539 1682.169 0.019607844 -770
23 231.78539 1684.1228 0.019607844 -803
24 231.78539 1685.1223 0.01764706 -836
25 231.78539 1686.1218 0.01764706 -861
0 560.481 960.4997 0.015686275 -133
1 557.5647 959.5272 0.015686275 -133
2 522.0458 957.5013 0.01764706 -150
3 465.98074 958.50073 0.01764706 -183
4 408.22757 958.6866 0.019607844 -216
5 351.36578 958.50073 0.01764706 -249
6 314.18814 958.50073 0.019607844 -282
7 289.0336 960.78265 0.01764706 -315
8 277.77057 960.4997 0.019607844 -348
9 272.14532 960.4997 0.019607844 -381
10 269.75024 963.7679 0.01764706 -414
11 269.75024 963.7679 0.01764706 -448
12 274.7456 982.4883 0.01764706 -480
13 276.74374 992.48303 0.019607844 -480
14 287.73358 1061.4471 0.019607844 -514
15 290.7308 1089.4326 0.01764706 -514
16 291.7299 1116.4185 0.01764706 -531
17 293.72803 1146.4028 0.01764706 -531
18 292.72894 1250.3488 0.01764706 -565
19 290.7308 1286.33 0.01764706 -565
20 281.73914 1424.2582 0.01764706 -607
21 279.74097 1454.2426 0.01764706 -607
22 277.74283 1484.2269 0.01764706 -623
23 275.7447 1511.2129 0.01764706 -623
24 272.74747 1533.2014 0.015686275 -640
25 271.74838 1555.19 0.015686275 -640
26 268.75116 1593.1702 0.015686275 -664
27 267.75208 1605.164 0.015686275 -664
28 265.75394 1636.1478 0.01764706 -714
29 264.75485 1645.1431 0.015686275 -714
30 264.75485 1645.1431 0.015686275 -822
0 782.2757 389.79697 0.01764706 -16
1 782.2757 389.79697 0.01764706 -16
2 779.8558 389.79697 0.01764706 -50
3 769.78723 389.79697 0.01764706 -83
4 748.05005 395.1534 0.019607844 -116
5 694.43207 395.80267 0.019607844 -149
6 615.92664 394.79437 0.01764706 -182
7 545.0716 394.10248 0.01764706 -215
8 488.54764 396.29358 0.01764706 -248
9 448.79138 402.18896 0.019607844 -281
10 420.20343 400.79126 0.01764706 -315
11 403.6626 400.79126 0.01764706 -348
12 395.8976 400.79126 0.019607844 -381
13 391.67892 400.79126 0.019607844 -414
14 388.0387 401.3929 0.019607844 -447
15 386.642 416.1316 0.01764706 -480
16 386.642 430.86127 0.01764706 -513
17 386.642 430.86127 0.023529414 -529
18 413.61703 492.74335 0.01764706 -553
19 413.61703 492.74335 0.01764706 -553
20 542.4977 798.58405 0.01764706 -605
21 549.4912 817.57416 0.01764706 -605
22 537.5023 825.57 0.023529414 -613
23 553.4875 895.53357 0.01764706 -630
24 542.4977 900.53094 0.023529414 -630
25 556.48474 960.4997 0.01764706 -647
26 584.45886 1154.4965 0.01764706 -647
27 584.45886 1160.7865 0.01764706 -744
28 584.45886 1164.7368 0.01764706 -777
29 584.45886 1164.3936 0.01764706 -810
30 580.4625 1164.3936 0.019607844 -823
0 728.3256 411.78552 0.015686275 0
1 728.3256 411.78552 0.015686275 -17
2 728.3256 411.78552 0.01764706 -41
3 721.1065 409.23038 0.01764706 -74
4 693.5722 405.48364 0.01764706 -124
5 632.65515 395.04324 0.01764706 -157
6 557.8662 385.4375 0.01764706 -190
7 482.71075 380.85425 0.01764706 -223
8 429.60223 376.80374 0.01764706 -256
9 417.62552 376.80374 0.01764706 -304
10 412.47147 376.80374 0.01764706 -339
11 408.7252 376.80374 0.01764706 -372
12 406.6235 377.48053 0.01764706 -405
13 410.07864 402.9152 0.01764706 -438
14 415.94107 469.34372 0.01764706 -471
15 425.7132 566.5638 0.01764706 -504
16 440.11993 701.8542 0.01764706 -537
17 440.59204 705.63245 0.01764706 -570
18 440.59204 705.63245 0.01764706 -571
19 452.58093 827.569 0.01764706 -595
20 450.5828 842.56116 0.01764706 -595
21 450.5828 842.56116 0.01764706 -612
22 445.58743 926.5174 0.015686275 -637
23 432.89984 977.0858 0.01764706 -637
24 430.6013 998.92896 0.01764706 -719
25 427.60406 1014.2544 0.01764706 -752
26 425.05283 1024.5735 0.01764706 -785
27 423.6078 1029.9634 0.01764706 -818
28 422.6087 1032.4623 0.01764706 -850
29 422.6087 1032.4623 0.01764706 -888
0 739.3154 978.49036 0.01764706 -44
1 733.81775 978.49036 0.019607844 -44
2 710.19586 978.9718 0.01764706 -77
3 662.7821 973.7456 0.01764706 -111
4 601.74005 967.0849 0.01764706 -144
5 539.5463 954.67706 0.01764706 -177
6 468.29272 939.30927 0.01764706 -210
7 427.3166 931.85706 0.01764706 -243
8 398.55923 929.51587 0.01764706 -276
9 381.80292 929.51587 0.01764706 -309
10 371.298 929.51587 0.01764706 -342
11 363.90485 929.51587 0.019607844 -375
12 358.72662 929.51587 0.019607844 -408
13 353.21573 933.97076 0.019607844 -441
14 349.67624 946.507 0.019607844 -474
15 347.67807 952.5039 0.019607844 -504
16 344.68085 984.48724 0.019607844 -538
17 342.6827 1002.47784 0.019607844 -538
18 340.68454 1046.455 0.019607844 -565
19 339.6855 1090.432 0.019607844 -565
20 337.68732 1124.4143 0.019607844 -582
21 336.68826 1158.3966 0.019607844 -582
22 331.69287 1227.3607 0.019607844 -608
23 331.69287 1259.3441 0.019607844 -608
24 326.6975 1351.2961 0.01764706 -642
25 324.69934 1377.2826 0.01764706 -642
26 321.70212 1404.2686 0.01764706 -658
27 320.70306 1424.2582 0.01764706 -658
28 317.70584 1464.2373 0.01764706 -684
29 316.70676 1478.2301 0.01764706 -684
30 315.70767 1514.2113 0.01764706 -734
31 313.70953 1521.2076 0.01764706 -734
32 313.70953 1521.2076 0.01764706 -835
0 916.15173 737.6158 0.015686275 -59
1 916.15173 737.6158 0.015686275 -59
2 909.94525 737.6158 0.01764706 -75
3 880.5127 737.6158 0.01764706 -108
4 816.6618 736.61633 0.01764706 -141
5 738.7836 735.6168 0.01764706 -174
6 667.6716 734.6174 0.01764706 -207
7 615.83813 734.6174 0.01764706 -241
8 582.425 734.6174 0.01764706 -274
9 565.17804 734.6174 0.01764706 -307
10 556.1098 734.6174 0.01764706 -340
11 550.5786 734.6174 0.01764706 -373
12 545.9307 734.6174 0.01764706 -406
13 542.3033 734.6174 0.019607844 -439
14 540.31616 735.80023 0.019607844 -472
15 539.32623 787.1375 0.01764706 -488
16 540.4995 818.57367 0.019607844 -521
17 541.4986 855.5544 0.01764706 -531
18 538.5014 1082.4362 0.019607844 -600
19 535.50415 1115.4191 0.019607844 -600
20 532.50696 1145.4034 0.019607844 -616
21 529.5097 1176.3873 0.019607844 -616
22 525.5134 1203.3732 0.019607844 -632
23 521.5171 1231.3586 0.019607844 -632
24 518.5199 1251.3483 0.019607844 -649
25 515.52264 1269.3389 0.019607844 -649
26 512.52545 1285.3306 0.019607844 -658
27 509.52823 1302.3217 0.019607844 -675
28 498.0695 1357.7008 0.019607844 -675
29 492.46884 1370.3613 0.019607844 -737
30 492.54395 1374.2863 0.019607844 -786
31 492.54395 1375.2837 0.019607844 -819
32 492.54395 1375.2837 0.019607844 -852
33 492.54395 1376.2832 0.019607844 -853
0 617.4283 997.48047 0.015686275 -151
1 616.0169 997.39795 0.01764706 -151
2 572.98566 994.482 0.01764706 -159
3 496.39426 986.7915 0.01764706 -192
4 411.6995 971.6204 0.01764706 -225
5 340.9997 957.1645 0.01764706 -258
6 315.0884 954.50287 0.01764706 -291
7 308.63202 954.50287 0.01764706 -324
8 301.23083 954.50287 0.01764706 -341
9 299.23508 954.50287 0.01764706 -390
10 297.47827 955.7485 0.019607844 -407
11 295.70248 959.5715 0.019607844 -423
12 291.99655 976.6228 0.019607844 -440
13 291.7299 986.4862 0.019607844 -473
14 291.7299 996.48096 0.019607844 -483
15 289.73172 1023.4669 0.019607844 -510
16 288.73267 1041.4575 0.019607844 -510
17 283.73727 1088.4331 0.019607844 -536
18 276.74374 1147.4023 0.019607844 -536
19 270.7493 1180.3851 0.019607844 -554
20 264.75485 1217.366 0.019607844 -571
21 259.7595 1253.3472 0.019607844 -571
22 254.76411 1289.3285 0.019607844 -588
23 243.77429 1365.2888 0.019607844 -588
24 389.63922 867.54816 0.019607844 -605
25 313.25687 1081.3429 0.01764706 -605
26 311.71136 1085.8599 0.01764706 -737
27 311.71136 1088.4331 0.01764706 -770
28 311.71136 1088.4331 0.01764706 -803
29 311.71136 1088.4331 0.015686275 -836
30 311.71136 1088.4331 0.015686275 -850
0 709.3432 957.5013 0.015686275 -59
1 705.94257 957.5013 0.015686275 -59
2 666.1218 961.2319 0.01764706 -77
3 602.85944 965.49713 0.01764706 -126
4 535.10065 963.4477 0.01764706 -159
5 468.42188 957.983 0.01764706 -192
6 411.60593 952.5039 0.01764706 -225
7 379.03983 950.50494 0.019607844 -258
8 362.66122 950.50494 0.019607844 -292
9 355.08853 950.50494 0.019607844 -325
10 349.76517 950.50494 0.019607844 -358
11 346.12952 950.50494 0.019607844 -391
12 343.68176 953.50336 0.019607844 -424
13 341.68362 957.5013 0.019607844 -445
14 339.6855 975.4919 0.019607844 -480
15 340.68454 995.4815 0.019607844 -480
16 345.67993 1042.457 0.019607844 -507
17 346.67902 1065.4451 0.019607844 -507
18 459.57446 601.6866 0.01764706 -524
19 459.57446 601.6866 0.01764706 -524
20 562.4792 785.5908 0.01764706 -541
21 562.4792 785.5908 0.01764706 -541
22 562.4792 847.55853 0.01764706 -559
23 562.4792 847.55853 0.01764706 -559
24 560.481 914.5237 0.01764706 -576
25 560.481 914.5237 0.01764706 -576
26 558.4829 980.4893 0.01764706 -593
27 558.4829 980.4893 0.01764706 -593
28 557.4838 1044.4559 0.01764706 -610
29 557.4838 1044.4559 0.01764706 -610
30 557.4838 1106.4237 0.01764706 -626
31 557.4838 1106.4237 0.01764706 -626
32 555.48566 1168.3915 0.01764706 -644
33 537.5023 1152.3998 0.025490198 -644
34 474.5606 1094.4299 0.01764706 -685
35 442.5902 1064.4456 0.01764706 -685
36 442.5902 1064.4456 0.01764706 -744
0 792.2664 431.77512 0.01764706 -17
1 787.78955 431.77512 0.01764706 -17
2 773.45416 432.7746 0.019607844 -75
3 732.6333 433.26328 0.019607844 -108
4 659.0652 426.3302 0.019607844 -141
5 565.34314 416.46704 0.01764706 -174
6 458.67575 411.3203 0.019607844 -207
7 401.52374 407.7876 0.019607844 -240
8 378.5673 407.7876 0.019607844 -273
9 370.69977 407.7876 0.019607844 -306
10 365.9937 407.7876 0.019607844 -340
11 362.44986 407.7876 0.019607844 -373
12 361.66513 410.78604 0.019607844 -406
13 363.36124 423.66315 0.019607844 -439
14 368.70944 461.36423 0.019607844 -472
15 380.05786 534.6145 0.01764706 -505
16 380.05786 534.6145 0.01764706 -538
17 396.63275 645.6637 0.01764706 -561
18 396.63275 656.65796 0.01764706 -561
19 396.63275 656.65796 0.01764706 -570
20 406.6235 762.6028 0.01764706 -587
21 406.6235 762.6028 0.01764706 -587
22 409.62073 825.57 0.01764706 -604
23 409.62073 825.57 0.01764706 -604
24 410.6198 883.5398 0.01764706 -621
25 410.6198 883.5398 0.01764706 -621
26 415.61517 937.5117 0.01764706 -638
27 415.61517 937.5117 0.01764706 -638
28 558.4829 1168.3915 0.01764706 -663
29 539.5005 1151.4003 0.023529414 -663
30 465.5689 1089.4326 0.019607844 -738
31 443.58926 1067.444 0.01764706 -738
32 449.5837 1074.4404 0.023529414 -780
0 819.24146 400.79126 0.01764706 -16
1 819.24146 400.79126 0.01764706 -16
2 813.69244 400.79126 0.01764706 -27
3 804.9292 400.79126 0.019607844 -82
4 774.44336 399.79178 0.01764706 -115
5 729.12524 403.7516 0.019607844 -165
6 657.52234 403.78967 0.019607844 -198
7 588.636 404.89148 0.019607844 -231
8 523.1209 403.78967 0.019607844 -264
9 475.8486 400.79126 0.019607844 -297
10 439.51862 398.90793 0.01764706 -330
11 421.8025 395.79385 0.01764706 -363
12 413.91254 394.79437 0.01764706 -396
13 407.7879 393.7949 0.01764706 -429
14 405.62442 395.79385 0.019607844 -479
15 405.62442 395.79385 0.019607844 -506
16 576.46625 563.70636 0.01764706 -550
17 575.46716 566.70483 0.01764706 -550
18 472.56244 538.7194 0.01764706 -584
19 437.2969 641.8465 0.019607844 -584
20 439.05167 750.39874 0.01764706 -629
21 437.30368 847.76385 0.01764706 -661
22 434.5976 911.5252 0.01764706 -694
23 466.568 972.49347 0.023529414 -723
24 456.57724 974.49243 0.01764706 -746
25 445.27167 978.14856 0.01764706 -746
26 435.14273 984.9414 0.01764706 -777
27 434.5976 996.2867 0.01764706 -826
28 430.4178 995.4815 0.01764706 -859
29 426.29755 995.4815 0.01764706 -892
30 425.60593 995.4815 0.01764706 -925
31 425.60593 995.4815 0.01764706 -931
0 722.3312 949.50543 0.01764706 -110
1 722.3312 949.50543 0.01764706 -110
2 713.99854 948.506 0.01764706 -119
3 687.9882 950.50494 0.01764706 -152
4 645.9085 948.506 0.019607844 -185
5 599.49457 944.0868 0.01764706 -218
6 547.8244 939.4629 0.01764706 -251
7 492.4359 937.5754 0.01764706 -284
8 454.70523 935.51276 0.01764706 -317
9 430.18735 935.51276 0.01764706 -350
10 410.62332 935.51276 0.019607844 -383
11 387.66733 935.51276 0.019607844 -416
12 378.04074 935.51276 0.019607844 -466
13 371.61087 937.0345 0.019607844 -499
14 365.25128 941.9199 0.019607844 -532
15 365.25128 941.9199 0.019607844 -565
16 359.667 970.4945 0.019607844 -606
17 359.667 984.48724 0.019607844 -606
18 357.66882 1023.4669 0.019607844 -633
19 357.66882 1045.4554 0.019607844 -633
20 356.66974 1098.4279 0.019607844 -659
21 354.6716 1128.4122 0.019607844 -659
22 354.6716 1158.3966 0.019607844 -676
23 353.67252 1190.38 0.01764706 -676
24 353.67252 1222.3633 0.019607844 -693
25 352.67346 1255.3462 0.01764706 -693
26 350.6753 1287.3295 0.01764706 -710
27 350.6753 1318.3134 0.01764706 -710
28 348.67715 1348.2977 0.01764706 -727
29 348.67715 1376.2832 0.01764706 -727
30 347.67807 1401.2701 0.01764706 -744
31 346.67902 1425.2577 0.01764706 -744
32 345.67993 1447.2462 0.01764706 -760
33 343.68176 1472.2332 0.01764706 -760
34 343.68176 1503.217 0.01764706 -785
35 343.68176 1528.204 0.01764706 -785
36 343.68176 1538.1989 0.01764706 -802
37 341.68362 1555.19 0.01764706 -827
38 339.6855 1592.1707 0.01764706 -827
39 339.6855 1592.1707 0.01764706 -977
0 768.28864 425.77823 0.01764706 -59
1 765.36975 422.8582 0.01764706 -59
2 745.4181 418.78186 0.019607844 -84
3 708.3688 414.78397 0.019607844 -134
4 682.90656 414.72635 0.019607844 -167
5 631.1247 417.11005 0.019607844 -183
6 573.84296 420.0313 0.019607844 -216
7 515.42596 422.6409 0.01764706 -249
8 474.6176 420.0098 0.01764706 -283
9 448.7052 420.78082 0.01764706 -316
10 434.7018 420.78082 0.019607844 -349
11 425.40723 420.78082 0.019607844 -382
12 419.72427 420.78082 0.019607844 -415
13 415.84494 420.78082 0.01764706 -448
14 411.49088 429.0328 0.01764706 -481
15 410.6198 430.77563 0.01764706 -514
16 410.6198 430.77563 0.01764706 -518
17 404.62534 516.73083 0.01764706 -543
18 404.62534 516.73083 0.01764706 -543
19 546.494 733.61786 0.023529414 -593
20 552.48846 753.6075 0.01764706 -593
21 537.5023 761.60333 0.023529414 -610
22 549.4912 803.5814 0.01764706 -610
23 534.50507 813.57623 0.023529414 -627
24 549.4912 863.55023 0.01764706 -627
25 534.50507 873.545 0.023529414 -644
26 524.51434 883.5398 0.023529414 -644
27 411.61887 938.51117 0.01764706 -685
28 411.61887 938.51117 0.01764706 -685
29 561.4801 1160.3956 0.01764706 -711
30 561.4801 1160.3956 0.01764706 -711
31 542.4977 1145.4034 0.023529414 -719
0 769.2877 395.79385 0.01764706 0
1 769.2877 395.79385 0.01764706 0
2 769.2877 395.79385 0.01764706 -33
3 766.29047 395.79385 0.01764706 -66
4 751.808 398.09183 0.019607844 -99
5 719.54346 397.79282 0.019607844 -132
6 658.6366 394.99716 0.019607844 -165
7 599.00507 393.7949 0.019607844 -198
8 543.82684 391.79593 0.019607844 -231
9 487.08954 389.79697 0.019607844 -264
10 463.94458 388.7975 0.019607844 -298
11 427.5192 387.798 0.019607844 -314
12 405.08612 387.798 0.019607844 -347
13 392.0879 387.798 0.019607844 -380
14 384.7587 390.739 0.019607844 -413
15 377.39905 407.41962 0.019607844 -446
16 371.65588 459.62357 0.019607844 -479
17 370.6767 537.1786 0.01764706 -512
18 377.54807 674.8611 0.01764706 -546
19 385.6429 751.6085 0.01764706 -579
20 385.6429 751.6085 0.01764706 -595
21 401.6281 878.5424 0.01764706 -620
22 401.6281 878.5424 0.01764706 -620
23 401.6281 954.50287 0.01764706 -637
24 401.6281 954.50287 0.01764706 -637
25 406.6235 1011.47314 0.01764706 -662
26 406.6235 1011.47314 0.01764706 -662
27 564.47736 1185.3826 0.01764706 -712
28 560.481 1197.3763 0.01764706 -712
29 560.481 1197.3763 0.01764706 -810
30 545.49493 1186.3821 0.023529414 -811
0 763.2933 937.5117 0.01764706 -18
1 763.2933 937.5117 0.01764706 -18
2 750.92957 938.51117 0.01764706 -43
3 728.37256 939.5106 0.01764706 -77
4 688.87354 940.82916 0.01764706 -110
5 631.0497 936.4104 0.01764706 -143
6 565.8071 931.03577 0.01764706 -176
7 509.91547 928.2585 0.01764706 -209
8 464.83508 927.5169 0.01764706 -242
9 433.79404 927.5169 0.01764706 -275
10 414.36597 927.5169 0.01764706 -308
11 401.6873 927.5169 0.01764706 -341
12 390.31833 927.5169 0.019607844 -374
13 382.47647 927.5169 0.019607844 -407
14 374.92252 931.2453 0.019607844 -440
15 374.6531 931.51483 0.019607844 -473
16 372.65494 933.5138 0.019607844 -475
17 365.66144 951.5044 0.019607844 -517
18 364.66235 962.49866 0.01764706 -517
19 363.66327 976.4914 0.01764706 -526
20 362.6642 1016.4706 0.01764706 -551
21 362.6642 1039.4586 0.019607844 -551
22 362.6642 1063.446 0.019607844 -568
23 362.6642 1093.4304 0.019607844 -568
24 361.66513 1125.4138 0.01764706 -585
25 361.66513 1156.3977 0.019607844 -585
26 360.66605 1188.381 0.01764706 -602
27 358.6679 1255.3462 0.01764706 -602
28 355.6707 1290.3279 0.01764706 -619
29 353.67252 1322.3113 0.01764706 -635
30 349.67624 1356.2936 0.01764706 -635
31 347.67807 1384.2789 0.01764706 -652
32 343.68176 1413.2639 0.01764706 -652
33 340.68454 1440.2499 0.01764706 -669
34 336.68826 1466.2363 0.01764706 -669
35 334.6901 1485.2264 0.01764706 -685
36 333.69104 1504.2166 0.01764706 -685
37 330.69382 1538.1989 0.015686275 -711
38 329.69473 1566.1842 0.015686275 -711
39 329.69473 1571.1816 0.015686275 -735
40 329.69473 1581.1764 0.015686275 -768
41 329.69473 1590.1718 0.01764706 -768
42 329.69473 1591.1713 0.01764706 -817
0 784.2738 389.79697 0.013725491 -18
1 784.2738 389.79697 0.01764706 -18
2 783.264 389.79697 0.019607844 -41
3 776.35315 389.79697 0.01764706 -77
4 758.0624 394.57614 0.01764706 -110
5 712.9398 401.65234 0.01764706 -143
6 640.44727 405.1403 0.019607844 -176
7 555.9011 399.96866 0.01764706 -209
8 477.0583 390.79645 0.019607844 -242
9 430.3386 387.4719 0.019607844 -275
10 409.5659 387.798 0.019607844 -308
11 399.94626 386.79852 0.019607844 -341
12 396.19666 386.79852 0.019607844 -374
13 390.75024 387.686 0.01764706 -407
14 388.64014 389.79697 0.01764706 -457
15 416.61426 423.77927 0.023529414 -474
16 407.62256 425.77823 0.019607844 -500
17 401.6281 434.77356 0.01764706 -500
18 428.60315 485.747 0.023529414 -518
19 415.61517 494.7423 0.01764706 -544
20 415.61517 494.7423 0.01764706 -544
21 390.6383 580.6975 0.01764706 -570
22 389.63922 580.6975 0.01764706 -570
23 389.63922 580.6975 0.01764706 -579
24 395.63367 649.6616 0.01764706 -595
25 395.63367 649.6616 0.01764706 -595
26 399.62997 705.63245 0.01764706 -612
27 399.62997 715.62726 0.01764706 -612
28 399.62997 715.62726 0.01764706 -620
29 535.50415 984.48724 0.023529414 -662
30 524.51434 985.4867 0.023529414 -662
31 561.4801 1124.4143 0.01764706 -720
32 560.481 1128.4122 0.01764706 -720
33 537.5023 1121.4159 0.023529414 -728
0 781.2766 395.79385 0.013725491 -10
1 780.2775 397.81113 0.01764706 -10
2 778.1864 398.7923 0.01764706 -44
3 772.6236 398.7923 0.01764706 -61
4 756.9625 402.56918 0.01764706 -94
5 715.4448 407.05838 0.01764706 -127
6 681.6444 409.02448 0.019607844 -160
7 610.6965 401.87088 0.01764706 -176
8 539.41864 390.99396 0.019607844 -209
9 484.8642 381.64273 0.019607844 -242
10 464.95264 378.62314 0.019607844 -275
11 448.8034 376.70618 0.01764706 -292
12 439.48782 376.80374 0.01764706 -309
13 432.75113 376.80374 0.01764706 -325
14 427.93173 376.80374 0.01764706 -342
15 420.65692 376.80374 0.019607844 -358
16 414.344 376.80374 0.019607844 -391
17 410.51907 376.80374 0.01764706 -424
18 406.75705 377.66962 0.01764706 -457
19 405.62442 379.8022 0.01764706 -490
20 405.62442 379.8022 0.01764706 -500
21 555.48566 726.6215 0.023529414 -602
22 562.4792 750.609 0.01764706 -602
23 549.4912 759.6044 0.023529414 -618
24 561.4801 802.582 0.01764706 -618
25 570.4718 849.5575 0.01764706 -635
26 557.4838 910.52576 0.023529414 -635
27 563.4783 935.51276 0.01764706 -660
28 550.4903 942.5091 0.023529414 -676
29 541.4986 950.50494 0.023529414 -676
30 474.5606 942.5091 0.01764706 -701
31 465.5689 946.507 0.01764706 -701
32 465.5689 946.507 0.01764706 -710
33 584.45886 1120.4164 0.01764706 -743
34 584.45886 1120.4164 0.01764706 -743
35 584.45886 1120.4164 0.01764706 -823
36 584.45886 1120.4164 0.01764706 -854
37 575.46716 1116.4185 0.019607844 -875
0 764.2923 921.52 0.01764706 -9
1 764.2923 921.52 0.01764706 -9
2 759.6297 920.52057 0.015686275 -24
3 742.1021 919.52106 0.01764706 -84
4 700.82965 918.5216 0.019607844 -117
5 643.59186 913.61584 0.019607844 -150
6 576.96826 903.3112 0.01764706 -183
7 514.4244 891.261 0.01764706 -216
8 457.0057 882.98175 0.019607844 -249
9 427.19092 877.97375 0.01764706 -282
10 411.47195 875.1618 0.019607844 -315
11 401.64658 874.5445 0.019607844 -349
12 394.57617 874.5445 0.019607844 -382
13 387.89017 874.5445 0.019607844 -415
14 382.62482 877.56384 0.019607844 -448
15 381.64664 878.5424 0.019607844 -481
16 379.64847 880.5414 0.019607844 -485
17 376.65125 894.53406 0.019607844 -520
18 377.65033 953.50336 0.01764706 -520
19 377.65033 977.49084 0.01764706 -555
20 376.65125 1029.4637 0.01764706 -581
21 376.65125 1056.4497 0.01764706 -581
22 373.65402 1147.4023 0.01764706 -615
23 372.65494 1177.3867 0.01764706 -615
24 372.65494 1209.3701 0.01764706 -631
25 372.65494 1240.354 0.01764706 -631
26 371.65588 1271.3378 0.01764706 -648
27 369.6577 1301.3221 0.01764706 -648
28 369.6577 1329.3076 0.01764706 -665
29 369.6577 1351.2961 0.01764706 -665
30 368.65866 1376.2832 0.015686275 -682
31 368.65866 1397.2722 0.01764706 -682
32 368.65866 1415.2628 0.015686275 -690
33 367.65958 1433.2534 0.015686275 -706
34 368.65866 1496.2207 0.015686275 -706
35 368.65866 1496.2207 0.015686275 -831
0 781.2766 396.79333 0.013725491 -9
1 781.2766 398.88943 0.01764706 -36
2 776.64655 401.7907 0.01764706 -60
3 763.3924 401.7907 0.01764706 -93
4 731.07605 402.7902 0.01764706 -126
5 704.0328 405.22205 0.019607844 -159
6 643.868 410.1993 0.019607844 -175
7 564.9255 409.30408 0.01764706 -208
8 527.39343 412.46497 0.019607844 -241
9 467.30945 407.7876 0.019607844 -258
10 424.95953 401.12723 0.01764706 -291
11 414.9828 399.79178 0.01764706 -324
12 408.03683 399.79178 0.01764706 -341
13 401.5048 399.79178 0.01764706 -357
14 397.8092 399.79178 0.01764706 -390
15 395.79718 399.79178 0.01764706 -423
16 395.63367 399.79178 0.01764706 -440
17 395.63367 399.79178 0.01764706 -441
18 574.4681 563.70636 0.01764706 -475
19 573.469 566.70483 0.01764706 -475
20 409.62073 573.7012 0.01764706 -527
21 409.62073 573.7012 0.01764706 -527
22 413.61703 630.6715 0.01764706 -543
23 413.61703 630.6715 0.01764706 -543
24 549.4912 847.55853 0.023529414 -585
25 557.4838 872.54553 0.01764706 -585
26 561.4801 903.5294 0.01764706 -602
27 543.49677 907.5273 0.023529414 -602
28 465.5689 895.53357 0.01764706 -635
29 465.5689 895.53357 0.01764706 -635
30 576.46625 1057.4492 0.01764706 -725
31 576.46625 1057.4492 0.01764706 -725
32 573.469 1059.4481 0.01764706 -848
33 573.469 1059.4481 0.01764706 -848
34 555.48566 1054.4508 0.023529414 -864
0 758.29785 921.52 0.015686275 -58
1 758.29785 921.52 0.015686275 -58
2 747.90405 921.52 0.01764706 -67
3 686.6861 919.52106 0.01764706 -101
4 656.6918 917.61487 0.01764706 -150
5 625.47034 917.5221 0.01764706 -167
6 598.0573 917.5221 0.01764706 -183
7 548.30347 919.52106 0.01764706 -200
8 510.11536 921.6769 0.01764706 -233
9 494.9785 921.52 0.01764706 -266
10 473.08746 923.519 0.019607844 -283
11 455.7876 923.519 0.019607844 -316
12 440.4256 925.51794 0.01764706 -349
13 428.92526 925.51794 0.019607844 -382
14 419.65363 925.51794 0.019607844 -415
15 411.96988 925.51794 0.019607844 -448
16 408.1005 926.0393 0.019607844 -481
17 404.4921 936.0459 0.019607844 -514
18 401.26498 948.77795 0.019607844 -547
19 401.26498 948.77795 0.019607844 -564
20 396.63275 1200.3748 0.019607844 -657
21 396.63275 1231.3586 0.019607844 -657
22 396.63275 1258.3446 0.019607844 -673
23 400.2311 1331.5266 0.01764706 -673
24 403.62628 1379.2816 0.01764706 -696
25 405.62442 1396.2727 0.01764706 -715
26 411.61887 1442.2488 0.01764706 -756
27 412.61795 1460.2394 0.015686275 -756
28 412.61795 1460.2394 0.015686275 -797
29 424.60684 1486.2258 0.015686275 -853
30 424.60684 1486.2258 0.015686275 -853
31 424.60684 1486.2258 0.015686275 -869
0 786.272 424.77875 0.015686275 -8
1 786.272 424.77875 0.01764706 -8
2 786.272 424.77875 0.019607844 -29
3 778.3968 420.22812 0.01764706 -84
4 730.51166 415.0165 0.01764706 -117
5 642.37714 405.51413 0.019607844 -150
6 540.0177 386.62778 0.019607844 -183
7 463.932 375.50766 0.01764706 -216
8 421.59427 367.5829 0.019607844 -249
9 405.1361 362.98135 0.019607844 -282
10 398.09583 360.81207 0.01764706 -315
11 394.4725 360.81207 0.019607844 -348
12 390.58618 369.01648 0.01764706 -381
13 389.63922 372.80582 0.01764706 -414
14 423.6078 424.77875 0.023529414 -424
15 414.6161 432.7746 0.01764706 -448
16 414.6161 432.7746 0.01764706 -448
17 392.63644 522.7277 0.01764706 -474
18 392.63644 522.7277 0.01764706 -474
19 393.63553 581.697 0.01764706 -491
20 393.63553 581.697 0.01764706 -491
21 393.63553 646.6632 0.01764706 -508
22 393.63553 646.6632 0.01764706 -508
23 394.6346 710.6299 0.01764706 -525
24 394.6346 710.6299 0.01764706 -525
25 391.6374 773.59705 0.01764706 -542
26 391.6374 773.59705 0.01764706 -542
27 391.6374 835.5648 0.01764706 -559
28 391.6374 835.5648 0.01764706 -559
29 390.6383 889.5367 0.01764706 -576
30 379.64847 957.5013 0.015686275 -576
31 379.64847 957.5013 0.015686275 -700
0 921.1471 548.7142 0.01764706 -109
1 921.1471 548.7142 0.01764706 -109
2 920.07623 547.6429 0.01764706 -126
3 898.3875 546.73517 0.01764706 -142
4 832.4302 540.03314 0.01764706 -175
5 752.38617 533.9075 0.019607844 -208
6 685.003 531.723 0.019607844 -241
7 639.12897 531.24335 0.01764706 -274
8 616.4402 531.723 0.019607844 -307
9 609.48126 531.723 0.019607844 -340
10 606.13116 531.723 0.019607844 -357
11 602.2459 531.723 0.019607844 -374
12 599.4508 531.723 0.019607844 -390
13 595.78625 531.723 0.019607844 -407
14 591.93 534.24365 0.01764706 -440
15 588.1502 551.76447 0.019607844 -473
16 588.8637 629.5572 0.01764706 -506
17 590.4533 779.8092 0.01764706 -539
18 594.4496 934.8344 0.01764706 -572
19 596.44775 1054.3363 0.01764706 -605
20 597.44684 1116.0906 0.01764706 -638
21 597.44684 1143.168 0.01764706 -671
22 596.44775 1153.3762 0.01764706 -704
23 595.44867 1157.4453 0.01764706 -737
24 595.44867 1160.3956 0.01764706 -770
25 594.4496 1160.3956 0.01764706 -803
26 582.4607 1155.3982 0.019607844 -811
0 768.28864 916.52264 0.01764706 -9
1 768.28864 916.52264 0.01764706 -9
2 758.31146 914.5237 0.015686275 -44
3 726.58356 914.5237 0.015686275 -77
4 669.0741 914.6232 0.015686275 -110
5 593.68353 916.27356 0.01764706 -143
6 518.68744 913.9324 0.01764706 -176
7 460.8714 907.7435 0.01764706 -209
8 422.64648 906.52783 0.01764706 -242
9 407.48764 906.52783 0.01764706 -275
10 400.05896 906.52783 0.01764706 -308
11 396.3647 906.52783 0.019607844 -341
12 392.3779 908.78546 0.019607844 -374
13 391.6374 910.52576 0.019607844 -407
14 391.6374 916.52264 0.019607844 -415
15 393.63553 1083.4357 0.019607844 -501
16 391.97513 1162.5764 0.019607844 -501
17 388.01605 1278.8251 0.01764706 -523
18 383.64478 1372.2391 0.01764706 -556
19 382.6457 1434.2529 0.01764706 -589
20 382.6457 1446.7924 0.01764706 -622
21 382.6457 1454.3367 0.015686275 -639
22 382.6457 1457.7524 0.015686275 -655
23 382.6457 1459.7539 0.015686275 -672
24 382.6457 1460.7164 0.015686275 -689
25 382.6457 1461.2389 0.01764706 -705
26 382.6457 1461.2389 0.01764706 -738
27 382.6457 1461.2389 0.015686275 -744
0 744.31085 919.52106 0.015686275 -16
1 744.17957 919.52106 0.015686275 -16
2 739.3154 919.52106 0.015686275 -25
3 739.3154 919.52106 0.015686275 -51
4 543.49677 927.5169 0.015686275 -158
5 535.63116 925.34344 0.015686275 -158
6 477.43356 919.52106 0.015686275 -174
7 442.3289 916.4853 0.015686275 -207
8 431.29877 914.4633 0.015686275 -240
9 423.61597 912.52673 0.015686275 -257
10 417.8578 911.5252 0.015686275 -273
11 413.88617 911.5252 0.015686275 -290
12 409.0579 911.5252 0.01764706 -307
13 405.12488 911.5252 0.01764706 -340
14 401.41248 925.8128 0.019607844 -372
15 397.63184 968.91455 0.01764706 -406
16 398.6309 1103.0103 0.01764706 -439
17 397.66388 1173.1703 0.01764706 -472
18 393.63553 1311.3418 0.01764706 -488
19 392.63644 1349.2972 0.01764706 -521
20 391.6374 1377.2826 0.01764706 -531
21 387.64108 1424.2582 0.01764706 -556
22 385.6429 1445.2472 0.015686275 -556
23 383.64478 1460.2394 0.015686275 -564
24 381.64664 1480.229 0.015686275 -588
25 379.64847 1502.0146 0.015686275 -588
26 379.64847 1506.0032 0.015686275 -637
27 379.64847 1508.2145 0.015686275 -670
28 379.64847 1509.2139 0.013725491 -703
29 379.64847 1509.2139 0.013725491 -736
30 379.64847 1509.2139 0.013725491 -763
0 404.62534 913.5242 0.015686275 -324
1 404.62534 913.5242 0.015686275 -324
2 404.62534 913.5242 0.01764706 -349
3 404.62534 913.5242 0.01764706 -382
4 404.62534 913.5242 0.019607844 -415
5 401.49384 916.657 0.019607844 -448
6 401.49384 916.657 0.019607844 -481
7 397.63184 937.5117 0.019607844 -515
8 396.0542 978.9138 0.019607844 -515
9 393.1429 1053.6146 0.019607844 -548
10 390.6383 1123.4149 0.019607844 -581
11 390.6383 1150.4008 0.019607844 -602
12 388.64014 1204.3727 0.019607844 -628
13 387.64108 1232.3582 0.019607844 -628
14 386.642 1258.3446 0.019607844 -644
15 384.64386 1286.33 0.01764706 -644
16 381.64664 1326.3092 0.01764706 -662
17 379.64847 1350.2966 0.01764706 -662
18 378.6494 1369.2867 0.019607844 -679
19 375.65216 1389.2764 0.01764706 -679
20 372.65494 1426.2571 0.01764706 -713
21 370.6568 1458.2405 0.01764706 -713
22 370.6568 1459.24 0.01764706 -814
23 370.6568 1459.24 0.01764706 -845
24 370.6568 1459.24 0.015686275 -871
0 734.32007 903.5294 0.01764706 0
1 728.83075 903.5294 0.01764706 -8
2 706.25464 903.5294 0.01764706 -58
3 656.69666 907.5273 0.01764706 -91
4 578.96594 907.5273 0.019607844 -124
5 489.6127 901.2639 0.01764706 -157
6 426.27917 895.53357 0.01764706 -190
7 395.36276 895.53357 0.019607844 -223
8 383.4378 895.53357 0.019607844 -256
9 379.27505 895.53357 0.019607844 -289
10 375.61853 896.56665 0.019607844 -322
11 371.65588 903.5294 0.019607844 -355
12 370.6568 907.5273 0.019607844 -381
13 367.65958 941.5096 0.019607844 -416
14 366.6605 961.4992 0.01764706 -416
15 364.66235 1010.4737 0.01764706 -441
16 363.66327 1037.4596 0.019607844 -441
17 361.66513 1070.4425 0.019607844 -458
18 360.66605 1100.4269 0.019607844 -458
19 358.6679 1135.4086 0.01764706 -475
20 355.6707 1172.3894 0.019607844 -475
21 354.6716 1204.3727 0.01764706 -492
22 352.67346 1236.3561 0.01764706 -492
23 350.6753 1297.3242 0.01764706 -517
24 350.6753 1324.3102 0.01764706 -517
25 347.67807 1369.2867 0.01764706 -542
26 347.67807 1387.2775 0.01764706 -542
27 345.67993 1415.2628 0.01764706 -567
28 340.68454 1446.2467 0.013725491 -567
29 340.68454 1446.2467 0.013725491 -641
0 730.3238 381.80115 0.013725491 -9
1 733.321 377.9195 0.015686275 -9
2 732.5976 377.80322 0.019607844 -43
3 724.6269 379.4779 0.01764706 -76
4 688.4764 382.32663 0.01764706 -109
5 617.4586 384.9885 0.019607844 -142
6 528.061 382.80063 0.01764706 -175
7 472.7519 381.7463 0.01764706 -209
8 406.98172 377.13885 0.019607844 -225
9 377.1379 374.42676 0.019607844 -258
10 366.4805 373.8053 0.019607844 -291
11 360.8321 373.8053 0.019607844 -324
12 357.09076 373.8053 0.01764706 -357
13 355.6707 401.14474 0.01764706 -390
14 363.0226 498.12137 0.01764706 -440
15 380.20044 652.856 0.019607844 -473
16 385.6429 697.63666 0.01764706 -506
17 385.6429 697.63666 0.01764706 -514
18 393.63553 835.5648 0.01764706 -539
19 393.63553 835.5648 0.01764706 -539
20 393.63553 895.53357 0.01764706 -556
21 393.63553 895.53357 0.01764706 -556
22 388.64014 962.49866 0.01764706 -572
23 382.6457 974.49243 0.019607844 -572
24 381.64664 976.4914 0.019607844 -630
0 775.28217 401.7907 0.013725491 -43
1 775.28217 401.7907 0.013725491 -43
2 756.29974 405.78864 0.01764706 -111
3 756.29974 405.78864 0.01764706 -111
4 753.2389 405.78864 0.01764706 -126
5 727.0671 407.7876 0.01764706 -142
6 653.6736 416.15433 0.019607844 -175
7 532.2416 409.03552 0.01764706 -209
8 442.70255 407.12753 0.01764706 -242
9 394.13507 411.28577 0.019607844 -275
10 378.99078 412.785 0.019607844 -307
11 372.77057 412.785 0.019607844 -341
12 369.04782 414.39465 0.01764706 -374
13 365.24582 431.93488 0.01764706 -407
14 370.24243 491.25574 0.01764706 -440
15 380.64755 584.69543 0.01764706 -473
16 380.64755 584.69543 0.01764706 -496
17 555.48566 915.52313 0.01764706 -522
18 555.48566 924.51843 0.01764706 -522
19 533.50604 975.4919 0.023529414 -546
20 541.4986 1025.4658 0.01764706 -546
21 525.5134 1030.4633 0.023529414 -563
22 514.5236 1035.4607 0.023529414 -563
23 449.5837 1023.4669 0.01764706 -588
24 407.42206 1021.46796 0.01764706 -588
25 402.6272 1020.4685 0.015686275 -673
26 400.62906 1020.4685 0.015686275 -704
0 750.3053 412.785 0.01764706 -59
1 750.3053 412.785 0.01764706 -59
2 715.86005 414.81577 0.01764706 -68
3 612.34564 406.54184 0.01764706 -118
4 570.0519 398.7223 0.01764706 -167
5 534.60675 392.97894 0.019607844 -184
6 506.4478 389.29028 0.01764706 -200
7 468.57004 381.6767 0.019607844 -217
8 452.80807 378.8027 0.019607844 -250
9 444.96268 377.80322 0.019607844 -283
10 440.26016 377.80322 0.019607844 -316
11 436.43335 377.80322 0.019607844 -349
12 430.95007 401.34732 0.01764706 -382
13 424.0108 485.66196 0.01764706 -415
14 421.18988 609.86633 0.01764706 -448
15 418.6124 692.6392 0.01764706 -481
16 418.6124 692.6392 0.01764706 -502
17 413.61703 824.5705 0.01764706 -527
18 413.61703 824.5705 0.01764706 -527
19 410.6198 886.53827 0.01764706 -544
20 410.6198 886.53827 0.01764706 -544
21 410.6198 942.5091 0.01764706 -560
22 410.6198 942.5091 0.01764706 -560
23 561.4801 1124.4143 0.01764706 -593
24 555.48566 1143.4044 0.01764706 -593
25 542.4977 1135.4086 0.023529414 -709
0 730.3238 379.8022 0.013725491 -26
1 730.3238 377.73715 0.015686275 -26
2 730.3238 373.85397 0.01764706 -44
3 727.68555 374.4456 0.019607844 -76
4 723.90967 375.51443 0.01764706 -110
5 713.328 378.13895 0.01764706 -126
6 692.8804 384.01114 0.019607844 -143
7 663.1987 389.41843 0.01764706 -159
8 623.1693 393.14566 0.01764706 -176
9 586.3774 400.22205 0.019607844 -192
10 509.73013 403.6425 0.01764706 -209
11 458.3735 409.69794 0.019607844 -242
12 439.69177 411.78552 0.019607844 -275
13 431.72464 411.78552 0.019607844 -308
14 427.32452 411.78552 0.01764706 -341
15 423.48306 413.90927 0.01764706 -374
16 421.60962 430.77563 0.019607844 -407
17 421.60962 430.77563 0.019607844 -423
18 411.61887 506.73605 0.01764706 -449
19 411.61887 506.73605 0.01764706 -449
20 585.4579 724.62256 0.019607844 -474
21 584.45886 725.6221 0.01764706 -474
22 476.55875 724.62256 0.01764706 -499
23 427.8017 945.9248 0.01764706 -499
24 423.82248 962.8538 0.01764706 -589
25 423.6078 969.2528 0.01764706 -622
26 423.6078 971.494 0.015686275 -655
27 423.6078 971.494 0.015686275 -665
