0 897.1693 860.55176 0.023529414 -417
1 897.1693 860.55176 0.023529414 -423
2 897.1693 860.55176 0.023529414 -483
3 897.1693 860.55176 0.023529414 -516
4 897.1693 860.55176 0.023529414 -532
5 897.1693 860.55176 0.021568628 -565
6 897.1693 860.55176 0.021568628 -598
7 897.1693 860.55176 0.021568628 -615
8 897.1693 860.55176 0.019607844 -631
9 897.1693 860.55176 0.019607844 -648
10 897.1693 860.55176 0.019607844 -664
11 897.1693 860.55176 0.019607844 -681
12 882.4825 856.9369 0.019607844 -698
13 843.9478 854.2577 0.019607844 -731
14 787.2731 853.6222 0.019607844 -764
15 744.36237 850.6649 0.019607844 -797
16 696.91425 848.15454 0.019607844 -813
17 677.6355 847.55853 0.019607844 -846
18 666.58997 847.55853 0.019607844 -863
19 653.2917 847.55853 0.019607844 -879
20 646.0258 847.55853 0.021568628 -912
21 643.2413 847.55853 0.021568628 -945
22 641.46265 847.55853 0.021568628 -962
23 639.71216 847.55853 0.021568628 -979
24 637.9505 847.55853 0.021568628 -995
25 634.3829 847.55853 0.021568628 -1012
26 631.0385 847.55853 0.019607844 -1045
27 630.41626 849.6256 0.019607844 -1078
28 630.41626 851.5919 0.019607844 -1111
29 628.57245 857.0902 0.019607844 -1127
30 624.9605 871.3894 0.019607844 -1144
31 623.1753 880.77954 0.019607844 -1177
32 619.5358 909.322 0.019607844 -1193
33 618.1391 953.54266 0.021568628 -1226
34 618.42737 985.8187 0.021568628 -1260
35 618.42737 1017.67847 0.019607844 -1276
36 617.5469 1059.9551 0.019607844 -1293
37 617.4283 1093.3613 0.019607844 -1309
38 616.9467 1126.0901 0.019607844 -1326
39 616.42926 1157.5934 0.019607844 -1342
40 616.42926 1186.5948 0.019607844 -1359
41 616.42926 1220.4607 0.019607844 -1375
42 615.62537 1248.6147 0.019607844 -1392
43 615.4302 1268.716 0.019607844 -1408
44 615.4302 1286.1115 0.019607844 -1425
45 615.4302 1299.4359 0.019607844 -1441
46 615.4302 1311.2988 0.019607844 -1458
47 615.4302 1321.3187 0.019607844 -1474
48 615.4302 1330.4308 0.019607844 -1491
49 615.4302 1337.288 0.019607844 -1507
50 615.4302 1346.744 0.019607844 -1524
51 615.4302 1350.6757 0.019607844 -1557
52 615.4302 1354.3096 0.019607844 -1574
53 615.4302 1357.8616 0.019607844 -1590
54 615.4302 1359.79 0.019607844 -1623
55 615.4302 1361.291 0.019607844 -1640
56 615.4302 1362.2904 0.019607844 -1656
57 615.4302 1363.2899 0.01764706 -1671
0 931.1378 866.54865 0.023529414 -284
1 931.1378 866.54865 0.023529414 -284
2 931.1378 866.54865 0.023529414 -310
3 931.1378 866.54865 0.023529414 -343
4 931.1378 866.54865 0.023529414 -348
5 931.1378 866.54865 0.023529414 -389
6 931.1378 866.54865 0.021568628 -442
7 931.1378 866.54865 0.021568628 -475
8 931.1378 866.54865 0.021568628 -491
9 931.1378 866.54865 0.019607844 -508
10 931.1378 866.54865 0.019607844 -525
11 925.21313 865.5492 0.019607844 -541
12 903.66327 865.5492 0.019607844 -558
13 889.6762 865.5492 0.019607844 -589
14 868.924 865.5492 0.019607844 -607
15 844.8703 865.5492 0.019607844 -624
16 803.8541 863.6398 0.019607844 -640
17 759.85315 861.8362 0.019607844 -657
18 726.3275 860.052 0.019607844 -673
19 691.73303 858.2042 0.019607844 -689
20 656.5475 855.5544 0.019607844 -706
21 645.8014 855.5544 0.021568628 -739
22 638.6015 855.5544 0.021568628 -756
23 633.6085 855.5544 0.021568628 -772
24 630.3846 855.5544 0.021568628 -789
25 628.6494 855.5544 0.021568628 -806
26 626.91956 855.5544 0.021568628 -822
27 625.15436 855.5544 0.021568628 -838
28 621.68665 855.5544 0.021568628 -855
29 618.31915 855.5544 0.021568628 -888
30 616.34766 855.5544 0.019607844 -921
31 614.5604 856.42444 0.019607844 -938
32 613.432 858.85077 0.019607844 -954
33 611.9876 862.44226 0.019607844 -971
34 611.43384 869.6319 0.019607844 -987
35 611.43384 882.0146 0.019607844 -1004
36 610.4348 903.522 0.019607844 -1020
37 607.06433 956.73193 0.019607844 -1037
38 603.59595 1004.3095 0.019607844 -1070
39 597.4468 1082.4363 0.019607844 -1103
40 595.9843 1117.2311 0.019607844 -1135
41 595.25507 1142.5059 0.019607844 -1153
42 595.44867 1205.3888 0.019607844 -1169
43 593.932 1257.0798 0.019607844 -1202
44 593.4505 1294.322 0.019607844 -1235
45 593.4505 1316.942 0.019607844 -1268
46 593.4505 1325.7424 0.019607844 -1301
47 593.4505 1331.4165 0.019607844 -1318
48 593.4505 1335.4102 0.019607844 -1334
49 593.4505 1339.0972 0.019607844 -1351
50 593.4505 1347.1753 0.019607844 -1368
51 593.4505 1349.1407 0.019607844 -1417
52 593.4505 1350.9686 0.019607844 -1434
53 593.4505 1352.8406 0.019607844 -1450
54 593.4505 1354.4442 0.019607844 -1467
55 593.4505 1355.2941 0.019607844 -1500
56 593.4505 1355.2941 0.019607844 -1515
0 950.12024 851.55646 0.021568628 -231
1 950.12024 851.55646 0.021568628 -231
2 950.12024 851.55646 0.023529414 -243
3 950.12024 851.55646 0.023529414 -271
4 950.12024 851.55646 0.023529414 -359
5 950.12024 851.55646 0.023529414 -375
6 950.12024 851.55646 0.021568628 -408
7 950.12024 851.55646 0.021568628 -420
8 946.66064 849.3262 0.019607844 -474
9 942.6738 847.33203 0.019607844 -508
10 938.97253 846.5591 0.019607844 -524
11 927.8435 844.66046 0.019607844 -541
12 910.21277 843.83826 0.019607844 -557
13 882.3502 842.0439 0.019607844 -574
14 849.97375 838.98083 0.019607844 -590
15 762.3748 830.3767 0.019607844 -607
16 689.3617 820.57263 0.019607844 -640
17 671.1288 816.9245 0.019607844 -673
18 658.64874 815.46936 0.019607844 -689
19 648.0878 815.5752 0.019607844 -706
20 640.8469 814.57574 0.019607844 -722
21 631.4724 814.57574 0.019607844 -739
22 624.1897 814.57574 0.019607844 -772
23 620.5429 814.57574 0.021568628 -805
24 618.29114 814.57574 0.021568628 -822
25 616.5172 814.57574 0.021568628 -838
26 613.21814 814.57574 0.021568628 -855
27 610.4348 814.57574 0.021568628 -888
28 610.4348 816.23193 0.019607844 -921
29 610.4348 817.9441 0.019607844 -937
30 610.4348 819.7527 0.019607844 -954
31 609.414 822.59326 0.019607844 -970
32 607.6508 826.92896 0.019607844 -987
33 605.8458 833.9384 0.019607844 -1003
34 604.056 842.4842 0.019607844 -1020
35 602.26 854.8314 0.019607844 -1036
36 601.4431 903.4348 0.019607844 -1053
37 601.4431 971.53784 0.019607844 -1086
38 601.4431 1012.0292 0.019607844 -1119
39 601.4431 1048.5913 0.019607844 -1136
40 602.4422 1105.167 0.019607844 -1152
41 602.4422 1146.4202 0.019607844 -1169
42 600.3698 1213.779 0.019607844 -1185
43 598.6435 1272.5679 0.019607844 -1218
44 597.44684 1309.6329 0.019607844 -1251
45 597.44684 1323.6042 0.019607844 -1284
46 597.44684 1335.2311 0.019607844 -1301
47 596.2551 1344.2638 0.019607844 -1317
48 596.44775 1354.3502 0.019607844 -1334
49 596.44775 1363.5054 0.019607844 -1351
50 596.44775 1378.1478 0.019607844 -1367
51 596.44775 1389.8577 0.019607844 -1400
52 596.44775 1394.443 0.019607844 -1433
53 596.44775 1400.1339 0.019607844 -1450
54 596.44775 1407.3318 0.019607844 -1466
55 596.44775 1409.8016 0.019607844 -1499
56 596.44775 1411.6907 0.019607844 -1516
57 596.44775 1413.588 0.019607844 -1532
58 596.44775 1413.2639 0.019607844 -1549
59 596.44775 1414.2634 0.019607844 -1555
0 953.1175 827.569 0.023529414 -264
1 953.1175 827.569 0.023529414 -264
2 953.1175 827.569 0.023529414 -285
3 953.1175 827.569 0.023529414 -318
4 953.1175 827.569 0.023529414 -334
5 953.1175 827.569 0.023529414 -365
6 953.1175 827.569 0.023529414 -384
7 953.1175 827.569 0.023529414 -400
8 953.1175 827.569 0.023529414 -417
9 953.1175 827.569 0.021568628 -450
10 953.1175 827.569 0.021568628 -483
11 953.1175 827.569 0.021568628 -500
12 953.1175 827.569 0.021568628 -516
13 952.1932 826.6443 0.021568628 -533
14 948.64465 824.83185 0.019607844 -549
15 941.8409 824.5705 0.019607844 -566
16 936.5228 824.5705 0.019607844 -599
17 922.11273 824.5705 0.021568628 -615
18 906.9605 824.5705 0.021568628 -632
19 885.10223 826.17487 0.021568628 -648
20 858.0698 827.97784 0.021568628 -665
21 829.89264 829.82306 0.021568628 -681
22 786.82886 830.6189 0.021568628 -698
23 711.19086 832.1452 0.021568628 -714
24 679.18695 832.56635 0.021568628 -748
25 659.70044 832.56635 0.021568628 -764
26 643.5101 834.5535 0.021568628 -781
27 631.05676 835.5648 0.021568628 -797
28 622.6707 835.5648 0.021568628 -814
29 612.8127 835.5648 0.021568628 -830
30 609.2087 835.5648 0.021568628 -863
31 605.869 835.5648 0.021568628 -880
32 602.7939 835.5648 0.021568628 -896
33 599.4151 835.5648 0.023529414 -929
34 597.6073 835.5648 0.021568628 -962
35 595.89716 835.5648 0.021568628 -979
36 595.44867 836.80396 0.021568628 -995
37 595.44867 838.6105 0.021568628 -1012
38 595.44867 840.37054 0.019607844 -1029
39 593.85175 842.75775 0.019607844 -1045
40 592.0987 846.26526 0.019607844 -1062
41 590.26984 849.9246 0.019607844 -1078
42 588.51685 857.3064 0.019607844 -1095
43 587.45605 865.0092 0.019607844 -1111
44 585.9574 877.04315 0.019607844 -1128
45 586.457 892.1827 0.021568628 -1144
46 585.4579 927.64526 0.021568628 -1161
47 583.64246 965.6577 0.019607844 -1177
48 582.4607 1037.1608 0.021568628 -1194
49 577.7038 1136.1855 0.019607844 -1227
50 573.469 1219.5505 0.019607844 -1260
51 570.53253 1260.2054 0.019607844 -1293
52 571.4709 1292.0842 0.019607844 -1310
53 570.4718 1323.3972 0.019607844 -1326
54 570.4718 1357.4302 0.019607844 -1343
55 570.4718 1368.8308 0.019607844 -1376
56 570.4718 1383.0868 0.019607844 -1392
57 570.4718 1391.0112 0.019607844 -1423
58 570.4718 1396.5632 0.019607844 -1440
59 570.4718 1401.4497 0.019607844 -1457
60 570.4718 1405.151 0.019607844 -1473
61 570.4718 1407.528 0.019607844 -1490
62 570.4718 1409.3654 0.019607844 -1506
63 570.4718 1411.2379 0.019607844 -1523
64 570.4718 1413.0798 0.019607844 -1539
65 570.4718 1414.9573 0.019607844 -1556
66 571.00604 1416.7968 0.019607844 -1572
67 571.4709 1417.2618 0.01764706 -1589
68 571.4709 1417.2618 0.01764706 -1593
0 1017.0583 559.7085 0.023529414 -301
1 1015.27545 559.7085 0.023529414 -301
2 1013.5668 559.7085 0.023529414 -317
3 1010.18 560.70795 0.023529414 -334
4 1009.4294 560.70795 0.023529414 -367
5 1008.0666 561.70746 0.023529414 -383
6 1008.0666 561.70746 0.023529414 -416
7 1008.0666 562.7176 0.023529414 -433
8 1008.0666 562.7069 0.021568628 -466
9 1008.0666 562.7069 0.021568628 -478
10 1009.08575 562.7069 0.021568628 -499
11 1009.0657 562.7069 0.019607844 -532
12 1009.0657 562.7069 0.019607844 -565
13 1009.0657 562.7069 0.019607844 -598
14 1004.2021 562.7069 0.019607844 -614
15 998.7004 562.7069 0.019607844 -631
16 991.1713 562.7069 0.019607844 -648
17 980.35126 564.16296 0.019607844 -664
18 967.87946 566.0229 0.019607844 -681
19 943.3348 565.7053 0.019607844 -697
20 882.58344 565.7053 0.019607844 -714
21 808.6577 562.7069 0.019607844 -747
22 775.9793 560.3143 0.019607844 -780
23 743.9564 560.70795 0.019607844 -796
24 721.3963 558.80566 0.019607844 -813
25 698.8829 558.709 0.019607844 -829
26 687.55994 558.709 0.019607844 -862
27 681.3858 558.709 0.019607844 -895
28 677.8219 558.709 0.019607844 -927
29 675.9862 558.709 0.019607844 -960
30 674.2521 558.709 0.019607844 -977
31 672.5421 558.709 0.019607844 -993
32 671.37836 564.36566 0.019607844 -1010
33 671.37836 568.0921 0.019607844 -1043
34 671.37836 573.75903 0.019607844 -1059
35 671.37836 579.1299 0.019607844 -1076
36 671.37836 585.18427 0.019607844 -1092
37 671.37836 593.7262 0.019607844 -1109
38 672.37744 608.91266 0.019607844 -1125
39 672.37744 626.13525 0.019607844 -1142
40 673.3765 658.8464 0.019607844 -1158
41 671.89954 687.29535 0.019607844 -1175
42 673.63525 721.80273 0.019607844 -1192
43 674.47284 751.16595 0.019607844 -1208
44 676.2556 798.2737 0.019607844 -1225
45 678.708 872.26495 0.019607844 -1241
46 679.371 909.28064 0.019607844 -1274
47 679.371 935.3009 0.019607844 -1291
48 680.3852 970.81213 0.019607844 -1307
49 680.37006 995.5489 0.019607844 -1324
50 680.37006 1017.6114 0.019607844 -1340
51 680.37006 1052.5171 0.019607844 -1357
52 680.37006 1081.7346 0.019607844 -1390
53 680.37006 1095.8741 0.019607844 -1423
54 680.37006 1104.4535 0.019607844 -1440
55 680.37006 1110.2257 0.019607844 -1456
56 680.37006 1114.3069 0.019607844 -1473
57 680.37006 1117.9286 0.019607844 -1489
58 680.37006 1119.5758 0.019607844 -1506
59 680.37006 1121.4324 0.019607844 -1522
60 680.37006 1123.3066 0.019607844 -1539
61 680.37006 1123.4149 0.01764706 -1555
62 681.3691 1123.4149 0.015686275 -1573
0 964.1073 866.54865 0.021568628 -214
1 960.80945 866.54865 0.021568628 -214
2 959.06946 866.54865 0.023529414 -234
3 957.33575 866.54865 0.023529414 -250
4 955.6048 866.54865 0.023529414 -267
5 953.8913 866.54865 0.023529414 -283
6 952.18036 866.54865 0.023529414 -300
7 948.7716 866.54865 0.023529414 -316
8 947.01434 866.54865 0.023529414 -349
9 946.12396 866.54865 0.023529414 -366
10 946.12396 866.54865 0.023529414 -399
11 947.12305 866.54865 0.021568628 -417
12 948.2555 866.54865 0.021568628 -465
13 949.14484 866.54865 0.021568628 -481
14 949.1212 866.54865 0.021568628 -498
15 949.1212 865.9215 0.021568628 -514
16 949.1212 865.5492 0.019607844 -531
17 949.1212 865.5492 0.019607844 -547
18 947.08215 864.5497 0.019607844 -564
19 945.28644 864.5497 0.019607844 -580
20 943.48846 864.5497 0.019607844 -597
21 940.2503 863.1109 0.019607844 -613
22 928.3565 863.55023 0.019607844 -630
23 910.77423 863.55023 0.019607844 -646
24 876.176 862.704 0.019607844 -663
25 837.3076 862.5507 0.019607844 -679
26 800.8623 861.1164 0.019607844 -696
27 764.9815 859.29956 0.019607844 -712
28 737.4248 857.4939 0.019607844 -729
29 683.90393 855.5544 0.019607844 -745
30 665.7867 855.5544 0.019607844 -778
31 655.0428 855.5544 0.019607844 -795
32 647.22186 855.5544 0.019607844 -811
33 635.8548 855.5544 0.021568628 -828
34 629.4172 855.5544 0.021568628 -861
35 625.67096 855.5544 0.023529414 -892
36 624.4163 855.5544 0.023529414 -910
37 622.70245 855.5544 0.023529414 -927
38 621.03143 855.5544 0.023529414 -943
39 619.38354 855.5544 0.023529414 -960
40 617.6583 855.5544 0.023529414 -976
41 617.4283 855.5544 0.021568628 -993
42 617.4283 855.5544 0.021568628 -1009
43 617.4283 855.5544 0.021568628 -1026
44 617.4283 855.5544 0.021568628 -1042
45 617.4283 858.7626 0.019607844 -1059
46 617.4283 862.60254 0.019607844 -1092
47 617.4283 868.09546 0.019607844 -1108
48 617.4283 877.96173 0.019607844 -1125
49 618.8118 891.61414 0.019607844 -1141
50 619.532 911.7925 0.021568628 -1158
51 619.42645 936.0813 0.019607844 -1174
52 619.42645 966.9982 0.019607844 -1191
53 619.42645 1003.56714 0.019607844 -1207
54 619.42645 1035.46 0.019607844 -1224
55 619.42645 1067.2805 0.019607844 -1240
56 619.42645 1101.3033 0.019607844 -1257
57 618.8123 1139.4707 0.019607844 -1273
58 618.42737 1167.581 0.019607844 -1289
59 618.42737 1190.2296 0.019607844 -1306
60 617.4283 1210.1466 0.019607844 -1322
61 616.42926 1250.5922 0.019607844 -1339
62 616.42926 1267.6627 0.019607844 -1372
63 616.42926 1280.4585 0.019607844 -1388
64 616.42926 1289.638 0.019607844 -1405
65 616.42926 1299.8607 0.019607844 -1423
66 616.42926 1310.9781 0.019607844 -1439
67 616.42926 1321.7644 0.019607844 -1456
68 616.42926 1332.1254 0.019607844 -1472
69 616.42926 1341.1702 0.019607844 -1489
70 616.42926 1356.6445 0.019607844 -1505
71 616.42926 1363.0519 0.019607844 -1538
72 616.42926 1367.7609 0.019607844 -1555
73 616.42926 1372.7849 0.019607844 -1571
74 616.42926 1374.718 0.019607844 -1588
75 616.42926 1376.4513 0.019607844 -1605
76 616.42926 1378.336 0.019607844 -1621
77 616.42926 1378.336 0.019607844 -1638
0 959.11194 852.55597 0.021568628 -153
1 959.11194 852.55597 0.021568628 -153
2 959.11194 852.55597 0.021568628 -176
3 959.11194 852.55597 0.021568628 -193
4 959.11194 852.55597 0.021568628 -209
5 959.11194 852.55597 0.021568628 -226
6 959.11194 852.55597 0.021568628 -242
7 959.11194 852.55597 0.021568628 -259
8 959.11194 852.55597 0.021568628 -292
9 959.11194 852.55597 0.021568628 -325
10 959.11194 852.55597 0.021568628 -352
11 959.11194 852.55597 0.021568628 -391
12 959.11194 852.55597 0.021568628 -401
13 959.11194 852.55597 0.021568628 -441
14 959.11194 852.55597 0.021568628 -474
15 959.11194 852.55597 0.021568628 -490
16 959.11194 852.55597 0.019607844 -507
17 958.52985 851.97363 0.019607844 -523
18 948.98285 848.52344 0.019607844 -540
19 933.7819 846.52374 0.019607844 -573
20 914.9472 844.72314 0.019607844 -589
21 891.3398 844.5601 0.019607844 -606
22 864.26025 843.0982 0.019607844 -623
23 834.7763 840.0388 0.019607844 -639
24 803.4524 836.3389 0.019607844 -656
25 757.2271 830.8427 0.019607844 -672
26 726.60156 828.2279 0.019607844 -689
27 699.1649 824.6121 0.019607844 -705
28 680.58203 824.2919 0.019607844 -722
29 667.1334 822.54047 0.019607844 -738
30 658.3293 820.8072 0.019607844 -755
31 646.61 820.5726 0.019607844 -771
32 643.2442 820.5726 0.021568628 -804
33 640.1445 820.5726 0.021568628 -821
34 636.7135 820.5726 0.021568628 -836
35 632.743 820.5726 0.021568628 -852
36 630.9158 820.5726 0.021568628 -885
37 629.19403 820.5726 0.021568628 -901
38 627.422 820.5726 0.021568628 -918
39 625.65497 822.3374 0.021568628 -935
40 625.4209 824.0956 0.019607844 -952
41 624.17426 825.8177 0.019607844 -968
42 622.38513 829.6451 0.019607844 -984
43 621.66345 833.84863 0.019607844 -1001
44 619.926 839.0629 0.019607844 -1018
45 618.1079 844.5195 0.019607844 -1034
46 616.30316 852.0611 0.019607844 -1051
47 614.5275 864.68085 0.019607844 -1067
48 612.1368 882.02277 0.019607844 -1084
49 608.6354 902.33655 0.019607844 -1100
50 606.2953 928.66626 0.019607844 -1117
51 602.5738 958.3812 0.019607844 -1133
52 599.04407 1003.5917 0.019607844 -1150
53 595.95355 1038.3629 0.019607844 -1166
54 592.9494 1068.7068 0.019607844 -1183
55 589.22296 1103.6244 0.019607844 -1199
56 587.53326 1146.1614 0.019607844 -1216
57 584.7256 1180.846 0.019607844 -1232
58 582.91174 1209.5979 0.019607844 -1249
59 581.08624 1233.8657 0.019607844 -1265
60 579.46344 1275.9182 0.019607844 -1282
61 579.46344 1293.2971 0.019607844 -1315
62 579.46344 1306.8417 0.019607844 -1331
63 579.46344 1316.2338 0.019607844 -1348
64 579.46344 1323.9052 0.019607844 -1364
65 579.46344 1330.0634 0.019607844 -1381
66 579.46344 1335.7775 0.019607844 -1397
67 579.46344 1341.2869 0.019607844 -1414
68 579.46344 1345.9375 0.019607844 -1430
69 579.46344 1349.5153 0.019607844 -1447
70 579.46344 1356.9286 0.019607844 -1463
71 579.46344 1360.587 0.019607844 -1496
72 579.46344 1364.3109 0.019607844 -1513
73 579.46344 1369.9066 0.019607844 -1529
74 579.46344 1371.8461 0.019607844 -1562
75 579.46344 1373.71 0.019607844 -1579
76 579.46344 1374.6467 0.019607844 -1595
77 579.46344 1374.6467 0.019607844 -1611
0 911.1564 848.55804 0.021568628 -198
1 911.1564 848.55804 0.023529414 -198
2 911.1564 848.55804 0.023529414 -211
3 911.1564 848.55804 0.023529414 -228
4 911.1564 848.55804 0.023529414 -244
5 911.1564 848.55804 0.023529414 -278
6 911.1564 848.55804 0.023529414 -322
7 911.1564 848.55804 0.021568628 -425
8 911.1564 848.55804 0.021568628 -435
9 911.1564 848.55804 0.021568628 -491
10 911.1564 848.55804 0.021568628 -508
11 911.1564 848.55804 0.021568628 -524
12 907.668 848.55804 0.019607844 -541
13 902.6673 848.55804 0.019607844 -557
14 897.1797 848.55804 0.019607844 -574
15 889.7754 848.55804 0.019607844 -590
16 879.54297 848.55804 0.019607844 -607
17 832.48 850.557 0.019607844 -623
18 799.21124 850.557 0.019607844 -656
19 767.63995 849.5575 0.019607844 -673
20 734.9239 847.59406 0.019607844 -689
21 690.3521 845.059 0.019607844 -706
22 661.3876 841.56165 0.019607844 -722
23 640.93274 840.2729 0.019607844 -739
24 623.8414 839.5627 0.019607844 -755
25 604.3367 839.5627 0.021568628 -772
26 598.4118 839.5627 0.021568628 -805
27 594.3384 839.5627 0.021568628 -821
28 590.84955 839.5627 0.021568628 -838
29 588.93915 839.5627 0.021568628 -854
30 585.61316 839.5627 0.021568628 -871
31 583.7649 839.5627 0.021568628 -904
32 582.02185 839.5627 0.021568628 -920
33 580.3747 839.5627 0.021568628 -937
34 578.5925 839.5627 0.021568628 -953
35 577.46533 840.21234 0.021568628 -970
36 577.46533 841.9756 0.019607844 -986
37 577.46533 843.73413 0.019607844 -1003
38 577.46533 845.534 0.019607844 -1019
39 573.9833 858.97876 0.019607844 -1036
40 571.4709 882.9334 0.019607844 -1069
41 571.4709 905.6312 0.019607844 -1102
42 571.4709 930.6119 0.019607844 -1118
43 570.00964 959.90094 0.019607844 -1135
44 569.4727 987.39325 0.019607844 -1151
45 568.47363 1014.78595 0.019607844 -1168
46 566.56195 1043.8986 0.019607844 -1184
47 564.74664 1068.9395 0.019607844 -1201
48 562.9641 1092.6359 0.019607844 -1217
49 559.4208 1146.3821 0.019607844 -1234
50 555.7216 1209.41 0.019607844 -1267
51 553.7923 1243.4713 0.019607844 -1300
52 552.48846 1269.8663 0.019607844 -1316
53 551.11456 1292.8285 0.019607844 -1333
54 549.4912 1332.1831 0.019607844 -1349
55 548.4921 1361.4081 0.019607844 -1382
56 548.4921 1372.523 0.019607844 -1415
57 548.4921 1380.241 0.019607844 -1432
58 548.4921 1386.3422 0.019607844 -1448
59 548.4921 1392.8834 0.019607844 -1465
60 548.4921 1402.1642 0.019607844 -1481
61 548.4921 1405.8538 0.019607844 -1514
62 548.4921 1407.928 0.019607844 -1531
63 548.4921 1409.788 0.019607844 -1547
64 548.4921 1411.709 0.019607844 -1564
65 548.4921 1412.2644 0.019607844 -1580
66 548.4921 1412.2644 0.01764706 -1585
0 971.1008 869.5471 0.019607844 -228
1 971.1008 869.5471 0.021568628 -228
2 971.1008 869.5471 0.021568628 -250
3 971.1008 869.5471 0.021568628 -267
4 971.1008 869.5471 0.021568628 -283
5 971.1008 869.5471 0.021568628 -300
6 971.1008 869.5471 0.021568628 -316
7 971.1008 869.5471 0.021568628 -333
8 971.1008 869.5471 0.021568628 -344
9 969.39905 869.5471 0.021568628 -382
10 967.486 869.5471 0.021568628 -432
11 964.02203 869.5471 0.021568628 -449
12 962.27576 869.5471 0.021568628 -482
13 959.01306 869.5471 0.021568628 -498
14 957.13354 869.5471 0.021568628 -531
15 955.11566 869.5471 0.021568628 -548
16 953.01575 869.5471 0.021568628 -581
17 951.2562 869.5471 0.021568628 -597
18 950.502 869.5471 0.021568628 -614
19 950.12024 869.5471 0.021568628 -630
20 947.9951 869.5471 0.021568628 -647
21 946.27765 869.5471 0.021568628 -663
22 944.4853 869.5471 0.021568628 -680
23 941.1301 869.5471 0.019607844 -696
24 938.13354 869.5471 0.019607844 -729
25 933.79724 869.5471 0.019607844 -746
26 927.1416 869.5471 0.019607844 -762
27 915.5852 869.5471 0.019607844 -778
28 904.24994 868.5476 0.019607844 -795
29 890.2839 867.56165 0.019607844 -812
30 856.9688 865.7704 0.019607844 -828
31 786.7473 863.55023 0.019607844 -845
32 745.922 861.3974 0.019607844 -878
33 702.7093 857.77 0.019607844 -894
34 670.8667 855.92004 0.019607844 -911
35 633.2568 852.5403 0.019607844 -927
36 621.0039 851.6529 0.021568628 -960
37 611.1153 851.55646 0.019607844 -977
38 603.8537 851.55646 0.019607844 -993
39 593.88184 850.557 0.019607844 -1010
40 586.983 849.5575 0.021568628 -1043
41 583.32086 849.5575 0.021568628 -1076
42 579.9106 849.5575 0.021568628 -1092
43 577.97943 849.5575 0.021568628 -1109
44 576.369 849.5575 0.021568628 -1125
45 574.6223 849.5575 0.021568628 -1142
46 572.9695 849.5575 0.021568628 -1159
47 571.2306 849.5575 0.021568628 -1175
48 569.4485 849.5575 0.021568628 -1192
49 568.47363 849.5575 0.021568628 -1208
50 568.47363 849.5575 0.019607844 -1225
51 568.47363 851.803 0.019607844 -1241
52 566.42566 856.7033 0.019607844 -1258
53 564.6841 866.8932 0.019607844 -1274
54 562.9375 881.4122 0.019607844 -1291
55 562.4792 898.79663 0.019607844 -1307
56 562.4792 925.08307 0.021568628 -1324
57 563.36005 967.7095 0.019607844 -1340
58 565.1534 1010.35974 0.019607844 -1357
59 566.9559 1050.0326 0.019607844 -1373
60 567.47455 1087.0334 0.019607844 -1390
61 567.47455 1124.013 0.019607844 -1406
62 568.4051 1164.5405 0.019607844 -1423
63 568.47363 1199.0577 0.019607844 -1439
64 569.4727 1241.5604 0.019607844 -1456
65 571.63153 1259.7908 0.019607844 -1489
66 572.5125 1274.6775 0.019607844 -1505
67 574.33154 1292.0968 0.019607844 -1522
68 575.46716 1318.6975 0.019607844 -1538
69 576.84296 1332.9453 0.019607844 -1571
70 577.46533 1343.1023 0.019607844 -1588
71 577.46533 1353.496 0.019607844 -1604
72 577.46533 1364.5336 0.019607844 -1621
73 577.46533 1381.6598 0.019607844 -1637
74 577.46533 1393.1414 0.019607844 -1670
75 577.46533 1402.9651 0.019607844 -1703
76 577.46533 1407.8157 0.019607844 -1736
77 577.46533 1409.7844 0.019607844 -1769
78 577.46533 1411.6797 0.019607844 -1786
79 577.46533 1413.5305 0.01764706 -1802
80 577.46533 1414.2634 0.01764706 -1819
81 577.46533 1414.2634 0.01764706 -1825
0 921.1471 833.56586 0.023529414 -199
1 920.0396 833.56586 0.023529414 -199
2 916.709 833.56586 0.025490198 -209
3 913.2615 833.56586 0.023529414 -242
4 911.53125 833.56586 0.023529414 -275
5 910.65686 833.56586 0.023529414 -292
6 911.1564 833.56586 0.023529414 -300
7 911.1564 833.56586 0.023529414 -339
8 911.1564 833.56586 0.023529414 -358
9 911.1564 833.56586 0.021568628 -374
10 911.1564 833.56586 0.021568628 -406
11 910.4945 833.56586 0.021568628 -456
12 908.66205 833.56586 0.019607844 -490
13 906.8641 833.56586 0.019607844 -506
14 901.6699 833.56586 0.019607844 -523
15 894.25146 834.54944 0.019607844 -540
16 881.71545 834.5653 0.019607844 -556
17 845.9563 836.5643 0.019607844 -573
18 789.69507 837.5637 0.019607844 -606
19 738.26416 836.6528 0.021568628 -639
20 699.8182 836.5643 0.019607844 -655
21 668.60834 835.5648 0.019607844 -672
22 642.89703 834.24347 0.019607844 -688
23 622.148 833.56586 0.019607844 -705
24 607.2 833.56586 0.019607844 -721
25 590.6671 833.56586 0.021568628 -738
26 585.8319 833.56586 0.021568628 -771
27 581.3969 833.56586 0.021568628 -787
28 577.9632 833.56586 0.021568628 -804
29 575.9735 833.56586 0.021568628 -820
30 572.63654 833.56586 0.021568628 -837
31 569.21356 833.56586 0.021568628 -870
32 566.47546 833.56586 0.021568628 -903
33 565.8257 834.21594 0.019607844 -936
34 565.47644 835.99927 0.019607844 -952
35 564.2666 837.77454 0.019607844 -969
36 563.42206 841.6742 0.019607844 -985
37 561.60175 849.07074 0.019607844 -1002
38 560.80316 858.6182 0.019607844 -1018
39 559.48193 889.7782 0.019607844 -1035
40 559.48193 921.3731 0.019607844 -1068
41 557.5677 968.81024 0.019607844 -1084
42 555.75665 1010.0489 0.019607844 -1101
43 555.48566 1042.16 0.019607844 -1117
44 554.13434 1074.7867 0.019607844 -1134
45 554.4866 1107.1296 0.019607844 -1150
46 553.4875 1144.5746 0.019607844 -1167
47 553.4875 1196.5 0.019607844 -1183
48 553.4875 1234.8735 0.019607844 -1200
49 553.4875 1267.9921 0.019607844 -1217
50 553.4875 1322.6763 0.019607844 -1233
51 553.4875 1347.5697 0.019607844 -1266
52 554.4866 1371.773 0.019607844 -1283
53 554.4866 1387.9915 0.019607844 -1299
54 554.4866 1399.297 0.019607844 -1316
55 554.4866 1415.3611 0.019607844 -1332
56 554.4866 1421.8004 0.019607844 -1365
57 554.4866 1427.5293 0.019607844 -1382
58 554.4866 1432.1466 0.019607844 -1398
59 554.4866 1435.789 0.019607844 -1415
60 554.4866 1437.8623 0.019607844 -1431
61 554.4866 1439.7257 0.019607844 -1448
62 554.4866 1441.5504 0.019607844 -1464
63 554.4866 1442.2488 0.019607844 -1481
64 554.4866 1444.3278 0.019607844 -1497
65 554.4866 1445.266 0.01764706 -1514
66 554.4866 1445.266 0.01764706 -1530
0 922.1462 825.57 0.021568628 -214
1 922.1462 825.57 0.023529414 -214
2 922.1462 825.57 0.023529414 -226
3 922.1462 825.57 0.023529414 -242
4 922.1462 825.57 0.023529414 -256
5 922.1462 825.57 0.023529414 -300
6 922.1462 825.57 0.023529414 -341
7 922.1462 825.57 0.023529414 -358
8 922.1462 825.57 0.023529414 -374
9 922.1462 825.57 0.023529414 -391
10 922.1462 825.57 0.023529414 -407
11 922.1462 825.57 0.021568628 -424
12 922.1462 825.57 0.021568628 -457
13 922.1462 825.57 0.021568628 -490
14 922.1462 825.57 0.021568628 -506
15 922.1462 825.57 0.019607844 -523
16 922.1462 825.57 0.019607844 -539
17 922.1462 825.57 0.019607844 -572
18 913.65405 825.57 0.019607844 -589
19 905.38544 826.56946 0.019607844 -622
20 896.0889 826.56946 0.019607844 -638
21 885.6403 827.6589 0.019607844 -655
22 865.76 829.5169 0.019607844 -671
23 842.2778 830.3491 0.019607844 -688
24 781.6434 831.5669 0.019607844 -704
25 748.1562 830.2964 0.019607844 -737
26 715.699 829.56793 0.019607844 -754
27 659.1724 827.569 0.019607844 -770
28 632.50793 827.569 0.019607844 -803
29 622.8809 827.569 0.019607844 -836
30 616.0245 827.569 0.021568628 -853
31 611.2016 827.569 0.021568628 -869
32 607.69183 827.569 0.021568628 -886
33 604.2338 827.569 0.021568628 -902
34 602.5545 827.569 0.021568628 -919
35 600.80273 827.569 0.021568628 -936
36 599.0302 827.569 0.021568628 -952
37 597.37256 827.569 0.021568628 -969
38 595.58356 827.569 0.021568628 -985
39 593.8598 827.569 0.021568628 -1002
40 593.4505 827.569 0.021568628 -1018
41 593.4505 829.6905 0.019607844 -1035
42 593.4505 834.53345 0.019607844 -1051
43 593.4505 854.0672 0.019607844 -1084
44 592.4514 870.8242 0.019607844 -1117
45 591.4936 891.0412 0.019607844 -1134
46 589.6931 919.93396 0.019607844 -1150
47 587.9021 947.36334 0.019607844 -1167
48 586.13947 976.89417 0.019607844 -1183
49 584.35254 1010.49554 0.019607844 -1200
50 580.8259 1091.4299 0.019607844 -1216
51 578.86475 1128.1991 0.019607844 -1249
52 578.4644 1159.5084 0.019607844 -1266
53 577.46533 1186.1666 0.019607844 -1282
54 577.46533 1214.0592 0.019607844 -1299
55 578.4644 1274.1406 0.019607844 -1315
56 578.4644 1297.504 0.019607844 -1348
57 578.4644 1316.1997 0.019607844 -1365
58 578.4644 1331.4381 0.019607844 -1381
59 578.4644 1356.3658 0.019607844 -1398
60 578.4644 1369.1848 0.019607844 -1431
61 578.4644 1381.2922 0.019607844 -1447
62 578.4644 1396.6979 0.019607844 -1464
63 578.4644 1406.4104 0.019607844 -1497
64 578.4644 1408.428 0.019607844 -1530
65 578.4644 1410.2604 0.019607844 -1546
66 577.46533 1412.1543 0.019607844 -1563
67 577.46533 1413.2639 0.019607844 -1579
68 577.46533 1414.2634 0.01764706 -1589
0 935.13416 847.55853 0.021568628 -154
1 935.13416 847.55853 0.023529414 -164
2 935.13416 847.55853 0.023529414 -184
3 935.13416 847.55853 0.023529414 -201
4 935.13416 847.55853 0.023529414 -217
5 935.13416 847.55853 0.023529414 -234
6 935.13416 847.55853 0.023529414 -245
7 935.13416 847.55853 0.023529414 -283
8 935.13416 847.55853 0.023529414 -293
9 935.13416 847.55853 0.023529414 -333
10 935.13416 847.55853 0.023529414 -341
11 935.13416 847.55853 0.023529414 -366
12 935.13416 847.55853 0.021568628 -481
13 935.13416 847.55853 0.021568628 -498
14 935.13416 847.55853 0.021568628 -514
15 935.13416 847.55853 0.021568628 -531
16 935.13416 847.55853 0.021568628 -547
17 935.13416 847.55853 0.021568628 -564
18 935.13416 847.55853 0.019607844 -580
19 923.10315 843.30023 0.019607844 -613
20 890.2624 838.6408 0.019607844 -646
21 841.5318 834.0082 0.019607844 -679
22 816.3832 832.1479 0.019607844 -712
23 790.1518 831.5669 0.019607844 -729
24 759.8416 831.5669 0.019607844 -746
25 720.6414 831.5669 0.019607844 -762
26 688.7409 831.5669 0.019607844 -779
27 665.4634 830.24084 0.019607844 -795
28 650.3138 830.5674 0.019607844 -812
29 637.2522 830.5674 0.019607844 -828
30 626.44604 830.5674 0.019607844 -845
31 617.49896 830.5674 0.019607844 -861
32 611.0029 830.5674 0.019607844 -878
33 600.462 830.5674 0.019607844 -894
34 595.56934 830.5674 0.021568628 -927
35 592.13257 830.5674 0.021568628 -944
36 588.63995 830.5674 0.021568628 -960
37 586.8792 830.5674 0.021568628 -977
38 585.1014 830.5674 0.021568628 -993
39 583.3674 830.5674 0.021568628 -1010
40 581.6344 831.39404 0.021568628 -1026
41 578.313 834.7168 0.019607844 -1043
42 577.46533 837.9094 0.019607844 -1076
43 575.5598 846.003 0.019607844 -1092
44 573.8734 858.9095 0.019607844 -1109
45 571.97034 879.0421 0.019607844 -1125
46 570.2958 907.346 0.019607844 -1142
47 568.452 944.96155 0.019607844 -1158
48 566.67194 997.5634 0.019607844 -1175
49 564.8612 1040.6215 0.019607844 -1191
50 563.0673 1080.4861 0.019607844 -1208
51 562.4792 1126.448 0.019607844 -1224
52 560.4064 1167.1105 0.019607844 -1241
53 559.48193 1228.2443 0.019607844 -1257
54 559.48193 1265.7711 0.019607844 -1274
55 559.48193 1295.011 0.019607844 -1290
56 559.48193 1317.3229 0.019607844 -1307
57 559.48193 1335.0079 0.019607844 -1323
58 560.669 1349.8022 0.019607844 -1340
59 561.5034 1361.4542 0.019607844 -1356
60 561.4801 1369.7646 0.019607844 -1373
61 561.4801 1376.3983 0.019607844 -1389
62 561.4801 1381.9122 0.019607844 -1406
63 561.4801 1388.3661 0.019607844 -1423
64 561.4801 1390.4258 0.019607844 -1456
65 561.4801 1394.1067 0.019607844 -1472
66 561.4801 1395.2733 0.019607844 -1505
67 561.4801 1395.2733 0.019607844 -1538
68 561.4801 1395.2733 0.01764706 -1542
0 957.1138 881.54083 0.021568628 -185
1 957.1138 881.54083 0.023529414 -185
2 955.15894 881.54083 0.023529414 -207
3 951.642 881.54083 0.023529414 -240
4 948.18475 881.54083 0.023529414 -273
5 944.6003 881.54083 0.023529414 -306
6 942.77795 881.54083 0.023529414 -339
7 941.0433 881.54083 0.023529414 -356
8 940.28326 881.54083 0.023529414 -372
9 940.1295 881.54083 0.023529414 -389
10 938.7755 881.54083 0.021568628 -405
11 937.94684 881.54083 0.021568628 -422
12 937.1898 881.54083 0.021568628 -438
13 935.3945 881.54083 0.021568628 -455
14 933.6144 881.54083 0.021568628 -472
15 931.79865 881.54083 0.021568628 -488
16 929.96857 881.54083 0.019607844 -505
17 927.16797 881.54083 0.019607844 -521
18 918.1761 881.54083 0.019607844 -538
19 905.0303 881.54083 0.019607844 -554
20 885.451 880.5414 0.019607844 -571
21 857.2835 879.2968 0.019607844 -587
22 821.7055 876.4041 0.019607844 -604
23 770.16516 871.8229 0.019607844 -620
24 732.0287 868.1819 0.019607844 -637
25 699.41504 866.082 0.019607844 -653
26 673.8475 864.2784 0.019607844 -670
27 658.6408 862.4571 0.019607844 -686
28 647.2795 861.69763 0.019607844 -703
29 638.98517 861.5513 0.021568628 -719
30 633.4618 861.5513 0.021568628 -736
31 625.72437 861.5513 0.021568628 -752
32 622.8092 861.5513 0.021568628 -785
33 619.3316 861.5513 0.021568628 -802
34 617.6004 861.5513 0.021568628 -835
35 614.3443 861.5513 0.021568628 -851
36 612.4208 861.5513 0.021568628 -884
37 611.43384 861.5513 0.021568628 -901
38 611.43384 861.5513 0.019607844 -917
39 610.1326 862.853 0.019607844 -934
40 608.33484 864.6515 0.019607844 -950
41 607.57574 868.1329 0.019607844 -967
42 605.8065 874.0749 0.019607844 -983
43 604.0327 881.1728 0.019607844 -1000
44 602.29034 889.1449 0.019607844 -1016
45 597.7677 918.3461 0.019607844 -1033
46 595.44867 972.0768 0.021568628 -1066
47 594.42316 1012.0544 0.019607844 -1099
48 591.8342 1054.7174 0.019607844 -1115
49 586.153 1128.1931 0.019607844 -1132
50 583.23157 1164.7336 0.019607844 -1165
51 582.4607 1195.7053 0.019607844 -1182
52 581.4616 1262.6791 0.019607844 -1198
53 581.4616 1285.5277 0.019607844 -1231
54 581.4616 1304.9878 0.019607844 -1248
55 583.81647 1318.8121 0.019607844 -1264
56 584.45886 1330.1571 0.019607844 -1281
57 585.4579 1349.3461 0.019607844 -1297
58 585.4579 1366.5555 0.019607844 -1330
59 585.4579 1374.3749 0.019607844 -1363
60 585.4579 1380.4086 0.019607844 -1380
61 585.4579 1385.8988 0.019607844 -1396
62 585.4579 1390.4885 0.019607844 -1413
63 585.4579 1394.2214 0.019607844 -1429
64 585.4579 1397.079 0.019607844 -1446
65 585.4579 1398.9493 0.019607844 -1462
66 585.4579 1400.7395 0.019607844 -1479
67 585.4579 1403.269 0.019607844 -1495
68 585.4579 1403.269 0.019607844 -1528
69 585.4579 1403.269 0.019607844 -1535
0 963.1082 868.5476 0.021568628 -194
1 960.5311 868.5476 0.021568628 -194
2 958.7455 868.5476 0.021568628 -218
3 955.4077 868.5476 0.021568628 -234
4 951.9165 868.5476 0.023529414 -267
5 948.6217 868.5476 0.023529414 -300
6 949.1212 868.5476 0.021568628 -329
7 950.1535 868.5476 0.021568628 -399
8 951.6189 868.5476 0.021568628 -449
9 951.1193 868.5476 0.021568628 -460
10 951.1193 868.5476 0.021568628 -482
11 951.1193 868.5476 0.021568628 -498
12 951.1193 868.5476 0.019607844 -515
13 949.79254 868.5476 0.019607844 -531
14 946.1431 867.54816 0.019607844 -548
15 940.90063 866.54865 0.019607844 -581
16 933.2991 866.54865 0.019607844 -614
17 921.2349 866.54865 0.019607844 -630
18 904.9913 865.3081 0.019607844 -647
19 876.60077 864.5497 0.019607844 -663
20 829.6498 862.6437 0.019607844 -680
21 794.0122 859.1575 0.019607844 -696
22 756.79926 857.0536 0.019607844 -713
23 731.6655 855.2219 0.019607844 -729
24 709.33936 853.38855 0.019607844 -746
25 690.7732 851.5977 0.019607844 -762
26 668.8807 851.55646 0.019607844 -779
27 663.2847 851.55646 0.019607844 -812
28 658.093 851.55646 0.019607844 -828
29 654.6791 851.55646 0.019607844 -845
30 651.2093 851.55646 0.021568628 -861
31 647.6523 851.55646 0.021568628 -878
32 644.696 851.55646 0.021568628 -894
33 641.2964 851.55646 0.021568628 -928
34 639.3871 851.55646 0.021568628 -961
35 637.5987 851.55646 0.021568628 -977
36 635.8281 853.1388 0.019607844 -994
37 634.04694 854.9207 0.019607844 -1010
38 628.70416 882.3915 0.019607844 -1027
39 625.93036 904.38995 0.019607844 -1076
40 624.2026 932.2447 0.019607844 -1093
41 621.3133 964.5008 0.019607844 -1109
42 618.5962 1011.7557 0.019607844 -1126
43 616.8702 1050.3022 0.019607844 -1142
44 614.94586 1093.0946 0.019607844 -1159
45 613.16034 1141.7478 0.019607844 -1175
46 613.432 1183.4478 0.019607844 -1192
47 612.4329 1239.627 0.019607844 -1208
48 612.4329 1313.245 0.019607844 -1225
49 612.4329 1353.1299 0.019607844 -1258
50 612.6721 1366.4852 0.019607844 -1291
51 613.432 1381.0597 0.019607844 -1307
52 613.432 1385.921 0.019607844 -1340
53 613.432 1388.9795 0.019607844 -1357
54 613.432 1392.5295 0.019607844 -1373
55 613.432 1393.5839 0.019607844 -1406
56 614.4311 1394.2738 0.019607844 -1423
57 614.4311 1394.2738 0.019607844 -1439
58 615.4302 1395.2733 0.019607844 -1447
0 954.1166 853.5554 0.023529414 -230
1 951.7778 853.5554 0.023529414 -230
2 949.9946 853.5554 0.023529414 -250
3 948.27606 853.5554 0.023529414 -267
4 946.53815 853.5554 0.023529414 -283
5 944.8095 853.5554 0.023529414 -300
6 943.057 853.5554 0.023529414 -316
7 942.1277 853.5554 0.023529414 -333
8 942.1277 853.5554 0.023529414 -349
9 942.1277 853.5554 0.021568628 -366
10 941.1286 853.5554 0.021568628 -382
11 939.27045 853.5554 0.021568628 -399
12 937.4975 853.5554 0.021568628 -415
13 935.7109 853.5554 0.021568628 -432
14 933.93384 853.5554 0.019607844 -448
15 932.08636 853.5554 0.019607844 -465
16 930.2711 853.5554 0.019607844 -481
17 928.44995 853.5554 0.019607844 -498
18 918.39087 853.5554 0.019607844 -514
19 905.01874 853.5554 0.019607844 -547
20 887.6915 853.5554 0.019607844 -564
21 850.7313 854.5549 0.019607844 -581
22 779.778 853.05566 0.019607844 -597
23 741.5469 851.2005 0.019607844 -630
24 713.5692 849.38446 0.019607844 -647
25 683.775 847.5825 0.019607844 -663
26 651.8965 845.0598 0.019607844 -680
27 642.3334 845.5596 0.019607844 -712
28 635.92395 845.5596 0.021568628 -729
29 630.8912 845.5596 0.021568628 -746
30 626.3148 845.5596 0.021568628 -762
31 622.6496 845.5596 0.021568628 -779
32 620.31805 845.5596 0.021568628 -795
33 618.6004 845.5596 0.021568628 -812
34 616.8621 845.5596 0.021568628 -828
35 615.1229 845.5596 0.021568628 -845
36 613.3298 846.6613 0.021568628 -861
37 609.882 850.6635 0.019607844 -878
38 607.93713 854.55493 0.019607844 -911
39 607.2444 860.132 0.019607844 -927
40 606.4223 870.6437 0.019607844 -944
41 604.67615 895.22906 0.019607844 -960
42 599.74835 950.4237 0.019607844 -977
43 597.33093 983.6919 0.019607844 -1010
44 593.55426 1020.43005 0.019607844 -1026
45 587.96277 1104.296 0.019607844 -1043
46 587.45605 1139.6298 0.019607844 -1076
47 585.4579 1166.633 0.019607844 -1092
48 584.45886 1216.4484 0.019607844 -1109
49 583.4598 1234.9117 0.019607844 -1142
50 582.4607 1249.1926 0.019607844 -1158
51 582.4607 1277.5643 0.019607844 -1175
52 582.4607 1311.6873 0.019607844 -1208
53 582.4607 1334.4626 0.019607844 -1241
54 582.4607 1346.7357 0.019607844 -1274
55 582.4607 1355.1279 0.019607844 -1307
56 582.4607 1358.8844 0.019607844 -1340
57 582.4607 1360.8353 0.019607844 -1373
58 582.4607 1361.291 0.019607844 -1390
59 582.4607 1362.5774 0.019607844 -1423
60 582.4607 1363.2899 0.019607844 -1439
61 582.4607 1363.2899 0.019607844 -1446
0 943.1267 855.5544 0.019607844 -203
1 943.1267 855.5544 0.021568628 -203
2 943.1267 855.5544 0.021568628 -225
3 943.1267 855.5544 0.023529414 -236
4 943.1267 855.5544 0.023529414 -275
5 943.1267 855.5544 0.023529414 -292
6 943.1267 855.5544 0.023529414 -302
7 943.1267 855.5544 0.023529414 -341
8 943.1267 855.5544 0.023529414 -351
9 943.1267 855.5544 0.023529414 -374
10 943.1267 855.5544 0.023529414 -387
11 943.1267 855.5544 0.021568628 -419
12 943.1267 855.5544 0.021568628 -439
13 943.1267 855.5544 0.021568628 -490
14 943.1267 855.5544 0.021568628 -506
15 937.15796 855.5544 0.019607844 -523
16 933.198 854.0861 0.019607844 -556
17 926.0054 854.5549 0.019607844 -572
18 914.4282 854.5549 0.019607844 -589
19 898.7733 853.5554 0.019607844 -605
20 876.45874 852.55597 0.019607844 -622
21 852.4051 850.95636 0.019607844 -638
22 798.26697 846.18506 0.019607844 -655
23 769.3804 842.45447 0.019607844 -688
24 727.32306 837.94415 0.019607844 -704
25 670.01855 829.8968 0.019607844 -721
26 653.28864 827.4461 0.019607844 -754
27 626.97327 823.8299 0.019607844 -770
28 618.4156 822.06885 0.019607844 -803
29 611.3442 821.5721 0.019607844 -820
30 606.3493 821.5721 0.019607844 -836
31 602.94806 821.5721 0.019607844 -853
32 596.29156 821.5721 0.021568628 -869
33 594.506 821.5721 0.021568628 -902
34 592.7822 821.5721 0.021568628 -919
35 591.0483 821.5721 0.021568628 -935
36 589.3251 821.5721 0.021568628 -952
37 587.53876 821.5721 0.021568628 -968
38 586.457 821.5721 0.019607844 -985
39 586.457 823.03577 0.019607844 -1002
40 585.4579 831.3323 0.019607844 -1018
41 583.6465 841.25385 0.019607844 -1051
42 581.9612 853.05566 0.019607844 -1068
43 580.1135 872.03906 0.019607844 -1083
44 578.32355 892.22766 0.019607844 -1101
45 576.5518 920.8073 0.019607844 -1117
46 574.7938 952.63495 0.019607844 -1134
47 574.4681 984.6778 0.019607844 -1150
48 573.469 1043.959 0.019607844 -1167
49 571.4709 1113.3354 0.019607844 -1200
50 570.4718 1144.6199 0.019607844 -1233
51 570.4718 1170.3549 0.019607844 -1249
52 570.4718 1194.3607 0.019607844 -1266
53 570.4718 1217.8965 0.019607844 -1282
54 570.4718 1242.9819 0.019607844 -1299
55 569.751 1261.8362 0.019607844 -1315
56 568.9475 1276.0153 0.019607844 -1332
57 568.47363 1286.3815 0.019607844 -1348
58 568.47363 1294.2457 0.019607844 -1365
59 568.47363 1301.6902 0.019607844 -1381
60 568.47363 1308.0028 0.019607844 -1398
61 568.47363 1313.6394 0.019607844 -1414
62 568.47363 1318.5355 0.019607844 -1431
63 568.47363 1322.1959 0.019607844 -1447
64 568.47363 1325.9213 0.019607844 -1464
65 568.47363 1331.9242 0.019607844 -1480
66 568.47363 1334.0881 0.019607844 -1513
67 568.47363 1335.9132 0.019607844 -1530
68 568.47363 1337.7502 0.019607844 -1546
69 568.47363 1339.6368 0.019607844 -1563
70 568.47363 1341.4683 0.019607844 -1579
71 568.47363 1342.3009 0.019607844 -1596
72 568.47363 1342.3009 0.019607844 -1612
73 568.47363 1343.3003 0.01764706 -1621
0 944.1258 866.54865 0.021568628 -189
1 944.1258 866.54865 0.021568628 -189
2 944.1258 866.54865 0.023529414 -214
3 944.1258 866.54865 0.023529414 -235
4 944.1258 866.54865 0.023529414 -281
5 944.1258 866.54865 0.023529414 -318
6 944.1258 866.54865 0.023529414 -334
7 944.1258 866.54865 0.023529414 -351
8 944.1258 866.54865 0.023529414 -367
9 944.1258 866.54865 0.023529414 -384
10 944.1258 866.54865 0.023529414 -400
11 944.1258 866.54865 0.023529414 -417
12 944.1258 866.54865 0.021568628 -433
13 944.1258 866.54865 0.021568628 -466
14 944.1258 866.54865 0.021568628 -483
15 944.1258 866.54865 0.021568628 -499
16 944.1258 866.54865 0.019607844 -516
17 944.1258 866.54865 0.019607844 -532
18 944.1258 866.54865 0.019607844 -549
19 943.0434 865.4659 0.019607844 -565
20 939.20526 863.58765 0.019607844 -582
21 931.0266 861.7289 0.019607844 -599
22 919.34 860.55176 0.019607844 -615
23 903.5935 859.5523 0.019607844 -632
24 882.03046 858.1236 0.019607844 -648
25 850.64594 856.28534 0.019607844 -665
26 810.434 853.29956 0.019607844 -681
27 760.25366 849.72644 0.019607844 -698
28 714.38336 846.8108 0.019607844 -714
29 634.49774 842.3698 0.019607844 -731
30 620.2867 841.56165 0.019607844 -780
31 609.64716 841.56165 0.019607844 -797
32 602.3482 841.56165 0.021568628 -813
33 596.6118 841.56165 0.021568628 -830
34 593.3293 841.56165 0.021568628 -846
35 589.9089 841.56165 0.021568628 -863
36 587.98303 841.56165 0.021568628 -879
37 584.61505 841.56165 0.021568628 -896
38 582.75665 841.56165 0.021568628 -929
39 580.9971 841.56165 0.021568628 -945
40 579.22375 841.56165 0.021568628 -962
41 577.4568 841.56165 0.019607844 -978
42 577.46533 842.35944 0.019607844 -995
43 577.46533 845.7729 0.019607844 -1011
44 576.46625 853.08856 0.019607844 -1044
45 572.9324 869.2327 0.019607844 -1077
46 571.0059 878.8694 0.019607844 -1110
47 570.4718 890.96814 0.019607844 -1127
48 570.4718 907.8012 0.019607844 -1143
49 569.64935 929.0413 0.019607844 -1160
50 567.84863 952.6361 0.019607844 -1176
51 566.03516 974.7806 0.019607844 -1193
52 562.54675 1017.65875 0.019607844 -1209
53 561.55896 1045.1925 0.019607844 -1242
54 561.4801 1088.433 0.019607844 -1259
55 559.9842 1109.8918 0.019607844 -1291
56 560.481 1129.1423 0.019607844 -1309
57 560.481 1171.504 0.019607844 -1325
58 559.9317 1219.9624 0.019607844 -1358
59 559.48193 1242.0387 0.019607844 -1391
60 558.1925 1262.5402 0.019607844 -1408
61 557.3991 1280.1812 0.019607844 -1424
62 556.48474 1296.1841 0.019607844 -1441
63 556.48474 1311.1113 0.019607844 -1457
64 556.48474 1323.3896 0.019607844 -1474
65 556.48474 1341.832 0.019607844 -1490
66 556.48474 1356.5901 0.019607844 -1523
67 556.48474 1363.0454 0.019607844 -1556
68 556.48474 1368.5919 0.019607844 -1573
69 556.48474 1373.4327 0.019607844 -1589
70 556.48474 1378.1874 0.019607844 -1606
71 556.48474 1381.8844 0.019607844 -1622
72 556.48474 1385.5612 0.019607844 -1639
73 556.48474 1390.1703 0.019607844 -1655
74 556.48474 1392.0446 0.019607844 -1688
75 556.48474 1392.2748 0.019607844 -1705
76 556.48474 1392.2748 0.019607844 -1715
0 960.111 851.55646 0.021568628 -213
1 960.111 851.55646 0.021568628 -213
2 960.111 851.55646 0.021568628 -236
3 960.111 851.55646 0.021568628 -269
4 960.111 851.55646 0.021568628 -285
5 960.111 851.55646 0.023529414 -302
6 960.111 851.55646 0.023529414 -321
7 960.111 851.55646 0.023529414 -351
8 960.111 851.55646 0.023529414 -368
9 960.111 851.55646 0.023529414 -384
10 960.111 851.55646 0.023529414 -417
11 960.111 851.55646 0.021568628 -450
12 961.1101 851.55646 0.021568628 -483
13 961.1101 851.55646 0.021568628 -500
14 961.1101 850.557 0.019607844 -516
15 961.1101 849.2559 0.019607844 -533
16 961.1101 849.5575 0.019607844 -549
17 959.1312 849.5575 0.019607844 -566
18 956.44836 848.55804 0.019607844 -582
19 933.136 848.55804 0.019607844 -599
20 908.5799 848.55804 0.019607844 -632
21 834.79626 845.6959 0.019607844 -648
22 772.57135 841.79626 0.019607844 -681
23 732.57715 840.5622 0.019607844 -698
24 656.77 837.5637 0.019607844 -714
25 641.48706 837.5637 0.019607844 -764
26 631.36316 837.5637 0.021568628 -780
27 624.18854 837.5637 0.021568628 -797
28 620.2423 837.5637 0.021568628 -813
29 616.70245 837.5637 0.021568628 -830
30 614.8461 837.5637 0.021568628 -846
31 613.1487 837.5637 0.021568628 -863
32 611.3338 837.5637 0.021568628 -880
33 609.59106 837.5637 0.021568628 -896
34 608.43665 837.5637 0.021568628 -913
35 608.43665 837.5637 0.019607844 -929
36 608.43665 839.47284 0.019607844 -946
37 608.43665 844.1199 0.019607844 -979
38 608.43665 851.9591 0.019607844 -995
39 608.43665 862.4697 0.019607844 -1012
40 609.72034 881.67444 0.019607844 -1028
41 610.4348 909.5251 0.019607844 -1045
42 612.3675 958.2096 0.019607844 -1061
43 614.20135 1005.95667 0.019607844 -1078
44 615.4302 1047.0225 0.019607844 -1094
45 615.4302 1087.692 0.019607844 -1111
46 617.4484 1168.8348 0.019607844 -1127
47 617.4283 1212.6962 0.019607844 -1160
48 614.79156 1287.278 0.019607844 -1177
49 614.4311 1326.2617 0.019607844 -1210
50 614.4311 1340.0021 0.019607844 -1243
51 614.4311 1346.944 0.019607844 -1259
52 614.4311 1354.5774 0.019607844 -1276
53 614.4311 1360.0579 0.019607844 -1292
54 614.4311 1364.8071 0.019607844 -1309
55 614.4311 1369.4835 0.019607844 -1325
56 614.4311 1373.1672 0.019607844 -1342
57 614.4311 1374.5844 0.019607844 -1358
58 614.4311 1376.4205 0.019607844 -1375
59 614.4311 1378.289 0.019607844 -1391
60 614.4311 1378.2821 0.019607844 -1408
61 614.4311 1378.2821 0.019607844 -1441
62 614.4311 1379.2816 0.01764706 -1444
0 948.12213 846.5591 0.021568628 -228
1 948.12213 846.5591 0.021568628 -228
2 948.12213 846.5591 0.021568628 -259
3 948.12213 846.5591 0.023529414 -292
4 948.12213 846.5591 0.023529414 -325
5 948.12213 846.5591 0.023529414 -341
6 948.12213 846.5591 0.023529414 -371
7 948.12213 846.5591 0.023529414 -391
8 948.12213 846.5591 0.023529414 -457
9 948.12213 846.5591 0.021568628 -490
10 948.12213 846.5591 0.021568628 -506
11 948.12213 846.5591 0.021568628 -523
12 948.12213 846.5591 0.021568628 -539
13 948.12213 846.5591 0.019607844 -556
14 943.7994 846.5591 0.019607844 -572
15 932.86725 846.5591 0.019607844 -605
16 918.1092 847.11884 0.019607844 -622
17 898.67993 848.9658 0.019607844 -638
18 865.9745 851.79095 0.019607844 -655
19 827.40106 853.6318 0.019607844 -672
20 770.51355 853.5554 0.019607844 -688
21 720.58594 851.862 0.019607844 -705
22 680.86957 850.05725 0.019607844 -721
23 652.6358 848.26074 0.019607844 -737
24 614.08875 847.55853 0.019607844 -754
25 596.0971 847.55853 0.021568628 -787
26 589.9126 847.55853 0.021568628 -820
27 582.18567 847.55853 0.021568628 -837
28 578.46436 847.55853 0.021568628 -870
29 577.2131 847.55853 0.021568628 -886
30 575.4706 847.55853 0.021568628 -903
31 572.0148 847.55853 0.021568628 -919
32 570.213 847.55853 0.021568628 -952
33 568.43445 847.55853 0.019607844 -969
34 566.65533 848.37805 0.019607844 -985
35 564.83276 850.8454 0.019607844 -1002
36 563.0753 858.56946 0.019607844 -1018
37 563.4783 893.75275 0.019607844 -1035
38 564.47736 958.05865 0.019607844 -1068
39 564.47736 986.80493 0.019607844 -1101
40 564.47736 1015.44415 0.019607844 -1117
41 564.47736 1073.8914 0.019607844 -1134
42 565.47644 1144.4039 0.019607844 -1167
43 565.47644 1171.112 0.019607844 -1199
44 565.47644 1193.175 0.019607844 -1216
45 565.47644 1214.3381 0.019607844 -1233
46 567.41974 1241.4203 0.019607844 -1249
47 569.2333 1266.225 0.019607844 -1266
48 570.06555 1286.2635 0.019607844 -1282
49 570.4718 1303.1771 0.019607844 -1299
50 571.7444 1317.2303 0.019607844 -1316
51 572.4699 1337.9014 0.019607844 -1332
52 572.4699 1346.3373 0.019607844 -1365
53 572.4699 1352.3005 0.019607844 -1382
54 572.4699 1357.8237 0.019607844 -1398
55 572.4699 1361.9711 0.019607844 -1415
56 572.4699 1365.6896 0.019607844 -1431
57 572.4699 1367.3402 0.019607844 -1448
58 572.4699 1369.18 0.019607844 -1464
59 572.4699 1372.7264 0.019607844 -1481
60 572.4699 1373.2847 0.019607844 -1514
61 572.4699 1374.6403 0.019607844 -1530
62 572.4699 1374.6403 0.019607844 -1547
0 945.1249 851.55646 0.021568628 -168
1 945.1249 851.55646 0.023529414 -196
2 945.1249 851.55646 0.023529414 -231
3 945.1249 851.55646 0.023529414 -250
4 945.1249 851.55646 0.023529414 -267
5 945.1249 851.55646 0.023529414 -275
6 945.1249 851.55646 0.023529414 -312
7 945.1249 851.55646 0.023529414 -333
8 945.1249 851.55646 0.023529414 -350
9 945.1249 851.55646 0.023529414 -393
10 945.1249 851.55646 0.023529414 -416
11 945.1249 851.55646 0.023529414 -432
12 945.1249 851.55646 0.021568628 -449
13 945.1249 851.55646 0.021568628 -465
14 945.1249 851.55646 0.021568628 -482
15 945.1249 851.55646 0.021568628 -498
16 945.1249 851.55646 0.021568628 -515
17 944.32367 851.55646 0.019607844 -531
18 941.9245 851.55646 0.019607844 -548
19 938.31177 851.55646 0.019607844 -565
20 934.7103 851.55646 0.019607844 -581
21 928.8674 851.55646 0.019607844 -598
22 916.5554 851.55646 0.019607844 -614
23 902.5417 851.55646 0.019607844 -631
24 882.247 851.55646 0.019607844 -647
25 854.2825 852.55597 0.019607844 -664
26 785.781 852.55597 0.019607844 -680
27 747.4129 852.55597 0.019607844 -713
28 698.8132 852.55597 0.019607844 -730
29 667.7891 851.55646 0.019607844 -746
30 621.9273 851.55646 0.019607844 -763
31 608.2131 851.55646 0.019607844 -796
32 598.682 851.55646 0.019607844 -812
33 592.32086 851.55646 0.019607844 -829
34 587.0857 851.55646 0.021568628 -845
35 584.2417 851.55646 0.021568628 -862
36 580.4318 851.55646 0.021568628 -878
37 577.7389 851.55646 0.021568628 -895
38 576.03455 851.55646 0.021568628 -911
39 574.30945 851.55646 0.021568628 -928
40 572.4609 851.55646 0.021568628 -944
41 570.7126 851.55646 0.021568628 -961
42 568.97314 851.55646 0.019607844 -978
43 567.04694 852.98376 0.019607844 -994
44 566.47546 854.7446 0.019607844 -1011
45 563.79065 869.3586 0.019607844 -1027
46 563.4783 899.63165 0.019607844 -1060
47 562.4792 923.9228 0.019607844 -1093
48 561.4238 948.2387 0.019607844 -1110
49 558.6221 985.83997 0.019607844 -1126
50 556.12317 1018.0457 0.019607844 -1143
51 553.4329 1048.8907 0.019607844 -1159
52 551.1726 1076.5118 0.019607844 -1176
53 548.4678 1144.0137 0.019607844 -1192
54 548.4921 1209.4869 0.019607844 -1225
55 548.4921 1240.819 0.019607844 -1258
56 549.9217 1269.3707 0.019607844 -1275
57 550.4903 1294.6538 0.019607844 -1291
58 550.4903 1318.2126 0.019607844 -1308
59 552.4995 1339.4131 0.019607844 -1324
60 552.48846 1354.4281 0.019607844 -1341
61 553.4875 1364.8276 0.019607844 -1357
62 553.4875 1371.9841 0.019607844 -1374
63 553.4875 1377.5228 0.019607844 -1391
64 553.4875 1380.7354 0.019607844 -1407
65 553.4875 1383.437 0.019607844 -1424
66 553.4875 1385.2931 0.019607844 -1440
67 553.4875 1387.1475 0.019607844 -1457
68 553.4875 1387.2775 0.019607844 -1473
69 553.4875 1388.2769 0.019607844 -1490
70 555.0643 1389.8544 0.019607844 -1506
71 555.48566 1390.2759 0.019607844 -1523
72 556.48474 1390.2759 0.019607844 -1526
0 944.1258 868.5476 0.021568628 -175
1 944.1258 868.5476 0.023529414 -186
2 944.1258 868.5476 0.023529414 -202
3 944.1258 868.5476 0.023529414 -288
4 944.1258 868.5476 0.023529414 -341
5 944.1258 868.5476 0.023529414 -351
6 944.1258 868.5476 0.023529414 -390
7 944.1258 868.5476 0.023529414 -406
8 944.1258 868.5476 0.021568628 -456
9 944.1258 868.5476 0.021568628 -473
10 944.1258 868.5476 0.021568628 -489
11 944.1258 868.5476 0.021568628 -506
12 944.1258 868.5476 0.019607844 -522
13 944.1258 868.5476 0.019607844 -539
14 942.7726 867.1939 0.019607844 -555
15 938.6992 866.54865 0.019607844 -572
16 925.87103 865.51904 0.019607844 -588
17 906.72626 863.6925 0.019607844 -605
18 879.72205 862.85815 0.019607844 -621
19 847.2856 861.00507 0.019607844 -638
20 806.76373 859.1834 0.019607844 -654
21 758.6214 857.31506 0.019607844 -671
22 700.1465 853.4673 0.019607844 -687
23 659.10077 849.98553 0.019607844 -704
24 628.6776 847.96295 0.019607844 -721
25 596.88947 846.5591 0.019607844 -737
26 581.4331 845.5596 0.021568628 -770
27 577.5324 845.5596 0.021568628 -803
28 573.91327 845.5596 0.021568628 -820
29 570.6795 845.5596 0.021568628 -836
30 568.9366 845.5596 0.021568628 -869
31 567.2266 845.5596 0.021568628 -886
32 565.41284 845.5596 0.021568628 -902
33 564.47736 845.5596 0.021568628 -919
34 564.47736 845.5596 0.021568628 -935
35 564.47736 845.5596 0.019607844 -952
36 564.47736 847.8455 0.019607844 -968
37 564.47736 849.6925 0.019607844 -985
38 563.5403 854.3688 0.019607844 -1001
39 562.4792 860.5698 0.019607844 -1018
40 562.4792 870.5544 0.019607844 -1034
41 562.4792 884.50006 0.019607844 -1051
42 562.4792 906.58704 0.019607844 -1067
43 565.236 981.43604 0.019607844 -1084
44 567.14764 1020.2515 0.019607844 -1117
45 568.97314 1053.4512 0.019607844 -1134
46 569.4727 1082.7968 0.019607844 -1150
47 569.4727 1115.6903 0.019607844 -1167
48 571.4774 1161.5321 0.019607844 -1183
49 571.4709 1192.5015 0.019607844 -1200
50 571.4709 1218.7087 0.019607844 -1216
51 571.4709 1241.1427 0.019607844 -1233
52 571.4709 1262.114 0.019607844 -1249
53 571.4709 1300.2778 0.019607844 -1266
54 571.4709 1318.3447 0.019607844 -1299
55 571.4709 1347.5812 0.019607844 -1315
56 571.4709 1371.9878 0.019607844 -1347
57 570.62085 1388.5306 0.019607844 -1380
58 569.4727 1395.8525 0.019607844 -1413
59 569.4727 1400.6901 0.019607844 -1430
60 569.4727 1403.8234 0.019607844 -1446
61 569.4727 1405.6818 0.019607844 -1463
62 569.4727 1407.5281 0.019607844 -1479
63 569.4727 1409.4043 0.019607844 -1496
64 569.4727 1410.2655 0.019607844 -1512
65 569.4727 1410.2655 0.01764706 -1519
0 967.10455 859.5523 0.019607844 -202
1 967.10455 859.5523 0.019607844 -202
2 967.10455 859.5523 0.021568628 -217
3 967.10455 859.5523 0.021568628 -250
4 967.10455 859.5523 0.021568628 -266
5 967.10455 859.5523 0.021568628 -299
6 967.10455 859.5523 0.021568628 -316
7 967.10455 859.5523 0.021568628 -332
8 967.10455 859.5523 0.021568628 -350
9 967.10455 859.5523 0.021568628 -366
10 967.10455 859.5523 0.021568628 -416
11 967.10455 859.5523 0.021568628 -464
12 967.10455 859.5523 0.021568628 -499
13 967.10455 859.5523 0.021568628 -532
14 967.10455 859.5523 0.019607844 -565
15 961.8983 858.4473 0.019607844 -581
16 951.5146 858.5528 0.019607844 -614
17 942.5248 858.5528 0.019607844 -647
18 929.96844 858.5528 0.019607844 -664
19 913.5401 858.5528 0.019607844 -680
20 893.84894 860.662 0.019607844 -697
21 851.3592 862.341 0.019607844 -713
22 803.76135 864.26697 0.019607844 -730
23 758.0952 866.07947 0.019607844 -746
24 684.5354 868.5476 0.019607844 -763
25 660.70276 869.52094 0.019607844 -796
26 642.47577 869.5471 0.019607844 -812
27 630.34674 869.5471 0.019607844 -829
28 621.3467 869.5471 0.021568628 -845
29 614.32446 869.5471 0.021568628 -862
30 610.9504 869.5471 0.021568628 -878
31 604.4035 869.5471 0.021568628 -895
32 601.4915 869.5471 0.021568628 -928
33 599.80597 869.5471 0.021568628 -944
34 598.0917 869.5471 0.021568628 -961
35 596.3116 869.5471 0.021568628 -978
36 594.59973 869.5471 0.021568628 -994
37 592.89105 869.5471 0.021568628 -1011
38 591.1597 870.83936 0.021568628 -1027
39 589.3543 871.646 0.019607844 -1044
40 587.58167 873.4193 0.019607844 -1060
41 585.7806 875.8978 0.019607844 -1077
42 583.9987 879.46313 0.019607844 -1093
43 582.16486 889.0175 0.019607844 -1110
44 580.37286 900.06976 0.019607844 -1126
45 578.59033 916.1366 0.019607844 -1143
46 577.46533 936.95325 0.019607844 -1159
47 577.46533 963.88873 0.019607844 -1176
48 577.46533 995.8094 0.019607844 -1192
49 576.4314 1029.092 0.019607844 -1209
50 574.6148 1069.652 0.019607844 -1225
51 572.81683 1100.5234 0.019607844 -1242
52 570.9685 1130.4564 0.019607844 -1258
53 568.47363 1184.7192 0.019607844 -1275
54 566.4839 1216.2151 0.019607844 -1308
55 565.6825 1238.0862 0.019607844 -1324
56 565.47644 1272.921 0.019607844 -1341
57 564.15204 1292.5831 0.019607844 -1374
58 564.47736 1308.8326 0.019607844 -1390
59 563.50555 1327.9805 0.019607844 -1407
60 561.6755 1346.343 0.019607844 -1423
61 559.85474 1360.6794 0.019607844 -1440
62 559.48193 1373.0979 0.019607844 -1456
63 559.48193 1384.2781 0.019607844 -1473
64 558.4829 1394.7036 0.019607844 -1490
65 558.4829 1403.6344 0.019607844 -1506
66 558.4829 1411.8497 0.019607844 -1523
67 557.7372 1418.5004 0.019607844 -1539
68 557.4838 1424.0554 0.019607844 -1556
69 557.4838 1428.1383 0.019607844 -1572
70 557.4838 1430.5828 0.019607844 -1589
71 557.4838 1433.4489 0.019607844 -1605
72 556.48474 1436.252 0.019607844 -1622
73 555.48566 1437.2513 0.01764706 -1646
0 950.12024 867.54816 0.019607844 -178
1 950.12024 867.54816 0.021568628 -178
2 950.12024 867.54816 0.021568628 -193
3 950.12024 867.54816 0.023529414 -210
4 950.12024 867.54816 0.023529414 -226
5 950.12024 867.54816 0.023529414 -243
6 950.12024 867.54816 0.023529414 -259
7 950.12024 867.54816 0.023529414 -276
8 950.12024 867.54816 0.023529414 -309
9 950.12024 867.54816 0.023529414 -324
10 950.12024 867.54816 0.023529414 -358
11 950.12024 867.54816 0.023529414 -405
12 950.12024 867.54816 0.021568628 -424
13 950.12024 867.54816 0.021568628 -457
14 950.12024 867.54816 0.019607844 -507
15 950.12024 867.54816 0.019607844 -523
16 950.12024 867.54816 0.019607844 -540
17 948.915 866.3423 0.019607844 -556
18 944.8899 865.5492 0.019607844 -573
19 934.27014 865.5492 0.019607844 -590
20 916.87555 864.5497 0.019607844 -606
21 893.15674 864.5497 0.019607844 -623
22 861.5644 864.0419 0.019607844 -639
23 821.62335 862.17633 0.019607844 -656
24 783.3918 859.0875 0.019607844 -672
25 728.3592 856.4347 0.019607844 -689
26 687.58466 851.79016 0.019607844 -705
27 658.8039 849.8516 0.019607844 -722
28 635.48114 848.01917 0.019607844 -738
29 618.2861 846.2102 0.019607844 -755
30 608.6413 844.5601 0.019607844 -771
31 595.3659 844.5601 0.021568628 -788
32 591.4122 844.5601 0.021568628 -821
33 588.0119 844.5601 0.021568628 -837
34 584.78326 844.5601 0.021568628 -854
35 582.9215 844.5601 0.021568628 -887
36 581.159 844.5601 0.021568628 -903
37 579.38275 844.5601 0.021568628 -920
38 576.46625 845.1402 0.019607844 -936
39 576.46625 847.012 0.019607844 -969
40 576.46625 848.8079 0.019607844 -986
41 576.46625 851.7409 0.019607844 -1002
42 576.46625 860.13226 0.019607844 -1019
43 577.96484 891.0359 0.019607844 -1035
44 579.9202 917.46594 0.019607844 -1068
45 581.655 941.02625 0.019607844 -1085
46 582.4607 967.0244 0.019607844 -1102
47 584.3292 1004.01196 0.019607844 -1118
48 584.45886 1033.086 0.019607844 -1135
49 584.45886 1061.0553 0.019607844 -1151
50 585.88226 1087.3805 0.019607844 -1168
51 585.4579 1114.9435 0.019607844 -1184
52 585.4579 1140.7029 0.019607844 -1201
53 584.4614 1172.351 0.019607844 -1217
54 583.4598 1219.8083 0.019607844 -1234
55 582.4607 1241.1807 0.019607844 -1267
56 582.4607 1260.5479 0.019607844 -1283
57 581.4616 1295.8585 0.019607844 -1300
58 580.4225 1310.6781 0.019607844 -1333
59 579.46344 1332.7512 0.019607844 -1349
60 579.46344 1346.7986 0.019607844 -1382
61 579.46344 1350.2598 0.019607844 -1415
62 579.46344 1353.9117 0.019607844 -1432
63 579.46344 1355.5066 0.019607844 -1448
64 579.46344 1357.3767 0.019607844 -1465
65 579.46344 1359.2848 0.019607844 -1481
66 579.46344 1359.292 0.019607844 -1498
67 579.46344 1360.2915 0.01764706 -1506
0 965.1064 875.54395 0.021568628 -203
1 963.3972 875.54395 0.021568628 -203
2 961.636 875.54395 0.021568628 -217
3 959.83453 875.54395 0.021568628 -234
4 956.61426 875.54395 0.021568628 -250
5 955.4517 875.54395 0.021568628 -281
6 953.6444 875.54395 0.021568628 -300
7 952.9731 875.54395 0.021568628 -316
8 953.1175 875.12225 0.019607844 -333
9 953.1175 873.1174 0.019607844 -465
10 953.1175 873.545 0.019607844 -482
11 952.00354 872.43066 0.019607844 -498
12 950.16077 872.54553 0.019607844 -515
13 947.5753 871.546 0.019607844 -531
14 936.3287 869.0963 0.019607844 -548
15 904.49866 867.4818 0.019607844 -581
16 877.15814 866.40375 0.019607844 -614
17 846.0438 865.5492 0.019607844 -630
18 810.6651 864.5497 0.019607844 -647
19 778.8826 862.9174 0.019607844 -663
20 748.0781 861.5513 0.019607844 -680
21 722.10724 860.2502 0.019607844 -696
22 699.2675 858.46936 0.019607844 -713
23 681.35474 857.55176 0.019607844 -729
24 668.3093 857.55334 0.019607844 -746
25 652.396 857.55334 0.019607844 -762
26 648.81494 857.55334 0.019607844 -795
27 645.16437 857.55334 0.019607844 -812
28 641.5671 857.55334 0.019607844 -828
29 635.9217 857.55334 0.019607844 -845
30 634.1067 857.55334 0.021568628 -878
31 632.3494 857.55334 0.019607844 -895
32 630.5793 857.55334 0.019607844 -911
33 628.7935 857.55334 0.019607844 -928
34 625.20935 858.7644 0.019607844 -944
35 619.8382 870.8978 0.019607844 -977
36 617.92786 880.0416 0.019607844 -1027
37 614.7703 897.8348 0.019607844 -1043
38 612.3704 920.3338 0.019607844 -1060
39 609.54395 949.639 0.019607844 -1076
40 605.843 1003.0238 0.019607844 -1093
41 603.7967 1049.559 0.019607844 -1109
42 601.9698 1095.2502 0.019607844 -1126
43 600.07275 1144.0659 0.019607844 -1142
44 595.9963 1184.1284 0.019607844 -1159
45 592.26874 1221.1008 0.019607844 -1175
46 588.52075 1262.5215 0.019607844 -1192
47 585.8021 1293.7422 0.019607844 -1208
48 583.7452 1317.1718 0.019607844 -1225
49 581.8671 1335.0575 0.019607844 -1241
50 581.4616 1348.0088 0.019607844 -1258
51 581.4616 1365.0747 0.019607844 -1274
52 581.4616 1371.5931 0.019607844 -1307
53 581.4616 1381.7501 0.019607844 -1324
54 581.4616 1386.7777 0.019607844 -1357
55 581.4616 1388.7103 0.019607844 -1389
56 581.4616 1390.6243 0.019607844 -1407
57 582.715 1391.5299 0.019607844 -1423
58 583.4598 1392.2748 0.01764706 -1440
59 585.4579 1394.2738 0.01764706 -1446
0 974.0981 857.55334 0.021568628 -212
1 971.5247 857.55334 0.021568628 -212
2 969.6599 857.55334 0.021568628 -235
3 966.2806 857.55334 0.021568628 -251
4 962.6269 857.55334 0.021568628 -284
5 960.865 857.55334 0.021568628 -317
6 960.111 857.55334 0.021568628 -334
7 960.111 857.55334 0.021568628 -350
8 960.111 857.55334 0.021568628 -367
9 960.111 857.55334 0.021568628 -383
10 960.111 857.55334 0.021568628 -400
11 960.111 857.55334 0.021568628 -416
12 960.111 857.55334 0.021568628 -449
13 960.111 857.55334 0.019607844 -466
14 960.111 857.55334 0.019607844 -482
15 960.111 857.55334 0.019607844 -499
16 959.1063 857.55334 0.019607844 -515
17 957.2698 857.55334 0.019607844 -532
18 954.8815 856.55383 0.019607844 -548
19 948.74036 856.55383 0.019607844 -565
20 916.66895 856.55383 0.019607844 -581
21 886.239 856.55383 0.019607844 -614
22 838.0783 856.55383 0.019607844 -631
23 794.92426 854.6757 0.019607844 -648
24 752.77625 852.82947 0.019607844 -664
25 718.8344 851.0567 0.019607844 -681
26 685.0929 849.18866 0.019607844 -697
27 648.8992 847.55853 0.019607844 -714
28 645.34186 847.55853 0.019607844 -742
29 620.0763 847.55853 0.019607844 -747
30 612.94324 847.55853 0.021568628 -780
31 607.5573 847.55853 0.021568628 -796
32 604.18317 847.55853 0.021568628 -813
33 600.6729 847.55853 0.021568628 -829
34 597.16797 847.55853 0.021568628 -846
35 595.28204 847.55853 0.021568628 -879
36 593.50256 847.55853 0.021568628 -895
37 591.7359 847.55853 0.021568628 -912
38 589.97144 847.55853 0.021568628 -928
39 589.4542 847.55853 0.019607844 -945
40 589.4542 848.55804 0.019607844 -961
41 589.4542 851.3655 0.019607844 -978
42 588.7581 857.34045 0.019607844 -994
43 587.45605 866.143 0.019607844 -1011
44 587.45605 878.13995 0.019607844 -1027
45 589.4542 922.0857 0.019607844 -1044
46 590.4533 965.61176 0.019607844 -1077
47 591.4524 1002.9424 0.019607844 -1094
48 591.4524 1038.9847 0.019607844 -1110
49 591.4524 1077.2457 0.019607844 -1127
50 591.4524 1089.4326 0.019607844 -1143
51 591.4524 1110.4216 0.019607844 -1149
52 588.45514 1277.3347 0.019607844 -1232
53 588.45514 1306.9678 0.019607844 -1232
54 588.45514 1317.8842 0.019607844 -1259
55 588.45514 1326.2856 0.019607844 -1275
56 588.45514 1331.8605 0.019607844 -1292
57 588.45514 1335.7644 0.019607844 -1308
58 588.45514 1339.7573 0.019607844 -1325
59 588.45514 1343.4668 0.019607844 -1358
60 591.4524 1346.2988 0.01764706 -1391
61 591.4524 1346.2988 0.01764706 -1405
0 970.10175 869.5471 0.021568628 -187
1 966.555 869.5471 0.021568628 -187
2 963.0929 869.5471 0.021568628 -211
3 959.54285 869.5471 0.021568628 -244
4 955.9884 869.5471 0.021568628 -276
5 952.5341 869.5471 0.021568628 -310
6 952.1184 869.5471 0.021568628 -343
7 953.83466 868.82965 0.021568628 -376
8 955.11566 866.54865 0.019607844 -409
9 952.93225 864.3643 0.019607844 -442
10 945.0682 864.5497 0.019607844 -475
11 915.1357 862.5507 0.019607844 -508
12 849.31635 859.4525 0.019607844 -541
13 775.2821 853.5554 0.019607844 -574
14 713.766 849.7132 0.019607844 -602
15 669.04535 847.55853 0.019607844 -623
16 647.3059 845.5596 0.019607844 -656
17 636.04956 845.5596 0.019607844 -689
18 628.3573 845.5596 0.021568628 -723
19 621.8255 845.5596 0.021568628 -756
20 618.37555 845.5596 0.021568628 -789
21 614.78595 845.5596 0.021568628 -822
22 612.4329 848.4833 0.019607844 -855
23 611.75684 858.25977 0.019607844 -904
24 609.4357 875.6426 0.019607844 -937
25 606.58105 904.2447 0.019607844 -970
26 605.0694 962.1648 0.019607844 -1003
27 601.33185 1033.5775 0.019607844 -1036
28 601.4431 1117.9406 0.019607844 -1069
29 601.4431 1193.2098 0.019607844 -1102
30 601.4431 1241.5132 0.019607844 -1136
31 601.4431 1270.1423 0.019607844 -1169
32 601.4431 1289.5157 0.019607844 -1202
33 601.4431 1303.9432 0.019607844 -1235
34 601.4431 1307.7001 0.019607844 -1284
35 601.4431 1311.4602 0.019607844 -1301
36 601.4431 1315.9491 0.019607844 -1317
37 601.4431 1318.3134 0.019607844 -1350
38 601.4431 1319.3129 0.019607844 -1383
39 601.4431 1319.3129 0.01764706 -1416
0 972.0999 870.5466 0.021568628 -271
1 967.7179 870.5466 0.021568628 -271
2 964.189 870.5466 0.021568628 -301
3 960.6106 870.5466 0.021568628 -334
4 957.2163 870.5466 0.021568628 -367
5 956.61426 870.5466 0.021568628 -400
6 957.1138 870.5466 0.021568628 -406
7 957.1138 870.5466 0.021568628 -466
8 963.09064 870.5466 0.021568628 -494
9 966.605 868.04785 0.019607844 -532
10 969.10266 866.54865 0.019607844 -563
11 969.10266 864.6157 0.019607844 -599
12 964.70026 862.5507 0.019607844 -630
13 949.27594 862.5507 0.019607844 -663
14 904.1614 858.5527 0.019607844 -696
15 819.1194 854.5549 0.019607844 -729
16 746.35034 848.1161 0.019607844 -762
17 689.82874 843.3659 0.019607844 -795
18 659.09607 840.80585 0.019607844 -828
19 641.54126 840.5622 0.019607844 -861
20 634.59937 840.5622 0.019607844 -894
21 628.9177 840.5622 0.021568628 -928
22 625.47296 840.5622 0.021568628 -960
23 621.9248 840.5622 0.021568628 -994
24 618.37933 840.5622 0.019607844 -1027
25 615.71906 845.6922 0.019607844 -1060
26 612.1421 861.29803 0.019607844 -1093
27 611.43384 881.3592 0.019607844 -1126
28 608.65405 940.8515 0.019607844 -1142
29 604.9492 1016.79236 0.019607844 -1175
30 600.4053 1091.2849 0.019607844 -1208
31 596.9763 1177.1859 0.019607844 -1241
32 592.1231 1245.2803 0.019607844 -1274
33 590.4533 1289.6879 0.019607844 -1307
34 590.4533 1325.704 0.019607844 -1340
35 590.4533 1350.615 0.019607844 -1373
36 590.4533 1365.6547 0.019607844 -1406
37 590.4533 1376.7711 0.019607844 -1439
38 591.2539 1384.8813 0.019607844 -1472
39 595.0094 1389.8364 0.019607844 -1505
40 598.44586 1393.2743 0.01764706 -1538
41 600.44403 1394.2738 0.01764706 -1568
0 958.11285 875.54395 0.021568628 -212
1 958.11285 875.54395 0.021568628 -212
2 958.11285 875.54395 0.023529414 -226
3 958.11285 875.54395 0.023529414 -275
4 958.11285 875.54395 0.023529414 -308
5 958.11285 875.54395 0.023529414 -332
6 958.11285 875.54395 0.023529414 -374
7 958.11285 875.54395 0.023529414 -407
8 958.11285 875.54395 0.023529414 -441
9 958.11285 875.54395 0.023529414 -474
10 958.11285 875.54395 0.023529414 -490
11 958.11285 875.54395 0.023529414 -523
12 958.11285 875.54395 0.023529414 -556
13 958.11285 875.54395 0.021568628 -606
14 958.11285 875.54395 0.021568628 -639
15 958.11285 875.54395 0.019607844 -672
16 954.0983 872.53644 0.019607844 -705
17 942.83777 870.5466 0.019607844 -738
18 913.5357 869.5471 0.019607844 -771
19 832.93005 871.473 0.019607844 -804
20 740.5702 870.5466 0.019607844 -837
21 674.3338 870.5466 0.019607844 -870
22 635.14825 869.5471 0.019607844 -903
23 618.26996 869.5471 0.021568628 -937
24 610.33374 869.5471 0.021568628 -970
25 606.412 869.5471 0.021568628 -1003
26 603.0792 869.5471 0.021568628 -1036
27 600.44403 871.53357 0.021568628 -1069
28 600.44403 876.7096 0.019607844 -1102
29 601.4431 886.09973 0.019607844 -1135
30 606.9737 919.7352 0.019607844 -1168
31 613.432 976.99115 0.019607844 -1201
32 616.5336 1032.0293 0.019607844 -1233
33 620.2226 1103.3632 0.019607844 -1267
34 624.0327 1160.7223 0.019607844 -1300
35 626.42 1199.0598 0.019607844 -1333
36 629.3937 1240.0713 0.019607844 -1366
37 633.07983 1280.9928 0.019607844 -1400
38 636.8396 1311.3225 0.019607844 -1433
39 637.4098 1332.9401 0.019607844 -1466
40 638.4089 1348.8041 0.019607844 -1499
41 638.4089 1357.4806 0.019607844 -1532
42 638.4089 1360.2915 0.019607844 -1565
43 638.4089 1360.2915 0.019607844 -1598
44 638.4089 1360.2915 0.019607844 -1648
45 638.4089 1360.2915 0.019607844 -1650
0 967.10455 873.545 0.021568628 -211
1 965.5841 873.545 0.021568628 -211
2 962.2615 873.545 0.021568628 -225
3 958.78094 873.545 0.021568628 -258
4 958.11285 873.545 0.021568628 -291
5 958.11285 873.545 0.021568628 -321
6 958.11285 873.545 0.021568628 -349
7 958.11285 873.545 0.021568628 -390
8 958.11285 873.545 0.021568628 -423
9 958.11285 873.545 0.021568628 -456
10 958.11285 873.545 0.021568628 -489
11 958.11285 873.545 0.019607844 -522
12 958.11285 872.3715 0.019607844 -555
13 955.39606 870.5466 0.019607844 -588
14 948.13153 870.5466 0.019607844 -621
15 923.02496 870.5466 0.019607844 -654
16 875.11066 870.5466 0.019607844 -687
17 799.5111 866.90576 0.019607844 -720
18 728.54736 864.50397 0.019607844 -753
19 680.8676 860.80145 0.019607844 -786
20 656.112 860.55176 0.019607844 -819
21 643.9515 860.55176 0.019607844 -852
22 636.4107 860.55176 0.019607844 -885
23 632.357 860.55176 0.021568628 -918
24 628.83527 860.55176 0.021568628 -953
25 625.39655 860.55176 0.021568628 -986
26 623.4227 861.18353 0.019607844 -1019
27 623.4227 864.9181 0.019607844 -1052
28 622.5232 875.2453 0.019607844 -1085
29 620.88904 897.821 0.019607844 -1118
30 619.42645 930.77527 0.019607844 -1151
31 620.42554 1011.55084 0.019607844 -1184
32 620.42554 1087.0914 0.019607844 -1217
33 620.42554 1158.4877 0.019607844 -1251
34 620.42554 1241.9186 0.019607844 -1284
35 620.42554 1307.8525 0.019607844 -1317
36 620.42554 1358.5629 0.019607844 -1350
37 621.3291 1391.5103 0.019607844 -1383
38 621.4246 1408.1549 0.019607844 -1416
39 621.4246 1416.045 0.019607844 -1449
40 621.4246 1419.4849 0.019607844 -1482
41 621.4246 1419.2607 0.019607844 -1515
42 621.4246 1419.2607 0.01764706 -1532
43 621.4246 1419.2607 0.01764706 -1565
44 621.4246 1419.2607 0.01764706 -1566
0 963.1082 871.546 0.021568628 -272
1 960.86334 871.546 0.023529414 -272
2 959.09125 871.546 0.023529414 -292
3 957.35986 871.546 0.023529414 -309
4 954.0399 871.546 0.023529414 -325
5 952.6179 871.546 0.023529414 -358
6 953.1175 871.546 0.023529414 -370
7 953.1175 871.546 0.023529414 -474
8 953.1175 871.546 0.021568628 -507
9 954.8793 871.546 0.021568628 -540
10 957.1138 871.546 0.019607844 -573
11 957.1138 871.546 0.019607844 -606
12 957.1138 871.546 0.019607844 -622
13 954.38293 870.5466 0.019607844 -639
14 941.62805 870.5466 0.019607844 -672
15 882.7023 873.52026 0.019607844 -705
16 775.17456 875.54395 0.019607844 -738
17 701.082 875.54395 0.019607844 -771
18 666.8522 875.54395 0.019607844 -804
19 647.2341 875.54395 0.019607844 -837
20 636.56384 875.54395 0.021568628 -870
21 632.70905 875.54395 0.021568628 -903
22 630.15814 875.54395 0.021568628 -920
23 628.0067 875.54395 0.021568628 -936
24 624.56384 875.54395 0.021568628 -953
25 621.14154 875.54395 0.021568628 -986
26 617.4283 875.54395 0.021568628 -1019
27 617.4283 878.6141 0.019607844 -1068
28 617.4283 886.72473 0.019607844 -1101
29 615.4302 897.4284 0.019607844 -1134
30 611.4304 913.54456 0.019607844 -1167
31 610.9473 944.3782 0.019607844 -1200
32 609.4357 989.6547 0.019607844 -1233
33 602.2257 1057.3994 0.019607844 -1266
34 594.8963 1126.1125 0.019607844 -1299
35 589.472 1181.1538 0.019607844 -1332
36 584.74365 1223.9415 0.019607844 -1365
37 583.4598 1255.7355 0.019607844 -1398
38 583.4598 1265.3622 0.019607844 -1431
39 583.4598 1274.43 0.019607844 -1448
40 583.4598 1282.5121 0.019607844 -1464
41 583.4598 1289.9598 0.019607844 -1481
42 583.4598 1305.9071 0.019607844 -1497
43 583.4598 1318.7408 0.019607844 -1530
44 583.4598 1325.8427 0.019607844 -1563
45 583.4598 1331.8062 0.019607844 -1596
46 583.4598 1335.3997 0.019607844 -1629
47 583.4598 1339.1354 0.019607844 -1662
48 583.4598 1341.3014 0.019607844 -1695
49 583.4598 1342.3009 0.019607844 -1713
