0 877.1878 441.7699 0.019607844 -43
1 877.1878 441.7699 0.019607844 -50
2 877.1878 438.8807 0.019607844 -71
3 876.52625 435.1112 0.019607844 -109
4 872.7704 431.35388 0.019607844 -142
5 870.28284 429.3207 0.019607844 -175
6 847.7878 420.02667 0.019607844 -192
7 823.03674 413.9841 0.021568628 -241
8 800.4417 409.18378 0.021568628 -258
9 758.506 403.30728 0.021568628 -274
10 713.1095 398.69772 0.021568628 -307
11 686.29504 396.71698 0.021568628 -340
12 653.9465 395.8908 0.021568628 -357
13 605.0369 395.79385 0.021568628 -373
14 558.4729 394.63983 0.021568628 -406
15 491.42023 386.3908 0.019607844 -439
16 456.41803 382.4879 0.019607844 -472
17 428.86954 380.353 0.019607844 -489
18 404.919 377.53864 0.019607844 -505
19 382.43445 376.80374 0.019607844 -522
20 367.32886 376.80374 0.019607844 -539
21 357.15015 376.80374 0.019607844 -555
22 349.7188 377.78192 0.019607844 -572
23 343.8699 380.0726 0.021568628 -588
24 340.46445 383.0208 0.021568628 -605
25 334.94745 389.36786 0.021568628 -621
26 330.5793 397.61237 0.019607844 -638
27 326.69247 413.30737 0.021568628 -654
28 323.10925 429.43835 0.021568628 -671
29 317.70584 511.23676 0.019607844 -687
30 317.70584 590.6184 0.021568628 -737
31 330.48428 677.3365 0.021568628 -770
32 344.61246 754.5523 0.019607844 -803
33 351.17288 800.69763 0.021568628 -819
34 363.54483 896.9233 0.021568628 -836
35 377.53305 987.6639 0.021568628 -869
36 385.31958 1062.8865 0.019607844 -902
37 384.64386 1089.4409 0.021568628 -935
38 384.16348 1106.0581 0.021568628 -951
39 384.64386 1116.1298 0.021568628 -968
40 384.64386 1129.0809 0.021568628 -984
41 384.64386 1137.5898 0.019607844 -1017
42 384.64386 1144.8374 0.019607844 -1051
43 385.6429 1149.0168 0.019607844 -1084
44 385.6429 1151.6232 0.019607844 -1100
45 384.64386 1153.3993 0.019607844 -1117
46 384.64386 1153.3993 0.019607844 -1124
0 941.1286 475.7522 0.019607844 -18
1 937.2297 457.15195 0.019607844 -18
2 935.3019 450.26904 0.019607844 -42
3 932.6867 446.31784 0.019607844 -58
4 928.93744 442.56705 0.019607844 -75
5 925.2036 438.83173 0.019607844 -91
6 921.392 436.39526 0.019607844 -108
7 915.44196 433.53738 0.019607844 -124
8 899.0789 426.92953 0.019607844 -141
9 880.0896 423.1605 0.019607844 -174
10 860.0249 419.4763 0.021568628 -190
11 819.7489 414.57642 0.021568628 -207
12 792.64575 411.58408 0.021568628 -240
13 734.2262 406.83124 0.021568628 -256
14 702.37256 405.97748 0.021568628 -289
15 673.16907 404.109 0.021568628 -306
16 643.6998 403.78967 0.021568628 -322
17 588.2316 403.78967 0.021568628 -340
18 560.567 403.78967 0.021568628 -373
19 499.62637 401.0467 0.021568628 -389
20 495.54117 400.79126 0.021568628 -422
21 482.5532 421.7803 0.027450982 -424
22 458.5754 424.77875 0.027450982 -451
23 445.58743 413.7845 0.019607844 -451
24 434.5976 405.78864 0.019607844 -469
25 416.61426 394.79437 0.019607844 -469
26 409.62073 415.78345 0.027450982 -487
27 392.63644 413.7845 0.019607844 -532
28 388.24866 406.39648 0.021568628 -532
29 386.474 404.6211 0.021568628 -554
30 384.64722 404.78915 0.021568628 -571
31 382.84558 413.1843 0.019607844 -587
32 381.64664 428.7212 0.021568628 -604
33 380.24326 448.21777 0.019607844 -620
34 378.41418 482.75134 0.021568628 -637
35 376.52844 524.67694 0.021568628 -653
36 374.70755 585.78705 0.019607844 -670
37 377.65033 687.1421 0.019607844 -686
38 383.00818 744.3319 0.019607844 -719
39 383.93732 794.44214 0.021568628 -736
40 390.74573 905.18414 0.021568628 -752
41 395.67123 984.05164 0.019607844 -786
42 399.4276 1032.2343 0.021568628 -802
43 403.18213 1090.6525 0.021568628 -819
44 403.62628 1112.9204 0.021568628 -852
45 401.6281 1131.4601 0.019607844 -867
46 400.62906 1140.8674 0.019607844 -901
47 398.97345 1144.0612 0.019607844 -934
48 397.04584 1147.5753 0.019607844 -951
49 396.63275 1148.4019 0.019607844 -967
50 399.62997 1193.3784 0.023529414 -971
0 954.1166 398.7923 0.019607844 -15
1 953.1761 398.7923 0.019607844 -23
2 948.18256 398.7923 0.019607844 -48
3 939.5294 398.7923 0.019607844 -65
4 915.72986 398.7923 0.021568628 -81
5 872.5028 399.21017 0.021568628 -114
6 817.18774 399.79178 0.021568628 -147
7 785.3746 400.79126 0.021568628 -180
8 740.62177 400.79126 0.021568628 -197
9 703.6707 400.79126 0.021568628 -213
10 637.5415 400.79126 0.021568628 -230
11 610.4348 399.79178 0.021568628 -263
12 596.44775 420.78082 0.027450982 -277
13 553.4875 433.77408 0.027450982 -312
14 534.50507 418.78186 0.019607844 -312
15 524.51434 428.77667 0.027450982 -330
16 507.53006 414.78397 0.019607844 -330
17 497.5393 425.77823 0.027450982 -349
18 489.54672 431.77512 0.027450982 -349
19 465.5689 410.78604 0.019607844 -376
20 430.74368 386.5603 0.019607844 -376
21 426.605 383.8001 0.019607844 -428
22 424.60684 414.78397 0.027450982 -440
23 418.6124 411.78552 0.021568628 -467
24 412.64417 412.7719 0.021568628 -467
25 402.3258 437.1019 0.021568628 -494
26 397.8922 454.09064 0.019607844 -527
27 390.78555 520.4866 0.019607844 -544
28 386.63327 614.263 0.021568628 -577
29 383.19888 659.9215 0.021568628 -610
30 382.6457 707.80945 0.023529414 -626
31 380.79395 748.6872 0.019607844 -643
32 382.66248 830.0042 0.021568628 -659
33 386.40018 889.54285 0.019607844 -676
34 391.09418 985.6998 0.021568628 -692
35 394.63458 1032.962 0.021568628 -725
36 395.63367 1062.1469 0.019607844 -741
37 396.98242 1091.3817 0.021568628 -758
38 398.80634 1110.1781 0.021568628 -775
39 399.62997 1125.0045 0.019607844 -791
40 400.58746 1135.2006 0.019607844 -808
41 400.62906 1141.9803 0.019607844 -824
42 401.38855 1146.9231 0.019607844 -841
43 401.6281 1150.7687 0.019607844 -858
44 401.6281 1151.4003 0.019607844 -874
45 407.62256 1195.3773 0.023529414 -877
0 927.14154 394.79437 0.021568628 -77
1 927.1111 394.79437 0.021568628 -77
2 923.4455 394.79437 0.021568628 -85
3 919.7757 394.79437 0.021568628 -118
4 913.15454 394.79437 0.021568628 -134
5 903.9582 394.79437 0.021568628 -150
6 891.0537 395.79385 0.021568628 -167
7 872.8175 397.93018 0.021568628 -184
8 851.6131 399.84616 0.021568628 -200
9 824.12964 401.66458 0.021568628 -217
10 798.0791 403.4457 0.021568628 -233
11 769.6208 405.33054 0.021568628 -250
12 740.19257 407.17053 0.021568628 -266
13 709.7771 408.9967 0.021568628 -283
14 677.13007 411.93167 0.021568628 -299
15 593.82104 417.44727 0.019607844 -316
16 560.7021 419.29626 0.021568628 -349
17 531.4332 421.11896 0.019607844 -365
18 507.10916 420.78082 0.019607844 -382
19 487.79095 420.78082 0.019607844 -398
20 468.79153 422.55734 0.019607844 -415
21 453.5246 424.3583 0.019607844 -431
22 441.51248 425.77823 0.019607844 -448
23 424.3849 426.8221 0.019607844 -464
24 416.44183 434.946 0.023529414 -497
25 409.08942 446.1982 0.021568628 -514
26 402.00534 458.60043 0.019607844 -530
27 391.40677 487.19254 0.021568628 -547
28 375.87897 567.90674 0.021568628 -564
29 371.65588 682.4908 0.019607844 -597
30 377.1508 752.1083 0.019607844 -630
31 382.3668 814.02783 0.019607844 -646
32 390.9073 897.68634 0.021568628 -663
33 398.4038 964.45184 0.021568628 -679
34 411.46957 1042.3713 0.019607844 -696
35 418.52136 1091.7633 0.021568628 -712
36 423.4151 1121.1624 0.019607844 -729
37 424.60684 1136.4092 0.019607844 -745
38 424.60684 1144.4033 0.019607844 -762
39 424.60684 1149.8135 0.019607844 -778
40 424.60684 1153.6544 0.019607844 -795
41 424.60684 1155.8851 0.019607844 -811
42 424.1137 1157.8905 0.019607844 -828
43 423.6078 1158.3966 0.01764706 -844
44 423.6078 1158.3966 0.01764706 -849
0 952.1184 422.7798 0.019607844 -118
1 936.63275 418.78186 0.019607844 -118
2 917.7758 416.3457 0.021568628 -138
3 892.0075 414.4865 0.021568628 -155
4 861.83044 412.64557 0.021568628 -171
5 831.3953 410.73697 0.021568628 -188
6 784.01086 412.67102 0.021568628 -204
7 744.8938 413.55542 0.021568628 -221
8 708.03625 414.78397 0.021568628 -237
9 668.0982 416.2052 0.021568628 -254
10 629.6402 416.03473 0.021568628 -270
11 556.83527 417.71133 0.021568628 -287
12 518.4828 417.7824 0.021568628 -320
13 492.4202 417.18906 0.021568628 -337
14 475.00064 416.78293 0.021568628 -353
15 462.24515 415.594 0.021568628 -370
16 451.25146 414.78397 0.021568628 -386
17 433.099 414.78397 0.021568628 -403
18 424.68936 414.78397 0.021568628 -434
19 417.5957 414.78397 0.021568628 -452
20 411.32654 414.78397 0.019607844 -469
21 404.95245 416.67386 0.019607844 -485
22 398.79993 421.31906 0.019607844 -502
23 391.5739 430.87085 0.021568628 -518
24 384.26633 445.86795 0.021568628 -535
25 379.20627 471.41022 0.023529414 -551
26 375.6676 503.49023 0.021568628 -568
27 377.65033 578.75714 0.019607844 -584
28 387.56235 691.5369 0.019607844 -601
29 393.6703 752.5764 0.019607844 -634
30 398.9962 832.56335 0.021568628 -650
31 402.70007 904.0607 0.021568628 -667
32 409.4763 1009.45026 0.019607844 -683
33 415.31937 1071.3824 0.019607844 -700
34 420.26572 1116.1399 0.021568628 -716
35 425.102 1162.8457 0.021568628 -733
36 428.06342 1199.7028 0.019607844 -750
37 429.60223 1221.3639 0.021568628 -766
38 430.6013 1235.3566 0.021568628 -777
0 955.11566 419.78134 0.019607844 -24
1 955.11566 419.78134 0.019607844 -58
2 952.4157 418.43082 0.019607844 -77
3 946.20807 416.4778 0.019607844 -94
4 935.9377 416.78293 0.019607844 -111
5 921.46387 416.78293 0.019607844 -127
6 904.43286 416.78293 0.019607844 -144
7 881.83905 416.78293 0.019607844 -160
8 857.6193 418.51944 0.019607844 -177
9 831.79645 418.78186 0.019607844 -193
10 802.38116 420.30612 0.019607844 -210
11 763.28284 422.17184 0.019607844 -227
12 727.4993 422.7798 0.019607844 -243
13 694.2729 422.7798 0.019607844 -260
14 639.0161 423.77927 0.019607844 -276
15 610.6546 423.77927 0.019607844 -309
16 583.76825 424.77875 0.019607844 -326
17 528.3703 424.77875 0.019607844 -343
18 504.63733 424.77875 0.019607844 -376
19 465.6866 424.77875 0.019607844 -392
20 441.90533 424.77875 0.019607844 -421
21 420.89273 424.77875 0.019607844 -438
22 407.42184 424.77875 0.019607844 -454
23 398.57178 424.77875 0.019607844 -471
24 392.64343 424.77875 0.019607844 -488
25 389.28128 424.77875 0.019607844 -504
26 386.68536 424.77875 0.019607844 -521
27 384.86508 424.77875 0.019607844 -537
28 379.83685 430.39874 0.021568628 -554
29 376.21365 438.8664 0.021568628 -587
30 373.60666 452.0963 0.019607844 -603
31 369.94485 488.01563 0.021568628 -620
32 371.1313 562.15564 0.019607844 -636
33 372.65494 614.0276 0.021568628 -669
34 376.78552 666.2815 0.021568628 -686
35 384.83826 719.98694 0.021568628 -702
36 392.4368 801.71716 0.021568628 -719
37 400.0251 874.88684 0.021568628 -735
38 404.71902 938.24066 0.019607844 -752
39 410.12024 994.9817 0.019607844 -768
40 410.6198 1051.0371 0.019607844 -785
41 410.6198 1096.4031 0.021568628 -801
42 409.45187 1142.7988 0.021568628 -818
43 407.51822 1178.4305 0.019607844 -834
44 405.62442 1221.4655 0.021568628 -851
45 405.62442 1233.3605 0.021568628 -884
46 405.62442 1244.1144 0.021568628 -900
47 405.62442 1248.422 0.019607844 -933
48 405.62442 1250.3488 0.019607844 -950
49 412.61795 1293.3264 0.023529414 -958
0 982.09064 413.7845 0.021568628 -69
1 975.35736 411.87228 0.021568628 -69
2 967.9565 410.78604 0.021568628 -84
3 957.43896 409.05203 0.021568628 -101
4 956.1147 408.78708 0.021568628 -117
5 949.1212 407.7876 0.021568628 -119
6 933.136 407.7876 0.021568628 -145
7 885.0877 406.78812 0.021568628 -145
8 855.6902 406.78812 0.021568628 -183
9 833.23755 405.71243 0.021568628 -200
10 805.4583 405.78864 0.021568628 -216
11 767.4115 404.9534 0.021568628 -233
12 737.2306 404.11707 0.021568628 -249
13 707.5476 403.78967 0.021568628 -266
14 649.0062 403.78967 0.021568628 -282
15 614.287 402.7902 0.021568628 -315
16 573.6397 400.94565 0.021568628 -332
17 509.73535 394.79437 0.021568628 -348
18 468.32065 390.6873 0.019607844 -381
19 459.57446 387.798 0.019607844 -414
20 451.58188 417.7824 0.027450982 -422
21 425.60593 441.7699 0.021568628 -513
22 420.48862 433.59113 0.021568628 -513
23 417.74915 430.9115 0.021568628 -530
24 414.2449 432.14648 0.019607844 -546
25 408.53815 441.93695 0.021568628 -563
26 402.66434 456.32983 0.019607844 -579
27 397.10574 494.07764 0.019607844 -596
28 393.5816 534.47705 0.021568628 -612
29 391.6374 600.57495 0.019607844 -629
30 394.17285 716.10565 0.021568628 -646
31 394.43457 810.38324 0.019607844 -679
32 399.50916 914.9512 0.021568628 -712
33 399.89822 1035.4802 0.021568628 -745
34 402.1786 1109.6868 0.021568628 -778
35 402.6272 1131.6969 0.019607844 -811
36 401.07706 1153.2603 0.021568628 -827
37 401.6281 1178.1819 0.021568628 -844
38 399.7693 1186.8241 0.021568628 -877
39 398.6309 1192.6387 0.021568628 -893
40 398.6309 1196.6184 0.019607844 -910
41 397.99185 1208.2896 0.019607844 -926
42 397.63184 1209.3701 0.01764706 -960
43 397.63184 1209.3701 0.01764706 -964
0 961.1101 399.79178 0.021568628 -79
1 958.63544 399.79178 0.021568628 -79
2 946.7452 397.6983 0.021568628 -88
3 935.1388 397.79282 0.021568628 -121
4 927.14154 397.79282 0.021568628 -138
5 918.14984 397.79282 0.021568628 -147
6 898.1684 397.79282 0.021568628 -173
7 876.8316 397.79282 0.021568628 -173
8 851.30536 397.79282 0.021568628 -188
9 821.53986 397.79282 0.021568628 -204
10 781.3348 397.79282 0.021568628 -221
11 744.43787 397.79282 0.021568628 -237
12 714.0134 397.79282 0.021568628 -254
13 685.16095 397.79282 0.021568628 -271
14 657.7246 397.79282 0.021568628 -287
15 630.14325 397.79282 0.021568628 -304
16 566.9165 397.79282 0.021568628 -320
17 545.0084 397.79282 0.021568628 -353
18 523.51526 392.7954 0.019607844 -370
19 509.52823 419.78134 0.027450982 -388
20 490.5458 410.78604 0.021568628 -416
21 481.5541 427.7772 0.027450982 -416
22 466.568 413.7845 0.019607844 -442
23 452.3453 400.5555 0.019607844 -442
24 444.58832 394.29462 0.019607844 -467
25 439.77023 390.24835 0.019607844 -483
26 434.26624 388.7975 0.021568628 -500
27 429.8344 389.71954 0.021568628 -516
28 425.1989 390.79645 0.021568628 -533
29 420.11102 392.29565 0.021568628 -549
30 416.7683 394.21756 0.021568628 -566
31 413.27087 397.13965 0.021568628 -582
32 408.54858 402.89984 0.019607844 -599
33 401.0428 421.74503 0.021568628 -615
34 396.2611 439.63086 0.021568628 -632
35 394.13507 456.2624 0.019607844 -649
36 393.63553 487.18503 0.021568628 -665
37 393.63553 511.16455 0.019607844 -682
38 396.69974 556.58167 0.019607844 -698
39 397.63184 605.43567 0.021568628 -715
40 396.8981 644.02454 0.019607844 -731
41 399.72635 680.9652 0.019607844 -748
42 400.62906 726.1071 0.021568628 -764
43 401.6281 773.8662 0.021568628 -781
44 401.6281 813.2222 0.019607844 -797
45 404.62534 887.6112 0.021568628 -814
46 406.46033 982.5685 0.021568628 -831
47 408.40488 1076.0153 0.019607844 -864
48 410.2976 1112.9377 0.021568628 -897
49 411.61887 1140.2504 0.019607844 -913
50 413.1175 1171.8896 0.021568628 -930
51 414.08978 1188.6932 0.019607844 -946
52 414.6161 1199.5643 0.019607844 -963
53 414.6161 1205.1855 0.019607844 -979
54 414.6161 1210.0334 0.019607844 -996
55 414.6161 1214.0045 0.019607844 -1012
56 414.6161 1218.3654 0.01764706 -1029
57 414.6161 1218.3654 0.01764706 -1051
0 947.12305 385.79904 0.021568628 -117
1 941.99945 383.349 0.019607844 -117
2 917.2191 379.56488 0.019607844 -127
3 898.71515 383.4908 0.021568628 -160
4 879.84534 380.3339 0.019607844 -176
5 840.7608 386.42795 0.021568628 -193
6 784.27966 394.16898 0.021568628 -226
7 727.5688 399.51163 0.021568628 -259
8 663.33276 405.29184 0.021568628 -292
9 626.69 407.24734 0.021568628 -325
10 578.18994 409.02164 0.021568628 -342
11 518.39343 408.78708 0.021568628 -358
12 492.23782 407.7876 0.021568628 -389
13 471.0613 406.46988 0.021568628 -406
14 455.3008 404.62955 0.021568628 -422
15 441.67706 402.8045 0.021568628 -439
16 433.4724 402.7902 0.021568628 -455
17 427.8786 402.7902 0.021568628 -472
18 423.8016 402.7902 0.021568628 -488
19 420.2368 402.7902 0.021568628 -505
20 416.50046 402.7902 0.021568628 -521
21 412.88068 405.5258 0.019607844 -538
22 408.43073 414.35748 0.019607844 -554
23 402.9314 433.5562 0.021568628 -571
24 397.5524 464.59473 0.021568628 -588
25 397.63184 498.1499 0.019607844 -604
26 398.6593 546.42633 0.019607844 -621
27 401.52704 630.82684 0.019607844 -637
28 404.37198 693.50934 0.019607844 -654
29 408.93536 808.9992 0.019607844 -670
30 413.61703 933.8933 0.019607844 -703
31 416.9673 991.0775 0.019607844 -736
32 417.6133 1048.1895 0.019607844 -753
33 418.581 1081.7762 0.019607844 -770
34 419.48602 1107.9161 0.021568628 -786
35 419.61148 1129.9031 0.019607844 -803
36 419.61148 1135.5735 0.019607844 -836
37 419.61148 1141.7328 0.019607844 -852
38 419.61148 1146.608 0.019607844 -885
39 419.61148 1150.639 0.019607844 -918
40 419.61148 1152.3998 0.01764706 -935
41 419.61148 1152.3998 0.01764706 -942
0 945.1249 405.78864 0.019607844 -49
1 945.1249 405.78864 0.019607844 -49
2 942.2115 405.78864 0.019607844 -58
3 926.3507 407.5863 0.019607844 -91
4 888.9005 414.05765 0.019607844 -124
5 860.9006 418.02258 0.019607844 -157
6 831.6461 421.72833 0.019607844 -174
7 798.1754 424.1172 0.019607844 -190
8 765.2602 426.01523 0.019607844 -207
9 714.6082 427.8524 0.019607844 -223
10 672.6561 428.7158 0.019607844 -240
11 635.6507 428.77667 0.019607844 -256
12 603.7757 428.77667 0.019607844 -273
13 575.1813 428.77667 0.019607844 -289
14 547.20605 428.77667 0.019607844 -306
15 520.95856 427.61734 0.019607844 -322
16 498.51462 426.77505 0.019607844 -339
17 472.9322 423.77927 0.019607844 -356
18 456.53485 422.7798 0.019607844 -389
19 448.32343 421.7803 0.019607844 -420
20 442.05637 421.7803 0.021568628 -437
21 436.5097 421.7803 0.019607844 -453
22 432.5003 421.7803 0.019607844 -470
23 428.81503 421.7803 0.019607844 -486
24 425.28732 421.7803 0.019607844 -503
25 421.5343 421.7803 0.019607844 -519
26 417.9513 421.7803 0.019607844 -536
27 414.57907 424.495 0.019607844 -552
28 409.57187 433.92065 0.021568628 -569
29 405.9252 446.21396 0.019607844 -585
30 397.7737 539.3108 0.021568628 -602
31 395.63367 582.38873 0.019607844 -651
32 396.63275 629.29364 0.019607844 -668
33 398.4823 730.78375 0.021568628 -684
34 403.9069 787.50476 0.021568628 -717
35 405.83304 846.318 0.021568628 -734
36 414.29868 987.5144 0.019607844 -750
37 417.45746 1049.5033 0.021568628 -783
38 420.45132 1097.922 0.021568628 -800
39 423.99084 1126.0225 0.019607844 -816
40 424.60684 1155.5806 0.021568628 -833
41 424.60684 1187.0171 0.019607844 -849
42 424.60684 1194.1643 0.019607844 -882
43 424.60684 1198.4886 0.019607844 -899
44 424.60684 1202.5201 0.019607844 -915
45 424.60684 1205.3722 0.01764706 -932
46 424.60684 1205.3722 0.01764706 -944
0 969.10266 410.78604 0.019607844 -59
1 966.10547 409.78656 0.019607844 -59
2 961.1101 408.78708 0.019607844 -66
3 950.12024 408.78708 0.019607844 -91
4 916.6905 408.78708 0.021568628 -91
5 869.26306 409.78656 0.019607844 -125
6 837.4694 409.78656 0.021568628 -158
7 807.42334 411.05417 0.021568628 -174
8 775.0375 412.97577 0.019607844 -191
9 734.42456 413.7806 0.021568628 -207
10 691.8852 413.7845 0.021568628 -224
11 621.2693 414.78397 0.021568628 -240
12 585.54315 414.78397 0.021568628 -273
13 555.6143 413.7845 0.021568628 -290
14 528.9165 413.7845 0.021568628 -306
15 497.24628 412.785 0.021568628 -323
16 463.36044 412.785 0.021568628 -339
17 451.3465 412.785 0.021568628 -372
18 441.87164 412.785 0.021568628 -389
19 425.46698 412.785 0.021568628 -405
20 420.30472 412.785 0.021568628 -438
21 416.63464 412.785 0.019607844 -455
22 412.9649 414.1107 0.019607844 -471
23 410.5046 414.78397 0.019607844 -488
24 405.69733 420.65924 0.019607844 -504
25 398.52206 436.54495 0.021568628 -521
26 393.136 452.26447 0.019607844 -537
27 388.25143 479.15884 0.021568628 -553
28 386.44894 506.63437 0.019607844 -570
29 385.6429 551.7874 0.019607844 -587
30 387.4876 633.751 0.019607844 -603
31 392.17963 690.86707 0.019607844 -620
32 397.44943 738.33746 0.019607844 -636
33 402.615 795.43915 0.019607844 -653
34 406.28854 862.17847 0.019607844 -670
35 411.2021 924.73517 0.019607844 -686
36 413.7685 989.033 0.019607844 -703
37 419.95142 1078.7482 0.021568628 -719
38 424.6575 1136.194 0.021568628 -736
39 428.5942 1180.3003 0.019607844 -752
40 430.6013 1205.3722 0.021568628 -769
41 432.59946 1225.3618 0.019607844 -777
0 950.12024 444.76834 0.019607844 -68
1 950.12024 443.67273 0.019607844 -68
2 943.30255 434.9495 0.019607844 -76
3 943.1267 434.77356 0.019607844 -109
4 939.13043 431.77512 0.019607844 -109
5 902.1647 416.78293 0.021568628 -161
6 882.1245 412.54532 0.021568628 -161
7 854.8352 410.29474 0.021568628 -175
8 827.0079 409.78656 0.021568628 -192
9 763.83295 410.87186 0.021568628 -208
10 723.43085 413.63452 0.019607844 -241
11 653.35004 417.2855 0.019607844 -258
12 616.9537 419.30798 0.019607844 -291
13 587.902 421.15088 0.019607844 -307
14 564.8359 420.78082 0.019607844 -324
15 542.7931 420.78082 0.019607844 -340
16 522.8879 419.89563 0.019607844 -357
17 503.58472 418.08734 0.021568628 -373
18 488.23163 416.24368 0.021568628 -390
19 476.67194 414.78397 0.021568628 -406
20 460.3575 414.78397 0.021568628 -423
21 454.84454 414.78397 0.021568628 -456
22 451.11807 414.78397 0.021568628 -472
23 447.47 414.78397 0.021568628 -489
24 443.86868 414.78397 0.019607844 -505
25 436.84048 415.66104 0.019607844 -522
26 430.39874 422.18558 0.019607844 -555
27 420.1185 452.73413 0.019607844 -588
28 416.49878 477.84912 0.021568628 -621
29 415.61517 505.59482 0.019607844 -637
30 416.61426 554.373 0.019607844 -654
31 416.0843 598.41925 0.021568628 -670
32 415.61517 633.69086 0.019607844 -687
33 415.61517 683.25165 0.019607844 -703
34 414.4944 782.35455 0.019607844 -720
35 416.36353 834.8008 0.019607844 -753
36 416.61426 884.0411 0.019607844 -770
37 418.90216 927.1275 0.019607844 -786
38 421.12115 971.73785 0.021568628 -803
39 423.10825 1006.4757 0.019607844 -819
40 426.03806 1051.1029 0.019607844 -835
41 425.60593 1072.0055 0.019607844 -852
42 425.60593 1102.3147 0.021568628 -869
43 423.3356 1118.5969 0.019607844 -885
44 422.3961 1127.4768 0.019607844 -902
45 420.61053 1133.8639 0.019607844 -918
46 420.61053 1142.5594 0.019607844 -935
47 420.61053 1146.4468 0.019607844 -968
48 420.61053 1150.4928 0.01764706 -984
49 420.61053 1150.4928 0.023529414 -1001
0 961.1101 448.76627 0.019607844 -67
1 958.98376 443.57657 0.019607844 -67
2 954.25494 438.86374 0.019607844 -84
3 936.4665 428.77676 0.019607844 -100
4 920.4536 424.4401 0.019607844 -133
5 899.70575 420.7868 0.019607844 -150
6 874.1767 416.8577 0.021568628 -166
7 844.5358 415.47147 0.019607844 -183
8 812.9009 415.78345 0.021568628 -199
9 767.8433 416.7978 0.019607844 -216
10 727.10126 417.7824 0.019607844 -232
11 688.6477 417.04706 0.021568628 -249
12 655.24164 416.18607 0.019607844 -265
13 622.5442 415.78345 0.021568628 -282
14 592.3717 413.46716 0.021568628 -298
15 562.0776 412.785 0.021568628 -315
16 537.3098 411.77267 0.021568628 -331
17 518.1096 410.78604 0.021568628 -348
18 504.4719 410.78604 0.021568628 -364
19 486.4889 410.78604 0.021568628 -381
20 473.76474 410.78604 0.021568628 -414
21 461.98898 411.43152 0.019607844 -447
22 450.6364 414.09976 0.019607844 -480
23 445.9052 416.01062 0.019607844 -513
24 441.32718 417.87042 0.019607844 -529
25 436.79224 419.71582 0.019607844 -546
26 430.36133 429.2568 0.021568628 -562
27 424.56943 441.84476 0.021568628 -579
28 419.94318 455.10083 0.019607844 -595
29 415.24213 481.29654 0.021568628 -612
30 413.66504 509.35916 0.019607844 -628
31 413.61703 577.02124 0.019607844 -645
32 416.27576 619.5787 0.019607844 -661
33 420.68393 673.4571 0.019607844 -678
34 425.72687 734.444 0.019607844 -694
35 425.84323 794.08685 0.019607844 -711
36 428.60315 852.6782 0.019607844 -727
37 430.60208 948.55554 0.021568628 -744
38 433.50073 1014.04596 0.019607844 -760
39 434.5976 1072.1173 0.019607844 -777
40 435.59668 1116.7769 0.019607844 -793
41 437.3796 1164.654 0.021568628 -810
42 439.37335 1201.5385 0.019607844 -826
43 440.59204 1224.3623 0.019607844 -843
44 441.59113 1238.355 0.019607844 -853
0 949.1212 419.78134 0.019607844 -101
1 943.1267 419.78134 0.019607844 -101
2 916.15173 419.78134 0.019607844 -133
3 892.35284 417.86658 0.019607844 -133
4 862.6778 415.98785 0.021568628 -150
5 833.9665 414.20544 0.021568628 -166
6 800.2888 413.7845 0.021568628 -183
7 766.05695 413.7845 0.021568628 -199
8 732.58624 413.7845 0.021568628 -216
9 696.3685 413.7845 0.021568628 -232
10 613.4321 414.78397 0.019607844 -249
11 578.6158 414.78397 0.021568628 -282
12 551.14746 414.78397 0.021568628 -298
13 527.15106 414.78397 0.021568628 -315
14 510.133 413.7845 0.021568628 -331
15 486.12408 413.7845 0.021568628 -348
16 477.94202 413.7845 0.021568628 -381
17 466.27197 413.7845 0.021568628 -397
18 459.35764 413.7845 0.021568628 -431
19 455.68243 413.7845 0.019607844 -464
20 452.03256 413.7845 0.019607844 -480
21 449.99573 413.7845 0.019607844 -497
22 446.7599 415.19696 0.019607844 -513
23 443.2912 416.932 0.019607844 -530
24 435.0329 441.59152 0.021568628 -546
25 432.59946 494.7423 0.019607844 -579
26 433.05374 534.7247 0.021568628 -612
27 434.85696 567.1178 0.019607844 -629
28 437.8246 639.34674 0.021568628 -645
29 443.4284 699.89825 0.019607844 -662
30 447.34918 762.0857 0.019607844 -679
31 450.89398 823.1778 0.019607844 -695
32 454.5791 881.26465 0.019607844 -712
33 454.5791 935.90454 0.019607844 -728
34 456.76328 985.3283 0.019607844 -745
35 458.67807 1030.621 0.021568628 -761
36 458.5754 1076.0396 0.019607844 -778
37 456.57724 1104.8379 0.021568628 -794
38 456.57724 1122.3555 0.019607844 -811
39 456.57724 1133.3737 0.019607844 -827
40 455.09018 1139.8717 0.019607844 -844
41 453.58002 1148.0879 0.019607844 -860
42 453.58002 1151.4003 0.019607844 -893
43 453.58002 1151.4003 0.019607844 -907
0 961.1101 380.80167 0.019607844 -86
1 958.509 378.5011 0.019607844 -86
2 942.3827 376.84018 0.019607844 -105
3 922.70715 378.92224 0.021568628 -138
4 896.96 384.63025 0.021568628 -154
5 870.2764 390.2188 0.021568628 -171
6 839.3243 394.15704 0.021568628 -188
7 807.1124 397.9857 0.021568628 -204
8 754.8204 403.19135 0.021568628 -221
9 712.84296 406.44022 0.021568628 -237
10 673.48425 407.97284 0.021568628 -254
11 636.2499 409.84183 0.021568628 -271
12 604.1677 410.78604 0.021568628 -287
13 575.94824 410.78604 0.021568628 -304
14 548.665 410.78604 0.021568628 -320
15 522.8123 410.78604 0.021568628 -337
16 493.65424 408.63904 0.021568628 -354
17 485.68478 408.78708 0.021568628 -387
18 477.16473 408.78708 0.021568628 -403
19 470.07562 408.78708 0.021568628 -432
20 465.46393 410.48788 0.019607844 -465
21 460.95154 415.02716 0.019607844 -481
22 455.41583 426.103 0.021568628 -498
23 448.74564 442.86642 0.019607844 -514
24 438.0437 531.4331 0.021568628 -531
25 435.59668 624.111 0.019607844 -564
26 435.59668 685.2142 0.019607844 -597
27 435.59668 737.5277 0.019607844 -614
28 433.43765 791.761 0.019607844 -630
29 434.5976 867.26953 0.019607844 -647
30 435.59668 927.48334 0.019607844 -663
31 436.4115 980.8789 0.021568628 -680
32 439.30872 1025.491 0.021568628 -696
33 439.59296 1059.8975 0.019607844 -713
34 441.19168 1093.4333 0.021568628 -729
35 442.5902 1117.3894 0.019607844 -746
36 442.5902 1132.6451 0.019607844 -763
37 442.5902 1140.7882 0.019607844 -779
38 442.5902 1146.3304 0.019607844 -796
39 442.5902 1150.2549 0.019607844 -812
40 442.5902 1152.8109 0.019607844 -829
41 442.5902 1154.3987 0.01764706 -845
42 446.5865 1209.3701 0.023529414 -850
0 960.111 373.8053 0.019607844 -8
1 960.111 373.8053 0.019607844 -8
2 960.111 373.8053 0.019607844 -27
3 960.111 373.8053 0.019607844 -44
4 960.111 373.8053 0.019607844 -60
5 960.111 373.8053 0.019607844 -77
6 958.48285 374.6197 0.019607844 -93
7 940.12946 377.30347 0.019607844 -110
8 921.2823 381.12823 0.021568628 -142
9 898.4294 387.9483 0.021568628 -160
10 869.00323 393.58102 0.021568628 -176
11 824.1521 400.08945 0.021568628 -193
12 786.7982 405.70966 0.019607844 -209
13 749.83655 409.43365 0.021568628 -226
14 712.28033 412.47253 0.019607844 -242
15 645.9847 416.91714 0.019607844 -259
16 609.1619 417.7824 0.019607844 -292
17 568.8653 418.78186 0.019607844 -308
18 523.83765 418.78186 0.019607844 -325
19 507.28094 417.7824 0.021568628 -358
20 494.60992 417.7824 0.021568628 -375
21 484.3265 417.7824 0.021568628 -391
22 477.92072 417.7824 0.019607844 -408
23 471.61365 417.7824 0.019607844 -424
24 462.28912 417.7824 0.019607844 -441
25 458.68695 417.7824 0.019607844 -474
26 451.82962 417.7824 0.019607844 -490
27 447.91306 417.7824 0.019607844 -522
28 445.274 418.4389 0.019607844 -539
29 440.12445 428.2024 0.021568628 -555
30 434.68024 440.9107 0.019607844 -571
31 430.23804 455.0355 0.019607844 -588
32 424.9077 520.2 0.019607844 -605
33 422.6087 561.0496 0.019607844 -638
34 422.6087 608.7715 0.019607844 -654
35 423.90726 666.1438 0.021568628 -671
36 431.8441 784.7282 0.019607844 -687
37 438.10733 860.0064 0.021568628 -720
38 449.36426 980.7318 0.019607844 -737
39 452.127 1038.1003 0.021568628 -770
40 455.4492 1092.4944 0.021568628 -786
41 456.57724 1126.4928 0.019607844 -803
42 455.5782 1170.2866 0.019607844 -819
43 453.33676 1194.0563 0.019607844 -836
44 450.50876 1230.8035 0.021568628 -852
45 450.5828 1242.5403 0.021568628 -885
46 450.5828 1246.7501 0.019607844 -918
47 450.5828 1249.3492 0.019607844 -935
48 454.5791 1297.3242 0.023529414 -942
0 952.1184 393.7949 0.019607844 -17
1 952.1184 391.79593 0.019607844 -17
2 952.1184 386.79852 0.019607844 -66
3 952.1184 385.63226 0.019607844 -66
4 951.0458 383.7265 0.019607844 -76
5 948.177 382.80063 0.019607844 -92
6 940.71515 380.03653 0.019607844 -109
7 928.7748 378.03665 0.019607844 -125
8 908.6217 381.1149 0.021568628 -142
9 883.9558 381.34976 0.019607844 -158
10 853.30334 387.01718 0.021568628 -175
11 817.4094 392.71655 0.021568628 -191
12 778.53955 396.24503 0.021568628 -208
13 728.5822 399.83423 0.021568628 -224
14 680.7359 402.68738 0.021568628 -241
15 642.66846 404.5524 0.021568628 -257
16 611.7764 405.39243 0.021568628 -274
17 583.69507 406.78812 0.021568628 -290
18 555.5308 408.11774 0.021568628 -307
19 537.1455 407.7876 0.021568628 -323
20 521.3836 407.7876 0.021568628 -340
21 509.27902 407.7876 0.021568628 -356
22 498.61206 407.7876 0.021568628 -373
23 489.3257 407.7876 0.021568628 -389
24 470.12845 409.78656 0.019607844 -406
25 455.47818 422.97986 0.021568628 -456
26 444.47623 450.10223 0.019607844 -505
27 436.63364 500.37897 0.021568628 -538
28 435.59668 598.4182 0.021568628 -571
29 439.8095 688.8435 0.019607844 -604
30 443.9322 748.90063 0.019607844 -637
31 445.7308 820.1559 0.021568628 -654
32 446.52957 908.5333 0.021568628 -670
33 450.1142 968.46 0.021568628 -687
34 450.9273 1025.8104 0.021568628 -703
35 450.5828 1081.1644 0.021568628 -720
36 452.58093 1125.7396 0.019607844 -736
37 452.58093 1164.0162 0.021568628 -753
38 452.58093 1187.7128 0.019607844 -770
39 452.58093 1216.1023 0.021568628 -786
40 452.58093 1224.9767 0.021568628 -819
41 452.58093 1230.4612 0.021568628 -836
42 452.58093 1234.5468 0.019607844 -852
43 452.58093 1235.3566 0.019607844 -869
44 457.57632 1276.3352 0.023529414 -872
0 961.1101 402.7902 0.019607844 -61
1 957.0369 402.7902 0.021568628 -61
2 950.42847 402.7902 0.021568628 -77
3 940.5319 402.7902 0.021568628 -93
4 925.1553 403.48865 0.021568628 -110
5 878.0451 406.99747 0.021568628 -126
6 840.69824 409.09378 0.021568628 -159
7 802.25446 411.97604 0.019607844 -176
8 739.73444 417.9404 0.019607844 -192
9 691.81146 421.5918 0.019607844 -209
10 646.34326 425.3214 0.019607844 -225
11 569.2298 429.2642 0.019607844 -242
12 518.91895 428.77667 0.019607844 -275
13 494.7519 428.77667 0.019607844 -308
14 482.5409 428.77667 0.019607844 -325
15 475.2175 428.77667 0.019607844 -341
16 468.77908 428.77667 0.019607844 -358
17 463.09012 428.77667 0.019607844 -374
18 462.5717 428.77667 0.019607844 -391
19 459.57446 450.76523 0.027450982 -395
20 455.5782 446.7673 0.019607844 -422
21 448.05588 446.53204 0.021568628 -422
22 443.37234 451.72092 0.021568628 -457
23 433.77765 480.57965 0.021568628 -473
24 429.2464 508.22852 0.019607844 -506
25 424.53946 549.06287 0.019607844 -523
26 423.6078 664.7448 0.021568628 -539
27 423.208 723.419 0.021568628 -572
28 423.6078 779.343 0.021568628 -589
29 425.83646 834.71814 0.021568628 -605
30 427.81934 894.21356 0.021568628 -622
31 429.7651 973.50275 0.019607844 -638
32 431.69482 1029.773 0.021568628 -655
33 432.66602 1080.3022 0.021568628 -671
34 432.59946 1120.1361 0.019607844 -688
35 432.59946 1182.8099 0.019607844 -705
36 432.59946 1199.1727 0.019607844 -738
37 433.55753 1214.9159 0.019607844 -754
38 434.53378 1229.9122 0.021568628 -771
39 434.5976 1239.2311 0.021568628 -787
40 434.5976 1246.265 0.019607844 -804
41 434.5976 1252.3875 0.019607844 -820
42 434.5976 1255.3462 0.019607844 -837
43 438.5939 1304.3207 0.023529414 -845
0 943.1267 406.78812 0.019607844 0
1 936.79236 406.78812 0.019607844 0
2 917.0627 406.78812 0.021568628 -67
3 880.26404 410.02985 0.019607844 -100
4 814.0597 417.1182 0.019607844 -133
5 751.6659 419.87225 0.019607844 -166
6 701.14087 422.71808 0.019607844 -182
7 655.067 423.77927 0.019607844 -199
8 612.18585 423.16013 0.019607844 -215
9 570.641 421.28827 0.019607844 -232
10 533.8521 419.43134 0.019607844 -248
11 504.5891 417.58627 0.021568628 -265
12 482.29733 414.76263 0.021568628 -282
13 468.6029 414.78397 0.021568628 -298
14 459.99594 414.78397 0.021568628 -315
15 454.05966 414.78397 0.021568628 -331
16 449.8815 414.78397 0.021568628 -348
17 441.8609 415.6485 0.019607844 -364
18 437.93192 417.6138 0.019607844 -397
19 421.9958 478.12518 0.021568628 -414
20 419.13583 529.1515 0.021568628 -463
21 418.6124 605.2023 0.019607844 -480
22 417.7843 671.345 0.021568628 -496
23 419.44595 807.1204 0.019607844 -513
24 424.10403 875.4256 0.019607844 -546
25 424.60684 936.859 0.019607844 -562
26 427.97324 995.45874 0.019607844 -579
27 429.98605 1048.6741 0.019607844 -595
28 430.89975 1091.4974 0.021568628 -612
29 430.6013 1115.6747 0.019607844 -629
30 430.6013 1129.8218 0.019607844 -645
31 428.4223 1138.1312 0.019607844 -662
32 428.60315 1144.7595 0.019607844 -678
33 428.60315 1148.5472 0.019607844 -695
34 428.60315 1150.4425 0.019607844 -711
35 428.60315 1152.3945 0.019607844 -728
36 428.60315 1155.3746 0.019607844 -744
37 428.60315 1155.3982 0.01764706 -761
38 428.60315 1155.3982 0.01764706 -761
0 962.1092 406.78812 0.021568628 -76
1 962.1092 406.78812 0.021568628 -76
2 960.2658 405.86606 0.021568628 -92
3 953.8266 405.78864 0.021568628 -109
4 927.68555 404.78915 0.021568628 -125
5 904.49884 405.30148 0.021568628 -158
6 877.568 407.16254 0.021568628 -175
7 845.54034 409.06204 0.021568628 -191
8 810.8031 412.04288 0.019607844 -208
9 758.8824 415.75003 0.019607844 -224
10 711.5538 418.61993 0.019607844 -241
11 672.6455 420.45108 0.019607844 -257
12 634.9121 420.78082 0.019607844 -274
13 598.78735 420.78082 0.019607844 -290
14 562.6413 420.78082 0.019607844 -307
15 533.4056 418.70853 0.021568628 -323
16 503.90234 416.88065 0.021568628 -340
17 487.4012 416.78293 0.021568628 -356
18 476.75754 416.78293 0.021568628 -373
19 464.4675 416.78293 0.019607844 -389
20 460.49783 416.78293 0.019607844 -422
21 453.2869 416.78293 0.019607844 -439
22 449.50595 418.32104 0.019607844 -472
23 443.13196 426.9642 0.021568628 -488
24 438.00452 441.5398 0.019607844 -505
25 429.14584 509.14212 0.021568628 -521
26 428.8544 572.65405 0.019607844 -554
27 431.19986 618.0611 0.019607844 -571
28 437.9617 718.6652 0.021568628 -587
29 439.9135 777.7287 0.021568628 -620
30 442.69604 828.0519 0.021568628 -637
31 443.58926 893.25977 0.019607844 -653
32 443.44388 933.0402 0.019607844 -670
33 441.59113 974.92725 0.021568628 -686
34 439.91125 1010.7834 0.019607844 -703
35 437.36218 1044.3188 0.021568628 -719
36 435.59668 1067.4471 0.019607844 -736
37 434.07797 1094.1914 0.021568628 -752
38 433.5985 1115.6971 0.019607844 -769
39 433.5985 1131.0684 0.019607844 -785
40 432.18088 1141.5004 0.019607844 -802
41 431.60037 1146.4028 0.019607844 -818
42 431.60037 1148.4019 0.019607844 -831
0 933.136 405.78864 0.021568628 -77
1 919.3247 404.78915 0.021568628 -77
2 888.4347 404.78915 0.021568628 -110
3 863.9306 404.78915 0.021568628 -143
4 839.2414 406.2485 0.021568628 -159
5 808.59705 405.78864 0.021568628 -176
6 776.87286 409.18777 0.021568628 -192
7 735.22516 412.9065 0.019607844 -209
8 698.95264 416.5094 0.019607844 -225
9 637.52814 423.65506 0.019607844 -242
10 601.9427 426.27795 0.019607844 -275
11 572.72327 428.05624 0.019607844 -291
12 572.72327 428.05624 0.027450982 -308
13 523.51526 450.76523 0.019607844 -332
14 504.53284 472.75375 0.027450982 -332
15 487.54858 463.75845 0.019607844 -341
16 472.56244 456.7621 0.019607844 -359
17 437.98798 443.73846 0.019607844 -359
18 427.8019 440.05 0.019607844 -391
19 427.8019 440.05 0.027450982 -407
20 416.61426 460.76 0.019607844 -431
21 411.01395 455.7626 0.019607844 -431
22 404.62537 455.7626 0.021568628 -457
23 400.88882 459.87042 0.019607844 -489
24 394.56393 492.73386 0.019607844 -506
25 393.69708 546.1752 0.021568628 -539
26 401.35693 640.85754 0.019607844 -556
27 408.84207 751.9032 0.019607844 -589
28 413.08496 837.4452 0.021568628 -622
29 416.95135 903.7715 0.021568628 -639
30 421.79337 988.33594 0.019607844 -655
31 423.6634 1048.9565 0.019607844 -672
32 425.63052 1097.9943 0.019607844 -688
33 427.6058 1128.4332 0.019607844 -705
34 429.54663 1164.5029 0.021568628 -721
35 430.6013 1200.0358 0.019607844 -738
36 430.6013 1207.9155 0.019607844 -771
37 430.6013 1213.0984 0.019607844 -787
38 430.6013 1217.0876 0.019607844 -804
39 430.6013 1219.2659 0.01764706 -820
40 430.6013 1219.3649 0.01764706 -837
41 430.6013 1219.3649 0.01764706 -838
0 954.1166 380.80167 0.021568628 -101
1 939.1716 381.88876 0.019607844 -101
2 890.7794 392.47473 0.021568628 -114
3 855.285 396.49033 0.021568628 -147
4 820.2711 399.0011 0.021568628 -164
5 772.1487 402.9904 0.021568628 -180
6 726.8827 405.6822 0.021568628 -197
7 682.4003 407.53638 0.021568628 -213
8 641.6894 408.78708 0.021568628 -230
9 602.79816 408.3324 0.021568628 -246
10 542.4651 404.63287 0.021568628 -263
11 523.7586 402.81454 0.021568628 -296
12 516.5217 401.7907 0.021568628 -312
13 508.52914 424.77875 0.027450982 -322
14 501.5356 419.78134 0.021568628 -348
15 497.5393 433.77408 0.027450982 -348
16 491.54486 426.7777 0.021568628 -375
17 483.45782 418.68738 0.021568628 -375
18 479.8644 416.93723 0.021568628 -411
19 476.22397 415.11624 0.021568628 -428
20 472.57318 413.2901 0.021568628 -444
21 468.5394 409.7598 0.021568628 -461
22 466.57483 409.78656 0.021568628 -494
23 464.75272 409.78656 0.021568628 -511
24 462.93848 410.4191 0.019607844 -527
25 457.382 419.36508 0.021568628 -544
26 450.6357 459.7012 0.019607844 -577
27 448.79016 490.24777 0.021568628 -610
28 446.95355 521.9105 0.019607844 -626
29 445.58743 564.80707 0.019607844 -643
30 445.58743 607.2954 0.021568628 -659
31 446.75513 653.3856 0.021568628 -676
32 446.5865 718.765 0.019607844 -692
33 445.1068 776.84894 0.019607844 -709
34 445.27084 840.73895 0.021568628 -725
35 445.58743 901.53046 0.021568628 -742
36 445.58743 949.06335 0.019607844 -758
37 446.5865 1054.8176 0.019607844 -775
38 446.5865 1112.7242 0.019607844 -808
39 446.5865 1153.9336 0.021568628 -824
40 446.5865 1176.6438 0.019607844 -841
41 446.5865 1200.6814 0.019607844 -858
42 446.5865 1208.3217 0.019607844 -891
43 445.58743 1211.369 0.01764706 -907
44 445.58743 1211.369 0.01764706 -915
0 970.10175 373.8053 0.019607844 -82
1 940.53784 384.99658 0.021568628 -82
2 918.44916 390.97147 0.021568628 -131
3 892.6825 396.6129 0.021568628 -148
4 863.37537 402.26135 0.021568628 -164
5 830.03046 406.47726 0.021568628 -181
6 790.77527 410.3355 0.019607844 -197
7 731.2849 414.00266 0.019607844 -214
8 682.93976 416.7225 0.019607844 -230
9 642.53186 417.7824 0.019607844 -247
10 603.80853 418.78186 0.019607844 -263
11 568.1928 418.78186 0.019607844 -280
12 539.91046 418.5059 0.021568628 -297
13 496.01266 414.9177 0.021568628 -313
14 481.656 414.78397 0.021568628 -346
15 467.29214 414.78397 0.021568628 -363
16 458.53613 414.78397 0.021568628 -396
17 454.55 414.78397 0.019607844 -429
18 450.91943 414.78397 0.019607844 -445
19 447.962 414.78397 0.019607844 -462
20 445.61963 415.2676 0.019607844 -478
21 440.614 423.73532 0.021568628 -495
22 435.11188 440.38815 0.019607844 -511
23 427.9001 516.7311 0.019607844 -528
24 428.2097 558.01434 0.019607844 -561
25 433.7102 652.4491 0.021568628 -577
26 437.73874 716.52484 0.021568628 -610
27 441.58997 800.54694 0.021568628 -627
28 444.20175 860.0694 0.021568628 -644
29 443.58926 917.433 0.021568628 -660
30 445.7995 970.8602 0.021568628 -677
31 446.5865 1021.04425 0.021568628 -693
32 445.1787 1063.0378 0.019607844 -710
33 443.23587 1113.9088 0.019607844 -726
34 442.5902 1147.7539 0.021568628 -743
35 441.59113 1179.9448 0.019607844 -759
36 441.59113 1187.3816 0.019607844 -776
37 441.59113 1196.3768 0.019607844 -782
0 959.11194 388.7975 0.021568628 -50
1 952.2591 390.76126 0.021568628 -50
2 943.0687 393.48108 0.021568628 -66
3 913.8308 400.3238 0.021568628 -82
4 870.832 407.15128 0.021568628 -115
5 838.1256 409.1268 0.021568628 -148
6 794.6331 412.14157 0.021568628 -165
7 755.87225 414.80432 0.021568628 -181
8 718.9249 416.65347 0.021568628 -198
9 681.7827 417.7824 0.019607844 -215
10 643.08356 418.78186 0.019607844 -231
11 608.2877 418.36157 0.019607844 -248
12 578.5895 416.47842 0.021568628 -264
13 533.03253 413.937 0.021568628 -281
14 517.6458 413.7845 0.021568628 -314
15 506.4505 413.7845 0.021568628 -330
16 492.18997 413.7845 0.021568628 -347
17 480.7259 413.7845 0.021568628 -380
18 472.36 413.7845 0.021568628 -413
19 468.72385 413.7845 0.019607844 -446
20 465.22708 414.95496 0.019607844 -462
21 458.7416 428.40256 0.021568628 -478
22 453.2863 447.41367 0.019607844 -494
23 447.3932 480.07938 0.021568628 -511
24 445.19656 509.99414 0.019607844 -527
25 444.58835 554.0987 0.019607844 -544
26 450.1303 672.08276 0.021568628 -560
27 454.57114 734.81335 0.021568628 -593
28 457.88873 795.99396 0.021568628 -610
29 463.6502 857.5076 0.019607844 -626
30 467.45145 923.32025 0.019607844 -643
31 472.80716 976.385 0.021568628 -659
32 471.56335 1025.8733 0.021568628 -676
33 473.735 1063.224 0.019607844 -692
34 474.5606 1113.1554 0.019607844 -709
35 473.56152 1133.0599 0.019607844 -725
36 472.697 1142.866 0.019607844 -742
37 471.8011 1148.6879 0.019607844 -758
38 471.56335 1152.8436 0.019607844 -775
39 471.56335 1156.0768 0.019607844 -791
40 470.5643 1157.3972 0.01764706 -808
41 470.5643 1157.3972 0.01764706 -819
0 963.1082 424.77875 0.019607844 -68
1 959.7567 424.77875 0.019607844 -68
2 934.1109 425.58075 0.019607844 -76
3 887.59424 428.43713 0.019607844 -109
4 825.7355 431.2754 0.019607844 -142
5 788.0456 431.77512 0.019607844 -175
6 751.97473 440.06946 0.021568628 -192
7 710.40326 441.49014 0.019607844 -208
8 653.203 438.8003 0.019607844 -225
9 609.1761 441.28018 0.021568628 -241
10 566.5713 442.22708 0.019607844 -258
11 501.67593 442.27426 0.021568628 -274
12 474.90405 438.5502 0.019607844 -307
13 459.9558 436.6842 0.019607844 -324
14 450.0938 434.8756 0.019607844 -340
15 443.44785 433.77408 0.019607844 -357
16 439.59296 433.77408 0.019607844 -373
17 434.92746 433.77408 0.019607844 -390
18 430.6013 433.77408 0.019607844 -406
19 428.60315 475.7522 0.027450982 -430
20 425.60593 473.75323 0.021568628 -457
21 422.8905 473.75323 0.021568628 -457
22 419.5725 478.90652 0.019607844 -473
23 416.5912 530.25494 0.021568628 -489
24 430.32224 663.7397 0.021568628 -522
25 436.88852 728.3696 0.021568628 -555
26 446.15158 789.1927 0.021568628 -571
27 451.77313 852.853 0.021568628 -588
28 458.9486 908.86676 0.021568628 -605
29 463.0781 958.23175 0.021568628 -621
30 462.5717 1000.6903 0.019607844 -638
31 459.5775 1035.4377 0.021568628 -654
32 458.5754 1053.2792 0.021568628 -671
33 457.57632 1065.2377 0.019607844 -687
34 456.57724 1072.4147 0.019607844 -704
35 456.57724 1077.5328 0.019607844 -720
36 456.57724 1081.3591 0.019607844 -737
37 456.57724 1084.97 0.019607844 -753
38 456.57724 1084.97 0.019607844 -770
0 965.1064 411.78552 0.019607844 -51
1 960.96124 411.78552 0.019607844 -51
2 954.20624 411.78552 0.019607844 -68
3 943.0732 413.64935 0.019607844 -84
4 927.5634 415.54135 0.019607844 -101
5 906.4481 417.42532 0.019607844 -117
6 880.7187 420.77628 0.019607844 -134
7 811.3974 425.00964 0.019607844 -150
8 762.36237 428.01535 0.019607844 -183
9 718.85754 428.77667 0.019607844 -200
10 676.9339 429.6067 0.019607844 -216
11 637.91943 430.77563 0.019607844 -233
12 576.1548 430.77563 0.019607844 -249
13 555.26025 429.77615 0.019607844 -282
14 538.7694 428.77667 0.019607844 -299
15 519.6153 428.77667 0.019607844 -315
16 513.5356 428.77667 0.019607844 -348
17 504.55774 428.77667 0.019607844 -365
18 501.11365 428.77667 0.019607844 -398
19 496.50635 428.77667 0.019607844 -414
20 492.04556 431.27423 0.019607844 -431
21 486.00076 439.59488 0.021568628 -447
22 479.1869 452.95944 0.019607844 -464
23 473.8384 475.36673 0.021568628 -480
24 469.42075 505.90555 0.019607844 -497
25 465.5911 561.4854 0.019607844 -513
26 469.17157 612.95245 0.021568628 -530
27 470.5643 695.5177 0.019607844 -546
28 471.56335 757.1584 0.019607844 -579
29 472.56244 814.93616 0.019607844 -596
30 472.56244 873.62524 0.019607844 -612
31 471.56335 928.57385 0.019607844 -629
32 471.56335 965.4653 0.021568628 -645
33 471.56335 996.1983 0.019607844 -662
34 471.56335 1013.23346 0.019607844 -678
35 470.81827 1037.6632 0.021568628 -695
36 469.92862 1054.5408 0.021568628 -711
37 468.56613 1077.6764 0.019607844 -728
38 468.2937 1089.2507 0.01764706 -761
39 468.2937 1089.2507 0.01764706 -794
0 952.1184 414.78397 0.019607844 -75
1 937.90594 414.78397 0.019607844 -75
2 900.7424 418.43002 0.019607844 -100
3 842.01953 422.14487 0.019607844 -133
4 803.06244 424.03882 0.019607844 -166
5 762.558 424.9485 0.019607844 -183
6 696.9279 426.8237 0.019607844 -199
7 654.17804 426.7777 0.019607844 -216
8 573.035 427.7772 0.019607844 -232
9 520.8337 427.7772 0.019607844 -265
10 499.90457 427.7772 0.019607844 -298
11 488.43042 427.7772 0.019607844 -315
12 480.26892 427.7772 0.019607844 -331
13 473.56647 427.7772 0.019607844 -348
14 468.5917 427.7772 0.019607844 -364
15 462.589 427.7772 0.019607844 -381
16 457.6637 434.59872 0.021568628 -414
17 452.30936 445.06915 0.021568628 -430
18 446.304 461.74924 0.019607844 -446
19 441.78256 490.2119 0.021568628 -462
20 437.90527 525.78076 0.021568628 -479
21 435.34125 563.13556 0.019607844 -495
22 434.66513 641.0971 0.019607844 -512
23 432.8386 700.2577 0.019607844 -528
24 432.59946 820.2201 0.019607844 -545
25 435.65933 926.085 0.019607844 -578
26 435.59668 981.5406 0.019607844 -611
27 432.57245 1039.0803 0.021568628 -627
28 431.62442 1066.18 0.019607844 -644
29 430.6013 1086.48 0.019607844 -660
30 429.60223 1101.7019 0.021568628 -677
31 429.60223 1110.7651 0.021568628 -693
32 429.60223 1116.7859 0.021568628 -710
33 429.60223 1120.9421 0.019607844 -726
34 429.60223 1124.4143 0.019607844 -743
35 429.60223 1124.4143 0.019607844 -753
0 957.1138 437.77197 0.019607844 -60
1 950.86676 428.52402 0.019607844 -60
2 940.8052 423.6175 0.019607844 -84
3 924.187 419.39008 0.019607844 -101
4 901.9032 417.7824 0.019607844 -117
5 872.34283 417.7824 0.019607844 -134
6 840.2566 421.19034 0.019607844 -150
7 771.9248 424.6968 0.019607844 -167
8 707.6742 427.69403 0.019607844 -200
9 662.5542 429.55157 0.019607844 -216
10 621.6634 429.77615 0.019607844 -233
11 581.80865 429.77615 0.019607844 -249
12 526.82306 429.77615 0.019607844 -266
13 505.43805 429.77615 0.019607844 -299
14 492.543 429.77615 0.019607844 -315
15 483.94937 429.77615 0.019607844 -332
16 478.2021 429.77615 0.019607844 -348
17 472.62338 429.77615 0.019607844 -365
18 469.36954 429.77615 0.019607844 -381
19 459.55878 441.2937 0.021568628 -398
20 446.113 480.01413 0.021568628 -431
21 442.12695 509.98022 0.019607844 -464
22 440.59204 558.7813 0.019607844 -480
23 438.5939 650.1693 0.021568628 -497
24 440.82907 726.9768 0.021568628 -513
25 444.1975 803.369 0.021568628 -530
26 444.58835 874.54443 0.019607844 -546
27 446.20975 936.2022 0.019607844 -563
28 440.53622 1053.1499 0.019607844 -579
29 434.02625 1117.1837 0.019607844 -612
30 430.22543 1169.7169 0.019607844 -629
31 428.48404 1207.9937 0.021568628 -645
32 427.60406 1240.4825 0.019607844 -662
33 427.60406 1249.2184 0.019607844 -695
34 427.60406 1249.2184 0.023529414 -711
