0 612.4329 289.84903 0.015686275 -75
1 612.4329 289.84903 0.01764706 -75
2 623.4227 304.84122 0.023529414 -92
3 670.3793 371.80634 0.01764706 -125
4 670.3793 371.80634 0.01764706 -125
5 506.531 287.85007 0.01764706 -158
6 505.53192 287.85007 0.019607844 -158
7 513.52454 304.84122 0.023529414 -167
8 555.48566 378.8027 0.01764706 -201
9 555.48566 378.8027 0.01764706 -201
10 531.5079 430.77563 0.01764706 -244
11 531.5079 430.77563 0.01764706 -244
12 470.5643 431.77512 0.01764706 -286
13 470.5643 431.77512 0.01764706 -286
14 470.5643 431.77512 0.01764706 -295
15 419.61148 433.77408 0.01764706 -380
16 409.2511 530.4053 0.01764706 -380
17 411.61887 562.7069 0.01764706 -509
18 397.63184 576.69965 0.023529414 -521
19 345.67993 675.6481 0.01764706 -564
20 337.68732 862.5507 0.01764706 -564
21 337.68732 862.5507 0.01764706 -606
22 477.55783 1168.3915 0.01764706 -630
23 477.55783 1178.3862 0.01764706 -630
24 477.55783 1185.3826 0.01764706 -647
25 462.5717 1181.3846 0.021568628 -647
26 469.56522 1237.3555 0.01764706 -671
27 460.57355 1234.357 0.021568628 -671
0 662.38666 312.83707 0.015686275 -9
1 662.38666 312.83707 0.01764706 -17
2 671.37836 322.83185 0.023529414 -34
3 650.39777 320.8329 0.01764706 -75
4 651.39685 327.82925 0.023529414 -75
5 650.39777 331.82718 0.023529414 -83
6 602.4422 315.83548 0.01764706 -108
7 601.4431 323.83133 0.023529414 -108
8 599.44495 328.82874 0.023529414 -116
9 622.4237 382.80063 0.015686275 -142
10 622.4237 382.80063 0.015686275 -142
11 593.4505 433.77408 0.01764706 -175
12 591.4524 433.77408 0.015686275 -175
13 591.4524 433.77408 0.015686275 -183
14 524.51434 436.7725 0.015686275 -200
15 524.51434 436.7725 0.015686275 -200
16 460.57355 440.77042 0.015686275 -234
17 458.5754 441.7699 0.01764706 -234
18 458.5754 441.7699 0.01764706 -242
19 403.62628 451.7647 0.015686275 -268
20 351.67438 555.7106 0.01764706 -268
21 340.68454 565.7053 0.023529414 -447
22 289.73172 627.6731 0.01764706 -489
23 269.75024 730.61945 0.015686275 -489
24 269.75024 730.61945 0.015686275 -514
25 400.62906 1066.4446 0.025490198 -555
26 391.6374 1072.4414 0.023529414 -555
27 415.61517 1299.3232 0.01764706 -612
28 401.6281 1282.332 0.021568628 -612
0 606.4385 296.8454 0.015686275 0
1 606.4385 296.8454 0.01764706 -4
2 606.4385 296.8454 0.01764706 -29
3 617.4283 310.8381 0.023529414 -37
4 665.3839 376.80374 0.01764706 -70
5 665.3839 376.80374 0.01764706 -70
6 543.49677 378.8027 0.01764706 -128
7 543.49677 378.8027 0.01764706 -128
8 361.66513 314.83603 0.01764706 -161
9 373.65402 325.8303 0.023529414 -161
10 352.67346 324.8308 0.01764706 -202
11 322.7012 317.83444 0.01764706 -202
12 327.6966 327.82925 0.023529414 -236
13 374.6531 383.8001 0.01764706 -269
14 396.36832 416.98883 0.01764706 -269
15 401.90564 436.245 0.01764706 -327
16 407.68817 471.2142 0.01764706 -360
17 408.62164 477.75116 0.01764706 -393
18 396.63275 479.75012 0.023529414 -397
19 425.60593 781.5929 0.01764706 -488
20 430.6013 815.5752 0.01764706 -488
21 418.6124 823.57104 0.023529414 -496
22 429.60223 905.5283 0.01764706 -513
23 440.45273 1144.0535 0.01764706 -513
24 437.59482 1222.3633 0.01764706 -559
25 424.60684 1223.3628 0.021568628 -578
26 428.60315 1275.3357 0.01764706 -594
27 430.6013 1318.3134 0.01764706 -594
28 428.60315 1317.3138 0.019607844 -619
0 601.4431 308.83914 0.01764706 -55
1 612.4329 320.8329 0.023529414 -55
2 590.4533 312.83707 0.01764706 -80
3 590.4533 319.8334 0.023529414 -80
4 563.4783 310.8381 0.01764706 -88
5 541.4986 307.83966 0.01764706 -104
6 539.5005 314.83603 0.023529414 -104
7 506.531 305.8407 0.01764706 -113
8 482.5532 304.84122 0.01764706 -130
9 480.55505 313.83655 0.023529414 -130
10 446.5865 305.8407 0.01764706 -138
11 423.6078 305.8407 0.01764706 -155
12 421.60962 313.83655 0.023529414 -155
13 443.58926 369.80737 0.015686275 -188
14 443.58926 369.80737 0.015686275 -188
15 415.61517 431.77512 0.01764706 -230
16 411.61887 555.7106 0.01764706 -230
17 396.63275 567.7043 0.023529414 -434
18 283.73727 641.6658 0.01764706 -476
19 283.73727 641.6658 0.01764706 -476
20 442.5902 928.51636 0.01764706 -518
21 443.30746 1074.6968 0.015686275 -518
22 444.58835 1132.4102 0.015686275 -564
23 444.58835 1132.4102 0.015686275 -592
24 451.58188 1180.3851 0.015686275 -624
25 451.58188 1180.3851 0.015686275 -624
26 451.58188 1180.3851 0.015686275 -632
0 805.2544 626.6736 0.013725491 -131
1 795.2502 625.67413 0.015686275 -131
2 779.27844 625.67413 0.013725491 -151
3 766.29047 626.6736 0.013725491 -163
4 731.3229 626.6736 0.013725491 -188
5 663.38574 636.6684 0.013725491 -188
6 649.3987 635.6689 0.015686275 -222
7 604.4403 654.659 0.01764706 -255
8 592.4514 658.6569 0.01764706 -255
9 581.4616 661.6554 0.01764706 -263
10 541.4986 669.6512 0.01764706 -313
11 515.244 671.65015 0.01764706 -313
12 506.37952 671.65015 0.01764706 -366
13 500.5206 673.66504 0.015686275 -399
14 494.54208 709.63336 0.015686275 -432
15 495.54117 800.8062 0.013725491 -465
16 496.54025 920.5023 0.013725491 -499
17 501.35345 1059.4373 0.01764706 -532
18 501.5356 1063.446 0.015686275 -565
19 500.53653 1105.4242 0.01764706 -566
20 502.5347 1428.2561 0.015686275 -663
21 502.5347 1438.2509 0.015686275 -663
0 666.383 308.83914 0.015686275 -16
1 666.383 308.83914 0.015686275 -16
2 666.383 308.83914 0.01764706 -34
3 678.3719 321.83237 0.023529414 -57
4 727.32654 391.79593 0.015686275 -97
5 727.94073 415.09253 0.01764706 -97
6 700.60754 439.06506 0.01764706 -118
7 681.3691 447.76678 0.015686275 -151
8 681.3691 447.76678 0.015686275 -163
9 591.4524 486.74646 0.01764706 -188
10 591.4524 486.74646 0.01764706 -188
11 364.66235 370.80685 0.019607844 -230
12 364.66235 370.80685 0.019607844 -230
13 373.65402 380.80167 0.023529414 -238
14 353.67252 381.80115 0.019607844 -280
15 331.69287 376.80374 0.01764706 -280
16 336.68826 386.79852 0.023529414 -305
17 322.7012 407.7876 0.01764706 -405
18 322.7012 407.7876 0.01764706 -405
19 415.61517 600.68713 0.023529414 -471
20 424.60684 631.67096 0.01764706 -471
21 436.59573 671.65015 0.01764706 -488
22 459.91016 829.1044 0.01764706 -488
23 446.5865 831.5669 0.023529414 -532
24 460.57355 909.52625 0.01764706 -539
25 447.58557 912.5247 0.023529414 -555
26 459.57446 975.4919 0.01764706 -555
27 445.58743 977.49084 0.021568628 -571
28 456.57724 1034.4612 0.01764706 -571
29 458.5754 1055.4503 0.01764706 -588
30 451.58188 1161.395 0.015686275 -588
31 445.58743 1158.3966 0.019607844 -677
0 715.33765 812.5768 0.01764706 -140
1 705.3469 800.583 0.023529414 -140
2 690.3608 812.5768 0.01764706 -156
3 588.45514 849.5575 0.01764706 -156
4 576.46625 851.55646 0.01764706 -206
5 547.49304 854.5549 0.01764706 -239
6 509.12604 855.5544 0.01764706 -239
7 501.3693 855.5544 0.01764706 -314
8 495.1135 855.5544 0.019607844 -347
9 487.90048 857.8771 0.019607844 -380
10 486.5495 860.55176 0.019607844 -422
11 482.5532 872.54553 0.01764706 -427
12 477.55783 890.53613 0.019607844 -453
13 471.56335 1094.4299 0.01764706 -453
14 472.56244 1119.417 0.019607844 -503
15 475.55966 1345.2993 0.01764706 -569
16 475.55966 1363.2899 0.01764706 -569
17 476.55875 1387.2775 0.01764706 -593
18 477.55783 1428.2561 0.01764706 -593
19 478.5569 1437.2513 0.01764706 -610
0 606.4385 332.82663 0.015686275 0
1 600.35223 331.82718 0.01764706 -9
2 542.5476 337.00543 0.01764706 -43
3 465.72156 335.64044 0.01764706 -76
4 396.46997 336.9175 0.01764706 -109
5 328.5035 333.8799 0.01764706 -142
6 297.1586 333.87756 0.019607844 -175
7 247.9228 334.8256 0.01764706 -192
8 230.07748 338.7267 0.015686275 -241
9 218.49155 346.1259 0.01764706 -274
10 206.90373 370.52106 0.015686275 -307
11 205.80943 373.8053 0.015686275 -340
12 205.80943 373.8053 0.015686275 -343
13 384.64386 691.6398 0.01764706 -409
14 395.44998 745.4027 0.019607844 -409
15 388.64014 759.6044 0.023529414 -423
16 406.6235 839.5627 0.01764706 -433
17 398.6309 844.5601 0.023529414 -450
18 389.63922 863.55023 0.023529414 -450
19 306.716 939.5106 0.01764706 -490
20 306.716 939.5106 0.01764706 -490
21 308.71414 995.4815 0.01764706 -506
22 308.71414 995.4815 0.01764706 -506
23 312.71045 1056.4497 0.015686275 -522
24 312.71045 1056.4497 0.015686275 -522
25 312.71045 1056.4497 0.015686275 -538
0 604.4403 323.83133 0.013725491 -6
1 602.25116 323.83133 0.01764706 -14
2 602.25116 323.83133 0.023529414 -48
3 589.4542 333.8261 0.01764706 -71
4 527.92456 326.79535 0.01764706 -71
5 463.58142 323.90347 0.01764706 -114
6 403.17078 320.9431 0.019607844 -147
7 349.33328 322.6813 0.019607844 -180
8 304.78256 324.67206 0.01764706 -213
9 273.31622 330.6001 0.019607844 -246
10 248.70123 330.8277 0.01764706 -279
11 233.4744 334.98022 0.01764706 -312
12 218.60576 346.10748 0.01764706 -345
13 205.73781 385.30118 0.01764706 -378
14 202.81221 415.78345 0.01764706 -411
15 202.81221 415.78345 0.01764706 -423
16 217.79834 523.72723 0.01764706 -448
17 217.79834 523.72723 0.01764706 -448
18 302.7197 750.609 0.01764706 -489
19 270.26172 857.92163 0.01764706 -489
20 269.83145 978.5961 0.01764706 -526
21 269.75024 1048.7701 0.015686275 -559
22 269.75024 1066.4446 0.015686275 -592
23 269.75024 1066.4446 0.015686275 -612
0 662.38666 281.85318 0.01764706 -3
1 662.38666 281.85318 0.01764706 -3
2 647.5623 282.0626 0.01764706 -13
3 595.74384 291.20718 0.01764706 -46
4 595.74384 291.20718 0.023529414 -79
5 554.4866 317.83444 0.023529414 -102
6 549.4912 324.8308 0.023529414 -102
7 359.667 307.83966 0.01764706 -153
8 368.65866 316.83496 0.023529414 -153
9 349.67624 312.83707 0.019607844 -177
10 341.68362 312.83707 0.019607844 -177
11 343.68176 322.83185 0.023529414 -186
12 298.72342 325.8303 0.01764706 -227
13 243.63644 323.83133 0.01764706 -227
14 239.77798 324.8308 0.01764706 -310
15 236.78076 325.8303 0.01764706 -321
16 389.63922 614.6798 0.01764706 -429
17 384.64386 644.66425 0.023529414 -429
18 375.65216 667.6522 0.023529414 -445
19 340.68454 736.61633 0.01764706 -478
20 327.6966 855.5544 0.01764706 -478
21 327.6966 855.5544 0.01764706 -503
22 460.57355 1177.3867 0.023529414 -544
23 449.5837 1177.3867 0.021568628 -544
24 397.63184 1153.3993 0.01764706 -568
25 386.642 1150.4008 0.01764706 -568
26 386.642 1150.4008 0.01764706 -576
0 824.2368 411.78552 0.015686275 0
1 822.23865 413.7845 0.015686275 0
2 822.23865 413.7845 0.015686275 -13
3 542.4977 314.83603 0.01764706 -88
4 541.4986 324.8308 0.023529414 -88
5 507.53006 316.83496 0.01764706 -103
6 481.5541 314.83603 0.01764706 -103
7 438.5939 317.83444 0.019607844 -129
8 433.5985 326.82977 0.023529414 -129
9 390.6383 315.83548 0.01764706 -146
10 364.66235 314.83603 0.019607844 -146
11 320.70306 316.83496 0.019607844 -171
12 297.72433 314.83603 0.01764706 -171
13 296.72525 324.8308 0.023529414 -179
14 247.77058 321.83237 0.019607844 -221
15 198.81592 338.71808 0.015686275 -221
16 198.81592 359.8126 0.015686275 -361
17 198.81592 359.8126 0.015686275 -374
18 392.63644 686.64233 0.015686275 -432
19 400.62906 737.6158 0.01764706 -432
20 405.62442 773.59705 0.01764706 -457
21 344.68085 990.4841 0.01764706 -537
22 344.68085 990.4841 0.01764706 -537
23 413.61703 1236.3561 0.01764706 -561
24 400.62906 1223.3628 0.021568628 -561
0 665.3839 308.83914 0.01764706 0
1 665.3839 308.83914 0.01764706 0
2 675.37463 320.8329 0.023529414 -21
3 724.32935 382.80063 0.015686275 -54
4 724.32935 382.80063 0.015686275 -54
5 536.50323 317.83444 0.01764706 -87
6 547.49304 330.8277 0.023529414 -87
7 528.5106 327.82925 0.019607844 -112
8 386.32053 323.83133 0.01764706 -112
9 337.9395 329.37796 0.019607844 -190
10 302.77444 329.96317 0.01764706 -223
11 278.34 335.9256 0.019607844 -256
12 265.75778 342.81952 0.01764706 -289
13 255.90349 355.53394 0.01764706 -323
14 248.1074 394.2661 0.01764706 -356
15 254.76411 458.76105 0.01764706 -389
16 254.76411 458.76105 0.01764706 -415
17 435.59668 766.6007 0.01764706 -448
18 447.58557 831.5669 0.015686275 -448
19 456.57724 864.5497 0.01764706 -473
20 412.61795 875.54395 0.01764706 -498
21 400.62906 886.53827 0.01764706 -498
22 400.62906 886.53827 0.01764706 -506
23 487.54858 1165.393 0.01764706 -522
24 470.5643 1151.4003 0.021568628 -522
25 474.5606 1172.3894 0.01764706 -539
26 479.55597 1216.3665 0.01764706 -539
27 467.56708 1216.3665 0.023529414 -555
28 459.57446 1217.366 0.021568628 -555
29 413.61703 1195.3773 0.01764706 -579
30 385.6429 1186.3821 0.01764706 -579
31 385.6429 1186.3821 0.01764706 -628
0 658.3904 262.8631 0.01764706 0
1 656.3922 262.8631 0.01764706 0
2 634.5959 269.20972 0.01764706 -49
3 634.5959 269.20972 0.023529414 -82
4 602.4422 285.8511 0.019607844 -105
5 600.44403 297.84488 0.023529414 -105
6 573.469 289.84903 0.01764706 -113
7 548.4921 286.8506 0.019607844 -130
8 545.49493 295.84592 0.023529414 -130
9 514.5236 287.85007 0.01764706 -138
10 487.54858 283.85214 0.019607844 -155
11 281.73914 274.85684 0.019607844 -155
12 285.73544 292.84747 0.023529414 -265
13 248.76965 330.8277 0.019607844 -372
14 235.78168 331.82718 0.01764706 -372
15 235.78168 331.82718 0.01764706 -389
16 347.67807 537.7199 0.023529414 -448
17 359.667 568.7038 0.01764706 -448
18 370.6568 600.68713 0.015686275 -465
19 392.63644 714.6278 0.023529414 -465
20 383.64478 729.62 0.023529414 -499
21 347.67807 744.6122 0.01764706 -524
22 325.90588 882.0705 0.01764706 -524
23 332.69196 954.50287 0.01764706 -562
24 332.69196 954.50287 0.01764706 -581
25 346.67902 1071.4419 0.01764706 -606
26 346.67902 1071.4419 0.01764706 -606
0 621.4246 286.8506 0.01764706 -5
1 619.42645 286.8506 0.01764706 -5
2 627.41907 300.8433 0.023529414 -30
3 602.4422 301.84277 0.01764706 -64
4 601.4431 313.83655 0.023529414 -64
5 621.4246 383.8001 0.015686275 -97
6 621.4246 383.8001 0.015686275 -97
7 589.4542 435.773 0.015686275 -130
8 587.45605 435.773 0.015686275 -130
9 587.45605 435.773 0.015686275 -138
10 532.50696 434.77356 0.015686275 -163
11 529.5097 434.77356 0.015686275 -163
12 529.5097 434.77356 0.015686275 -171
13 467.56708 435.773 0.015686275 -196
14 464.56985 436.7725 0.015686275 -196
15 464.56985 436.7725 0.015686275 -213
16 412.61795 447.76678 0.01764706 -263
17 409.73688 490.4883 0.015686275 -263
18 411.61887 528.7246 0.01764706 -356
19 396.63275 531.723 0.023529414 -372
20 342.6827 570.70276 0.01764706 -413
21 326.6975 626.6736 0.019607844 -413
22 326.6975 626.6736 0.019607844 -430
23 475.55966 928.51636 0.01764706 -455
24 476.55875 937.5117 0.01764706 -455
25 425.60593 937.5117 0.01764706 -488
26 379.64847 1076.4393 0.015686275 -488
27 379.64847 1076.4393 0.015686275 -553
0 600.44403 297.84488 0.01764706 -5
1 611.43384 307.83966 0.023529414 -5
2 591.4524 315.83548 0.01764706 -39
3 579.46344 315.83548 0.01764706 -39
4 580.4625 328.82874 0.023529414 -47
5 536.50323 324.8308 0.01764706 -72
6 534.50507 335.82507 0.023529414 -72
7 478.5569 330.8277 0.019607844 -97
8 476.55875 338.82352 0.023529414 -97
9 419.61148 331.82718 0.019607844 -122
10 401.6281 328.82874 0.01764706 -122
11 400.62906 337.82404 0.023529414 -130
12 357.66882 331.82718 0.019607844 -155
13 315.70767 329.82822 0.01764706 -155
14 308.71414 329.82822 0.01764706 -188
15 295.7262 331.82718 0.01764706 -221
16 283.73727 331.82718 0.01764706 -221
17 302.7197 360.81207 0.023529414 -263
18 326.6975 495.7418 0.01764706 -369
19 329.69473 623.6752 0.01764706 -369
20 329.69473 623.6752 0.01764706 -402
21 488.54764 973.4929 0.01764706 -435
22 488.54764 977.49084 0.01764706 -435
23 485.5504 1028.4644 0.01764706 -460
24 500.53653 1261.343 0.015686275 -460
25 500.53653 1271.3378 0.015686275 -525
0 613.432 319.8334 0.015686275 -15
1 613.432 319.8334 0.015686275 -15
2 611.43384 311.8376 0.01764706 -31
3 611.43384 311.8376 0.01764706 -31
4 620.42554 324.8308 0.023529414 -40
5 665.3839 387.798 0.015686275 -73
6 668.3811 399.79178 0.015686275 -73
7 668.3811 399.79178 0.015686275 -81
8 641.4061 437.77197 0.015686275 -106
9 641.4061 437.77197 0.015686275 -106
10 588.45514 435.773 0.015686275 -139
11 586.457 435.773 0.015686275 -139
12 586.457 435.773 0.015686275 -147
13 362.6642 315.83548 0.019607844 -172
14 362.6642 315.83548 0.019607844 -172
15 370.6568 324.8308 0.023529414 -180
16 354.6716 320.8329 0.01764706 -213
17 305.71692 317.83444 0.01764706 -213
18 321.70212 343.82092 0.023529414 -357
19 327.6966 375.80426 0.01764706 -399
20 315.70767 457.76157 0.019607844 -399
21 315.70767 457.76157 0.019607844 -441
22 493.54303 970.4945 0.01764706 -514
23 493.54303 988.62366 0.01764706 -514
24 496.42538 1055.6912 0.01764706 -530
25 502.6575 1170.0818 0.01764706 -547
26 501.77795 1215.9114 0.01764706 -577
27 500.53653 1229.3596 0.01764706 -610
28 500.53653 1230.3591 0.015686275 -637
0 497.5393 282.85266 0.015686275 -6
1 495.28775 282.85266 0.01764706 -6
2 495.28775 282.85266 0.023529414 -41
3 476.55875 296.8454 0.01764706 -64
4 477.55783 310.8381 0.021568628 -64
5 475.55966 320.8329 0.021568628 -72
6 318.7049 299.8438 0.01764706 -130
7 317.70584 299.8438 0.01764706 -130
8 296.72525 316.83496 0.01764706 -172
9 285.73544 314.83603 0.01764706 -172
10 287.73358 322.83185 0.023529414 -180
11 249.76874 336.82455 0.01764706 -321
12 237.3963 328.59854 0.01764706 -321
13 225.865 325.8303 0.015686275 -338
14 224.79185 325.8303 0.01764706 -371
15 224.79185 325.8303 0.01764706 -380
16 397.63184 580.6975 0.015686275 -429
17 396.63275 582.6965 0.015686275 -429
18 397.63184 592.6913 0.01764706 -438
19 365.66144 681.64496 0.019607844 -487
20 342.6827 757.6054 0.01764706 -487
21 342.6827 757.6054 0.01764706 -511
0 568.47363 344.8204 0.01764706 -21
1 566.47546 344.8204 0.01764706 -21
2 574.4681 361.81155 0.023529414 -29
3 611.43384 430.77563 0.015686275 -62
4 611.43384 430.77563 0.015686275 -62
5 599.44495 486.74646 0.01764706 -87
6 594.4496 484.74753 0.015686275 -87
7 594.4496 484.74753 0.015686275 -104
8 537.5023 483.74805 0.01764706 -120
9 487.54858 474.75272 0.015686275 -120
10 487.54858 474.75272 0.015686275 -179
11 422.6087 480.7496 0.01764706 -204
12 421.53915 478.60968 0.015686275 -204
13 417.9368 475.07632 0.015686275 -247
14 408.07144 474.75272 0.015686275 -278
15 403.66226 487.60196 0.015686275 -327
16 404.98358 547.24493 0.015686275 -360
17 404.98358 547.24493 0.023529414 -393
18 389.63922 586.6944 0.023529414 -415
19 407.62256 649.6616 0.01764706 -415
20 398.6309 653.65955 0.023529414 -432
21 367.65958 652.66003 0.019607844 -432
22 354.6716 657.6575 0.01764706 -449
23 340.68454 742.6132 0.019607844 -449
24 340.68454 742.6132 0.019607844 -474
25 482.5532 1081.4368 0.01764706 -506
26 483.55228 1091.4315 0.01764706 -506
27 489.54672 1117.418 0.015686275 -523
28 501.5356 1215.367 0.015686275 -523
29 493.54303 1209.3701 0.021568628 -589
0 602.4422 314.83603 0.01764706 -5
1 602.4422 314.83603 0.01764706 -5
2 611.43384 325.8303 0.023529414 -22
3 662.38666 385.79904 0.015686275 -55
4 666.383 401.7907 0.015686275 -55
5 666.383 401.7907 0.015686275 -63
6 644.4033 440.77042 0.015686275 -88
7 642.4052 440.77042 0.015686275 -88
8 642.4052 440.77042 0.015686275 -97
9 589.4542 437.77197 0.015686275 -122
10 589.4542 437.77197 0.015686275 -122
11 523.51526 436.7725 0.015686275 -163
12 523.51526 436.7725 0.015686275 -163
13 471.56335 437.77197 0.015686275 -205
14 468.56613 438.77145 0.015686275 -205
15 468.56613 438.77145 0.015686275 -230
16 410.6198 440.77042 0.01764706 -272
17 402.6272 447.76678 0.015686275 -272
18 402.6272 447.76678 0.015686275 -357
19 397.63184 518.7298 0.015686275 -398
20 403.62628 553.7116 0.01764706 -398
21 393.63553 556.71 0.023529414 -432
22 455.5782 777.595 0.015686275 -481
23 455.5782 793.5867 0.01764706 -481
24 458.5754 817.57416 0.01764706 -498
25 371.65588 1062.4467 0.015686275 -610
26 371.65588 1062.4467 0.015686275 -610
27 371.65588 1062.4467 0.015686275 -618
0 724.32935 414.78397 0.01764706 -15
1 724.32935 414.78397 0.01764706 -15
2 720.333 412.785 0.015686275 -33
3 720.333 412.785 0.015686275 -64
4 650.39777 429.77615 0.015686275 -105
5 647.4006 429.77615 0.015686275 -105
6 647.4006 429.77615 0.015686275 -113
7 421.60962 329.82822 0.01764706 -138
8 430.6013 340.82248 0.023529414 -138
9 412.61795 338.82352 0.019607844 -163
10 403.62628 339.823 0.01764706 -163
11 405.62442 353.8157 0.023529414 -171
12 368.65866 350.81726 0.019607844 -196
13 355.6707 351.81674 0.01764706 -196
14 357.66882 364.81 0.021568628 -204
15 310.7123 380.80167 0.01764706 -270
16 261.75763 375.80426 0.01764706 -270
17 269.75024 387.798 0.023529414 -345
18 278.7419 452.76416 0.01764706 -502
19 275.45648 455.19562 0.01764706 -502
20 270.7493 479.75012 0.01764706 -511
21 270.7493 479.75012 0.01764706 -534
22 419.61148 785.5908 0.01764706 -585
23 428.95917 819.9984 0.015686275 -585
24 451.76624 970.0078 0.015686275 -593
25 451.76624 970.0078 0.021568628 -626
26 407.62256 964.4976 0.01764706 -641
27 407.62256 964.4976 0.01764706 -641
28 344.68085 1006.47577 0.01764706 -658
29 344.68085 1006.47577 0.01764706 -658
0 546.494 295.84592 0.015686275 -15
1 546.494 295.84592 0.01764706 -15
2 556.48474 307.83966 0.023529414 -31
3 600.44403 368.8079 0.015686275 -64
4 600.44403 368.8079 0.015686275 -64
5 423.6078 299.8438 0.01764706 -97
6 433.5985 309.83862 0.023529414 -97
7 415.61517 303.84174 0.01764706 -122
8 405.62442 302.84225 0.01764706 -122
9 407.62256 310.8381 0.023529414 -130
10 365.66144 304.84122 0.01764706 -163
11 342.6827 302.84225 0.01764706 -163
12 345.67993 311.8376 0.023529414 -180
13 309.71323 317.83444 0.01764706 -254
14 274.661 306.84018 0.01764706 -254
15 266.9478 306.84018 0.01764706 -313
16 261.11398 307.66187 0.01764706 -346
17 254.97896 315.97525 0.01764706 -379
18 255.76318 337.82404 0.015686275 -412
19 255.76318 337.82404 0.015686275 -438
20 446.5865 633.6699 0.01764706 -480
21 448.58466 640.6663 0.01764706 -480
22 451.58188 652.66003 0.01764706 -488
23 397.63184 795.58563 0.01764706 -545
24 378.64066 922.6772 0.01764706 -545
25 379.64847 1004.4768 0.015686275 -578
26 379.64847 1010.4737 0.015686275 -620
0 597.44684 319.8334 0.01764706 -7
1 608.43665 332.82663 0.023529414 -7
2 660.38855 395.79385 0.015686275 -48
3 647.7216 436.36655 0.01764706 -48
4 591.49835 457.45956 0.01764706 -90
5 513.5172 459.7592 0.015686275 -123
6 484.93787 460.69556 0.015686275 -173
7 472.56244 462.75897 0.01764706 -206
8 472.56244 462.75897 0.01764706 -223
9 427.60406 478.75064 0.01764706 -264
10 427.60406 478.75064 0.01764706 -264
11 435.59668 615.6793 0.015686275 -397
12 446.03793 692.1096 0.015686275 -397
13 443.58926 737.6158 0.021568628 -421
14 436.59573 747.6106 0.023529414 -438
15 471.56335 1115.4191 0.01764706 -519
16 455.5782 1100.4269 0.021568628 -519
17 396.63275 1050.4529 0.01764706 -552
18 377.9401 1038.482 0.01764706 -552
19 369.6577 1034.4612 0.01764706 -569
20 369.6577 1034.4612 0.01764706 -584
0 579.46344 270.85892 0.01764706 -17
1 576.2276 271.938 0.019607844 -17
2 569.4727 274.85684 0.01764706 -42
3 576.46625 296.8454 0.023529414 -58
4 614.4311 378.8027 0.015686275 -91
5 614.4311 378.8027 0.015686275 -91
6 428.60315 306.84018 0.01764706 -124
7 439.59296 320.8329 0.023529414 -124
8 410.6198 321.83237 0.01764706 -165
9 409.62073 327.82925 0.023529414 -165
10 407.62256 332.82663 0.023529414 -173
11 360.66605 319.8334 0.019607844 -198
12 346.67902 317.83444 0.01764706 -198
13 346.67902 325.8303 0.023529414 -207
14 302.7197 323.83133 0.019607844 -248
15 257.76132 321.83237 0.01764706 -248
16 257.76132 321.83237 0.01764706 -298
17 294.7271 483.74805 0.01764706 -381
18 281.0725 515.1804 0.01764706 -381
19 280.74005 517.73035 0.01764706 -405
20 280.74005 517.73035 0.01764706 -406
21 428.60315 854.5549 0.01764706 -439
22 428.60315 857.55334 0.01764706 -439
23 380.64755 847.55853 0.019607844 -464
24 327.77805 1005.02814 0.015686275 -464
25 327.62427 1028.609 0.013725491 -537
26 327.62427 1028.609 0.013725491 -570
0 602.4422 297.84488 0.01764706 -5
1 614.4311 308.83914 0.023529414 -5
2 670.3793 371.80634 0.01764706 -38
3 673.3765 378.8027 0.015686275 -38
4 673.3765 378.8027 0.015686275 -47
5 502.5347 282.85266 0.01764706 -80
6 499.53748 282.85266 0.01764706 -80
7 506.531 295.84592 0.023529414 -96
8 480.55505 294.84644 0.019607844 -129
9 468.56613 293.84695 0.01764706 -129
10 469.56522 300.8433 0.023529414 -138
11 428.60315 292.84747 0.019607844 -170
12 405.62442 289.84903 0.019607844 -170
13 406.6235 299.8438 0.023529414 -187
14 370.6568 296.8454 0.01764706 -220
15 346.67902 296.8454 0.01764706 -220
16 348.67715 307.83966 0.023529414 -237
17 306.716 318.83392 0.01764706 -303
18 269.63773 314.39258 0.019607844 -303
19 261.75763 324.0953 0.019607844 -374
20 261.75763 326.82977 0.01764706 -422
21 261.75763 326.82977 0.01764706 -437
22 438.5939 597.68866 0.01764706 -502
23 446.5865 624.6746 0.01764706 -502
24 450.5828 643.66473 0.01764706 -528
25 408.62164 643.66473 0.01764706 -552
26 408.62164 643.66473 0.01764706 -552
27 490.5458 914.5237 0.01764706 -577
28 512.52545 1116.4185 0.01764706 -577
29 499.53748 1114.4196 0.021568628 -634
30 509.52823 1174.3883 0.01764706 -658
31 514.5236 1194.3779 0.01764706 -658
32 507.53006 1190.38 0.021568628 -674
0 594.4496 264.86203 0.01764706 -8
1 594.4496 264.86203 0.01764706 -8
2 578.6126 268.1442 0.01764706 -34
3 573.469 269.85944 0.01764706 -66
4 578.4644 290.8485 0.023529414 -73
5 544.49585 286.8506 0.01764706 -98
6 531.5079 287.85007 0.01764706 -98
7 531.5079 301.84277 0.023529414 -106
8 486.5495 291.848 0.01764706 -131
9 484.55133 299.8438 0.023529414 -131
10 458.5754 290.8485 0.01764706 -140
11 433.5985 285.8511 0.019607844 -156
12 416.61426 283.85214 0.019607844 -156
13 415.61517 293.84695 0.023529414 -165
14 368.65866 283.85214 0.019607844 -189
15 352.67346 283.85214 0.019607844 -189
16 352.67346 292.84747 0.023529414 -197
17 308.71414 286.8506 0.019607844 -222
18 294.7271 299.8438 0.023529414 -222
19 293.72803 309.83862 0.023529414 -239
20 250.7678 305.8407 0.01764706 -272
21 200.81406 312.83707 0.01764706 -272
22 200.81406 312.83707 0.01764706 -331
23 324.69934 510.73398 0.015686275 -364
24 331.69287 561.70746 0.01764706 -364
25 335.68918 582.6965 0.01764706 -406
26 302.7197 604.68506 0.01764706 -439
27 283.73727 634.66943 0.01764706 -439
28 283.73727 634.66943 0.01764706 -456
29 413.61703 926.5174 0.01764706 -472
30 398.6309 913.5242 0.021568628 -472
31 432.59946 1155.3982 0.01764706 -536
32 431.60037 1155.3982 0.01764706 -536
33 432.59946 1159.3961 0.015686275 -560
34 432.59946 1165.393 0.015686275 -560
35 425.60593 1159.3961 0.021568628 -585
0 562.4792 260.86414 0.015686275 -6
1 562.4792 260.86414 0.01764706 -6
2 556.48474 259.86465 0.01764706 -32
3 561.4801 273.85736 0.021568628 -47
4 533.50604 271.8584 0.019607844 -72
5 534.50507 285.8511 0.023529414 -72
6 490.5458 278.85477 0.01764706 -97
7 474.5606 280.85373 0.01764706 -97
8 474.5606 293.84695 0.023529414 -105
9 426.605 288.84955 0.01764706 -130
10 410.6198 301.84277 0.023529414 -130
11 385.6429 295.84592 0.01764706 -147
12 365.66144 295.84592 0.019607844 -163
13 363.66327 305.8407 0.023529414 -163
14 360.66605 313.83655 0.023529414 -171
15 299.72247 309.83862 0.01764706 -205
16 298.72342 318.83392 0.023529414 -205
17 296.72525 325.8303 0.023529414 -213
18 250.7678 321.83237 0.01764706 -255
19 212.80296 323.83133 0.01764706 -255
20 212.80296 323.83133 0.01764706 -338
21 378.6494 594.69025 0.01764706 -395
22 387.64108 623.6752 0.01764706 -395
23 394.6346 654.659 0.01764706 -421
24 351.67438 733.61786 0.01764706 -469
25 351.67438 733.61786 0.01764706 -469
0 549.4912 275.85632 0.015686275 -9
1 549.4912 274.5613 0.01764706 -9
2 549.4912 270.58847 0.01764706 -20
3 546.0123 269.61847 0.01764706 -53
4 524.51434 270.85892 0.01764706 -70
5 526.5125 285.8511 0.023529414 -92
6 486.5495 282.85266 0.01764706 -117
7 471.56335 284.85162 0.01764706 -117
8 472.56244 297.84488 0.023529414 -125
9 424.60684 300.8433 0.01764706 -158
10 410.6198 309.83862 0.023529414 -158
11 409.62073 317.83444 0.023529414 -175
12 359.667 314.83603 0.019607844 -208
13 345.67993 313.83655 0.01764706 -208
14 345.67993 321.83237 0.023529414 -216
15 299.72247 322.83185 0.019607844 -258
16 267.45828 319.8334 0.01764706 -258
17 256.76227 319.8334 0.01764706 -286
18 261.75763 331.82718 0.023529414 -300
19 247.77058 329.82822 0.01764706 -325
20 208.93774 344.6237 0.01764706 -325
21 203.81128 362.81104 0.015686275 -400
22 203.81128 362.81104 0.015686275 -417
23 318.7049 675.6481 0.019607844 -491
24 288.68768 700.6296 0.01764706 -491
25 287.73358 702.63403 0.01764706 -515
26 287.73358 702.63403 0.01764706 -516
27 346.67902 1005.4763 0.01764706 -581
28 346.67902 1005.4763 0.01764706 -581
0 545.49493 307.83966 0.015686275 -6
1 545.49493 307.83966 0.01764706 -6
2 555.48566 319.8334 0.021568628 -22
3 597.44684 384.79956 0.015686275 -55
4 597.44684 384.79956 0.015686275 -55
5 587.45605 439.77094 0.015686275 -80
6 585.4579 439.77094 0.015686275 -80
7 585.4579 439.77094 0.015686275 -88
8 526.5125 439.77094 0.015686275 -105
9 522.5162 439.77094 0.015686275 -105
10 522.5162 439.77094 0.015686275 -113
11 465.5689 436.7725 0.015686275 -130
12 462.5717 436.7725 0.015686275 -130
13 462.5717 436.7725 0.015686275 -138
14 412.61795 435.773 0.015686275 -155
15 410.6198 434.77356 0.015686275 -155
16 410.6198 434.77356 0.015686275 -163
17 344.68085 440.77042 0.015686275 -188
18 341.68362 441.7699 0.015686275 -188
19 341.68362 441.7699 0.015686275 -204
20 298.72342 463.75845 0.01764706 -312
21 298.72342 463.75845 0.01764706 -312
22 228.78816 461.7595 0.01764706 -420
23 222.79372 471.75427 0.01764706 -420
24 222.79372 471.75427 0.01764706 -428
25 372.65494 785.5908 0.01764706 -461
26 388.64014 856.55383 0.01764706 -461
27 395.63367 899.5315 0.01764706 -486
