0 1012.0629 694.6382 0.01764706 -194
1 984.8924 691.6398 0.01764706 -194
2 948.4011 691.6398 0.01764706 -235
3 919.45575 691.6398 0.01764706 -284
4 902.901 691.2137 0.015686275 -317
5 885.2465 690.64026 0.01764706 -333
6 852.88654 690.64026 0.01764706 -350
7 809.7996 690.64026 0.01764706 -383
8 766.98303 688.6413 0.01764706 -416
9 730.21594 685.1788 0.01764706 -449
10 694.3518 683.6439 0.01764706 -482
11 676.31824 681.5278 0.01764706 -515
12 655.7832 680.6455 0.01764706 -532
13 639.77875 680.6455 0.01764706 -548
14 611.253 679.646 0.01764706 -565
15 585.46564 679.646 0.01764706 -598
16 575.2248 679.646 0.01764706 -631
17 567.0992 679.646 0.01764706 -647
18 560.568 679.646 0.01764706 -664
19 551.0553 680.8626 0.01764706 -680
20 547.26794 682.75696 0.01764706 -713
21 543.69446 684.5445 0.01764706 -730
22 540.09753 688.044 0.01764706 -746
23 531.694 703.98956 0.01764706 -763
24 523.6099 722.4026 0.01764706 -796
25 518.9943 750.5512 0.01764706 -829
26 514.1391 770.2154 0.01764706 -845
27 512.95654 795.11334 0.01764706 -862
28 510.6828 818.2177 0.01764706 -878
29 506.95795 842.5697 0.01764706 -895
30 505.17645 876.21216 0.01764706 -911
31 504.53284 919.9906 0.01764706 -928
32 504.53284 952.50653 0.01764706 -944
33 505.53192 990.66736 0.01764706 -961
34 506.8737 1021.2266 0.01764706 -977
35 507.53006 1057.1888 0.01764706 -994
36 509.52823 1095.2081 0.01764706 -1010
37 509.52823 1127.3989 0.01764706 -1027
38 510.8336 1159.9144 0.01764706 -1043
39 510.52728 1190.3643 0.01764706 -1060
40 512.67816 1221.2677 0.01764706 -1076
41 516.5217 1301.7361 0.01764706 -1093
42 518.27936 1365.9175 0.01764706 -1126
43 521.1285 1425.8115 0.01764706 -1159
44 525.99945 1486.5499 0.01764706 -1192
45 528.5106 1551.2936 0.01764706 -1225
46 528.5106 1570.958 0.01764706 -1258
47 528.5106 1589.1722 0.01764706 -1274
48 528.5106 1607.1628 0.01764706 -1288
0 692.35895 352.81622 0.015686275 -49
1 692.35895 352.81622 0.015686275 -49
2 690.5366 351.40497 0.01764706 -69
3 680.04675 348.81833 0.01764706 -86
4 660.18555 348.81833 0.01764706 -119
5 644.15625 348.81833 0.01764706 -152
6 626.67163 350.1924 0.01764706 -169
7 585.16394 354.11502 0.01764706 -185
8 558.52094 357.11874 0.01764706 -218
9 509.89276 359.0326 0.01764706 -235
10 467.68726 360.81207 0.01764706 -268
11 443.84012 361.81155 0.01764706 -301
12 422.48114 361.81155 0.01764706 -318
13 401.30634 360.81207 0.01764706 -335
14 377.31955 361.81155 0.01764706 -351
15 333.3237 360.81207 0.01764706 -368
16 287.33414 358.41333 0.01764706 -401
17 270.16193 357.81363 0.01764706 -434
18 252.42197 357.81363 0.01764706 -451
19 238.39375 357.81363 0.01764706 -468
20 224.22601 355.7338 0.01764706 -484
21 213.0126 355.81467 0.01764706 -501
22 201.61739 355.81467 0.01764706 -517
23 189.25247 355.81467 0.01764706 -534
24 162.82973 352.81622 0.01764706 -551
25 150.96596 352.81622 0.01764706 -584
26 142.25766 353.8157 0.01764706 -600
27 135.10696 353.8157 0.01764706 -617
28 129.63599 353.8157 0.01764706 -634
29 126.0465 353.8157 0.01764706 -650
30 124.066475 353.8157 0.01764706 -667
31 119.36196 359.39536 0.01764706 -683
32 117.45329 365.1237 0.01764706 -717
33 114.893616 377.489 0.01764706 -733
34 114.893616 406.89896 0.01764706 -760
35 114.893616 426.56696 0.01764706 -793
36 114.893616 460.01114 0.01764706 -810
37 115.89269 492.1385 0.01764706 -826
38 116.89177 561.6727 0.01764706 -843
39 117.89084 639.6594 0.01764706 -876
40 119.24002 679.3044 0.01764706 -909
41 120.136055 722.55865 0.01764706 -925
42 122.09207 770.1369 0.01764706 -942
43 130.38104 835.3281 0.01764706 -959
44 133.99892 884.1999 0.01764706 -975
45 139.69873 979.91095 0.01764706 -992
46 145.86494 1073.0183 0.01764706 -1025
47 148.57756 1157.8447 0.01764706 -1058
48 149.86124 1197.2745 0.01764706 -1091
49 151.56082 1234.9774 0.01764706 -1107
50 152.5777 1268.2809 0.01764706 -1124
51 154.58981 1302.049 0.01764706 -1140
52 154.85661 1306.3196 0.01764706 -1157
53 154.85661 1320.3123 0.01764706 -1159
0 1015.0601 690.64026 0.015686275 -196
1 1009.82947 690.43445 0.015686275 -196
2 988.09 689.6408 0.01764706 -206
3 953.82135 689.6408 0.01764706 -239
4 904.5194 689.53815 0.01764706 -272
5 876.02515 689.6408 0.01764706 -305
6 842.7496 689.6408 0.01764706 -321
7 780.57153 689.6408 0.01764706 -338
8 753.75604 690.53644 0.01764706 -371
9 725.91705 690.8128 0.015686275 -387
10 679.4716 691.6398 0.01764706 -404
11 637.34595 689.6408 0.01764706 -437
12 605.36835 687.22784 0.01764706 -470
13 586.83215 685.46246 0.01764706 -503
14 572.1068 685.6429 0.01764706 -519
15 557.01575 683.7103 0.01764706 -536
16 544.63324 681.8344 0.01764706 -553
17 534.1479 681.64496 0.01764706 -569
18 523.83984 681.1102 0.01764706 -586
19 510.13333 680.6455 0.01764706 -602
20 499.64893 680.6455 0.01764706 -635
21 492.09045 681.0992 0.01764706 -668
22 488.38892 690.43475 0.01764706 -718
23 483.68274 719.3194 0.01764706 -751
24 481.02237 748.80347 0.01764706 -784
25 478.91397 775.2352 0.01764706 -800
26 477.55783 811.74243 0.01764706 -817
27 480.36835 855.7184 0.01764706 -833
28 478.5569 897.91516 0.01764706 -850
29 478.5569 955.86597 0.01764706 -866
30 476.38394 1043.904 0.01764706 -883
31 473.38156 1102.9381 0.01764706 -899
32 471.56335 1203.8716 0.01764706 -916
33 470.5643 1257.2041 0.01764706 -949
34 468.7225 1310.5608 0.01764706 -965
35 465.79245 1363.0387 0.01764706 -982
36 465.5689 1412.0563 0.01764706 -998
37 464.56985 1466.4865 0.01764706 -1015
38 460.03113 1566.5853 0.01764706 -1031
39 459.57446 1603.165 0.01764706 -1064
40 458.5754 1624.154 0.01764706 -1076
0 662.38666 372.80582 0.01764706 -130
1 661.1396 371.55817 0.01764706 -130
2 653.46497 371.80634 0.01764706 -148
3 643.5225 371.80634 0.01764706 -164
4 629.2498 370.80685 0.01764706 -181
5 608.8036 370.80685 0.01764706 -197
6 586.06177 370.80685 0.01764706 -214
7 529.65234 370.80685 0.01764706 -230
8 473.6152 371.80634 0.01764706 -263
9 445.3658 372.67886 0.01764706 -296
10 419.31973 373.5971 0.01764706 -313
11 374.25183 374.80478 0.01764706 -329
12 349.05386 374.80478 0.01764706 -362
13 326.47345 376.2828 0.01764706 -379
14 284.61896 376.80374 0.01764706 -395
15 260.34222 378.11368 0.01764706 -428
16 219.54666 377.80322 0.01764706 -445
17 201.98814 377.80322 0.01764706 -478
18 187.716 375.9313 0.01764706 -494
19 176.33913 375.80426 0.01764706 -511
20 166.74916 375.80426 0.01764706 -527
21 158.9016 374.31723 0.01764706 -544
22 153.72191 373.8053 0.01764706 -560
23 149.52206 373.8053 0.01764706 -577
24 146.78857 373.8053 0.01764706 -593
25 144.92874 373.8053 0.01764706 -610
26 143.10614 374.56628 0.01764706 -626
27 141.21794 376.45523 0.01764706 -643
28 139.35916 378.8263 0.01764706 -659
29 138.87141 385.31625 0.01764706 -676
30 138.87141 396.26605 0.01764706 -693
31 140.85976 431.6671 0.01764706 -709
32 144.6506 477.7347 0.01764706 -742
33 147.8631 532.87726 0.01764706 -775
34 148.36359 566.72394 0.01764706 -808
35 150.24911 603.0625 0.01764706 -825
36 150.86032 675.71893 0.01764706 -841
37 150.86032 722.4904 0.01764706 -874
38 150.86032 760.9722 0.01764706 -891
39 150.86032 798.6113 0.01764706 -907
40 148.9176 831.6791 0.01764706 -924
41 148.86217 869.0723 0.01764706 -940
42 148.86217 907.0539 0.01764706 -957
43 148.86217 942.5106 0.01764706 -973
44 150.59236 983.1239 0.01764706 -990
45 151.511 1021.14514 0.01764706 -1006
46 154.41568 1103.1572 0.01764706 -1023
47 155.85568 1145.7964 0.01764706 -1056
48 155.85568 1183.754 0.01764706 -1072
49 157.4007 1223.1987 0.01764706 -1089
50 158.3907 1256.9429 0.01764706 -1105
51 158.85292 1288.6356 0.01764706 -1122
52 158.85292 1314.1191 0.01764706 -1138
53 158.85292 1318.3134 0.01764706 -1155
54 158.85292 1328.3081 0.01764706 -1158
0 664.3848 379.8022 0.015686275 -126
1 661.82446 378.52148 0.01764706 -126
2 654.2552 378.8027 0.01764706 -153
3 643.7911 378.8027 0.01764706 -169
4 630.61084 378.8027 0.01764706 -186
5 614.8778 379.9962 0.01764706 -202
6 594.6645 379.8022 0.01764706 -219
7 571.56323 379.8022 0.01764706 -235
8 542.3877 380.80167 0.01764706 -252
9 506.5795 383.00595 0.01764706 -268
10 468.90686 383.8001 0.01764706 -285
11 399.60233 384.62482 0.01764706 -301
12 368.02725 384.79956 0.01764706 -334
13 339.33194 384.79956 0.01764706 -351
14 311.44577 384.79956 0.01764706 -367
15 286.12823 384.79956 0.01764706 -384
16 263.1023 386.26996 0.01764706 -400
17 221.6069 385.79904 0.01764706 -417
18 202.38716 384.79956 0.01764706 -450
19 171.77426 383.8001 0.01764706 -466
20 163.26295 383.8001 0.01764706 -500
21 156.59193 383.8001 0.01764706 -516
22 148.90807 383.8001 0.01764706 -533
23 146.43118 383.8001 0.01764706 -566
24 144.5605 383.8001 0.01764706 -582
25 141.3375 386.33038 0.01764706 -599
26 139.77756 391.1683 0.01764706 -615
27 138.87141 399.69904 0.01764706 -632
28 138.87141 410.01657 0.01764706 -648
29 138.87141 423.57996 0.01764706 -665
30 139.87048 439.68442 0.01764706 -681
31 140.98006 460.53433 0.01764706 -698
32 143.80252 490.69763 0.01764706 -714
33 148.99854 530.0581 0.01764706 -731
34 152.42554 568.6538 0.01764706 -747
35 156.2239 613.55035 0.01764706 -764
36 162.15636 682.60724 0.01764706 -780
37 165.89421 732.2164 0.01764706 -797
38 168.82301 775.1416 0.01764706 -813
39 172.69402 815.11456 0.01764706 -830
40 176.57854 895.8581 0.01764706 -846
41 182.47247 979.24274 0.01764706 -879
42 186.35464 1058.5198 0.01764706 -912
43 187.82608 1099.4987 0.01764706 -945
44 192.24852 1182.3412 0.01764706 -962
45 195.8187 1260.879 0.01764706 -995
46 196.24266 1294.964 0.01764706 -1028
47 196.81776 1305.3201 0.01764706 -1044
48 196.81776 1320.3123 0.01764706 -1049
0 1018.0574 679.646 0.01764706 -102
1 1013.5608 678.64655 0.01764706 -102
2 1001.5261 678.64655 0.01764706 -120
3 991.0714 678.64655 0.01764706 -153
4 978.92664 678.64655 0.01764706 -169
5 963.56903 678.64655 0.015686275 -186
6 947.6862 678.64655 0.01764706 -202
7 928.4116 678.64655 0.01764706 -219
8 904.96985 678.64655 0.015686275 -235
9 878.5347 678.64655 0.01764706 -252
10 846.603 678.64655 0.015686275 -268
11 809.52386 678.64655 0.01764706 -285
12 774.6334 678.64655 0.01764706 -301
13 739.48956 678.64655 0.015686275 -318
14 708.53217 677.6588 0.01764706 -334
15 677.6457 677.64703 0.01764706 -351
16 651.2459 677.64703 0.01764706 -367
17 601.66174 677.64703 0.015686275 -384
18 580.6168 677.025 0.01764706 -417
19 559.4215 675.0861 0.01764706 -434
20 541.9374 673.6491 0.01764706 -450
21 513.1748 672.3798 0.01764706 -467
22 500.88184 669.3756 0.01764706 -500
23 488.851 668.5523 0.01764706 -516
24 478.4919 668.65173 0.01764706 -533
25 464.11227 667.6522 0.01764706 -549
26 459.14807 667.6522 0.01764706 -582
27 455.37485 667.6522 0.01764706 -599
28 452.09103 667.6522 0.01764706 -615
29 449.80426 668.0416 0.01764706 -632
30 446.01498 671.2224 0.01764706 -648
31 441.8344 689.41473 0.01764706 -665
32 437.1993 708.2146 0.01764706 -681
33 434.5481 747.4034 0.01764706 -698
34 431.61594 793.1193 0.01764706 -714
35 432.47424 832.3078 0.01764706 -731
36 430.8288 875.7617 0.01764706 -747
37 428.60315 966.6373 0.01764706 -764
38 428.05017 1004.88605 0.01764706 -797
39 427.60406 1049.3568 0.01764706 -813
40 428.04706 1086.8495 0.01764706 -830
41 429.60223 1125.3582 0.01764706 -846
42 430.6013 1197.5005 0.01764706 -863
43 432.86392 1299.5873 0.01764706 -896
44 433.78772 1354.7334 0.01764706 -929
45 433.5985 1390.4785 0.01764706 -945
46 433.73123 1439.8992 0.01764706 -962
47 434.5976 1538.7142 0.01764706 -979
48 434.5976 1571.8381 0.01764706 -1012
49 434.5976 1614.9991 0.01764706 -1028
50 433.5985 1637.1473 0.01764706 -1045
51 433.5985 1661.1348 0.01764706 -1060
0 1017.0583 677.64703 0.01764706 -143
1 1007.8922 677.64703 0.015686275 -143
2 997.8351 677.64703 0.01764706 -161
3 990.0943 677.64703 0.01764706 -177
4 981.1068 678.89264 0.01764706 -194
5 968.42786 678.64655 0.01764706 -210
6 953.70984 679.9467 0.01764706 -227
7 939.4103 680.8911 0.01764706 -243
8 901.12646 683.6439 0.01764706 -260
9 858.8638 685.6429 0.015686275 -293
10 801.50946 684.5966 0.015686275 -326
11 745.7545 683.6736 0.01764706 -359
12 698.16986 683.6439 0.01764706 -392
13 651.8587 681.64496 0.01764706 -425
14 626.5861 679.9663 0.01764706 -458
15 583.21906 679.646 0.01764706 -475
16 563.49854 678.64655 0.01764706 -508
17 545.2097 678.64655 0.015686275 -524
18 520.57214 677.64703 0.01764706 -541
19 497.75772 676.6476 0.01764706 -574
20 481.40784 676.6476 0.01764706 -607
21 475.42734 676.6476 0.01764706 -640
22 471.40277 676.6476 0.01764706 -656
23 465.18408 676.6476 0.01764706 -673
24 461.30005 681.4636 0.01764706 -706
25 458.2305 696.01843 0.01764706 -739
26 455.5782 721.24524 0.01764706 -755
27 454.5791 750.3021 0.01764706 -788
28 456.9967 779.9525 0.01764706 -805
29 458.31387 811.4362 0.01764706 -821
30 459.57446 850.0125 0.01764706 -838
31 461.18472 885.77313 0.01764706 -854
32 463.11133 928.6186 0.01764706 -871
33 465.0441 968.3125 0.01764706 -888
34 467.56708 1051.0955 0.01764706 -904
35 468.8319 1086.021 0.01764706 -937
36 468.56613 1131.5966 0.01764706 -954
37 468.44348 1231.7958 0.01764706 -970
38 468.56613 1302.9957 0.01764706 -1003
39 467.56708 1387.3503 0.01764706 -1036
40 464.56985 1484.7128 0.01764706 -1069
41 462.6772 1534.0333 0.01764706 -1102
42 460.6786 1572.1835 0.01764706 -1119
43 459.57446 1616.3973 0.01764706 -1135
44 458.5754 1634.1488 0.01764706 -1152
45 457.57632 1661.1348 0.01764706 -1160
0 686.3645 362.81104 0.015686275 -43
1 686.3645 362.81104 0.015686275 -43
2 683.8726 361.5646 0.01764706 -62
3 679.9203 361.81155 0.01764706 -78
4 674.52277 361.81155 0.01764706 -95
5 666.187 361.81155 0.01764706 -111
6 654.7644 361.81155 0.01764706 -128
7 641.34906 361.81155 0.01764706 -144
8 626.54663 361.81155 0.01764706 -161
9 604.8851 364.04266 0.01764706 -177
10 584.11505 364.81 0.01764706 -194
11 561.183 368.1911 0.01764706 -210
12 536.50323 369.80737 0.01764706 -227
13 522.5162 371.80634 0.01764706 -242
14 493.54303 375.80426 0.01764706 -267
15 448.66266 381.0578 0.01764706 -267
16 396.364 387.6856 0.01764706 -293
17 370.21518 391.71014 0.01764706 -326
18 345.8991 392.69385 0.01764706 -342
19 323.31418 394.64777 0.01764706 -359
20 302.38217 396.55145 0.01764706 -375
21 283.63217 397.47134 0.01764706 -392
22 266.24 397.79282 0.01764706 -408
23 232.47427 399.3191 0.01764706 -425
24 219.79424 398.7923 0.01764706 -458
25 207.66997 398.7923 0.01764706 -474
26 196.24866 398.7923 0.01764706 -491
27 179.47557 398.7923 0.01764706 -507
28 169.93715 398.7923 0.01764706 -540
29 163.35188 399.54034 0.01764706 -574
30 161.17313 401.4685 0.01764706 -607
31 159.28847 403.91772 0.01764706 -623
32 157.85384 409.169 0.01764706 -640
33 157.85384 422.45276 0.01764706 -656
34 159.90746 446.26727 0.01764706 -689
35 167.6398 491.30923 0.01764706 -722
36 174.5512 560.964 0.01764706 -755
37 178.40208 637.5806 0.01764706 -788
38 178.83441 678.0703 0.01764706 -821
39 180.29097 717.784 0.01764706 -838
40 181.83163 792.49097 0.01764706 -854
41 184.96378 880.86285 0.01764706 -887
42 185.82794 918.9818 0.01764706 -920
43 186.82701 985.38605 0.01764706 -937
44 186.82701 1021.08105 0.01764706 -970
45 188.66515 1087.3904 0.01764706 -986
46 189.82423 1159.0443 0.01764706 -1019
47 190.69418 1196.9209 0.01764706 -1052
48 191.82239 1230.9553 0.01764706 -1069
49 191.66321 1264.6326 0.01764706 -1085
50 191.82239 1294.352 0.01764706 -1102
51 190.82332 1321.5543 0.01764706 -1118
52 190.82332 1346.6594 0.01764706 -1135
53 190.82332 1348.2977 0.01764706 -1152
54 190.82332 1358.2925 0.01764706 -1153
0 716.33673 399.79178 0.01764706 -66
1 716.33673 399.79178 0.01764706 -66
2 712.7855 397.51575 0.01764706 -84
3 710.3423 396.79333 0.015686275 -101
4 706.346 395.79385 0.015686275 -107
5 681.3691 390.79645 0.01764706 -157
6 665.3839 388.7975 0.01764706 -157
7 656.3922 387.798 0.01764706 -173
8 625.4209 384.79956 0.01764706 -206
9 607.39215 383.51132 0.01764706 -206
10 577.4419 379.26602 0.01764706 -217
11 562.4792 377.80322 0.01764706 -233
12 543.49677 375.80426 0.01764706 -240
13 501.5356 370.80685 0.01764706 -264
14 480.55505 367.8084 0.01764706 -264
15 457.57632 364.81 0.01764706 -273
16 433.5985 360.81207 0.01764706 -289
17 410.6198 358.8131 0.01764706 -289
18 321.70212 349.81778 0.01764706 -340
19 307.7151 347.81885 0.01764706 -340
20 295.7262 346.81937 0.01764706 -348
21 254.76411 345.8199 0.01764706 -391
22 231.03526 344.8204 0.01764706 -391
23 228.78816 344.8204 0.01764706 -415
24 221.79463 344.8204 0.01764706 -417
25 195.8187 343.82092 0.01764706 -459
26 180.99496 343.82092 0.01764706 -459
27 164.84737 343.82092 0.01764706 -481
28 159.85199 343.82092 0.01764706 -503
29 127.88159 357.81363 0.01764706 -623
30 124.185745 372.70074 0.01764706 -623
31 122.275345 389.9113 0.01764706 -646
32 121.887146 393.7949 0.01764706 -662
33 121.887146 405.78864 0.01764706 -666
34 121.887146 427.7772 0.01764706 -692
35 120.88807 496.77206 0.01764706 -692
36 120.88807 534.33496 0.01764706 -728
37 121.887146 602.03973 0.01764706 -745
38 121.887146 654.2282 0.01764706 -762
39 121.887146 708.3923 0.01764706 -778
40 122.80338 759.53174 0.01764706 -795
41 124.74287 808.0382 0.01764706 -811
42 126.882515 859.2321 0.01764706 -828
43 128.64946 911.50854 0.01764706 -844
44 130.87881 965.4543 0.01764706 -861
45 132.6199 1013.5251 0.01764706 -877
46 134.37695 1065.4641 0.01764706 -894
47 138.0637 1120.3319 0.01764706 -910
48 144.2033 1224.4093 0.015686275 -927
49 145.86494 1266.0994 0.01764706 -960
50 146.86401 1326.276 0.01764706 -976
51 146.86401 1357.2672 0.01764706 -1009
52 146.86401 1371.2858 0.01764706 -1042
53 147.8631 1377.2826 0.01764706 -1060
0 746.30896 391.79593 0.015686275 -60
1 746.30896 391.79593 0.015686275 -60
2 746.30896 391.79593 0.015686275 -76
3 739.3154 391.79593 0.01764706 -109
4 733.2232 390.79645 0.01764706 -109
5 722.3312 389.79697 0.015686275 -120
6 715.33765 389.79697 0.015686275 -133
7 693.35803 388.7975 0.01764706 -167
8 675.22766 387.798 0.01764706 -167
9 675.22766 387.798 0.01764706 -185
10 629.41724 384.79956 0.01764706 -216
11 612.4329 382.80063 0.01764706 -216
12 572.4699 378.8027 0.015686275 -241
13 547.49304 374.80478 0.01764706 -241
14 524.51434 372.80582 0.01764706 -249
15 499.53748 370.80685 0.015686275 -266
16 478.5569 367.8084 0.01764706 -266
17 457.57632 365.80948 0.01764706 -274
18 438.5939 363.81052 0.01764706 -291
19 422.6087 360.81207 0.01764706 -291
20 409.62073 359.8126 0.01764706 -299
21 387.64108 359.8126 0.01764706 -325
22 366.6605 359.8126 0.01764706 -325
23 358.6679 359.8126 0.01764706 -341
24 315.70767 357.81363 0.01764706 -391
25 305.71692 356.81415 0.01764706 -391
26 256.76227 353.8157 0.01764706 -442
27 246.77151 352.81622 0.01764706 -442
28 236.78076 350.81726 0.01764706 -450
29 191.82239 349.81778 0.01764706 -508
30 176.58026 349.81778 0.01764706 -508
31 168.76823 349.81778 0.01764706 -532
32 162.11018 349.81778 0.01764706 -549
33 154.85661 349.81778 0.01764706 -565
34 152.85846 349.81778 0.01764706 -585
35 146.86401 356.81415 0.01764706 -637
36 145.50717 360.88638 0.01764706 -637
37 144.86586 372.16675 0.01764706 -648
38 147.06026 386.17386 0.01764706 -664
39 148.86217 396.79333 0.01764706 -681
40 150.86032 407.7876 0.01764706 -688
41 153.85754 430.77563 0.01764706 -714
42 161.4891 484.6759 0.01764706 -714
43 169.8413 564.3621 0.01764706 -747
44 174.09856 607.54083 0.01764706 -780
45 176.38362 650.78754 0.01764706 -797
46 178.33035 692.5486 0.01764706 -813
47 180.2587 733.55554 0.01764706 -830
48 182.18622 770.6967 0.01764706 -846
49 186.03453 843.6961 0.01764706 -863
50 188.13194 887.2728 0.01764706 -896
51 191.82239 987.88214 0.01764706 -912
52 197.00108 1089.836 0.01764706 -945
53 197.97897 1139.9502 0.01764706 -978
54 198.95045 1188.0172 0.01764706 -995
55 199.81499 1235.6775 0.01764706 -1011
56 200.94891 1321.0116 0.01764706 -1028
57 200.81406 1368.2874 0.01764706 -1061
58 200.81406 1383.2795 0.01764706 -1084
0 1015.0601 729.62 0.013725491 -110
1 1009.64 729.62 0.013725491 -110
2 988.8416 729.62 0.013725491 -120
3 975.37683 729.62 0.013725491 -153
4 975.37683 729.62 0.013725491 -169
5 919.1489 703.6335 0.015686275 -192
6 919.1489 703.6335 0.015686275 -192
7 919.1489 703.6335 0.015686275 -200
8 798.26086 512.7329 0.01764706 -242
9 796.2627 512.7329 0.01764706 -242
10 796.2627 542.71735 0.021568628 -258
11 783.2748 532.72253 0.01764706 -283
12 763.2933 525.7262 0.01764706 -283
13 756.29974 547.7147 0.021568628 -300
14 732.3219 533.722 0.01764706 -325
15 716.38306 528.04333 0.01764706 -325
16 706.346 525.7262 0.01764706 -335
17 698.3534 546.7152 0.021568628 -342
18 669.3802 531.723 0.01764706 -367
19 658.3904 526.72565 0.01764706 -367
20 649.3987 546.7152 0.021568628 -375
21 637.4098 632.6705 0.015686275 -409
22 632.4144 641.6658 0.01764706 -409
23 632.4144 641.6658 0.01764706 -417
24 576.46625 683.6439 0.01764706 -442
25 541.53784 678.64655 0.015686275 -442
26 523.7426 676.89496 0.015686275 -500
27 492.27835 676.6476 0.01764706 -516
28 479.3038 676.6476 0.015686275 -549
29 461.12537 675.2864 0.01764706 -566
30 450.17117 674.6486 0.01764706 -599
31 446.27078 674.6486 0.01764706 -632
32 442.48407 674.6486 0.01764706 -648
33 438.7124 674.6486 0.01764706 -665
34 436.74942 674.6486 0.01764706 -681
35 434.8711 674.6486 0.01764706 -698
36 432.94147 675.96326 0.01764706 -714
37 429.21692 701.94836 0.01764706 -731
38 428.60315 704.633 0.01764706 -764
39 424.60684 700.6351 0.021568628 -769
40 366.6605 684.6434 0.01764706 -819
41 366.6605 684.6434 0.01764706 -819
42 366.6605 735.8839 0.01764706 -830
43 367.65958 823.1929 0.01764706 -847
44 369.65372 877.46704 0.01764706 -880
45 370.6568 933.41296 0.01764706 -896
46 373.5786 991.59644 0.01764706 -913
47 376.42795 1041.3229 0.01764706 -929
48 379.3801 1098.1901 0.01764706 -946
49 382.31238 1156.0591 0.01764706 -962
50 384.2491 1215.465 0.01764706 -979
51 387.42392 1275.5104 0.015686275 -995
52 390.36615 1375.9247 0.01764706 -1012
53 391.6374 1464.4109 0.015686275 -1045
54 391.6374 1488.2249 0.01764706 -1078
55 390.6383 1500.2186 0.01764706 -1087
0 714.33856 427.7772 0.01764706 -105
1 714.33856 427.7772 0.01764706 -105
2 707.7251 425.77823 0.01764706 -115
3 699.09235 424.46384 0.01764706 -148
4 688.535 424.77875 0.01764706 -165
5 657.6744 424.77875 0.01764706 -181
6 635.4722 426.04532 0.01764706 -214
7 576.9754 429.00925 0.01764706 -231
8 511.36246 433.8468 0.01764706 -264
9 476.30316 434.77356 0.01764706 -297
10 448.1951 435.86563 0.01764706 -313
11 418.33618 435.773 0.01764706 -330
12 390.8504 435.773 0.01764706 -346
13 364.37137 435.773 0.01764706 -363
14 310.9322 432.98917 0.01764706 -380
15 255.19943 424.4126 0.01764706 -413
16 250.7678 423.77927 0.01764706 -446
17 237.77983 420.78082 0.01764706 -448
18 200.81406 414.78397 0.01764706 -481
19 178.83441 411.78552 0.01764706 -481
20 170.84181 409.78656 0.01764706 -498
21 152.85846 406.78812 0.01764706 -532
22 140.85939 406.78812 0.01764706 -532
23 136.32025 406.78812 0.01764706 -561
24 132.27832 406.78812 0.01764706 -578
25 129.71161 406.78812 0.01764706 -594
26 127.81429 407.85492 0.01764706 -611
27 125.91339 409.7566 0.01764706 -627
28 124.0165 416.25787 0.01764706 -644
29 122.886215 424.8588 0.01764706 -660
30 122.886215 435.92346 0.01764706 -677
31 122.886215 464.79895 0.01764706 -693
32 124.88437 492.74335 0.01764706 -726
33 125.88344 504.7371 0.01764706 -748
34 128.88066 539.7189 0.01764706 -773
35 132.65637 598.48016 0.01764706 -773
36 138.90065 695.34015 0.01764706 -793
37 139.89273 743.1917 0.01764706 -825
38 140.83116 793.5489 0.01764706 -842
39 142.86772 892.4191 0.01764706 -858
40 145.86494 975.4919 0.01764706 -891
41 146.86401 1002.47784 0.01764706 -918
42 148.86217 1060.4476 0.01764706 -943
43 150.86032 1090.432 0.01764706 -943
44 151.85939 1118.4175 0.01764706 -951
45 157.85384 1232.3582 0.01764706 -992
46 159.72374 1284.993 0.01764706 -992
47 160.65341 1332.1624 0.01764706 -1008
48 161.85014 1358.2925 0.01764706 -1024
49 162.84921 1379.2816 0.01764706 -1033
0 692.35895 376.80374 0.015686275 -51
1 691.01184 375.4561 0.01764706 -51
2 685.5049 375.80426 0.01764706 -70
3 676.5945 373.44968 0.01764706 -87
4 661.81946 372.80582 0.01764706 -103
5 612.53986 369.54797 0.01764706 -120
6 582.9127 367.5054 0.01764706 -153
7 550.4917 367.8084 0.01764706 -170
8 520.48474 365.80948 0.01764706 -186
9 487.6264 365.80948 0.01764706 -203
10 459.06784 365.80948 0.01764706 -219
11 428.50623 366.80893 0.01764706 -236
12 399.82733 365.80948 0.01764706 -252
13 371.5836 365.80948 0.01764706 -269
14 344.98465 363.81052 0.01764706 -285
15 301.72064 361.81155 0.01764706 -302
16 289.73172 361.81155 0.01764706 -328
17 267.75208 361.81155 0.01764706 -353
18 248.68355 361.81155 0.01764706 -353
19 216.40456 359.32782 0.01764706 -368
20 212.80296 359.8126 0.01764706 -400
21 206.80852 359.8126 0.01764706 -405
22 195.8187 359.8126 0.01764706 -430
23 177.1404 361.98535 0.01764706 -430
24 173.46065 363.9998 0.01764706 -466
25 169.64067 367.01108 0.01764706 -482
26 165.77315 373.95193 0.01764706 -499
27 162.88358 386.55786 0.01764706 -516
28 162.84921 419.4108 0.01764706 -532
29 165.41052 466.21234 0.01764706 -565
30 167.3906 497.47025 0.01764706 -598
31 169.3062 526.596 0.01764706 -615
32 171.23935 563.6647 0.01764706 -631
33 173.15848 606.3355 0.01764706 -648
34 175.08363 647.31476 0.01764706 -664
35 177.10474 692.8199 0.01764706 -681
36 179.98967 755.67084 0.01764706 -697
37 181.9336 801.9295 0.01764706 -714
38 183.88171 845.65106 0.01764706 -730
39 184.82886 891.9024 0.01764706 -747
40 187.76125 937.668 0.01764706 -763
41 189.75691 981.1414 0.01764706 -780
42 192.73807 1030.4601 0.01764706 -796
43 199.64252 1131.4401 0.01764706 -813
44 206.53404 1231.765 0.01764706 -846
45 208.80666 1318.9026 0.01764706 -879
46 209.80574 1357.8411 0.01764706 -912
47 209.80574 1374.2842 0.01764706 -928
48 208.80666 1387.2775 0.01764706 -938
0 1018.0574 675.6481 0.015686275 -166
1 1003.4575 675.6481 0.01764706 -166
2 986.15857 675.6481 0.01764706 -184
3 967.0792 675.6481 0.015686275 -200
4 921.88324 675.6481 0.015686275 -217
5 893.5807 675.6481 0.01764706 -250
6 861.64496 675.6481 0.015686275 -266
7 827.73236 675.6481 0.01764706 -283
8 790.9242 675.6481 0.01764706 -299
9 756.6415 675.6481 0.01764706 -316
10 723.3618 675.6481 0.01764706 -332
11 694.1572 675.6481 0.01764706 -349
12 663.6035 675.6481 0.015686275 -365
13 636.11163 675.6481 0.01764706 -382
14 608.064 674.7648 0.015686275 -398
15 581.7265 674.6486 0.01764706 -415
16 555.25867 673.8623 0.015686275 -431
17 534.38403 673.6491 0.015686275 -448
18 516.0427 672.64966 0.01764706 -464
19 499.08365 672.64966 0.01764706 -481
20 485.5947 672.64966 0.01764706 -497
21 467.3335 672.64966 0.01764706 -514
22 454.12747 672.64966 0.01764706 -547
23 448.3411 672.64966 0.01764706 -580
24 444.60498 672.64966 0.01764706 -597
25 440.79263 672.64966 0.01764706 -613
26 437.8079 673.4359 0.01764706 -630
27 433.51035 682.6054 0.01764706 -646
28 428.36993 697.9535 0.01764706 -663
29 424.53668 723.46594 0.01764706 -679
30 421.16473 756.17633 0.01764706 -696
31 419.2576 803.4994 0.01764706 -712
32 419.61148 857.0809 0.01764706 -729
33 419.61148 893.2537 0.01764706 -745
34 423.73853 1038.8147 0.01764706 -762
35 424.6959 1099.9031 0.01764706 -795
36 426.67175 1135.6779 0.01764706 -811
37 427.60406 1183.6537 0.01764706 -828
38 430.60126 1238.3542 0.01764706 -844
39 433.58032 1288.0377 0.01764706 -861
40 436.5207 1342.8358 0.01764706 -877
41 438.53745 1381.2068 0.01764706 -894
42 440.51266 1430.7456 0.01764706 -910
43 442.4858 1486.3448 0.01764706 -927
44 442.5902 1534.6531 0.01764706 -943
45 443.58926 1589.0936 0.01764706 -960
46 443.58926 1622.9763 0.01764706 -976
47 443.58926 1661.6567 0.01764706 -993
48 443.58926 1677.1265 0.01764706 -1009
49 443.58926 1687.1212 0.01764706 -1018
0 1017.0583 675.6481 0.01764706 -135
1 1014.6819 675.6481 0.01764706 -135
2 1002.3268 675.6481 0.01764706 -144
3 986.7686 675.6481 0.01764706 -177
4 972.9093 675.6481 0.015686275 -210
5 940.07745 675.6481 0.01764706 -226
6 894.3689 674.5869 0.01764706 -259
7 834.7178 673.5548 0.01764706 -292
8 800.18524 673.6491 0.015686275 -325
9 767.79205 673.6491 0.01764706 -342
10 732.1963 673.6491 0.015686275 -358
11 700.3995 672.64966 0.015686275 -375
12 669.73364 672.64966 0.015686275 -391
13 642.45135 670.7254 0.01764706 -408
14 591.924 669.94037 0.015686275 -425
15 573.2493 664.58057 0.01764706 -458
16 550.5208 657.75665 0.015686275 -474
17 531.96686 653.5245 0.015686275 -491
18 499.26288 644.7285 0.01764706 -507
19 478.18015 640.6663 0.015686275 -540
20 464.6745 640.6663 0.01764706 -573
21 461.27036 640.6663 0.01764706 -607
22 455.41046 645.7756 0.01764706 -623
23 451.69028 649.55316 0.01764706 -640
24 447.90408 652.50073 0.01764706 -656
25 444.1427 655.10486 0.01764706 -673
26 441.35852 660.1218 0.01764706 -689
27 440.59204 661.6554 0.01764706 -706
28 432.59946 654.659 0.021568628 -709
29 432.59946 686.64233 0.01764706 -735
30 432.59946 750.9335 0.01764706 -735
31 433.78384 797.96387 0.01764706 -772
32 433.5985 857.1626 0.01764706 -788
33 433.5985 911.7327 0.01764706 -805
34 433.5985 947.8501 0.01764706 -822
35 432.59946 995.5814 0.01764706 -838
36 432.59946 1096.0448 0.01764706 -855
37 433.5985 1190.1564 0.01764706 -888
38 433.5985 1237.3022 0.01764706 -921
39 432.9655 1278.3423 0.01764706 -937
40 433.85986 1321.4507 0.01764706 -954
41 431.99496 1365.5743 0.01764706 -970
42 430.6013 1417.6581 0.01764706 -987
43 428.60315 1554.9912 0.01764706 -1003
44 424.60684 1680.118 0.01764706 -1053
45 424.60684 1683.1233 0.01764706 -1119
46 423.6078 1690.1196 0.01764706 -1122
0 1017.0583 676.6476 0.015686275 -125
1 1002.6936 676.5846 0.015686275 -125
2 977.0062 675.6481 0.01764706 -152
3 960.8999 675.6481 0.015686275 -184
4 942.96924 675.6481 0.015686275 -201
5 921.03674 675.6481 0.01764706 -217
6 896.8518 675.6481 0.015686275 -234
7 844.04443 676.6476 0.015686275 -250
8 816.19275 679.1158 0.01764706 -284
9 783.949 678.64655 0.01764706 -300
10 757.28485 680.93304 0.01764706 -317
11 727.5106 681.64496 0.01764706 -333
12 700.21423 683.7314 0.01764706 -350
13 673.6367 685.6957 0.015686275 -366
14 647.0617 682.6952 0.01764706 -383
15 599.9247 680.85205 0.01764706 -399
16 564.3832 679.646 0.01764706 -432
17 549.62415 679.646 0.01764706 -465
18 538.6408 679.646 0.01764706 -482
19 530.5972 679.646 0.01764706 -498
20 523.00946 679.646 0.01764706 -515
21 516.55756 679.646 0.01764706 -531
22 507.40842 679.646 0.01764706 -548
23 501.65274 680.5283 0.01764706 -581
24 496.93338 696.6697 0.01764706 -614
25 493.16708 710.13525 0.01764706 -647
26 490.5458 744.8035 0.01764706 -680
27 487.50256 806.31714 0.01764706 -713
28 485.72498 871.1003 0.01764706 -746
29 484.96658 916.53503 0.01764706 -779
30 482.1054 963.5658 0.01764706 -795
31 480.55505 1004.9631 0.01764706 -812
32 479.55597 1055.069 0.01764706 -828
33 478.5569 1108.9955 0.01764706 -845
34 479.5083 1158.0172 0.01764706 -862
35 476.607 1205.0271 0.01764706 -878
36 474.11786 1248.8832 0.01764706 -895
37 471.13654 1297.0146 0.01764706 -911
38 467.77762 1358.8932 0.01764706 -928
39 468.56613 1384.244 0.01764706 -944
40 468.56613 1437.4022 0.01764706 -961
41 467.56708 1493.4213 0.01764706 -977
42 466.23346 1546.2397 0.01764706 -994
43 463.28836 1617.3975 0.01764706 -1010
44 461.13492 1645.8386 0.01764706 -1043
45 459.57446 1679.8563 0.01764706 -1060
46 457.57632 1696.1166 0.01764706 -1076
47 456.57724 1700.1145 0.01764706 -1097
0 1016.0592 668.65173 0.013725491 -164
1 1008.373 667.6522 0.013725491 -164
2 985.09235 667.6522 0.013725491 -174
3 968.0431 667.6522 0.013725491 -207
4 949.3062 667.6522 0.013725491 -223
5 949.3062 667.6522 0.013725491 -240
6 893.173 652.66003 0.015686275 -271
7 891.17487 653.65955 0.013725491 -271
8 891.17487 653.65955 0.013725491 -279
9 831.23035 653.65955 0.015686275 -313
10 828.2331 654.659 0.013725491 -313
11 828.2331 654.659 0.013725491 -320
12 678.3719 476.75168 0.01764706 -345
13 678.3719 476.75168 0.01764706 -345
14 680.37006 497.74075 0.021568628 -354
15 660.38855 510.73398 0.021568628 -387
16 654.3941 516.73083 0.021568628 -387
17 597.44684 493.74283 0.01764706 -421
18 590.4533 504.7371 0.021568628 -421
19 583.4598 511.73346 0.021568628 -429
20 565.47644 587.6939 0.015686275 -463
21 565.47644 587.6939 0.015686275 -463
22 535.50415 650.6611 0.015686275 -488
23 533.50604 649.6616 0.015686275 -488
24 533.50604 649.6616 0.015686275 -497
25 490.5458 644.66425 0.015686275 -522
26 490.5458 644.66425 0.015686275 -522
27 462.5717 632.6705 0.015686275 -539
28 441.31406 631.67096 0.01764706 -539
29 439.3346 633.9284 0.01764706 -653
30 431.39246 645.9757 0.01764706 -669
31 427.55838 650.7296 0.01764706 -702
32 424.60684 659.65643 0.01764706 -719
33 417.6133 652.66003 0.021568628 -745
34 417.6133 685.6429 0.01764706 -771
35 417.6133 699.2697 0.01764706 -771
36 419.61148 747.4977 0.01764706 -785
37 418.6124 769.0732 0.01764706 -818
38 418.6124 769.0732 0.021568628 -834
39 414.6161 809.5783 0.01764706 -857
40 410.6198 808.57886 0.021568628 -857
41 346.67902 824.5705 0.01764706 -900
42 346.67902 836.74945 0.01764706 -900
43 346.59073 870.61865 0.01764706 -917
44 349.4847 918.0714 0.01764706 -933
45 349.67624 939.5106 0.01764706 -950
46 349.67624 939.5106 0.01764706 -959
47 353.67252 1061.4471 0.01764706 -985
48 353.67252 1077.4388 0.01764706 -985
49 353.67252 1077.4388 0.01764706 -1001
50 357.66882 1185.3826 0.01764706 -1026
51 356.66974 1224.2318 0.01764706 -1026
52 356.66974 1230.3591 0.01764706 -1049
53 356.66974 1230.3591 0.01764706 -1051
54 414.6161 1548.1936 0.01764706 -1092
55 412.8499 1570.396 0.01764706 -1092
56 410.82974 1611.2191 0.01764706 -1115
57 409.62073 1633.2936 0.01764706 -1132
58 407.7708 1672.0516 0.01764706 -1148
59 404.62534 1695.1171 0.01764706 -1165
60 403.62628 1702.1134 0.01764706 -1191
0 1015.0601 675.6481 0.015686275 -91
1 954.7313 674.6486 0.015686275 -91
2 929.2542 673.6491 0.01764706 -151
3 902.16626 673.6491 0.015686275 -168
4 875.73975 673.6491 0.015686275 -184
5 847.7788 673.6491 0.015686275 -201
6 820.4019 673.6491 0.01764706 -217
7 789.22345 673.6491 0.015686275 -234
8 759.634 672.64966 0.013725491 -250
9 727.019 672.64966 0.015686275 -267
10 697.925 671.65015 0.013725491 -284
11 636.5573 669.7276 0.015686275 -300
12 605.9565 667.6522 0.015686275 -333
13 582.04315 665.1282 0.015686275 -350
14 558.4409 662.65485 0.013725491 -366
15 555.48566 662.65485 0.015686275 -383
16 555.48566 662.65485 0.015686275 -384
17 479.55597 655.6585 0.01764706 -426
18 479.55597 655.6585 0.01764706 -426
19 475.08826 655.6585 0.01764706 -449
20 468.0545 658.91284 0.01764706 -482
21 466.279 658.6569 0.01764706 -515
22 464.4099 659.65643 0.01764706 -531
23 461.57263 662.6873 0.01764706 -548
24 461.57263 663.65436 0.01764706 -581
25 454.5791 655.6585 0.021568628 -589
26 458.5754 681.64496 0.01764706 -615
27 459.57446 703.6335 0.01764706 -615
28 455.5782 700.6351 0.021568628 -641
29 460.57355 744.6122 0.01764706 -666
30 465.06662 773.7075 0.01764706 -666
31 467.07474 810.70734 0.01764706 -680
32 471.8788 852.6432 0.01764706 -696
33 470.5643 890.36053 0.01764706 -713
34 474.5606 1006.9084 0.01764706 -729
35 474.5606 1059.7961 0.01764706 -762
36 473.56152 1117.3749 0.01764706 -779
37 473.56152 1169.0328 0.01764706 -795
38 472.56244 1224.5856 0.01764706 -812
39 472.56244 1239.3545 0.01764706 -828
40 468.56613 1238.355 0.021568628 -836
41 470.5643 1305.3201 0.01764706 -861
42 470.5643 1363.2899 0.01764706 -861
43 467.56708 1363.2899 0.021568628 -878
44 469.56522 1430.255 0.01764706 -902
45 466.53525 1551.716 0.01764706 -902
46 464.5145 1598.8295 0.01764706 -944
47 462.4945 1625.0806 0.01764706 -961
48 460.45587 1665.0774 0.01764706 -977
49 458.416 1685.5581 0.01764706 -994
50 457.57632 1692.1187 0.01764706 -1010
51 456.57724 1700.1145 0.01764706 -1017
0 1018.0574 729.62 0.013725491 -130
1 1010.6046 729.62 0.013725491 -130
2 986.9438 729.62 0.013725491 -140
3 968.83826 729.62 0.013725491 -173
4 949.1187 729.62 0.013725491 -189
5 897.5199 729.62 0.013725491 -206
6 827.9641 729.62 0.013725491 -239
7 754.3564 727.62103 0.013725491 -272
8 718.26294 727.62103 0.015686275 -305
9 693.1381 724.83514 0.013725491 -322
10 677.3728 719.6252 0.015686275 -338
11 677.3728 719.6252 0.015686275 -347
12 480.55505 518.7298 0.01764706 -389
13 487.54858 546.7152 0.021568628 -389
14 507.53006 637.66785 0.015686275 -422
15 506.531 648.6621 0.015686275 -422
16 506.531 648.6621 0.015686275 -431
17 377.65033 508.73502 0.01764706 -464
18 375.47845 508.73502 0.01764706 -464
19 367.28543 505.27866 0.01764706 -487
20 361.46182 504.7371 0.01764706 -520
21 352.06064 504.7371 0.01764706 -536
22 344.41705 504.7371 0.01764706 -569
23 344.41705 504.7371 0.01764706 -602
24 415.61517 737.6158 0.01764706 -644
25 415.61517 737.6158 0.01764706 -644
26 415.61517 737.6158 0.01764706 -652
27 409.62073 728.6205 0.021568628 -661
28 376.65125 677.64703 0.01764706 -695
29 376.65125 677.64703 0.01764706 -695
30 417.6133 863.55023 0.01764706 -729
31 417.6133 877.5429 0.01764706 -729
32 413.61703 876.54346 0.021568628 -746
33 414.6161 938.51117 0.01764706 -771
34 414.2178 1071.0232 0.01764706 -771
35 414.6161 1117.418 0.01764706 -817
36 410.6198 1116.4185 0.021568628 -831
37 412.61795 1183.3837 0.01764706 -856
38 412.61795 1262.0454 0.01764706 -856
39 413.61703 1368.5504 0.01764706 -883
40 413.61703 1441.9099 0.01764706 -916
41 412.61795 1497.8002 0.01764706 -933
42 411.61887 1553.4417 0.01764706 -949
43 411.61887 1602.2914 0.01764706 -966
44 409.3019 1624.9829 0.01764706 -982
45 408.27252 1643.2891 0.01764706 -999
46 405.28302 1678.2264 0.01764706 -1015
47 403.2713 1691.2511 0.01764706 -1032
48 403.2713 1691.2511 0.01764706 -1049
0 1018.0574 728.6205 0.013725491 -133
1 997.05176 728.6205 0.013725491 -133
2 983.9223 725.89966 0.013725491 -160
3 961.28076 719.2329 0.015686275 -177
4 952.1184 721.62415 0.013725491 -193
5 952.1184 721.62415 0.013725491 -199
6 878.1869 699.63556 0.015686275 -224
7 876.1887 699.63556 0.015686275 -224
8 876.1887 699.63556 0.015686275 -232
9 819.24146 694.6382 0.015686275 -248
10 819.24146 694.6382 0.015686275 -248
11 664.3848 527.72516 0.015686275 -289
12 655.3932 544.7163 0.021568628 -289
13 633.4135 532.72253 0.015686275 -307
14 504.4412 504.32507 0.01764706 -307
15 479.45038 501.57678 0.01764706 -359
16 459.25607 499.6079 0.01764706 -375
17 437.94162 497.74075 0.01764706 -392
18 403.8949 497.74075 0.01764706 -408
19 378.96405 497.1269 0.01764706 -441
20 367.96423 496.74127 0.01764706 -473
21 353.5748 496.74127 0.01764706 -489
22 348.88092 496.74127 0.01764706 -523
23 345.03745 496.74127 0.01764706 -539
24 341.19818 496.74127 0.01764706 -555
25 339.48935 496.74127 0.01764706 -572
26 335.73935 496.74127 0.01764706 -588
27 331.8333 501.45767 0.01764706 -621
28 330.69382 516.4522 0.01764706 -638
29 330.69382 526.41473 0.01764706 -654
30 330.69382 531.723 0.01764706 -671
31 330.69382 531.723 0.01764706 -682
32 336.68826 622.67566 0.01764706 -708
33 336.1468 624.8424 0.01764706 -708
34 337.68732 645.6637 0.01764706 -721
35 337.68732 645.6637 0.01764706 -742
36 346.67902 760.6038 0.01764706 -768
37 346.91965 814.5865 0.01764706 -768
38 348.70584 873.1766 0.01764706 -803
39 348.70584 873.1766 0.01764706 -819
40 354.6716 998.4799 0.01764706 -844
41 354.6716 998.4799 0.01764706 -844
42 355.6707 1057.4492 0.01764706 -869
43 355.6707 1057.4492 0.01764706 -869
44 355.6707 1122.4154 0.01764706 -886
45 355.6707 1138.4071 0.01764706 -886
46 355.6707 1138.4071 0.01764706 -903
47 411.61887 1492.2228 0.01764706 -960
48 412.61795 1550.1926 0.01764706 -960
49 409.62073 1550.1926 0.021568628 -977
50 409.62073 1612.1603 0.01764706 -1001
51 407.58017 1658.7723 0.01764706 -1001
52 405.62442 1683.1233 0.01764706 -1018
53 404.62534 1691.1191 0.01764706 -1034
0 1018.0574 731.61896 0.013725491 -100
1 1004.6105 730.61945 0.013725491 -100
2 977.6673 724.45166 0.013725491 -121
3 955.66675 719.771 0.015686275 -154
4 931.20514 718.9289 0.013725491 -171
5 905.6987 708.98615 0.015686275 -187
6 874.8401 701.1648 0.01764706 -204
7 811.4512 691.79 0.015686275 -221
8 739.97864 681.8297 0.015686275 -254
9 681.9695 680.3524 0.015686275 -287
10 671.37836 680.6455 0.015686275 -320
11 671.37836 680.6455 0.015686275 -326
12 587.45605 687.64185 0.01764706 -359
13 586.457 686.64233 0.015686275 -359
14 586.457 686.64233 0.015686275 -368
15 528.5106 685.6429 0.01764706 -393
16 512.09845 681.5595 0.01764706 -393
17 486.3968 680.6264 0.015686275 -436
18 464.33295 678.64655 0.01764706 -470
19 456.42065 678.64655 0.01764706 -503
20 450.29718 678.64655 0.01764706 -519
21 441.52686 678.64655 0.01764706 -536
22 436.15112 680.09076 0.01764706 -569
23 431.36383 700.0559 0.01764706 -602
24 427.53644 719.0992 0.01764706 -636
25 424.33386 766.1529 0.01764706 -669
26 421.39664 867.0095 0.01764706 -696
27 420.61053 928.51636 0.01764706 -729
28 415.61517 928.51636 0.021568628 -745
29 417.6133 1005.4763 0.01764706 -770
30 417.6133 1040.9551 0.01764706 -770
31 417.6133 1062.4467 0.01764706 -779
32 413.61703 1062.4467 0.021568628 -787
33 415.61517 1156.3977 0.01764706 -812
34 416.61426 1239.3545 0.01764706 -812
35 413.61703 1239.3545 0.021568628 -837
36 416.61426 1309.318 0.01764706 -862
37 417.6133 1422.1005 0.01764706 -862
38 417.6133 1424.2582 0.01764706 -894
39 414.6161 1423.2587 0.021568628 -895
40 414.6161 1492.2228 0.01764706 -920
41 415.61517 1611.5933 0.01764706 -920
42 415.61517 1654.0319 0.01764706 -960
43 415.61517 1679.7863 0.01764706 -977
44 415.61517 1687.1212 0.01764706 -993
45 415.61517 1693.1182 0.01764706 -1001
0 1014.06104 704.633 0.015686275 -141
1 1014.06104 704.633 0.015686275 -141
2 928.1406 700.6351 0.015686275 -181
3 928.1406 700.6351 0.015686275 -181
4 928.1406 700.6351 0.015686275 -189
5 883.18225 696.63715 0.015686275 -222
6 882.18317 696.63715 0.015686275 -222
7 882.18317 696.63715 0.015686275 -230
8 738.3164 512.7329 0.015686275 -256
9 736.31824 512.7329 0.01764706 -256
10 722.3312 532.72253 0.01764706 -280
11 713.3395 549.7137 0.021568628 -280
12 691.35986 537.7199 0.01764706 -297
13 670.3793 529.72406 0.01764706 -297
14 661.38763 543.7168 0.021568628 -305
15 642.4052 605.6845 0.015686275 -330
16 642.4052 605.6845 0.015686275 -330
17 599.44495 680.6455 0.01764706 -347
18 540.6397 674.2979 0.015686275 -347
19 504.24863 672.64966 0.01764706 -400
20 488.61707 672.64966 0.015686275 -431
21 469.1649 672.64966 0.015686275 -447
22 463.08646 672.64966 0.01764706 -480
23 459.0881 672.64966 0.01764706 -497
24 454.04492 672.64966 0.01764706 -513
25 452.1342 672.64966 0.01764706 -546
26 450.20932 672.64966 0.01764706 -563
27 448.3138 674.9196 0.01764706 -579
28 448.3138 674.9196 0.021568628 -596
29 440.59204 691.6398 0.01764706 -619
30 435.59668 689.6408 0.021568628 -619
31 439.59296 741.6137 0.01764706 -644
32 444.54205 832.96387 0.01764706 -644
33 446.40414 887.7997 0.01764706 -678
34 447.58557 940.8154 0.01764706 -695
35 448.58466 999.8123 0.01764706 -711
36 451.8103 1074.1277 0.01764706 -728
37 452.58093 1142.7623 0.01764706 -744
38 454.56827 1199.582 0.01764706 -761
39 453.94876 1248.5989 0.01764706 -777
40 454.5791 1300.9282 0.01764706 -794
41 454.5791 1356.6326 0.01764706 -811
42 453.58002 1401.0316 0.01764706 -827
43 453.03677 1452.818 0.01764706 -844
44 452.02444 1496.6897 0.01764706 -860
45 451.0422 1544.3784 0.01764706 -877
46 449.02765 1585.3152 0.01764706 -893
47 446.99585 1622.4188 0.01764706 -910
48 443.97546 1667.333 0.01764706 -926
49 442.5902 1683.1233 0.01764706 -943
50 441.59113 1692.1187 0.01764706 -954
0 669.3802 394.79437 0.01764706 -59
1 669.3802 394.79437 0.01764706 -59
2 661.80676 392.7954 0.01764706 -69
3 644.6739 391.79593 0.01764706 -102
4 613.2667 389.79697 0.01764706 -135
5 592.8283 389.79697 0.01764706 -168
6 568.58405 387.57584 0.01764706 -184
7 510.4862 387.798 0.01764706 -201
8 453.44012 387.798 0.01764706 -234
9 410.6198 384.79956 0.01764706 -267
10 396.63275 384.79956 0.01764706 -291
11 367.65958 384.79956 0.01764706 -316
12 339.6855 382.80063 0.01764706 -316
13 325.69843 382.80063 0.01764706 -333
14 311.71136 381.80115 0.01764706 -350
15 264.17383 378.84073 0.01764706 -350
16 244.91902 376.01874 0.01764706 -383
17 226.18994 375.80426 0.01764706 -399
18 212.08496 374.80478 0.01764706 -415
19 200.25548 374.80478 0.01764706 -432
20 190.66727 374.80478 0.01764706 -448
21 182.88776 374.80478 0.01764706 -465
22 176.58534 374.80478 0.01764706 -481
23 172.17404 375.80426 0.01764706 -498
24 168.34323 378.05353 0.01764706 -514
25 164.33847 380.05673 0.01764706 -531
26 161.7587 387.25595 0.01764706 -547
27 160.85106 404.78915 0.01764706 -564
28 161.85014 413.7845 0.01764706 -589
29 165.84644 456.7621 0.01764706 -632
30 166.84552 470.7548 0.01764706 -632
31 169.84274 498.74023 0.01764706 -658
32 172.32977 545.50275 0.01764706 -658
33 174.30699 586.5308 0.01764706 -680
34 176.19348 630.2308 0.01764706 -696
35 178.1086 677.21155 0.01764706 -713
36 177.83534 727.268 0.01764706 -729
37 179.89507 847.1608 0.01764706 -746
38 179.8335 897.5563 0.01764706 -779
39 180.86815 946.32635 0.01764706 -795
40 181.83212 996.4928 0.01764706 -812
41 181.83163 1047.1361 0.01764706 -828
42 182.83072 1098.3954 0.01764706 -845
43 185.73006 1146.1293 0.01764706 -861
44 186.74782 1198.2355 0.01764706 -878
45 186.82701 1248.9124 0.01764706 -894
46 187.82608 1297.4797 0.01764706 -911
47 188.82516 1342.3302 0.01764706 -927
48 188.82516 1362.2904 0.01764706 -944
49 188.82516 1379.2816 0.01764706 -952
0 1016.0592 677.64703 0.015686275 -164
1 1007.58936 677.64703 0.015686275 -164
2 966.80054 676.52905 0.015686275 -173
3 942.6525 675.44196 0.015686275 -206
4 913.55634 675.6481 0.015686275 -223
5 886.3529 675.6481 0.01764706 -239
6 848.2146 675.6481 0.015686275 -256
7 824.11615 674.6486 0.01764706 -275
8 726.91437 672.6888 0.015686275 -289
9 666.8691 671.65015 0.015686275 -338
10 616.1162 667.93567 0.01764706 -371
11 574.98883 666.4932 0.015686275 -404
12 547.7706 663.65436 0.01764706 -437
13 533.8339 665.0353 0.015686275 -471
14 525.1435 664.6538 0.01764706 -487
15 518.9499 664.6538 0.01764706 -504
16 513.13184 664.6538 0.01764706 -520
17 509.44806 664.6538 0.01764706 -537
18 507.5698 664.6538 0.01764706 -553
19 505.6447 664.6538 0.01764706 -570
20 501.8098 673.00287 0.01764706 -586
21 498.26563 689.7328 0.01764706 -619
22 495.99884 702.8853 0.01764706 -636
23 494.02853 724.9309 0.01764706 -652
24 490.2554 769.50616 0.01764706 -669
25 488.54764 831.8565 0.01764706 -702
26 488.54764 856.55383 0.01764706 -735
27 483.55228 856.55383 0.021568628 -742
28 483.55228 926.5174 0.01764706 -768
29 483.55228 940.51013 0.01764706 -768
30 479.55597 939.5106 0.021568628 -776
31 477.55783 976.4914 0.021568628 -802
32 479.55597 1029.4637 0.01764706 -802
33 480.55505 1049.4534 0.01764706 -819
34 478.9038 1213.2563 0.01764706 -819
35 476.95273 1295.6215 0.01764706 -884
36 475.87744 1338.4423 0.01764706 -917
37 473.9472 1377.3339 0.01764706 -934
38 472.56244 1425.8976 0.01764706 -950
39 470.9681 1479.9535 0.01764706 -967
40 469.01974 1521.6782 0.01764706 -983
41 466.9969 1564.029 0.01764706 -1000
42 462.55615 1650.3428 0.01764706 -1016
43 461.57263 1663.1338 0.01764706 -1049
44 460.57355 1677.1265 0.01764706 -1054
0 700.3515 408.78708 0.015686275 -87
1 700.3515 408.78708 0.015686275 -87
2 693.87476 408.78708 0.01764706 -97
3 685.78796 409.93076 0.01764706 -146
4 685.78796 409.93076 0.01764706 -163
5 653.395 413.7845 0.01764706 -202
6 643.40424 414.78397 0.01764706 -202
7 355.6707 414.78397 0.01764706 -360
8 340.68454 414.78397 0.01764706 -360
9 296.72525 412.785 0.01764706 -393
10 283.73727 412.785 0.01764706 -393
11 270.7493 412.785 0.01764706 -401
12 247.77058 412.785 0.01764706 -426
13 236.78076 411.78552 0.01764706 -426
14 226.79001 410.78604 0.01764706 -434
15 182.83072 408.78708 0.01764706 -484
16 174.87556 408.78708 0.01764706 -484
17 150.54361 408.78708 0.01764706 -494
18 127.88871 406.78812 0.01764706 -526
19 113.61956 406.78812 0.01764706 -559
20 105.3188 406.78812 0.01764706 -592
21 101.42346 409.75183 0.01764706 -625
22 99.90749 413.7845 0.01764706 -658
23 99.90749 417.7824 0.01764706 -670
24 100.90657 435.773 0.01764706 -704
25 104.40549 456.27313 0.01764706 -704
26 104.90287 464.75793 0.01764706 -724
27 106.90102 476.75168 0.01764706 -730
28 110.897316 499.73972 0.01764706 -755
29 111.89639 511.73346 0.01764706 -755
30 112.89547 524.7267 0.01764706 -763
31 116.89177 565.7053 0.01764706 -789
32 118.889915 587.6939 0.01764706 -789
33 126.882515 674.6486 0.01764706 -831
34 128.88066 699.63556 0.01764706 -831
35 129.87975 721.62415 0.01764706 -848
36 131.8779 746.61115 0.01764706 -848
37 136.87326 797.5846 0.01764706 -873
38 139.87048 819.5731 0.01764706 -873
39 140.86957 842.56116 0.01764706 -891
40 141.86864 863.55023 0.01764706 -891
41 143.86679 905.5283 0.01764706 -915
42 144.86586 929.51587 0.01764706 -915
43 146.86401 954.50287 0.01764706 -931
44 147.8631 979.4898 0.01764706 -931
45 151.85939 1029.4637 0.01764706 -956
46 156.85477 1259.3441 0.01764706 -956
47 156.85477 1283.3315 0.01764706 -1031
48 156.85477 1324.3102 0.01764706 -1054
49 156.85477 1342.3009 0.01764706 -1054
50 156.85477 1371.2858 0.01764706 -1078
51 155.85568 1382.28 0.01764706 -1078
0 685.3654 386.79852 0.015686275 -76
1 685.3654 386.79852 0.015686275 -76
2 667.7213 383.8001 0.015686275 -90
3 651.89636 383.8001 0.015686275 -123
4 629.0841 382.80063 0.01764706 -137
5 605.71783 382.80063 0.01764706 -156
6 580.0833 383.8001 0.01764706 -173
7 551.32996 383.8001 0.01764706 -189
8 521.59015 383.8001 0.01764706 -206
9 491.80728 383.8001 0.01764706 -223
10 461.78314 382.80063 0.01764706 -239
11 428.94714 382.13498 0.01764706 -256
12 397.82788 380.18924 0.01764706 -273
13 366.84814 378.2155 0.01764706 -289
14 340.38086 377.80322 0.01764706 -306
15 314.5504 376.33026 0.01764706 -322
16 307.7151 375.80426 0.01764706 -339
17 294.7271 373.8053 0.01764706 -344
18 242.7752 373.8053 0.01764706 -394
19 233.78354 372.80582 0.01764706 -394
20 176.83626 371.80634 0.01764706 -468
21 170.84181 371.80634 0.01764706 -468
22 165.84644 371.80634 0.01764706 -485
23 159.85199 371.80634 0.01764706 -485
24 133.87604 376.80374 0.01764706 -570
25 132.46567 378.62616 0.01764706 -570
26 127.69617 392.72342 0.01764706 -582
27 125.68183 404.0003 0.01764706 -615
28 123.80083 424.62424 0.01764706 -631
29 123.88529 441.73703 0.01764706 -648
30 122.95616 459.9203 0.01764706 -664
31 122.886215 460.76 0.01764706 -681
32 122.886215 473.75323 0.01764706 -681
33 122.886215 504.7371 0.01764706 -707
34 124.49038 593.4094 0.01764706 -707
35 126.45255 642.6152 0.01764706 -747
36 126.3772 699.99084 0.01764706 -764
37 126.882515 749.8172 0.01764706 -780
38 129.11623 804.7625 0.01764706 -797
39 132.25282 857.9348 0.01764706 -813
40 132.87697 916.36035 0.01764706 -830
41 135.87419 964.4976 0.01764706 -846
42 137.87234 994.482 0.01764706 -860
43 140.86957 1045.4554 0.01764706 -884
44 141.86864 1070.4425 0.01764706 -884
45 144.86586 1095.4294 0.01764706 -901
46 145.86494 1122.4154 0.01764706 -901
47 147.8631 1150.4008 0.01764706 -910
48 150.86032 1203.3732 0.01764706 -934
49 152.85846 1272.3373 0.01764706 -934
50 153.85754 1293.3264 0.01764706 -959
51 154.85661 1332.306 0.01764706 -983
52 155.85568 1393.2743 0.01764706 -983
53 155.85568 1404.2686 0.01764706 -1015
0 1014.06104 729.62 0.013725491 -125
1 998.07623 729.62 0.013725491 -125
2 984.2181 729.62 0.013725491 -144
3 963.3858 728.6205 0.013725491 -160
4 943.08905 728.6205 0.013725491 -177
5 921.0251 728.6205 0.013725491 -193
6 893.9415 723.7717 0.013725491 -210
7 882.18317 724.62256 0.013725491 -226
8 882.18317 724.62256 0.013725491 -233
9 806.2535 694.6382 0.015686275 -258
10 806.2535 694.6382 0.015686275 -258
11 751.3043 690.64026 0.015686275 -283
12 751.3043 690.64026 0.015686275 -283
13 612.4329 502.73816 0.01764706 -308
14 615.4302 525.7262 0.021568628 -308
15 601.4431 517.73035 0.01764706 -333
16 540.5289 502.89642 0.01764706 -333
17 493.00223 497.96414 0.01764706 -375
18 460.57355 495.7418 0.01764706 -408
19 455.5782 509.7345 0.021568628 -435
20 434.5976 502.73816 0.01764706 -460
21 422.41168 499.54062 0.01764706 -460
22 399.53458 495.7418 0.01764706 -474
23 384.36517 494.7423 0.01764706 -507
24 379.24527 494.7423 0.01764706 -540
25 375.42978 494.7423 0.01764706 -557
26 372.65494 494.7423 0.01764706 -573
27 372.65494 494.7423 0.01764706 -589
28 432.59946 739.61475 0.01764706 -641
29 425.60593 726.6215 0.021568628 -641
30 428.60315 752.608 0.01764706 -665
31 425.60593 751.6085 0.021568628 -665
32 435.59668 837.5637 0.01764706 -691
33 438.33298 896.2585 0.01764706 -691
34 441.59113 1084.1178 0.01764706 -706
35 440.59204 1208.3024 0.01764706 -755
36 440.59204 1268.2882 0.01764706 -788
37 439.59296 1325.6227 0.01764706 -804
38 439.59296 1370.5044 0.01764706 -821
39 439.03503 1419.754 0.01764706 -837
40 437.00986 1464.217 0.01764706 -854
41 436.00253 1516.1799 0.01764706 -870
42 434.5976 1557.6174 0.01764706 -887
43 432.96878 1604.2498 0.01764706 -903
44 430.94125 1627.0901 0.01764706 -920
45 428.88852 1656.139 0.01764706 -937
46 426.85648 1680.1112 0.01764706 -953
47 423.6078 1698.4749 0.01764706 -970
48 423.6078 1702.9089 0.01764706 -1003
49 422.6087 1706.1113 0.01764706 -1019
50 422.6087 1707.1108 0.01764706 -1044
0 1015.0601 680.6455 0.015686275 -133
1 998.28876 678.4233 0.01764706 -133
2 976.58185 678.64655 0.015686275 -151
3 919.7726 677.43616 0.015686275 -167
4 888.0242 676.45056 0.01764706 -200
5 849.37994 675.4464 0.015686275 -217
6 810.65027 674.6486 0.015686275 -233
7 740.8727 672.64966 0.015686275 -250
8 683.5199 672.64966 0.015686275 -283
9 658.36523 672.64966 0.015686275 -316
10 637.8234 672.64966 0.01764706 -332
11 614.4794 672.64966 0.015686275 -349
12 593.7663 672.64966 0.015686275 -365
13 557.4977 672.64966 0.015686275 -382
14 530.0787 672.64966 0.01764706 -415
15 520.3176 672.64966 0.01764706 -448
16 511.5808 672.64966 0.01764706 -465
17 505.27786 672.64966 0.01764706 -481
18 500.83173 672.64966 0.01764706 -498
19 497.07773 672.64966 0.01764706 -514
20 494.36234 672.64966 0.01764706 -531
21 493.54303 673.6491 0.01764706 -547
22 484.55133 664.6538 0.021568628 -554
23 442.5902 688.6413 0.01764706 -639
24 422.92703 730.8393 0.01764706 -639
25 406.43362 843.0313 0.01764706 -663
26 400.95892 966.9587 0.015686275 -696
27 399.0358 1085.4393 0.01764706 -729
28 396.63275 1201.733 0.01764706 -762
29 396.63275 1250.663 0.01764706 -795
30 397.19702 1305.616 0.01764706 -811
31 397.63184 1362.0931 0.01764706 -828
32 396.63275 1440.5853 0.01764706 -844
33 396.63275 1495.4061 0.01764706 -877
34 396.63275 1509.8839 0.01764706 -911
35 396.63275 1517.5347 0.01764706 -927
36 396.63275 1518.2092 0.01764706 -944
37 395.63367 1521.2076 0.01764706 -945
