0 940.1295 598.6882 0.01764706 -93
1 817.00653 614.9062 0.01764706 -93
2 698.77454 617.6783 0.01764706 -135
3 602.3904 617.6783 0.01764706 -168
4 576.90533 617.6783 0.01764706 -201
5 561.73083 621.70703 0.01764706 -217
6 553.125 624.85596 0.01764706 -234
7 545.8172 633.1057 0.01764706 -250
8 542.2244 699.243 0.01764706 -267
9 549.7536 773.979 0.01764706 -283
10 562.1877 860.12317 0.01764706 -300
11 571.3461 930.9535 0.01764706 -316
12 579.99164 996.3358 0.01764706 -333
13 586.23505 1054.2291 0.01764706 -349
14 589.3041 1074.238 0.01764706 -366
15 591.1769 1083.3328 0.01764706 -382
16 591.4524 1087.4336 0.01764706 -399
17 590.4533 1089.4326 0.01764706 -410
0 868.1961 854.5549 0.019607844 -100
1 783.335 854.5549 0.019607844 -100
2 641.9417 851.85736 0.019607844 -117
3 584.9059 851.55646 0.019607844 -149
4 542.0299 850.557 0.019607844 -166
5 508.95697 850.557 0.019607844 -183
6 489.82602 851.55646 0.019607844 -199
7 470.71213 859.30585 0.019607844 -216
8 468.43982 898.8651 0.01764706 -249
9 478.7395 983.76697 0.01764706 -265
10 494.1923 1083.5903 0.01764706 -282
11 523.60455 1280.9584 0.01764706 -298
12 532.4892 1366.1288 0.01764706 -331
13 536.13153 1402.8632 0.01764706 -348
14 540.01935 1432.1492 0.01764706 -364
15 541.4986 1440.2499 0.01764706 -381
16 542.4977 1442.2488 0.01764706 -396
0 893.173 743.6127 0.019607844 0
1 890.4231 742.6132 0.019607844 -8
2 883.4483 743.35956 0.01764706 -24
3 866.7865 747.1988 0.01764706 -40
4 862.20166 748.6101 0.01764706 -57
5 841.22107 751.6085 0.01764706 -60
6 763.2933 765.60126 0.01764706 -85
7 544.40326 795.5988 0.01764706 -85
8 544.40326 795.5988 0.01764706 -123
9 482.5532 803.5814 0.01764706 -136
10 371.25662 819.97284 0.01764706 -136
11 347.61502 825.9564 0.019607844 -172
12 337.76746 836.452 0.019607844 -189
13 334.5847 867.3327 0.01764706 -205
14 392.43622 1039.1655 0.01764706 -222
15 444.58145 1167.2201 0.01764706 -255
16 488.544 1292.0652 0.01764706 -271
17 519.34485 1405.9689 0.01764706 -288
18 537.0797 1494.2545 0.01764706 -304
19 552.29205 1580.8004 0.01764706 -321
20 554.88904 1590.3801 0.01764706 -354
21 555.48566 1592.1707 0.01764706 -371
22 555.48566 1595.1692 0.01764706 -375
0 953.1175 506.73605 0.019607844 -7
1 945.58673 505.81357 0.01764706 -7
2 924.8054 507.48 0.01764706 -32
3 882.06146 514.2275 0.01764706 -49
4 877.1878 514.7319 0.01764706 -65
5 877.1878 514.7319 0.01764706 -67
6 730.3238 536.72046 0.01764706 -92
7 586.46313 538.7194 0.01764706 -92
8 513.14233 540.13135 0.01764706 -131
9 455.41873 540.7184 0.01764706 -148
10 414.30847 543.60156 0.01764706 -164
11 396.75485 547.43427 0.01764706 -181
12 390.88766 558.46014 0.01764706 -197
13 386.38947 581.4665 0.01764706 -214
14 398.2853 647.0268 0.01764706 -230
15 436.96655 810.0627 0.01764706 -247
16 456.196 915.022 0.01764706 -263
17 465.1396 1030.0178 0.01764706 -280
18 471.56335 1116.0082 0.01764706 -296
19 473.56152 1175.477 0.01764706 -313
20 474.8434 1243.2386 0.01764706 -329
21 474.5606 1246.3508 0.01764706 -362
22 474.5606 1246.3508 0.01764706 -365
0 793.2655 323.83133 0.019607844 -8
1 788.55743 323.83133 0.019607844 -8
2 780.45605 324.63446 0.019607844 -34
3 759.20844 327.58493 0.019607844 -50
4 714.105 332.544 0.01764706 -66
5 651.2438 339.83478 0.01764706 -83
6 581.4604 348.6185 0.019607844 -99
7 512.6404 355.8895 0.01764706 -116
8 406.8863 366.09003 0.01764706 -133
9 366.52396 372.61697 0.01764706 -166
10 340.06204 377.40875 0.01764706 -182
11 328.43524 390.1009 0.019607844 -199
12 316.09277 417.31787 0.019607844 -215
13 313.53937 466.64688 0.019607844 -232
14 323.34805 543.77765 0.019607844 -248
15 340.85995 645.89264 0.019607844 -265
16 352.51608 752.44385 0.019607844 -281
17 355.64157 841.8333 0.01764706 -298
18 360.20514 929.3565 0.019607844 -314
19 360.66605 986.4175 0.01764706 -331
20 359.667 1031.4628 0.01764706 -347
21 359.667 1031.4628 0.01764706 -377
0 937.13226 779.59393 0.019607844 -8
1 934.485 777.77 0.019607844 -8
2 926.3714 775.8008 0.01764706 -42
3 901.0151 777.1141 0.01764706 -59
4 850.2588 781.03827 0.015686275 -75
5 715.5379 790.6625 0.01764706 -92
6 601.064 799.44855 0.01764706 -125
7 565.47644 803.5814 0.015686275 -158
8 546.494 805.5804 0.01764706 -171
9 504.53284 815.5752 0.01764706 -205
10 484.0068 833.39374 0.01764706 -205
11 460.95053 979.4383 0.01764706 -224
12 467.17798 1126.845 0.01764706 -241
13 477.02277 1293.3148 0.01764706 -257
14 483.53116 1570.5585 0.01764706 -274
15 483.55228 1571.1816 0.01764706 -307
16 482.5532 1621.1556 0.01764706 -307
0 878.1869 531.723 0.01764706 -8
1 873.51355 531.723 0.01764706 -8
2 841.3021 529.72406 0.01764706 -26
3 762.2578 524.15295 0.01764706 -42
4 664.15796 514.8273 0.01764706 -59
5 560.7646 503.7185 0.01764706 -75
6 471.23752 496.51965 0.01764706 -92
7 403.2605 493.76202 0.01764706 -109
8 358.39194 492.74335 0.01764706 -125
9 335.6126 496.16455 0.01764706 -142
10 323.96237 503.8441 0.019607844 -158
11 330.49503 616.92365 0.01764706 -175
12 362.8274 731.2398 0.01764706 -208
13 392.1823 862.6415 0.01764706 -224
14 392.1823 862.6415 0.019607844 -241
15 363.66327 862.5507 0.019607844 -255
16 351.67438 894.53406 0.01764706 -255
17 343.68176 939.5106 0.019607844 -264
0 949.1212 729.62 0.019607844 -5
1 945.73035 728.48926 0.01764706 -5
2 934.62366 728.6934 0.01764706 -24
3 907.7684 729.64606 0.01764706 -40
4 861.9371 733.63824 0.015686275 -57
5 795.48987 735.58276 0.015686275 -73
6 718.6916 726.96564 0.015686275 -90
7 647.7297 719.1202 0.01764706 -107
8 592.1856 712.155 0.01764706 -123
9 553.5171 708.8678 0.01764706 -140
10 527.2186 708.6309 0.01764706 -156
11 510.21594 712.0929 0.01764706 -173
12 497.90396 723.3354 0.01764706 -189
13 484.3029 773.5865 0.01764706 -206
14 479.55597 851.55646 0.01764706 -222
15 480.55505 850.557 0.01764706 -235
16 483.55228 859.5523 0.01764706 -253
17 495.1461 1179.3949 0.01764706 -253
18 493.54303 1298.9646 0.01764706 -305
19 493.54303 1298.9646 0.029411767 -338
0 694.35706 953.50336 0.01764706 -25
1 650.95416 952.40625 0.01764706 -25
2 620.42554 948.506 0.015686275 -43
3 580.4625 944.50806 0.015686275 -50
4 536.50323 940.51013 0.015686275 -67
5 536.50323 940.51013 0.015686275 -67
6 361.66513 910.52576 0.015686275 -100
7 222.05878 914.10864 0.01764706 -100
8 210.95065 979.8034 0.01764706 -158
9 224.1424 1047.5292 0.01764706 -191
10 239.60606 1145.4283 0.01764706 -208
11 252.81633 1252.1433 0.01764706 -224
12 258.20712 1416.9111 0.015686275 -240
13 259.7595 1495.4844 0.015686275 -257
14 253.76503 1588.1727 0.015686275 -273
15 253.76503 1588.1727 0.015686275 -297
0 869.1952 722.6236 0.019607844 0
1 868.1961 722.6236 0.019607844 0
2 864.1998 723.6231 0.01764706 -16
3 792.2664 733.61786 0.01764706 -16
4 766.29047 735.6168 0.01764706 -50
5 739.3154 736.61633 0.015686275 -67
6 712.34045 737.6158 0.01764706 -67
7 683.36725 737.6158 0.015686275 -83
8 655.3932 737.6158 0.01764706 -83
9 629.41724 737.6158 0.015686275 -100
10 605.4394 737.6158 0.01764706 -100
11 580.4625 733.61786 0.01764706 -117
12 561.4801 734.6174 0.015686275 -117
13 522.5162 736.61633 0.01764706 -150
14 484.55133 853.254 0.01764706 -150
15 495.58353 1078.6763 0.01764706 -207
16 498.5384 1299.417 0.01764706 -239
17 499.53748 1403.4012 0.01764706 -272
18 499.53748 1422.2634 0.015686275 -305
19 499.53748 1422.2634 0.023529414 -321
0 941.1286 715.62726 0.019607844 0
1 941.1286 715.62726 0.019607844 0
2 927.14154 714.6278 0.01764706 -41
3 914.15356 715.62726 0.015686275 -41
4 843.21924 729.62 0.01764706 -74
5 809.2507 734.6174 0.015686275 -74
6 776.28125 736.61633 0.01764706 -91
7 741.3136 738.6153 0.015686275 -91
8 707.34503 740.61426 0.015686275 -99
9 674.3756 741.6137 0.01764706 -116
10 640.40704 743.6127 0.015686275 -116
11 608.43665 744.6122 0.01764706 -133
12 579.46344 745.61163 0.015686275 -133
13 513.52454 749.60956 0.01764706 -167
14 475.2005 755.7262 0.01764706 -167
15 461.57263 767.6002 0.01764706 -197
16 455.5782 783.59186 0.01764706 -218
17 452.58093 866.54865 0.01764706 -245
18 463.57077 976.4914 0.01764706 -245
19 463.57077 975.4919 0.01764706 -261
20 466.568 985.4867 0.01764706 -278
21 476.5535 1149.5428 0.01764706 -278
22 476.55875 1211.369 0.01764706 -313
23 474.5606 1233.3575 0.01764706 -329
0 747.30804 947.5065 0.019607844 0
1 747.30804 947.5065 0.019607844 0
2 721.3321 953.50336 0.01764706 -40
3 675.4601 963.035 0.01764706 -40
4 535.40234 985.4742 0.01764706 -56
5 489.54672 988.48517 0.01764706 -89
6 451.58188 990.4841 0.01764706 -99
7 382.6457 991.4836 0.01764706 -124
8 274.6563 995.1424 0.01764706 -124
9 259.35764 1000.92 0.01764706 -172
10 248.56432 1014.7797 0.01764706 -188
11 240.64496 1057.2428 0.01764706 -205
12 240.64496 1057.2428 0.01764706 -221
13 255.76318 1191.3795 0.01764706 -244
14 271.211 1380.753 0.015686275 -244
15 270.7493 1431.2545 0.015686275 -271
16 270.7493 1431.2545 0.015686275 -278
0 798.26086 373.8053 0.019607844 0
1 769.84827 372.90854 0.019607844 0
2 731.81665 373.82635 0.019607844 -34
3 684.68823 375.79083 0.019607844 -51
4 621.9731 379.75528 0.01764706 -67
5 483.34525 381.59064 0.01764706 -84
6 375.71768 382.46436 0.01764706 -117
7 368.65866 382.80063 0.01764706 -150
8 358.6679 405.78864 0.023529414 -153
9 324.69934 401.7907 0.01764706 -178
10 292.28946 445.73895 0.019607844 -178
11 288.42636 516.22186 0.019607844 -216
12 300.34515 623.5548 0.019607844 -232
13 306.716 669.6512 0.019607844 -249
14 306.716 669.6512 0.019607844 -255
0 906.16095 560.70795 0.019607844 -20
1 896.52484 560.70795 0.019607844 -20
2 889.741 562.8156 0.019607844 -43
3 879.3661 565.97845 0.019607844 -59
4 861.657 570.9422 0.019607844 -76
5 832.85425 574.9431 0.019607844 -92
6 780.75836 578.7356 0.019607844 -109
7 735.4658 580.9715 0.019607844 -125
8 699.6058 579.87823 0.019607844 -142
9 665.72156 577.12305 0.019607844 -158
10 631.5377 573.39844 0.019607844 -175
11 612.2343 571.88226 0.019607844 -191
12 597.4547 570.25946 0.021568628 -208
13 590.0775 570.70276 0.019607844 -224
14 583.5303 571.4347 0.019607844 -241
15 578.2065 574.5395 0.019607844 -257
16 569.8638 590.0316 0.019607844 -274
17 557.3459 634.65265 0.019607844 -290
18 536.2575 722.1094 0.019607844 -307
19 520.1882 791.75824 0.019607844 -323
20 507.77457 854.83466 0.019607844 -340
21 488.58722 961.60815 0.019607844 -357
22 482.2415 1002.2858 0.019607844 -390
23 482.5532 1010.4737 0.01764706 -423
24 482.5532 1010.4737 0.01764706 -437
0 892.1739 854.5549 0.019607844 -19
1 884.48926 852.13324 0.019607844 -19
2 871.93585 851.55646 0.019607844 -52
3 853.47797 850.67224 0.021568628 -68
4 819.6077 847.49524 0.021568628 -85
5 786.9471 845.39343 0.021568628 -101
6 756.73846 842.7045 0.023529414 -118
7 719.84924 839.5641 0.021568628 -134
8 696.4267 835.3078 0.021568628 -151
9 671.38995 831.8541 0.021568628 -167
10 630.58215 829.0523 0.021568628 -184
11 598.99554 827.4401 0.021568628 -200
12 572.2457 828.3835 0.023529414 -217
13 548.05145 829.99713 0.023529414 -233
14 530.005 833.1921 0.023529414 -250
15 512.9589 854.76794 0.019607844 -283
16 492.54395 974.49243 0.019607844 -316
17 486.5495 1035.4607 0.019607844 -333
0 920.148 887.5377 0.021568628 -7
1 913.1706 886.53827 0.019607844 -7
2 905.0368 885.3513 0.019607844 -30
3 898.323 882.6177 0.019607844 -47
4 888.46906 879.19684 0.019607844 -63
5 872.0047 875.7063 0.019607844 -80
6 803.9126 861.83954 0.019607844 -96
7 730.05237 851.15576 0.021568628 -129
8 698.67084 847.7049 0.021568628 -162
9 651.6 847.55853 0.021568628 -179
10 635.1195 848.4795 0.021568628 -212
11 617.91455 853.39325 0.021568628 -228
12 585.22614 879.8124 0.019607844 -245
13 547.0459 968.37 0.019607844 -278
14 516.50433 1076.3818 0.019607844 -294
15 487.64993 1191.6459 0.019607844 -311
16 428.2589 1499.321 0.019607844 -327
17 428.2589 1499.321 0.019607844 -360
0 760.296 383.8001 0.021568628 0
1 757.4839 382.19604 0.021568628 0
2 749.83057 380.5068 0.021568628 -24
3 737.15985 378.78302 0.021568628 -41
4 709.8471 376.0691 0.019607844 -57
5 680.69763 371.45264 0.019607844 -74
6 643.7746 368.40555 0.019607844 -90
7 543.49677 359.8126 0.019607844 -107
8 479.82608 351.9144 0.019607844 -139
9 454.1674 349.23517 0.019607844 -173
10 438.72128 348.81833 0.019607844 -189
11 429.06467 348.81833 0.019607844 -206
12 420.80646 351.93823 0.019607844 -222
13 413.7769 358.86304 0.019607844 -239
14 394.5881 441.91962 0.019607844 -255
15 390.2267 548.2562 0.019607844 -288
16 384.71368 851.27185 0.019607844 -305
17 381.85907 942.66437 0.019607844 -338
18 381.64664 953.50336 0.019607844 -355
19 379.64847 995.4815 0.019607844 -356
0 822.23865 426.7777 0.023529414 -9
1 821.68604 426.22482 0.023529414 -9
2 819.9132 424.45126 0.021568628 -33
3 814.87946 422.65787 0.019607844 -50
4 786.97565 421.7803 0.019607844 -66
5 752.9194 420.70404 0.021568628 -83
6 719.40454 418.57516 0.021568628 -99
7 682.27454 415.83112 0.021568628 -116
8 636.9875 412.14615 0.019607844 -132
9 608.13965 410.45514 0.021568628 -149
10 581.5125 409.73077 0.019607844 -165
11 560.71136 410.51697 0.019607844 -182
12 542.9818 412.23682 0.019607844 -198
13 531.1698 416.16565 0.019607844 -215
14 511.94656 429.5586 0.019607844 -231
15 486.31055 468.67444 0.019607844 -248
16 458.86108 522.1561 0.019607844 -264
17 429.54648 613.6701 0.019607844 -281
18 396.79095 778.2333 0.019607844 -297
19 381.68384 892.19995 0.019607844 -314
20 379.64847 910.52576 0.019607844 -330
21 373.65402 966.4966 0.019607844 -333
0 878.1869 848.55804 0.021568628 -8
1 878.1869 848.55804 0.019607844 -8
2 878.1869 848.55804 0.019607844 -32
3 874.2494 848.55804 0.019607844 -48
4 853.68085 852.0222 0.019607844 -65
5 819.68964 855.99805 0.019607844 -81
6 772.89105 858.73865 0.019607844 -98
7 719.84564 860.503 0.019607844 -114
8 653.74286 859.8755 0.019607844 -131
9 613.4835 858.19165 0.019607844 -147
10 584.94653 855.45996 0.021568628 -164
11 561.4141 854.5549 0.019607844 -180
12 546.51965 854.5549 0.021568628 -197
13 537.62195 854.5549 0.019607844 -213
14 528.59424 855.53766 0.019607844 -230
15 514.78986 880.253 0.019607844 -246
16 502.4869 943.3673 0.019607844 -263
17 494.42227 1149.4763 0.019607844 -279
18 493.54303 1202.3738 0.019607844 -312
19 494.54208 1314.3154 0.019607844 -320
0 845.2174 883.5398 0.021568628 -6
1 845.2174 883.5398 0.019607844 -6
2 845.2174 883.5398 0.019607844 -39
3 840.81506 882.659 0.019607844 -55
4 818.1722 881.88947 0.019607844 -72
5 724.5812 878.3593 0.019607844 -88
6 665.9226 875.68146 0.019607844 -121
7 554.88983 869.32837 0.021568628 -138
8 521.07404 868.5476 0.021568628 -171
9 497.26486 866.81464 0.019607844 -187
10 480.02933 866.1081 0.019607844 -204
11 467.21457 865.5492 0.019607844 -220
12 455.7496 865.5492 0.019607844 -237
13 446.23096 869.45105 0.019607844 -253
14 434.59387 884.0466 0.019607844 -270
15 422.27856 927.2981 0.019607844 -286
16 416.45392 1129.5593 0.019607844 -302
17 415.42053 1315.6263 0.019607844 -335
18 416.61426 1341.3014 0.019607844 -368
19 419.61148 1382.28 0.01764706 -374
0 855.2081 856.55383 0.021568628 -9
1 852.8198 856.55383 0.019607844 -9
2 848.18854 856.55383 0.019607844 -40
3 838.36395 858.07745 0.019607844 -57
4 811.304 863.11395 0.019607844 -73
5 705.2434 869.49725 0.019607844 -90
6 641.60425 870.5466 0.019607844 -123
7 560.63336 870.5466 0.019607844 -139
8 507.59683 869.5471 0.021568628 -156
9 479.33963 869.5471 0.021568628 -188
10 465.03024 874.7914 0.019607844 -221
11 432.55344 959.6613 0.019607844 -254
12 414.45438 1038.3763 0.019607844 -287
13 384.26602 1242.0541 0.019607844 -304
14 382.6457 1255.3462 0.019607844 -337
15 380.64755 1288.329 0.019607844 -340
0 863.20074 860.55176 0.021568628 -8
1 863.20074 860.55176 0.019607844 -8
2 860.501 858.7016 0.019607844 -32
3 847.7487 856.55383 0.019607844 -65
4 823.896 856.0907 0.019607844 -81
5 748.18994 853.79553 0.019607844 -98
6 644.57996 851.55646 0.019607844 -131
7 608.1571 851.55646 0.019607844 -164
8 574.20844 853.5165 0.019607844 -180
9 532.4855 857.9837 0.019607844 -197
10 504.14694 861.4636 0.019607844 -213
11 482.69785 864.8587 0.021568628 -230
12 465.1249 869.38055 0.021568628 -246
13 450.76773 874.608 0.019607844 -263
14 427.04227 914.9872 0.019607844 -279
15 419.61148 1122.7977 0.019607844 -312
16 423.18765 1314.3821 0.019607844 -345
17 424.60684 1346.2988 0.019607844 -378
18 425.60593 1390.2759 0.019607844 -383
0 878.1869 829.56793 0.019607844 -8
1 878.1869 829.56793 0.019607844 -18
2 876.03326 829.56793 0.019607844 -45
3 853.33014 832.8983 0.019607844 -65
4 804.7549 839.5626 0.019607844 -82
5 733.4108 844.1711 0.019607844 -97
6 663.9466 845.6237 0.019607844 -115
7 594.0327 844.5601 0.019607844 -131
8 543.46857 844.5601 0.021568628 -148
9 516.2998 846.5591 0.021568628 -164
10 497.62952 848.4491 0.021568628 -181
11 485.7396 853.09607 0.019607844 -197
12 473.67026 870.0901 0.019607844 -214
13 467.94025 946.6949 0.019607844 -230
14 467.56708 985.4867 0.019607844 -247
15 466.568 1041.4575 0.019607844 -254
0 738.3164 395.79385 0.021568628 -9
1 733.44275 393.50235 0.019607844 -9
2 727.09106 391.73703 0.019607844 -41
3 717.10846 390.0184 0.019607844 -58
4 703.9413 388.7975 0.019607844 -74
5 686.28625 387.60916 0.019607844 -91
6 660.1642 387.798 0.019607844 -107
7 598.2349 386.01108 0.019607844 -124
8 541.5705 383.2571 0.019607844 -140
9 481.83594 381.52365 0.019607844 -157
10 429.65918 380.8736 0.019607844 -173
11 381.04297 381.57715 0.019607844 -190
12 349.0281 383.2503 0.019607844 -206
13 323.74277 382.80063 0.021568628 -223
14 318.7049 387.68198 0.01764706 -256
15 321.4848 465.5369 0.019607844 -289
16 315.71292 610.05884 0.019607844 -322
17 314.70862 699.49963 0.019607844 -355
18 311.71136 773.59705 0.019607844 -371
19 311.71136 817.57416 0.019607844 -386
0 942.1277 766.6007 0.019607844 -17
1 938.5824 767.11664 0.019607844 -17
2 930.789 770.1385 0.019607844 -41
3 909.3604 774.7805 0.019607844 -57
4 855.37006 785.14 0.019607844 -74
5 788.398 796.90405 0.019607844 -90
6 721.5399 803.8933 0.019607844 -107
7 657.1828 811.8756 0.019607844 -123
8 552.54114 825.3362 0.019607844 -140
9 527.78204 830.96625 0.019607844 -173
10 511.54523 836.2248 0.019607844 -189
11 498.8979 847.52454 0.019607844 -206
12 486.3816 881.04517 0.019607844 -222
13 479.35733 962.6858 0.019607844 -239
14 475.3259 1063.8802 0.019607844 -255
15 465.449 1226.6255 0.019607844 -272
16 448.58466 1374.2842 0.019607844 -288
17 444.58835 1408.2665 0.019607844 -316
0 928.1406 760.6038 0.019607844 -19
1 925.20496 761.24963 0.019607844 -19
2 918.7416 762.9545 0.019607844 -35
3 906.148 764.7283 0.019607844 -52
4 808.99524 779.54614 0.019607844 -68
5 687.9648 785.6149 0.019607844 -101
6 588.5504 792.93066 0.019607844 -134
7 566.3017 794.6839 0.019607844 -167
8 551.17944 796.37396 0.019607844 -184
9 538.70905 800.7499 0.019607844 -200
10 527.3718 809.36163 0.019607844 -217
11 510.69617 836.8193 0.019607844 -233
12 510.69617 836.8193 0.019607844 -250
0 926.14246 738.6153 0.019607844 -19
1 924.2453 738.6153 0.019607844 -19
2 912.69904 740.3317 0.019607844 -67
3 892.58826 743.4908 0.019607844 -84
4 861.3686 748.03546 0.019607844 -100
5 823.65753 752.38806 0.019607844 -117
6 739.4339 763.01117 0.019607844 -133
7 687.5991 770.9468 0.021568628 -166
8 667.96063 775.80164 0.021568628 -199
9 649.71765 781.0974 0.019607844 -216
10 628.46716 792.35785 0.019607844 -232
11 607.99493 806.26526 0.019607844 -249
12 568.6849 851.6735 0.019607844 -265
13 519.03015 1001.1694 0.019607844 -298
14 505.8848 1083.8289 0.019607844 -331
15 498.66864 1168.827 0.019607844 -348
16 498.66864 1168.827 0.019607844 -364
0 892.1739 780.59344 0.019607844 -6
1 890.7742 780.59344 0.019607844 -6
2 885.98364 781.99133 0.019607844 -22
3 874.0395 783.7562 0.019607844 -39
4 852.5153 786.3193 0.019607844 -55
5 819.17615 789.79517 0.019607844 -72
6 740.7463 794.5861 0.019607844 -88
7 690.1158 797.236 0.019607844 -121
8 652.7332 799.1206 0.019607844 -138
9 625.3855 800.77264 0.019607844 -154
10 606.2293 802.5029 0.019607844 -171
11 587.0366 805.86426 0.019607844 -187
12 569.9215 810.64294 0.019607844 -204
13 555.447 817.0938 0.019607844 -220
14 515.30334 869.3992 0.019607844 -237
15 472.64072 1012.0331 0.019607844 -270
16 459.81552 1155.7444 0.019607844 -303
17 459.57446 1159.3961 0.019607844 -319
18 459.57446 1214.3674 0.019607844 -320
0 849.2137 786.5903 0.019607844 -9
1 840.62195 787.5898 0.019607844 -9
2 829.3618 790.4084 0.019607844 -25
3 813.5659 790.77484 0.019607844 -41
4 786.6402 793.4499 0.019607844 -58
5 752.91583 795.2709 0.019607844 -74
6 713.789 798.4146 0.019607844 -91
7 668.5239 799.8087 0.019607844 -107
8 614.0915 801.5126 0.019607844 -124
9 576.7741 800.3253 0.019607844 -140
10 535.87085 798.65436 0.021568628 -157
11 525.71454 798.58405 0.021568628 -190
12 518.8345 798.58405 0.021568628 -206
13 514.02484 798.58405 0.021568628 -223
14 504.9808 808.3201 0.019607844 -239
15 498.21246 842.38165 0.019607844 -272
16 495.30157 901.9238 0.019607844 -289
17 494.56314 1043.6493 0.019607844 -306
18 493.70856 1143.9598 0.019607844 -322
19 493.54303 1153.3993 0.019607844 -339
20 492.54395 1210.3696 0.019607844 -340
0 891.17487 785.5908 0.019607844 0
1 890.0275 785.5908 0.019607844 0
2 885.35046 785.5908 0.019607844 -24
3 859.472 784.81805 0.019607844 -40
4 822.4096 784.8484 0.019607844 -73
5 792.7106 786.74054 0.019607844 -106
6 733.8234 788.42786 0.019607844 -123
7 633.75116 797.79083 0.019607844 -139
8 591.29205 805.1303 0.019607844 -172
9 556.66833 811.39954 0.019607844 -189
10 532.9171 817.98615 0.021568628 -204
11 512.8796 822.2331 0.021568628 -221
12 507.4671 823.92523 0.021568628 -254
13 503.4481 825.61285 0.019607844 -270
14 498.3429 831.3605 0.019607844 -287
15 489.90933 851.5225 0.019607844 -303
16 481.20975 898.8688 0.019607844 -320
17 475.26822 992.63666 0.019607844 -336
18 475.55966 1053.4513 0.019607844 -353
19 487.54858 1046.455 0.019607844 -361
