0 227.7891 1236.3561 0.025490198 -30
1 236.18127 1236.3561 0.027450982 -30
2 246.25131 1237.7251 0.027450982 -60
3 251.70988 1237.3555 0.027450982 -93
4 256.4118 1237.3555 0.027450982 -126
5 257.76132 1236.5382 0.027450982 -159
6 256.89075 1233.4861 0.027450982 -192
7 252.76186 1229.3555 0.027450982 -225
8 237.1683 1218.4441 0.027450982 -258
9 213.21266 1206.0768 0.027450982 -291
10 179.56721 1194.098 0.027450982 -324
11 156.85477 1184.383 0.025490198 -357
12 150.86032 1182.3842 0.025490198 -385
13 131.8779 1177.3867 0.025490198 -448
14 124.119514 1180.1509 0.025490198 -448
15 108.99375 1202.1846 0.023529414 -489
16 94.24505 1253.285 0.023529414 -522
17 80.088684 1304.6691 0.023529414 -555
18 66.94519 1356.2684 0.023529414 -588
19 69.6032 1385.2844 0.021568628 -621
20 71.87767 1397.1608 0.019607844 -654
21 72.93247 1398.2717 0.01764706 -687
22 72.93247 1399.2711 0.01764706 -696
0 737.3173 381.80115 0.019607844 -11
1 737.3173 381.80115 0.019607844 -11
2 732.6073 379.4452 0.023529414 -32
3 716.21893 376.28928 0.023529414 -65
4 678.9465 372.11118 0.023529414 -98
5 621.1066 368.02487 0.023529414 -131
6 560.6304 365.80948 0.023529414 -164
7 531.4112 364.81 0.023529414 -197
8 483.67538 364.81 0.023529414 -214
9 452.1168 367.58917 0.023529414 -247
10 433.68253 369.79056 0.023529414 -280
11 422.11353 373.0535 0.023529414 -313
12 412.33398 387.79456 0.023529414 -346
13 408.62164 437.77197 0.023529414 -379
14 408.62164 457.76157 0.023529414 -407
15 414.6161 705.63245 0.023529414 -531
16 414.6161 710.8128 0.023529414 -531
17 416.18338 718.76306 0.023529414 -544
18 417.6133 721.62415 0.019607844 -577
19 417.6133 721.62415 0.019607844 -589
0 877.1878 603.68555 0.019607844 -10
1 877.1878 603.68555 0.019607844 -10
2 877.1878 603.68555 0.019607844 -33
3 875.929 603.68555 0.023529414 -66
4 865.31226 603.68555 0.023529414 -99
5 830.7339 605.3383 0.023529414 -132
6 778.4311 608.4861 0.023529414 -165
7 725.7004 614.4009 0.023529414 -198
8 673.3874 616.6788 0.023529414 -231
9 632.6857 617.6783 0.023529414 -264
10 608.25555 617.6783 0.023529414 -297
11 596.33765 617.6783 0.023529414 -330
12 593.4816 617.6783 0.023529414 -363
13 590.45337 617.6783 0.023529414 -380
14 587.3255 617.6783 0.023529414 -396
15 585.0745 617.6783 0.023529414 -413
16 576.9675 630.668 0.023529414 -429
17 566.4761 677.64404 0.023529414 -462
18 547.5246 816.3222 0.023529414 -495
19 542.3625 851.8418 0.023529414 -561
20 539.5004 873.0453 0.023529414 -578
21 537.17694 888.46844 0.023529414 -592
22 537.5023 897.2783 0.023529414 -611
23 537.5023 905.3473 0.023529414 -627
24 537.5023 914.75745 0.023529414 -644
25 540.35693 921.2348 0.023529414 -660
26 541.4986 923.519 0.023529414 -677
27 542.4977 922.5195 0.01764706 -688
0 863.20074 792.58716 0.023529414 -8
1 858.20544 792.58716 0.023529414 -8
2 856.0468 792.58716 0.023529414 -31
3 845.10706 798.1395 0.023529414 -47
4 816.3003 807.5606 0.023529414 -64
5 773.6455 818.0491 0.023529414 -97
6 721.83167 826.0697 0.023529414 -130
7 690.3287 827.6959 0.023529414 -162
8 630.1255 829.88477 0.023529414 -179
9 605.9738 829.56793 0.023529414 -212
10 582.37946 829.56793 0.023529414 -229
11 538.5014 829.56793 0.023529414 -245
12 497.05338 834.27264 0.023529414 -278
13 478.5569 836.0646 0.025490198 -311
14 465.341 837.5922 0.025490198 -328
15 455.44467 838.56323 0.025490198 -344
16 446.2787 838.56323 0.025490198 -361
17 440.17834 839.3675 0.025490198 -378
18 436.8105 839.5627 0.025490198 -394
19 433.57147 839.5627 0.025490198 -411
20 432.0999 839.5627 0.025490198 -427
21 430.4957 840.66785 0.025490198 -443
22 429.60223 843.8041 0.025490198 -460
23 425.54324 860.80255 0.025490198 -477
24 422.6734 876.21985 0.025490198 -493
25 419.44153 902.09326 0.025490198 -510
26 409.97897 963.7484 0.025490198 -526
27 399.83054 1028.6537 0.025490198 -559
28 395.13416 1053.951 0.025490198 -592
29 396.63275 1060.4476 0.025490198 -608
30 396.63275 1071.4419 0.025490198 -614
0 827.2341 781.5929 0.023529414 -10
1 817.1388 782.5924 0.023529414 -10
2 810.3285 782.5924 0.023529414 -32
3 791.7919 787.1692 0.023529414 -65
4 778.35767 790.01556 0.023529414 -98
5 763.73206 794.1429 0.023529414 -114
6 746.76276 797.22943 0.025490198 -131
7 720.42804 800.30383 0.025490198 -147
8 659.58344 812.2478 0.023529414 -164
9 628.2635 817.2318 0.023529414 -197
10 597.84686 821.8245 0.023529414 -213
11 530.3963 831.58563 0.025490198 -230
12 507.95752 833.56586 0.025490198 -263
13 482.5298 836.2731 0.025490198 -279
14 458.6264 838.4824 0.025490198 -296
15 441.1161 840.0602 0.025490198 -312
16 430.22885 840.6154 0.025490198 -329
17 415.93854 841.56165 0.025490198 -345
18 412.98615 841.56165 0.025490198 -378
19 411.2325 841.56165 0.025490198 -395
20 409.62003 841.56165 0.025490198 -411
21 408.03824 841.56165 0.025490198 -428
22 406.48444 842.70026 0.025490198 -444
23 406.6235 846.8755 0.025490198 -461
24 406.6235 863.85803 0.025490198 -477
25 407.59192 882.1724 0.025490198 -494
26 406.6235 924.65247 0.025490198 -511
27 406.6235 973.718 0.025490198 -527
28 408.81036 1076.7504 0.023529414 -544
29 411.72937 1115.5803 0.025490198 -577
30 412.3074 1152.251 0.023529414 -593
31 415.2889 1178.1005 0.025490198 -610
32 420.9347 1198.0249 0.023529414 -626
33 424.49384 1203.2601 0.023529414 -659
34 428.60315 1206.3717 0.019607844 -676
35 435.59668 1207.3711 0.019607844 -691
0 884.18134 537.7199 0.021568628 0
1 884.18134 537.7199 0.021568628 0
2 884.18134 537.7199 0.021568628 -22
3 882.59503 537.7199 0.021568628 -38
4 876.3892 539.169 0.023529414 -55
5 867.93317 540.771 0.023529414 -72
6 856.5322 543.13574 0.023529414 -88
7 834.5013 547.6599 0.023529414 -105
8 808.4534 549.6386 0.023529414 -121
9 781.7761 551.2129 0.023529414 -138
10 740.45 552.7968 0.023529414 -154
11 708.02563 553.7116 0.023529414 -171
12 663.308 555.0135 0.023529414 -187
13 634.02356 555.7106 0.023529414 -204
14 573.877 557.5949 0.023529414 -220
15 547.2361 558.32635 0.023529414 -253
16 522.9239 561.03174 0.023529414 -270
17 499.59006 570.35205 0.025490198 -286
18 492.81668 572.6335 0.025490198 -319
19 488.08493 574.1886 0.025490198 -336
20 485.42258 573.7012 0.025490198 -352
21 483.85928 573.7012 0.025490198 -369
22 480.77896 578.02655 0.023529414 -385
23 479.05643 583.1962 0.023529414 -418
24 479.55597 613.7693 0.023529414 -434
25 480.9753 638.5566 0.023529414 -468
26 479.5806 680.1282 0.023529414 -484
27 478.99054 716.1334 0.023529414 -501
28 479.73755 753.8789 0.023529414 -517
29 477.70105 802.71484 0.023529414 -534
30 477.55783 864.2054 0.023529414 -550
31 478.58258 879.8761 0.023529414 -567
32 480.30618 918.7883 0.023529414 -583
33 482.53546 967.2833 0.023529414 -600
34 485.3766 985.09503 0.023529414 -633
35 488.0652 994.0677 0.023529414 -649
36 489.80466 1001.5111 0.023529414 -666
37 493.5362 1005.4695 0.021568628 -683
38 494.54208 1005.4763 0.019607844 -699
39 494.54208 1005.4763 0.019607844 -708
0 898.1684 589.6929 0.021568628 0
1 898.1684 589.6929 0.021568628 0
2 890.4281 590.64185 0.021568628 -32
3 878.727 592.2981 0.021568628 -48
4 864.22217 593.91046 0.023529414 -65
5 843.10364 597.3989 0.023529414 -81
6 815.5071 601.97614 0.023529414 -98
7 762.2942 607.6835 0.023529414 -114
8 720.35095 611.1804 0.023529414 -146
9 694.376 612.5034 0.023529414 -164
10 656.44 614.07825 0.023529414 -180
11 608.43665 616.1791 0.023529414 -197
12 583.66516 617.8162 0.023529414 -230
13 559.45593 617.6783 0.023529414 -247
14 536.13214 617.6783 0.023529414 -263
15 523.8965 617.6783 0.023529414 -280
16 514.7793 617.6783 0.023529414 -296
17 508.05057 617.6783 0.023529414 -313
18 503.34244 617.6783 0.023529414 -329
19 499.85583 617.6783 0.023529414 -346
20 497.59738 617.6783 0.023529414 -362
21 492.52783 625.70636 0.023529414 -379
22 488.9313 633.7099 0.023529414 -412
23 486.11688 643.2631 0.023529414 -428
24 480.33044 686.6037 0.023529414 -445
25 476.89807 736.8424 0.023529414 -478
26 474.69965 768.8599 0.023529414 -494
27 475.09283 817.4168 0.023529414 -511
28 474.42197 863.8807 0.023529414 -527
29 476.55875 939.0576 0.023529414 -544
30 478.5569 997.38855 0.023529414 -577
31 480.55505 1021.1091 0.023529414 -610
32 481.5541 1031.3091 0.021568628 -643
33 483.6298 1037.9982 0.023529414 -659
34 487.2199 1039.794 0.019607844 -676
35 488.54764 1040.4581 0.019607844 -692
36 490.5458 1040.4581 0.01764706 -699
0 527.5116 1103.4253 0.023529414 -7
1 516.3708 1107.9985 0.023529414 -7
2 504.94116 1111.9513 0.023529414 -22
3 491.60553 1114.287 0.023529414 -39
4 477.05826 1117.418 0.023529414 -55
5 459.85068 1120.814 0.023529414 -72
6 442.60596 1124.0114 0.023529414 -88
7 413.16696 1127.3024 0.023529414 -105
8 389.71255 1130.527 0.025490198 -121
9 364.9712 1133.835 0.025490198 -138
10 329.34122 1138.4967 0.025490198 -154
11 299.09952 1141.3612 0.025490198 -171
12 271.1956 1142.9753 0.025490198 -187
13 244.59949 1144.4039 0.025490198 -204
14 191.518 1145.8684 0.025490198 -220
15 177.37979 1144.4039 0.023529414 -253
16 167.39621 1143.6628 0.023529414 -270
17 151.9452 1143.4044 0.023529414 -286
18 141.66113 1143.4044 0.023529414 -303
19 134.2361 1143.4044 0.023529414 -319
20 128.929 1143.4044 0.023529414 -336
21 125.94277 1143.4044 0.023529414 -352
22 123.88529 1143.4044 0.023529414 -369
23 123.88529 1143.4044 0.023529414 -386
24 123.88529 1144.7811 0.021568628 -402
25 123.88529 1166.5845 0.021568628 -435
26 123.294556 1201.2001 0.021568628 -468
27 122.886215 1235.3961 0.021568628 -485
28 120.04937 1274.4099 0.021568628 -501
29 117.30103 1332.0167 0.021568628 -518
30 114.32638 1378.9467 0.021568628 -534
31 108.89489 1447.7993 0.021568628 -551
32 106.52055 1486.4612 0.021568628 -584
33 104.90287 1515.2344 0.021568628 -600
34 104.90287 1526.4895 0.021568628 -633
35 104.90287 1530.2526 0.021568628 -650
36 104.90287 1532.9006 0.019607844 -666
37 106.376274 1533.2014 0.019607844 -683
38 106.90102 1533.2014 0.019607844 -699
39 108.89917 1532.2019 0.01764706 -704
0 890.1758 585.69495 0.019607844 -10
1 890.1758 588.19366 0.019607844 -10
2 890.1758 587.6939 0.019607844 -33
3 885.0949 589.46436 0.019607844 -58
4 878.4754 592.547 0.019607844 -75
5 868.8334 593.7511 0.021568628 -91
6 856.0007 596.24115 0.021568628 -108
7 835.761 600.9481 0.019607844 -124
8 814.3094 601.7586 0.021568628 -141
9 787.8239 604.0613 0.021568628 -157
10 758.9447 605.9992 0.021568628 -174
11 731.6828 607.608 0.021568628 -190
12 701.4036 608.22266 0.021568628 -207
13 645.0891 611.6814 0.021568628 -223
14 606.18396 613.06635 0.023529414 -256
15 586.59607 614.6682 0.021568628 -273
16 569.9723 616.1791 0.021568628 -289
17 544.57806 615.6793 0.023529414 -305
18 531.93866 615.6793 0.023529414 -322
19 521.86694 615.6793 0.023529414 -339
20 515.45575 615.6793 0.023529414 -355
21 511.02686 615.6793 0.023529414 -372
22 507.9755 615.6793 0.023529414 -387
23 504.0333 615.6793 0.023529414 -405
24 502.19476 617.6886 0.019607844 -438
25 498.6389 628.82056 0.021568628 -471
26 495.42413 641.07605 0.021568628 -487
27 493.8714 666.6878 0.019607844 -504
28 493.86594 697.8078 0.019607844 -520
29 487.04907 800.0833 0.023529414 -537
30 487.54858 863.2492 0.019607844 -569
31 486.5495 902.30035 0.021568628 -587
32 486.5495 943.2079 0.021568628 -603
33 487.54858 980.93 0.021568628 -620
34 487.54858 999.62616 0.021568628 -636
35 487.54858 1013.47144 0.019607844 -653
36 487.54858 1018.9413 0.019607844 -669
37 487.54858 1023.86053 0.021568628 -686
38 487.54858 1027.4606 0.019607844 -702
39 489.54672 1028.4644 0.019607844 -719
40 479.55597 1055.4503 0.025490198 -741
0 925.1434 543.7168 0.019607844 0
1 923.9733 542.5463 0.019607844 -8
2 918.90436 541.71783 0.019607844 -65
3 891.2631 543.20825 0.019607844 -82
4 868.66565 543.7168 0.019607844 -115
5 844.2476 545.58057 0.019607844 -131
6 807.44745 547.2295 0.021568628 -148
7 776.80646 548.85156 0.019607844 -164
8 751.3582 551.50916 0.019607844 -181
9 686.93445 555.6182 0.019607844 -197
10 664.67456 557.35223 0.019607844 -230
11 641.2751 566.075 0.021568628 -247
12 622.2679 574.86237 0.021568628 -263
13 604.8623 581.3618 0.021568628 -280
14 587.06384 583.696 0.021568628 -296
15 581.47 585.0258 0.021568628 -329
16 578.5723 585.69495 0.021568628 -346
17 574.27356 586.889 0.021568628 -362
18 571.4709 592.2161 0.019607844 -395
19 570.25305 596.1274 0.019607844 -428
20 567.6553 621.5005 0.021568628 -445
21 566.71216 693.66644 0.019607844 -461
22 563.61444 743.1819 0.021568628 -494
23 563.0459 802.9268 0.019607844 -511
24 561.1097 856.59845 0.021568628 -527
25 562.5845 901.053 0.019607844 -544
26 563.3585 950.662 0.019607844 -560
27 560.0959 991.53143 0.021568628 -577
28 559.47186 1011.37225 0.019607844 -593
29 558.7509 1049.1614 0.021568628 -610
30 558.4829 1069.7181 0.019607844 -627
31 557.4838 1078.6008 0.019607844 -643
32 557.4838 1084.3153 0.019607844 -660
33 557.4838 1088.6704 0.019607844 -676
34 557.93677 1090.8851 0.019607844 -693
35 560.481 1092.431 0.019607844 -709
36 553.4875 1126.4133 0.023529414 -732
0 923.14526 585.69495 0.021568628 0
1 923.14526 585.69495 0.021568628 0
2 923.14526 585.69495 0.021568628 -24
3 923.14526 585.69495 0.021568628 -41
4 920.87537 585.69495 0.021568628 -58
5 914.9323 587.49915 0.021568628 -75
6 895.1734 592.69073 0.021568628 -91
7 861.387 599.1998 0.023529414 -125
8 835.93054 603.9445 0.021568628 -158
9 812.11145 607.13184 0.023529414 -175
10 787.41284 610.4631 0.023529414 -192
11 761.23535 612.6852 0.021568628 -209
12 731.2198 614.31146 0.023529414 -225
13 684.9199 617.5673 0.021568628 -242
14 665.3839 619.1775 0.019607844 -276
15 633.813 618.67773 0.021568628 -292
16 622.86176 618.67773 0.021568628 -319
17 613.0562 618.67773 0.021568628 -335
18 606.35126 618.67773 0.021568628 -352
19 601.9427 618.67773 0.021568628 -368
20 598.0561 618.67773 0.021568628 -384
21 595.6238 618.67773 0.021568628 -401
22 593.9844 618.67773 0.021568628 -418
23 590.2717 621.8579 0.023529414 -434
24 586.9632 628.6592 0.021568628 -451
25 583.6399 636.71765 0.021568628 -467
26 581.42694 646.87134 0.019607844 -484
27 579.7329 673.87335 0.021568628 -500
28 579.46344 698.34174 0.019607844 -517
29 578.51697 748.71484 0.019607844 -533
30 577.46533 798.3924 0.021568628 -550
31 573.4042 855.3332 0.021568628 -566
32 571.4709 879.13104 0.019607844 -583
33 565.0705 918.2345 0.023529414 -600
34 559.44995 945.3238 0.019607844 -616
35 557.4818 974.5085 0.023529414 -633
36 554.8923 995.6083 0.023529414 -649
37 553.1308 1011.32935 0.021568628 -666
38 551.5219 1017.33997 0.021568628 -682
39 551.4894 1021.7927 0.021568628 -699
40 551.4894 1025.4119 0.019607844 -715
41 553.7977 1026.4653 0.019607844 -732
42 554.4866 1026.4653 0.01764706 -748
43 554.4866 1026.4653 0.01764706 -754
0 882.18317 592.6913 0.021568628 -8
1 882.18317 592.6913 0.021568628 -8
2 882.18317 592.6913 0.021568628 -32
3 882.18317 592.6913 0.021568628 -49
4 882.18317 592.6913 0.021568628 -65
5 879.87427 592.6913 0.021568628 -82
6 869.48566 592.6913 0.021568628 -98
7 848.6646 594.3841 0.021568628 -131
8 828.5191 594.69025 0.021568628 -164
9 813.6248 594.69025 0.021568628 -181
10 789.8584 597.06793 0.021568628 -197
11 766.14795 597.95044 0.021568628 -214
12 721.83167 602.68604 0.021568628 -230
13 673.2392 606.9892 0.023529414 -263
14 647.1165 610.5199 0.021568628 -296
15 632.3064 611.6922 0.019607844 -313
16 609.14307 613.3001 0.023529414 -329
17 591.2225 614.9027 0.023529414 -346
18 580.09686 614.6798 0.023529414 -363
19 571.9704 614.6798 0.023529414 -379
20 567.15295 614.6798 0.023529414 -395
21 562.9481 614.6798 0.023529414 -412
22 559.7146 614.6798 0.023529414 -429
23 557.4697 614.6798 0.021568628 -445
24 555.8286 614.6798 0.021568628 -462
25 554.1951 614.6798 0.021568628 -478
26 554.4866 614.6798 0.019607844 -495
27 551.9051 621.0121 0.021568628 -511
28 549.12317 630.96075 0.021568628 -528
29 546.5955 642.0559 0.019607844 -544
30 543.49677 675.6481 0.021568628 -561
31 542.34656 698.4517 0.021568628 -577
32 541.4986 741.46655 0.023529414 -594
33 540.4995 797.20703 0.023529414 -610
34 541.7281 839.5353 0.021568628 -627
35 540.4995 871.3824 0.021568628 -644
36 539.8943 915.2451 0.021568628 -660
37 539.5005 952.7011 0.021568628 -677
38 539.5005 989.1969 0.023529414 -710
39 539.5005 999.9593 0.023529414 -743
40 541.0121 1001.99115 0.021568628 -776
41 542.4977 1002.47784 0.019607844 -792
42 536.50323 1012.47266 0.027450982 -806
0 828.2331 527.72516 0.021568628 -8
1 828.2331 527.72516 0.021568628 -8
2 828.2331 527.72516 0.021568628 -32
3 824.4509 529.61694 0.021568628 -50
4 819.741 532.72253 0.019607844 -66
5 813.472 536.10815 0.019607844 -83
6 790.5764 545.1004 0.019607844 -99
7 771.5714 547.97833 0.019607844 -133
8 749.7495 551.1575 0.019607844 -149
9 732.3219 552.7121 0.019607844 -166
10 713.74414 554.6661 0.019607844 -189
11 682.51154 556.2638 0.019607844 -199
12 656.76935 564.91614 0.021568628 -215
13 606.5151 583.0041 0.021568628 -232
14 579.0098 589.9653 0.021568628 -265
15 568.2131 592.0685 0.021568628 -298
16 561.55664 593.67163 0.021568628 -315
17 554.0936 595.28827 0.021568628 -331
18 547.2746 595.68976 0.021568628 -348
19 542.7215 595.68976 0.021568628 -365
20 535.0101 596.6892 0.021568628 -381
21 531.7646 596.6892 0.021568628 -414
22 528.48285 596.6892 0.021568628 -431
23 522.7283 598.476 0.019607844 -447
24 521.5171 600.7603 0.019607844 -481
25 514.68677 652.59827 0.019607844 -497
26 513.52454 732.09503 0.021568628 -530
27 515.4985 783.10767 0.019607844 -563
28 515.52264 814.0385 0.019607844 -580
29 516.906 855.9388 0.021568628 -597
30 517.5892 878.5003 0.019607844 -613
31 517.5208 891.0845 0.019607844 -630
32 517.5208 899.6112 0.019607844 -646
33 517.5208 904.0226 0.019607844 -663
34 517.5208 907.18335 0.019607844 -679
35 517.5208 910.6192 0.019607844 -696
36 517.6217 912.6256 0.019607844 -729
37 518.5199 913.5242 0.019607844 -746
38 513.52454 918.5216 0.027450982 -754
0 536.50323 1045.4554 0.021568628 -7
1 533.6875 1045.4554 0.023529414 -7
2 531.9673 1045.4554 0.021568628 -24
3 526.61523 1047.9028 0.021568628 -40
4 520.41956 1051.5017 0.021568628 -57
5 507.7334 1057.6228 0.021568628 -73
6 493.7541 1064.1296 0.021568628 -90
7 448.86127 1081.1625 0.023529414 -107
8 381.40753 1100.4867 0.025490198 -140
9 342.25122 1108.592 0.025490198 -173
10 312.11353 1115.1075 0.025490198 -189
11 284.02432 1119.7379 0.025490198 -206
12 262.26004 1122.8762 0.025490198 -222
13 243.72711 1125.7816 0.025490198 -239
14 214.6571 1128.805 0.025490198 -256
15 202.8663 1129.4117 0.023529414 -289
16 195.81154 1129.4117 0.025490198 -305
17 191.56105 1129.4117 0.023529414 -322
18 186.02043 1129.4117 0.025490198 -338
19 182.73547 1129.4117 0.023529414 -372
20 180.96701 1129.4117 0.023529414 -405
21 179.33395 1129.4117 0.023529414 -421
22 177.6285 1130.6182 0.023529414 -437
23 175.96054 1134.039 0.023529414 -454
24 173.31851 1142.5309 0.023529414 -471
25 171.59633 1155.3564 0.023529414 -487
26 168.95625 1174.5994 0.023529414 -504
27 166.2593 1200.763 0.023529414 -521
28 164.498 1227.606 0.023529414 -537
29 160.87244 1266.0411 0.023529414 -554
30 157.49596 1297.5481 0.023529414 -570
31 155.4549 1327.1283 0.023529414 -587
32 150.7332 1357.1838 0.023529414 -603
33 147.40817 1380.7405 0.023529414 -620
34 144.08044 1398.2025 0.023529414 -637
35 141.59668 1409.0826 0.023529414 -653
36 140.04741 1416.5538 0.023529414 -670
37 138.39754 1421.6825 0.023529414 -686
38 136.62357 1423.5084 0.021568628 -703
39 136.87326 1424.2582 0.021568628 -719
40 137.60799 1424.2582 0.019607844 -736
41 138.87141 1423.2587 0.01764706 -752
42 138.87141 1423.2587 0.01764706 -764
0 487.54858 1077.4388 0.021568628 -18
1 486.4369 1077.4388 0.023529414 -18
2 482.203 1077.4388 0.023529414 -50
3 476.78314 1079.3629 0.023529414 -66
4 463.8406 1082.6187 0.023529414 -83
5 449.9949 1086.0815 0.023529414 -99
6 437.4353 1090.4775 0.025490198 -116
7 414.1707 1094.5361 0.025490198 -132
8 386.46786 1098.2511 0.025490198 -149
9 357.98492 1101.6243 0.025490198 -165
10 333.77618 1104.1526 0.025490198 -182
11 308.57397 1105.8333 0.025490198 -198
12 282.95685 1107.4752 0.025490198 -215
13 265.90952 1108.4227 0.025490198 -231
14 232.47316 1111.4211 0.025490198 -248
15 217.24632 1112.1488 0.023529414 -281
16 205.17229 1112.4205 0.023529414 -297
17 191.28706 1112.4205 0.023529414 -314
18 185.57433 1112.4205 0.023529414 -347
19 181.78282 1112.4205 0.023529414 -363
20 179.17345 1112.4205 0.023529414 -380
21 177.5209 1112.4205 0.023529414 -396
22 175.88673 1112.4205 0.023529414 -413
23 174.2442 1112.4205 0.023529414 -429
24 170.96112 1112.4205 0.023529414 -446
25 169.3432 1112.4205 0.023529414 -479
26 167.65071 1113.614 0.023529414 -494
27 165.93558 1116.2401 0.023529414 -512
28 164.2664 1124.3219 0.023529414 -528
29 162.5664 1135.3901 0.021568628 -545
30 156.69963 1168.6334 0.021568628 -561
31 150.0767 1219.6395 0.021568628 -594
32 145.4918 1251.4565 0.021568628 -627
33 142.11395 1284.4984 0.021568628 -644
34 138.0955 1335.4008 0.021568628 -660
35 133.69757 1380.2461 0.021568628 -694
36 131.89278 1393.1702 0.021568628 -727
37 128.65796 1405.9364 0.021568628 -743
38 128.88066 1409.4337 0.019607844 -776
39 128.88066 1410.2655 0.019607844 -793
40 134.06346 1409.5366 0.01764706 -809
41 134.87512 1409.266 0.01764706 -826
42 134.87512 1409.266 0.01764706 -828
0 487.54858 1028.4644 0.019607844 -9
1 485.80585 1028.4644 0.021568628 -9
2 484.0624 1028.4644 0.021568628 -24
3 479.8553 1030.9299 0.021568628 -40
4 473.74274 1034.3403 0.021568628 -57
5 463.9009 1040.1266 0.021568628 -73
6 451.9313 1046.9691 0.023529414 -90
7 438.15268 1054.7267 0.023529414 -106
8 421.27167 1063.337 0.023529414 -123
9 391.2087 1074.5458 0.023529414 -139
10 357.41388 1081.9778 0.025490198 -156
11 328.97598 1087.8184 0.025490198 -172
12 289.19724 1094.2756 0.025490198 -189
13 264.3393 1098.7109 0.025490198 -205
14 243.09714 1101.2153 0.025490198 -222
15 207.13286 1104.4998 0.023529414 -239
16 195.08136 1105.4242 0.023529414 -272
17 178.84299 1106.4237 0.023529414 -288
18 172.3595 1106.4237 0.023529414 -321
19 167.85487 1106.4237 0.023529414 -338
20 164.5371 1106.4237 0.023529414 -354
21 161.96803 1106.4237 0.023529414 -371
22 158.77516 1106.4237 0.023529414 -387
23 156.89919 1108.3783 0.023529414 -420
24 153.6164 1114.1438 0.023529414 -437
25 150.13614 1127.3123 0.021568628 -453
26 145.64177 1147.3704 0.021568628 -470
27 141.41083 1173.3188 0.021568628 -486
28 130.24046 1253.6067 0.021568628 -503
29 125.96222 1284.6212 0.021568628 -536
30 120.85026 1315.5797 0.021568628 -552
31 112.02814 1357.6993 0.021568628 -569
32 110.087906 1370.1473 0.021568628 -602
33 108.36715 1378.4121 0.021568628 -618
34 107.90009 1382.7462 0.021568628 -635
35 105.93316 1385.216 0.021568628 -651
36 104.90287 1386.8679 0.021568628 -668
37 103.46746 1388.7134 0.019607844 -684
38 102.90472 1388.2769 0.019607844 -701
39 102.90472 1388.2769 0.01764706 -717
40 102.90472 1388.2769 0.01764706 -734
0 490.5458 1128.4122 0.019607844 -8
1 488.02228 1128.4122 0.021568628 -8
2 486.17548 1128.4122 0.021568628 -32
3 478.40506 1131.4866 0.023529414 -48
4 470.29587 1133.8324 0.023529414 -65
5 457.34674 1137.2151 0.023529414 -81
6 430.38348 1142.0961 0.023529414 -98
7 394.63458 1145.4033 0.025490198 -131
8 371.9617 1149.5238 0.025490198 -147
9 346.5224 1152.8505 0.025490198 -164
10 291.1464 1158.2877 0.025490198 -180
11 271.17575 1158.3966 0.025490198 -213
12 247.53362 1159.7451 0.025490198 -230
13 218.36664 1158.3966 0.025490198 -246
14 206.34932 1156.9875 0.023529414 -279
15 198.76556 1156.3851 0.023529414 -296
16 194.0012 1156.3977 0.023529414 -312
17 189.9993 1156.3977 0.023529414 -329
18 188.79556 1155.3685 0.023529414 -345
19 187.20953 1154.3987 0.023529414 -362
20 185.49675 1154.3987 0.023529414 -378
21 184.82886 1153.4025 0.023529414 -395
22 184.18454 1153.3993 0.023529414 -411
23 182.47133 1153.3993 0.023529414 -428
24 181.83163 1154.0967 0.023529414 -444
25 181.83163 1160.1881 0.023529414 -477
26 180.83257 1168.8792 0.021568628 -494
27 179.01312 1181.9535 0.021568628 -511
28 175.83815 1206.3649 0.023529414 -527
29 172.52855 1229.5415 0.021568628 -544
30 169.10355 1252.6567 0.023529414 -560
31 165.21324 1276.5931 0.021568628 -577
32 160.15337 1304.0453 0.023529414 -593
33 155.89032 1325.1018 0.023529414 -610
34 151.83607 1346.7408 0.021568628 -626
35 146.71194 1367.8964 0.023529414 -643
36 142.77805 1384.7275 0.023529414 -659
37 139.26028 1399.9086 0.023529414 -676
38 133.7033 1423.296 0.023529414 -692
39 131.8779 1436.539 0.021568628 -725
40 131.8779 1440.1725 0.021568628 -758
41 133.72386 1442.2488 0.019607844 -775
42 136.87326 1442.2488 0.01764706 -808
43 136.87326 1442.2488 0.01764706 -816
0 476.55875 1125.4138 0.023529414 0
1 476.55875 1125.4138 0.023529414 0
2 476.55875 1125.4138 0.023529414 -22
3 475.4516 1125.4138 0.023529414 -35
4 468.46634 1128.9619 0.023529414 -72
5 455.90506 1132.3284 0.023529414 -88
6 438.03506 1136.957 0.023529414 -105
7 405.44827 1144.8741 0.025490198 -121
8 379.14938 1149.3131 0.025490198 -138
9 341.85907 1154.802 0.025490198 -154
10 301.65073 1160.1874 0.025490198 -171
11 277.94693 1162.3086 0.025490198 -187
12 252.60954 1163.394 0.025490198 -204
13 200.31552 1163.394 0.025490198 -220
14 182.29126 1161.8408 0.025490198 -253
15 167.05594 1160.1969 0.023529414 -270
16 148.81718 1159.9868 0.023529414 -286
17 140.97061 1159.3961 0.023529414 -319
18 137.08025 1159.3961 0.023529414 -336
19 133.87605 1159.3961 0.023529414 -352
20 132.60924 1157.1294 0.023529414 -369
21 132.87697 1157.3972 0.023529414 -385
22 132.87697 1157.3972 0.023529414 -402
23 132.87697 1157.3972 0.023529414 -418
24 132.87697 1160.2097 0.021568628 -435
25 132.87697 1167.5029 0.023529414 -451
26 134.18657 1180.8715 0.021568628 -468
27 134.8911 1202.5975 0.021568628 -484
28 135.57785 1233.9419 0.021568628 -501
29 135.87419 1273.2391 0.021568628 -517
30 135.87419 1302.3502 0.021568628 -534
31 135.05878 1332.1812 0.021568628 -550
32 132.87697 1386.0361 0.021568628 -567
33 130.94507 1402.7388 0.023529414 -600
34 130.87881 1412.5804 0.021568628 -616
35 130.87881 1418.4127 0.021568628 -633
36 130.87881 1422.384 0.021568628 -649
37 130.87881 1424.0632 0.021568628 -666
38 131.42099 1424.2582 0.019607844 -682
39 135.85635 1422.9314 0.01764706 -699
40 136.87326 1421.2598 0.01764706 -716
41 136.87326 1421.2598 0.01764706 -722
0 480.55505 1075.4398 0.021568628 -18
1 477.37366 1075.4398 0.023529414 -18
2 475.56042 1075.4398 0.023529414 -49
3 473.11865 1076.1611 0.023529414 -65
4 468.31342 1077.8563 0.025490198 -82
5 450.19705 1084.897 0.025490198 -98
6 437.52115 1089.7903 0.025490198 -131
7 418.53452 1095.761 0.025490198 -148
8 397.61777 1100.0659 0.025490198 -164
9 373.50876 1104.8536 0.025490198 -181
10 339.04156 1109.6155 0.025490198 -197
11 319.67493 1112.2235 0.025490198 -214
12 284.0415 1116.324 0.025490198 -230
13 259.57355 1119.5863 0.025490198 -247
14 242.43347 1121.2087 0.025490198 -263
15 222.15291 1122.8491 0.025490198 -280
16 210.36021 1122.4154 0.025490198 -296
17 200.09808 1122.4154 0.023529414 -313
18 193.22989 1122.4154 0.023529414 -329
19 183.33025 1122.4154 0.023529414 -346
20 150.86032 1327.3086 0.021568628 -377
21 139.23903 1455.2421 0.01764706 -603
22 140.86957 1454.2426 0.01764706 -759
23 140.86957 1454.2426 0.01764706 -766
0 786.272 765.60126 0.021568628 -10
1 786.272 765.60126 0.021568628 -10
2 777.7358 767.48627 0.021568628 -101
3 750.5086 772.95667 0.021568628 -135
4 704.79456 779.86755 0.021568628 -168
5 678.90656 783.1502 0.021568628 -201
6 656.5894 784.5762 0.021568628 -217
7 605.50214 786.5903 0.021568628 -234
8 569.9723 787.5898 0.023529414 -267
9 535.07385 798.1359 0.019607844 -299
10 523.01575 801.5825 0.021568628 -332
11 517.0223 802.70667 0.021568628 -348
12 511.04074 804.4097 0.021568628 -365
13 507.59998 804.58093 0.021568628 -382
14 504.3206 804.58093 0.021568628 -398
15 502.71912 804.58093 0.021568628 -415
16 496.56024 810.5478 0.021568628 -431
17 487.44077 851.3118 0.021568628 -464
18 482.75778 881.5773 0.021568628 -497
19 476.31415 950.555 0.019607844 -514
20 474.2161 991.07007 0.023529414 -547
21 471.49216 1026.8904 0.021568628 -563
22 467.116 1087.6577 0.021568628 -580
23 465.5689 1114.6738 0.021568628 -613
24 465.5689 1121.8815 0.021568628 -646
25 465.5689 1127.3943 0.023529414 -662
26 465.5689 1132.2017 0.021568628 -679
27 465.5689 1132.4102 0.019607844 -712
28 465.5689 1132.4102 0.019607844 -731
0 512.52545 1084.4352 0.021568628 0
1 512.52545 1084.4352 0.021568628 -9
2 510.77692 1084.4352 0.023529414 -40
3 506.22174 1084.4352 0.023529414 -73
4 501.30026 1086.5126 0.023529414 -90
5 493.48572 1089.0558 0.023529414 -106
6 474.79996 1093.8704 0.023529414 -123
7 454.4242 1098.7164 0.023529414 -139
8 432.29004 1103.8486 0.023529414 -156
9 399.25098 1110.2084 0.023529414 -172
10 369.88974 1113.6725 0.025490198 -189
11 340.1772 1118.7189 0.025490198 -205
12 307.89178 1123.6752 0.025490198 -222
13 258.97632 1129.0287 0.025490198 -238
14 224.53885 1131.4106 0.025490198 -272
15 213.6045 1131.4106 0.025490198 -305
16 204.9983 1131.4106 0.023529414 -321
17 199.6513 1131.4106 0.023529414 -338
18 196.45863 1131.4106 0.023529414 -354
19 193.13206 1131.4106 0.023529414 -371
20 191.78784 1131.4106 0.023529414 -387
21 190.11896 1131.4106 0.023529414 -404
22 188.44162 1131.4106 0.023529414 -420
23 186.74684 1132.4904 0.023529414 -437
24 185.09277 1139.5574 0.023529414 -453
25 183.41562 1155.5437 0.023529414 -470
26 179.60857 1176.3629 0.023529414 -486
27 176.26149 1203.1882 0.023529414 -503
28 169.98544 1242.9598 0.023529414 -519
29 163.45638 1274.2977 0.023529414 -536
30 157.3756 1305.0187 0.023529414 -552
31 150.87138 1339.7439 0.023529414 -569
32 142.29564 1376.1462 0.023529414 -585
33 139.22327 1391.1624 0.023529414 -618
34 137.49861 1398.7677 0.023529414 -635
35 135.77437 1403.5686 0.023529414 -651
36 134.06808 1406.8827 0.023529414 -668
37 132.37744 1408.7662 0.023529414 -684
38 130.65639 1408.2665 0.023529414 -700
39 129.87975 1408.2665 0.019607844 -717
40 129.87975 1408.2665 0.019607844 -734
0 438.5939 1087.4336 0.021568628 0
1 436.30536 1087.4336 0.023529414 -8
2 432.00775 1087.4336 0.025490198 -32
3 426.9743 1087.4336 0.025490198 -49
4 420.50644 1088.9589 0.025490198 -65
5 415.1732 1090.5793 0.025490198 -82
6 408.23 1092.279 0.025490198 -98
7 397.13232 1095.4294 0.025490198 -115
8 384.41333 1097.582 0.025490198 -131
9 366.33643 1100.2747 0.025490198 -148
10 340.68457 1103.4253 0.025490198 -164
11 312.28934 1105.7089 0.025490198 -181
12 287.82132 1107.2627 0.025490198 -197
13 259.00098 1107.4232 0.025490198 -214
14 238.49007 1108.5219 0.025490198 -230
15 215.81961 1108.4227 0.025490198 -247
16 172.77802 1108.4227 0.023529414 -263
17 157.3951 1108.4227 0.023529414 -296
18 143.97241 1108.4227 0.023529414 -313
19 136.19298 1108.4227 0.023529414 -329
20 129.63905 1108.4227 0.023529414 -346
21 128.88066 1108.4227 0.023529414 -362
22 128.88066 1108.4227 0.023529414 -379
23 130.32884 1108.4227 0.023529414 -395
24 132.0962 1109.6405 0.023529414 -429
25 133.79495 1114.1763 0.023529414 -445
26 137.07501 1131.2234 0.021568628 -462
27 139.16217 1154.473 0.021568628 -478
28 139.87048 1189.288 0.023529414 -495
29 139.12173 1235.3369 0.023529414 -511
30 137.42517 1280.5227 0.023529414 -528
31 135.75604 1314.6807 0.023529414 -544
32 133.12892 1341.4099 0.023529414 -561
33 130.27495 1366.5415 0.023529414 -577
34 128.54836 1381.9412 0.023529414 -594
35 126.79817 1392.6967 0.023529414 -610
36 125.88344 1397.6592 0.023529414 -627
37 125.88344 1401.27 0.023529414 -643
38 125.88344 1402.5593 0.021568628 -659
39 127.88026 1402.2697 0.019607844 -676
40 132.14555 1402.2697 0.019607844 -693
41 132.87697 1402.2697 0.01764706 -709
42 132.87697 1402.2697 0.01764706 -711
0 814.2461 517.73035 0.021568628 -8
1 814.2461 517.73035 0.021568628 -8
2 814.2461 517.73035 0.021568628 -31
3 814.2461 517.73035 0.021568628 -64
4 811.6426 517.73035 0.021568628 -81
5 806.2063 519.7411 0.021568628 -97
6 792.0124 524.4783 0.021568628 -114
7 772.18713 531.0893 0.019607844 -130
8 749.2289 535.7364 0.019607844 -147
9 719.7301 541.3732 0.019607844 -163
10 684.76495 545.34467 0.019607844 -180
11 656.71747 547.6741 0.019607844 -196
12 627.95026 549.9379 0.019607844 -213
13 599.34875 551.96857 0.021568628 -229
14 581.153 552.7121 0.021568628 -246
15 545.5788 554.71106 0.019607844 -262
16 538.83203 554.71106 0.019607844 -312
17 535.1266 554.71106 0.019607844 -328
18 531.75 554.71106 0.019607844 -345
19 528.46436 554.71106 0.019607844 -361
20 526.6219 554.71106 0.019607844 -394
21 521.3393 571.2363 0.019607844 -411
22 517.39514 613.50104 0.019607844 -444
23 515.1517 669.27606 0.019607844 -477
24 511.41818 703.9868 0.021568628 -493
25 511.52637 764.8659 0.019607844 -510
26 511.52637 816.8139 0.019607844 -526
27 509.38937 865.0783 0.019607844 -543
28 509.52823 903.60046 0.019607844 -559
29 504.22968 966.9584 0.021568628 -576
30 504.53284 987.133 0.021568628 -609
31 504.53284 997.52344 0.021568628 -626
32 504.53284 1004.11273 0.021568628 -642
33 504.53284 1008.1223 0.019607844 -659
34 504.53284 1009.6524 0.019607844 -675
35 505.53192 1010.4737 0.019607844 -692
36 502.5347 1012.47266 0.027450982 -699
0 555.48566 1091.4315 0.019607844 -7
1 555.48566 1091.4315 0.021568628 -7
2 555.48566 1091.4315 0.021568628 -31
3 553.64636 1091.4315 0.021568628 -48
4 536.48425 1097.1017 0.021568628 -81
5 498.13293 1107.7777 0.023529414 -114
6 464.0703 1116.9182 0.023529414 -147
7 443.08026 1121.7391 0.023529414 -163
8 411.90054 1127.8943 0.023529414 -180
9 376.10895 1134.326 0.025490198 -197
10 342.4153 1139.7465 0.025490198 -213
11 319.1291 1143.0005 0.025490198 -230
12 287.20303 1147.2732 0.025490198 -246
13 250.53754 1151.1476 0.025490198 -263
14 232.02203 1152.3998 0.025490198 -296
15 227.35228 1152.3998 0.025490198 -329
16 225.42787 1152.3998 0.025490198 -345
17 223.74834 1152.3998 0.025490198 -362
18 222.79372 1152.3998 0.025490198 -378
19 222.79372 1152.3998 0.023529414 -395
20 222.79372 1152.3998 0.023529414 -411
21 222.79372 1153.8094 0.023529414 -428
22 222.79372 1158.5276 0.023529414 -444
23 222.79372 1166.7961 0.021568628 -461
24 221.28218 1182.2183 0.021568628 -477
25 219.36725 1206.8158 0.021568628 -494
26 216.59471 1231.8938 0.021568628 -510
27 212.38327 1260.0575 0.023529414 -527
28 205.80943 1294.8257 0.023529414 -543
29 201.359 1320.7365 0.023529414 -560
30 196.97217 1342.4507 0.023529414 -576
31 192.55351 1363.8988 0.023529414 -593
32 189.20105 1384.0217 0.023529414 -609
33 186.82701 1413.854 0.023529414 -626
34 186.82701 1426.0605 0.023529414 -659
35 186.82701 1433.814 0.023529414 -675
36 187.69527 1439.8573 0.023529414 -692
37 190.93579 1445.3597 0.019607844 -708
38 196.65457 1445.4105 0.01764706 -741
39 196.81776 1445.2472 0.01764706 -774
40 196.81776 1445.2472 0.01764706 -776
0 819.24146 619.67725 0.021568628 -10
1 819.24146 619.67725 0.019607844 -10
2 819.24146 619.67725 0.019607844 -25
3 822.3803 619.67725 0.019607844 -41
4 822.23865 619.67725 0.019607844 -58
5 820.6923 619.67725 0.019607844 -74
6 818.9545 620.96375 0.021568628 -91
7 815.1917 622.7024 0.021568628 -107
8 805.64246 627.6116 0.019607844 -124
9 786.09204 632.9653 0.021568628 -140
10 767.06665 637.97345 0.021568628 -157
11 744.4038 643.182 0.019607844 -173
12 711.6002 647.2009 0.021568628 -190
13 683.34973 651.0381 0.019607844 -206
14 660.44006 653.65955 0.019607844 -223
15 638.90845 655.1587 0.021568628 -239
16 613.77057 659.0661 0.019607844 -256
17 599.1986 661.5613 0.019607844 -272
18 588.93036 663.24194 0.019607844 -289
19 574.0265 665.65326 0.019607844 -305
20 569.15173 665.65326 0.019607844 -338
21 565.8168 665.65326 0.019607844 -355
22 562.51086 665.65326 0.019607844 -372
23 560.7733 665.65326 0.019607844 -388
24 559.0968 665.65326 0.019607844 -405
25 557.41473 666.7219 0.019607844 -421
26 551.97406 685.7024 0.021568628 -438
27 547.84894 728.3191 0.021568628 -454
28 547.8042 760.58685 0.019607844 -471
29 542.5233 810.41547 0.019607844 -487
30 540.0287 860.20746 0.021568628 -504
31 535.1846 929.87366 0.019607844 -520
32 536.8676 948.0594 0.019607844 -537
33 532.7228 985.54266 0.021568628 -553
34 529.27905 1005.0153 0.019607844 -570
35 527.1596 1016.58453 0.019607844 -586
36 525.4761 1021.5801 0.019607844 -603
37 525.5134 1026.1884 0.019607844 -619
38 525.5134 1029.1168 0.019607844 -636
39 525.5134 1030.9298 0.019607844 -652
40 525.5134 1031.4628 0.019607844 -669
41 525.5134 1031.4628 0.027450982 -685
0 527.5116 1047.4545 0.021568628 -20
1 525.0346 1047.4545 0.021568628 -20
2 521.71704 1047.4545 0.021568628 -42
3 518.35754 1047.4545 0.021568628 -75
4 508.3495 1048.9078 0.021568628 -92
5 493.89865 1050.6355 0.021568628 -108
6 453.0428 1054.6045 0.021568628 -125
7 419.38065 1058.2522 0.021568628 -158
8 392.33438 1060.4832 0.023529414 -174
9 363.8598 1061.4471 0.021568628 -191
10 325.8311 1064.2678 0.023529414 -207
11 293.97754 1065.5371 0.023529414 -224
12 269.10645 1067.2045 0.023529414 -240
13 219.63531 1068.4435 0.023529414 -257
14 206.40863 1068.4435 0.023529414 -290
15 196.08742 1068.4435 0.023529414 -306
16 187.61775 1068.4435 0.023529414 -323
17 181.92125 1068.4435 0.023529414 -341
18 178.60301 1068.4435 0.023529414 -357
19 175.34709 1068.4435 0.023529414 -374
20 173.898 1068.4435 0.023529414 -390
21 172.2181 1068.4435 0.023529414 -407
22 170.52632 1068.4435 0.021568628 -423
23 161.96068 1087.8801 0.021568628 -440
24 156.35522 1117.418 0.021568628 -473
25 151.58069 1147.1693 0.021568628 -490
26 145.4837 1181.056 0.021568628 -506
27 138.30444 1231.9432 0.021568628 -523
28 131.94435 1299.126 0.021568628 -539
29 128.61812 1326.3057 0.021568628 -572
30 125.236084 1351.8315 0.021568628 -589
31 122.886215 1378.4431 0.021568628 -605
32 121.38761 1387.7771 0.021568628 -638
33 121.887146 1391.6287 0.021568628 -654
34 121.887146 1394.2327 0.021568628 -671
35 121.887146 1394.2738 0.019607844 -688
36 122.53769 1393.6229 0.01764706 -705
37 122.886215 1393.2743 0.01764706 -721
38 123.88529 1392.2748 0.01764706 -724
0 465.5689 1045.4554 0.021568628 -9
1 465.5689 1045.4554 0.023529414 -9
2 463.92612 1046.2772 0.023529414 -26
3 454.82166 1048.6431 0.023529414 -116
4 442.9344 1051.9252 0.025490198 -132
5 429.32477 1055.2899 0.025490198 -149
6 407.2823 1058.6162 0.025490198 -165
7 385.7832 1061.9235 0.025490198 -182
8 361.82733 1065.205 0.025490198 -198
9 340.18503 1066.9443 0.025490198 -215
10 319.83844 1068.5989 0.025490198 -231
11 298.55447 1071.2894 0.025490198 -248
12 275.7447 1072.9412 0.025490198 -265
13 262.53162 1072.4414 0.025490198 -281
14 251.603 1072.4414 0.025490198 -298
15 240.84738 1072.4414 0.025490198 -314
16 225.89638 1072.4414 0.025490198 -331
17 217.81483 1072.4414 0.023529414 -364
18 215.98643 1072.4414 0.023529414 -397
19 214.3144 1072.4414 0.023529414 -413
20 212.66377 1072.4414 0.023529414 -430
21 207.63988 1088.7759 0.023529414 -446
22 205.00566 1106.3486 0.023529414 -496
23 195.37244 1171.9207 0.023529414 -513
24 189.91527 1207.7938 0.023529414 -546
25 184.62495 1243.2954 0.023529414 -562
26 175.7224 1303.0681 0.023529414 -579
27 172.35591 1324.9591 0.023529414 -612
28 170.42184 1341.0847 0.023529414 -628
29 169.84274 1349.7708 0.023529414 -645
30 169.84274 1355.8162 0.023529414 -661
31 169.84274 1357.8132 0.023529414 -678
32 169.84274 1358.2925 0.021568628 -694
33 170.81303 1358.2925 0.019607844 -711
34 173.83904 1358.2925 0.01764706 -727
35 173.83904 1358.2925 0.01764706 -736
0 801.2581 499.73972 0.019607844 0
1 801.2581 499.73972 0.019607844 0
2 801.2581 499.73972 0.019607844 -30
3 799.7511 500.74478 0.019607844 -40
4 794.06964 505.93158 0.021568628 -80
5 784.84174 510.9928 0.019607844 -96
6 769.08374 516.87054 0.019607844 -113
7 744.28394 523.60114 0.019607844 -129
8 725.69055 529.17096 0.019607844 -146
9 696.6644 532.451 0.021568628 -162
10 661.4782 536.81134 0.019607844 -179
11 630.1033 538.89374 0.019607844 -195
12 605.42664 542.4336 0.019607844 -212
13 574.96765 545.7158 0.019607844 -228
14 557.52 547.8931 0.019607844 -245
15 525.5134 549.7137 0.019607844 -261
16 508.2488 550.71313 0.019607844 -294
17 502.73737 550.71313 0.019607844 -328
18 499.04272 550.71313 0.019607844 -344
19 496.56003 550.71313 0.019607844 -361
20 492.57208 563.27936 0.021568628 -377
21 487.4617 578.9593 0.019607844 -394
22 486.38977 615.2783 0.019607844 -410
23 482.99435 660.60364 0.019607844 -427
24 486.9857 699.21326 0.019607844 -443
25 482.2146 750.99805 0.019607844 -460
26 484.55136 824.57056 0.019607844 -476
27 481.18893 858.66986 0.021568628 -508
28 479.44092 871.3522 0.021568628 -526
29 476.55875 885.48773 0.021568628 -542
30 476.55875 891.56104 0.019607844 -576
31 476.55875 891.53564 0.019607844 -609
32 468.56613 893.5346 0.029411767 -617
0 499.53748 975.4919 0.023529414 -9
1 495.39493 975.4919 0.021568628 -9
2 493.56778 975.4919 0.023529414 -40
3 491.97388 975.4919 0.023529414 -57
4 490.20547 975.4919 0.023529414 -73
5 474.12033 984.9051 0.021568628 -90
6 441.9105 996.08527 0.023529414 -123
7 416.48627 1002.6694 0.023529414 -156
8 390.9008 1008.4898 0.023529414 -172
9 367.49307 1013.50543 0.023529414 -189
10 339.8494 1018.39496 0.023529414 -206
11 309.2149 1023.3835 0.023529414 -222
12 285.23953 1026.388 0.023529414 -239
13 260.6067 1029.7028 0.023529414 -255
14 223.13857 1034.4181 0.023529414 -272
15 210.40497 1036.089 0.023529414 -305
16 196.18028 1038.4591 0.023529414 -321
17 191.59009 1039.4586 0.023529414 -354
18 188.29591 1039.4586 0.023529414 -371
19 184.25682 1044.1738 0.023529414 -387
20 179.78204 1069.0098 0.023529414 -420
21 178.11404 1106.4968 0.023529414 -454
22 176.39394 1154.3524 0.023529414 -470
23 173.54709 1200.3196 0.023529414 -487
24 169.41705 1250.2705 0.023529414 -503
25 165.87396 1291.5106 0.023529414 -520
26 162.56425 1317.5956 0.023529414 -536
27 159.9041 1337.7816 0.023529414 -553
28 158.23262 1350.6427 0.023529414 -569
29 156.55208 1358.5044 0.021568628 -586
30 156.85477 1362.4149 0.021568628 -602
31 157.63818 1363.2899 0.019607844 -619
32 159.85199 1363.2899 0.01764706 -635
33 161.85014 1362.2904 0.01764706 -646
0 511.52637 1053.4513 0.023529414 0
1 511.52637 1053.4513 0.021568628 0
2 511.52637 1053.4513 0.023529414 -21
3 511.52637 1053.4513 0.023529414 -38
4 511.52637 1053.4513 0.023529414 -71
5 506.2493 1053.4513 0.023529414 -88
6 494.91452 1054.2136 0.023529414 -104
7 474.00153 1057.3046 0.021568628 -121
8 449.10648 1060.6586 0.023529414 -137
9 413.58655 1064.7566 0.023529414 -154
10 379.83176 1068.3715 0.023529414 -170
11 347.40924 1071.6938 0.025490198 -187
12 319.32388 1074.9781 0.025490198 -203
13 293.3955 1076.8494 0.025490198 -220
14 260.38696 1080.1089 0.025490198 -236
15 249.59454 1080.4373 0.025490198 -269
16 241.71841 1080.4373 0.025490198 -286
17 237.44102 1080.4373 0.025490198 -303
18 231.90382 1080.4373 0.025490198 -319
19 230.14157 1080.4373 0.025490198 -352
20 228.52495 1080.4373 0.023529414 -369
21 227.7891 1080.4373 0.023529414 -385
22 224.69783 1089.903 0.021568628 -402
23 221.80237 1105.3894 0.021568628 -435
24 218.79741 1129.4117 0.021568628 -451
25 216.79926 1153.3993 0.021568628 -461
26 210.80481 1207.3711 0.021568628 -491
27 207.6412 1237.9651 0.021568628 -491
28 198.92691 1296.4518 0.021568628 -501
29 191.31837 1347.4534 0.023529414 -517
30 186.58566 1378.8118 0.023529414 -534
31 182.25757 1404.0713 0.023529414 -550
32 180.33304 1422.2593 0.023529414 -567
33 178.6692 1430.082 0.021568628 -583
34 178.83441 1435.0403 0.021568628 -600
35 178.83441 1435.2524 0.021568628 -617
36 178.83441 1436.252 0.019607844 -617
