0 765.2914 638.66736 0.021568628 -30
1 765.2914 638.66736 0.021568628 -30
2 765.2914 638.66736 0.023529414 -60
3 765.2914 638.66736 0.023529414 -93
4 765.2914 638.66736 0.023529414 -126
5 760.84235 637.85004 0.023529414 -159
6 747.9505 634.798 0.023529414 -192
7 724.30676 628.6664 0.023529414 -225
8 685.37146 622.2153 0.023529414 -258
9 647.51556 618.3541 0.023529414 -291
10 609.74225 615.2529 0.023529414 -324
11 586.457 612.6809 0.023529414 -357
12 586.457 612.6809 0.023529414 -385
13 518.5199 612.6809 0.023529414 -448
14 518.5199 612.6809 0.023529414 -448
15 522.49725 634.48016 0.023529414 -489
16 527.645 686.4468 0.023529414 -522
17 530.7179 746.3785 0.023529414 -555
18 525.0193 806.5548 0.023529414 -588
19 516.1867 837.9048 0.025490198 -621
20 513.4688 854.38763 0.023529414 -654
21 515.52264 856.55383 0.019607844 -687
22 504.53284 870.5466 0.03137255 -696
0 442.5902 1168.3915 0.023529414 -11
1 396.15073 1178.2302 0.025490198 -11
2 394.7061 1174.6738 0.023529414 -32
3 374.6372 1173.9329 0.023529414 -65
4 306.98584 1174.6931 0.027450982 -98
5 254.36334 1169.8239 0.027450982 -131
6 207.59901 1163.6327 0.025490198 -164
7 182.15619 1160.239 0.025490198 -197
8 137.26424 1155.7639 0.023529414 -214
9 102.65969 1154.6179 0.023529414 -247
10 84.98859 1154.3987 0.023529414 -280
11 75.68211 1156.5216 0.023529414 -313
12 66.65404 1174.3849 0.023529414 -346
13 59.944496 1224.3623 0.023529414 -379
14 59.944496 1224.3623 0.023529414 -407
15 63.940796 1469.2347 0.023529414 -531
16 100.21683 1481.8055 0.023529414 -531
17 139.98889 1486.6569 0.019607844 -544
18 147.8631 1485.2264 0.01764706 -577
19 147.8631 1485.2264 0.01764706 -589
0 538.5014 1161.395 0.01764706 -10
1 533.51776 1163.888 0.019607844 -10
2 530.66394 1164.3936 0.019607844 -33
3 527.25195 1162.3945 0.019607844 -66
4 518.6333 1163.8655 0.021568628 -99
5 436.17755 1181.9988 0.025490198 -132
6 370.59668 1192.3939 0.025490198 -165
7 311.22366 1203.0942 0.027450982 -198
8 266.6196 1206.3717 0.025490198 -231
9 229.28972 1204.2576 0.025490198 -264
10 207.6265 1199.9812 0.025490198 -297
11 197.07738 1197.0065 0.023529414 -330
12 195.83427 1195.393 0.023529414 -363
13 194.32007 1193.8782 0.023529414 -380
14 192.75618 1193.3784 0.023529414 -396
15 192.82146 1193.3784 0.023529414 -413
16 192.82146 1201.538 0.023529414 -429
17 193.82054 1246.3481 0.023529414 -462
18 175.9003 1376.5146 0.023529414 -495
19 164.4418 1406.35 0.023529414 -561
20 158.8529 1424.7578 0.023529414 -578
21 155.2049 1441.5061 0.023529414 -592
22 153.90836 1452.938 0.023529414 -611
23 154.45934 1458.4451 0.021568628 -627
24 156.10223 1461.7322 0.019607844 -644
25 158.71037 1463.1666 0.019607844 -660
26 161.85014 1463.2379 0.01764706 -677
27 161.85014 1463.2379 0.01764706 -688
0 572.4699 1119.417 0.019607844 -8
1 572.4699 1119.417 0.019607844 -8
2 570.151 1119.417 0.019607844 -31
3 566.7717 1120.2682 0.019607844 -47
4 540.5556 1130.3864 0.019607844 -64
5 450.20053 1158.8218 0.025490198 -97
6 387.14154 1166.8922 0.025490198 -130
7 345.52094 1173.3888 0.025490198 -162
8 285.079 1174.3883 0.025490198 -179
9 266.8785 1172.4917 0.025490198 -212
10 248.10522 1170.9181 0.025490198 -229
11 205.3099 1165.8927 0.025490198 -245
12 164.4829 1160.6882 0.023529414 -278
13 148.36261 1158.8964 0.023529414 -311
14 137.67291 1158.3682 0.023529414 -328
15 129.37332 1157.3972 0.023529414 -344
16 123.014046 1157.3972 0.023529414 -361
17 118.47622 1157.3972 0.023529414 -378
18 115.10836 1157.3972 0.023529414 -394
19 113.881035 1157.3972 0.023529414 -411
20 112.395935 1157.3972 0.023529414 -427
21 108.688 1160.6069 0.023529414 -443
22 105.40671 1166.1318 0.023529414 -460
23 99.49089 1179.5739 0.023529414 -477
24 94.01008 1195.0537 0.023529414 -493
25 88.205696 1217.6737 0.023529414 -510
26 75.27806 1272.9459 0.023529414 -526
27 64.5425 1329.2963 0.023529414 -559
28 60.943573 1351.7959 0.023529414 -592
29 59.944496 1359.292 0.023529414 -608
30 59.944496 1359.292 0.023529414 -614
0 710.3423 352.81622 0.019607844 -10
1 710.3423 352.81622 0.019607844 -10
2 710.3423 352.81622 0.019607844 -32
3 708.7646 352.81622 0.019607844 -65
4 703.49457 354.0291 0.021568628 -98
5 694.68726 355.59305 0.023529414 -114
6 685.4312 357.13632 0.023529414 -131
7 658.2063 358.67352 0.023529414 -147
8 607.63153 363.59122 0.023529414 -164
9 578.30975 366.91388 0.023529414 -197
10 545.72675 369.97565 0.023529414 -213
11 485.45673 374.2126 0.023529414 -230
12 459.8849 375.58365 0.023529414 -263
13 436.28125 377.15787 0.023529414 -279
14 407.8351 380.64005 0.023529414 -296
15 390.16327 382.29865 0.023529414 -312
16 376.17242 385.9055 0.023529414 -329
17 359.53983 389.02283 0.023529414 -345
18 355.2239 389.6128 0.023529414 -378
19 350.51535 389.79697 0.023529414 -395
20 348.67645 389.79697 0.023529414 -411
21 346.5113 390.38058 0.023529414 -428
22 344.54178 391.93506 0.023529414 -444
23 342.6827 398.65335 0.023529414 -461
24 341.32495 416.09122 0.023529414 -477
25 340.6539 441.2793 0.023529414 -494
26 342.2726 475.82654 0.023529414 -511
27 343.68176 526.1815 0.023529414 -527
28 349.0546 628.4172 0.023529414 -544
29 352.8392 677.14044 0.023529414 -577
30 357.11523 713.30383 0.023529414 -593
31 362.67438 745.33606 0.023529414 -610
32 368.3212 768.2488 0.019607844 -626
33 371.09982 773.9272 0.019607844 -659
34 373.65402 777.595 0.019607844 -676
35 374.6531 779.59393 0.01764706 -691
0 820.24054 765.60126 0.021568628 0
1 820.24054 765.60126 0.019607844 0
2 820.24054 765.60126 0.021568628 -22
3 817.65515 766.3947 0.021568628 -38
4 811.44934 769.49884 0.023529414 -55
5 803.9924 771.7033 0.023529414 -72
6 792.59143 775.01495 0.023529414 -88
7 767.93274 780.8536 0.023529414 -105
8 742.58954 784.4412 0.023529414 -121
9 714.3386 786.0906 0.023529414 -138
10 672.3436 789.67346 0.023529414 -154
11 639.0895 791.3038 0.023529414 -171
12 593.07043 792.8896 0.025490198 -187
13 566.6114 795.46704 0.025490198 -204
14 506.59525 802.1235 0.025490198 -220
15 482.1478 805.8146 0.025490198 -253
16 456.66125 810.064 0.023529414 -270
17 425.00998 815.8996 0.023529414 -286
18 419.81604 816.5747 0.023529414 -319
19 416.63876 816.5747 0.023529414 -336
20 415.55127 816.5747 0.023529414 -352
21 413.92404 816.5747 0.023529414 -369
22 413.61703 816.5747 0.023529414 -385
23 413.61703 818.07385 0.023529414 -418
24 416.61426 849.6464 0.023529414 -434
25 418.03357 880.11334 0.025490198 -468
26 417.6133 915.03046 0.023529414 -484
27 416.48245 955.17914 0.025490198 -501
28 414.4345 995.48016 0.025490198 -517
29 410.90625 1035.307 0.023529414 -534
30 409.15475 1088.2904 0.023529414 -550
31 408.62164 1113.8572 0.023529414 -567
32 409.37186 1146.4171 0.023529414 -583
33 410.60208 1199.1625 0.023529414 -600
34 412.44412 1213.3241 0.023529414 -633
35 414.13364 1219.9159 0.023529414 -649
36 415.8731 1223.8789 0.023529414 -666
37 418.60556 1225.3584 0.021568628 -683
38 422.6087 1226.3612 0.019607844 -699
39 422.6087 1226.3612 0.019607844 -708
0 570.4718 1109.4221 0.019607844 0
1 562.94354 1111.5549 0.021568628 0
2 550.8435 1116.267 0.021568628 -32
3 534.0131 1122.4484 0.021568628 -48
4 512.66864 1130.5099 0.023529414 -65
5 477.7611 1140.3914 0.023529414 -81
6 432.13342 1151.4094 0.023529414 -98
7 360.66602 1163.3939 0.025490198 -114
8 317.72375 1168.1396 0.025490198 -146
9 291.57138 1170.2129 0.025490198 -164
10 259.39993 1171.7878 0.025490198 -180
11 223.29324 1172.3894 0.023529414 -197
12 194.74924 1169.2529 0.023529414 -230
13 178.89322 1167.6206 0.023529414 -247
14 161.91106 1166.0345 0.023529414 -263
15 149.24342 1166.3925 0.023529414 -280
16 139.12712 1166.3925 0.023529414 -296
17 132.3984 1166.3925 0.023529414 -313
18 127.69027 1166.3925 0.023529414 -329
19 124.20368 1166.3925 0.023529414 -346
20 121.94521 1166.3925 0.023529414 -362
21 119.88899 1167.4 0.023529414 -379
22 119.88899 1171.8137 0.023529414 -412
23 119.88899 1183.2809 0.021568628 -428
24 117.279 1220.5503 0.023529414 -445
25 112.904915 1262.2574 0.021568628 -478
26 110.03728 1295.8638 0.021568628 -494
27 106.835594 1336.4172 0.023529414 -511
28 103.626495 1383.0266 0.023529414 -527
29 99.46845 1455.2284 0.023529414 -544
30 95.16954 1502.3832 0.023529414 -577
31 90.78775 1534.0983 0.023529414 -610
32 89.91675 1541.6201 0.021568628 -643
33 90.45505 1544.7343 0.019607844 -659
34 93.58439 1546.53 0.019607844 -676
35 96.91027 1546.1947 0.01764706 -692
36 99.90749 1545.1952 0.01764706 -699
0 717.3358 374.80478 0.019607844 -7
1 717.3358 374.80478 0.019607844 -7
2 716.1601 373.62857 0.019607844 -22
3 710.7397 371.93884 0.019607844 -39
4 704.3479 370.30713 0.019607844 -55
5 696.692 370.80685 0.019607844 -72
6 684.9784 371.60486 0.019607844 -88
7 663.15924 371.80634 0.019607844 -105
8 641.5952 373.8632 0.019607844 -121
9 618.73627 375.51712 0.019607844 -138
10 587.1921 377.16675 0.023529414 -154
11 558.8369 379.78006 0.021568628 -171
12 528.38684 384.08237 0.023529414 -187
13 496.6971 386.96567 0.021568628 -204
14 436.82562 395.65485 0.021568628 -220
15 416.75916 396.8503 0.021568628 -253
16 398.2166 398.5339 0.021568628 -270
17 383.1226 401.57367 0.021568628 -286
18 372.44745 403.82428 0.021568628 -303
19 365.0224 405.4487 0.021568628 -319
20 359.7153 405.78864 0.021568628 -336
21 355.73 405.78864 0.021568628 -352
22 353.0816 405.78864 0.021568628 -369
23 351.42706 405.78864 0.019607844 -386
24 346.92395 407.16534 0.019607844 -402
25 343.88245 431.96713 0.021568628 -435
26 343.68176 463.76672 0.019607844 -468
27 346.15945 501.25848 0.021568628 -485
28 348.43658 545.54877 0.021568628 -501
29 349.03824 605.5758 0.021568628 -518
30 349.39264 650.7581 0.021568628 -534
31 355.67496 728.68463 0.021568628 -551
32 358.0493 771.21466 0.023529414 -584
33 357.17322 804.1244 0.019607844 -600
34 357.66882 819.2388 0.023529414 -633
35 357.66882 825.63617 0.023529414 -650
36 358.6679 829.96576 0.021568628 -666
37 357.1945 830.5674 0.019607844 -683
38 357.66882 830.5674 0.019607844 -699
39 357.66882 830.5674 0.019607844 -704
0 726.32745 404.78915 0.019607844 -10
1 726.32745 404.78915 0.019607844 -10
2 724.19 404.78915 0.019607844 -33
3 720.01917 404.78915 0.019607844 -58
4 715.0545 404.78915 0.021568628 -75
5 705.9842 404.78915 0.019607844 -91
6 690.3782 404.78915 0.019607844 -108
7 672.75275 404.78915 0.021568628 -124
8 651.3882 404.71713 0.021568628 -141
9 625.7257 405.47675 0.021568628 -157
10 600.72095 408.417 0.023529414 -174
11 571.7553 407.7876 0.023529414 -190
12 542.0118 409.32626 0.023529414 -207
13 485.8811 412.42978 0.023529414 -223
14 445.94672 414.1699 0.023529414 -256
15 424.7807 416.75974 0.023529414 -273
16 406.6235 418.28217 0.023529414 -289
17 390.2004 422.09976 0.023529414 -305
18 373.29004 421.7803 0.023529414 -322
19 360.13342 421.7803 0.021568628 -339
20 354.60474 421.7803 0.023529414 -355
21 350.17578 421.7803 0.023529414 -372
22 347.12442 421.7803 0.023529414 -387
23 343.18222 421.7803 0.019607844 -405
24 340.01505 424.44904 0.023529414 -438
25 338.2371 432.02356 0.021568628 -471
26 335.57214 445.2366 0.019607844 -487
27 333.0238 471.78577 0.019607844 -504
28 334.01395 512.4899 0.023529414 -520
29 335.68915 594.6902 0.023529414 -537
30 338.87006 658.5396 0.023529414 -569
31 341.5253 700.6732 0.023529414 -587
32 346.14188 752.20703 0.023529414 -603
33 345.67993 774.67126 0.023529414 -620
34 345.67993 794.73285 0.021568628 -636
35 344.1814 808.57825 0.021568628 -653
36 343.56387 815.0475 0.021568628 -669
37 343.68176 819.1692 0.021568628 -686
38 343.68176 822.5674 0.021568628 -702
39 343.68176 824.5705 0.019607844 -719
40 343.68176 824.5705 0.019607844 -741
0 752.3034 357.81363 0.019607844 0
1 747.9652 355.64365 0.019607844 -8
2 740.9875 353.73413 0.019607844 -65
3 716.4073 353.8157 0.019607844 -82
4 693.647 353.63507 0.019607844 -115
5 672.1364 354.67996 0.019607844 -131
6 634.6365 355.32944 0.019607844 -148
7 607.2384 358.0884 0.021568628 -164
8 576.74146 360.60858 0.023529414 -181
9 516.9071 367.62375 0.023529414 -197
10 485.34308 372.37604 0.021568628 -230
11 460.63803 377.39053 0.023529414 -247
12 446.09573 380.46655 0.023529414 -263
13 433.2696 383.6325 0.023529414 -280
14 417.81873 385.79904 0.023529414 -296
15 413.95557 387.1289 0.021568628 -329
16 410.7277 387.798 0.023529414 -346
17 407.42804 388.7975 0.021568628 -362
18 403.11856 396.82608 0.019607844 -395
19 402.6272 407.32037 0.019607844 -428
20 401.71848 429.60046 0.021568628 -445
21 403.10062 508.42136 0.021568628 -461
22 402.6272 548.21533 0.021568628 -494
23 405.32648 611.83344 0.019607844 -511
24 406.6235 661.21716 0.021568628 -527
25 409.51544 704.99817 0.021568628 -544
26 411.05948 757.7232 0.021568628 -560
27 410.6198 792.2497 0.019607844 -577
28 409.6308 821.43085 0.019607844 -593
29 407.15952 850.80115 0.021568628 -610
30 405.1453 869.3429 0.019607844 -627
31 407.62256 885.39905 0.019607844 -643
32 409.5808 893.3748 0.019607844 -660
33 410.23886 897.7698 0.019607844 -676
34 411.07275 900.9841 0.019607844 -693
35 411.61887 901.53046 0.01764706 -709
36 411.61887 901.53046 0.01764706 -732
0 746.30896 393.7949 0.019607844 0
1 746.30896 393.7949 0.019607844 0
2 746.30896 393.7949 0.019607844 -24
3 746.30896 393.7949 0.019607844 -41
4 746.30896 393.7949 0.019607844 -58
5 740.89856 394.5996 0.019607844 -75
6 728.3268 397.79254 0.019607844 -91
7 697.28296 404.0455 0.019607844 -125
8 673.25397 409.04602 0.021568628 -158
9 651.98376 413.23285 0.023529414 -175
10 626.17163 415.1743 0.019607844 -192
11 598.37756 420.79364 0.023529414 -209
12 573.1033 423.41092 0.023529414 -225
13 521.07166 429.55426 0.023529414 -242
14 500.03702 432.7746 0.023529414 -276
15 465.83514 433.84073 0.023529414 -292
16 454.01807 434.77356 0.023529414 -319
17 444.2125 436.16882 0.023529414 -335
18 437.50763 436.7725 0.023529414 -352
19 433.099 436.7725 0.023529414 -368
20 430.2115 436.7725 0.023529414 -384
21 427.77917 436.7725 0.023529414 -401
22 426.13983 436.7725 0.023529414 -418
23 424.5463 436.7725 0.021568628 -434
24 422.86182 439.2645 0.021568628 -451
25 419.79156 446.81656 0.019607844 -467
26 418.6124 459.0732 0.021568628 -484
27 416.4235 480.24393 0.021568628 -500
28 416.99426 518.2392 0.019607844 -517
29 415.66772 559.971 0.019607844 -533
30 415.31204 607.7611 0.019607844 -550
31 415.61517 655.24274 0.021568628 -566
32 414.6553 688.4659 0.021568628 -583
33 411.57513 721.65564 0.019607844 -600
34 410.6198 756.4862 0.021568628 -616
35 408.62097 779.60394 0.021568628 -633
36 406.43585 798.11725 0.021568628 -649
37 404.26865 813.43243 0.019607844 -666
38 403.65878 820.4425 0.019607844 -682
39 402.6272 825.5574 0.019607844 -699
40 402.6272 829.51385 0.019607844 -715
41 402.6272 831.5669 0.01764706 -732
42 402.6272 831.5669 0.01764706 -748
43 402.6272 831.5669 0.01764706 -754
0 723.33026 401.7907 0.019607844 -8
1 723.33026 401.7907 0.019607844 -8
2 723.33026 401.7907 0.019607844 -32
3 722.48035 401.7907 0.019607844 -49
4 719.35406 401.7907 0.019607844 -65
5 716.026 401.7907 0.019607844 -82
6 705.2104 399.3647 0.019607844 -98
7 681.20703 398.7923 0.021568628 -131
8 663.14825 395.84152 0.019607844 -164
9 644.719 395.79385 0.021568628 -181
10 623.0812 396.48294 0.021568628 -197
11 601.5147 396.0556 0.021568628 -214
12 559.482 400.79126 0.021568628 -230
13 508.04483 409.09225 0.021568628 -263
14 480.85153 414.04123 0.023529414 -296
15 464.45102 417.80402 0.023529414 -313
16 447.2929 420.40054 0.023529414 -329
17 428.15048 422.0032 0.019607844 -346
18 414.4616 424.67313 0.019607844 -363
19 404.6253 426.27795 0.023529414 -379
20 398.2021 426.7777 0.023529414 -395
21 392.57523 426.7777 0.023529414 -412
22 388.87283 426.7777 0.023529414 -429
23 387.62698 426.7777 0.023529414 -445
24 385.98587 426.7777 0.021568628 -462
25 384.35245 426.7777 0.019607844 -478
26 382.69284 426.7777 0.021568628 -495
27 381.06326 429.52795 0.019607844 -511
28 380.64755 437.87708 0.021568628 -528
29 379.64847 451.95166 0.019607844 -544
30 379.64847 476.7517 0.019607844 -561
31 380.64755 508.15598 0.019607844 -577
32 380.64755 546.13916 0.019607844 -594
33 383.64478 600.8942 0.021568628 -610
34 382.4162 637.2623 0.019607844 -627
35 384.64386 676.2786 0.021568628 -644
36 385.85434 715.9547 0.019607844 -660
37 386.50833 762.26526 0.019607844 -677
38 386.642 787.527 0.019607844 -710
39 388.38043 796.0655 0.019607844 -743
40 389.63922 798.6101 0.019607844 -776
41 389.63922 800.583 0.01764706 -792
42 389.63922 800.583 0.01764706 -806
0 498.5384 1074.4404 0.021568628 -8
1 497.03976 1074.4404 0.023529414 -8
2 491.88672 1076.6584 0.023529414 -32
3 484.97952 1079.2235 0.023529414 -50
4 472.56244 1085.4346 0.025490198 -66
5 451.2577 1093.399 0.025490198 -83
6 402.7054 1107.269 0.025490198 -99
7 379.8023 1111.8165 0.025490198 -133
8 363.94073 1112.9757 0.025490198 -149
9 333.69104 1117.418 0.025490198 -166
10 297.48956 1123.28 0.025490198 -189
11 271.9987 1127.5198 0.025490198 -199
12 251.54799 1129.6134 0.025490198 -215
13 215.18518 1132.8715 0.025490198 -232
14 187.10013 1133.4097 0.025490198 -265
15 174.20105 1133.4097 0.025490198 -298
16 165.9421 1133.4097 0.025490198 -315
17 158.45992 1133.4097 0.023529414 -331
18 152.9444 1133.4097 0.023529414 -348
19 150.86032 1133.4097 0.023529414 -365
20 150.86032 1133.4097 0.023529414 -381
21 150.86032 1133.4097 0.023529414 -414
22 150.86032 1133.4097 0.023529414 -431
23 150.86032 1135.7716 0.023529414 -447
24 152.39551 1143.624 0.023529414 -481
25 155.69255 1180.7926 0.021568628 -497
26 156.85477 1255.2954 0.021568628 -530
27 155.86778 1301.9343 0.023529414 -563
28 153.20718 1340.321 0.023529414 -580
29 151.47513 1372.2083 0.023529414 -597
30 149.79288 1397.2985 0.023529414 -613
31 147.10568 1413.3286 0.023529414 -630
32 145.44939 1423.7542 0.023529414 -646
33 145.86494 1428.7493 0.023529414 -663
34 145.86494 1431.0825 0.023529414 -679
35 145.86494 1433.2534 0.019607844 -696
36 150.063 1432.1531 0.019607844 -729
37 151.85939 1431.2545 0.01764706 -746
38 153.85754 1430.255 0.01764706 -754
0 684.36633 340.82248 0.019607844 -7
1 684.36633 340.82248 0.019607844 -7
2 684.36633 340.82248 0.019607844 -24
3 684.36633 340.82248 0.019607844 -40
4 680.3208 340.82248 0.019607844 -57
5 672.7543 343.27032 0.019607844 -73
6 662.8604 347.08212 0.019607844 -90
7 624.3347 357.08582 0.019607844 -107
8 578.24023 365.85434 0.019607844 -140
9 544.85596 370.9762 0.019607844 -173
10 517.7673 374.64902 0.019607844 -189
11 489.72678 378.0172 0.019607844 -206
12 463.42105 384.45248 0.021568628 -222
13 441.91156 390.90018 0.021568628 -239
14 410.68954 395.1872 0.019607844 -256
15 392.36655 398.11694 0.021568628 -289
16 382.63675 399.79358 0.019607844 -305
17 376.7588 401.4217 0.021568628 -322
18 368.85117 401.7907 0.021568628 -338
19 364.5671 401.7907 0.019607844 -372
20 362.79865 401.7907 0.021568628 -405
21 361.1656 401.7907 0.019607844 -421
22 359.46014 401.7907 0.019607844 -437
23 359.667 408.29346 0.021568628 -454
24 358.14737 416.4301 0.019607844 -471
25 355.18158 429.7344 0.019607844 -487
26 353.67252 449.92044 0.019607844 -504
27 353.0863 476.55334 0.019607844 -521
28 355.37033 508.37933 0.019607844 -537
29 356.64838 548.38275 0.019607844 -554
30 355.99127 582.2788 0.019607844 -570
31 354.2708 612.50055 0.019607844 -587
32 356.66974 647.5958 0.019607844 -603
33 355.21576 671.11017 0.019607844 -620
34 353.27982 688.572 0.019607844 -637
35 353.67252 704.72174 0.021568628 -653
36 353.67252 712.9203 0.021568628 -670
37 353.67252 718.0489 0.021568628 -686
38 353.67252 722.1237 0.021568628 -703
39 353.67252 724.57574 0.019607844 -719
40 353.67252 726.35706 0.019607844 -736
41 353.67252 726.6215 0.01764706 -752
42 353.67252 726.6215 0.01764706 -764
0 650.39777 371.80634 0.019607844 -18
1 650.39777 371.80634 0.019607844 -18
2 650.39777 371.80634 0.019607844 -50
3 646.5511 370.80685 0.019607844 -66
4 642.6313 370.80685 0.019607844 -83
5 636.11676 370.80685 0.019607844 -99
6 620.19763 370.80685 0.019607844 -116
7 602.719 371.50858 0.019607844 -132
8 583.9315 371.80634 0.019607844 -149
9 559.897 372.80582 0.019607844 -165
10 536.86053 373.53308 0.019607844 -182
11 514.2023 375.21393 0.019607844 -198
12 488.87036 374.80478 0.019607844 -215
13 470.79767 376.53442 0.019607844 -231
14 427.2305 379.8333 0.019607844 -248
15 407.42993 382.25702 0.021568628 -281
16 391.24637 384.17673 0.021568628 -297
17 368.85474 387.798 0.021568628 -314
18 359.57733 387.798 0.021568628 -347
19 355.59747 388.7975 0.021568628 -363
20 352.35242 388.7975 0.023529414 -380
21 349.04736 388.7975 0.021568628 -396
22 347.7276 388.7975 0.023529414 -413
23 346.08508 388.7975 0.021568628 -429
24 342.80203 388.7975 0.023529414 -446
25 341.18408 388.7975 0.021568628 -479
26 339.4916 390.99042 0.021568628 -494
27 337.77646 393.61655 0.021568628 -512
28 336.1073 400.1176 0.019607844 -528
29 334.4073 409.4851 0.019607844 -545
30 331.53775 443.85568 0.019607844 -561
31 329.80246 496.12415 0.019607844 -594
32 328.69565 532.32495 0.019607844 -627
33 328.69565 566.4952 0.019607844 -644
34 329.69473 620.5497 0.019607844 -660
35 331.87134 674.9707 0.021568628 -694
36 329.70963 690.5212 0.021568628 -727
37 328.69565 705.5241 0.019607844 -743
38 327.6966 708.79865 0.019607844 -776
39 327.6966 711.50183 0.019607844 -793
40 327.6966 713.35767 0.019607844 -809
41 327.6966 713.6283 0.019607844 -826
42 327.6966 713.6283 0.019607844 -828
0 629.41724 332.82663 0.019607844 -9
1 629.41724 332.82663 0.019607844 -9
2 629.41724 332.82663 0.019607844 -24
3 629.41724 332.82663 0.019607844 -40
4 629.41724 332.82663 0.019607844 -57
5 626.0861 332.82663 0.019607844 -73
6 621.28894 334.20453 0.019607844 -90
7 613.15625 337.9344 0.019607844 -106
8 602.77277 343.15582 0.019607844 -123
9 585.5778 349.59247 0.019607844 -139
10 560.3085 354.08618 0.019607844 -156
11 539.16626 359.19778 0.019607844 -172
12 501.4621 364.19452 0.019607844 -189
13 481.23285 369.09094 0.021568628 -205
14 458.3201 372.38382 0.019607844 -222
15 409.72018 380.95166 0.021568628 -239
16 390.53137 385.3786 0.021568628 -272
17 369.6663 391.7938 0.021568628 -288
18 363.18283 393.62195 0.021568628 -321
19 358.6782 395.28897 0.021568628 -338
20 355.3604 396.94852 0.021568628 -354
21 352.79135 396.79333 0.021568628 -371
22 349.59848 397.8706 0.019607844 -387
23 345.76877 400.7024 0.019607844 -420
24 342.44156 405.892 0.019607844 -437
25 338.9613 417.31967 0.019607844 -453
26 335.5404 443.88574 0.019607844 -470
27 332.87238 467.22836 0.019607844 -486
28 330.69382 553.2494 0.019607844 -503
29 328.73505 582.98663 0.019607844 -536
30 326.6597 619.94196 0.019607844 -552
31 321.768 665.9938 0.019607844 -569
32 320.70306 681.74646 0.019607844 -602
33 320.70306 693.30145 0.019607844 -618
34 320.70306 699.3354 0.021568628 -635
35 320.70306 703.57104 0.021568628 -651
36 320.70306 706.22235 0.019607844 -668
37 320.70306 708.06793 0.019607844 -684
38 320.70306 709.7592 0.019607844 -701
39 318.63782 709.6304 0.01764706 -717
40 318.63782 709.6304 0.01764706 -734
0 648.39966 420.78082 0.019607844 -8
1 648.39966 420.78082 0.019607844 -8
2 648.39966 420.78082 0.019607844 -32
3 648.39966 420.78082 0.019607844 -48
4 646.9781 420.78082 0.019607844 -65
5 643.5966 420.78082 0.019607844 -81
6 625.2031 419.78134 0.019607844 -98
7 607.4375 421.28058 0.019607844 -131
8 592.00287 422.8206 0.019607844 -147
9 567.76855 421.7803 0.019607844 -164
10 523.822 425.66937 0.019607844 -180
11 498.277 426.46634 0.019607844 -213
12 474.3236 429.4746 0.019607844 -230
13 432.961 432.37827 0.019607844 -246
14 415.92548 432.7746 0.019607844 -279
15 406.54797 432.7746 0.019607844 -296
16 399.20483 432.7746 0.019607844 -312
17 391.98746 432.7746 0.019607844 -329
18 388.58093 432.7746 0.021568628 -345
19 385.4089 432.7746 0.023529414 -362
20 383.31357 432.7746 0.019607844 -378
21 381.6498 432.7746 0.019607844 -395
22 380.00323 432.7746 0.019607844 -411
23 378.29004 432.7746 0.019607844 -428
24 374.95496 434.47156 0.019607844 -444
25 371.75952 439.1156 0.019607844 -477
26 368.5612 451.5454 0.019607844 -494
27 366.8392 465.3267 0.019607844 -511
28 362.16516 491.7352 0.019607844 -527
29 359.3556 515.75745 0.019607844 -544
30 356.92963 540.89746 0.019607844 -560
31 354.6716 563.054 0.019607844 -577
32 352.20834 595.11285 0.019607844 -593
33 347.73 618.4525 0.019607844 -610
34 346.0052 639.7835 0.019607844 -626
35 342.91434 665.4145 0.021568628 -643
36 339.55096 683.09296 0.019607844 -659
37 337.88174 698.07947 0.019607844 -676
38 333.5183 724.83276 0.019607844 -692
39 331.69287 739.47644 0.019607844 -725
40 332.69196 746.9949 0.019607844 -758
41 333.69104 753.6075 0.019607844 -775
42 333.69104 753.6075 0.01764706 -808
43 333.69104 753.6075 0.01764706 -816
0 638.4089 399.79178 0.01764706 0
1 638.4089 399.79178 0.019607844 0
2 638.4089 399.79178 0.019607844 -22
3 637.3017 399.79178 0.019607844 -35
4 633.86316 399.79178 0.019607844 -72
5 624.667 402.70844 0.019607844 -88
6 610.06226 406.70004 0.019607844 -105
7 592.2165 412.96133 0.019607844 -121
8 564.8891 415.7246 0.019607844 -138
9 534.6805 418.38297 0.019607844 -154
10 500.78592 421.30838 0.019607844 -171
11 476.84882 424.60678 0.019607844 -187
12 443.43286 425.90668 0.019607844 -204
13 393.71362 429.77615 0.019607844 -220
14 371.00854 431.32935 0.019607844 -253
15 354.88202 434.1715 0.021568628 -270
16 335.64417 435.773 0.019607844 -286
17 329.0212 435.773 0.019607844 -319
18 323.9073 435.773 0.023529414 -336
19 320.70303 435.773 0.019607844 -352
20 317.17038 435.773 0.019607844 -369
21 315.81036 435.773 0.019607844 -385
22 314.2091 435.773 0.021568628 -402
23 312.42438 438.05817 0.019607844 -418
24 309.77518 441.64594 0.019607844 -435
25 307.7151 449.46414 0.019607844 -451
26 306.4055 463.24524 0.019607844 -468
27 302.68774 484.9393 0.019607844 -484
28 303.71878 518.31464 0.019607844 -501
29 307.8761 560.3846 0.019607844 -517
30 308.77124 587.77966 0.019607844 -534
31 311.5277 622.5508 0.019607844 -550
32 313.77264 680.7194 0.019607844 -567
33 314.70862 700.0386 0.019607844 -600
34 314.70862 709.9464 0.019607844 -616
35 314.70862 715.7787 0.019607844 -633
36 314.70862 719.75 0.019607844 -649
37 314.70862 722.42865 0.019607844 -666
38 314.70862 723.6231 0.019607844 -682
39 316.03473 724.94977 0.019607844 -699
40 315.70767 725.6221 0.019607844 -716
41 315.70767 725.6221 0.019607844 -722
0 604.4403 368.8079 0.01764706 -18
1 606.4385 368.8079 0.019607844 -18
2 606.4385 368.8079 0.019607844 -49
3 606.4385 368.8079 0.019607844 -65
4 606.4385 368.8079 0.019607844 -82
5 603.71 368.8079 0.019607844 -98
6 596.18475 368.8079 0.019607844 -131
7 586.959 369.89026 0.019607844 -148
8 573.09424 371.6259 0.019607844 -164
9 549.34595 373.28192 0.019607844 -181
10 529.34906 374.80478 0.019607844 -197
11 506.29047 376.60675 0.019607844 -214
12 476.7684 381.15952 0.021568628 -230
13 452.3104 384.9689 0.021568628 -247
14 427.50558 386.5914 0.019607844 -263
15 404.55008 389.66495 0.021568628 -280
16 388.08438 390.85205 0.021568628 -296
17 375.44907 393.53836 0.021568628 -313
18 365.275 395.19196 0.021568628 -329
19 352.67346 398.29254 0.023529414 -346
20 328.1961 620.17694 0.019607844 -377
21 328.69565 768.7222 0.019607844 -603
22 328.69565 769.5991 0.019607844 -759
23 328.69565 769.5991 0.019607844 -766
0 654.3941 364.81 0.019607844 -10
1 653.395 364.81 0.019607844 -10
2 644.74493 364.81 0.019607844 -101
3 614.2755 371.16595 0.019607844 -135
4 565.64966 378.0768 0.019607844 -168
5 541.59186 381.35947 0.019607844 -201
6 517.718 384.7692 0.021568628 -217
7 465.63162 389.32217 0.021568628 -234
8 428.10358 391.79593 0.019607844 -267
9 395.4273 392.57135 0.021568628 -299
10 383.14523 394.29462 0.021568628 -332
11 376.02808 395.91855 0.021568628 -348
12 371.17026 396.79333 0.021568628 -365
13 367.7295 396.79333 0.019607844 -382
14 364.4501 397.79282 0.019607844 -398
15 362.03397 398.60782 0.019607844 -415
16 356.68973 407.7476 0.019607844 -431
17 350.6753 444.63156 0.019607844 -464
18 349.4114 477.053 0.019607844 -497
19 351.91898 547.3874 0.019607844 -514
20 351.32986 590.9681 0.021568628 -547
21 348.60596 619.8174 0.019607844 -563
22 347.22696 679.41876 0.019607844 -580
23 345.67993 708.76086 0.019607844 -613
24 347.2949 717.0923 0.019607844 -646
25 347.67807 722.60516 0.019607844 -662
26 349.67624 727.41254 0.019607844 -679
27 349.67624 728.6205 0.01764706 -712
28 349.67624 728.6205 0.01764706 -731
0 678.3719 375.80426 0.019607844 0
1 678.3719 375.80426 0.019607844 -9
2 676.62335 375.80426 0.019607844 -40
3 673.5034 375.80426 0.019607844 -73
4 668.0673 375.80426 0.019607844 -90
5 656.5233 375.80426 0.019607844 -106
6 642.08514 377.28354 0.021568628 -123
7 624.3631 377.80322 0.021568628 -139
8 601.9408 379.6101 0.019607844 -156
9 570.539 381.24808 0.019607844 -172
10 542.1511 382.88477 0.021568628 -189
11 517.0134 386.33316 0.021568628 -205
12 482.9901 389.63736 0.021568628 -222
13 438.8098 397.02664 0.021568628 -238
14 396.37973 399.70886 0.021568628 -272
15 382.0493 401.4905 0.021568628 -305
16 372.8429 403.15237 0.021568628 -321
17 366.44226 403.78967 0.021568628 -338
18 362.30508 403.78967 0.021568628 -354
19 358.97852 403.78967 0.021568628 -371
20 355.6016 403.78967 0.021568628 -387
21 353.96725 403.78967 0.021568628 -404
22 352.28992 403.78967 0.019607844 -420
23 349.5159 406.94852 0.019607844 -437
24 346.94293 416.1417 0.019607844 -453
25 343.85248 434.33395 0.019607844 -470
26 343.68176 454.81372 0.019607844 -486
27 341.10883 480.92734 0.019607844 -503
28 340.68454 522.7992 0.019607844 -519
29 337.49136 556.5734 0.019607844 -536
30 335.68918 591.04297 0.019607844 -552
31 332.6975 629.1085 0.019607844 -569
32 330.90732 668.6599 0.019607844 -585
33 328.04846 687.17676 0.021568628 -618
34 326.32376 696.50757 0.021568628 -635
35 325.5986 701.9341 0.021568628 -651
36 324.8914 706.24774 0.021568628 -668
37 324.69934 709.6304 0.019607844 -684
38 324.69934 710.8524 0.019607844 -700
39 324.69934 712.70526 0.019607844 -717
40 324.69934 712.70526 0.019607844 -734
0 623.4227 367.8084 0.019607844 0
1 623.4227 367.8084 0.019607844 -8
2 623.4227 367.8084 0.019607844 -32
3 623.4227 367.8084 0.019607844 -49
4 623.4227 367.8084 0.019607844 -65
5 623.4227 367.8084 0.019607844 -82
6 620.72925 367.8084 0.019607844 -98
7 611.43384 366.3092 0.019607844 -115
8 599.36816 365.80948 0.019607844 -131
9 584.82947 365.80948 0.019607844 -148
10 559.48193 364.31024 0.019607844 -164
11 537.5081 365.95184 0.021568628 -181
12 512.4164 365.80948 0.023529414 -197
13 479.8233 367.2953 0.021568628 -214
14 458.0884 367.90753 0.023529414 -230
15 430.41962 368.6067 0.019607844 -247
16 387.34332 372.92377 0.023529414 -263
17 373.19528 374.61227 0.023529414 -296
18 355.31635 376.2908 0.021568628 -313
19 346.9978 377.91666 0.021568628 -329
20 340.44388 377.80322 0.021568628 -346
21 336.697 377.80322 0.021568628 -362
22 333.48334 377.80322 0.021568628 -379
23 330.24475 377.80322 0.019607844 -395
24 328.47736 383.6742 0.021568628 -429
25 326.7786 391.39038 0.021568628 -445
26 324.09894 406.7978 0.019607844 -462
27 323.7003 435.30286 0.019607844 -478
28 321.6568 465.57416 0.019607844 -495
29 323.44998 521.2055 0.019607844 -511
30 326.59277 565.00024 0.019607844 -528
31 330.93015 602.52454 0.021568628 -544
32 330.69382 631.6535 0.019607844 -561
33 329.29953 660.93115 0.019607844 -577
34 328.36334 679.6396 0.021568628 -594
35 327.6966 692.14606 0.021568628 -610
36 326.9016 699.81836 0.021568628 -627
37 326.6975 705.1327 0.021568628 -643
38 326.6975 706.92163 0.021568628 -659
39 326.6975 708.6296 0.019607844 -676
40 326.6975 708.6309 0.019607844 -693
41 326.6975 708.6309 0.01764706 -709
42 326.6975 708.6309 0.01764706 -711
0 649.3987 327.82925 0.019607844 -8
1 649.3987 327.82925 0.019607844 -8
2 649.3987 327.82925 0.019607844 -31
3 644.5829 327.82925 0.019607844 -64
4 639.4991 327.82925 0.019607844 -81
5 629.33466 330.8513 0.019607844 -97
6 614.86426 335.57663 0.019607844 -114
7 596.6911 342.18774 0.019607844 -130
8 569.4057 344.83072 0.019607844 -147
9 543.22107 351.13608 0.019607844 -163
10 507.61465 355.44354 0.019607844 -180
11 484.8359 358.77243 0.019607844 -196
12 456.4968 362.42343 0.021568628 -213
13 426.25293 365.32178 0.019607844 -229
14 408.31305 366.73987 0.021568628 -246
15 374.5204 370.80685 0.023529414 -262
16 367.9902 371.3629 0.021568628 -312
17 364.28482 371.80634 0.021568628 -328
18 361.7862 371.80634 0.023529414 -345
19 358.62164 371.80634 0.019607844 -361
20 356.77914 371.80634 0.019607844 -394
21 350.4975 384.24475 0.019607844 -411
22 348.8028 428.4119 0.019607844 -444
23 349.67624 475.40656 0.019607844 -477
24 349.78442 511.97855 0.019607844 -493
25 350.37485 570.86914 0.019607844 -510
26 354.96817 631.9363 0.019607844 -526
27 352.60403 669.1803 0.019607844 -543
28 351.83853 709.85144 0.019607844 -559
29 351.67438 772.23914 0.019607844 -576
30 350.73993 790.17084 0.021568628 -609
31 349.86746 799.6265 0.021568628 -626
32 349.67624 806.21576 0.021568628 -642
33 349.67624 810.2254 0.021568628 -659
34 349.67624 811.7555 0.019607844 -675
35 349.67624 812.5768 0.019607844 -692
36 349.67624 812.5768 0.019607844 -699
0 705.3469 387.798 0.019607844 -7
1 705.3469 387.798 0.019607844 -7
2 705.3469 387.798 0.019607844 -31
3 703.5076 387.798 0.019607844 -48
4 689.3427 390.1333 0.019607844 -81
5 657.3274 398.1345 0.019607844 -114
6 629.91675 401.79074 0.019607844 -147
7 610.0335 406.11194 0.021568628 -163
8 579.0549 407.61496 0.019607844 -180
9 551.82153 412.22296 0.019607844 -197
10 521.2497 414.89728 0.019607844 -213
11 498.16537 417.3785 0.019607844 -230
12 474.90005 421.65118 0.023529414 -246
13 435.125 426.52505 0.019607844 -263
14 412.85458 429.72882 0.021568628 -296
15 406.46783 429.77615 0.021568628 -329
16 402.90015 429.77615 0.021568628 -345
17 399.54108 429.77615 0.021568628 -362
18 396.93625 429.77615 0.021568628 -378
19 395.2842 429.77615 0.021568628 -395
20 393.61224 429.77615 0.019607844 -411
21 391.93185 430.48102 0.019607844 -428
22 388.886 433.52814 0.019607844 -444
23 387.5604 446.33298 0.019607844 -461
24 385.1305 462.59308 0.019607844 -477
25 383.21555 482.904 0.019607844 -494
26 382.54343 510.16742 0.019607844 -510
27 380.84067 533.2093 0.019607844 -527
28 377.65033 570.203 0.019607844 -543
29 378.6494 592.964 0.019607844 -560
30 377.72754 622.5939 0.021568628 -576
31 375.65216 644.2736 0.019607844 -593
32 375.65216 663.0853 0.019607844 -609
33 376.65125 699.92474 0.019607844 -626
34 377.5848 711.8997 0.019607844 -659
35 379.78854 722.46497 0.019607844 -675
36 382.38406 730.09595 0.019607844 -692
37 386.75446 738.84033 0.019607844 -708
38 388.47693 742.44995 0.019607844 -741
39 388.64014 742.6132 0.01764706 -774
40 388.64014 742.6132 0.01764706 -776
0 675.37463 442.76938 0.019607844 -10
1 675.37463 442.76938 0.019607844 -10
2 675.37463 442.76938 0.019607844 -25
3 675.37463 442.76938 0.019607844 -41
4 675.37463 442.76938 0.019607844 -58
5 672.2819 442.76938 0.019607844 -74
6 667.5203 442.76938 0.019607844 -91
7 658.2301 443.7956 0.019607844 -107
8 641.85565 446.97107 0.019607844 -124
9 619.81433 449.19772 0.019607844 -140
10 594.9203 449.8676 0.021568628 -157
11 571.7247 452.44232 0.021568628 -173
12 537.27435 454.78845 0.019607844 -190
13 511.8857 458.13855 0.021568628 -206
14 489.59827 459.76053 0.021568628 -223
15 466.568 461.25977 0.019607844 -239
16 443.3378 465.1671 0.021568628 -256
17 430.2609 467.66223 0.021568628 -272
18 420.67355 469.34293 0.021568628 -289
19 408.9004 471.75427 0.021568628 -305
20 405.3034 472.75375 0.021568628 -338
21 401.9685 472.75375 0.021568628 -355
22 399.6458 472.75375 0.019607844 -372
23 397.92413 472.75375 0.019607844 -388
24 396.24765 474.1385 0.019607844 -405
25 392.49826 480.0266 0.019607844 -421
26 388.96326 496.63916 0.019607844 -438
27 386.642 535.0636 0.019607844 -454
28 385.33176 577.8621 0.019607844 -471
29 385.65146 622.4877 0.019607844 -487
30 385.6429 667.2506 0.019607844 -504
31 387.08154 737.9736 0.019607844 -520
32 382.28128 763.8848 0.019607844 -537
33 381.64664 790.7521 0.019607844 -553
34 381.03177 810.73193 0.019607844 -570
35 380.64755 824.0372 0.019607844 -586
36 379.6111 830.71686 0.019607844 -603
37 378.6494 836.1487 0.019607844 -619
38 378.6494 839.8683 0.019607844 -636
39 378.6494 842.02826 0.019607844 -652
40 378.6494 843.9428 0.019607844 -669
41 378.6494 843.9428 0.019607844 -685
0 667.3821 345.8199 0.019607844 -20
1 667.3821 345.8199 0.019607844 -20
2 665.7839 345.8199 0.019607844 -42
3 661.2253 344.8204 0.019607844 -75
4 652.3077 345.8199 0.019607844 -92
5 636.76636 345.8199 0.019607844 -108
6 596.17957 348.81833 0.019607844 -125
7 564.0502 350.21927 0.019607844 -158
8 538.1816 349.80002 0.019607844 -174
9 508.2324 351.57 0.019607844 -191
10 463.6478 351.81674 0.019607844 -207
11 439.21152 355.9988 0.019607844 -224
12 416.73007 358.33398 0.019607844 -240
13 365.58948 360.90137 0.019607844 -257
14 349.73297 362.5826 0.019607844 -290
15 338.95514 362.81104 0.019607844 -306
16 329.18454 363.81052 0.021568628 -323
17 322.82068 364.81 0.021568628 -341
18 319.47256 364.81 0.023529414 -357
19 316.21667 364.81 0.023529414 -374
20 313.7685 364.81 0.021568628 -390
21 312.08856 364.81 0.019607844 -407
22 310.39682 364.81 0.019607844 -423
23 303.08957 384.9867 0.019607844 -440
24 299.72247 415.2837 0.019607844 -473
25 298.8163 445.62762 0.019607844 -490
26 297.13715 481.62643 0.019607844 -506
27 296.68033 532.26263 0.019607844 -523
28 296.79172 605.4208 0.019607844 -539
29 297.72433 637.29596 0.021568628 -572
30 297.72433 663.1902 0.019607844 -589
31 296.41904 693.5738 0.019607844 -605
32 298.22388 707.13165 0.021568628 -638
33 298.72342 712.15924 0.019607844 -654
34 299.68134 716.54443 0.019607844 -671
35 301.50552 720.1942 0.019607844 -688
36 301.72064 719.9738 0.01764706 -705
37 301.72064 719.6252 0.01764706 -721
38 301.72064 719.6252 0.01764706 -724
0 618.42737 340.82248 0.019607844 -9
1 618.42737 340.82248 0.019607844 -9
2 615.7855 340.82248 0.019607844 -26
3 609.4624 341.4168 0.019607844 -116
4 600.02545 343.05783 0.021568628 -132
5 584.1814 341.82196 0.019607844 -149
6 565.8868 343.40494 0.019607844 -165
7 546.8724 345.05856 0.021568628 -182
8 523.07733 343.82092 0.019607844 -198
9 502.03516 345.32013 0.019607844 -215
10 479.53513 350.28387 0.021568628 -231
11 454.5626 350.66476 0.019607844 -248
12 433.09897 352.31647 0.021568628 -265
13 419.23334 353.96878 0.021568628 -281
14 406.59882 355.6754 0.021568628 -298
15 393.75272 356.81415 0.023529414 -314
16 372.7604 356.81415 0.019607844 -331
17 362.6807 356.81415 0.019607844 -364
18 359.0404 356.81415 0.019607844 -397
19 357.1821 356.81415 0.019607844 -413
20 355.5315 357.95288 0.021568628 -430
21 347.34265 380.14496 0.019607844 -446
22 344.7785 397.62006 0.019607844 -496
23 345.5312 468.88245 0.021568628 -513
24 345.6496 504.12997 0.019607844 -546
25 344.39948 539.66187 0.019607844 -562
26 343.68176 608.65967 0.019607844 -579
27 341.94113 627.8377 0.019607844 -612
28 343.1027 646.28735 0.023529414 -628
29 342.6827 655.1325 0.019607844 -645
30 342.6827 661.178 0.023529414 -661
31 342.6827 665.6941 0.019607844 -678
32 343.83643 667.80695 0.019607844 -694
33 344.65207 669.6224 0.019607844 -711
34 344.68085 670.6507 0.01764706 -727
35 344.68085 670.6507 0.01764706 -736
0 624.4218 327.82925 0.019607844 0
1 624.4218 327.82925 0.019607844 0
2 624.4218 327.82925 0.019607844 -30
3 621.41907 327.82925 0.019607844 -40
4 614.8372 329.2269 0.019607844 -80
5 607.0064 330.91397 0.019607844 -96
6 590.6791 334.3957 0.019607844 -113
7 566.9166 337.761 0.019607844 -129
8 546.5587 343.2678 0.019607844 -146
9 518.69336 343.68515 0.019607844 -162
10 482.55292 349.3635 0.019607844 -179
11 452.61636 350.99155 0.019607844 -195
12 430.4467 353.53198 0.019607844 -212
13 395.63367 355.31494 0.019607844 -228
14 376.50916 357.99207 0.019607844 -245
15 351.17484 361.31183 0.019607844 -261
16 337.22733 362.81104 0.023529414 -294
17 333.4931 362.81104 0.019607844 -328
18 330.19907 362.81104 0.021568628 -344
19 326.73706 363.79074 0.019607844 -361
20 323.38602 376.69113 0.019607844 -377
21 321.34012 394.41772 0.019607844 -394
22 320.78293 428.53546 0.019607844 -410
23 320.70306 474.14236 0.019607844 -427
24 322.18054 524.1354 0.019607844 -443
25 323.7003 567.2632 0.019607844 -460
26 323.20074 642.1655 0.019607844 -476
27 323.7003 664.0403 0.019607844 -508
28 321.58707 674.33966 0.019607844 -526
29 321.22812 690.115 0.023529414 -542
30 320.70306 697.68744 0.021568628 -576
31 320.70306 697.63666 0.019607844 -609
32 320.70306 697.63666 0.019607844 -617
0 629.41724 295.84592 0.019607844 -9
1 629.41724 295.84592 0.019607844 -9
2 629.41724 295.84592 0.021568628 -40
3 629.41724 295.84592 0.021568628 -57
4 629.41724 295.84592 0.019607844 -73
5 614.5947 296.45013 0.019607844 -90
6 588.5108 299.7119 0.019607844 -123
7 566.3475 302.11926 0.023529414 -156
8 538.08777 305.5176 0.021568628 -172
9 517.3765 308.86136 0.023529414 -189
10 486.7134 313.40396 0.019607844 -206
11 457.38318 320.05524 0.021568628 -222
12 433.14133 322.7544 0.019607844 -239
13 408.70868 326.6885 0.021568628 -255
14 371.00165 334.73935 0.021568628 -272
15 359.89514 338.08112 0.021568628 -305
16 344.16388 342.70087 0.023529414 -321
17 339.45316 344.43686 0.023529414 -354
18 336.159 346.08463 0.021568628 -371
19 331.54788 348.96338 0.019607844 -387
20 326.6975 374.526 0.019607844 -420
21 326.4188 411.02222 0.019607844 -454
22 326.6975 456.8302 0.019607844 -470
23 329.8407 504.09787 0.019607844 -487
24 332.50082 560.82086 0.021568628 -503
25 334.17682 609.2971 0.021568628 -520
26 332.54947 630.5256 0.019607844 -536
27 329.79895 651.08716 0.019607844 -553
28 329.69473 664.37915 0.019607844 -569
29 329.69473 673.16425 0.019607844 -586
30 329.69473 677.8338 0.019607844 -602
31 330.47815 681.2135 0.019607844 -619
32 330.69382 682.6444 0.01764706 -635
33 330.69382 682.6444 0.01764706 -646
0 662.38666 347.81885 0.019607844 0
1 662.38666 347.81885 0.019607844 0
2 662.38666 347.81885 0.019607844 -21
3 659.16296 347.81885 0.019607844 -38
4 655.5281 347.81885 0.019607844 -71
5 649.0231 349.9117 0.019607844 -88
6 628.97675 351.34244 0.019607844 -104
7 609.7312 354.6706 0.019607844 -121
8 581.45624 356.91965 0.019607844 -137
9 551.3111 359.35364 0.019607844 -154
10 508.4645 361.27585 0.019607844 -170
11 489.9076 362.93704 0.019607844 -187
12 461.65402 364.57913 0.019607844 -203
13 436.2632 366.6295 0.019607844 -220
14 406.5801 369.47903 0.019607844 -236
15 395.4595 371.16907 0.021568628 -269
16 386.56985 370.80685 0.023529414 -286
17 380.63885 370.80685 0.021568628 -303
18 371.89276 370.80685 0.023529414 -319
19 368.36826 370.80685 0.021568628 -352
20 365.135 370.80685 0.021568628 -369
21 362.6877 370.80685 0.019607844 -385
22 353.39044 387.45697 0.019607844 -402
23 347.68967 405.7461 0.019607844 -435
24 343.68176 433.77408 0.019607844 -451
25 343.68176 433.77408 0.019607844 -461
26 505.53192 746.61115 0.019607844 -491
27 503.53375 755.60645 0.019607844 -491
28 503.53375 790.4296 0.019607844 -501
29 499.4092 857.974 0.019607844 -517
30 499.61792 879.6691 0.019607844 -534
31 497.96524 908.9844 0.019607844 -550
32 496.0407 935.5127 0.019607844 -567
33 496.54025 944.5002 0.019607844 -583
34 497.46863 951.2923 0.019607844 -600
35 497.5393 951.5044 0.019607844 -617
36 493.54303 950.50494 0.021568628 -617
