0 630.41626 1048.4539 0.01764706 -144
1 630.41626 1048.4539 0.019607844 -144
2 630.41626 1048.4539 0.019607844 -187
3 619.645 1047.4545 0.019607844 -220
4 596.173 1047.4545 0.019607844 -253
5 570.31067 1048.6503 0.019607844 -302
6 537.22363 1049.4534 0.019607844 -336
7 505.00336 1048.8394 0.019607844 -369
8 450.2423 1040.1901 0.019607844 -402
9 417.0798 1034.6443 0.019607844 -451
10 391.82727 1032.4623 0.019607844 -484
11 371.5971 1032.4623 0.019607844 -518
12 356.48605 1032.4623 0.019607844 -551
13 343.48083 1033.2621 0.019607844 -581
14 331.857 1036.7386 0.019607844 -614
15 321.50082 1040.9255 0.019607844 -647
16 310.052 1052.1129 0.021568628 -680
17 288.41226 1088.6545 0.019607844 -713
18 276.36804 1123.6683 0.019607844 -763
19 267.3694 1168.4841 0.019607844 -796
20 259.75946 1235.3564 0.019607844 -829
21 256.73068 1307.9829 0.019607844 -861
22 252.91125 1397.7816 0.019607844 -895
23 247.51006 1460.695 0.019607844 -928
24 240.08687 1515.3918 0.019607844 -961
25 231.08517 1569.2197 0.019607844 -994
26 220.5756 1618.038 0.019607844 -1027
27 213.31049 1655.8516 0.019607844 -1060
28 209.80574 1682.6625 0.019607844 -1093
29 209.80574 1695.6073 0.019607844 -1126
30 209.80574 1698.1155 0.019607844 -1159
31 209.80574 1698.1155 0.019607844 -1173
0 718.3349 1013.4721 0.01764706 -17
1 718.3349 1013.4721 0.01764706 -17
2 715.09766 1011.85284 0.01764706 -42
3 708.4043 1010.4737 0.01764706 -92
4 699.7454 1008.47473 0.01764706 -125
5 680.00366 1008.47473 0.01764706 -158
6 645.013 1011.3122 0.019607844 -191
7 583.13324 1015.91473 0.019607844 -224
8 513.4236 1020.4685 0.019607844 -274
9 460.6092 1020.4685 0.019607844 -324
10 421.11053 1017.47003 0.019607844 -357
11 387.6036 1014.21704 0.019607844 -390
12 360.4065 1011.47314 0.019607844 -423
13 342.68268 1011.47314 0.019607844 -456
14 333.61014 1011.47314 0.019607844 -489
15 326.39426 1018.4248 0.019607844 -522
16 319.05023 1034.4244 0.019607844 -555
17 310.46136 1079.9446 0.019607844 -588
18 300.47183 1148.4016 0.019607844 -621
19 290.3032 1233.7814 0.019607844 -654
20 282.50266 1326.6101 0.019607844 -687
21 271.77435 1448.9939 0.019607844 -720
22 271.74838 1449.2451 0.019607844 -753
23 269.75024 1473.2327 0.019607844 -753
24 264.75485 1513.2118 0.019607844 -778
25 252.24448 1591.8246 0.019607844 -778
26 248.43063 1611.518 0.019607844 -835
27 247.77058 1622.6566 0.019607844 -868
28 247.77058 1624.154 0.019607844 -902
29 247.77058 1626.153 0.019607844 -908
0 785.2729 422.7798 0.01764706 -9
1 777.7798 415.2837 0.019607844 -9
2 682.36816 402.29044 0.019607844 -182
3 563.72205 403.71335 0.019607844 -314
4 501.24725 402.7902 0.019607844 -390
5 458.02966 399.79178 0.019607844 -423
6 421.51135 398.6925 0.019607844 -456
7 391.0021 396.79333 0.019607844 -489
8 370.60303 397.79282 0.019607844 -522
9 357.14096 400.63412 0.019607844 -555
10 347.34317 406.67834 0.019607844 -588
11 337.72107 416.73788 0.019607844 -621
12 330.9742 456.11377 0.019607844 -654
13 329.69473 518.16516 0.019607844 -687
14 340.353 597.5884 0.019607844 -721
15 351.56277 682.78784 0.019607844 -754
16 368.05103 813.0151 0.019607844 -787
17 376.3447 905.6984 0.01764706 -820
18 380.64755 975.22906 0.01764706 -853
19 380.64755 980.4893 0.01764706 -886
20 412.61795 1033.4617 0.023529414 -890
21 405.62442 1038.4591 0.019607844 -914
22 388.64014 1064.4456 0.019607844 -914
23 411.61887 1099.4274 0.023529414 -966
24 426.605 1126.4133 0.023529414 -1007
25 433.5985 1135.4086 0.021568628 -1007
0 740.3145 971.494 0.01764706 -9
1 740.3145 971.494 0.01764706 -18
2 740.3145 971.494 0.01764706 -60
3 740.3145 971.494 0.019607844 -77
4 740.3145 971.494 0.019607844 -110
5 740.3145 971.494 0.019607844 -143
6 739.40045 971.494 0.019607844 -176
7 732.0104 971.494 0.019607844 -209
8 724.48206 971.494 0.019607844 -242
9 712.61316 973.614 0.019607844 -258
10 674.9437 978.25696 0.019607844 -275
11 632.22614 984.0865 0.019607844 -308
12 583.3335 990.11914 0.019607844 -341
13 530.51843 993.5532 0.019607844 -374
14 469.09003 993.48254 0.019607844 -407
15 424.78574 993.48254 0.019607844 -440
16 393.44214 993.48254 0.019607844 -473
17 368.39014 995.3597 0.019607844 -506
18 350.61166 1001.5102 0.019607844 -539
19 337.21283 1010.94836 0.019607844 -572
20 323.56 1035.5265 0.019607844 -605
21 312.47086 1072.4008 0.019607844 -638
22 303.51236 1123.9642 0.019607844 -671
23 292.06537 1208.0204 0.019607844 -704
24 279.76276 1293.4924 0.019607844 -737
25 267.439 1385.7853 0.019607844 -770
26 259.27798 1472.5343 0.019607844 -803
27 248.83492 1558.7145 0.019607844 -836
28 240.98761 1631.5696 0.019607844 -869
29 237.03992 1676.792 0.019607844 -902
30 236.78076 1700.5342 0.019607844 -935
31 236.78076 1708.6646 0.019607844 -969
32 236.78076 1709.1097 0.01764706 -1002
33 236.78076 1709.1097 0.01764706 -1013
0 785.2729 407.7876 0.01764706 0
1 785.2729 407.7876 0.01764706 -7
2 785.2729 407.7876 0.019607844 -41
3 785.2729 407.7876 0.019607844 -74
4 775.5138 402.90607 0.019607844 -118
5 755.27136 396.4553 0.019607844 -157
6 712.5074 390.82214 0.019607844 -190
7 661.3466 387.06232 0.019607844 -223
8 610.4509 385.40033 0.019607844 -256
9 552.88354 384.5594 0.019607844 -289
10 501.1978 383.8924 0.019607844 -322
11 461.96777 383.22485 0.019607844 -355
12 435.39163 382.80063 0.019607844 -388
13 414.28146 382.80063 0.019607844 -421
14 400.12952 382.80063 0.019607844 -454
15 391.50812 385.8637 0.019607844 -487
16 381.23413 402.42044 0.019607844 -520
17 372.65497 433.77408 0.019607844 -553
18 365.09235 482.3058 0.019607844 -585
19 360.66605 559.20807 0.019607844 -619
20 361.66513 645.0876 0.019607844 -652
21 365.2768 741.8335 0.019607844 -685
22 372.05417 850.5435 0.01764706 -718
23 377.885 950.6191 0.019607844 -751
24 376.92838 1010.1892 0.019607844 -784
25 377.65033 1046.4063 0.01764706 -817
26 378.6494 1056.4497 0.01764706 -851
27 378.6494 1057.4492 0.01764706 -882
0 787.27106 380.80167 0.019607844 0
1 787.27106 380.80167 0.019607844 -7
2 782.5938 380.80167 0.019607844 -83
3 761.82446 381.8599 0.019607844 -115
4 725.28687 384.55316 0.019607844 -147
5 700.7246 386.60083 0.019607844 -180
6 674.3421 388.7975 0.019607844 -197
7 645.6072 390.383 0.019607844 -214
8 610.35626 392.24963 0.019607844 -230
9 549.15674 395.79385 0.019607844 -247
10 485.1649 397.79282 0.019607844 -280
11 455.75696 399.62427 0.019607844 -313
12 419.09436 398.40164 0.019607844 -329
13 399.49158 398.7923 0.019607844 -362
14 384.64383 398.7923 0.019607844 -395
15 380.80435 400.2131 0.019607844 -444
16 375.68167 411.60837 0.019607844 -461
17 369.20154 444.7798 0.019607844 -494
18 364.21417 500.36542 0.019607844 -527
19 360.3828 580.0691 0.019607844 -560
20 359.667 676.0053 0.019607844 -593
21 364.31284 827.4469 0.019607844 -626
22 366.38788 940.1427 0.019607844 -659
23 365.14417 1010.722 0.019607844 -692
24 364.66235 1050.6226 0.019607844 -725
25 364.66235 1067.4175 0.01764706 -758
26 364.66235 1069.443 0.01764706 -791
27 364.66235 1069.443 0.01764706 -804
0 785.2729 405.78864 0.01764706 0
1 785.2729 405.78864 0.019607844 -8
2 785.2729 405.78864 0.019607844 -28
3 779.46545 405.78864 0.019607844 -122
4 751.912 403.78967 0.019607844 -155
5 695.84283 401.7907 0.019607844 -188
6 630.88354 401.29288 0.019607844 -221
7 563.4767 403.22757 0.019607844 -254
8 504.08377 408.11404 0.019607844 -289
9 452.7384 412.607 0.019607844 -322
10 400.8411 414.78397 0.019607844 -355
11 374.27798 415.78345 0.019607844 -388
12 365.67242 415.78345 0.019607844 -421
13 356.3591 415.78345 0.019607844 -437
14 351.417 415.78345 0.019607844 -471
15 348.67715 420.24207 0.019607844 -504
16 348.67715 443.76886 0.019607844 -537
17 348.67715 487.50693 0.019607844 -568
18 351.63788 559.30695 0.019607844 -603
19 355.46924 675.40594 0.019607844 -636
20 358.29626 782.1767 0.019607844 -669
21 359.12326 891.40674 0.019607844 -702
22 358.6679 1020.63367 0.019607844 -735
23 354.54117 1069.7483 0.019607844 -784
24 353.67252 1094.6067 0.019607844 -817
25 353.67252 1097.4283 0.01764706 -850
26 353.67252 1100.4269 0.01764706 -858
0 769.2877 965.49713 0.01764706 0
1 769.2877 965.49713 0.01764706 0
2 766.8818 965.49713 0.019607844 -33
3 758.0111 965.49713 0.019607844 -66
4 744.31824 969.74304 0.019607844 -99
5 715.615 974.875 0.019607844 -132
6 666.95544 978.46173 0.019607844 -165
7 598.10034 982.3225 0.019607844 -198
8 535.85657 984.0639 0.019607844 -231
9 477.6384 987.73047 0.019607844 -264
10 426.3147 988.48517 0.019607844 -297
11 385.74948 988.48517 0.019607844 -330
12 359.8297 986.4862 0.019607844 -363
13 345.22763 986.4862 0.019607844 -396
14 337.01895 986.4862 0.019607844 -429
15 331.49265 987.0861 0.019607844 -462
16 324.29248 996.29553 0.019607844 -495
17 315.7615 1027.2494 0.019607844 -528
18 306.299 1097.1849 0.01764706 -561
19 299.24524 1173.3759 0.019607844 -594
20 294.3506 1271.5132 0.019607844 -627
21 287.35403 1370.4149 0.019607844 -660
22 276.64023 1481.1956 0.019607844 -693
23 269.0343 1553.207 0.019607844 -726
24 263.14517 1597.28 0.019607844 -759
25 261.08743 1612.5143 0.019607844 -792
26 259.7595 1620.4792 0.019607844 -809
27 259.7595 1626.1649 0.019607844 -825
28 259.7595 1630.3215 0.019607844 -842
29 259.7595 1630.1509 0.01764706 -875
30 260.75854 1630.1509 0.01764706 -881
0 805.2544 394.79437 0.01764706 0
1 805.2544 394.79437 0.019607844 0
2 801.47504 393.40363 0.019607844 -25
3 791.8673 393.7949 0.019607844 -92
4 784.3372 393.6389 0.019607844 -125
5 721.9404 390.9827 0.019607844 -141
6 665.455 389.79697 0.019607844 -191
7 601.6561 389.79697 0.019607844 -224
8 542.73047 389.79697 0.019607844 -257
9 477.7198 389.79697 0.019607844 -290
10 438.1016 389.79697 0.019607844 -323
11 409.92612 389.79697 0.019607844 -356
12 393.12024 389.79697 0.019607844 -389
13 383.32892 389.79697 0.019607844 -422
14 376.1339 389.79697 0.019607844 -455
15 370.60156 397.90332 0.019607844 -488
16 363.23413 429.35376 0.019607844 -521
17 357.29193 481.78485 0.019607844 -554
18 355.19342 519.3285 0.019607844 -587
19 352.37183 556.7481 0.019607844 -603
20 350.48618 600.41943 0.019607844 -620
21 346.65598 723.3845 0.019607844 -636
22 347.67807 831.84454 0.019607844 -669
23 350.92535 936.14105 0.019607844 -702
24 353.1886 1012.23834 0.019607844 -736
25 353.67252 1062.0822 0.019607844 -769
26 355.6707 1083.6349 0.019607844 -802
27 355.6707 1088.4331 0.01764706 -835
28 355.6707 1089.4326 0.01764706 -856
0 780.2775 390.79645 0.019607844 0
1 780.2775 390.79645 0.019607844 -6
2 780.2775 390.79645 0.019607844 -22
3 774.5617 389.86664 0.019607844 -123
4 750.9006 388.7975 0.019607844 -173
5 709.05756 391.3566 0.019607844 -206
6 647.4706 398.27942 0.019607844 -239
7 585.96875 403.8772 0.019607844 -272
8 552.9768 409.1008 0.019607844 -305
9 514.3407 412.94623 0.019607844 -321
10 481.5355 414.78397 0.019607844 -338
11 456.94778 416.60065 0.019607844 -354
12 436.58014 419.48306 0.019607844 -371
13 418.76065 421.3196 0.019607844 -387
14 392.0205 420.78082 0.019607844 -404
15 377.79468 420.78082 0.019607844 -437
16 370.54248 420.78082 0.019607844 -470
17 363.35388 423.93402 0.019607844 -503
18 356.88904 443.56174 0.019607844 -536
19 351.05215 492.33112 0.019607844 -569
20 350.10043 570.46875 0.019607844 -602
21 353.8693 672.9522 0.019607844 -635
22 357.66098 783.3568 0.019607844 -668
23 361.66513 916.0407 0.019607844 -701
24 362.6642 1007.0004 0.019607844 -734
25 362.6642 1060.7 0.019607844 -767
26 362.6642 1080.4042 0.019607844 -800
27 362.6642 1094.4797 0.019607844 -816
28 362.6642 1105.8187 0.019607844 -833
29 363.25696 1112.2006 0.01764706 -849
30 365.66144 1117.418 0.01764706 -866
31 365.66144 1117.418 0.01764706 -895
0 772.2849 368.8079 0.019607844 0
1 772.2849 368.8079 0.019607844 -6
2 772.2849 368.8079 0.019607844 -59
3 768.3784 368.8079 0.019607844 -77
4 757.40137 372.5303 0.019607844 -147
5 734.90015 376.34592 0.019607844 -180
6 694.51733 380.15106 0.019607844 -213
7 638.1583 384.88885 0.019607844 -246
8 563.6999 390.6955 0.019607844 -279
9 501.60297 396.2126 0.019607844 -312
10 451.58188 399.29205 0.019607844 -345
11 414.73096 402.7902 0.019607844 -378
12 385.29218 402.7902 0.019607844 -411
13 375.6375 402.7902 0.019607844 -461
14 368.49106 405.87247 0.019607844 -494
15 362.08444 415.94397 0.019607844 -527
16 353.62646 447.52045 0.019607844 -560
17 347.084 499.19943 0.019607844 -593
18 340.59457 592.4473 0.019607844 -626
19 339.47638 698.3575 0.019607844 -659
20 344.85568 805.85516 0.019607844 -692
21 354.9437 950.76886 0.019607844 -725
22 357.66882 1022.4837 0.019607844 -774
23 359.667 1060.653 0.019607844 -807
24 359.667 1071.301 0.019607844 -840
25 359.667 1073.4409 0.01764706 -873
26 359.667 1073.4409 0.015686275 -890
0 779.27844 421.7803 0.01764706 0
1 779.27844 421.7803 0.019607844 -7
2 775.9004 420.78082 0.019607844 -76
3 762.23975 416.76736 0.019607844 -132
4 737.3996 413.7845 0.019607844 -165
5 698.4264 410.78604 0.019607844 -198
6 647.6567 412.785 0.019607844 -231
7 589.00903 415.78345 0.019607844 -264
8 532.7892 418.78186 0.019607844 -297
9 484.56787 419.78134 0.019607844 -330
10 451.5462 417.7824 0.019607844 -363
11 432.26132 418.86642 0.019607844 -396
12 420.18713 420.58887 0.019607844 -429
13 412.79492 423.191 0.019607844 -462
14 405.44812 433.12735 0.019607844 -495
15 395.98386 467.35452 0.019607844 -528
16 389.35602 522.7119 0.019607844 -561
17 381.3242 590.07 0.019607844 -594
18 376.26532 671.70605 0.019607844 -627
19 378.74377 804.9421 0.019607844 -660
20 378.6494 832.56635 0.01764706 -693
21 418.6124 909.52625 0.023529414 -701
22 406.6235 924.51843 0.01764706 -727
23 392.63644 974.49243 0.01764706 -727
24 423.6078 1032.4623 0.023529414 -752
25 415.61517 1038.4591 0.019607844 -777
26 395.13412 1055.4503 0.01764706 -777
27 395.13412 1055.4503 0.019607844 -858
0 667.3821 996.48096 0.01764706 -50
1 667.3821 996.48096 0.01764706 -50
2 662.8745 996.48096 0.01764706 -107
3 646.45325 996.48096 0.01764706 -140
4 608.24866 994.482 0.01764706 -173
5 561.4713 991.81616 0.01764706 -206
6 503.7623 991.90656 0.019607844 -239
7 448.7777 997.4547 0.019607844 -272
8 396.68393 1005.5414 0.019607844 -305
9 362.93564 1010.68964 0.019607844 -338
10 344.8223 1014.2434 0.019607844 -371
11 333.1242 1015.47107 0.019607844 -404
12 326.17902 1016.23016 0.019607844 -437
13 319.23196 1019.7051 0.019607844 -470
14 311.9221 1033.9342 0.019607844 -503
15 301.6272 1086.2758 0.019607844 -536
16 291.11 1157.5336 0.019607844 -569
17 276.74567 1244.3364 0.019607844 -602
18 260.80032 1353.5234 0.019607844 -635
19 249.38075 1433.9714 0.019607844 -668
20 242.39862 1508.9987 0.019607844 -701
21 240.77705 1559.7139 0.019607844 -734
22 241.70016 1596.484 0.019607844 -767
23 244.53525 1613.4447 0.019607844 -800
24 245.77243 1618.1572 0.01764706 -833
25 245.77243 1619.1566 0.01764706 -851
0 789.2692 424.77875 0.015686275 -8
1 789.2692 421.15054 0.019607844 -17
2 789.2692 417.52136 0.019607844 -50
3 788.3251 413.83942 0.019607844 -83
4 781.99384 412.1443 0.019607844 -116
5 769.8204 411.78552 0.019607844 -149
6 742.6212 406.68942 0.019607844 -182
7 701.03455 403.78967 0.019607844 -215
8 645.5609 400.79126 0.019607844 -248
9 592.1885 403.78967 0.019607844 -281
10 541.9373 404.88504 0.019607844 -314
11 490.63147 406.41687 0.019607844 -347
12 455.62073 405.78864 0.019607844 -380
13 434.4681 405.78864 0.019607844 -413
14 412.8224 410.05154 0.019607844 -446
15 408.40176 411.85886 0.019607844 -495
16 399.1729 420.72418 0.019607844 -512
17 388.2689 453.25024 0.019607844 -545
18 377.85358 522.9646 0.019607844 -578
19 370.6568 593.6908 0.019607844 -611
20 406.6235 661.6554 0.023529414 -638
21 393.63553 679.646 0.019607844 -664
22 374.4802 754.5555 0.019607844 -664
23 366.8139 903.1497 0.019607844 -694
24 366.6605 905.5283 0.019607844 -743
25 403.62628 974.49243 0.023529414 -744
26 394.6346 982.4883 0.019607844 -768
27 386.642 995.4815 0.019607844 -768
28 409.62073 1036.4602 0.023529414 -785
29 402.6272 1040.4581 0.019607844 -812
30 394.6346 1048.4539 0.01764706 -812
31 394.6346 1048.4539 0.01764706 -846
0 772.2849 382.80063 0.01764706 -8
1 772.2849 382.80063 0.019607844 -17
2 768.9845 382.80063 0.019607844 -42
3 760.05316 382.80063 0.019607844 -141
4 741.87213 386.88666 0.019607844 -174
5 696.8976 391.5284 0.019607844 -207
6 626.3612 399.567 0.019607844 -240
7 561.95245 408.01132 0.019607844 -273
8 509.70367 411.7585 0.019607844 -306
9 458.86142 412.785 0.019607844 -339
10 434.5976 414.28424 0.019607844 -372
11 428.60324 414.78397 0.019607844 -396
12 406.0671 416.78293 0.019607844 -405
13 396.57373 420.3106 0.019607844 -455
14 389.1958 427.4431 0.019607844 -488
15 380.0972 452.51855 0.019607844 -521
16 371.32913 512.66705 0.019607844 -554
17 367.65958 593.92505 0.019607844 -587
18 366.59857 689.314 0.019607844 -620
19 361.8615 813.9565 0.019607844 -653
20 359.9939 908.65533 0.019607844 -686
21 358.196 979.57477 0.019607844 -719
22 358.6679 1030.7526 0.019607844 -752
23 361.66513 1063.446 0.01764706 -785
24 361.66513 1063.446 0.01764706 -816
0 784.2738 433.77408 0.015686275 -4
1 784.2738 429.94806 0.01764706 -4
2 784.2738 426.17294 0.019607844 -38
3 781.94257 422.44653 0.019607844 -71
4 778.1284 418.63086 0.019607844 -104
5 765.07776 415.0459 0.019607844 -137
6 735.4818 409.78656 0.019607844 -170
7 685.81085 406.78812 0.019607844 -203
8 631.02997 404.95947 0.019607844 -236
9 574.19135 404.78915 0.019607844 -269
10 507.63205 405.78864 0.019607844 -302
11 459.5326 402.7902 0.019607844 -335
12 431.29376 404.83298 0.019607844 -368
13 399.1824 405.78864 0.019607844 -401
14 387.23376 405.78864 0.019607844 -450
15 380.1427 407.54037 0.019607844 -483
16 370.74414 421.6056 0.019607844 -516
17 361.6399 457.87097 0.019607844 -549
18 352.526 536.6171 0.019607844 -582
19 346.79535 623.2778 0.019607844 -615
20 345.83508 717.9743 0.019607844 -648
21 350.5405 824.54663 0.019607844 -682
22 355.42508 940.85583 0.019607844 -715
23 357.66882 1008.29114 0.019607844 -748
24 357.66882 1029.3969 0.019607844 -781
25 357.66882 1046.455 0.019607844 -797
26 357.66882 1049.4534 0.01764706 -827
0 774.2831 359.8126 0.019607844 0
1 769.36646 361.7722 0.019607844 -7
2 734.69086 368.9336 0.019607844 -114
3 689.1436 376.58115 0.019607844 -164
4 628.5318 382.84726 0.019607844 -197
5 546.20856 387.62927 0.019607844 -230
6 481.55414 388.7975 0.019607844 -263
7 434.95523 396.4557 0.019607844 -295
8 401.0095 396.73895 0.019607844 -329
9 382.22397 400.397 0.019607844 -362
10 373.35233 403.94058 0.019607844 -395
11 366.78638 409.53467 0.019607844 -428
12 361.06915 429.14526 0.019607844 -461
13 357.2614 468.64917 0.019607844 -494
14 356.66974 532.833 0.019607844 -527
15 357.4367 648.22766 0.019607844 -560
16 359.34412 760.58563 0.019607844 -593
17 362.6642 867.79535 0.019607844 -626
18 364.66235 963.0342 0.019607844 -659
19 365.66144 1029.4233 0.019607844 -692
20 367.55627 1087.0897 0.019607844 -725
21 368.65866 1118.4175 0.01764706 -758
22 368.65866 1118.4175 0.01764706 -783
0 719.334 921.52 0.019607844 0
1 719.334 921.52 0.019607844 -8
2 719.334 921.52 0.019607844 -24
3 712.8917 921.52 0.019607844 -60
4 695.0337 925.2923 0.019607844 -98
5 655.16315 932.78033 0.019607844 -131
6 601.06134 937.8282 0.019607844 -164
7 532.42505 941.56964 0.019607844 -197
8 446.53903 947.21136 0.019607844 -230
9 388.58655 951.5782 0.019607844 -263
10 343.30142 956.7397 0.019607844 -296
11 320.4828 960.3439 0.019607844 -329
12 305.3099 963.84985 0.019607844 -362
13 296.79324 968.46155 0.019607844 -395
14 290.01648 985.2067 0.019607844 -428
15 286.7345 1024.5004 0.019607844 -461
16 286.7345 1086.5166 0.019607844 -494
17 287.73358 1182.897 0.019607844 -527
18 290.70767 1342.5364 0.019607844 -560
19 288.03528 1459.1807 0.019607844 -593
20 284.0285 1551.945 0.019607844 -626
21 279.25735 1603.4895 0.01764706 -659
22 277.74283 1619.1566 0.01764706 -692
23 277.74283 1619.1566 0.01764706 -712
0 750.3053 952.5039 0.01764706 -9
1 747.10486 950.9031 0.019607844 -9
2 735.02515 950.50494 0.019607844 -66
3 706.63477 954.58185 0.019607844 -99
4 658.4225 961.1945 0.019607844 -132
5 590.5931 968.1745 0.019607844 -165
6 523.8431 971.8645 0.019607844 -198
7 461.94943 976.60724 0.019607844 -231
8 405.77042 975.626 0.019607844 -264
9 358.71463 970.86224 0.019607844 -297
10 330.31586 967.0999 0.019607844 -330
11 316.88586 966.4966 0.019607844 -363
12 307.59796 966.4966 0.019607844 -396
13 300.18414 971.03217 0.019607844 -429
14 295.8258 992.68536 0.019607844 -462
15 293.0723 1055.2644 0.019607844 -495
16 289.35486 1131.8412 0.019607844 -528
17 285.73544 1235.3995 0.019607844 -561
18 284.73636 1302.0198 0.019607844 -594
19 283.73727 1361.467 0.019607844 -611
20 281.73914 1483.4933 0.01764706 -627
21 280.74005 1544.587 0.01764706 -661
22 280.74005 1571.1603 0.019607844 -694
23 280.74005 1582.6875 0.019607844 -727
24 280.74005 1586.1738 0.01764706 -760
25 281.73914 1586.1738 0.01764706 -787
0 1016.0592 689.6408 0.01764706 -104
1 1005.43256 689.6408 0.01764706 -104
2 937.47424 693.48267 0.01764706 -114
3 875.29736 697.0694 0.01764706 -163
4 802.09344 698.6361 0.01764706 -197
5 731.67804 702.7809 0.01764706 -230
6 644.1593 708.40137 0.01764706 -263
7 613.93195 712.129 0.019607844 -312
8 598.6576 718.1513 0.01764706 -345
9 590.8369 721.43225 0.01764706 -378
10 583.45984 731.61896 0.01764706 -411
11 577.0683 759.59143 0.01764706 -444
12 569.34503 809.72845 0.01764706 -477
13 561.69586 914.0456 0.019607844 -510
14 556.89417 1009.41016 0.01764706 -543
15 551.6078 1121.0793 0.01764706 -576
16 549.4912 1223.1638 0.019607844 -609
17 547.49304 1318.6268 0.019607844 -642
18 546.494 1379.207 0.019607844 -675
19 545.49493 1413.6561 0.019607844 -708
20 545.49493 1427.6896 0.019607844 -741
21 545.49493 1434.009 0.01764706 -774
22 545.49493 1434.2529 0.01764706 -807
23 545.49493 1435.2524 0.01764706 -810
0 795.2637 402.7902 0.01764706 -6
1 795.2637 402.7902 0.01764706 -6
2 795.2637 402.7902 0.01764706 -15
3 795.2637 402.7902 0.01764706 -48
4 795.2637 402.7902 0.019607844 -81
5 793.4079 400.9337 0.019607844 -111
6 785.23395 399.79178 0.019607844 -147
7 760.3607 396.55154 0.019607844 -180
8 716.0046 394.77063 0.019607844 -213
9 598.00775 398.46533 0.019607844 -246
10 523.07556 402.1924 0.019607844 -296
11 464.64648 402.7902 0.019607844 -328
12 411.66135 400.79126 0.019607844 -361
13 386.56693 400.79126 0.019607844 -394
14 375.8607 400.79126 0.019607844 -427
15 372.12732 400.79126 0.019607844 -460
16 368.48 404.14716 0.019607844 -494
17 365.66144 424.7055 0.019607844 -527
18 362.6642 470.99594 0.019607844 -560
19 361.3142 537.09644 0.019607844 -593
20 361.66513 619.5649 0.019607844 -626
21 363.66156 720.5764 0.019607844 -659
22 374.19678 864.6775 0.01764706 -692
23 377.65033 956.83075 0.019607844 -725
24 375.65216 1018.6442 0.019607844 -758
25 374.09674 1061.0162 0.019607844 -791
26 374.6531 1100.5684 0.019607844 -824
27 374.6531 1123.4784 0.01764706 -857
28 374.6531 1132.8097 0.01764706 -890
29 374.6531 1133.4097 0.01764706 -923
30 374.6531 1134.4092 0.01764706 -929
0 1016.0592 753.6075 0.01764706 -141
1 994.6072 752.608 0.01764706 -141
2 950.7273 753.6075 0.01764706 -156
3 897.0167 754.60693 0.01764706 -189
4 834.67633 756.6059 0.01764706 -222
5 728.8358 758.60486 0.01764706 -255
6 671.79266 758.7105 0.01764706 -304
7 628.3131 756.7516 0.01764706 -337
8 598.07306 754.1253 0.019607844 -370
9 583.1373 754.60693 0.019607844 -403
10 573.03754 755.0386 0.019607844 -436
11 569.423 761.7527 0.019607844 -486
12 562.8835 788.36365 0.019607844 -519
13 555.93677 839.33887 0.019607844 -552
14 550.20496 912.52203 0.019607844 -585
15 545.377 1011.4236 0.019607844 -618
16 540.5862 1145.2341 0.019607844 -651
17 533.6854 1261.0989 0.019607844 -684
18 519.2587 1369.1104 0.019607844 -717
19 513.05554 1410.5511 0.019607844 -767
20 511.06747 1421.556 0.019607844 -800
21 507.36688 1433.58 0.019607844 -816
22 507.53006 1435.2524 0.01764706 -849
23 506.531 1436.252 0.01764706 -855
0 781.2766 380.80167 0.01764706 -26
1 781.2766 380.80167 0.01764706 -26
2 781.2766 380.80167 0.01764706 -59
3 781.2766 380.80167 0.019607844 -92
4 774.8965 380.80167 0.019607844 -124
5 760.2144 380.80167 0.019607844 -158
6 720.6247 383.6239 0.019607844 -191
7 664.2817 387.45132 0.019607844 -224
8 596.76843 394.64767 0.019607844 -257
9 534.2873 398.86838 0.019607844 -290
10 503.7692 403.0253 0.019607844 -323
11 472.97806 403.76523 0.019607844 -339
12 448.71323 406.4335 0.019607844 -356
13 414.30762 407.30908 0.019607844 -372
14 394.42416 406.78812 0.019607844 -405
15 382.9165 407.36414 0.019607844 -439
16 375.28973 412.1481 0.019607844 -472
17 366.77283 431.32562 0.019607844 -505
18 358.45917 479.21283 0.019607844 -538
19 353.4452 537.588 0.019607844 -571
20 349.67828 610.63885 0.019607844 -604
21 349.5186 727.5713 0.019607844 -637
22 353.30798 830.3513 0.019607844 -670
23 355.0238 915.8685 0.019607844 -703
24 355.6707 987.57666 0.019607844 -736
25 355.7682 1024.3448 0.019607844 -769
26 357.60458 1055.0648 0.019607844 -802
27 358.5078 1073.7998 0.019607844 -835
28 360.66605 1083.4357 0.01764706 -868
29 360.66605 1083.4357 0.01764706 -885
0 779.27844 358.8131 0.019607844 -6
1 776.44745 359.72946 0.019607844 -6
2 760.2387 364.4864 0.019607844 -114
3 730.04614 372.24554 0.019607844 -147
4 681.4395 383.8564 0.019607844 -180
5 612.7556 393.76416 0.019607844 -213
6 526.12085 402.66867 0.019607844 -246
7 464.21317 408.24142 0.019607844 -279
8 415.53787 414.78397 0.019607844 -312
9 388.68143 415.63477 0.019607844 -345
10 372.00726 416.78293 0.019607844 -378
11 365.66943 417.7824 0.019607844 -411
12 361.96088 418.486 0.019607844 -444
13 358.33502 429.10928 0.019607844 -477
14 356.63077 459.1119 0.019607844 -510
15 353.83002 523.41675 0.019607844 -543
16 352.67346 608.4281 0.019607844 -577
17 352.03906 704.8535 0.019607844 -610
18 354.6716 812.018 0.019607844 -643
19 351.67438 898.6377 0.019607844 -676
20 346.67902 990.93097 0.019607844 -709
21 344.3488 1038.1384 0.01764706 -742
22 345.67993 1070.1229 0.019607844 -775
23 345.67993 1075.4398 0.01764706 -808
24 345.67993 1077.4388 0.01764706 -819
0 739.3154 969.49506 0.019607844 -8
1 739.3154 969.49506 0.019607844 -8
2 739.3154 969.49506 0.019607844 -33
3 738.5615 969.49506 0.01764706 -66
4 728.1616 966.2057 0.01764706 -99
5 697.07745 964.4976 0.01764706 -132
6 646.20325 961.4992 0.01764706 -165
7 559.3785 965.3201 0.019607844 -198
8 455.9359 975.4472 0.019607844 -231
9 398.8065 979.55316 0.019607844 -281
10 371.91132 979.4898 0.019607844 -314
11 350.85754 979.4898 0.019607844 -330
12 328.58664 978.49036 0.019607844 -347
13 317.28967 978.49036 0.019607844 -380
14 310.06787 978.49036 0.019607844 -413
15 304.71783 979.9895 0.019607844 -446
16 299.52466 992.8788 0.019607844 -478
17 293.0751 1030.2113 0.019607844 -512
18 285.9719 1082.1611 0.019607844 -545
19 275.09756 1159.1974 0.019607844 -578
20 262.8076 1246.9431 0.019607844 -611
21 249.41228 1380.2777 0.019607844 -644
22 239.43205 1484.382 0.019607844 -677
23 234.78261 1536.1998 0.019607844 -710
24 231.78539 1555.19 0.019607844 -730
25 228.78816 1588.1727 0.019607844 -755
26 226.79001 1621.1556 0.019607844 -755
27 226.79001 1628.152 0.019607844 -781
28 226.79001 1638.1467 0.019607844 -806
29 228.78816 1643.1442 0.01764706 -806
30 228.78816 1643.1442 0.01764706 -823
0 726.32745 956.5018 0.019607844 0
1 726.32745 956.5018 0.019607844 0
2 723.3038 956.5018 0.019607844 -73
3 697.9078 959.431 0.019607844 -123
4 652.3017 963.1979 0.019607844 -156
5 592.72473 965.49713 0.019607844 -189
6 527.7743 969.7148 0.019607844 -222
7 493.9752 973.91235 0.019607844 -255
8 463.96 975.5992 0.019607844 -272
9 403.91696 981.21466 0.019607844 -288
10 362.0527 981.4888 0.019607844 -321
11 334.57394 981.4888 0.019607844 -354
12 315.66348 980.4893 0.019607844 -387
13 300.50446 979.4898 0.019607844 -420
14 291.70068 979.4898 0.019607844 -453
15 285.46637 980.12415 0.019607844 -486
16 279.27997 987.178 0.019607844 -519
17 271.77994 1011.3469 0.019607844 -552
18 269.75024 1068.4056 0.019607844 -585
19 270.7493 1156.3104 0.019607844 -618
20 270.7493 1208.7113 0.019607844 -651
21 270.7493 1312.4849 0.019607844 -668
22 265.62994 1423.6094 0.019607844 -701
23 256.05768 1534.5164 0.019607844 -734
24 251.9788 1579.9498 0.019607844 -767
25 249.9581 1615.7466 0.019607844 -783
26 250.04155 1676.4019 0.019607844 -800
27 256.32315 1713.9097 0.01764706 -833
28 256.76227 1720.1041 0.01764706 -866
29 256.76227 1720.1041 0.01764706 -877
0 726.32745 927.5169 0.019607844 -7
1 726.32745 927.5169 0.01764706 -7
2 723.37085 927.5169 0.019607844 -31
3 709.9761 929.85736 0.019607844 -64
4 686.30005 935.5312 0.01764706 -97
5 632.7288 943.25146 0.01764706 -130
6 565.77466 946.2128 0.01764706 -163
7 500.93436 947.98413 0.019607844 -196
8 443.59625 955.1168 0.019607844 -229
9 400.43375 961.4188 0.019607844 -262
10 369.66522 967.8267 0.019607844 -295
11 354.6213 971.7565 0.019607844 -328
12 346.77664 972.49347 0.019607844 -361
13 341.31296 977.233 0.019607844 -394
14 337.44772 995.92017 0.019607844 -444
15 329.8404 1031.588 0.019607844 -477
16 321.17215 1109.2574 0.019607844 -510
17 311.98068 1201.8047 0.019607844 -543
18 300.24896 1306.0682 0.019607844 -576
19 291.47964 1414.0266 0.019607844 -609
20 283.69296 1507.235 0.019607844 -642
21 280.74005 1575.3951 0.019607844 -675
22 281.71606 1607.0475 0.019607844 -708
23 285.52603 1618.7377 0.01764706 -741
24 287.73358 1624.154 0.01764706 -774
25 287.73358 1624.154 0.01764706 -792
0 794.2646 416.78293 0.01764706 -17
1 794.2646 416.78293 0.019607844 -17
2 794.2646 416.78293 0.019607844 -61
3 790.65607 416.78293 0.019607844 -118
4 776.0227 416.78293 0.019607844 -151
5 694.8005 416.67987 0.019607844 -184
6 640.9188 416.349 0.019607844 -251
7 575.0564 417.02875 0.019607844 -284
8 518.69025 416.7698 0.019607844 -317
9 473.4046 415.04227 0.019607844 -350
10 430.84573 415.78345 0.019607844 -383
11 411.04074 419.897 0.019607844 -433
12 397.169 421.7803 0.019607844 -466
13 385.83383 426.31723 0.019607844 -499
14 370.9071 458.135 0.019607844 -533
15 359.18222 505.43497 0.019607844 -566
16 352.09393 540.97345 0.019607844 -599
17 343.789 597.3094 0.019607844 -616
18 335.91617 641.8592 0.019607844 -632
19 328.69565 746.3378 0.019607844 -649
20 322.7385 848.7148 0.01764706 -682
21 328.04214 983.2925 0.01764706 -715
22 329.69473 1027.496 0.019607844 -765
23 329.69473 1045.3673 0.01764706 -793
24 329.69473 1049.4534 0.01764706 -826
25 329.69473 1049.4534 0.01764706 -843
0 1014.06104 695.6377 0.01764706 -132
1 991.8968 696.54663 0.01764706 -132
2 952.456 699.7459 0.01764706 -157
3 900.9151 705.3827 0.01764706 -190
4 829.5449 720.81537 0.01764706 -223
5 769.993 727.2347 0.01764706 -256
6 718.2142 732.1751 0.01764706 -289
7 696.6363 732.6184 0.01764706 -322
8 677.55707 734.0416 0.01764706 -339
9 648.50775 734.6174 0.01764706 -355
10 635.91113 734.6174 0.01764706 -389
11 629.3302 734.6174 0.019607844 -418
12 621.9836 740.7749 0.019607844 -452
13 612.36206 761.45917 0.01764706 -485
14 601.11566 800.8938 0.01764706 -518
15 586.94055 889.9549 0.019607844 -551
16 570.78687 1045.1787 0.019607844 -584
17 561.8364 1145.7665 0.01764706 -633
18 557.14764 1243.7637 0.01764706 -666
19 554.2811 1315.3998 0.01764706 -699
20 553.4875 1371.892 0.01764706 -732
21 553.4875 1393.5793 0.019607844 -765
22 553.4875 1399.2711 0.01764706 -798
23 553.4875 1401.2701 0.01764706 -816
0 748.3071 971.494 0.019607844 0
1 748.3071 971.494 0.019607844 0
2 748.3071 971.494 0.019607844 -48
3 743.8325 969.2558 0.01764706 -77
4 730.4697 965.5263 0.01764706 -114
5 687.24493 963.49817 0.019607844 -147
6 657.0587 963.49817 0.019607844 -180
7 595.2277 964.4976 0.019607844 -197
8 530.4863 967.7326 0.019607844 -230
9 472.5155 971.494 0.019607844 -263
10 416.30508 973.4929 0.019607844 -296
11 395.0193 973.4929 0.019607844 -329
12 378.69644 971.99963 0.019607844 -345
13 364.13672 971.494 0.019607844 -362
14 343.55136 969.6689 0.019607844 -378
15 325.0974 968.49554 0.019607844 -411
16 317.95804 968.49554 0.019607844 -461
17 312.60168 973.15643 0.019607844 -494
18 305.34903 988.40576 0.019607844 -527
19 297.75986 1022.2542 0.019607844 -560
20 293.72803 1101.3247 0.019607844 -594
21 292.72894 1150.5441 0.019607844 -627
22 291.03076 1200.2688 0.019607844 -644
23 288.15698 1252.4816 0.019607844 -660
24 285.78186 1304.6232 0.019607844 -677
25 281.99026 1357.3999 0.019607844 -693
26 274.27878 1455.849 0.019607844 -710
27 268.67853 1548.5017 0.019607844 -743
28 267.75208 1574.2457 0.019607844 -776
29 267.75208 1595.6897 0.01764706 -792
30 267.75208 1617.8456 0.01764706 -809
31 268.75116 1624.154 0.01764706 -842
32 268.75116 1624.154 0.01764706 -860
