0 900.1665 797.5846 0.019607844 -144
1 900.1665 797.5846 0.021568628 -144
2 900.1665 797.5846 0.019607844 -187
3 897.22394 794.6408 0.019607844 -220
4 880.90936 786.1355 0.019607844 -253
5 853.0489 781.20013 0.019607844 -302
6 817.0546 780.68353 0.019607844 -336
7 779.5205 778.5945 0.019607844 -369
8 716.59344 770.3306 0.019607844 -402
9 684.8319 764.7849 0.019607844 -451
10 656.11426 761.13525 0.019607844 -484
11 631.3448 758.5931 0.019607844 -518
12 614.9508 758.60486 0.019607844 -551
13 601.2422 759.4047 0.019607844 -581
14 588.61926 759.6044 0.019607844 -614
15 579.9953 761.3373 0.019607844 -647
16 570.8106 769.26025 0.019607844 -680
17 553.1671 797.80597 0.019607844 -713
18 542.12195 832.94507 0.019607844 -763
19 534.1224 878.42957 0.019607844 -796
20 525.5134 950.0052 0.019607844 -829
21 525.5134 1026.098 0.019607844 -861
22 523.51526 1124.2148 0.019607844 -895
23 520.8873 1188.8365 0.019607844 -928
24 517.1757 1246.1868 0.019607844 -961
25 512.29205 1305.1237 0.019607844 -994
26 506.38437 1354.1754 0.019607844 -1027
27 502.78845 1394.2418 0.019607844 -1060
28 500.0292 1420.307 0.019607844 -1093
29 499.53748 1435.9878 0.019607844 -1126
30 498.5384 1438.2509 0.01764706 -1159
31 497.5393 1439.2504 0.01764706 -1173
0 957.1138 750.609 0.019607844 -17
1 957.1138 750.609 0.019607844 -17
2 957.1138 750.609 0.019607844 -42
3 957.1138 750.609 0.019607844 -92
4 953.7125 748.408 0.01764706 -125
5 936.76587 746.61115 0.01764706 -158
6 906.7706 746.61115 0.01764706 -191
7 841.4502 749.0538 0.01764706 -224
8 768.98676 752.608 0.01764706 -274
9 712.74585 751.6085 0.01764706 -324
10 671.87836 750.1093 0.01764706 -357
11 635.1197 746.35657 0.01764706 -390
12 608.17706 744.6122 0.019607844 -423
13 590.45325 744.6122 0.019607844 -456
14 581.38074 744.6122 0.019607844 -489
15 575.16394 745.2636 0.019607844 -522
16 566.4939 761.221 0.019607844 -555
17 557.23285 803.66986 0.01764706 -588
18 547.9926 864.54944 0.019607844 -621
19 543.0212 949.40564 0.019607844 -654
20 539.3827 1050.1078 0.01764706 -687
21 536.5119 1179.1259 0.019607844 -720
22 536.50323 1179.3857 0.019607844 -753
23 535.50415 1205.3722 0.019607844 -753
24 532.50696 1249.3492 0.019607844 -778
25 522.9938 1331.96 0.019607844 -778
26 520.51807 1354.991 0.019607844 -835
27 519.519 1367.0406 0.019607844 -868
28 519.519 1368.2874 0.01764706 -902
29 519.519 1370.2863 0.01764706 -908
0 954.1166 749.60956 0.019607844 -9
1 954.1166 749.60956 0.019607844 -9
2 873.1914 746.1113 0.01764706 -182
3 754.6979 748.5338 0.01764706 -314
4 695.0678 747.6106 0.01764706 -390
5 654.8474 744.25775 0.01764706 -423
6 621.6256 741.6137 0.01764706 -456
7 590.81714 739.95233 0.01764706 -489
8 569.41895 739.61475 0.019607844 -522
9 556.95593 739.61475 0.019607844 -555
10 548.60187 743.05804 0.019607844 -588
11 540.53326 754.55066 0.019607844 -621
12 531.35004 788.9404 0.019607844 -654
13 527.5116 850.9842 0.019607844 -687
14 528.5106 930.5285 0.01764706 -721
15 532.43256 1015.46564 0.01764706 -754
16 538.3495 1151.9906 0.01764706 -787
17 542.1911 1249.9055 0.01764706 -820
18 542.4977 1321.6438 0.01764706 -853
19 542.4977 1327.3087 0.019607844 -886
20 542.4977 1341.3014 0.019607844 -890
21 540.4995 1367.2878 0.01764706 -914
22 537.5023 1412.2644 0.019607844 -914
23 536.50323 1416.2623 0.019607844 -966
24 536.50323 1425.2577 0.01764706 -1007
25 535.50415 1426.2571 0.01764706 -1007
0 975.09717 499.73972 0.01764706 -9
1 976.97925 505.38828 0.01764706 -18
2 977.0953 506.9921 0.019607844 -60
3 977.0953 506.2876 0.01764706 -77
4 977.0953 506.7238 0.01764706 -110
5 977.0953 503.7376 0.01764706 -143
6 974.64014 501.28146 0.01764706 -176
7 970.94507 500.89502 0.019607844 -209
8 966.6814 502.94983 0.01764706 -242
9 961.74603 502.73816 0.01764706 -258
10 925.71155 510.79987 0.01764706 -275
11 880.9958 520.328 0.01764706 -308
12 830.4698 526.04346 0.01764706 -341
13 776.22015 529.72406 0.01764706 -374
14 711.86523 528.9187 0.01764706 -407
15 665.0341 528.19574 0.01764706 -440
16 632.05066 527.72516 0.01764706 -473
17 605.1709 529.60223 0.01764706 -506
18 589.906 532.2387 0.01764706 -539
19 581.14526 535.8792 0.01764706 -572
20 573.114 545.7816 0.01764706 -605
21 562.23956 575.59314 0.01764706 -638
22 553.28107 625.1208 0.01764706 -671
23 546.71765 708.72076 0.01764706 -704
24 542.83795 798.09106 0.01764706 -737
25 540.4995 901.66425 0.01764706 -770
26 539.5005 996.7461 0.01764706 -803
27 541.4823 1094.8092 0.01764706 -836
28 540.3942 1168.1786 0.01764706 -869
29 541.9794 1216.9187 0.01764706 -902
30 543.49677 1254.3716 0.01764706 -935
31 543.49677 1266.4495 0.01764706 -969
32 543.49677 1268.3394 0.01764706 -1002
33 543.49677 1268.3394 0.01764706 -1013
0 962.1092 741.6137 0.01764706 0
1 962.1092 741.6137 0.019607844 -7
2 962.1092 741.6137 0.019607844 -41
3 962.1092 741.6137 0.01764706 -74
4 962.1092 741.6137 0.01764706 -118
5 946.4326 738.6153 0.01764706 -157
6 906.3279 737.6158 0.01764706 -190
7 857.9007 737.6158 0.01764706 -223
8 804.27136 737.6158 0.01764706 -256
9 748.9423 736.37616 0.01764706 -289
10 699.6448 732.6184 0.01764706 -322
11 658.7855 728.4695 0.01764706 -355
12 634.5086 721.323 0.01764706 -388
13 616.0946 721.4912 0.01764706 -421
14 602.94165 725.1223 0.019607844 -454
15 595.3194 728.6851 0.019607844 -487
16 586.0445 738.6367 0.019607844 -520
17 574.96765 765.10144 0.019607844 -553
18 563.6237 803.2842 0.019607844 -585
19 553.3513 872.8629 0.019607844 -619
20 548.4921 968.1024 0.019607844 -652
21 548.4921 1070.2775 0.01764706 -685
22 549.95703 1185.3691 0.01764706 -718
23 549.4912 1282.3882 0.01764706 -751
24 546.2169 1346.1821 0.019607844 -784
25 544.21735 1383.2308 0.01764706 -817
26 544.49585 1395.2733 0.01764706 -851
27 544.49585 1397.2722 0.01764706 -882
0 970.10175 713.6283 0.019607844 0
1 970.10175 713.6283 0.01764706 -7
2 970.10175 713.6283 0.01764706 -83
3 954.70465 712.62885 0.01764706 -115
4 921.85834 717.8865 0.01764706 -147
5 896.5433 724.2272 0.01764706 -180
6 871.5387 728.0 0.01764706 -197
7 842.4249 731.2055 0.01764706 -214
8 812.9844 733.0721 0.01764706 -230
9 748.97174 735.6909 0.01764706 -247
10 686.978 735.6168 0.01764706 -280
11 656.57104 735.6168 0.01764706 -313
12 624.29517 735.6168 0.01764706 -329
13 606.32776 735.6168 0.019607844 -362
14 593.4505 735.6168 0.019607844 -395
15 589.611 736.61633 0.019607844 -444
16 582.5197 747.46295 0.01764706 -461
17 571.55756 779.33386 0.019607844 -494
18 560.13556 832.6409 0.019607844 -527
19 549.9238 912.0456 0.019607844 -560
20 545.4407 1011.9932 0.019607844 -593
21 542.4977 1166.6201 0.01764706 -626
22 540.77216 1284.1449 0.019607844 -659
23 536.4678 1353.6143 0.01764706 -692
24 532.1456 1390.4456 0.019607844 -725
25 531.5079 1405.9166 0.019607844 -758
26 531.5079 1409.266 0.01764706 -791
27 531.5079 1410.2655 0.01764706 -804
0 965.1064 748.6101 0.01764706 0
1 965.1064 748.6101 0.019607844 -8
2 965.1064 748.6101 0.01764706 -28
3 964.2008 747.70416 0.01764706 -122
4 941.7362 743.7588 0.01764706 -155
5 886.4339 739.8471 0.01764706 -188
6 825.2055 738.6153 0.01764706 -221
7 759.2953 738.6153 0.01764706 -254
8 703.0628 743.7759 0.01764706 -289
9 651.46533 749.4316 0.01764706 -322
10 604.65234 752.608 0.01764706 -355
11 578.0893 752.608 0.019607844 -388
12 569.48376 752.608 0.019607844 -421
13 560.17035 752.608 0.019607844 -437
14 555.2283 752.608 0.019607844 -471
15 551.6689 753.4279 0.019607844 -504
16 547.99255 768.59973 0.019607844 -537
17 544.2988 815.73035 0.01764706 -568
18 542.5159 886.1732 0.01764706 -603
19 541.4986 1012.2224 0.01764706 -636
20 538.87305 1122.7433 0.01764706 -669
21 534.96045 1231.053 0.019607844 -702
22 526.925 1365.7474 0.01764706 -735
23 521.2562 1411.4398 0.01764706 -784
24 518.5199 1434.3943 0.01764706 -817
25 518.5199 1437.2513 0.01764706 -850
26 517.5208 1439.2504 0.01764706 -858
0 998.07587 501.73868 0.01764706 0
1 996.0777 501.73868 0.01764706 0
2 992.3771 501.73868 0.01764706 -33
3 987.2279 500.31042 0.01764706 -66
4 978.34973 502.98618 0.01764706 -99
5 953.7772 513.30676 0.01764706 -132
6 903.76483 520.6715 0.01764706 -165
7 837.045 526.72565 0.01764706 -198
8 773.6364 529.3008 0.01764706 -231
9 713.1754 532.72253 0.01764706 -264
10 660.09827 532.72253 0.01764706 -297
11 616.5358 532.72253 0.01764706 -330
12 588.05096 531.1559 0.019607844 -363
13 574.24194 529.61096 0.019607844 -396
14 565.8071 529.72406 0.019607844 -429
15 561.8795 529.72406 0.019607844 -462
16 558.2795 529.72406 0.01764706 -495
17 553.50543 534.6856 0.01764706 -528
18 545.07794 594.1556 0.01764706 -561
19 541.02136 670.68225 0.01764706 -594
20 539.5005 770.77405 0.01764706 -627
21 541.68835 871.6748 0.01764706 -660
22 541.4986 991.41614 0.01764706 -693
23 541.4986 1075.6056 0.01764706 -726
24 540.4995 1126.9138 0.01764706 -759
25 540.4995 1140.76 0.01764706 -792
26 540.4995 1148.1444 0.01764706 -809
27 540.4995 1153.4111 0.01764706 -825
28 540.4995 1157.5679 0.01764706 -842
29 540.4995 1158.3966 0.01764706 -875
30 538.5014 1159.3961 0.015686275 -881
0 1004.0703 738.6153 0.01764706 0
1 1004.0703 738.6153 0.01764706 0
2 999.2919 737.6158 0.01764706 -25
3 990.6832 736.4832 0.01764706 -92
4 983.3091 736.61633 0.01764706 -125
5 920.94244 736.61633 0.01764706 -141
6 864.27094 736.61633 0.01764706 -191
7 801.8805 734.6174 0.01764706 -224
8 743.4424 734.6174 0.01764706 -257
9 679.5329 734.6174 0.01764706 -290
10 639.2139 731.61896 0.01764706 -323
11 615.73553 731.61896 0.01764706 -356
12 599.9287 731.61896 0.01764706 -389
13 591.13654 731.61896 0.01764706 -422
14 583.9415 731.61896 0.01764706 -455
15 577.4101 731.61896 0.01764706 -488
16 567.3303 751.7562 0.01764706 -521
17 556.35315 794.4903 0.01764706 -554
18 551.53394 835.16394 0.01764706 -587
19 547.88885 875.1861 0.019607844 -603
20 545.1167 919.25336 0.019607844 -620
21 537.43317 1046.2394 0.01764706 -636
22 532.7641 1161.1582 0.01764706 -669
23 530.5088 1263.3455 0.01764706 -702
24 528.99457 1347.6417 0.01764706 -736
25 527.5116 1396.2009 0.01764706 -769
26 527.5116 1420.4595 0.01764706 -802
27 527.5116 1427.2566 0.01764706 -835
28 527.5116 1428.2561 0.01764706 -856
0 969.10266 531.723 0.01764706 0
1 969.10266 531.723 0.019607844 -6
2 969.10266 531.723 0.019607844 -22
3 967.2439 530.7933 0.019607844 -123
4 948.9452 530.7236 0.01764706 -173
5 908.87256 531.8439 0.01764706 -206
6 847.7895 536.7117 0.01764706 -239
7 787.86945 542.8924 0.01764706 -272
8 755.9458 547.02893 0.01764706 -305
9 716.10016 548.82166 0.01764706 -321
10 684.3477 550.71313 0.01764706 -338
11 659.57776 551.53033 0.01764706 -354
12 638.3933 553.4133 0.01764706 -371
13 622.64996 554.71106 0.01764706 -387
14 595.8318 554.71106 0.01764706 -404
15 581.60596 554.71106 0.01764706 -437
16 573.3547 554.71106 0.01764706 -470
17 568.3189 554.71106 0.01764706 -503
18 559.81085 563.1579 0.01764706 -536
19 549.24585 603.6503 0.01764706 -569
20 543.49677 677.7145 0.01764706 -602
21 543.49677 782.0923 0.01764706 -635
22 549.4755 905.23846 0.01764706 -668
23 552.5711 1043.2227 0.01764706 -701
24 548.6158 1133.9343 0.01764706 -734
25 549.4912 1190.907 0.01764706 -767
26 548.4921 1208.1118 0.01764706 -800
27 549.2129 1227.2961 0.01764706 -816
28 550.4903 1241.7479 0.01764706 -833
29 550.4903 1249.1293 0.01764706 -849
30 550.4903 1254.3467 0.015686275 -866
31 537.5023 1264.3414 0.025490198 -895
0 955.11566 716.6267 0.019607844 0
1 955.11566 716.6267 0.019607844 -6
2 955.11566 716.6267 0.019607844 -59
3 955.11566 716.6267 0.019607844 -77
4 950.9465 715.62726 0.01764706 -147
5 930.8027 717.2522 0.01764706 -180
6 889.9873 727.3193 0.01764706 -213
7 834.88684 731.70825 0.01764706 -246
8 765.2103 735.51587 0.01764706 -279
9 702.41705 735.6168 0.01764706 -312
10 654.3941 736.61633 0.01764706 -345
11 620.11786 737.6158 0.01764706 -378
12 589.10345 737.6158 0.01764706 -411
13 578.4497 737.6158 0.019607844 -461
14 571.3033 737.6158 0.019607844 -494
15 563.10815 745.56244 0.019607844 -527
16 551.4433 779.3476 0.01764706 -560
17 542.9027 829.73 0.01764706 -593
18 533.3711 923.275 0.01764706 -626
19 527.7207 1032.6019 0.01764706 -659
20 524.51434 1142.03 0.01764706 -692
21 523.24316 1301.2205 0.01764706 -725
22 524.51434 1369.4915 0.019607844 -774
23 524.51434 1406.4729 0.019607844 -807
24 524.51434 1418.1204 0.019607844 -840
25 524.51434 1421.2598 0.01764706 -873
26 523.51526 1422.2592 0.01764706 -890
0 958.11285 759.6044 0.019607844 0
1 958.11285 759.6044 0.019607844 -7
2 958.11285 759.6044 0.019607844 -76
3 953.08636 757.5976 0.01764706 -132
4 932.2192 756.6059 0.01764706 -165
5 894.61505 756.23584 0.01764706 -198
6 844.9236 759.0542 0.01764706 -231
7 789.34656 761.8647 0.01764706 -264
8 731.61993 764.60175 0.01764706 -297
9 684.3828 764.60175 0.01764706 -330
10 651.3612 763.1688 0.01764706 -363
11 632.0763 760.5192 0.019607844 -396
12 620.8093 760.6038 0.019607844 -429
13 613.60895 763.014 0.019607844 -462
14 605.26306 774.86115 0.019607844 -495
15 595.7989 807.9434 0.01764706 -528
16 585.53265 860.7445 0.01764706 -561
17 572.70605 937.212 0.01764706 -594
18 561.90027 1023.68164 0.01764706 -627
19 552.3469 1146.6697 0.019607844 -660
20 550.4903 1178.3862 0.01764706 -693
21 549.4912 1206.3717 0.01764706 -701
22 547.49304 1258.3446 0.01764706 -727
23 545.49493 1322.3113 0.019607844 -727
24 545.49493 1338.303 0.01764706 -752
25 543.49677 1367.2878 0.01764706 -777
26 542.4977 1406.7673 0.01764706 -777
27 542.4977 1406.7673 0.01764706 -858
0 926.14246 556.71 0.019607844 -50
1 926.14246 556.71 0.019607844 -50
2 924.88776 556.71 0.01764706 -107
3 916.1828 556.71 0.01764706 -140
4 880.57837 556.71 0.01764706 -173
5 830.5567 556.71 0.01764706 -206
6 771.78375 556.71 0.01764706 -239
7 715.5307 555.7106 0.01764706 -272
8 662.7492 556.71 0.01764706 -305
9 632.11847 556.71 0.01764706 -338
10 611.3472 556.71 0.01764706 -371
11 600.06616 556.71 0.01764706 -404
12 594.6899 556.71 0.01764706 -437
13 590.2173 556.71 0.01764706 -470
14 579.8849 568.07135 0.01764706 -503
15 562.7452 617.4265 0.01764706 -536
16 550.66284 689.5705 0.01764706 -569
17 543.49677 783.56995 0.01764706 -602
18 536.0246 881.8944 0.01764706 -635
19 534.0427 981.7442 0.01764706 -668
20 534.50507 1062.6082 0.01764706 -701
21 536.54706 1117.076 0.01764706 -734
22 540.2716 1147.8699 0.01764706 -767
23 546.2559 1174.4817 0.01764706 -800
24 547.49304 1186.3821 0.01764706 -833
25 527.5116 1177.3867 0.023529414 -851
0 712.34045 997.48047 0.019607844 -8
1 712.34045 997.48047 0.019607844 -17
2 712.34045 997.48047 0.019607844 -50
3 712.34045 997.48047 0.019607844 -83
4 712.34045 997.48047 0.019607844 -116
5 702.88245 994.1155 0.019607844 -149
6 682.7753 991.3849 0.019607844 -182
7 641.0901 991.4836 0.019607844 -215
8 588.1742 994.04236 0.019607844 -248
9 537.81464 997.6723 0.019607844 -281
10 490.79282 999.47943 0.019607844 -314
11 442.67587 999.47943 0.019607844 -347
12 410.87964 998.4799 0.019607844 -380
13 389.50974 998.4799 0.019607844 -413
14 367.864 1003.7424 0.019607844 -446
15 362.44434 1005.5496 0.019607844 -495
16 349.73285 1019.8696 0.019607844 -512
17 335.1942 1055.9364 0.019607844 -545
18 321.04178 1128.378 0.019607844 -578
19 309.71323 1199.3752 0.019607844 -611
20 306.716 1223.3628 0.019607844 -638
21 299.72247 1270.3384 0.019607844 -664
22 286.17096 1356.0692 0.019607844 -664
23 270.9794 1493.8422 0.019607844 -694
24 270.7493 1496.2207 0.019607844 -743
25 268.75116 1518.2092 0.019607844 -744
26 265.75394 1552.1915 0.019607844 -768
27 263.7558 1574.18 0.019607844 -768
28 262.7567 1582.1759 0.019607844 -785
29 262.7567 1597.1681 0.019607844 -812
30 263.7558 1613.1598 0.01764706 -812
31 263.7558 1616.1582 0.01764706 -846
0 959.11194 533.722 0.019607844 -8
1 959.11194 533.722 0.019607844 -17
2 959.11194 533.722 0.019607844 -42
3 955.28674 532.72253 0.01764706 -141
4 938.5137 531.723 0.01764706 -174
5 892.7163 533.45447 0.01764706 -207
6 822.77106 538.9027 0.01764706 -240
7 757.7711 544.5323 0.01764706 -273
8 705.52234 547.70123 0.01764706 -306
9 656.37976 547.41614 0.01764706 -339
10 633.41345 547.7147 0.01764706 -372
11 627.91864 547.7147 0.01764706 -396
12 607.73267 547.7147 0.01764706 -405
13 599.3859 547.7147 0.01764706 -455
14 593.0071 547.7147 0.01764706 -488
15 581.76074 572.905 0.01764706 -521
16 569.8089 629.28864 0.01764706 -554
17 563.4783 702.23364 0.01764706 -587
18 556.299 807.0048 0.01764706 -620
19 549.7858 939.4808 0.01764706 -653
20 545.82184 1043.5851 0.01764706 -686
21 542.4977 1112.9777 0.01764706 -719
22 540.4995 1157.5089 0.01764706 -752
23 541.4986 1195.3773 0.01764706 -785
24 518.5199 1193.3784 0.021568628 -816
0 726.32745 994.482 0.019607844 -4
1 726.32745 994.482 0.019607844 -4
2 726.32745 994.482 0.019607844 -38
3 726.32745 994.482 0.019607844 -71
4 726.32745 994.482 0.019607844 -104
5 709.1296 990.61505 0.019607844 -137
6 677.1684 985.1195 0.019607844 -170
7 630.35803 980.98486 0.019607844 -203
8 580.41766 979.4898 0.019607844 -236
9 524.2376 979.4898 0.019607844 -269
10 463.67276 977.7837 0.019607844 -302
11 419.90613 977.49084 0.019607844 -335
12 392.37363 977.49084 0.019607844 -368
13 365.21387 980.1015 0.019607844 -401
14 353.2652 983.62354 0.019607844 -450
15 343.42404 988.743 0.019607844 -483
16 329.47815 1009.6035 0.019607844 -516
17 314.675 1052.5696 0.019607844 -549
18 298.85983 1126.594 0.019607844 -582
19 285.41043 1210.5302 0.019607844 -615
20 275.27924 1305.3577 0.019607844 -648
21 268.88596 1411.376 0.019607844 -682
22 265.00046 1527.7959 0.019607844 -715
23 261.15692 1589.3872 0.019607844 -748
24 259.10086 1607.1183 0.01764706 -781
25 258.7604 1620.1561 0.01764706 -797
26 258.7604 1620.1561 0.01764706 -827
0 963.1082 697.63666 0.019607844 0
1 963.1082 697.63666 0.01764706 -7
2 933.63245 700.1982 0.01764706 -114
3 888.34784 706.0209 0.01764706 -164
4 829.48566 709.677 0.01764706 -197
5 746.85394 718.6257 0.01764706 -230
6 685.3655 727.12134 0.01764706 -263
7 636.7684 731.9499 0.01764706 -295
8 607.818 733.61786 0.01764706 -329
9 588.0334 733.61786 0.01764706 -362
10 578.1627 733.61786 0.019607844 -395
11 570.7236 735.4909 0.019607844 -428
12 562.6894 755.97504 0.019607844 -461
13 554.67084 794.4795 0.019607844 -494
14 549.4857 858.66327 0.019607844 -527
15 542.7298 978.52026 0.019607844 -560
16 541.8215 1096.7643 0.019607844 -593
17 538.0644 1210.8037 0.019607844 -626
18 535.23206 1304.8561 0.019607844 -659
19 531.44794 1370.2456 0.019607844 -692
20 529.5097 1432.0134 0.01764706 -725
21 529.5097 1457.241 0.01764706 -758
22 529.5097 1464.2373 0.01764706 -783
0 957.1138 679.646 0.019607844 0
1 957.1138 679.646 0.019607844 -8
2 957.1138 679.646 0.019607844 -24
3 956.81525 679.4967 0.01764706 -60
4 938.9208 679.5332 0.01764706 -98
5 901.9347 683.2772 0.01764706 -131
6 850.46356 686.64233 0.01764706 -164
7 779.0764 692.6993 0.01764706 -197
8 692.16394 697.34155 0.01764706 -230
9 632.8973 701.1717 0.01764706 -263
10 587.8369 704.871 0.01764706 -296
11 564.2571 708.4751 0.019607844 -329
12 550.4348 715.3311 0.019607844 -362
13 542.5657 719.5912 0.019607844 -395
14 537.78705 729.9097 0.019607844 -428
15 534.50507 765.1713 0.01764706 -461
16 534.50507 827.4367 0.019607844 -494
17 536.50323 927.0302 0.01764706 -527
18 542.47455 1099.4315 0.019607844 -560
19 544.49585 1219.0978 0.01764706 -593
20 544.49585 1314.4856 0.01764706 -626
21 542.01404 1371.6422 0.01764706 -659
22 539.5005 1388.2769 0.01764706 -692
23 538.5014 1391.2754 0.01764706 -712
0 1000.07404 501.73868 0.01764706 -9
1 1000.07404 501.73868 0.01764706 -9
2 990.11255 498.41684 0.01764706 -66
3 967.5512 498.74023 0.01764706 -99
4 915.08325 513.1231 0.01764706 -132
5 843.3228 522.4067 0.01764706 -165
6 774.2406 527.0961 0.01764706 -198
7 709.2568 530.8394 0.01764706 -231
8 651.6768 533.722 0.01764706 -264
9 605.7501 531.723 0.01764706 -297
10 577.6904 522.7277 0.019607844 -330
11 562.65826 522.7277 0.019607844 -363
12 554.92755 522.7277 0.019607844 -396
13 551.22064 522.7277 0.01764706 -429
14 547.59265 528.42566 0.01764706 -462
15 543.8401 582.8231 0.01764706 -495
16 543.1199 662.7084 0.01764706 -528
17 543.49677 772.0591 0.01764706 -561
18 545.74304 840.0054 0.01764706 -594
19 550.2081 909.6161 0.01764706 -611
20 558.45105 1041.6595 0.01764706 -627
21 563.4783 1111.7572 0.01764706 -661
22 562.4792 1139.3851 0.01764706 -694
23 566.2316 1153.9108 0.01764706 -727
24 566.47546 1159.3961 0.01764706 -760
25 566.47546 1159.3961 0.01764706 -787
0 741.3136 922.5195 0.019607844 -104
1 737.7033 922.5195 0.019607844 -104
2 684.70825 926.3613 0.019607844 -114
3 624.0975 931.2312 0.019607844 -163
4 549.3275 936.5286 0.019607844 -197
5 481.7625 942.8028 0.019607844 -230
6 395.38962 949.27594 0.019607844 -263
7 364.66284 953.00354 0.019607844 -312
8 348.88892 956.7643 0.019607844 -345
9 340.0691 961.1154 0.019607844 -378
10 331.19336 973.99274 0.019607844 -411
11 324.3023 1002.2663 0.019607844 -444
12 316.57907 1055.4727 0.019607844 -477
13 307.1475 1153.2167 0.019607844 -510
14 300.13187 1249.2852 0.019607844 -543
15 293.84644 1350.3153 0.019607844 -576
16 288.28687 1455.489 0.019607844 -609
17 281.508 1542.5103 0.019607844 -642
18 277.56793 1601.2665 0.019607844 -675
19 276.74374 1630.5431 0.019607844 -708
20 276.74374 1642.7665 0.019607844 -741
21 276.74374 1648.8971 0.01764706 -774
22 276.74374 1649.141 0.01764706 -807
23 277.74283 1650.1405 0.01764706 -810
0 737.3173 963.49817 0.019607844 -6
1 737.3173 963.49817 0.019607844 -6
2 737.3173 963.49817 0.019607844 -15
3 737.3173 963.49817 0.019607844 -48
4 737.3173 963.49817 0.019607844 -81
5 737.3173 963.49817 0.019607844 -111
6 734.3006 961.9892 0.019607844 -147
7 716.6431 960.4997 0.019607844 -180
8 672.9969 961.52295 0.019607844 -213
9 557.35394 967.1691 0.019607844 -246
10 489.9101 970.8962 0.019607844 -296
11 429.684 972.49347 0.019607844 -328
12 381.68912 971.494 0.019607844 -361
13 355.38074 972.7084 0.019607844 -394
14 342.89124 972.49347 0.019607844 -427
15 337.1597 972.49347 0.019607844 -460
16 332.33463 976.8489 0.019607844 -494
17 325.91287 996.4078 0.019607844 -527
18 321.10025 1041.2892 0.019607844 -560
19 315.35675 1103.0992 0.019607844 -593
20 307.27118 1189.4902 0.019607844 -626
21 303.7205 1293.2765 0.019607844 -659
22 298.87552 1430.9915 0.019607844 -692
23 294.1947 1517.7721 0.019607844 -725
24 287.28046 1577.6263 0.019607844 -758
25 280.74005 1621.2813 0.019607844 -791
26 278.7419 1655.93 0.019607844 -824
27 278.7419 1678.1893 0.019607844 -857
28 279.94067 1685.3221 0.01764706 -890
29 280.74005 1685.1223 0.01764706 -923
30 280.74005 1685.1223 0.01764706 -929
0 998.07587 555.7106 0.01764706 -141
1 986.9197 555.7106 0.01764706 -141
2 949.29724 553.7116 0.01764706 -156
3 898.2127 554.908 0.01764706 -189
4 835.6489 556.71 0.01764706 -222
5 727.0263 557.70953 0.01764706 -255
6 671.6871 557.70953 0.01764706 -304
7 629.021 556.71 0.01764706 -337
8 596.5926 556.71 0.01764706 -370
9 581.0317 556.71 0.01764706 -403
10 572.03845 556.71 0.01764706 -436
11 568.4239 556.71 0.01764706 -486
12 562.8835 576.2835 0.01764706 -519
13 558.386 623.80566 0.01764706 -552
14 551.91785 691.49475 0.01764706 -585
15 548.4921 793.00946 0.01764706 -618
16 546.53735 917.3962 0.01764706 -651
17 544.49585 1048.0304 0.01764706 -684
18 538.24115 1149.6364 0.01764706 -717
19 534.50507 1199.1918 0.01764706 -767
20 534.0462 1209.2074 0.01764706 -800
21 531.34467 1218.6919 0.01764706 -816
22 530.5088 1219.3649 0.01764706 -849
23 530.5088 1219.3649 0.01764706 -855
0 957.1138 491.74387 0.01764706 -26
1 957.1138 491.74387 0.019607844 -26
2 957.1138 491.74387 0.019607844 -59
3 957.1138 491.74387 0.019607844 -92
4 957.1138 491.74387 0.01764706 -124
5 954.0839 491.74387 0.01764706 -158
6 921.0864 494.5661 0.01764706 -191
7 866.0542 501.73868 0.01764706 -224
8 797.7291 513.439 0.01764706 -257
9 735.0253 524.95496 0.01764706 -290
10 703.7017 528.9597 0.01764706 -323
11 673.7922 530.6991 0.01764706 -339
12 648.5282 532.5452 0.019607844 -356
13 615.12164 534.7215 0.01764706 -372
14 597.27844 534.7215 0.019607844 -405
15 585.72876 536.297 0.01764706 -439
16 578.102 539.90015 0.01764706 -472
17 569.6412 546.4905 0.01764706 -505
18 555.6721 582.55457 0.01764706 -538
19 544.813 633.8553 0.01764706 -571
20 539.50256 711.5801 0.01764706 -604
21 537.5023 826.7306 0.01764706 -637
22 538.5014 941.65814 0.01764706 -670
23 539.85266 1032.218 0.01764706 -703
24 539.21796 1107.7969 0.01764706 -736
25 539.5005 1142.8928 0.01764706 -769
26 542.4335 1184.8043 0.01764706 -802
27 542.4977 1202.8927 0.01764706 -835
28 542.4977 1207.3711 0.01764706 -868
29 518.5199 1203.3732 0.021568628 -885
0 960.111 698.6361 0.019607844 -6
1 960.111 698.6361 0.019607844 -6
2 951.7376 698.6361 0.01764706 -114
3 923.8667 702.5936 0.01764706 -147
4 873.2619 715.38794 0.01764706 -180
5 807.5445 728.57434 0.01764706 -213
6 721.65936 734.3371 0.01764706 -246
7 657.6718 738.0696 0.01764706 -279
8 615.8318 738.6153 0.01764706 -312
9 585.4992 738.6153 0.01764706 -345
10 571.23486 738.6153 0.019607844 -378
11 565.48444 738.6153 0.019607844 -411
12 561.7758 740.31836 0.019607844 -444
13 555.819 749.6092 0.019607844 -477
14 551.41144 776.9464 0.019607844 -510
15 544.81085 840.4093 0.019607844 -543
16 539.88574 925.87714 0.019607844 -577
17 535.77386 1027.4155 0.01764706 -610
18 528.95905 1135.747 0.019607844 -643
19 522.59064 1221.544 0.019607844 -676
20 513.8079 1318.7603 0.019607844 -709
21 508.8612 1372.9612 0.01764706 -742
22 507.53006 1397.4165 0.01764706 -775
23 507.53006 1402.2697 0.01764706 -808
24 506.531 1403.269 0.01764706 -819
0 985.0879 538.7194 0.019607844 -8
1 985.0879 538.7194 0.019607844 -8
2 985.0879 538.7194 0.019607844 -33
3 985.0879 538.7194 0.01764706 -66
4 979.2202 536.42957 0.01764706 -99
5 953.09344 535.72095 0.01764706 -132
6 903.879 535.72095 0.01764706 -165
7 816.14075 537.7199 0.01764706 -198
8 706.7485 539.1968 0.01764706 -231
9 648.3852 541.7812 0.01764706 -281
10 619.4138 542.71735 0.01764706 -314
11 598.6281 541.71783 0.01764706 -330
12 572.3609 541.71783 0.019607844 -347
13 561.20264 541.71783 0.019607844 -380
14 555.66296 541.71783 0.019607844 -413
15 551.98895 541.71783 0.019607844 -446
16 548.39325 541.71783 0.01764706 -478
17 542.8439 562.148 0.01764706 -512
18 539.1192 615.54913 0.01764706 -545
19 535.50415 685.4725 0.01764706 -578
20 530.5088 783.04895 0.01764706 -611
21 528.72485 925.72894 0.01764706 -644
22 525.5134 1039.3063 0.01764706 -677
23 521.5171 1090.432 0.01764706 -710
24 521.5171 1090.432 0.01764706 -730
25 523.51526 1181.3846 0.01764706 -755
26 522.5162 1197.3763 0.01764706 -755
27 522.5162 1197.3763 0.01764706 -781
28 526.5125 1241.3534 0.01764706 -806
29 526.5125 1241.3534 0.01764706 -806
30 526.5125 1241.3534 0.01764706 -823
0 966.10547 738.6153 0.019607844 0
1 966.10547 738.6153 0.01764706 0
2 966.10547 738.6153 0.01764706 -73
3 945.67834 737.6158 0.01764706 -123
4 903.3696 737.6158 0.01764706 -156
5 842.9477 737.6158 0.01764706 -189
6 779.3216 737.6158 0.01764706 -222
7 744.5334 737.6158 0.01764706 -255
8 715.72687 738.6153 0.01764706 -272
9 652.23553 742.3391 0.01764706 -288
10 608.8242 744.6122 0.01764706 -321
11 577.1633 741.6137 0.01764706 -354
12 558.4387 741.6137 0.01764706 -387
13 545.27783 741.6137 0.01764706 -420
14 537.47314 741.6137 0.019607844 -453
15 533.87103 741.6137 0.019607844 -486
16 530.2783 746.0728 0.01764706 -519
17 525.5292 764.5071 0.01764706 -552
18 521.5171 821.53424 0.01764706 -585
19 523.99304 908.91754 0.01764706 -618
20 526.0071 966.3081 0.01764706 -651
21 528.5106 1075.6082 0.01764706 -668
22 529.5097 1189.6072 0.019607844 -701
23 525.66064 1308.0764 0.01764706 -734
24 523.6212 1355.5364 0.01764706 -767
25 522.70557 1391.0532 0.019607844 -783
26 522.5162 1455.1536 0.019607844 -800
27 524.51434 1498.7031 0.01764706 -833
28 524.51434 1507.215 0.01764706 -866
29 523.51526 1511.2129 0.015686275 -877
0 960.111 496.74127 0.019607844 -7
1 960.111 496.74127 0.019607844 -7
2 960.111 496.74127 0.019607844 -31
3 956.4311 496.74127 0.01764706 -64
4 933.0623 495.7418 0.01764706 -97
5 881.37 497.6122 0.01764706 -130
6 816.24835 501.73868 0.01764706 -163
7 750.13727 506.6476 0.01764706 -196
8 691.05994 516.65234 0.01764706 -229
9 647.28564 522.64734 0.01764706 -262
10 615.4376 528.3902 0.01764706 -295
11 600.65607 529.72406 0.01764706 -328
12 593.4993 529.72406 0.019607844 -361
13 588.0845 534.0928 0.01764706 -394
14 584.2193 542.1972 0.01764706 -444
15 579.46344 574.9716 0.01764706 -477
16 571.93994 650.32263 0.01764706 -510
17 564.42957 738.63275 0.01764706 -543
18 560.481 858.2297 0.01764706 -576
19 557.7341 971.26117 0.01764706 -609
20 560.56964 1064.3326 0.015686275 -642
21 560.38306 1147.1769 0.01764706 -675
22 561.4801 1184.2445 0.01764706 -708
23 561.4801 1195.9579 0.01764706 -741
24 561.4801 1199.3752 0.01764706 -774
25 561.4801 1199.3752 0.01764706 -792
0 976.0962 556.71 0.019607844 -17
1 976.0962 556.71 0.019607844 -17
2 976.0962 556.71 0.019607844 -61
3 976.0962 556.71 0.019607844 -118
4 968.34814 553.46 0.01764706 -151
5 890.5161 547.7147 0.01764706 -184
6 836.73755 545.71576 0.01764706 -251
7 771.87415 546.96106 0.01764706 -284
8 714.5351 545.71576 0.01764706 -317
9 672.2205 543.9751 0.01764706 -350
10 629.6616 542.71735 0.019607844 -383
11 611.9704 545.8314 0.01764706 -433
12 599.9812 546.7152 0.019607844 -466
13 588.64606 548.98364 0.01764706 -499
14 571.78375 567.26605 0.01764706 -533
15 553.3811 606.6249 0.01764706 -566
16 545.9145 641.85596 0.01764706 -599
17 539.1866 699.463 0.01764706 -616
18 533.1767 755.0163 0.01764706 -632
19 525.3034 862.1183 0.01764706 -649
20 516.559 968.5031 0.01764706 -682
21 517.8664 1106.2284 0.01764706 -715
22 519.519 1144.1259 0.01764706 -765
23 516.5511 1173.2712 0.01764706 -793
24 516.5217 1173.3888 0.01764706 -826
25 491.54486 1167.392 0.019607844 -843
0 742.3127 936.5122 0.019607844 -132
1 726.9609 938.42065 0.019607844 -132
2 692.2521 944.0635 0.019607844 -157
3 639.78186 952.2541 0.019607844 -190
4 571.8598 959.57654 0.019607844 -223
5 512.2316 962.49866 0.019607844 -256
6 461.4519 965.49713 0.019607844 -289
7 440.39346 967.01624 0.019607844 -322
8 421.79388 968.9193 0.019607844 -339
9 393.74368 971.494 0.019607844 -355
10 381.1471 971.494 0.019607844 -389
11 372.5679 974.53595 0.019607844 -418
12 363.5027 983.08923 0.019607844 -452
13 350.2478 1007.3311 0.019607844 -485
14 335.14346 1051.9814 0.019607844 -518
15 317.38373 1137.8258 0.019607844 -551
16 294.48117 1289.4899 0.019607844 -584
17 282.77316 1383.9991 0.019607844 -633
18 272.07516 1475.6335 0.019607844 -666
19 266.54758 1545.691 0.019607844 -699
20 263.88235 1594.9025 0.019607844 -732
21 263.7558 1617.4628 0.019607844 -765
22 263.7558 1623.1545 0.019607844 -798
23 263.7558 1624.154 0.01764706 -816
0 791.26733 405.78864 0.019607844 0
1 791.26733 405.78864 0.019607844 0
2 791.26733 405.78864 0.019607844 -48
3 787.7918 405.78864 0.019607844 -77
4 772.46 404.81836 0.019607844 -114
5 734.7893 406.78812 0.019607844 -147
6 706.6572 407.6099 0.019607844 -180
7 645.1538 408.30115 0.019607844 -197
8 579.44104 410.02304 0.019607844 -230
9 517.60394 411.52527 0.019607844 -263
10 457.9881 412.785 0.019607844 -296
11 432.73657 412.785 0.019607844 -329
12 413.17038 410.29218 0.019607844 -345
13 398.10532 408.47147 0.019607844 -362
14 380.51712 408.78708 0.019607844 -378
15 359.06598 408.78708 0.019607844 -411
16 352.79956 408.78708 0.019607844 -461
17 349.1223 411.89435 0.019607844 -494
18 343.4978 424.69937 0.019607844 -527
19 337.70508 457.58383 0.019607844 -560
20 336.49222 533.4243 0.019607844 -594
21 340.29636 584.45044 0.019607844 -627
22 345.08005 635.5629 0.019607844 -644
23 348.25375 684.74384 0.019607844 -660
24 352.1507 740.9169 0.019607844 -677
25 352.67346 795.06714 0.019607844 -693
26 357.90225 893.6091 0.019607844 -710
27 359.73962 989.72015 0.019607844 -743
28 360.66605 1016.5413 0.019607844 -776
29 361.61725 1039.9792 0.019607844 -792
30 363.66327 1064.134 0.019607844 -809
31 363.66327 1071.4419 0.01764706 -842
32 363.66327 1073.4409 0.01764706 -860
