0 724.32935 427.7772 0.019607844 -348
1 699.98926 427.7772 0.019607844 -348
2 678.1357 427.7772 0.019607844 -400
3 651.12854 427.7772 0.019607844 -449
4 623.11755 427.7772 0.019607844 -499
5 585.0766 428.77667 0.019607844 -548
6 565.1346 428.77667 0.019607844 -598
7 530.2085 428.77667 0.019607844 -631
8 498.46423 428.77667 0.019607844 -681
9 463.1347 428.77667 0.019607844 -730
10 450.64575 427.7772 0.019607844 -796
11 436.81546 427.7772 0.019607844 -829
12 432.98807 427.7772 0.019607844 -879
13 427.3933 427.7772 0.019607844 -912
14 421.88968 427.7772 0.019607844 -962
15 416.3597 427.7772 0.019607844 -1011
16 410.73212 428.6643 0.019607844 -1061
17 407.01437 442.8132 0.019607844 -1110
18 403.29068 459.4403 0.019607844 -1143
19 398.48477 477.26324 0.019607844 -1176
20 389.19754 519.0559 0.019607844 -1209
21 380.2841 561.34564 0.019607844 -1259
22 374.4391 599.9008 0.019607844 -1309
23 369.70566 662.07935 0.01764706 -1342
24 370.30588 738.64404 0.019607844 -1391
25 375.15265 825.57007 0.019607844 -1441
26 379.64847 895.1581 0.01764706 -1490
27 386.03265 949.84595 0.019607844 -1540
28 385.6429 965.2386 0.019607844 -1590
29 385.6429 973.93665 0.01764706 -1623
30 385.6429 986.93494 0.019607844 -1656
31 390.65533 1012.5408 0.019607844 -1689
32 390.6383 1025.5006 0.019607844 -1738
33 390.6383 1033.22 0.019607844 -1771
34 391.4604 1053.3884 0.019607844 -1805
35 391.6374 1067.9933 0.019607844 -1854
36 391.6374 1077.1204 0.019607844 -1887
37 390.6383 1079.4377 0.01764706 -1937
38 389.63922 1081.4368 0.01764706 -1972
0 809.2507 445.76782 0.019607844 -76
1 809.2507 445.76782 0.019607844 -76
2 807.5393 444.91177 0.019607844 -119
3 802.56366 441.07703 0.019607844 -152
4 798.79565 437.30746 0.019607844 -185
5 794.9798 433.49008 0.019607844 -218
6 785.25507 433.77408 0.019607844 -251
7 773.0429 433.77408 0.019607844 -300
8 756.4083 433.77408 0.019607844 -333
9 740.78375 433.77408 0.019607844 -367
10 719.3476 433.97263 0.019607844 -400
11 675.91876 439.6802 0.019607844 -433
12 650.08167 444.52795 0.019607844 -482
13 623.3792 449.34363 0.019607844 -515
14 575.9708 453.76364 0.019607844 -548
15 515.1909 444.70197 0.01764706 -598
16 477.14368 437.12463 0.019607844 -647
17 446.17624 433.14432 0.019607844 -681
18 424.55594 429.36618 0.019607844 -714
19 400.0527 426.7777 0.019607844 -747
20 387.99652 425.77823 0.019607844 -796
21 380.35278 425.77823 0.019607844 -829
22 374.24286 425.77823 0.019607844 -862
23 367.64285 426.79443 0.019607844 -895
24 362.85468 432.3935 0.019607844 -945
25 358.10236 445.03253 0.019607844 -978
26 350.52368 473.66373 0.019607844 -1011
27 345.6451 511.08224 0.019607844 -1061
28 342.6827 579.7572 0.019607844 -1094
29 343.68176 663.40094 0.019607844 -1143
30 349.9827 788.80365 0.019607844 -1193
31 355.89166 886.1831 0.019607844 -1259
32 358.6679 939.2225 0.019607844 -1309
33 358.6679 1003.0575 0.019607844 -1342
34 357.66882 1033.739 0.019607844 -1408
35 359.667 1063.699 0.019607844 -1457
36 360.66605 1076.434 0.019607844 -1507
37 360.66605 1082.362 0.019607844 -1556
38 360.66605 1086.4025 0.019607844 -1606
39 360.66605 1088.4331 0.01764706 -1639
40 373.65402 1141.4055 0.023529414 -1656
0 827.2341 427.7772 0.01764706 -27
1 827.2341 427.7772 0.019607844 -27
2 827.2341 427.7772 0.019607844 -69
3 825.11597 427.7772 0.019607844 -153
4 809.2497 427.7772 0.019607844 -186
5 797.6264 427.7772 0.019607844 -235
6 771.0606 427.7772 0.019607844 -269
7 740.6933 427.7772 0.019607844 -318
8 719.7731 427.7772 0.019607844 -368
9 684.4859 427.7772 0.019607844 -401
10 652.3719 428.77667 0.019607844 -450
11 627.6422 428.77667 0.019607844 -483
12 599.2453 428.77667 0.019607844 -516
13 558.86743 428.77667 0.019607844 -549
14 513.72955 428.77667 0.019607844 -599
15 478.29544 428.77667 0.019607844 -649
16 448.31116 428.77667 0.019607844 -698
17 427.96838 428.77667 0.019607844 -748
18 415.65964 428.77667 0.019607844 -797
19 408.53088 428.77667 0.019607844 -847
20 402.96545 428.77667 0.019607844 -897
21 399.23416 428.77667 0.019607844 -946
22 393.61023 433.82468 0.019607844 -979
23 389.15546 448.47693 0.019607844 -1029
24 377.94128 481.23016 0.019607844 -1062
25 371.45477 516.74396 0.019607844 -1111
26 363.69797 572.1813 0.019607844 -1144
27 362.6642 632.38 0.019607844 -1178
28 364.36237 692.43567 0.019607844 -1211
29 365.66144 753.83984 0.019607844 -1244
30 367.65958 841.1239 0.019607844 -1277
31 367.65958 918.86444 0.019607844 -1326
32 367.65958 960.7818 0.019607844 -1376
33 366.2471 993.79254 0.019607844 -1409
34 364.66235 1024.3705 0.019607844 -1442
35 364.66235 1068.1971 0.019607844 -1475
36 364.66235 1083.3344 0.019607844 -1525
37 364.66235 1092.6898 0.019607844 -1558
38 364.66235 1093.4304 0.019607844 -1608
39 363.66327 1095.4294 0.01764706 -1614
0 801.2581 413.7845 0.01764706 -9
1 801.2581 413.7845 0.01764706 -9
2 801.2581 413.7845 0.01764706 -44
3 801.2581 413.7845 0.01764706 -77
4 798.1532 413.7845 0.019607844 -127
5 789.2526 413.7845 0.019607844 -160
6 772.50415 413.7845 0.019607844 -193
7 749.9244 412.785 0.019607844 -226
8 709.63434 412.785 0.019607844 -259
9 681.89197 412.785 0.019607844 -309
10 637.5388 413.7845 0.019607844 -342
11 607.3568 414.78397 0.019607844 -392
12 573.68884 414.78397 0.019607844 -424
13 542.56226 414.78397 0.019607844 -457
14 512.8126 415.45685 0.019607844 -490
15 487.5295 416.78293 0.019607844 -523
16 466.6599 416.78293 0.019607844 -556
17 443.2832 415.73242 0.019607844 -589
18 425.16623 414.78397 0.019607844 -623
19 413.50845 414.78397 0.019607844 -656
20 406.0714 413.7845 0.019607844 -689
21 400.7735 413.7845 0.019607844 -722
22 395.24185 413.7845 0.019607844 -771
23 391.444 413.97794 0.019607844 -821
24 384.84778 424.37076 0.019607844 -854
25 377.3174 444.768 0.019607844 -887
26 370.0104 493.97775 0.019607844 -920
27 363.532 563.67694 0.019607844 -970
28 366.55444 658.75476 0.019607844 -1019
29 372.30023 724.7821 0.019607844 -1069
30 376.65125 818.1178 0.019607844 -1102
31 375.65216 888.8861 0.019607844 -1152
32 374.6531 943.4777 0.019607844 -1201
33 374.6531 968.8967 0.019607844 -1251
34 374.6531 985.7287 0.019607844 -1284
35 374.6531 1005.42444 0.019607844 -1317
36 374.6531 1020.2475 0.019607844 -1366
37 376.8718 1032.1246 0.019607844 -1400
38 378.6494 1046.719 0.019607844 -1433
39 378.6494 1050.592 0.019607844 -1482
40 378.6494 1051.4524 0.019607844 -1515
41 378.6494 1052.4518 0.01764706 -1530
0 739.3154 1053.4513 0.015686275 -9
1 739.3154 1053.4513 0.015686275 -9
2 739.3154 1053.4513 0.015686275 -43
3 736.2747 1050.4093 0.01764706 -102
4 724.4404 1046.4828 0.01764706 -135
5 699.0175 1041.5682 0.015686275 -169
6 673.91364 1039.4586 0.01764706 -202
7 637.7267 1038.4591 0.01764706 -235
8 600.778 1039.4586 0.015686275 -268
9 564.4843 1036.4602 0.01764706 -301
10 506.99213 1030.8989 0.01764706 -334
11 461.81262 1028.38 0.01764706 -383
12 435.67316 1025.4658 0.01764706 -417
13 406.77393 1022.0821 0.01764706 -450
14 387.62143 1017.96484 0.01764706 -483
15 374.74347 1014.4716 0.01764706 -516
16 362.26157 1014.4716 0.01764706 -549
17 352.82642 1014.4716 0.01764706 -582
18 348.97632 1014.4716 0.01764706 -615
19 345.2171 1014.4716 0.01764706 -648
20 341.4043 1014.4716 0.01764706 -681
21 337.6482 1015.5102 0.01764706 -714
22 332.84723 1023.0009 0.015686275 -747
23 329.0475 1039.0502 0.01764706 -780
24 325.1944 1061.483 0.01764706 -813
25 315.0764 1103.9524 0.015686275 -846
26 306.64563 1177.3024 0.01764706 -896
27 305.71692 1254.724 0.01764706 -946
28 304.71786 1309.0522 0.01764706 -995
29 302.7197 1385.9799 0.01764706 -1028
30 301.72064 1434.8213 0.01764706 -1078
31 299.03857 1476.0764 0.01764706 -1111
32 294.7271 1533.4734 0.01764706 -1144
33 293.72803 1564.685 0.01764706 -1193
34 292.05743 1575.5402 0.01764706 -1225
35 291.7299 1608.2186 0.01764706 -1243
36 291.7299 1625.8922 0.01764706 -1309
37 291.7299 1629.8868 0.01764706 -1375
38 291.7299 1631.1504 0.01764706 -1408
39 291.7299 1631.1504 0.01764706 -1439
40 291.7299 1631.1504 0.01764706 -1460
0 725.3284 1020.4685 0.015686275 -9
1 725.3284 1020.4685 0.01764706 -18
2 725.3284 1020.4685 0.015686275 -44
3 725.3284 1020.4685 0.01764706 -55
4 725.3284 1020.4685 0.01764706 -101
5 710.22565 1022.2909 0.015686275 -143
6 691.1807 1022.46747 0.01764706 -193
7 673.8719 1024.1674 0.01764706 -226
8 647.8049 1025.8912 0.015686275 -259
9 622.9269 1023.90375 0.01764706 -292
10 587.13116 1024.1342 0.01764706 -325
11 537.2091 1022.3813 0.01764706 -358
12 483.7261 1021.46796 0.01764706 -407
13 453.53506 1017.7957 0.01764706 -457
14 427.16425 1017.47003 0.01764706 -490
15 398.51416 1015.1688 0.01764706 -523
16 382.973 1013.4721 0.01764706 -556
17 368.03366 1016.377 0.01764706 -589
18 359.25018 1016.4706 0.01764706 -622
19 353.23062 1016.4706 0.01764706 -655
20 347.53705 1016.4706 0.01764706 -688
21 343.78043 1016.4706 0.01764706 -738
22 339.27356 1022.2921 0.01764706 -771
23 333.21204 1037.3774 0.01764706 -804
24 329.38525 1052.6908 0.01764706 -837
25 324.57404 1075.318 0.01764706 -870
26 318.69983 1101.4618 0.01764706 -903
27 313.84628 1125.5925 0.01764706 -937
28 311.24658 1160.9888 0.01764706 -970
29 309.71323 1221.5079 0.01764706 -1003
30 306.3238 1284.0422 0.01764706 -1052
31 302.39346 1351.2144 0.01764706 -1102
32 301.48923 1394.8215 0.01764706 -1151
33 301.72064 1476.1298 0.01764706 -1185
34 300.72156 1541.5363 0.01764706 -1234
35 299.56604 1574.2759 0.01764706 -1284
36 298.72342 1607.4431 0.01764706 -1317
37 298.72342 1628.2915 0.01764706 -1366
38 298.72342 1637.2924 0.01764706 -1416
39 298.72342 1641.2662 0.01764706 -1449
40 298.72342 1642.1447 0.01764706 -1482
41 298.72342 1642.1447 0.01764706 -1515
42 298.72342 1642.1447 0.015686275 -1539
0 682.36816 1096.429 0.01764706 -220
1 682.36816 1094.7471 0.01764706 -220
2 682.36816 1092.95 0.01764706 -248
3 682.36816 1090.7611 0.01764706 -278
4 682.36816 1088.7864 0.01764706 -314
5 680.8698 1086.9341 0.01764706 -347
6 678.8843 1084.9479 0.01764706 -377
7 667.85596 1083.789 0.01764706 -410
8 640.5537 1079.4672 0.01764706 -446
9 605.8854 1080.4373 0.01764706 -493
10 568.65247 1077.9534 0.01764706 -543
11 535.12573 1077.1499 0.01764706 -592
12 511.02682 1073.4409 0.01764706 -628
13 463.84137 1069.4817 0.01764706 -658
14 436.12 1069.9412 0.015686275 -708
15 402.77002 1063.4746 0.01764706 -741
16 385.40836 1061.7926 0.01764706 -790
17 367.93555 1063.1211 0.015686275 -826
18 353.02176 1063.446 0.01764706 -859
19 347.33447 1063.446 0.01764706 -909
20 343.72955 1063.446 0.01764706 -942
21 341.20047 1063.446 0.01764706 -972
22 339.19568 1064.9355 0.01764706 -1005
23 337.20056 1069.4174 0.01764706 -1038
24 331.69934 1086.4082 0.015686275 -1071
25 326.03003 1127.77 0.015686275 -1104
26 320.24316 1181.6067 0.01764706 -1157
27 314.37653 1231.0151 0.01764706 -1203
28 307.26602 1300.9181 0.01764706 -1239
29 303.36084 1351.5953 0.01764706 -1286
30 301.05078 1400.0323 0.01764706 -1322
31 297.39737 1445.8468 0.01764706 -1355
32 295.2317 1484.6216 0.01764706 -1388
33 290.74588 1521.5642 0.01764706 -1418
34 289.24994 1557.8685 0.01764706 -1451
35 287.23544 1588.1504 0.01764706 -1484
36 286.05728 1615.615 0.01764706 -1517
37 284.73636 1635.1091 0.01764706 -1554
38 284.73636 1649.2156 0.01764706 -1587
39 284.73636 1658.5555 0.01764706 -1620
40 284.73636 1664.6025 0.01764706 -1650
41 284.73636 1668.129 0.01764706 -1683
42 284.73636 1670.6143 0.01764706 -1716
43 284.73636 1671.1296 0.015686275 -1765
44 284.73636 1671.1296 0.015686275 -1790
0 733.321 1106.4237 0.015686275 0
1 733.321 1106.4237 0.01764706 0
2 729.3738 1103.9496 0.01764706 -107
3 721.39325 1099.458 0.015686275 -140
4 707.9608 1092.4974 0.015686275 -173
5 694.47125 1085.4918 0.01764706 -206
6 671.5256 1081.9548 0.015686275 -242
7 655.4493 1078.4523 0.01764706 -289
8 638.52344 1071.9846 0.01764706 -322
9 605.1935 1072.4414 0.015686275 -355
10 581.0332 1064.9648 0.01764706 -405
11 534.84924 1060.0125 0.01764706 -438
12 529.5097 1059.4481 0.01764706 -488
13 531.5079 1042.457 0.023529414 -497
14 485.5504 1049.4534 0.01764706 -546
15 458.5754 1050.4529 0.01764706 -546
16 460.57355 1037.4596 0.023529414 -579
17 421.60962 1044.4559 0.01764706 -628
18 391.6374 1046.455 0.01764706 -628
19 396.63275 1034.4612 0.023529414 -678
20 443.58926 973.4929 0.01764706 -860
21 455.36453 964.9733 0.01764706 -860
22 464.94113 960.551 0.01764706 -887
23 464.94113 960.551 0.01764706 -918
24 490.5458 1002.47784 0.01764706 -959
25 488.0652 1016.33374 0.01764706 -959
26 483.1066 1051.5746 0.01764706 -1000
27 480.56577 1104.2742 0.01764706 -1033
28 479.06726 1149.6516 0.01764706 -1066
29 477.0711 1198.0684 0.01764706 -1099
30 475.06012 1239.3545 0.01764706 -1132
31 472.61505 1277.3346 0.01764706 -1165
32 472.56244 1318.0317 0.01764706 -1199
33 470.0848 1353.4138 0.01764706 -1232
34 468.9276 1388.126 0.01764706 -1265
35 468.56613 1419.4063 0.01764706 -1300
36 470.04504 1453.4076 0.01764706 -1331
37 468.56613 1478.0646 0.01764706 -1364
38 470.0376 1512.8857 0.01764706 -1400
39 469.56522 1538.0697 0.01764706 -1447
40 469.56522 1549.6927 0.01764706 -1496
41 469.56522 1558.1506 0.01764706 -1529
42 469.56522 1563.6855 0.01764706 -1562
43 468.56613 1565.1848 0.015686275 -1595
44 468.56613 1565.1848 0.015686275 -1620
0 902.1647 988.48517 0.019607844 -67
1 902.1647 988.48517 0.01764706 -67
2 901.4941 987.14343 0.01764706 -108
3 897.1336 982.4525 0.01764706 -145
4 886.439 974.78357 0.01764706 -178
5 870.82025 966.06714 0.01764706 -211
6 849.84045 955.8212 0.01764706 -241
7 826.9014 950.0437 0.01764706 -277
8 790.53577 942.13605 0.01764706 -307
9 752.851 935.4772 0.01764706 -343
10 707.14716 927.8123 0.01764706 -376
11 647.7445 917.5534 0.01764706 -409
12 599.3853 912.0509 0.019607844 -456
13 574.7207 912.5247 0.01764706 -506
14 555.6099 911.04614 0.01764706 -539
15 547.5047 909.52625 0.01764706 -588
16 540.5429 908.5268 0.01764706 -624
17 538.009 908.5268 0.01764706 -671
18 536.0204 908.5268 0.01764706 -704
19 533.0213 910.0112 0.019607844 -737
20 531.0207 923.9322 0.01764706 -786
21 527.8495 957.0754 0.01764706 -820
22 524.0336 1011.5772 0.01764706 -856
23 516.06805 1086.521 0.01764706 -902
24 511.20007 1139.3256 0.01764706 -952
25 506.18564 1192.5271 0.01764706 -988
26 501.19165 1242.812 0.01764706 -1021
27 496.09128 1288.8898 0.01764706 -1054
28 492.5925 1331.2964 0.01764706 -1084
29 488.5489 1376.2694 0.01764706 -1117
30 486.05936 1417.0736 0.01764706 -1150
31 484.06805 1451.467 0.01764706 -1183
32 481.87927 1485.6696 0.01764706 -1216
33 478.8864 1521.239 0.01764706 -1252
34 478.5569 1542.5568 0.01764706 -1302
35 478.5569 1551.9238 0.01764706 -1349
36 478.5569 1557.636 0.01764706 -1384
37 477.07205 1562.6722 0.01764706 -1414
38 477.07205 1562.6722 0.01764706 -1464
0 904.16284 939.5106 0.01764706 -74
1 902.7567 938.8073 0.01764706 -100
2 896.2349 937.02814 0.01764706 -127
3 876.80383 934.03 0.01764706 -157
4 855.1439 929.8437 0.01764706 -206
5 831.9267 928.03174 0.01764706 -243
6 801.1926 922.8684 0.01764706 -273
7 767.96826 920.14465 0.01764706 -309
8 727.3282 916.18964 0.01764706 -342
9 672.1605 908.0674 0.01764706 -375
10 638.66846 903.07837 0.01764706 -422
11 592.2496 899.05164 0.01764706 -455
12 570.2442 897.05756 0.01764706 -504
13 556.0343 895.0409 0.01764706 -537
14 548.5223 893.0424 0.01764706 -570
15 539.5463 891.04736 0.01764706 -603
16 533.1664 891.53564 0.01764706 -636
17 529.55005 891.53564 0.01764706 -673
18 525.5356 891.53564 0.01764706 -703
19 514.578 906.44617 0.01764706 -736
20 496.4958 966.67444 0.01764706 -785
21 483.61856 1048.956 0.01764706 -838
22 479.57333 1119.1216 0.01764706 -884
23 478.5569 1213.4259 0.01764706 -917
24 475.88953 1268.085 0.01764706 -967
25 472.5867 1307.564 0.01764706 -1003
26 470.59543 1343.535 0.01764706 -1033
27 466.57562 1377.7252 0.01764706 -1066
28 465.0835 1409.0397 0.01764706 -1099
29 461.8883 1431.7786 0.01764706 -1132
30 460.57355 1447.3403 0.01764706 -1168
31 457.18628 1460.7152 0.01764706 -1202
32 454.9008 1468.2694 0.01764706 -1235
33 452.89264 1472.609 0.01764706 -1268
34 451.58188 1475.2316 0.01764706 -1301
35 450.5828 1476.2311 0.01764706 -1334
36 449.5837 1477.2306 0.01764706 -1355
0 750.3053 1012.47266 0.015686275 -34
1 748.14655 1011.3928 0.015686275 -34
2 741.8517 1007.5009 0.01764706 -141
3 721.32355 1001.7261 0.015686275 -174
4 691.7991 994.44196 0.01764706 -211
5 653.4825 987.43964 0.01764706 -244
6 610.75604 982.44324 0.015686275 -277
7 576.7839 977.0441 0.01764706 -310
8 528.7739 972.54614 0.01764706 -340
9 480.78 968.5129 0.01764706 -372
10 453.25656 961.03467 0.01764706 -406
11 421.89758 958.019 0.01764706 -439
12 401.74133 953.52606 0.01764706 -472
13 391.98892 952.8417 0.01764706 -505
14 384.6246 952.5039 0.01764706 -541
15 379.30734 952.5039 0.01764706 -574
16 375.69397 952.5039 0.01764706 -607
17 373.17657 952.5039 0.01764706 -637
18 369.69186 955.4682 0.01764706 -670
19 364.68784 967.7612 0.01764706 -704
20 359.19843 985.38336 0.01764706 -739
21 351.70197 1014.8678 0.01764706 -769
22 343.0162 1062.4438 0.01764706 -803
23 329.01303 1146.8379 0.01764706 -839
24 320.28842 1204.3118 0.01764706 -888
25 309.2719 1257.0189 0.01764706 -918
26 305.73898 1317.4718 0.01764706 -951
27 303.22562 1374.1055 0.01764706 -984
28 301.23462 1425.4194 0.01764706 -1017
29 301.72064 1471.0148 0.01764706 -1050
30 300.72156 1506.9763 0.01764706 -1083
31 299.72247 1551.9767 0.01764706 -1116
32 299.72247 1570.5746 0.01764706 -1166
33 298.23853 1582.0881 0.01764706 -1199
34 298.72342 1589.1432 0.01764706 -1232
35 298.72342 1591.1713 0.01764706 -1282
36 298.72342 1591.1713 0.01764706 -1307
0 884.18134 620.6767 0.01764706 -51
1 884.18134 620.6767 0.01764706 -51
2 884.18134 620.6767 0.01764706 -91
3 881.1935 620.6767 0.01764706 -124
4 873.27136 620.6767 0.01764706 -157
5 857.27405 619.186 0.01764706 -191
6 835.84045 622.1656 0.01764706 -224
7 808.37103 624.6576 0.01764706 -257
8 772.33685 624.6746 0.01764706 -290
9 739.61847 624.6746 0.01764706 -326
10 700.9514 623.1807 0.01764706 -356
11 644.7346 623.6752 0.01764706 -389
12 593.72174 622.67566 0.01764706 -439
13 563.9965 620.17816 0.01764706 -488
14 543.6135 620.6767 0.01764706 -521
15 531.64343 620.6767 0.01764706 -554
16 523.55725 620.6767 0.01764706 -588
17 519.5508 620.6767 0.01764706 -621
18 515.5594 620.6767 0.01764706 -654
19 513.0361 620.6767 0.01764706 -687
20 508.55066 629.11847 0.015686275 -720
21 505.55145 642.09717 0.015686275 -753
22 501.54434 661.6117 0.01764706 -786
23 497.5418 694.6208 0.01764706 -819
24 491.07623 733.9424 0.01764706 -852
25 483.60904 777.28253 0.01764706 -885
26 478.09933 827.23303 0.01764706 -918
27 473.57425 888.8527 0.01764706 -951
28 473.08655 917.3088 0.01764706 -984
29 468.60098 973.9697 0.01764706 -1001
30 466.568 1037.1123 0.01764706 -1034
31 463.908 1087.3326 0.01764706 -1070
32 462.0803 1135.6886 0.01764706 -1103
33 462.5717 1177.8013 0.01764706 -1133
34 462.5717 1221.8885 0.01764706 -1166
35 465.5396 1251.1135 0.01764706 -1202
36 465.23694 1267.3492 0.01764706 -1232
37 465.5689 1279.2838 0.01764706 -1268
38 465.5689 1284.6946 0.01764706 -1298
39 465.5689 1288.0101 0.01764706 -1334
40 464.56985 1288.329 0.015686275 -1367
41 464.56985 1288.329 0.015686275 -1389
0 878.1869 631.67096 0.01764706 -17
1 877.1878 631.67096 0.01764706 -33
2 868.73615 634.1561 0.01764706 -107
3 854.4829 639.0174 0.01764706 -157
4 840.3429 642.635 0.015686275 -193
5 813.3186 645.0376 0.01764706 -223
6 786.8501 649.0079 0.015686275 -259
7 750.52155 651.31537 0.01764706 -292
8 708.10626 650.6611 0.01764706 -325
9 667.7105 649.328 0.015686275 -358
10 625.4463 645.0022 0.01764706 -391
11 590.22736 642.18 0.01764706 -424
12 556.7227 636.6981 0.01764706 -454
13 536.60657 632.6911 0.01764706 -488
14 524.5909 632.1835 0.01764706 -521
15 516.496 632.6705 0.01764706 -554
16 512.18665 632.6705 0.01764706 -590
17 510.04642 632.6705 0.01764706 -623
18 508.04562 632.6705 0.01764706 -653
19 507.53006 636.62964 0.015686275 -686
20 507.53006 640.648 0.015686275 -719
21 505.05548 648.5697 0.015686275 -752
22 503.53375 671.4709 0.01764706 -785
23 501.86346 701.7277 0.015686275 -821
24 501.5356 738.7412 0.015686275 -854
25 500.53653 788.43427 0.01764706 -884
26 498.19238 839.7381 0.01764706 -920
27 496.05118 881.3107 0.01764706 -953
28 493.0571 936.67163 0.01764706 -983
29 490.0506 992.8657 0.01764706 -1016
30 485.56906 1042.1775 0.01764706 -1049
31 485.0627 1087.1495 0.01764706 -1082
32 481.8599 1131.9833 0.01764706 -1115
33 480.07523 1169.4767 0.01764706 -1152
34 478.86322 1212.8489 0.01764706 -1181
35 477.86127 1229.5 0.01764706 -1218
36 475.86185 1254.6244 0.01764706 -1234
37 473.8682 1273.8809 0.01764706 -1267
38 471.8656 1284.1211 0.01764706 -1301
39 469.87918 1290.3851 0.01764706 -1334
40 469.56522 1294.2987 0.01764706 -1367
41 468.0872 1296.3248 0.01764706 -1396
42 468.0872 1296.3248 0.01764706 -1446
0 922.1462 943.50854 0.01764706 -50
1 919.66656 938.54736 0.01764706 -50
2 915.76434 935.1252 0.01764706 -91
3 907.9784 930.425 0.01764706 -128
4 888.01227 926.8368 0.01764706 -161
5 860.62634 922.7954 0.01764706 -194
6 822.65204 920.83887 0.01764706 -227
7 778.57855 920.52057 0.01764706 -260
8 738.207 920.52057 0.015686275 -293
9 702.1522 920.52057 0.01764706 -326
10 664.5155 914.8462 0.015686275 -356
11 638.6784 912.8515 0.01764706 -392
12 621.7281 910.8547 0.01764706 -425
13 608.6762 908.1669 0.015686275 -458
14 597.7396 904.852 0.01764706 -491
15 590.4103 902.84875 0.01764706 -524
16 586.11005 900.8572 0.01764706 -557
17 582.7871 900.53094 0.01764706 -590
18 580.7867 900.53094 0.01764706 -623
19 578.9691 903.5189 0.015686275 -656
20 573.4775 916.49713 0.01764706 -686
21 566.5389 947.7368 0.01764706 -719
22 559.4527 999.06696 0.01764706 -752
23 554.0088 1047.758 0.01764706 -789
24 548.01416 1105.7151 0.01764706 -818
25 543.09564 1168.0122 0.01764706 -851
26 537.8112 1246.6205 0.01764706 -888
27 534.5224 1290.1195 0.01764706 -937
28 531.10706 1345.8135 0.01764706 -967
29 527.80255 1391.9937 0.01764706 -1004
30 524.5447 1431.9203 0.01764706 -1037
31 520.06006 1469.4708 0.01764706 -1066
32 518.5199 1498.9706 0.01764706 -1099
33 515.1182 1520.5297 0.01764706 -1136
34 512.81903 1534.4379 0.01764706 -1169
35 509.82336 1546.7173 0.01764706 -1202
36 508.04077 1554.1458 0.01764706 -1235
37 507.82828 1557.2933 0.01764706 -1264
38 505.82693 1561.5961 0.01764706 -1301
39 504.8259 1563.8921 0.01764706 -1334
40 502.81158 1565.9072 0.01764706 -1367
41 502.5347 1566.1842 0.01764706 -1400
42 502.5347 1566.1842 0.015686275 -1405
0 726.32745 1047.4545 0.01764706 -16
1 726.32745 1047.4545 0.01764706 -16
2 726.32745 1047.4545 0.01764706 -57
3 724.93536 1046.758 0.01764706 -160
4 722.2059 1045.0387 0.01764706 -177
5 717.7787 1043.034 0.01764706 -193
6 700.69604 1038.0455 0.01764706 -210
7 682.42896 1034.0735 0.01764706 -243
8 654.5811 1031.0612 0.01764706 -276
9 626.7297 1027.0397 0.01764706 -309
10 593.36456 1022.0698 0.01764706 -342
11 563.79205 1018.0449 0.01764706 -375
12 519.26544 1012.50543 0.01764706 -408
13 481.30917 1012.47266 0.01764706 -454
14 447.96603 1007.0596 0.01764706 -487
15 418.08582 1005.0729 0.01764706 -524
16 398.7978 1002.9943 0.01764706 -557
17 387.72076 1000.99194 0.01764706 -586
18 378.82224 1000.4789 0.01764706 -619
19 373.20752 1000.4789 0.01764706 -656
20 368.27997 1000.4789 0.01764706 -685
21 364.68585 1000.4789 0.01764706 -722
22 362.96994 1000.4789 0.01764706 -752
23 360.96317 1001.18115 0.01764706 -788
24 359.96506 1002.1797 0.01764706 -821
25 358.96536 1004.5836 0.01764706 -838
26 358.1842 1006.92804 0.01764706 -854
27 356.97015 1013.6678 0.01764706 -867
28 355.24973 1021.15344 0.01764706 -887
29 353.24277 1031.3286 0.01764706 -904
30 351.9602 1044.4508 0.01764706 -920
31 350.9614 1060.5795 0.01764706 -937
32 349.95908 1079.0588 0.01764706 -953
33 349.67624 1115.4999 0.01764706 -970
34 348.1864 1166.672 0.01764706 -999
35 346.1892 1223.0911 0.01764706 -1032
36 343.2835 1290.3077 0.01764706 -1065
37 339.2706 1347.4039 0.01764706 -1102
38 335.70303 1395.5859 0.01764706 -1135
39 333.2553 1428.6436 0.01764706 -1164
40 330.96634 1478.6832 0.01764706 -1185
41 329.69473 1521.7603 0.01764706 -1218
42 327.96887 1553.648 0.01764706 -1251
43 326.6975 1574.7495 0.01764706 -1284
44 326.6975 1587.5758 0.01764706 -1317
45 326.6975 1595.3054 0.01764706 -1346
46 326.6975 1599.6025 0.01764706 -1383
47 326.6975 1602.8761 0.01764706 -1416
48 326.6975 1604.8783 0.01764706 -1449
49 326.6975 1605.879 0.01764706 -1482
50 326.6975 1607.6539 0.01764706 -1499
51 326.6975 1607.1628 0.01764706 -1528
52 326.6975 1607.1628 0.01764706 -1561
53 326.6975 1607.1628 0.015686275 -1578
54 326.6975 1607.1628 0.015686275 -1586
0 933.136 949.50543 0.01764706 -100
1 929.6796 947.77655 0.01764706 -100
2 923.95087 945.7762 0.01764706 -145
3 916.49976 942.3182 0.01764706 -178
4 900.06854 939.09125 0.01764706 -211
5 880.8156 937.5117 0.01764706 -244
6 857.6407 935.51276 0.01764706 -277
7 829.1313 935.51276 0.01764706 -310
8 798.71265 932.5143 0.01764706 -343
9 766.22046 932.5143 0.01764706 -376
10 734.1284 931.51483 0.01764706 -409
11 693.5989 930.168 0.01764706 -442
12 664.18176 929.51587 0.01764706 -492
13 641.3826 929.51587 0.01764706 -525
14 623.1398 927.1208 0.01764706 -558
15 604.85297 926.5174 0.01764706 -591
16 592.0084 926.5174 0.019607844 -624
17 584.4897 926.5174 0.019607844 -653
18 577.3759 926.5174 0.019607844 -687
19 573.4847 926.5174 0.019607844 -723
20 569.13306 927.1871 0.01764706 -753
21 565.4764 930.5154 0.01764706 -806
22 561.4801 944.0083 0.01764706 -835
23 557.4839 968.4955 0.01764706 -868
24 553.4875 1003.4773 0.01764706 -901
25 549.4921 1046.4447 0.01764706 -935
26 545.5235 1093.0883 0.01764706 -968
27 543.016 1146.3954 0.01764706 -1001
28 542.01263 1174.981 0.01764706 -1034
29 540.0124 1231.0116 0.01764706 -1050
30 539.0209 1257.308 0.01764706 -1083
31 537.0166 1311.4436 0.01764706 -1100
32 536.01465 1364.9817 0.01764706 -1132
33 536.50323 1419.9032 0.01764706 -1165
34 536.50323 1465.5354 0.01764706 -1199
35 536.50323 1500.5416 0.01764706 -1232
36 535.50415 1524.957 0.01764706 -1265
37 535.50415 1540.1328 0.01764706 -1301
38 535.50415 1549.2383 0.01764706 -1331
39 535.50415 1554.6449 0.01764706 -1367
40 535.50415 1558.1655 0.01764706 -1397
41 534.50507 1559.1879 0.01764706 -1430
42 534.50507 1559.1879 0.01764706 -1455
0 776.28125 444.76834 0.01764706 -34
1 776.28125 444.76834 0.019607844 -34
2 776.28125 444.76834 0.019607844 -58
3 776.28125 444.76834 0.019607844 -141
4 769.8391 442.28696 0.019607844 -174
5 755.5372 442.76938 0.019607844 -207
6 735.501 443.76886 0.019607844 -244
7 722.5714 444.44232 0.019607844 -277
8 708.22815 444.76834 0.019607844 -293
9 693.31793 445.43735 0.019607844 -310
10 677.027 445.76782 0.019607844 -326
11 663.14557 445.76782 0.019607844 -343
12 643.2157 444.28497 0.019607844 -356
13 621.39655 441.81482 0.019607844 -373
14 601.6372 439.79034 0.019607844 -390
15 575.27246 436.79324 0.019607844 -406
16 558.8781 434.3331 0.019607844 -425
17 538.7248 431.30893 0.019607844 -439
18 520.3422 429.81024 0.019607844 -455
19 507.3339 427.81766 0.019607844 -472
20 495.25174 425.81058 0.019607844 -489
21 483.7413 425.29425 0.019607844 -505
22 474.72104 424.29507 0.019607844 -522
23 467.68155 423.29385 0.019607844 -538
24 461.19562 423.77927 0.019607844 -555
25 455.67462 422.2961 0.019607844 -571
26 449.67963 421.29657 0.019607844 -588
27 443.6769 420.2957 0.019607844 -604
28 440.65662 419.29773 0.019607844 -621
29 436.6639 419.78134 0.019607844 -637
30 434.28857 418.78186 0.019607844 -654
31 432.62634 418.78186 0.019607844 -673
32 430.6364 417.30026 0.019607844 -687
33 428.95306 417.7824 0.019607844 -704
34 427.12103 417.7824 0.019607844 -723
35 426.12512 417.7824 0.019607844 -753
36 425.11325 417.7824 0.019607844 -770
37 424.13257 417.7824 0.019607844 -786
38 423.1168 417.7824 0.019607844 -803
39 420.64877 419.26245 0.019607844 -819
40 418.64322 421.74948 0.019607844 -836
41 416.6568 425.21463 0.019607844 -852
42 413.12485 431.2631 0.019607844 -869
43 410.16928 439.15677 0.019607844 -885
44 407.1686 447.64517 0.019607844 -902
45 404.17456 458.59845 0.019607844 -918
46 402.6593 471.56168 0.019607844 -935
47 399.18155 487.99002 0.019607844 -951
48 399.14313 504.534 0.019607844 -968
49 396.66403 526.4128 0.019607844 -984
50 394.6703 547.8394 0.019607844 -1001
51 395.63367 570.3426 0.019607844 -1017
52 395.63367 593.8828 0.019607844 -1034
53 395.63367 621.23834 0.019607844 -1050
54 396.63275 677.261 0.019607844 -1067
55 398.31232 741.00476 0.019607844 -1100
56 398.6309 791.01807 0.019607844 -1136
57 398.6309 842.69995 0.019607844 -1166
58 398.6309 866.03143 0.019607844 -1199
59 397.95367 891.4485 0.019607844 -1216
60 397.63184 912.8138 0.019607844 -1235
61 397.63184 929.6748 0.019607844 -1252
62 397.63184 946.2134 0.019607844 -1265
63 397.63184 962.6953 0.019607844 -1282
64 397.63184 976.65216 0.019607844 -1298
65 397.63184 987.2937 0.019607844 -1318
66 397.63184 996.5488 0.019607844 -1334
67 397.63184 1003.78986 0.019607844 -1351
68 397.63184 1008.4185 0.019607844 -1364
69 397.63184 1014.1812 0.019607844 -1381
70 397.63184 1017.39325 0.019607844 -1400
71 397.63184 1023.91 0.019607844 -1414
72 397.63184 1026.924 0.019607844 -1447
73 397.63184 1028.4175 0.019607844 -1463
74 397.63184 1030.4395 0.019607844 -1480
75 397.63184 1030.4633 0.019607844 -1496
76 397.63184 1030.4633 0.019607844 -1505
0 962.1092 914.5237 0.01764706 -67
1 962.1092 914.5237 0.01764706 -133
2 958.10754 912.8561 0.01764706 -175
3 955.66504 912.0416 0.01764706 -194
4 944.24713 913.0043 0.01764706 -207
5 929.75134 916.49054 0.01764706 -241
6 922.8368 916.9951 0.01764706 -274
7 910.3093 917.82996 0.01764706 -291
8 900.3664 919.48773 0.01764706 -310
9 875.35077 922.0063 0.01764706 -323
10 823.5245 924.0028 0.01764706 -356
11 811.6637 924.9885 0.01764706 -406
12 792.892 921.5348 0.015686275 -423
13 770.38336 925.4611 0.01764706 -439
14 756.37634 926.0129 0.01764706 -456
15 739.0737 922.54987 0.01764706 -472
16 713.4782 924.9904 0.01764706 -489
17 698.9541 924.51843 0.01764706 -506
18 686.5908 924.51843 0.01764706 -522
19 669.72845 920.0861 0.01764706 -538
20 650.6203 921.52 0.01764706 -555
21 638.6523 921.52 0.01764706 -571
22 629.0592 920.0337 0.01764706 -588
23 603.7672 915.52313 0.01764706 -604
24 584.50006 915.52313 0.01764706 -640
25 577.6445 915.52313 0.01764706 -670
26 572.5525 915.52313 0.01764706 -687
27 568.06354 915.52313 0.01764706 -704
28 564.54846 915.52313 0.01764706 -720
29 562.041 915.52313 0.01764706 -737
30 560.5029 915.52313 0.01764706 -754
31 558.5168 915.52313 0.01764706 -770
32 556.5175 915.52313 0.01764706 -786
33 555.9971 915.52313 0.01764706 -803
34 555.0025 915.52313 0.01764706 -819
35 554.01355 915.52313 0.01764706 -836
36 551.504 917.0151 0.01764706 -853
37 549.52997 920.9621 0.01764706 -869
38 547.5347 926.91284 0.01764706 -886
39 544.01227 936.46967 0.01764706 -902
40 541.0479 947.3436 0.019607844 -919
41 539.5372 964.7216 0.01764706 -935
42 537.2088 985.77765 0.01764706 -952
43 533.54016 1019.16113 0.01764706 -971
44 531.5517 1044.4515 0.01764706 -1001
45 528.0433 1066.2086 0.01764706 -1018
46 528.022 1097.1229 0.01764706 -1034
47 525.5445 1123.4955 0.01764706 -1051
48 521.03314 1178.2511 0.01764706 -1067
49 519.5719 1237.6146 0.01764706 -1100
50 516.0506 1297.5684 0.01764706 -1134
51 513.0911 1331.6008 0.01764706 -1166
52 513.03766 1353.4775 0.01764706 -1183
53 509.08707 1384.2137 0.01764706 -1199
54 507.54156 1401.6494 0.01764706 -1216
55 505.57 1423.8391 0.01764706 -1232
56 502.5716 1452.4663 0.01764706 -1249
57 500.0563 1473.5197 0.01764706 -1282
58 498.0537 1490.5896 0.01764706 -1315
59 497.5393 1503.6376 0.01764706 -1348
60 497.5393 1511.1316 0.019607844 -1381
61 497.5393 1517.6626 0.01764706 -1414
62 497.5393 1519.1705 0.01764706 -1447
63 497.5393 1521.6932 0.01764706 -1464
64 497.5393 1521.6932 0.01764706 -1497
0 920.148 905.5283 0.01764706 -9
1 920.148 905.5283 0.01764706 -9
2 920.148 905.5283 0.01764706 -44
3 917.8186 905.5283 0.01764706 -127
4 913.49536 905.5283 0.01764706 -160
5 909.50684 905.5283 0.01764706 -176
6 905.51245 905.5283 0.01764706 -193
7 899.1338 903.18506 0.01764706 -209
8 889.53845 904.85626 0.01764706 -226
9 878.4182 904.5289 0.01764706 -242
10 867.41296 904.5289 0.01764706 -259
11 857.49207 904.5289 0.01764706 -275
12 842.88464 903.19604 0.015686275 -292
13 824.4226 904.5289 0.01764706 -309
14 808.4202 904.5289 0.01764706 -325
15 792.1928 902.18854 0.01764706 -342
16 772.2572 902.5299 0.01764706 -358
17 754.93945 901.53046 0.01764706 -375
18 740.2757 899.2404 0.01764706 -391
19 720.91406 896.2913 0.01764706 -408
20 690.32733 895.3614 0.01764706 -424
21 664.42206 891.54095 0.01764706 -457
22 649.3747 891.53564 0.01764706 -490
23 628.0428 889.6927 0.01764706 -507
24 620.90247 889.5367 0.01764706 -540
25 608.3483 886.842 0.01764706 -557
26 600.2838 882.9599 0.01764706 -590
27 596.9285 881.02234 0.015686275 -623
28 594.99615 880.5414 0.01764706 -639
29 591.63983 880.5414 0.01764706 -656
30 587.78156 880.5414 0.01764706 -672
31 585.186 880.5414 0.01764706 -689
32 583.25903 880.5414 0.01764706 -705
33 581.34467 880.5414 0.01764706 -722
34 579.4335 880.5414 0.01764706 -739
35 575.6555 885.16187 0.01764706 -755
36 571.8763 892.7235 0.01764706 -788
37 569.7385 902.1997 0.01764706 -805
38 567.84204 911.6859 0.01764706 -821
39 565.34045 925.19867 0.01764706 -838
40 561.9782 943.0217 0.01764706 -854
41 558.21106 983.75323 0.01764706 -871
42 556.48474 1047.2393 0.01764706 -904
43 554.3714 1078.1678 0.01764706 -937
44 553.479 1108.5581 0.01764706 -954
45 553.4875 1138.9849 0.01764706 -970
46 553.4875 1170.2435 0.01764706 -987
47 552.48846 1263.7156 0.01764706 -1003
48 550.4903 1322.8468 0.01764706 -1053
49 549.4912 1382.8169 0.01764706 -1084
50 549.4912 1411.0331 0.01764706 -1117
51 548.4921 1435.4336 0.01764706 -1134
52 548.4921 1458.0493 0.01764706 -1150
53 547.04816 1496.7828 0.01764706 -1167
54 546.494 1510.734 0.01764706 -1200
55 546.494 1521.35 0.01764706 -1216
56 546.494 1529.9004 0.01764706 -1233
57 545.0808 1536.4434 0.01764706 -1249
58 545.49493 1540.0208 0.01764706 -1266
59 545.49493 1542.5973 0.01764706 -1283
60 545.49493 1544.5759 0.01764706 -1299
61 545.49493 1548.4058 0.01764706 -1316
62 545.49493 1548.1936 0.01764706 -1349
63 545.49493 1548.1936 0.01764706 -1358
64 545.49493 1549.512 0.01764706 -1379
65 545.49493 1549.1931 0.01764706 -1398
66 545.49493 1550.1926 0.015686275 -1448
67 545.49493 1550.1926 0.015686275 -1453
0 775.28217 1018.46954 0.01764706 0
1 775.28217 1018.46954 0.01764706 -7
2 775.28217 1018.46954 0.01764706 -26
3 775.28217 1018.46954 0.01764706 -59
4 775.28217 1018.46954 0.01764706 -108
5 774.2453 1017.43225 0.01764706 -174
6 769.2206 1016.4706 0.01764706 -191
7 764.2797 1016.4674 0.01764706 -207
8 747.55225 1012.53375 0.01764706 -224
9 741.6231 1010.5769 0.01764706 -257
10 721.1673 1007.4752 0.01764706 -274
11 703.6612 1006.6398 0.01764706 -307
12 691.1389 1004.7308 0.01764706 -323
13 676.62067 1002.7586 0.01764706 -340
14 660.1835 1002.1675 0.01764706 -356
15 642.4294 1000.85675 0.01764706 -373
16 607.00073 996.48096 0.01764706 -389
17 572.70483 993.08777 0.01764706 -422
18 554.0616 991.10315 0.01764706 -455
19 535.33887 990.4841 0.01764706 -472
20 518.5301 988.2366 0.01764706 -488
21 507.1396 986.2545 0.01764706 -505
22 489.27612 984.3461 0.01764706 -521
23 450.993 980.5919 0.01764706 -538
24 434.73715 976.7762 0.01764706 -588
25 419.46432 975.4919 0.01764706 -621
26 413.2564 975.4919 0.01764706 -654
27 408.8735 975.4919 0.01764706 -670
28 405.03757 975.4919 0.01764706 -687
29 401.06943 975.4919 0.01764706 -703
30 399.5111 975.4919 0.01764706 -720
31 394.7481 975.4919 0.01764706 -736
32 392.78745 975.4919 0.01764706 -769
33 390.86414 975.4919 0.01764706 -786
34 388.9945 976.1369 0.01764706 -802
35 385.15927 978.97424 0.01764706 -819
36 380.44373 982.6922 0.01764706 -852
37 376.12296 989.27795 0.01764706 -885
38 372.1512 998.48834 0.01764706 -902
39 365.78464 1024.4797 0.01764706 -918
40 363.7326 1039.9032 0.01764706 -951
41 361.8146 1055.2534 0.01764706 -968
42 359.89355 1070.6282 0.01764706 -984
43 356.29507 1085.9346 0.01764706 -1001
44 352.42484 1103.6693 0.01764706 -1017
45 348.53464 1122.1288 0.01764706 -1034
46 340.82343 1161.7001 0.01764706 -1050
47 337.78513 1184.3448 0.01764706 -1083
48 334.0457 1206.2418 0.01764706 -1100
49 331.39203 1232.5736 0.01764706 -1116
50 328.48145 1252.4917 0.01764706 -1133
51 325.14987 1280.1766 0.01764706 -1149
52 322.3783 1312.0638 0.01764706 -1166
53 319.5784 1337.937 0.01764706 -1182
54 319.70398 1358.4164 0.01764706 -1199
55 317.51706 1381.5087 0.01764706 -1216
56 316.70676 1405.3175 0.01764706 -1232
57 314.70862 1450.043 0.01764706 -1249
58 314.70862 1469.1045 0.01764706 -1282
59 313.6212 1484.9341 0.01764706 -1298
60 310.6122 1494.7223 0.01764706 -1315
61 308.77197 1513.9799 0.01764706 -1331
62 307.7151 1521.6649 0.01764706 -1364
63 305.62753 1529.5612 0.01764706 -1381
64 304.6526 1536.461 0.01764706 -1397
65 304.71786 1543.387 0.01764706 -1414
66 304.71786 1550.3566 0.01764706 -1430
67 304.71786 1557.2346 0.01764706 -1447
68 304.71786 1561.2153 0.01764706 -1463
69 304.71786 1565.2065 0.01764706 -1480
70 304.71786 1567.1996 0.01764706 -1496
71 304.71786 1570.222 0.01764706 -1513
72 304.71786 1572.1932 0.01764706 -1530
73 304.71786 1574.1526 0.01764706 -1546
74 304.71786 1575.182 0.01764706 -1563
75 304.71786 1576.1627 0.01764706 -1579
76 304.71786 1577.6782 0.01764706 -1596
77 304.71786 1577.1785 0.01764706 -1609
78 304.71786 1577.1785 0.01764706 -1662
79 304.71786 1579.098 0.01764706 -1667
80 304.71786 1581.2306 0.01764706 -1728
81 303.58533 1583.309 0.01764706 -1744
82 302.7197 1584.1749 0.01764706 -1761
83 302.7197 1584.1749 0.01764706 -1794
84 302.7197 1584.1749 0.01764706 -1805
85 302.7197 1584.1749 0.015686275 -1827
86 302.7197 1584.1749 0.015686275 -1844
0 883.18225 654.659 0.01764706 -18
1 883.18225 654.659 0.015686275 -35
2 881.98566 654.659 0.015686275 -102
3 874.9696 654.659 0.01764706 -135
4 868.72644 656.8143 0.01764706 -168
5 862.76715 657.6575 0.01764706 -184
6 852.6548 657.6575 0.01764706 -201
7 842.8315 657.6575 0.015686275 -218
8 833.0088 657.6575 0.015686275 -234
9 821.96387 658.70276 0.01764706 -251
10 809.1795 660.6661 0.01764706 -267
11 794.46344 661.6554 0.01764706 -284
12 766.386 661.6554 0.01764706 -300
13 751.44 662.51294 0.01764706 -333
14 733.9814 662.8393 0.01764706 -350
15 716.9782 662.65485 0.015686275 -366
16 683.64667 661.98315 0.01764706 -383
17 650.8463 659.65643 0.01764706 -416
18 633.0365 657.1713 0.01764706 -449
19 617.71686 655.6585 0.01764706 -465
20 605.56885 655.6585 0.015686275 -482
21 585.5669 655.6585 0.01764706 -498
22 573.7301 654.5667 0.01764706 -532
23 552.9554 650.77783 0.01764706 -548
24 538.2298 650.6611 0.015686275 -581
25 532.36664 650.6611 0.015686275 -614
26 527.26135 650.6611 0.015686275 -631
27 523.40216 650.6611 0.015686275 -647
28 520.0586 650.6611 0.015686275 -664
29 518.14136 650.6611 0.015686275 -680
30 516.2541 650.6611 0.015686275 -697
31 514.31744 650.6611 0.015686275 -713
32 512.38806 650.6611 0.015686275 -730
33 510.45886 650.6611 0.015686275 -746
34 508.5689 650.6611 0.015686275 -763
35 506.65863 651.5329 0.015686275 -779
36 505.53192 653.4477 0.015686275 -796
37 505.53192 661.4149 0.01764706 -812
38 504.18024 678.4113 0.015686275 -846
39 504.53284 691.5545 0.015686275 -879
40 503.3699 723.26324 0.015686275 -896
41 503.53375 749.37823 0.015686275 -929
42 503.53375 775.3992 0.015686275 -945
43 503.53375 802.2229 0.015686275 -962
44 503.53375 827.03973 0.015686275 -978
45 503.53375 886.92896 0.015686275 -995
46 503.53375 951.135 0.015686275 -1028
47 503.53375 987.7911 0.015686275 -1061
48 503.08768 1023.504 0.015686275 -1077
49 502.5347 1057.377 0.015686275 -1094
50 501.16736 1088.6992 0.015686275 -1110
51 501.5356 1123.6643 0.015686275 -1127
52 499.20688 1152.0256 0.015686275 -1143
53 499.53748 1199.9978 0.015686275 -1160
54 497.5393 1246.2428 0.015686275 -1193
55 497.5393 1262.3271 0.015686275 -1226
56 495.23532 1278.3953 0.015686275 -1242
57 495.54117 1292.0071 0.015686275 -1259
58 495.54117 1300.2341 0.015686275 -1275
59 495.54117 1306.9182 0.015686275 -1292
60 495.54117 1310.7191 0.015686275 -1308
61 494.54208 1316.524 0.015686275 -1325
62 494.54208 1318.4672 0.015686275 -1358
63 494.54208 1318.3134 0.015686275 -1391
64 494.54208 1318.3134 0.015686275 -1408
65 494.54208 1318.3134 0.015686275 -1419
66 493.54303 1318.3134 0.015686275 -1457
67 492.54395 1318.3134 0.015686275 -1464
0 748.3071 1026.4653 0.015686275 -17
1 748.3071 1026.4653 0.015686275 -17
2 748.3071 1026.4653 0.015686275 -36
3 748.3071 1026.4653 0.015686275 -52
4 748.14233 1026.4653 0.01764706 -69
5 744.23486 1026.4653 0.01764706 -85
6 736.61066 1023.61316 0.01764706 -118
7 732.34393 1022.46747 0.01764706 -151
8 727.5041 1020.5277 0.01764706 -168
9 721.5227 1020.4685 0.01764706 -184
10 713.781 1020.4685 0.015686275 -201
11 702.16315 1020.4685 0.01764706 -217
12 692.2181 1020.4685 0.01764706 -234
13 683.45154 1020.4685 0.01764706 -251
14 655.8631 1018.46954 0.015686275 -267
15 640.45953 1017.7631 0.01764706 -300
16 626.1397 1015.81085 0.01764706 -317
17 609.27026 1013.82623 0.01764706 -333
18 589.80896 1011.84576 0.015686275 -350
19 573.635 1009.86975 0.01764706 -366
20 556.30756 1009.4742 0.01764706 -383
21 537.4196 1010.4737 0.01764706 -399
22 519.2943 1009.4742 0.01764706 -416
23 485.94128 1007.02435 0.01764706 -432
24 454.80258 1005.1804 0.01764706 -466
25 422.37387 1002.47784 0.01764706 -499
26 393.71494 998.3266 0.01764706 -532
27 378.6998 995.4941 0.01764706 -565
28 366.0435 995.4815 0.01764706 -598
29 356.16672 994.482 0.01764706 -631
30 352.261 994.482 0.01764706 -664
31 349.0567 994.482 0.01764706 -681
32 345.29333 994.482 0.01764706 -697
33 343.29932 994.482 0.01764706 -730
34 341.38666 994.482 0.01764706 -747
35 339.49152 994.482 0.01764706 -763
36 337.57813 994.482 0.01764706 -780
37 337.68732 994.482 0.01764706 -796
38 337.68732 996.4053 0.01764706 -813
39 337.68732 1001.0065 0.01764706 -829
40 335.9429 1008.4589 0.01764706 -846
41 334.0404 1016.722 0.01764706 -862
42 328.8281 1044.9255 0.01764706 -879
43 326.2944 1060.6754 0.01764706 -912
44 322.82864 1082.6709 0.01764706 -929
45 320.15454 1105.2675 0.01764706 -945
46 316.33453 1134.2034 0.01764706 -962
47 312.47623 1162.27 0.01764706 -978
48 308.5916 1188.2396 0.01764706 -995
49 306.716 1221.8566 0.01764706 -1011
50 305.71692 1251.9126 0.01764706 -1028
51 303.80182 1283.9186 0.01764706 -1044
52 303.71878 1317.2616 0.01764706 -1061
53 302.7197 1351.3739 0.01764706 -1077
54 302.7197 1384.2212 0.01764706 -1094
55 301.72064 1444.412 0.01764706 -1111
56 300.72156 1492.7098 0.01764706 -1144
57 300.25336 1525.0175 0.01764706 -1176
58 299.72247 1536.7067 0.01764706 -1209
59 299.72247 1545.0695 0.01764706 -1225
60 299.72247 1551.0343 0.01764706 -1242
61 299.31873 1554.9983 0.01764706 -1258
62 298.72342 1557.5592 0.01764706 -1275
63 298.72342 1559.5302 0.01764706 -1291
64 298.72342 1561.4877 0.01764706 -1308
65 298.72342 1563.4725 0.01764706 -1324
66 298.72342 1563.1858 0.01764706 -1341
67 298.72342 1563.1858 0.01764706 -1357
68 298.72342 1563.1858 0.01764706 -1377
69 298.72342 1563.1858 0.015686275 -1423
0 956.1147 942.5091 0.01764706 -26
1 956.1147 942.5091 0.01764706 -35
2 944.2183 938.5343 0.01764706 -134
3 927.64856 935.6142 0.01764706 -167
4 904.2358 933.5138 0.01764706 -200
5 886.1714 933.5138 0.01764706 -233
6 870.3009 932.6525 0.01764706 -250
7 850.8634 931.51483 0.01764706 -266
8 808.3421 929.7058 0.01764706 -283
9 780.93976 929.51587 0.01764706 -316
10 757.7057 927.73566 0.01764706 -333
11 731.0373 925.04877 0.01764706 -349
12 706.19104 923.83923 0.01764706 -366
13 685.58057 920.6701 0.01764706 -382
14 661.73914 918.5216 0.01764706 -399
15 641.10657 917.0446 0.01764706 -415
16 625.22534 915.12384 0.01764706 -432
17 607.44257 912.19214 0.01764706 -448
18 591.2617 911.5252 0.01764706 -465
19 579.4262 910.52576 0.01764706 -481
20 568.76764 908.38574 0.01764706 -498
21 561.45105 906.52057 0.01764706 -514
22 555.7363 904.6124 0.01764706 -531
23 551.7774 904.5289 0.01764706 -547
24 547.96387 904.5289 0.019607844 -564
25 544.001 904.5289 0.019607844 -580
26 542.04706 904.5289 0.019607844 -613
27 540.13275 904.5289 0.019607844 -630
28 538.2173 904.5289 0.019607844 -646
29 536.3256 904.5289 0.019607844 -663
30 533.50604 905.52856 0.01764706 -679
31 533.50604 913.54205 0.01764706 -712
32 533.50604 935.4848 0.01764706 -745
33 533.50604 950.8082 0.01764706 -780
34 533.50604 967.70544 0.01764706 -796
35 533.50604 986.45 0.01764706 -813
36 533.50604 1006.0751 0.01764706 -829
37 534.50507 1052.008 0.01764706 -846
38 534.50507 1080.8682 0.01764706 -879
39 535.70496 1116.8401 0.01764706 -895
40 535.50415 1149.6436 0.01764706 -912
41 535.50415 1181.1956 0.01764706 -928
42 535.50415 1209.216 0.01764706 -945
43 535.50415 1239.8481 0.01764706 -961
44 534.5258 1268.049 0.01764706 -978
45 533.50604 1296.3816 0.01764706 -995
46 531.5808 1322.435 0.01764706 -1011
47 529.6048 1345.1575 0.01764706 -1028
48 527.62274 1366.1757 0.01764706 -1044
49 527.5116 1386.1641 0.01764706 -1061
50 525.6542 1405.9999 0.01764706 -1077
51 523.6775 1421.9602 0.01764706 -1094
52 521.7073 1439.5369 0.01764706 -1110
53 520.51807 1454.0345 0.01764706 -1127
54 518.73706 1465.1501 0.01764706 -1143
55 517.5208 1474.2607 0.01764706 -1160
56 516.7783 1481.458 0.01764706 -1176
57 516.5217 1492.8945 0.01764706 -1193
58 516.5217 1494.8928 0.01764706 -1242
59 516.5217 1496.8677 0.01764706 -1259
60 516.5217 1498.841 0.01764706 -1276
61 516.5217 1501.218 0.01764706 -1292
62 516.5217 1502.2175 0.01764706 -1325
63 516.5217 1502.2175 0.01764706 -1342
64 516.5217 1502.2175 0.01764706 -1358
65 516.5217 1502.6814 0.01764706 -1375
66 516.5217 1503.9432 0.01764706 -1391
67 516.5217 1504.2166 0.01764706 -1408
68 516.5217 1504.2166 0.01764706 -1424
69 516.5217 1504.2166 0.01764706 -1437
0 746.30896 1024.4664 0.015686275 -8
1 746.30896 1024.4664 0.015686275 -17
2 746.30896 1024.4664 0.015686275 -93
3 744.1024 1024.4664 0.01764706 -110
4 740.18536 1024.4664 0.01764706 -126
5 732.4988 1024.4664 0.01764706 -143
6 727.55005 1024.4664 0.01764706 -176
7 713.1061 1024.4664 0.01764706 -192
8 702.2472 1024.4664 0.01764706 -225
9 681.1683 1024.4664 0.01764706 -242
10 667.78644 1024.4664 0.01764706 -275
11 651.2411 1025.15 0.01764706 -291
12 635.8118 1024.8092 0.01764706 -308
13 621.42456 1024.4664 0.01764706 -325
14 582.7656 1024.0048 0.01764706 -340
15 566.8444 1022.01385 0.01764706 -374
16 527.63446 1020.2071 0.01764706 -391
17 491.82016 1016.2982 0.01764706 -424
18 471.65887 1015.3807 0.01764706 -457
19 456.58047 1012.47314 0.01764706 -473
20 445.0624 1010.55273 0.01764706 -490
21 433.53564 1008.6308 0.01764706 -506
22 410.4579 1007.4752 0.01764706 -523
23 400.26013 1005.8838 0.01764706 -556
24 392.61456 1003.9716 0.01764706 -572
25 386.4993 1002.0971 0.01764706 -589
26 381.90256 1000.1072 0.01764706 -606
27 378.1969 999.47943 0.01764706 -622
28 374.43048 998.3685 0.01764706 -639
29 369.72665 997.48047 0.01764706 -655
30 365.99878 997.48047 0.01764706 -688
31 364.0622 997.48047 0.01764706 -721
32 360.27417 997.48047 0.01764706 -738
33 358.32565 997.48047 0.01764706 -771
34 356.4752 997.48047 0.01764706 -787
35 354.5984 997.48047 0.01764706 -804
36 352.69333 997.48047 0.01764706 -820
37 350.79498 998.36017 0.01764706 -837
38 348.8957 1002.8214 0.01764706 -853
39 346.34067 1009.1517 0.01764706 -870
40 340.2988 1029.7803 0.01764706 -887
41 334.95267 1049.7705 0.01764706 -920
42 331.06918 1065.9418 0.01764706 -936
43 325.12646 1095.4827 0.01764706 -953
44 318.39145 1121.8798 0.01764706 -969
45 313.71 1141.403 0.01764706 -986
46 308.86847 1166.3112 0.01764706 -1002
47 305.0209 1196.6469 0.01764706 -1019
48 302.9246 1224.4911 0.01764706 -1035
49 300.9893 1251.5963 0.01764706 -1052
50 299.04245 1281.5426 0.01764706 -1068
51 298.094 1310.1377 0.01764706 -1085
52 296.1409 1337.4918 0.01764706 -1101
53 294.15692 1365.8495 0.01764706 -1118
54 292.19797 1393.7147 0.01764706 -1134
55 291.7299 1419.5149 0.01764706 -1151
56 288.22632 1465.3049 0.01764706 -1168
57 287.73358 1483.628 0.01764706 -1201
58 286.26602 1500.9695 0.01764706 -1217
59 284.27377 1515.4517 0.01764706 -1234
60 282.28375 1528.933 0.01764706 -1250
61 281.24863 1540.6523 0.01764706 -1267
62 280.74005 1549.0867 0.01764706 -1283
63 280.74005 1560.0739 0.01764706 -1300
64 280.74005 1565.6082 0.01764706 -1333
65 280.74005 1568.1832 0.01764706 -1366
66 280.74005 1568.1832 0.01764706 -1399
67 280.74005 1568.1832 0.01764706 -1415
68 280.74005 1568.1832 0.01764706 -1424
69 279.74097 1568.1832 0.015686275 -1449
70 278.7419 1569.1827 0.015686275 -1461
0 895.17114 633.6699 0.01764706 -17
1 894.7712 633.6699 0.01764706 -17
2 892.3258 634.0937 0.01764706 -145
3 888.3523 636.0813 0.015686275 -161
4 883.9449 638.0799 0.015686275 -178
5 877.5572 641.481 0.01764706 -194
6 868.832 645.45166 0.01764706 -211
7 845.3797 653.2722 0.01764706 -228
8 831.9735 656.03436 0.01764706 -261
9 817.87506 658.995 0.01764706 -277
10 802.97723 662.2249 0.01764706 -294
11 784.8908 664.9184 0.015686275 -311
12 768.5549 665.65326 0.01764706 -327
13 751.6889 665.65326 0.01764706 -344
14 732.8017 667.80414 0.01764706 -360
15 715.2844 667.5206 0.01764706 -377
16 698.7515 666.6528 0.01764706 -393
17 680.23553 666.6528 0.01764706 -410
18 661.85724 664.706 0.01764706 -427
19 646.31506 663.65436 0.01764706 -443
20 628.5336 662.03986 0.01764706 -460
21 610.52704 659.8888 0.01764706 -476
22 595.642 657.97064 0.015686275 -493
23 581.63 657.6575 0.01764706 -510
24 563.24146 655.0351 0.01764706 -526
25 547.61664 653.1061 0.015686275 -543
26 536.07904 652.66003 0.015686275 -559
27 526.8472 652.66003 0.015686275 -576
28 515.18463 649.99335 0.01764706 -592
29 505.392 647.43475 0.01764706 -609
30 490.13382 643.52734 0.01764706 -626
31 486.42603 642.6653 0.01764706 -659
32 482.5837 640.6816 0.01764706 -675
33 479.2478 640.6663 0.01764706 -692
34 475.3189 640.6663 0.01764706 -721
35 471.54218 640.6663 0.01764706 -754
36 469.59457 640.6663 0.01764706 -787
37 465.7904 640.6663 0.01764706 -804
38 461.97177 643.8656 0.01764706 -837
39 458.11047 653.05597 0.01764706 -870
40 453.28116 672.74347 0.015686275 -903
41 451.3413 687.3276 0.015686275 -936
42 448.18185 701.04596 0.015686275 -952
43 443.3207 724.1013 0.01764706 -969
44 440.4858 747.1956 0.01764706 -985
45 435.61102 768.54224 0.01764706 -1002
46 432.65863 795.6969 0.01764706 -1018
47 427.95496 820.93335 0.01764706 -1035
48 423.9688 850.84674 0.01764706 -1051
49 422.09726 880.8805 0.01764706 -1068
50 421.32135 915.04126 0.01764706 -1085
51 419.9619 945.24634 0.01764706 -1101
52 419.21204 979.8934 0.01764706 -1118
53 419.61148 1013.82654 0.01764706 -1134
54 419.61148 1106.3016 0.01764706 -1151
55 420.61053 1154.2903 0.01764706 -1200
56 421.60962 1193.4406 0.01764706 -1233
57 421.60962 1206.8497 0.01764706 -1266
58 421.60962 1218.1726 0.01764706 -1283
59 420.61053 1227.754 0.01764706 -1299
60 420.61053 1236.3911 0.01764706 -1316
61 420.61053 1240.9768 0.01764706 -1332
62 420.61053 1244.7662 0.01764706 -1349
63 420.61053 1247.6815 0.01764706 -1365
64 420.61053 1249.4829 0.01764706 -1382
65 420.61053 1251.4523 0.01764706 -1398
66 420.61053 1252.3477 0.01764706 -1415
67 420.61053 1253.3472 0.01764706 -1431
68 420.61053 1253.3472 0.01764706 -1448
69 420.61053 1254.2543 0.01764706 -1465
70 419.63824 1254.3467 0.01764706 -1514
71 417.70886 1254.3467 0.01764706 -1547
72 416.61426 1254.3467 0.01764706 -1564
73 415.61517 1253.3472 0.015686275 -1573
0 927.14154 908.5268 0.015686275 -15
1 927.14154 908.5268 0.015686275 -24
2 927.14154 908.5268 0.015686275 -56
3 927.14154 908.5268 0.01764706 -117
4 927.14154 908.5268 0.01764706 -117
5 927.14154 908.5268 0.01764706 -141
6 923.6968 908.5268 0.01764706 -157
7 919.7525 908.5268 0.01764706 -174
8 908.4961 909.69183 0.01764706 -191
9 888.34607 913.66266 0.01764706 -224
10 865.86505 915.5897 0.01764706 -257
11 834.9929 915.54913 0.01764706 -290
12 817.8719 916.52264 0.01764706 -323
13 801.9998 916.52264 0.01764706 -339
14 782.22705 916.52264 0.01764706 -356
15 763.4652 916.52264 0.01764706 -372
16 745.11694 914.6043 0.01764706 -389
17 725.301 912.62195 0.01764706 -405
18 706.67737 910.67365 0.01764706 -422
19 690.1418 907.74976 0.01764706 -438
20 671.18787 904.80963 0.01764706 -455
21 636.6937 899.46954 0.01764706 -471
22 608.3301 894.0905 0.01764706 -504
23 595.0652 892.1947 0.01764706 -537
24 585.0216 890.24896 0.01764706 -554
25 576.823 888.3765 0.01764706 -571
26 570.0183 888.5372 0.01764706 -587
27 564.25366 887.5377 0.01764706 -604
28 555.8205 887.5377 0.01764706 -620
29 553.6941 887.5377 0.01764706 -653
30 551.79364 887.5377 0.01764706 -670
31 549.88403 886.53827 0.01764706 -686
32 546.1057 886.53827 0.01764706 -703
33 544.18304 886.53827 0.01764706 -736
34 540.4166 886.53827 0.01764706 -752
35 536.6424 894.11646 0.01764706 -785
36 534.6876 899.98303 0.01764706 -818
37 532.8157 906.9827 0.01764706 -835
38 530.91815 918.65326 0.01764706 -851
39 529.0068 933.54114 0.01764706 -868
40 526.10425 952.99896 0.01764706 -884
41 522.3629 995.32214 0.01764706 -901
42 519.3274 1019.77014 0.01764706 -934
43 516.31116 1053.5587 0.01764706 -951
44 514.5018 1085.8068 0.01764706 -967
45 512.5438 1116.1615 0.01764706 -984
46 510.61426 1145.0978 0.01764706 -1000
47 508.65564 1174.4894 0.01764706 -1017
48 507.53006 1204.6555 0.01764706 -1033
49 505.73135 1236.9623 0.01764706 -1050
50 502.8538 1303.8912 0.01764706 -1066
51 500.84238 1337.4055 0.01764706 -1099
52 498.89374 1367.3082 0.01764706 -1116
53 497.8948 1393.6484 0.01764706 -1132
54 495.9401 1415.27 0.01764706 -1149
55 493.97266 1432.8134 0.01764706 -1165
56 492.54395 1456.6738 0.01764706 -1182
57 492.54395 1466.877 0.01764706 -1215
58 491.54486 1481.6603 0.01764706 -1231
59 491.54486 1486.1674 0.01764706 -1264
60 491.54486 1490.1001 0.01764706 -1281
61 491.54486 1492.6155 0.01764706 -1297
62 491.54486 1496.562 0.01764706 -1314
63 491.54486 1499.4309 0.01764706 -1347
64 491.54486 1499.2191 0.01764706 -1380
65 491.54486 1499.2191 0.01764706 -1397
66 491.54486 1499.2191 0.01764706 -1407
67 491.54486 1499.2191 0.01764706 -1430
68 490.5458 1500.2186 0.015686275 -1446
69 490.5458 1500.2186 0.015686275 -1452
0 885.1804 623.6752 0.01764706 -24
1 885.1804 623.6752 0.01764706 -33
2 883.0002 623.6752 0.01764706 -136
3 878.95624 624.6746 0.01764706 -171
4 874.3642 626.28253 0.01764706 -188
5 860.8893 629.67206 0.01764706 -204
6 851.81256 631.2377 0.01764706 -238
7 832.34424 633.6699 0.01764706 -254
8 803.6624 634.66943 0.01764706 -282
9 786.3024 634.66943 0.01764706 -315
10 768.7736 634.66943 0.01764706 -332
11 750.1382 633.8531 0.01764706 -349
12 730.56824 630.1207 0.01764706 -365
13 711.10187 626.2259 0.01764706 -382
14 689.782 623.98596 0.01764706 -398
15 670.13464 622.0515 0.01764706 -415
16 650.82227 620.1195 0.01764706 -431
17 631.6002 618.1965 0.01764706 -448
18 612.15955 617.6783 0.01764706 -464
19 595.35516 615.33575 0.01764706 -481
20 581.78815 614.4409 0.01764706 -497
21 568.1324 612.4894 0.01764706 -514
22 550.17914 611.5175 0.01764706 -530
23 538.03406 609.6045 0.01764706 -547
24 528.4901 607.6794 0.01764706 -563
25 517.0555 606.684 0.01764706 -580
26 513.08105 605.9624 0.01764706 -613
27 510.9033 605.6845 0.01764706 -629
28 509.04333 605.6845 0.01764706 -646
29 507.10468 605.6845 0.01764706 -663
30 505.2385 605.6845 0.01764706 -679
31 503.33832 605.6845 0.01764706 -696
32 502.5347 607.6185 0.01764706 -712
33 502.5347 611.4528 0.01764706 -745
34 502.5347 615.20935 0.01764706 -762
35 502.5347 619.6322 0.01764706 -778
36 503.53375 626.8346 0.015686275 -795
37 503.53375 634.0391 0.015686275 -811
38 503.53375 641.034 0.015686275 -828
39 503.53375 648.61914 0.015686275 -844
40 502.5347 677.6287 0.01764706 -861
41 502.5347 711.9666 0.015686275 -894
42 502.5347 734.6781 0.015686275 -927
43 502.5347 756.0399 0.015686275 -943
44 502.5347 786.3764 0.015686275 -960
45 503.53375 812.7462 0.015686275 -977
46 503.53375 841.9568 0.015686275 -993
47 504.53284 870.3391 0.015686275 -1010
48 504.53284 902.0799 0.015686275 -1026
49 504.53284 934.2925 0.015686275 -1043
50 504.53284 966.0317 0.015686275 -1059
51 505.82748 998.50916 0.015686275 -1076
52 505.53192 1033.0178 0.015686275 -1092
53 505.53192 1072.99 0.015686275 -1109
54 505.53192 1103.8011 0.015686275 -1125
55 506.531 1127.6588 0.015686275 -1142
56 506.531 1145.2086 0.015686275 -1158
57 506.531 1159.7836 0.015686275 -1175
58 506.531 1170.2029 0.015686275 -1191
59 506.531 1180.2124 0.015686275 -1208
60 506.531 1198.921 0.015686275 -1224
61 506.531 1205.737 0.015686275 -1258
62 506.531 1211.672 0.015686275 -1274
63 506.531 1215.4854 0.015686275 -1291
64 506.531 1217.4144 0.015686275 -1307
65 506.531 1228.17 0.015686275 -1324
66 507.46982 1240.1732 0.015686275 -1357
67 508.52914 1246.2902 0.015686275 -1390
68 509.52823 1251.3013 0.01764706 -1406
69 509.52823 1255.2979 0.01764706 -1423
70 509.52823 1257.3142 0.015686275 -1439
71 510.52728 1260.2979 0.015686275 -1456
72 510.52728 1262.3029 0.01764706 -1472
73 510.52728 1264.2997 0.01764706 -1489
74 510.52728 1266.2882 0.015686275 -1505
75 510.52728 1266.3405 0.015686275 -1522
76 510.52728 1266.3405 0.015686275 -1538
77 509.56815 1266.3405 0.015686275 -1555
78 509.52823 1266.3405 0.015686275 -1572
79 509.52823 1266.3405 0.015686275 -1572
0 683.36725 1038.4591 0.015686275 -49
1 683.36725 1038.4591 0.01764706 -49
2 683.36725 1038.4591 0.01764706 -60
3 683.36725 1038.4591 0.01764706 -76
4 680.16724 1038.4591 0.01764706 -126
5 676.0761 1038.4591 0.01764706 -159
6 672.0744 1036.3591 0.01764706 -175
7 658.41473 1033.4617 0.01764706 -192
8 640.60944 1032.4623 0.01764706 -225
9 620.1327 1032.4623 0.01764706 -258
10 590.97455 1032.4623 0.01764706 -291
11 574.9515 1032.4623 0.01764706 -324
12 557.52606 1031.6896 0.01764706 -340
13 539.11597 1031.4628 0.01764706 -357
14 519.62836 1030.774 0.01764706 -374
15 500.00015 1029.8099 0.01764706 -390
16 463.97015 1029.4637 0.01764706 -407
17 428.30014 1028.4644 0.01764706 -440
18 412.95926 1027.0852 0.01764706 -473
19 398.49902 1026.4653 0.01764706 -489
20 371.8108 1024.4664 0.01764706 -506
21 349.34436 1023.4669 0.01764706 -539
22 329.06967 1021.46796 0.01764706 -572
23 325.13544 1021.46796 0.01764706 -621
24 322.01514 1021.46796 0.01764706 -638
25 320.1225 1021.46796 0.01764706 -654
26 318.2167 1021.46796 0.01764706 -671
27 316.31287 1021.46796 0.01764706 -688
28 312.47116 1021.46796 0.01764706 -704
29 311.71136 1024.4774 0.01764706 -737
30 311.71136 1028.3602 0.01764706 -770
31 311.71136 1039.5237 0.01764706 -787
32 311.71136 1050.7504 0.01764706 -820
33 311.06335 1060.6907 0.01764706 -836
34 310.7123 1071.8607 0.01764706 -853
35 309.71323 1084.8324 0.01764706 -869
36 308.29175 1100.2319 0.01764706 -886
37 306.37466 1117.4927 0.01764706 -902
38 304.35492 1134.6786 0.01764706 -919
39 302.47638 1158.806 0.01764706 -935
40 300.53976 1183.7489 0.01764706 -952
41 298.60812 1207.8712 0.01764706 -968
42 296.66324 1230.1042 0.01764706 -985
43 294.7139 1252.4932 0.01764706 -1002
44 292.7532 1277.9945 0.01764706 -1018
45 290.79532 1304.4164 0.01764706 -1035
46 287.73358 1360.2405 0.01764706 -1051
47 285.94412 1389.1431 0.01764706 -1084
48 283.9765 1416.9099 0.01764706 -1101
49 281.9924 1443.9524 0.01764706 -1117
50 279.02768 1468.8024 0.01764706 -1134
51 276.04865 1492.5717 0.01764706 -1150
52 271.15945 1535.5054 0.01764706 -1167
53 267.12167 1572.8596 0.01764706 -1200
54 265.75394 1590.1127 0.01764706 -1233
55 265.13104 1604.5286 0.01764706 -1249
56 263.7558 1616.881 0.01764706 -1266
57 262.7567 1626.1113 0.01764706 -1282
58 262.7567 1639.6576 0.01764706 -1299
59 261.75763 1646.5961 0.01764706 -1332
60 261.75763 1651.5645 0.01764706 -1365
61 261.75763 1653.1389 0.01764706 -1398
62 261.75763 1653.1389 0.01764706 -1431
63 261.75763 1653.1389 0.015686275 -1448
64 261.75763 1653.1389 0.015686275 -1464
65 260.75854 1654.1384 0.015686275 -1469
0 879.1859 649.6616 0.01764706 -16
1 879.1859 649.6616 0.01764706 -25
2 879.1859 649.6616 0.01764706 -118
3 879.1859 649.6616 0.015686275 -151
4 876.59564 649.6616 0.01764706 -167
5 872.60455 650.6611 0.01764706 -184
6 865.0821 652.9391 0.01764706 -200
7 852.6515 652.66003 0.01764706 -217
8 840.6681 652.66003 0.015686275 -233
9 827.45667 652.66003 0.01764706 -250
10 810.9789 651.40845 0.01764706 -266
11 793.23486 649.4361 0.01764706 -283
12 777.57007 649.6616 0.015686275 -299
13 756.3133 645.46515 0.01764706 -316
14 736.52747 644.66425 0.01764706 -332
15 717.0848 643.551 0.01764706 -349
16 696.3569 640.5665 0.01764706 -365
17 677.7387 640.6663 0.01764706 -382
18 658.05597 639.6364 0.01764706 -398
19 638.6734 637.69434 0.01764706 -415
20 620.16016 637.66785 0.01764706 -432
21 601.73773 634.81323 0.01764706 -448
22 586.2647 632.8963 0.01764706 -465
23 571.56226 632.6705 0.01764706 -481
24 558.4241 632.6705 0.01764706 -498
25 547.1421 631.42786 0.01764706 -514
26 535.0664 629.67206 0.01764706 -531
27 525.449 628.67255 0.01764706 -547
28 517.7867 628.67255 0.01764706 -564
29 512.51227 628.67255 0.01764706 -580
30 505.10678 628.67255 0.01764706 -597
31 503.4199 628.67255 0.01764706 -630
32 499.6245 628.67255 0.01764706 -646
33 497.68393 628.67255 0.01764706 -679
34 494.54208 629.9753 0.01764706 -696
35 494.54208 637.6275 0.01764706 -729
36 494.54208 646.40485 0.01764706 -762
37 494.54208 656.0876 0.01764706 -795
38 494.54208 669.8587 0.01764706 -812
39 495.64014 684.436 0.01764706 -828
40 495.54117 699.8332 0.01764706 -845
41 494.61014 717.01355 0.01764706 -861
42 493.54303 751.21875 0.01764706 -878
43 491.54486 800.0304 0.01764706 -911
44 492.07306 854.48505 0.01764706 -944
45 492.96475 911.6855 0.01764706 -977
46 494.54208 1015.4415 0.01764706 -1010
47 495.54117 1081.6216 0.01764706 -1060
48 495.54117 1114.1782 0.015686275 -1093
49 495.54117 1138.7782 0.01764706 -1109
50 495.54117 1163.2124 0.01764706 -1126
51 494.40643 1205.7297 0.01764706 -1142
52 494.54208 1224.1481 0.01764706 -1175
53 491.54486 1251.643 0.01764706 -1192
54 491.54486 1268.5262 0.01764706 -1225
55 491.54486 1273.4186 0.01764706 -1258
56 489.50845 1276.3735 0.01764706 -1274
57 489.54672 1278.3728 0.01764706 -1291
58 489.54672 1280.3422 0.01764706 -1307
59 489.54672 1283.3315 0.01764706 -1324
60 489.54672 1287.2234 0.01764706 -1357
61 489.54672 1288.329 0.01764706 -1390
62 489.54672 1288.329 0.01764706 -1407
63 487.58856 1288.329 0.01764706 -1420
64 487.54858 1288.329 0.01764706 -1440
65 484.55133 1289.3285 0.03137255 -1440
0 772.2849 424.77875 0.01764706 -7
1 772.2849 424.77875 0.019607844 -16
2 772.2849 424.77875 0.019607844 -44
3 769.446 424.77875 0.019607844 -76
4 765.0558 424.77875 0.019607844 -108
5 759.9966 424.77875 0.019607844 -125
6 752.0886 424.77875 0.019607844 -141
7 744.2438 425.795 0.019607844 -158
8 734.3813 425.77823 0.019607844 -174
9 722.4817 426.7777 0.019607844 -191
10 709.73566 426.7777 0.019607844 -208
11 696.0961 426.7777 0.019607844 -224
12 682.2298 426.7777 0.019607844 -241
13 654.45105 427.5202 0.019607844 -257
14 623.746 427.7772 0.019607844 -290
15 608.0573 429.4488 0.019607844 -323
16 592.4953 429.77615 0.019607844 -340
17 576.9901 429.77615 0.019607844 -356
18 561.3605 429.77615 0.019607844 -373
19 546.2526 429.77615 0.019607844 -389
20 530.3069 429.77615 0.019607844 -406
21 514.7257 429.77615 0.019607844 -422
22 502.6704 429.77615 0.019607844 -439
23 490.60654 428.45364 0.019607844 -456
24 479.39542 428.77667 0.019607844 -472
25 467.68735 426.6312 0.019607844 -489
26 458.21045 425.7052 0.019607844 -505
27 442.09903 423.77927 0.019607844 -522
28 432.1206 421.7803 0.019607844 -555
29 425.9991 421.7803 0.019607844 -588
30 424.07593 421.7803 0.019607844 -621
31 422.14288 421.7803 0.019607844 -637
32 418.36462 421.7803 0.019607844 -654
33 414.53305 421.7803 0.019607844 -687
34 410.70947 421.7803 0.019607844 -720
35 405.83377 429.1479 0.019607844 -753
36 403.09732 437.59567 0.019607844 -786
37 399.20496 449.04233 0.019607844 -803
38 396.9861 464.57483 0.019607844 -819
39 395.041 483.27396 0.019607844 -836
40 392.0956 506.23254 0.019607844 -852
41 388.30923 555.3477 0.019607844 -869
42 387.64108 619.44696 0.019607844 -902
43 389.98798 656.2904 0.019607844 -935
44 393.8249 742.21436 0.019607844 -951
45 395.82312 779.1969 0.019607844 -984
46 396.765 810.696 0.019607844 -1001
47 396.63275 840.2651 0.019607844 -1017
48 396.63275 915.24194 0.019607844 -1034
49 395.63367 948.7817 0.019607844 -1083
50 394.6346 967.3468 0.019607844 -1117
51 392.63644 979.3161 0.019607844 -1150
52 392.63644 987.13086 0.019607844 -1183
53 392.63644 989.3084 0.019607844 -1216
54 392.63644 991.27734 0.019607844 -1232
55 392.63644 993.2471 0.019607844 -1249
56 392.63644 994.482 0.019607844 -1265
57 392.63644 995.15924 0.019607844 -1282
58 392.63644 995.4815 0.019607844 -1298
59 392.63644 995.4815 0.019607844 -1315
60 392.63644 995.4815 0.019607844 -1331
61 392.63644 996.48096 0.01764706 -1348
62 392.63644 996.48096 0.01764706 -1359
