0 895.17114 598.6882 0.023529414 -105
1 716.00037 577.6156 0.023529414 -105
2 620.96045 574.7007 0.023529414 -202
3 601.291 574.7007 0.023529414 -267
4 594.9491 574.7007 0.023529414 -317
5 591.4524 585.43677 0.023529414 -366
6 588.0448 669.384 0.023529414 -416
7 585.4579 829.2174 0.023529414 -465
8 587.25305 1053.5309 0.023529414 -515
9 576.43536 1140.5605 0.023529414 -581
10 570.4718 1167.5554 0.023529414 -647
11 568.00385 1192.7893 0.023529414 -697
12 559.2556 1216.8193 0.023529414 -746
13 546.3823 1249.6844 0.023529414 -796
14 542.4977 1260.5591 0.021568628 -862
15 543.49677 1260.3435 0.019607844 -928
16 542.4977 1260.3435 0.01764706 -962
0 901.1656 568.7038 0.021568628 -70
1 865.7719 575.7428 0.021568628 -70
2 704.68744 576.3115 0.023529414 -95
3 590.77423 583.3942 0.023529414 -160
4 550.89325 590.6923 0.023529414 -226
5 543.4498 590.6923 0.023529414 -292
6 540.4995 592.3038 0.023529414 -342
7 545.49493 626.1738 0.021568628 -408
8 548.4921 757.4572 0.021568628 -458
9 545.8431 922.02325 0.021568628 -507
10 535.29486 1121.3489 0.023529414 -557
11 532.03394 1157.7643 0.023529414 -639
12 534.28906 1178.7375 0.021568628 -689
13 535.50415 1195.7437 0.019607844 -738
14 535.50415 1215.7192 0.019607844 -788
15 533.74335 1224.6495 0.021568628 -854
16 531.5079 1235.5745 0.021568628 -903
17 531.5079 1248.7997 0.021568628 -953
18 533.50604 1249.3492 0.019607844 -1019
19 535.50415 1249.3492 0.01764706 -1060
0 943.1267 597.68866 0.019607844 -79
1 908.87445 599.89514 0.021568628 -79
2 819.15015 596.57306 0.021568628 -119
3 707.3081 589.6929 0.023529414 -168
4 626.2933 588.8374 0.023529414 -218
5 581.1742 587.6939 0.023529414 -267
6 564.4355 587.6939 0.023529414 -317
7 559.6643 587.6939 0.023529414 -383
8 557.1609 594.0441 0.019607844 -432
9 556.48474 646.90955 0.019607844 -482
10 557.4838 803.4597 0.019607844 -515
11 558.6647 1027.6421 0.019607844 -564
12 549.3769 1136.4381 0.019607844 -631
13 548.4921 1190.6943 0.019607844 -680
14 548.4921 1204.7404 0.019607844 -730
15 548.4921 1210.3265 0.019607844 -779
16 548.4921 1211.369 0.019607844 -829
17 551.5362 1211.369 0.019607844 -895
18 555.48566 1211.369 0.019607844 -944
19 556.48474 1211.369 0.01764706 -957
0 957.1138 615.6793 0.019607844 -86
1 941.04474 615.6793 0.019607844 -86
2 853.8661 610.13257 0.019607844 -119
3 723.04645 598.30347 0.019607844 -168
4 607.90424 598.45715 0.019607844 -218
5 553.1233 601.4142 0.021568628 -267
6 540.8179 602.6861 0.021568628 -317
7 535.8407 602.6861 0.019607844 -366
8 539.8612 745.55176 0.019607844 -416
9 546.2721 981.26794 0.019607844 -482
10 521.5171 1252.8474 0.019607844 -531
11 514.4418 1277.5804 0.019607844 -613
12 513.52454 1283.796 0.019607844 -663
13 514.5236 1286.33 0.01764706 -713
14 514.5236 1286.33 0.01764706 -762
0 973.099 585.69495 0.019607844 -104
1 923.5711 584.8539 0.019607844 -104
2 804.96906 564.6376 0.019607844 -144
3 674.5409 559.7085 0.019607844 -194
4 611.0491 558.709 0.019607844 -243
5 591.76855 559.36694 0.019607844 -293
6 586.132 559.7085 0.019607844 -342
7 581.12476 559.7085 0.019607844 -392
8 580.86554 582.1509 0.019607844 -441
9 590.8664 762.18524 0.019607844 -491
10 607.43756 1024.2627 0.019607844 -541
11 598.1635 1233.3357 0.019607844 -590
12 591.69293 1264.1377 0.019607844 -656
13 587.45605 1276.5482 0.019607844 -689
14 587.45605 1280.3331 0.019607844 -739
15 588.45514 1280.3331 0.019607844 -788
16 589.4542 1281.3326 0.019607844 -809
0 960.111 544.7163 0.019607844 -70
1 935.9172 547.9786 0.019607844 -70
2 811.42914 554.2301 0.019607844 -95
3 710.3523 556.71 0.019607844 -161
4 659.41425 556.71 0.019607844 -210
5 603.9259 575.8031 0.021568628 -243
6 569.94763 582.00183 0.021568628 -276
7 561.06305 582.6965 0.021568628 -326
8 555.76056 582.6965 0.021568628 -359
9 556.35425 589.30133 0.019607844 -408
10 564.1917 692.2068 0.019607844 -458
11 572.622 938.164 0.019607844 -491
12 567.4994 1158.0984 0.019607844 -540
13 553.91486 1259.9218 0.019607844 -590
14 550.4903 1277.2035 0.019607844 -639
15 550.4903 1286.33 0.019607844 -672
16 550.4903 1287.3295 0.019607844 -723
0 949.1212 554.71106 0.019607844 -17
1 949.1212 554.71106 0.019607844 -17
2 938.74054 554.71106 0.019607844 -43
3 858.6656 557.70953 0.019607844 -93
4 765.79156 559.7085 0.019607844 -142
5 654.86676 560.38446 0.019607844 -175
6 580.38165 569.7302 0.021568628 -225
7 553.9328 576.69965 0.021568628 -274
8 551.4894 575.70013 0.021568628 -340
9 565.75653 651.76324 0.019607844 -382
10 571.7622 850.92865 0.019607844 -456
11 561.3063 1038.8506 0.019607844 -506
12 545.9924 1130.9172 0.019607844 -555
13 545.49493 1153.7637 0.019607844 -605
14 545.49493 1160.587 0.019607844 -654
15 545.49493 1162.3945 0.019607844 -704
16 545.49493 1162.3945 0.019607844 -728
0 948.12213 567.7043 0.019607844 -86
1 895.90186 577.73267 0.021568628 -86
2 781.97876 583.87256 0.021568628 -127
3 706.2907 587.69653 0.021568628 -176
4 607.3944 592.69415 0.019607844 -209
5 556.28314 591.69183 0.021568628 -258
6 541.4791 591.69183 0.021568628 -308
7 535.50415 591.69183 0.021568628 -357
8 553.5066 665.78687 0.019607844 -423
9 586.457 956.7654 0.019607844 -489
10 588.20605 1115.0398 0.019607844 -555
11 581.86584 1192.9508 0.019607844 -605
12 580.4625 1209.4613 0.019607844 -654
13 580.4625 1212.3685 0.019607844 -704
14 581.4616 1213.368 0.019607844 -738
0 932.1369 574.7007 0.019607844 -112
1 910.6091 579.60767 0.019607844 -112
2 817.1232 588.9053 0.021568628 -144
3 738.0033 593.1451 0.019607844 -193
4 645.8962 600.5546 0.019607844 -226
5 605.2386 599.6876 0.021568628 -276
6 595.55023 599.6876 0.021568628 -325
7 589.3825 599.6876 0.021568628 -358
8 587.45605 599.6876 0.019607844 -408
9 588.41437 608.3565 0.019607844 -441
10 595.7681 760.2093 0.019607844 -474
11 589.1386 1012.1408 0.019607844 -523
12 580.4846 1132.189 0.019607844 -589
13 581.4616 1188.6302 0.019607844 -639
14 581.4616 1192.3789 0.019607844 -705
15 581.4616 1192.3789 0.019607844 -749
0 841.22107 561.70746 0.019607844 -140
1 728.7517 559.5853 0.019607844 -140
2 613.7341 554.71106 0.019607844 -186
3 563.897 552.7121 0.019607844 -235
4 549.948 552.7121 0.019607844 -284
5 546.494 552.7121 0.019607844 -334
6 546.494 552.7121 0.019607844 -383
7 533.50604 538.7194 0.025490198 -405
8 413.61703 437.77197 0.019607844 -435
9 449.83627 848.6473 0.01764706 -435
10 453.58002 1000.5989 0.019607844 -548
11 452.58093 1033.4722 0.019607844 -598
12 451.58188 1040.3882 0.01764706 -648
13 451.58188 1041.4575 0.01764706 -697
14 451.58188 1041.4575 0.01764706 -706
0 913.1545 564.7059 0.019607844 -153
1 875.19855 576.28595 0.019607844 -153
2 715.73694 563.9348 0.019607844 -176
3 621.2854 561.70746 0.019607844 -242
4 585.0957 560.70795 0.019607844 -292
5 572.94556 560.70795 0.019607844 -325
6 569.3658 560.70795 0.019607844 -358
7 569.4727 560.70795 0.019607844 -391
8 568.74915 576.7691 0.019607844 -440
9 567.47455 669.6512 0.019607844 -473
10 567.47455 669.6512 0.019607844 -515
11 576.46625 812.5768 0.01764706 -543
12 543.49677 1060.7656 0.019607844 -543
13 534.4049 1135.7091 0.019607844 -623
14 535.50415 1153.5559 0.019607844 -672
15 535.50415 1159.4407 0.019607844 -721
16 535.50415 1159.4407 0.019607844 -771
0 909.1582 548.7142 0.019607844 -96
1 888.04565 551.2261 0.019607844 -96
2 787.6465 554.71106 0.019607844 -118
3 664.6848 552.7121 0.019607844 -168
4 606.6466 552.7121 0.019607844 -217
5 564.402 551.71265 0.019607844 -250
6 554.5447 550.71313 0.019607844 -300
7 552.48846 550.71313 0.019607844 -349
8 551.4894 579.92633 0.019607844 -399
9 545.6293 768.0154 0.019607844 -448
10 539.5005 914.079 0.019607844 -498
11 525.01526 1084.9252 0.019607844 -531
12 518.1928 1172.3179 0.019607844 -580
13 509.64938 1201.0106 0.019607844 -630
14 510.52728 1205.3722 0.019607844 -680
15 510.52728 1205.3722 0.019607844 -724
0 645.4024 562.7069 0.019607844 -247
1 624.3569 562.5595 0.019607844 -247
2 582.7266 560.70795 0.019607844 -267
3 581.4616 560.70795 0.019607844 -316
4 581.4616 560.70795 0.019607844 -321
5 580.4625 565.7053 0.019607844 -434
6 577.9285 569.776 0.019607844 -434
7 571.91327 621.5472 0.019607844 -448
8 562.4792 779.28687 0.019607844 -498
9 562.99567 949.3363 0.01764706 -547
10 550.8696 1071.0253 0.019607844 -597
11 547.4316 1124.7833 0.019607844 -646
12 547.49304 1138.9708 0.019607844 -696
13 547.49304 1141.4055 0.019607844 -745
14 539.5005 1131.4106 0.025490198 -776
0 865.1989 552.7121 0.019607844 -95
1 744.38873 552.7121 0.019607844 -95
2 650.1914 555.7106 0.019607844 -151
3 559.0284 555.7106 0.019607844 -184
4 520.37305 555.7106 0.019607844 -233
5 497.9118 554.71106 0.019607844 -283
6 498.5384 554.71106 0.019607844 -332
7 500.28848 566.4705 0.019607844 -382
8 505.53192 677.88446 0.019607844 -432
9 505.30493 871.9078 0.019607844 -481
10 499.33026 1040.5317 0.019607844 -531
11 497.5393 1113.8278 0.019607844 -580
12 497.5393 1132.5977 0.019607844 -630
13 497.5393 1136.8845 0.019607844 -679
14 497.5393 1136.4081 0.019607844 -712
15 497.5393 1136.4081 0.019607844 -717
0 930.1388 559.7085 0.019607844 -18
1 932.1369 559.7085 0.019607844 -18
2 903.3128 572.6272 0.019607844 -59
3 795.9967 593.14014 0.019607844 -109
4 667.46234 600.13336 0.019607844 -158
5 589.8697 605.34503 0.019607844 -208
6 553.95905 606.684 0.019607844 -257
7 544.35315 606.684 0.019607844 -307
8 542.4977 606.684 0.019607844 -356
9 554.8258 649.031 0.019607844 -406
10 572.70575 830.55035 0.019607844 -455
11 578.4644 1067.5737 0.019607844 -505
12 570.2279 1195.598 0.019607844 -554
13 567.6233 1250.9017 0.019607844 -604
14 566.47546 1260.3435 0.019607844 -653
15 566.47546 1260.3435 0.019607844 -698
0 711.3414 552.7121 0.019607844 -147
1 654.0744 551.71265 0.019607844 -147
2 560.36346 550.71313 0.019607844 -168
3 535.0858 550.71313 0.019607844 -217
4 527.4761 550.71313 0.019607844 -266
5 533.33466 567.1899 0.019607844 -316
6 548.2203 699.55396 0.019607844 -365
7 545.472 872.05145 0.019607844 -415
8 530.5088 1059.994 0.019607844 -465
9 519.4139 1133.7777 0.019607844 -514
10 515.52264 1150.2114 0.019607844 -564
11 515.52264 1151.4003 0.019607844 -613
12 515.52264 1151.4003 0.019607844 -623
0 759.29694 545.71576 0.019607844 -154
1 677.9054 544.7163 0.019607844 -154
2 592.3204 545.511 0.019607844 -184
3 557.3825 545.71576 0.019607844 -234
4 551.4894 545.71576 0.019607844 -283
5 551.4894 545.71576 0.019607844 -333
6 549.5408 604.0241 0.019607844 -382
7 548.4921 799.3085 0.019607844 -432
8 543.6284 983.7428 0.019607844 -481
9 535.5503 1113.6661 0.019607844 -531
10 527.3605 1144.8575 0.019607844 -580
11 527.5116 1148.4019 0.019607844 -630
12 527.5116 1148.4019 0.019607844 -661
0 913.1545 541.71783 0.019607844 -103
1 797.48456 551.1692 0.019607844 -103
2 663.9042 552.5052 0.019607844 -152
3 601.37585 551.71265 0.019607844 -201
4 584.8839 551.71265 0.019607844 -251
5 579.90015 551.71265 0.019607844 -300
6 577.46533 558.2156 0.01764706 -350
7 580.85626 690.5667 0.01764706 -399
8 573.469 743.6127 0.019607844 -449
9 550.4903 757.6054 0.025490198 -466
10 467.56708 753.6075 0.01764706 -492
11 413.52063 909.96027 0.01764706 -492
12 406.89462 931.9718 0.01764706 -581
13 405.62442 935.51276 0.01764706 -631
14 405.62442 935.51276 0.01764706 -659
0 826.235 549.7137 0.019607844 -112
1 770.736 560.36755 0.019607844 -112
2 628.79016 564.7059 0.019607844 -144
3 572.4476 562.7069 0.019607844 -210
4 557.1583 576.1886 0.019607844 -260
5 556.05896 583.4176 0.019607844 -309
6 568.18207 665.2762 0.019607844 -359
7 575.46716 852.2939 0.019607844 -408
8 566.86035 1047.7578 0.019607844 -458
9 548.9857 1164.441 0.019607844 -508
10 533.76215 1203.604 0.019607844 -557
11 530.0956 1209.7834 0.019607844 -607
12 527.5116 1213.448 0.019607844 -640
13 527.5116 1213.368 0.019607844 -673
14 529.5097 1213.368 0.019607844 -722
15 527.5116 1212.3685 0.019607844 -742
0 730.3238 568.7038 0.019607844 -204
1 708.718 566.1028 0.019607844 -204
2 671.7956 563.70636 0.019607844 -218
3 655.956 563.70636 0.019607844 -268
4 651.6117 563.70636 0.019607844 -317
5 646.28613 563.70636 0.019607844 -350
6 634.79517 562.7069 0.019607844 -400
7 623.93097 562.7069 0.019607844 -433
8 608.0637 566.62036 0.019607844 -466
9 596.0043 573.4233 0.019607844 -515
10 589.51904 578.6338 0.019607844 -565
11 584.24255 587.3437 0.019607844 -614
12 575.91486 647.1162 0.019607844 -664
13 573.469 823.189 0.019607844 -713
14 570.01276 943.53625 0.019607844 -763
15 571.5288 1111.8557 0.019607844 -796
16 569.9029 1186.368 0.019607844 -846
17 566.47546 1203.4873 0.019607844 -895
18 566.47546 1205.3722 0.019607844 -945
19 566.47546 1205.3722 0.019607844 -978
20 565.47644 1205.3722 0.01764706 -986
0 786.272 614.6798 0.019607844 -135
1 697.36475 607.5736 0.019607844 -135
2 641.4803 605.6845 0.019607844 -176
3 601.3624 605.6845 0.019607844 -208
4 583.4255 605.6845 0.019607844 -241
5 572.90094 605.6845 0.019607844 -274
6 567.64026 605.6845 0.019607844 -324
7 562.43195 605.6845 0.019607844 -373
8 560.08966 605.6845 0.019607844 -423
9 554.4872 642.6626 0.019607844 -472
10 527.1318 809.3071 0.019607844 -505
11 521.5171 928.2471 0.019607844 -555
12 501.21115 1068.7167 0.019607844 -588
13 492.65375 1134.42 0.019607844 -638
14 489.54672 1152.9109 0.019607844 -671
15 489.54672 1160.7614 0.019607844 -704
16 489.54672 1163.394 0.019607844 -737
17 489.54672 1163.394 0.019607844 -759
0 734.32007 558.709 0.019607844 -144
1 664.5215 558.709 0.019607844 -144
2 588.12823 558.709 0.019607844 -176
3 571.4708 558.709 0.019607844 -225
4 566.7838 558.709 0.019607844 -247
5 543.3185 558.709 0.019607844 -258
6 537.5023 557.70953 0.019607844 -324
7 535.029 572.03125 0.019607844 -373
8 536.68115 629.36395 0.019607844 -423
9 542.11707 767.742 0.019607844 -456
10 541.33484 874.47797 0.019607844 -489
11 538.93274 1001.0689 0.019607844 -522
12 532.96155 1085.1493 0.019607844 -555
13 524.3903 1143.9006 0.019607844 -588
14 526.5125 1158.3373 0.019607844 -637
15 526.5125 1159.3961 0.019607844 -687
16 526.5125 1160.3956 0.019607844 -696
0 849.2137 556.71 0.019607844 -128
1 767.16113 556.71 0.019607844 -128
2 659.88165 556.71 0.019607844 -168
3 598.9205 556.71 0.019607844 -217
4 579.38885 556.71 0.019607844 -266
5 572.58765 556.71 0.019607844 -316
6 570.4718 562.68164 0.019607844 -365
7 575.42194 677.23975 0.019607844 -415
8 572.42676 855.14465 0.019607844 -464
9 563.03864 991.37726 0.019607844 -514
10 557.98584 1103.8932 0.019607844 -547
11 553.328 1138.8859 0.019607844 -596
12 553.4875 1144.4039 0.019607844 -646
13 551.4894 1143.4044 0.019607844 -678
0 857.2063 555.7106 0.019607844 -119
1 793.5949 557.70953 0.01764706 -119
2 724.85016 558.709 0.019607844 -152
3 647.1465 559.7085 0.019607844 -184
4 615.24994 559.7085 0.019607844 -234
5 603.69525 559.7085 0.019607844 -284
6 598.2655 559.7085 0.019607844 -333
7 592.9652 565.6483 0.019607844 -383
8 590.4533 624.49524 0.019607844 -432
9 585.8837 794.20154 0.019607844 -482
10 578.994 1039.3625 0.019607844 -532
11 571.93494 1122.6991 0.019607844 -598
12 568.1229 1140.81 0.019607844 -647
13 568.47363 1149.5398 0.019607844 -680
14 568.47363 1149.5398 0.019607844 -730
0 572.4699 796.5851 0.019607844 -516
1 575.279 894.7359 0.01764706 -516
2 565.29645 1058.9711 0.019607844 -549
3 558.639 1088.9642 0.019607844 -614
4 556.48474 1095.0676 0.019607844 -664
5 556.48474 1098.8811 0.019607844 -697
6 556.48474 1098.4279 0.019607844 -730
7 556.48474 1098.4279 0.019607844 -744
0 824.2368 557.70953 0.019607844 -120
1 773.42566 559.7085 0.019607844 -120
2 689.1823 562.71747 0.019607844 -151
3 633.96924 567.42633 0.019607844 -200
4 597.7285 581.9661 0.019607844 -233
5 575.9247 588.3291 0.019607844 -266
6 566.21387 591.8227 0.019607844 -299
7 560.1437 591.69183 0.019607844 -332
8 559.48193 592.3678 0.019607844 -382
9 561.44104 635.1383 0.019607844 -432
10 562.4792 733.4329 0.019607844 -481
11 562.02563 813.1159 0.019607844 -514
12 561.68726 918.7529 0.019607844 -547
13 561.0407 977.6483 0.019607844 -580
14 556.51404 1020.3513 0.019607844 -613
15 555.48566 1031.7666 0.019607844 -663
16 555.48566 1036.4602 0.019607844 -712
17 555.48566 1036.4602 0.019607844 -762
18 555.48566 1036.4602 0.019607844 -811
19 555.48566 1036.4602 0.019607844 -827
0 873.19147 535.72095 0.019607844 -119
1 846.69604 539.52167 0.019607844 -119
2 747.14795 545.07416 0.019607844 -135
3 685.9674 546.7152 0.019607844 -185
4 625.84106 547.7147 0.019607844 -218
5 600.67224 547.7147 0.019607844 -251
6 585.72205 547.7147 0.019607844 -284
7 581.4956 547.7147 0.019607844 -333
8 577.95825 547.7147 0.019607844 -366
9 574.3525 547.7147 0.019607844 -399
10 577.934 611.82965 0.019607844 -433
11 581.65173 713.6734 0.019607844 -482
12 582.3111 848.4885 0.019607844 -515
13 576.04193 942.5325 0.019607844 -548
14 571.5958 1045.5177 0.019607844 -581
15 567.7996 1071.1405 0.019607844 -631
16 564.47736 1080.2903 0.019607844 -664
17 564.47736 1084.5454 0.019607844 -697
18 564.47736 1084.4352 0.019607844 -730
19 564.47736 1084.4352 0.019607844 -746
0 884.18134 557.70953 0.019607844 -120
1 866.72003 558.5568 0.019607844 -120
2 766.69244 559.7085 0.019607844 -136
3 683.6357 559.7085 0.019607844 -185
4 618.3868 559.7085 0.019607844 -218
5 582.0589 559.7085 0.019607844 -268
6 570.5379 559.7085 0.019607844 -317
7 567.47455 559.7085 0.019607844 -367
8 568.44916 583.11053 0.019607844 -417
9 570.77576 655.91797 0.019607844 -466
10 572.18463 771.3192 0.019607844 -499
11 569.02716 872.56586 0.019607844 -532
12 568.5438 989.85913 0.019607844 -565
13 567.80475 1072.4586 0.019607844 -598
14 565.47644 1087.2948 0.019607844 -648
15 565.47644 1094.3865 0.019607844 -681
16 565.47644 1095.4294 0.019607844 -730
17 565.47644 1095.4294 0.019607844 -739
0 807.25256 555.7106 0.019607844 -144
1 777.6364 556.41974 0.019607844 -144
2 687.78876 559.8209 0.019607844 -159
3 623.5157 561.48663 0.019607844 -208
4 577.1918 561.70746 0.019607844 -241
5 562.8011 561.70746 0.019607844 -274
6 553.336 565.8569 0.019607844 -307
7 546.6729 570.5238 0.019607844 -340
8 546.494 581.98645 0.019607844 -373
9 549.47064 623.3255 0.019607844 -406
10 549.4912 623.6752 0.019607844 -439
11 533.50604 620.6767 0.025490198 -440
12 412.61795 575.70013 0.019607844 -467
13 423.6078 673.6491 0.019607844 -467
14 423.6078 673.6491 0.019607844 -513
15 546.494 984.48724 0.019607844 -531
16 546.494 984.48724 0.019607844 -531
17 498.5384 1040.4581 0.019607844 -556
18 521.0176 1115.419 0.019607844 -556
19 523.51526 1137.4076 0.019607844 -570
20 514.5236 1135.4086 0.025490198 -592
21 518.5199 1172.3894 0.019607844 -626
22 527.5116 1199.3752 0.019607844 -626
23 526.5125 1198.3759 0.019607844 -702
