0 809.2507 823.57104 0.019607844 -105
1 631.99457 812.4933 0.019607844 -105
2 533.3585 808.57886 0.021568628 -202
3 509.79962 808.57886 0.023529414 -267
4 503.0342 808.57886 0.021568628 -317
5 500.53653 815.188 0.021568628 -366
6 499.12714 889.62634 0.019607844 -416
7 492.54395 1054.4529 0.019607844 -465
8 487.54858 1275.2123 0.019607844 -515
9 473.53064 1364.4749 0.019607844 -581
10 468.56613 1392.717 0.019607844 -647
11 466.83264 1412.9396 0.019607844 -697
12 459.42358 1441.7776 0.019607844 -746
13 447.47388 1469.4583 0.019607844 -796
14 442.5902 1478.4457 0.019607844 -862
15 442.5902 1481.2285 0.019607844 -928
16 442.5902 1481.2285 0.01764706 -962
0 813.247 809.5783 0.019607844 -70
1 789.97003 809.5783 0.019607844 -70
2 644.1319 806.3858 0.019607844 -95
3 533.52527 809.27655 0.019607844 -160
4 487.95148 814.57574 0.021568628 -226
5 478.50995 814.57574 0.021568628 -292
6 475.17227 817.7986 0.021568628 -342
7 480.0555 855.0546 0.021568628 -408
8 479.3926 990.0813 0.021568628 -458
9 467.91525 1157.2266 0.019607844 -507
10 446.16788 1348.0214 0.021568628 -557
11 442.1172 1389.1703 0.019607844 -639
12 441.59113 1406.6188 0.019607844 -689
13 441.59113 1421.6261 0.019607844 -738
14 441.59113 1445.9519 0.019607844 -788
15 440.82935 1458.5277 0.019607844 -854
16 440.59204 1468.3441 0.019607844 -903
17 439.59296 1475.6815 0.019607844 -953
18 439.59296 1477.2306 0.019607844 -1019
19 439.59296 1477.2306 0.019607844 -1060
0 869.1952 821.5721 0.019607844 -79
1 844.3495 820.36505 0.019607844 -79
2 755.7441 814.3435 0.019607844 -119
3 641.3627 812.5768 0.021568628 -168
4 558.5001 814.2877 0.021568628 -218
5 512.5802 815.5752 0.023529414 -267
6 492.46024 815.5752 0.023529414 -317
7 486.73187 815.5752 0.023529414 -383
8 485.5504 825.27716 0.023529414 -432
9 482.62488 878.8246 0.023529414 -482
10 477.55783 1031.4814 0.021568628 -515
11 465.9325 1254.3436 0.021568628 -564
12 454.3504 1369.8889 0.021568628 -631
13 451.58188 1410.1172 0.021568628 -680
14 451.58188 1421.9432 0.021568628 -730
15 451.58188 1427.2135 0.021568628 -779
16 451.58188 1428.2561 0.021568628 -829
17 451.58188 1428.2561 0.019607844 -895
18 452.58093 1428.2561 0.019607844 -944
19 453.58002 1428.2561 0.019607844 -957
0 890.1758 850.557 0.019607844 -86
1 872.1086 843.43097 0.019607844 -86
2 780.6095 829.46875 0.021568628 -119
3 648.52545 815.98505 0.021568628 -168
4 535.9708 816.1127 0.021568628 -218
5 482.91568 824.2981 0.021568628 -267
6 469.8836 824.5705 0.023529414 -317
7 467.56708 825.89606 0.021568628 -366
8 474.28293 972.4336 0.021568628 -416
9 463.79266 1207.8542 0.021568628 -482
10 438.09433 1472.7329 0.021568628 -531
11 429.43848 1508.5421 0.021568628 -613
12 428.60315 1515.6753 0.021568628 -663
13 428.60315 1517.2097 0.019607844 -713
14 428.60315 1517.2097 0.019607844 -762
0 916.15173 803.5814 0.019607844 -104
1 866.4655 803.5814 0.019607844 -104
2 745.88715 787.5215 0.021568628 -144
3 621.67316 782.5924 0.021568628 -194
4 561.49365 786.9887 0.021568628 -243
5 540.81573 789.58875 0.021568628 -293
6 536.1783 789.58875 0.021568628 -342
7 531.171 788.58923 0.021568628 -392
8 526.1095 806.2274 0.021568628 -441
9 527.11536 988.0339 0.021568628 -491
10 527.7706 1248.4978 0.019607844 -541
11 512.3372 1449.658 0.021568628 -590
12 507.7706 1482.0242 0.021568628 -656
13 504.53284 1495.4342 0.021568628 -689
14 504.53284 1497.2202 0.021568628 -739
15 504.53284 1497.2202 0.019607844 -788
16 504.53284 1497.2202 0.019607844 -809
0 896.1702 760.6038 0.021568628 -70
1 874.60596 764.86566 0.021568628 -70
2 751.4471 775.11505 0.021568628 -95
3 650.4827 781.8228 0.021568628 -161
4 596.47705 786.588 0.021568628 -210
5 547.0815 797.32 0.021568628 -243
6 508.69937 801.8873 0.021568628 -276
7 499.8285 801.5825 0.021568628 -326
8 493.81796 801.5825 0.021568628 -359
9 494.41162 811.7937 0.021568628 -408
10 496.89694 912.37805 0.021568628 -458
11 496.96375 1158.169 0.021568628 -491
12 480.59232 1372.9927 0.021568628 -540
13 459.85748 1480.0961 0.021568628 -590
14 453.2907 1505.0848 0.021568628 -639
15 451.58188 1514.2113 0.019607844 -672
16 451.58188 1514.2113 0.019607844 -723
0 900.1665 775.596 0.019607844 -17
1 900.1665 775.596 0.019607844 -17
2 882.5974 777.725 0.021568628 -43
3 796.1851 786.5903 0.021568628 -93
4 703.4187 788.58923 0.021568628 -142
5 591.867 791.2642 0.021568628 -175
6 527.1066 795.2615 0.019607844 -225
7 502.97995 796.5851 0.021568628 -274
8 499.03796 795.58563 0.019607844 -340
9 506.67105 868.37006 0.019607844 -382
10 507.23874 1067.9409 0.019607844 -456
11 492.37015 1255.4624 0.019607844 -506
12 474.05896 1348.3062 0.021568628 -555
13 466.88538 1381.3275 0.021568628 -605
14 466.568 1389.4678 0.021568628 -654
15 466.568 1390.2759 0.019607844 -704
16 466.568 1390.2759 0.019607844 -728
0 896.1702 798.58405 0.019607844 -86
1 846.4644 798.58405 0.019607844 -86
2 736.02136 799.58356 0.019607844 -127
3 662.3366 800.583 0.019607844 -176
4 563.4351 801.5825 0.019607844 -209
5 516.3201 801.5825 0.019607844 -258
6 500.51703 801.5825 0.019607844 -308
7 493.54303 801.5825 0.019607844 -357
8 503.55283 886.70996 0.019607844 -423
9 523.08984 1178.2051 0.019607844 -489
10 521.3926 1334.5488 0.021568628 -555
11 513.9288 1402.2465 0.019607844 -605
12 513.52454 1416.308 0.019607844 -654
13 513.52454 1418.2612 0.019607844 -704
14 513.52454 1418.2612 0.019607844 -738
0 889.1767 798.58405 0.019607844 -112
1 857.7485 798.58405 0.019607844 -112
2 760.96326 800.3205 0.019607844 -144
3 682.3737 801.80945 0.019607844 -193
4 596.3758 802.582 0.019607844 -226
5 558.28204 802.582 0.019607844 -276
6 547.5946 802.582 0.019607844 -325
7 541.4269 802.582 0.021568628 -358
8 537.9483 803.13525 0.021568628 -408
9 536.544 821.12317 0.021568628 -441
10 532.8264 983.0524 0.021568628 -474
11 517.64343 1235.5154 0.021568628 -523
12 508.55127 1355.9839 0.021568628 -589
13 505.53192 1400.1035 0.019607844 -639
14 505.53192 1404.7683 0.019607844 -705
15 505.53192 1404.7683 0.019607844 -749
0 785.2729 784.5914 0.019607844 -140
1 675.66345 774.10394 0.019607844 -140
2 564.0573 756.88306 0.019607844 -186
3 522.4516 754.60693 0.021568628 -235
4 508.98593 754.60693 0.021568628 -284
5 504.53284 755.2725 0.021568628 -334
6 504.53284 758.60486 0.021568628 -383
7 505.53192 761.60333 0.021568628 -405
8 507.53006 782.5924 0.021568628 -435
9 521.2645 1246.4401 0.019607844 -435
10 513.73004 1389.3964 0.019607844 -548
11 509.52823 1424.2686 0.021568628 -598
12 509.52823 1429.2556 0.019607844 -648
13 509.52823 1429.2556 0.019607844 -697
14 509.52823 1429.2556 0.019607844 -706
0 858.2054 788.58923 0.019607844 -153
1 817.3125 793.8796 0.019607844 -153
2 650.3974 782.2782 0.019607844 -176
3 554.33344 779.59393 0.021568628 -242
4 529.9343 780.59344 0.021568628 -292
5 518.99554 780.59344 0.021568628 -325
6 515.4157 780.59344 0.021568628 -358
7 511.52637 780.59344 0.021568628 -391
8 510.52728 793.8286 0.019607844 -440
9 509.52823 886.53827 0.021568628 -473
10 508.52914 914.5237 0.021568628 -515
11 504.53284 1004.4768 0.019607844 -543
12 480.3669 1280.2163 0.019607844 -543
13 470.51425 1347.6989 0.021568628 -623
14 467.56708 1365.867 0.021568628 -672
15 467.56708 1368.2874 0.019607844 -721
16 467.56708 1368.2874 0.019607844 -771
0 871.19336 762.6028 0.019607844 -96
1 840.5236 763.1157 0.019607844 -96
2 739.93353 763.6023 0.019607844 -118
3 618.48474 754.4856 0.019607844 -168
4 563.32837 753.6075 0.019607844 -217
5 529.4344 753.6075 0.019607844 -250
6 519.5771 753.6075 0.021568628 -300
7 514.39996 753.6075 0.021568628 -349
8 508.17078 804.0379 0.021568628 -399
9 495.67554 985.9019 0.019607844 -448
10 482.50278 1123.3439 0.019607844 -498
11 459.4754 1306.113 0.021568628 -531
12 448.2576 1387.2236 0.019607844 -580
13 444.58835 1409.0236 0.019607844 -630
14 444.58835 1412.2644 0.019607844 -680
15 445.58743 1412.2644 0.019607844 -724
0 590.4533 778.5945 0.021568628 -247
1 565.1492 777.595 0.021568628 -247
2 533.7719 777.595 0.021568628 -267
3 532.50696 777.595 0.021568628 -316
4 529.5097 777.595 0.021568628 -321
5 516.5217 779.59393 0.019607844 -434
6 514.9868 783.20123 0.019607844 -434
7 512.8038 843.64557 0.021568628 -448
8 507.5941 994.55927 0.021568628 -498
9 501.21387 1170.416 0.021568628 -547
10 490.9251 1289.0134 0.021568628 -597
11 486.5495 1331.5525 0.019607844 -646
12 486.5495 1341.8652 0.019607844 -696
13 486.5495 1344.2998 0.019607844 -745
14 486.5495 1344.2998 0.019607844 -776
0 822.23865 758.60486 0.019607844 -95
1 702.6017 756.6059 0.019607844 -95
2 609.591 757.31244 0.019607844 -151
3 521.44965 758.60486 0.019607844 -184
4 474.37933 759.6044 0.021568628 -233
5 462.2584 759.6044 0.021568628 -283
6 457.57632 759.6044 0.021568628 -332
7 457.57632 775.61676 0.019607844 -382
8 456.57724 890.783 0.021568628 -432
9 450.3558 1087.7042 0.021568628 -481
10 440.38486 1253.0248 0.019607844 -531
11 434.54666 1321.6176 0.019607844 -580
12 433.5985 1337.897 0.019607844 -630
13 433.5985 1341.7778 0.019607844 -679
14 433.5985 1341.3014 0.019607844 -712
15 433.5985 1341.3014 0.01764706 -717
0 774.2831 394.79437 0.019607844 -18
1 776.7294 394.79437 0.019607844 -18
2 752.43756 399.76196 0.019607844 -59
3 646.68585 410.011 0.019607844 -109
4 522.4886 416.2292 0.019607844 -158
5 443.98575 422.44028 0.019607844 -208
6 413.9707 423.77927 0.019607844 -257
7 406.48077 423.77927 0.019607844 -307
8 404.62534 423.77927 0.019607844 -356
9 414.6235 473.4546 0.019607844 -406
10 433.7872 647.59845 0.019607844 -455
11 448.58466 884.4312 0.019607844 -505
12 444.34445 1018.05664 0.019607844 -554
13 433.74728 1062.9996 0.019607844 -604
14 431.60037 1070.4425 0.019607844 -653
15 431.60037 1070.4425 0.019607844 -698
0 671.37836 748.6101 0.019607844 -147
1 615.0256 746.3063 0.019607844 -147
2 520.7883 746.2231 0.019607844 -168
3 490.93295 747.6106 0.021568628 -217
4 487.54858 748.6457 0.021568628 -266
5 495.09387 774.0821 0.019607844 -316
6 508.52914 914.2585 0.021568628 -365
7 504.4869 1094.2115 0.019607844 -415
8 485.68 1271.6892 0.019607844 -465
9 469.4601 1337.6189 0.019607844 -514
10 465.5689 1354.1052 0.019607844 -564
11 465.5689 1355.2941 0.019607844 -613
12 465.5689 1355.2941 0.019607844 -623
0 724.32935 743.6127 0.019607844 -154
1 646.3854 741.6137 0.019607844 -154
2 559.1461 741.6137 0.019607844 -184
3 529.4084 741.6137 0.019607844 -234
4 522.0741 741.6137 0.019607844 -283
5 519.519 743.20605 0.019607844 -333
6 519.56854 807.6206 0.019607844 -382
7 511.71036 1002.1632 0.019607844 -432
8 506.79437 1204.5734 0.019607844 -481
9 494.58823 1319.605 0.019607844 -531
10 489.54672 1345.6018 0.019607844 -580
11 489.54672 1350.2966 0.019607844 -630
12 489.54672 1350.2966 0.019607844 -661
0 880.185 747.6106 0.019607844 -103
1 763.25415 751.6085 0.019607844 -103
2 626.181 748.6101 0.019607844 -152
3 567.3848 748.6101 0.019607844 -201
4 546.91907 748.6101 0.021568628 -251
5 541.4986 748.6101 0.021568628 -300
6 543.42633 763.0384 0.019607844 -350
7 535.1104 906.4395 0.019607844 -399
8 530.5088 960.4997 0.019607844 -449
9 525.5134 1015.47107 0.019607844 -466
10 518.5199 1084.4352 0.019607844 -492
11 501.4874 1290.8102 0.019607844 -492
12 500.53653 1313.0447 0.019607844 -581
13 500.53653 1316.3143 0.019607844 -631
14 499.53748 1317.3138 0.019607844 -659
0 684.36633 380.80167 0.019607844 -112
1 622.55444 393.7731 0.019607844 -112
2 472.38464 400.56656 0.019607844 -144
3 415.59283 397.79282 0.019607844 -210
4 407.62256 399.9546 0.019607844 -260
5 410.6198 406.9357 0.019607844 -309
6 431.72482 491.46402 0.019607844 -359
7 449.9232 675.386 0.019607844 -408
8 439.5165 872.4638 0.019607844 -458
9 420.44205 982.3553 0.019607844 -508
10 408.87775 1020.6993 0.019607844 -557
11 407.62256 1026.8787 0.019607844 -607
12 407.62256 1029.4637 0.019607844 -640
13 407.62256 1029.4637 0.019607844 -673
14 409.62073 1029.4637 0.01764706 -722
15 409.62073 1029.4637 0.01764706 -742
0 673.3765 777.595 0.019607844 -204
1 654.16614 774.994 0.019607844 -204
2 607.93823 774.51306 0.021568628 -218
3 591.01624 774.59656 0.021568628 -268
4 586.6718 774.59656 0.021568628 -317
5 581.34625 774.59656 0.021568628 -350
6 577.15704 774.59656 0.021568628 -400
7 570.1446 774.59656 0.019607844 -433
8 553.1146 778.51 0.019607844 -466
9 541.0551 783.31396 0.019607844 -515
10 534.5699 785.5908 0.019607844 -565
11 530.5088 788.80566 0.019607844 -614
12 522.96387 856.7994 0.021568628 -664
13 518.7332 1028.2957 0.019607844 -713
14 514.6045 1161.018 0.021568628 -763
15 509.64407 1317.8064 0.019607844 -796
16 502.96487 1387.5549 0.019607844 -846
17 501.5356 1400.3848 0.019607844 -895
18 501.5356 1404.3271 0.019607844 -945
19 501.5356 1404.2686 0.019607844 -978
20 501.5356 1404.2686 0.01764706 -986
0 729.3247 806.5799 0.019607844 -135
1 642.41565 802.582 0.019607844 -135
2 585.5321 802.582 0.019607844 -176
3 548.4115 802.582 0.019607844 -208
4 532.47266 802.582 0.019607844 -241
5 519.3819 802.582 0.019607844 -274
6 513.69025 802.582 0.019607844 -324
7 508.48187 802.582 0.019607844 -373
8 506.13968 809.1453 0.021568628 -423
9 498.53928 851.552 0.019607844 -472
10 465.18918 1013.37274 0.019607844 -505
11 450.23 1142.7123 0.019607844 -555
12 429.9524 1278.7438 0.019607844 -588
13 418.94177 1338.874 0.019607844 -638
14 413.98883 1363.4291 0.021568628 -671
15 412.61795 1373.6504 0.019607844 -704
16 412.61795 1375.2837 0.019607844 -737
17 413.61703 1375.2837 0.019607844 -759
0 688.3626 759.6044 0.019607844 -144
1 618.564 756.0027 0.019607844 -144
2 543.0972 752.608 0.019607844 -176
3 521.5171 752.608 0.019607844 -225
4 516.1579 752.608 0.019607844 -247
5 499.74268 752.608 0.019607844 -258
6 494.48224 752.608 0.019607844 -324
7 494.0182 770.45233 0.019607844 -373
8 494.54208 834.5242 0.021568628 -423
9 494.16147 970.16046 0.019607844 -456
10 491.21738 1083.68 0.019607844 -489
11 482.979 1211.8225 0.019607844 -522
12 473.92624 1290.7723 0.019607844 -555
13 465.44492 1348.1666 0.019607844 -588
14 463.57077 1367.1692 0.019607844 -637
15 463.57077 1368.2874 0.019607844 -687
16 463.57077 1369.2867 0.019607844 -696
0 810.24976 755.60645 0.019607844 -128
1 730.3054 753.18567 0.019607844 -128
2 624.74506 750.609 0.019607844 -168
3 567.94916 750.609 0.019607844 -217
4 544.8835 751.6085 0.021568628 -266
5 535.6219 751.6085 0.021568628 -316
6 532.50696 763.9666 0.019607844 -365
7 535.2013 883.69324 0.019607844 -415
8 526.4981 1057.8807 0.019607844 -464
9 517.0812 1197.4033 0.019607844 -514
10 506.0339 1308.2941 0.019607844 -547
11 503.53375 1335.7832 0.019607844 -596
12 503.53375 1341.3014 0.019607844 -646
13 503.53375 1342.3009 0.019607844 -678
0 821.2396 757.6054 0.019607844 -119
1 752.7059 757.6054 0.019607844 -119
2 685.41925 758.60486 0.019607844 -152
3 608.2446 761.5412 0.019607844 -184
4 573.58356 762.6028 0.019607844 -234
5 556.99274 763.6023 0.021568628 -284
6 550.30994 763.6023 0.021568628 -333
7 549.4912 770.5417 0.019607844 -383
8 550.4903 839.4917 0.019607844 -432
9 546.2074 997.3744 0.019607844 -482
10 528.77545 1243.5814 0.019607844 -532
11 519.9831 1324.5231 0.019607844 -598
12 518.5199 1339.3556 0.019607844 -647
13 518.5199 1347.4366 0.019607844 -680
14 518.5199 1347.4366 0.019607844 -730
0 532.50696 1001.4784 0.019607844 -516
1 528.9161 1100.064 0.019607844 -516
2 516.3417 1259.1461 0.019607844 -549
3 509.6843 1294.8569 0.019607844 -614
4 507.53006 1299.9609 0.019607844 -664
5 507.53006 1302.3217 0.019607844 -697
6 507.53006 1302.3217 0.019607844 -730
7 507.53006 1302.3217 0.019607844 -744
0 773.284 770.59863 0.019607844 -120
1 721.35126 772.5976 0.019607844 -120
2 633.19196 776.6061 0.021568628 -151
3 580.55035 780.72015 0.021568628 -200
4 543.7785 789.7681 0.019607844 -233
5 526.97003 793.22235 0.019607844 -266
6 518.2583 793.5867 0.019607844 -299
7 512.1881 793.5867 0.019607844 -332
8 510.52728 794.26263 0.019607844 -382
9 512.52545 840.1488 0.019607844 -432
10 513.94855 939.1745 0.019607844 -481
11 512.2987 1021.4613 0.019607844 -514
12 509.52823 1120.8916 0.019607844 -547
13 506.531 1182.6619 0.019607844 -580
14 502.56396 1221.2467 0.019607844 -613
15 501.5356 1232.662 0.019607844 -663
16 501.5356 1237.3555 0.019607844 -712
17 501.5356 1237.3555 0.019607844 -762
18 501.5356 1237.3555 0.019607844 -811
19 501.5356 1237.3555 0.019607844 -827
0 834.2276 741.6137 0.019607844 -119
1 807.7321 742.6132 0.019607844 -119
2 708.1841 742.6132 0.019607844 -135
3 643.9268 742.6132 0.019607844 -185
4 588.3179 742.6132 0.019607844 -218
5 559.55597 742.6132 0.019607844 -251
6 542.76184 742.6132 0.019607844 -284
7 537.5363 742.6132 0.019607844 -333
8 533.9989 742.6132 0.019607844 -366
9 533.50604 742.84454 0.019607844 -399
10 536.50323 819.31415 0.019607844 -433
11 536.50323 923.75433 0.019607844 -482
12 530.79193 1056.0809 0.019607844 -515
13 521.0927 1155.271 0.019607844 -548
14 510.6522 1250.5984 0.019607844 -581
15 506.85608 1271.3617 0.019607844 -631
16 503.10767 1280.7594 0.019607844 -664
17 502.5347 1284.4413 0.019607844 -697
18 502.5347 1285.3306 0.019607844 -730
19 502.5347 1285.3306 0.019607844 -746
0 736.31824 390.79645 0.019607844 -120
1 716.01184 393.49054 0.019607844 -120
2 615.73254 393.16174 0.019607844 -136
3 537.6519 391.83554 0.019607844 -185
4 464.1495 394.17477 0.019607844 -218
5 433.79672 391.79593 0.019607844 -268
6 422.6748 391.79593 0.019607844 -317
7 419.61148 391.79593 0.019607844 -367
8 420.5861 410.61465 0.019607844 -417
9 431.05725 478.4019 0.019607844 -466
10 433.31326 595.5529 0.01764706 -499
11 441.03757 695.658 0.019607844 -532
12 440.56863 812.1624 0.019607844 -565
13 439.59296 894.22095 0.019607844 -598
14 439.59296 909.3875 0.019607844 -648
15 440.59204 916.47925 0.019607844 -681
16 440.59204 917.5221 0.019607844 -730
17 440.59204 917.5221 0.01764706 -739
0 765.2914 758.60486 0.019607844 -144
1 734.54755 758.60486 0.019607844 -144
2 635.1627 761.8281 0.019607844 -159
3 572.78357 767.3794 0.019607844 -208
4 538.59125 768.5997 0.019607844 -241
5 522.9454 769.49176 0.021568628 -274
6 513.3731 773.74866 0.019607844 -307
7 509.61768 778.4155 0.019607844 -340
8 508.52914 783.50775 0.019607844 -373
9 511.48523 821.3047 0.019607844 -406
10 511.52637 821.5721 0.019607844 -439
11 512.52545 842.56116 0.021568628 -440
12 513.52454 920.52057 0.019607844 -467
13 509.52823 1083.4357 0.019607844 -467
14 506.531 1117.418 0.019607844 -513
15 503.53375 1151.4003 0.019607844 -531
16 497.5393 1221.3639 0.019607844 -531
17 492.54395 1270.3384 0.019607844 -556
18 486.5495 1310.8171 0.019607844 -556
19 481.5541 1346.2988 0.019607844 -570
20 478.5569 1363.2899 0.019607844 -592
21 474.5606 1385.2784 0.019607844 -626
22 473.56152 1401.2701 0.019607844 -626
23 474.5606 1401.2701 0.01764706 -702
