0 763.2933 394.79437 0.019607844 -105
1 581.79047 373.7218 0.023529414 -105
2 475.7288 369.80737 0.023529414 -202
3 451.42978 368.8079 0.023529414 -267
4 445.0879 368.8079 0.023529414 -317
5 445.4584 379.72107 0.023529414 -366
6 447.58557 456.85178 0.023529414 -416
7 447.17413 621.9136 0.023529414 -465
8 447.38257 843.43713 0.021568628 -515
9 436.53397 934.69867 0.023529414 -581
10 432.59946 961.9414 0.021568628 -647
11 429.60223 982.6339 0.019607844 -697
12 423.4569 1012.85004 0.021568628 -746
13 411.50717 1037.6831 0.023529414 -796
14 406.6235 1046.6705 0.019607844 -862
15 408.62164 1049.4534 0.01764706 -928
16 408.62164 1049.4534 0.01764706 -962
0 743.31177 378.8027 0.019607844 -70
1 705.9625 382.3222 0.023529414 -70
2 542.4493 378.41455 0.023529414 -95
3 434.2211 381.49936 0.023529414 -160
4 387.84525 384.79956 0.023529414 -226
5 381.5997 384.79956 0.023529414 -292
6 383.86908 388.6343 0.021568628 -342
7 400.62903 428.27692 0.019607844 -408
8 413.19916 560.81445 0.019607844 -458
9 415.27835 726.1139 0.019607844 -507
10 396.00485 924.87024 0.019607844 -557
11 391.6374 963.3921 0.019607844 -639
12 392.42044 980.8405 0.019607844 -689
13 392.63644 998.96844 0.019607844 -738
14 387.64108 1022.17267 0.019607844 -788
15 387.64108 1032.9869 0.019607844 -854
16 387.64108 1041.5664 0.019607844 -903
17 387.64108 1050.4529 0.019607844 -953
18 391.6374 1053.4513 0.01764706 -1019
19 391.6374 1053.4513 0.01764706 -1060
0 770.2868 416.78293 0.023529414 -79
1 733.03723 413.7845 0.023529414 -79
2 639.9675 402.55792 0.023529414 -119
3 528.46936 390.79428 0.023529414 -168
4 450.31213 387.94202 0.023529414 -218
5 410.3324 386.79852 0.023529414 -267
6 395.5918 384.7577 0.023529414 -317
7 392.63644 384.79956 0.023529414 -383
8 397.3089 399.5292 0.023529414 -432
9 400.55737 453.04636 0.019607844 -482
10 404.66043 616.76776 0.019607844 -515
11 406.16977 832.8353 0.021568628 -564
12 396.5184 948.8792 0.019607844 -631
13 392.63644 994.79645 0.021568628 -680
14 392.63644 1006.1599 0.021568628 -730
15 392.63644 1011.43005 0.021568628 -779
16 392.63644 1012.47266 0.019607844 -829
17 399.72366 1014.99475 0.019607844 -895
18 404.62534 1016.4706 0.01764706 -944
19 404.62534 1016.4706 0.01764706 -957
0 796.2627 437.77197 0.019607844 -86
1 775.32794 434.77356 0.019607844 -86
2 687.3447 427.00278 0.019607844 -119
3 553.61334 411.40085 0.021568628 -168
4 441.82687 407.55658 0.021568628 -218
5 381.28238 409.78656 0.021568628 -267
6 367.29727 409.78656 0.021568628 -317
7 367.32303 415.11008 0.019607844 -366
8 385.44827 564.20215 0.019607844 -416
9 390.86017 801.5101 0.019607844 -482
10 371.65585 1069.9427 0.019607844 -531
11 360.58417 1099.6731 0.019607844 -613
12 359.667 1106.8882 0.019607844 -663
13 364.66235 1109.4221 0.01764706 -713
14 364.66235 1109.4221 0.01764706 -762
0 811.24884 413.7845 0.019607844 -104
1 755.72656 406.52597 0.021568628 -104
2 626.8607 388.1953 0.023529414 -144
3 500.70193 380.80167 0.023529414 -194
4 435.61014 382.80063 0.023529414 -243
5 420.2691 382.80063 0.023529414 -293
6 414.2911 382.80063 0.023529414 -342
7 409.28387 382.80063 0.023529414 -392
8 411.82883 402.03458 0.019607844 -441
9 440.81546 583.4682 0.019607844 -491
10 454.5791 841.0989 0.019607844 -541
11 449.4896 1045.3395 0.019607844 -590
12 445.82797 1078.2345 0.019607844 -656
13 440.37912 1091.6445 0.019607844 -689
14 440.59204 1094.4299 0.019607844 -739
15 441.59113 1095.4294 0.019607844 -788
16 444.58835 1096.429 0.019607844 -809
0 787.27106 372.80582 0.019607844 -70
1 771.2298 372.80582 0.019607844 -70
2 644.43335 373.28677 0.023529414 -95
3 543.8115 378.4179 0.021568628 -161
4 486.57877 383.7956 0.021568628 -210
5 440.18045 389.79697 0.019607844 -243
6 402.10303 392.7954 0.021568628 -276
7 392.92746 392.7954 0.023529414 -326
8 388.64014 392.7954 0.019607844 -359
9 391.50693 407.87344 0.019607844 -408
10 407.76465 510.94415 0.019607844 -458
11 428.17963 754.10767 0.019607844 -491
12 422.63974 974.2005 0.019607844 -540
13 405.48004 1079.1604 0.019607844 -590
14 398.34158 1102.2946 0.019607844 -639
15 394.6346 1112.4205 0.019607844 -672
16 394.6346 1112.4205 0.019607844 -723
0 786.272 393.7949 0.019607844 -17
1 783.4649 390.98666 0.019607844 -17
2 763.70746 388.8625 0.021568628 -43
3 674.1442 394.79437 0.021568628 -93
4 585.52783 396.1409 0.021568628 -142
5 471.65466 398.14532 0.021568628 -175
6 403.22134 397.79282 0.023529414 -225
7 382.3688 397.79282 0.021568628 -274
8 378.1499 397.79282 0.019607844 -340
9 407.18372 476.78427 0.019607844 -382
10 425.18948 676.0198 0.019607844 -456
11 407.72388 860.9433 0.019607844 -506
12 394.3002 955.17615 0.019607844 -555
13 385.9603 988.5321 0.019607844 -605
14 385.6429 996.6723 0.019607844 -654
15 386.642 996.48096 0.019607844 -704
16 387.64108 996.48096 0.01764706 -728
0 788.27014 399.79178 0.019607844 -86
1 734.568 401.7907 0.019607844 -86
2 614.5455 400.79126 0.019607844 -127
3 540.44684 401.79333 0.021568628 -176
4 442.5528 407.79337 0.023529414 -209
5 390.43674 406.78812 0.023529414 -258
6 374.63364 404.77942 0.023529414 -308
7 369.6577 404.78915 0.019607844 -357
8 404.67303 493.39096 0.019607844 -423
9 447.882 784.8357 0.019607844 -489
10 452.33185 940.25555 0.019607844 -555
11 445.99167 1015.0435 0.019607844 -605
12 445.58743 1030.5089 0.019607844 -654
13 446.5865 1034.4612 0.019607844 -704
14 447.58557 1035.4607 0.019607844 -738
0 781.2766 390.79645 0.019607844 -112
1 763.2003 393.7045 0.019607844 -112
2 672.9941 399.0042 0.019607844 -144
3 594.1365 402.2445 0.019607844 -193
4 503.0285 410.65353 0.019607844 -226
5 460.82205 408.78708 0.019607844 -276
6 449.73605 408.78708 0.019607844 -325
7 443.51752 407.71582 0.019607844 -358
8 441.14514 408.89423 0.019607844 -408
9 443.54846 423.41196 0.019607844 -441
10 458.27634 590.257 0.019607844 -474
11 464.009 841.47516 0.01764706 -523
12 459.5966 956.23627 0.01764706 -589
13 450.16675 1002.3108 0.019607844 -639
14 450.5828 1005.4763 0.01764706 -705
15 450.5828 1005.4763 0.01764706 -749
0 684.36633 395.79385 0.019607844 -140
1 578.0003 386.55222 0.019607844 -140
2 460.15353 373.44412 0.019607844 -186
3 417.5487 371.80634 0.019607844 -235
4 406.0812 371.80634 0.019607844 -284
5 401.6281 371.80634 0.019607844 -334
6 401.6281 372.80582 0.019607844 -383
7 401.6281 372.80582 0.019607844 -405
8 569.4727 596.6892 0.019607844 -435
9 586.9509 1029.5419 0.019607844 -435
10 584.66437 1179.5057 0.019607844 -548
11 579.12695 1210.38 0.019607844 -598
12 579.46344 1217.296 0.019607844 -648
13 579.46344 1218.3654 0.019607844 -697
14 578.4644 1218.3654 0.019607844 -706
0 751.3043 404.78915 0.019607844 -153
1 712.7025 408.0805 0.019607844 -153
2 543.0397 402.7902 0.019607844 -176
3 444.42133 400.80518 0.021568628 -242
4 412.64914 399.79178 0.019607844 -292
5 401.10468 399.79178 0.019607844 -325
6 397.52493 399.79178 0.019607844 -358
7 397.89847 399.79178 0.019607844 -391
8 400.62906 408.85654 0.019607844 -440
9 410.6198 501.73868 0.019607844 -473
10 451.58188 599.6876 0.025490198 -515
11 437.59482 631.67096 0.019607844 -543
12 402.8445 890.82495 0.019607844 -543
13 396.58267 961.79974 0.019607844 -623
14 391.6374 979.6465 0.019607844 -672
15 392.63644 983.48773 0.019607844 -721
16 392.63644 983.48773 0.01764706 -771
0 764.2923 382.80063 0.019607844 -96
1 734.16174 381.3146 0.019607844 -96
2 637.35223 379.8831 0.019607844 -118
3 509.343 372.80582 0.019607844 -168
4 452.3936 370.80685 0.019607844 -217
5 416.30798 370.80685 0.019607844 -250
6 407.68066 370.80685 0.019607844 -300
7 404.62534 370.80685 0.019607844 -349
8 402.90955 409.80838 0.019607844 -399
9 407.19022 591.24194 0.019607844 -448
10 413.1427 733.9102 0.019607844 -498
11 397.23276 912.51636 0.019607844 -531
12 381.99155 991.42993 0.019607844 -580
13 380.64755 1024.1028 0.019607844 -630
14 381.64664 1027.4648 0.015686275 -680
15 381.64664 1027.4648 0.015686275 -724
0 493.54303 397.79282 0.019607844 -247
1 467.9442 398.49744 0.019607844 -247
2 423.0076 394.79437 0.019607844 -267
3 421.60962 394.79437 0.019607844 -316
4 435.59668 418.78186 0.027450982 -321
5 447.58557 446.7673 0.019607844 -434
6 442.9807 442.69666 0.019607844 -434
7 431.15796 467.23456 0.019607844 -448
8 425.60593 606.6332 0.019607844 -498
9 426.28326 784.45605 0.019607844 -547
10 416.37378 898.9759 0.019607844 -597
11 415.61517 947.81396 0.019607844 -646
12 416.61426 960.064 0.019607844 -696
13 416.61426 962.49866 0.019607844 -745
14 416.61426 962.49866 0.019607844 -776
0 714.33856 378.8027 0.019607844 -95
1 593.08386 374.59845 0.019607844 -95
2 502.10428 374.80478 0.019607844 -151
3 409.93936 373.93405 0.019607844 -184
4 361.48386 375.80426 0.019607844 -233
5 350.362 373.49188 0.019607844 -283
6 347.67807 373.8053 0.019607844 -332
7 350.42725 387.31552 0.019607844 -382
8 359.667 499.96762 0.019607844 -432
9 374.8801 697.68005 0.019607844 -481
10 368.45145 863.6239 0.019607844 -531
11 364.66235 933.9215 0.019607844 -580
12 363.66327 951.09845 0.019607844 -630
13 363.66327 954.97925 0.019607844 -679
14 363.66327 954.50287 0.01764706 -712
15 363.66327 954.50287 0.01764706 -717
0 896.1702 782.5924 0.019607844 -18
1 895.06836 782.5924 0.019607844 -18
2 859.3684 789.5589 0.019607844 -59
3 751.58875 798.8085 0.019607844 -109
4 628.3905 801.02875 0.019607844 -158
5 550.8867 805.5804 0.019607844 -208
6 521.8708 805.5804 0.019607844 -257
7 513.38184 805.5804 0.019607844 -307
8 508.19836 805.5804 0.021568628 -356
9 510.1955 862.252 0.019607844 -406
10 515.52264 1043.4866 0.019607844 -455
11 513.46515 1280.814 0.021568628 -505
12 504.28894 1413.2169 0.019607844 -554
13 496.689 1456.7946 0.019607844 -604
14 495.54117 1464.2373 0.019607844 -653
15 495.54117 1465.2368 0.019607844 -698
0 570.4718 373.8053 0.019607844 -147
1 511.73117 371.80634 0.019607844 -147
2 408.6686 370.80685 0.019607844 -168
3 376.23288 370.80685 0.019607844 -217
4 375.65216 370.80685 0.019607844 -266
5 383.74924 397.83038 0.019607844 -316
6 400.66077 533.91235 0.019607844 -365
7 402.53534 709.3431 0.01764706 -415
8 391.23502 889.8881 0.019607844 -465
9 380.595 959.8682 0.019607844 -514
10 377.65033 976.30206 0.019607844 -564
11 378.6494 977.49084 0.01764706 -613
12 378.6494 977.49084 0.015686275 -623
0 597.44684 374.80478 0.019607844 -154
1 519.95325 372.80582 0.019607844 -154
2 432.85324 373.6005 0.019607844 -184
3 404.5578 374.80478 0.019607844 -234
4 398.1888 374.80478 0.019607844 -283
5 392.8397 377.39658 0.019607844 -333
6 391.786 439.91125 0.019607844 -382
7 395.4497 631.764 0.019607844 -432
8 390.6383 825.11194 0.01764706 -481
9 386.642 944.27734 0.019607844 -531
10 386.642 970.79694 0.019607844 -580
11 387.64108 974.49243 0.015686275 -630
12 387.64108 974.49243 0.015686275 -661
0 749.3062 374.80478 0.019607844 -103
1 633.0931 382.80063 0.019607844 -103
2 498.67813 379.8022 0.019607844 -152
3 437.52753 378.8027 0.019607844 -201
4 421.0356 378.8027 0.019607844 -251
5 416.05188 377.80322 0.019607844 -300
6 416.61426 390.303 0.019607844 -350
7 424.00153 531.8317 0.019607844 -399
8 422.6087 579.69806 0.01764706 -449
9 422.6087 579.69806 0.01764706 -466
10 559.48193 930.5153 0.019607844 -492
11 551.44116 1078.7759 0.019607844 -492
12 548.4921 1095.1582 0.019607844 -581
13 548.4921 1098.4279 0.019607844 -631
14 548.4921 1099.4274 0.019607844 -659
0 784.2738 762.6028 0.019607844 -112
1 722.14343 778.57263 0.019607844 -112
2 570.5186 781.5929 0.021568628 -144
3 526.4946 781.5929 0.021568628 -210
4 517.3581 786.5903 0.019607844 -260
5 515.52264 788.7369 0.019607844 -309
6 528.1219 876.2636 0.021568628 -359
7 531.5079 1055.3386 0.019607844 -408
8 510.3744 1259.8768 0.019607844 -458
9 489.87186 1368.9852 0.019607844 -508
10 476.81485 1401.501 0.019607844 -557
11 473.14832 1407.6803 0.019607844 -607
12 471.56335 1410.2655 0.019607844 -640
13 471.56335 1410.2655 0.019607844 -673
14 471.56335 1410.2655 0.019607844 -722
15 471.56335 1410.2655 0.019607844 -742
0 588.45514 397.79282 0.019607844 -204
1 565.2485 395.19183 0.019607844 -204
2 520.9353 396.70987 0.019607844 -218
3 504.09665 396.79333 0.019607844 -268
4 499.75235 396.79333 0.019607844 -317
5 494.4267 396.79333 0.019607844 -350
6 487.24033 394.79437 0.019607844 -400
7 477.067 393.7949 0.019607844 -433
8 458.65982 394.79437 0.019607844 -466
9 447.1421 395.79385 0.019607844 -515
10 441.6559 395.79385 0.019607844 -565
11 438.81024 402.6564 0.019607844 -614
12 436.59573 471.00034 0.019607844 -664
13 443.1627 638.71204 0.019607844 -713
14 450.5828 768.0871 0.01764706 -763
15 448.7005 931.6597 0.019607844 -796
16 441.59113 1001.17285 0.019607844 -846
17 440.4779 1019.469 0.019607844 -895
18 440.59204 1019.469 0.015686275 -945
19 440.59204 1019.469 0.015686275 -978
20 440.59204 1019.469 0.015686275 -986
0 662.38666 432.7746 0.019607844 -135
1 568.81885 424.11417 0.019607844 -135
2 514.98755 420.78082 0.019607844 -176
3 472.03058 419.78134 0.019607844 -208
4 453.54575 419.78134 0.019607844 -241
5 441.45407 419.78134 0.019607844 -274
6 435.76236 419.78134 0.019607844 -324
7 430.55402 419.78134 0.019607844 -373
8 429.60223 426.56122 0.019607844 -423
9 427.60464 465.75357 0.019607844 -472
10 411.3431 626.50635 0.019607844 -505
11 398.0196 752.8803 0.019607844 -555
12 389.31476 890.459 0.019607844 -588
13 378.0895 954.18427 0.019607844 -638
14 371.0286 977.3745 0.019607844 -671
15 369.6577 984.853 0.01764706 -704
16 370.6568 987.48566 0.01764706 -737
17 371.65588 987.48566 0.015686275 -759
0 590.4533 388.7975 0.019607844 -144
1 519.2595 388.7975 0.019607844 -144
2 443.2624 382.80063 0.019607844 -176
3 423.6078 382.80063 0.019607844 -225
4 418.2485 382.80063 0.019607844 -247
5 400.83426 380.00748 0.019607844 -258
6 395.57382 378.8027 0.019607844 -324
7 395.58493 393.59976 0.019607844 -373
8 399.62997 455.63245 0.019607844 -423
9 412.09454 588.5972 0.019607844 -456
10 416.61426 701.3876 0.019607844 -489
11 418.32852 836.02374 0.01764706 -522
12 416.06976 910.5154 0.01764706 -555
13 413.61703 966.1174 0.01764706 -588
14 409.62073 987.36694 0.01764706 -637
15 409.62073 988.48517 0.01764706 -687
16 409.62073 988.48517 0.01764706 -696
0 700.3515 381.80115 0.019607844 -128
1 622.4053 380.80167 0.019607844 -128
2 511.51755 381.63507 0.019607844 -168
3 447.84253 379.8022 0.019607844 -217
4 428.52853 379.8022 0.019607844 -266
5 421.72736 379.8022 0.019607844 -316
6 419.61148 391.77063 0.019607844 -365
7 425.86356 511.14517 0.019607844 -415
8 428.5744 682.0477 0.019607844 -464
9 423.16815 819.34686 0.019607844 -514
10 421.60962 933.9865 0.019607844 -547
11 421.60962 962.97736 0.019607844 -596
12 421.60962 967.4961 0.01764706 -646
13 421.60962 967.4961 0.01764706 -678
0 697.3543 395.79385 0.019607844 -119
1 636.8132 399.0239 0.019607844 -119
2 568.52747 399.79178 0.01764706 -152
3 491.35287 399.72968 0.019607844 -184
4 456.39697 401.7907 0.019607844 -234
5 443.84326 402.7902 0.019607844 -284
6 438.41357 402.7902 0.019607844 -333
7 433.11322 402.7902 0.019607844 -383
8 433.49954 466.58682 0.019607844 -432
9 435.31006 619.7103 0.019607844 -482
10 435.1272 861.2505 0.019607844 -532
11 429.06723 946.7198 0.019607844 -598
12 425.2552 962.5519 0.019607844 -647
13 423.6078 969.63354 0.01764706 -680
14 423.6078 969.63354 0.01764706 -730
0 430.6013 617.6783 0.019607844 -516
1 432.59946 724.0714 0.019607844 -516
2 427.24402 879.8842 0.019607844 -549
3 420.7666 916.0542 0.019607844 -614
4 417.9749 923.1572 0.019607844 -664
5 417.6133 925.51794 0.019607844 -697
6 417.6133 925.51794 0.01764706 -730
7 417.6133 925.51794 0.01764706 -744
0 674.3756 395.79385 0.019607844 -120
1 622.3204 398.7923 0.019607844 -120
2 537.3018 401.81183 0.019607844 -151
3 485.17038 403.32162 0.019607844 -200
4 452.8627 406.8778 0.019607844 -233
5 435.0551 407.7876 0.019607844 -266
6 427.47327 407.7876 0.019607844 -299
7 422.27136 407.7876 0.019607844 -332
8 421.60962 409.4631 0.019607844 -382
9 420.61053 459.38623 0.019607844 -432
10 424.75797 558.09985 0.019607844 -481
11 425.1524 642.20483 0.019607844 -514
12 428.8103 740.26056 0.019607844 -547
13 429.60223 803.8592 0.019607844 -580
14 425.6352 845.4424 0.019607844 -613
15 423.6078 856.8576 0.019607844 -663
16 423.6078 861.2388 0.019607844 -712
17 425.77975 862.5507 0.019607844 -762
18 426.605 862.5507 0.01764706 -811
19 426.605 862.5507 0.015686275 -827
0 737.3173 366.80893 0.019607844 -119
1 708.6265 364.81 0.019607844 -119
2 615.34406 366.1673 0.019607844 -135
3 541.88885 361.75858 0.019607844 -185
4 486.06488 363.6947 0.019607844 -218
5 451.65588 361.81155 0.019607844 -251
6 433.86264 361.81155 0.019607844 -284
7 428.63715 361.81155 0.019607844 -333
8 425.09976 361.81155 0.019607844 -366
9 422.7243 362.9267 0.019607844 -399
10 430.25598 436.45184 0.019607844 -433
11 440.7822 533.4818 0.019607844 -482
12 451.4483 667.16583 0.019607844 -515
13 449.63385 768.62305 0.01764706 -548
14 444.71326 864.7994 0.019607844 -581
15 438.91898 886.5621 0.019607844 -631
16 436.16965 894.9603 0.019607844 -664
17 435.59668 898.6422 0.019607844 -697
18 435.59668 899.5315 0.01764706 -730
19 435.59668 899.5315 0.015686275 -746
0 842.22015 764.60175 0.019607844 -120
1 816.52783 765.60126 0.019607844 -120
2 717.3716 765.60126 0.019607844 -136
3 638.51886 764.60175 0.019607844 -185
4 559.68097 765.60126 0.019607844 -218
5 533.7042 765.60126 0.021568628 -268
6 523.58136 765.60126 0.021568628 -317
7 518.31915 765.60126 0.021568628 -367
8 516.5217 789.44183 0.019607844 -417
9 516.5217 865.1132 0.019607844 -466
10 516.5217 979.353 0.019607844 -499
11 514.30084 1080.4576 0.019607844 -532
12 508.50574 1193.8466 0.019607844 -565
13 504.53284 1273.0236 0.019607844 -598
14 502.5347 1288.1902 0.019607844 -648
15 502.5347 1295.2819 0.019607844 -681
16 502.5347 1295.3253 0.019607844 -730
17 502.5347 1295.3253 0.019607844 -739
0 661.38763 384.79956 0.019607844 -144
1 629.6447 385.50876 0.019607844 -144
2 532.81976 394.13208 0.019607844 -159
3 470.4365 401.12827 0.019607844 -208
4 425.60468 401.7907 0.019607844 -241
5 408.15903 401.7907 0.019607844 -274
6 399.86203 401.7907 0.019607844 -307
7 395.7231 401.7907 0.019607844 -340
8 399.08838 410.6178 0.019607844 -373
9 405.58328 448.4577 0.019607844 -406
10 405.62442 448.76627 0.019607844 -439
11 405.62442 448.76627 0.019607844 -440
12 554.4866 745.61163 0.019607844 -467
13 552.48846 848.55804 0.019607844 -467
14 494.54208 829.56793 0.019607844 -513
15 487.54858 859.5523 0.025490198 -531
16 487.54858 859.5523 0.025490198 -531
17 418.6124 931.51483 0.019607844 -556
18 416.61426 932.5143 0.01764706 -556
19 411.61887 970.4945 0.01764706 -570
20 411.61887 970.4945 0.01764706 -592
21 417.6133 1042.457 0.019607844 -626
22 417.6133 1039.4586 0.01764706 -626
23 417.6133 1039.4586 0.01764706 -702
