0 920.148 628.67255 0.023529414 -199
1 920.148 628.67255 0.023529414 -199
2 920.148 628.67255 0.023529414 -213
3 920.148 628.67255 0.023529414 -255
4 920.148 628.67255 0.021568628 -292
5 920.148 628.67255 0.019607844 -325
6 917.4773 628.67255 0.019607844 -358
7 913.9251 628.67255 0.019607844 -374
8 907.6693 628.67255 0.019607844 -391
9 882.4802 628.67255 0.019607844 -407
10 849.4659 628.67255 0.019607844 -457
11 816.2873 625.3786 0.019607844 -490
12 800.0757 625.67413 0.019607844 -523
13 781.46747 623.8736 0.019607844 -540
14 762.4893 620.316 0.019607844 -556
15 744.7659 616.76984 0.019607844 -573
16 729.48114 613.2197 0.019607844 -589
17 715.3139 609.67566 0.019607844 -606
18 703.6642 606.9032 0.019607844 -622
19 695.32446 605.1769 0.019607844 -639
20 688.4921 603.4681 0.019607844 -655
21 683.36414 602.6861 0.019607844 -672
22 676.9495 602.6861 0.019607844 -688
23 673.53925 602.6861 0.019607844 -721
24 670.1414 602.6861 0.019607844 -754
25 668.32886 602.6861 0.019607844 -787
26 666.58795 604.48 0.019607844 -804
27 664.2857 606.78314 0.019607844 -820
28 663.38574 613.05444 0.019607844 -837
29 661.28687 622.1804 0.019607844 -854
30 656.3922 653.2466 0.019607844 -870
31 654.3666 690.8882 0.019607844 -903
32 650.71655 736.4682 0.019607844 -936
33 647.43256 758.4132 0.019607844 -969
34 643.89996 776.6182 0.019607844 -986
35 642.8314 824.58435 0.019607844 -1002
36 641.4061 869.484 0.019607844 -1035
37 638.4659 906.8998 0.019607844 -1068
38 639.40796 936.67224 0.019607844 -1101
39 638.2597 959.12036 0.019607844 -1118
40 638.8051 987.8315 0.019607844 -1134
41 638.4089 1008.09 0.019607844 -1151
42 636.4178 1033.3693 0.019607844 -1168
43 636.8309 1088.3867 0.019607844 -1184
44 637.4098 1128.8307 0.019607844 -1217
45 636.4107 1159.5985 0.019607844 -1250
46 636.1698 1175.2177 0.019607844 -1283
47 637.4098 1186.2603 0.019607844 -1300
48 637.4098 1195.4135 0.019607844 -1316
49 637.4098 1206.3132 0.019607844 -1333
50 637.4098 1211.0378 0.019607844 -1366
51 637.4098 1213.9995 0.019607844 -1382
52 637.4098 1215.8007 0.019607844 -1399
53 637.4098 1218.3654 0.019607844 -1415
54 637.4098 1218.3654 0.019607844 -1448
55 637.4098 1218.3654 0.019607844 -1465
56 637.4098 1218.3654 0.01764706 -1465
0 929.1397 564.7059 0.021568628 -273
1 926.9594 565.7053 0.021568628 -273
2 923.59454 566.70483 0.021568628 -294
3 921.86365 566.70483 0.021568628 -327
4 920.1642 566.70483 0.021568628 -344
5 918.52435 567.3296 0.021568628 -360
6 918.14984 567.7043 0.021568628 -377
7 918.14984 567.7043 0.021568628 -393
8 915.7184 567.7043 0.019607844 -410
9 913.9167 567.7043 0.019607844 -443
10 912.14105 568.7038 0.019607844 -459
11 905.16187 568.7038 0.019607844 -476
12 899.17413 569.70325 0.019607844 -509
13 891.75256 571.8076 0.019607844 -525
14 865.9155 575.3286 0.019607844 -542
15 849.008 577.16675 0.019607844 -575
16 833.57635 578.882 0.019607844 -591
17 778.28796 577.97723 0.019607844 -608
18 747.60846 576.1866 0.019607844 -641
19 724.5208 575.70013 0.019607844 -658
20 696.9023 573.671 0.019607844 -674
21 669.34326 571.2309 0.019607844 -691
22 646.4165 569.2431 0.019607844 -707
23 626.70844 567.54877 0.019607844 -724
24 611.306 567.7043 0.019607844 -740
25 596.6691 566.10785 0.019607844 -757
26 584.5244 564.4297 0.019607844 -773
27 575.37445 562.68835 0.019607844 -790
28 567.747 562.7069 0.021568628 -806
29 562.46906 562.7069 0.021568628 -823
30 558.4865 562.7069 0.021568628 -839
31 554.28015 562.7069 0.021568628 -856
32 552.52106 562.7069 0.021568628 -889
33 552.48846 562.7069 0.019607844 -905
34 552.48846 562.7069 0.019607844 -922
35 552.48846 564.7614 0.019607844 -939
36 552.48846 568.9545 0.019607844 -955
37 554.409 579.3876 0.019607844 -972
38 557.4838 605.9533 0.019607844 -988
39 560.1531 629.0768 0.019607844 -1021
40 561.87897 650.4518 0.019607844 -1038
41 564.2879 698.0335 0.019607844 -1054
42 566.6458 726.5707 0.019607844 -1087
43 570.14215 753.6327 0.019607844 -1104
44 569.4727 777.1017 0.019607844 -1120
45 572.3527 810.1152 0.019607844 -1137
46 574.41534 841.89404 0.019607844 -1153
47 575.26013 899.63947 0.019607844 -1170
48 579.0018 970.1049 0.019607844 -1203
49 579.46344 1025.2562 0.019607844 -1236
50 582.7175 1052.7937 0.019607844 -1269
51 581.39954 1077.3707 0.019607844 -1286
52 581.3319 1100.609 0.019607844 -1302
53 581.4616 1118.6366 0.019607844 -1319
54 581.4616 1133.048 0.019607844 -1335
55 580.1518 1146.8906 0.019607844 -1352
56 578.40906 1170.9468 0.019607844 -1368
57 578.4644 1181.2764 0.019607844 -1401
58 578.4644 1188.7535 0.019607844 -1418
59 578.4644 1194.5402 0.019607844 -1434
60 578.4644 1198.848 0.019607844 -1451
61 578.4644 1205.1797 0.019607844 -1467
62 578.4644 1208.7987 0.019607844 -1500
63 578.4644 1210.3696 0.019607844 -1533
64 578.4644 1210.3696 0.019607844 -1561
0 930.1388 589.6929 0.023529414 -209
1 928.32275 589.6929 0.023529414 -209
2 925.1928 589.6929 0.023529414 -226
3 923.359 589.6929 0.023529414 -259
4 921.71204 589.6929 0.023529414 -276
5 920.0785 589.6929 0.023529414 -292
6 918.3831 589.6929 0.023529414 -309
7 916.72217 589.6929 0.021568628 -325
8 915.079 589.6929 0.021568628 -342
9 915.15265 589.6929 0.021568628 -358
10 915.15265 589.6929 0.019607844 -375
11 913.841 589.6929 0.019607844 -391
12 912.0328 589.6929 0.019607844 -408
13 908.5562 589.6929 0.019607844 -424
14 887.2243 589.6929 0.019607844 -441
15 852.1792 590.6923 0.019607844 -474
16 819.89185 588.13666 0.019607844 -507
17 792.7336 586.1567 0.019607844 -524
18 761.2163 583.05646 0.019607844 -540
19 733.7733 579.4919 0.019607844 -557
20 697.60144 573.221 0.019607844 -573
21 665.67566 567.2775 0.019607844 -590
22 640.66296 561.6909 0.019607844 -606
23 621.17737 558.4596 0.019607844 -623
24 604.28595 555.04645 0.019607844 -639
25 591.3181 552.19 0.019607844 -656
26 582.5987 550.54083 0.019607844 -672
27 576.78546 548.8206 0.019607844 -689
28 573.4136 548.7142 0.019607844 -705
29 571.32 548.7142 0.019607844 -722
30 569.6397 548.7142 0.019607844 -738
31 568.00464 548.7142 0.019607844 -755
32 566.39685 548.7142 0.019607844 -771
33 565.47644 549.50543 0.021568628 -788
34 565.47644 551.18097 0.019607844 -804
35 565.47644 552.90405 0.019607844 -821
36 565.47644 555.659 0.019607844 -838
37 565.47644 563.9592 0.019607844 -854
38 565.47644 572.8046 0.019607844 -871
39 565.47644 587.96893 0.019607844 -887
40 565.47644 603.4268 0.019607844 -904
41 565.47644 630.30585 0.019607844 -920
42 565.47644 654.6598 0.019607844 -937
43 568.47363 704.1683 0.019607844 -953
44 570.93787 768.06946 0.019607844 -986
45 570.4718 813.4247 0.019607844 -1019
46 568.47363 859.30096 0.019607844 -1052
47 568.47363 879.69336 0.019607844 -1085
48 567.18774 898.68933 0.019607844 -1102
49 565.3815 916.47345 0.019607844 -1118
50 564.8473 964.31433 0.019607844 -1135
51 566.47546 1023.0639 0.019607844 -1168
52 569.4727 1081.4999 0.019607844 -1201
53 572.4699 1128.2236 0.019607844 -1234
54 572.4699 1145.1604 0.019607844 -1267
55 570.2806 1157.7367 0.019607844 -1284
56 569.4115 1167.6984 0.019607844 -1300
57 571.3455 1180.632 0.019607844 -1317
58 571.4709 1189.1208 0.019607844 -1333
59 571.4709 1194.3583 0.019607844 -1350
60 571.4709 1197.9725 0.019607844 -1366
61 571.4709 1200.5187 0.019607844 -1383
62 571.4709 1202.3182 0.019607844 -1399
63 571.4709 1204.136 0.019607844 -1416
64 571.4709 1204.8724 0.019607844 -1432
65 571.9215 1204.3727 0.019607844 -1439
66 573.469 1204.3727 0.019607844 -1465
67 574.4681 1204.3727 0.019607844 -1479
0 958.11285 595.68976 0.019607844 -356
1 955.4017 595.68976 0.019607844 -356
2 953.6381 595.68976 0.019607844 -381
3 951.87427 595.68976 0.019607844 -398
4 950.09644 595.68976 0.019607844 -414
5 948.35767 595.68976 0.019607844 -431
6 946.5997 595.68976 0.019607844 -447
7 944.87427 595.68976 0.019607844 -464
8 943.10254 595.68976 0.019607844 -480
9 941.3686 595.68976 0.019607844 -497
10 939.61365 595.68976 0.019607844 -513
11 936.10046 595.68976 0.019607844 -530
12 930.1125 595.68976 0.019607844 -563
13 920.9671 595.68976 0.019607844 -596
14 898.386 593.9679 0.019607844 -629
15 883.20856 593.6908 0.019607844 -662
16 867.15845 593.6908 0.019607844 -679
17 847.1129 590.5921 0.019607844 -695
18 827.79755 588.74976 0.019607844 -712
19 797.24005 585.96 0.019607844 -728
20 748.64624 582.23914 0.019607844 -745
21 726.8016 579.6543 0.019607844 -778
22 702.445 578.15393 0.019607844 -794
23 679.51935 575.16846 0.019607844 -811
24 661.5257 573.41516 0.019607844 -827
25 644.7536 571.5724 0.019607844 -844
26 612.93243 567.2045 0.019607844 -860
27 597.76 563.78467 0.019607844 -893
28 591.7336 562.02765 0.019607844 -927
29 586.33765 560.335 0.019607844 -943
30 583.3809 558.66956 0.019607844 -960
31 580.7711 558.709 0.019607844 -976
32 579.08765 558.709 0.019607844 -993
33 577.3919 558.709 0.019607844 -1009
34 575.6945 558.709 0.019607844 -1026
35 572.32086 560.85706 0.019607844 -1042
36 570.5436 563.5628 0.019607844 -1075
37 571.1243 572.6206 0.019607844 -1092
38 571.4709 581.55273 0.019607844 -1108
39 570.63245 605.3982 0.019607844 -1125
40 570.4718 629.1034 0.019607844 -1158
41 570.4718 650.3626 0.019607844 -1174
42 568.36865 670.9118 0.019607844 -1191
43 569.4727 698.1414 0.019607844 -1207
44 570.05524 726.5339 0.019607844 -1224
45 570.4718 752.40533 0.019607844 -1240
46 570.4718 777.8244 0.019607844 -1257
47 572.4699 806.25867 0.019607844 -1273
48 573.8293 841.168 0.019607844 -1290
49 575.46716 868.31903 0.019607844 -1307
50 572.4318 911.98224 0.019607844 -1323
51 571.8527 963.52966 0.019607844 -1356
52 572.4699 1004.5924 0.019607844 -1389
53 571.3256 1023.7754 0.019607844 -1422
54 569.5436 1040.7487 0.019607844 -1439
55 570.4718 1058.0837 0.019607844 -1455
56 569.91974 1070.7576 0.019607844 -1472
57 569.4727 1084.5302 0.019607844 -1488
58 569.4727 1098.4846 0.019607844 -1505
59 570.4766 1113.4636 0.019607844 -1521
60 570.4718 1127.0957 0.019607844 -1538
61 570.4718 1143.1105 0.019607844 -1554
62 570.4718 1149.124 0.019607844 -1587
63 570.4718 1153.4343 0.019607844 -1604
64 570.4718 1157.8986 0.019607844 -1620
65 570.4718 1163.8607 0.019607844 -1637
66 570.4718 1165.7445 0.019607844 -1670
67 570.4718 1165.393 0.019607844 -1687
68 570.4718 1165.393 0.01764706 -1697
69 570.4718 1165.393 0.01764706 -1718
0 940.1295 604.68506 0.021568628 -307
1 937.5347 604.68506 0.021568628 -307
2 935.85986 604.68506 0.021568628 -332
3 934.15814 604.68506 0.021568628 -348
4 932.4829 604.68506 0.021568628 -365
5 930.8208 604.68506 0.021568628 -381
6 929.1397 604.68506 0.021568628 -398
7 929.1397 604.68506 0.021568628 -429
8 929.1397 604.68506 0.019607844 -464
9 929.1397 604.68506 0.019607844 -469
10 928.12897 604.68506 0.019607844 -513
11 923.1374 604.68506 0.019607844 -530
12 919.4467 604.68506 0.019607844 -563
13 912.82336 605.76733 0.019607844 -580
14 904.69507 605.6845 0.019607844 -596
15 891.94824 607.3369 0.019607844 -613
16 876.51196 609.09125 0.019607844 -629
17 858.5001 610.85236 0.019607844 -646
18 840.44336 610.68195 0.019607844 -662
19 809.6315 610.68195 0.019607844 -679
20 785.1491 610.1406 0.019607844 -695
21 739.8923 606.6488 0.019607844 -712
22 689.9983 600.4925 0.019607844 -745
23 654.08923 596.65106 0.019607844 -778
24 642.22754 595.68976 0.019607844 -811
25 632.51416 595.68976 0.019607844 -827
26 625.2923 595.68976 0.019607844 -844
27 616.0644 595.68976 0.019607844 -860
28 612.5881 595.68976 0.019607844 -894
29 608.71295 595.68976 0.019607844 -910
30 607.0097 595.68976 0.019607844 -943
31 605.36896 595.68976 0.019607844 -960
32 604.4403 595.68976 0.019607844 -976
33 602.18335 600.20544 0.019607844 -993
34 603.4413 619.37366 0.019607844 -1026
35 602.81836 633.6578 0.019607844 -1059
36 601.0702 646.27606 0.019607844 -1075
37 601.5173 689.89813 0.019607844 -1092
38 600.0238 736.6634 0.019607844 -1125
39 598.41956 779.1464 0.019607844 -1158
40 595.96014 828.78345 0.019607844 -1191
41 594.3419 875.7291 0.019607844 -1224
42 589.75397 919.9205 0.019607844 -1257
43 587.2161 952.185 0.019607844 -1290
44 588.45514 993.109 0.019607844 -1323
45 584.9584 1027.4648 0.019607844 -1356
46 588.45514 1063.7758 0.019607844 -1389
47 587.45605 1078.1383 0.019607844 -1422
48 589.4542 1101.8534 0.019607844 -1439
49 589.4542 1117.3665 0.019607844 -1455
50 588.0939 1129.9425 0.019607844 -1472
51 587.3297 1139.0391 0.019607844 -1488
52 586.457 1145.371 0.019607844 -1505
53 586.457 1153.3899 0.019607844 -1521
54 586.457 1160.1643 0.019607844 -1538
55 589.3169 1168.5477 0.019607844 -1554
56 590.6505 1175.1774 0.019607844 -1571
57 594.2839 1182.2184 0.019607844 -1587
58 594.4496 1184.1284 0.019607844 -1621
59 594.4496 1184.383 0.019607844 -1637
60 594.4496 1184.383 0.01764706 -1639
0 938.13135 581.697 0.021568628 -186
1 935.6574 581.697 0.021568628 -186
2 933.90234 581.697 0.021568628 -209
3 932.1464 581.697 0.021568628 -225
4 930.4076 581.697 0.021568628 -242
5 928.70355 581.697 0.021568628 -258
6 929.1397 581.697 0.021568628 -275
7 929.1397 581.697 0.021568628 -291
8 929.1397 581.697 0.021568628 -308
9 929.1397 581.697 0.021568628 -324
10 929.1397 581.697 0.019607844 -341
11 929.1397 581.697 0.019607844 -406
12 925.72235 581.697 0.019607844 -440
13 923.8386 581.697 0.019607844 -473
14 920.99426 581.697 0.019607844 -490
15 916.39343 581.697 0.019607844 -506
16 889.6184 585.2649 0.019607844 -523
17 873.12616 588.5066 0.019607844 -556
18 851.9232 592.04364 0.019607844 -573
19 828.94763 594.7341 0.019607844 -589
20 797.6504 596.6892 0.019607844 -606
21 769.12683 597.68866 0.019607844 -622
22 745.33673 599.07056 0.019607844 -639
23 717.9384 597.68866 0.019607844 -655
24 687.2887 596.7808 0.019607844 -672
25 662.0767 595.05084 0.019607844 -688
26 640.8593 594.69025 0.019607844 -705
27 603.18787 591.7747 0.019607844 -721
28 589.00714 591.69183 0.019607844 -755
29 578.3952 591.69183 0.019607844 -771
30 571.2178 591.69183 0.019607844 -788
31 565.2407 591.69183 0.019607844 -804
32 560.1646 591.69183 0.019607844 -821
33 557.32025 591.69183 0.019607844 -837
34 555.6618 591.69183 0.019607844 -854
35 553.984 591.69183 0.019607844 -870
36 552.32104 591.69183 0.019607844 -887
37 550.54834 592.63324 0.019607844 -903
38 548.81995 594.3623 0.019607844 -920
39 547.49304 600.07544 0.019607844 -936
40 546.597 620.9551 0.019607844 -953
41 546.1868 637.9007 0.019607844 -986
42 547.49304 681.9689 0.019607844 -1002
43 549.5161 710.07837 0.019607844 -1035
44 554.12994 756.32263 0.019607844 -1052
45 557.3291 791.2736 0.019607844 -1069
46 560.8934 819.1767 0.019607844 -1085
47 561.4801 847.58057 0.019607844 -1102
48 564.5259 876.2235 0.019607844 -1118
49 566.20776 917.7085 0.019607844 -1135
50 567.47455 948.8553 0.019607844 -1151
51 567.9752 979.0088 0.019607844 -1168
52 569.81024 1006.2057 0.019607844 -1184
53 572.42804 1057.7784 0.019607844 -1201
54 572.6159 1082.3905 0.019607844 -1234
55 575.1448 1108.5505 0.019607844 -1250
56 575.46716 1128.9121 0.019607844 -1267
57 575.46716 1143.0991 0.019607844 -1283
58 573.31946 1158.5939 0.019607844 -1300
59 576.53094 1176.9053 0.019607844 -1316
60 576.46625 1189.6794 0.019607844 -1333
61 576.46625 1199.2267 0.019607844 -1349
62 576.46625 1205.9445 0.019607844 -1366
63 576.46625 1211.4435 0.019607844 -1382
64 576.46625 1215.8651 0.019607844 -1399
65 576.46625 1221.6083 0.019607844 -1416
66 576.46625 1228.1384 0.019607844 -1432
67 576.46625 1231.8403 0.019607844 -1449
68 576.9522 1238.814 0.019607844 -1465
69 578.7899 1243.0042 0.019607844 -1498
70 580.4625 1247.3931 0.01764706 -1515
71 580.4625 1247.3931 0.01764706 -1548
0 974.0981 591.69183 0.019607844 -245
1 974.0981 591.69183 0.019607844 -245
2 974.0981 591.69183 0.019607844 -267
3 974.0981 591.69183 0.019607844 -283
4 973.04376 591.69183 0.021568628 -314
5 969.21 591.69183 0.021568628 -382
6 965.7779 591.69183 0.019607844 -415
7 965.1064 591.69183 0.019607844 -448
8 965.1064 591.69183 0.019607844 -481
9 965.1064 591.69183 0.019607844 -498
10 964.16376 591.69183 0.019607844 -515
11 959.4053 591.69183 0.019607844 -548
12 940.8085 594.9102 0.019607844 -581
13 924.3713 596.8861 0.019607844 -614
14 898.19464 597.687 0.019607844 -630
15 868.5793 598.6882 0.019607844 -647
16 839.8092 597.06146 0.019607844 -663
17 810.05817 593.8446 0.019607844 -680
18 783.6761 592.45154 0.019607844 -696
19 754.4324 588.5693 0.019607844 -713
20 704.76166 584.5979 0.019607844 -729
21 675.3653 580.6959 0.019607844 -762
22 666.4272 580.6975 0.019607844 -795
23 659.4248 580.6975 0.019607844 -812
24 654.8842 580.6975 0.021568628 -828
25 651.6099 580.6975 0.021568628 -845
26 647.1637 580.6975 0.021568628 -862
27 645.4857 580.6975 0.021568628 -895
28 642.1296 580.6975 0.019607844 -911
29 640.40704 585.1707 0.019607844 -944
30 640.40704 590.19366 0.019607844 -977
31 639.1538 596.70667 0.019607844 -994
32 638.3624 605.9632 0.019607844 -1010
33 639.2259 620.672 0.019607844 -1027
34 639.40796 639.2925 0.019607844 -1043
35 639.40796 657.4752 0.019607844 -1060
36 640.54614 680.5945 0.019607844 -1076
37 640.40704 704.5934 0.019607844 -1093
38 642.4052 743.1831 0.019607844 -1109
39 640.8596 771.80334 0.019607844 -1126
40 643.1149 802.9751 0.019607844 -1142
41 641.3022 826.02606 0.019607844 -1159
42 641.3646 854.8489 0.019607844 -1176
43 638.8903 885.68353 0.019607844 -1192
44 636.4107 913.42413 0.019607844 -1209
45 636.4107 940.99426 0.019607844 -1225
46 633.15576 960.1768 0.019607844 -1242
47 632.4144 986.4575 0.019607844 -1258
48 630.5962 1015.40906 0.019607844 -1275
49 629.41724 1041.758 0.019607844 -1291
50 630.41626 1067.9401 0.019607844 -1308
51 630.41626 1090.8354 0.019607844 -1324
52 632.4144 1142.8777 0.019607844 -1341
53 634.95013 1177.6909 0.019607844 -1374
54 636.81165 1189.7882 0.019607844 -1407
55 637.4098 1196.9941 0.019607844 -1423
56 637.4098 1202.4208 0.019607844 -1440
57 637.4098 1206.9637 0.019607844 -1456
58 637.4098 1211.7009 0.019607844 -1473
59 637.4098 1213.5204 0.019607844 -1506
60 637.4098 1213.368 0.01764706 -1523
61 637.4098 1213.368 0.01764706 -1572
62 637.4098 1213.368 0.01764706 -1574
0 966.10547 584.69543 0.021568628 -188
1 963.881 584.69543 0.021568628 -188
2 962.1457 584.69543 0.021568628 -209
3 960.4362 584.69543 0.021568628 -226
4 957.08685 585.69495 0.021568628 -242
5 953.6355 586.6944 0.021568628 -276
6 951.96497 586.6944 0.021568628 -309
7 950.22687 586.6944 0.021568628 -325
8 948.56006 587.6939 0.021568628 -342
9 948.12213 587.6939 0.021568628 -358
10 948.12213 587.6939 0.021568628 -375
11 948.12213 587.6939 0.021568628 -391
12 948.12213 587.6939 0.019607844 -424
13 948.12213 587.6939 0.019607844 -441
14 948.12213 587.6939 0.019607844 -457
15 948.12213 587.6939 0.019607844 -474
16 942.8768 587.6939 0.019607844 -490
17 935.8955 587.6939 0.019607844 -523
18 919.0689 588.69336 0.019607844 -540
19 898.8021 589.4535 0.019607844 -556
20 857.66675 588.3693 0.019607844 -573
21 833.0874 587.6939 0.019607844 -606
22 808.4303 586.6397 0.019607844 -623
23 778.5152 584.81305 0.019607844 -639
24 747.04694 581.329 0.019607844 -656
25 723.35425 579.23865 0.019607844 -672
26 700.26654 576.2253 0.019607844 -689
27 658.672 572.97504 0.019607844 -705
28 629.62646 568.59094 0.019607844 -738
29 619.7604 567.7043 0.019607844 -771
30 613.6679 567.7043 0.021568628 -788
31 608.51263 567.7043 0.021568628 -804
32 605.45905 567.7043 0.021568628 -821
33 602.82385 567.7043 0.021568628 -837
34 601.10284 567.7043 0.021568628 -854
35 599.3961 567.7043 0.021568628 -870
36 598.44586 568.43195 0.021568628 -887
37 598.44586 572.93427 0.019607844 -903
38 598.44586 576.5445 0.019607844 -937
39 598.44586 584.0232 0.019607844 -953
40 601.3034 597.1297 0.019607844 -970
41 602.4422 610.9164 0.019607844 -986
42 602.92847 648.0695 0.019607844 -1003
43 604.4403 671.7867 0.019607844 -1036
44 604.4748 720.17706 0.019607844 -1052
45 604.4403 751.8517 0.019607844 -1085
46 605.4394 785.47644 0.019607844 -1102
47 605.4394 812.94476 0.019607844 -1118
48 605.6414 839.79785 0.019607844 -1135
49 605.4394 864.26855 0.019607844 -1151
50 605.2901 896.8437 0.019607844 -1168
51 603.9793 940.1245 0.019607844 -1184
52 605.4394 982.72845 0.019607844 -1217
53 605.4394 1004.97406 0.019607844 -1250
54 607.142 1028.9147 0.019607844 -1267
55 607.43756 1048.1948 0.019607844 -1284
56 609.5306 1082.4806 0.019607844 -1300
57 611.43384 1113.6362 0.019607844 -1333
58 612.4329 1135.6079 0.019607844 -1366
59 612.72015 1144.1289 0.019607844 -1399
60 614.4311 1160.102 0.019607844 -1416
61 614.4311 1164.939 0.019607844 -1449
62 614.4311 1168.541 0.019607844 -1465
63 614.4311 1172.6263 0.019607844 -1482
64 614.4311 1173.3888 0.019607844 -1515
65 614.4311 1173.3888 0.01764706 -1548
66 614.4311 1173.3888 0.015686275 -1556
0 973.099 596.6892 0.019607844 -246
1 970.57477 596.6892 0.021568628 -246
2 967.12146 596.6892 0.021568628 -268
3 965.36707 596.6892 0.021568628 -301
4 963.65326 596.6892 0.021568628 -318
5 963.1082 596.6892 0.021568628 -334
6 963.1082 596.6892 0.021568628 -351
7 963.1082 596.6892 0.021568628 -367
8 961.7493 596.6892 0.021568628 -384
9 960.111 596.6892 0.021568628 -400
10 960.111 596.6892 0.021568628 -417
11 960.111 596.6892 0.021568628 -450
12 960.111 596.6892 0.019607844 -467
13 960.111 596.6892 0.019607844 -483
14 960.111 596.6892 0.019607844 -500
15 960.111 596.6892 0.019607844 -516
16 960.111 596.6892 0.019607844 -533
17 960.111 596.6892 0.019607844 -549
18 960.111 596.6892 0.019607844 -582
19 957.9818 596.6892 0.019607844 -615
20 953.13367 596.6892 0.019607844 -632
21 945.7812 595.68976 0.019607844 -648
22 935.97394 595.68976 0.019607844 -665
23 925.14343 595.68976 0.019607844 -681
24 889.7812 595.68976 0.019607844 -698
25 841.0164 594.8899 0.019607844 -731
26 806.14386 592.9343 0.019607844 -764
27 779.41644 591.13055 0.019607844 -781
28 751.70636 587.8941 0.019607844 -797
29 728.8337 585.4874 0.019607844 -814
30 709.056 584.69543 0.019607844 -830
31 688.24036 582.86707 0.019607844 -847
32 673.23145 581.10516 0.019607844 -863
33 662.26385 580.6975 0.019607844 -880
34 655.23016 580.6975 0.019607844 -896
35 648.94635 580.6975 0.019607844 -913
36 640.00275 580.6975 0.019607844 -929
37 636.53986 580.6975 0.021568628 -962
38 633.7944 580.6975 0.021568628 -979
39 630.5688 580.6975 0.021568628 -995
40 628.73315 580.6975 0.021568628 -1029
41 626.9934 580.6975 0.019607844 -1045
42 627.41907 580.6975 0.019607844 -1062
43 627.41907 582.57776 0.019607844 -1078
44 627.41907 586.686 0.019607844 -1095
45 627.41907 594.9786 0.019607844 -1111
46 626.187 603.85144 0.019607844 -1128
47 624.3695 617.0452 0.019607844 -1144
48 625.4209 641.47327 0.019607844 -1161
49 625.4209 664.48474 0.019607844 -1177
50 626.42 710.5552 0.019607844 -1194
51 626.42 738.2797 0.019607844 -1227
52 627.41907 774.05615 0.019607844 -1243
53 628.7278 802.40625 0.019607844 -1260
54 630.41626 828.2031 0.019607844 -1276
55 630.41626 852.65906 0.019607844 -1293
56 632.4144 877.4605 0.019607844 -1310
57 631.4508 900.99786 0.019607844 -1326
58 631.1801 925.45734 0.019607844 -1343
59 631.41534 947.01624 0.019607844 -1359
60 630.0041 965.6225 0.019607844 -1376
61 629.41724 983.58575 0.019607844 -1392
62 630.41626 1004.3197 0.019607844 -1409
63 630.41626 1027.1393 0.019607844 -1425
64 632.4144 1065.9943 0.019607844 -1442
65 632.4144 1097.696 0.019607844 -1475
66 632.4144 1130.8987 0.019607844 -1508
67 632.4144 1145.4012 0.019607844 -1541
68 631.8816 1156.5975 0.019607844 -1557
69 630.06036 1167.5292 0.019607844 -1574
70 629.41724 1177.1215 0.019607844 -1590
71 630.457 1187.6259 0.019607844 -1607
72 630.41626 1197.7527 0.019607844 -1623
73 630.41626 1206.1796 0.019607844 -1640
74 630.41626 1211.4368 0.019607844 -1656
75 630.41626 1216.4773 0.019607844 -1673
76 630.41626 1220.6713 0.019607844 -1689
77 630.41626 1224.487 0.019607844 -1706
78 630.41626 1226.2877 0.019607844 -1723
79 630.41626 1226.3612 0.01764706 -1739
80 630.41626 1226.3612 0.015686275 -1756
81 630.41626 1226.3612 0.015686275 -1757
0 963.1082 579.69806 0.019607844 -186
1 963.1082 579.69806 0.019607844 -186
2 960.0115 580.6975 0.019607844 -200
3 958.11285 580.6975 0.019607844 -233
4 956.61426 580.6975 0.019607844 -266
5 957.1138 581.697 0.019607844 -282
6 957.1138 582.75433 0.019607844 -299
7 957.1138 582.6965 0.019607844 -349
8 957.1138 582.6965 0.019607844 -399
9 957.1138 582.6965 0.019607844 -408
10 957.1138 582.6965 0.019607844 -465
11 956.00134 582.6965 0.019607844 -498
12 954.2152 582.6965 0.019607844 -514
13 950.6978 582.6965 0.019607844 -531
14 946.5783 582.6965 0.019607844 -548
15 939.9107 584.0006 0.019607844 -564
16 915.4662 586.6944 0.019607844 -581
17 878.5021 587.3257 0.019607844 -614
18 856.46155 586.6944 0.019607844 -647
19 834.9431 586.6944 0.019607844 -663
20 811.2491 585.5839 0.019607844 -680
21 756.033 582.2883 0.019607844 -696
22 730.32385 578.6986 0.019607844 -729
23 707.59796 578.6986 0.019607844 -746
24 686.4024 575.61273 0.019607844 -762
25 649.33057 574.7007 0.019607844 -779
26 635.9162 573.3449 0.019607844 -812
27 624.86554 571.6096 0.019607844 -829
28 617.4054 571.7022 0.019607844 -845
29 611.90576 571.7022 0.019607844 -862
30 608.1025 571.7022 0.019607844 -878
31 604.6565 571.7022 0.021568628 -895
32 602.8705 571.7022 0.021568628 -911
33 601.21906 571.7022 0.021568628 -928
34 601.4431 571.7022 0.019607844 -944
35 601.4431 571.7022 0.019607844 -961
36 601.4431 571.7022 0.019607844 -977
37 601.4431 572.79803 0.019607844 -994
38 601.4431 575.4043 0.019607844 -1011
39 601.4431 580.46436 0.019607844 -1027
40 602.7931 589.8001 0.019607844 -1044
41 604.5801 603.8047 0.019607844 -1060
42 605.4394 620.54846 0.019607844 -1077
43 607.11914 642.2035 0.019607844 -1093
44 608.43665 687.6038 0.019607844 -1110
45 611.4802 718.32275 0.019607844 -1143
46 616.0607 760.73096 0.019607844 -1159
47 619.2641 795.8354 0.019607844 -1176
48 622.90845 854.43665 0.019607844 -1192
49 625.237 919.39166 0.019607844 -1226
50 626.42 945.1503 0.019607844 -1259
51 624.9813 970.6538 0.019607844 -1275
52 625.6371 993.5122 0.019607844 -1292
53 623.539 1041.9445 0.019607844 -1308
54 624.4218 1064.584 0.019607844 -1341
55 624.4218 1083.5867 0.019607844 -1358
56 623.12305 1101.4257 0.019607844 -1374
57 622.4237 1138.0988 0.019607844 -1391
58 622.4237 1154.5867 0.019607844 -1424
59 622.4237 1166.9722 0.019607844 -1440
60 622.4237 1176.4127 0.019607844 -1457
61 621.4246 1185.692 0.019607844 -1474
62 621.4246 1194.8248 0.019607844 -1490
63 621.4246 1200.057 0.019607844 -1507
64 621.4246 1203.804 0.019607844 -1523
65 621.4246 1208.6381 0.019607844 -1540
66 621.4246 1211.369 0.019607844 -1573
67 621.4246 1211.369 0.01764706 -1606
68 621.4246 1211.369 0.01764706 -1614
0 949.1212 582.6965 0.021568628 -220
1 946.5343 584.285 0.021568628 -220
2 944.7885 584.69543 0.021568628 -243
3 942.1277 585.69495 0.021568628 -260
4 942.1277 585.69495 0.021568628 -293
5 940.629 586.6944 0.021568628 -309
6 941.1286 586.6944 0.021568628 -358
7 941.1286 586.6944 0.021568628 -375
8 940.08545 586.6944 0.021568628 -409
9 938.2835 587.6939 0.021568628 -442
10 936.5749 587.6939 0.021568628 -458
11 934.81866 587.6939 0.021568628 -475
12 933.0578 587.6939 0.021568628 -491
13 931.5394 587.6939 0.019607844 -508
14 928.0219 587.6939 0.019607844 -541
15 921.64636 587.6939 0.019607844 -574
16 902.6528 587.6939 0.019607844 -607
17 889.6436 587.6939 0.019607844 -640
18 875.54913 587.6939 0.019607844 -656
19 856.1443 586.6896 0.019607844 -673
20 835.06067 586.6944 0.019607844 -689
21 814.8739 586.08044 0.019607844 -706
22 794.11615 582.7604 0.019607844 -722
23 775.44934 581.43964 0.019607844 -739
24 755.27893 579.5124 0.019607844 -756
25 730.76874 575.9409 0.019607844 -772
26 693.3059 570.2977 0.019607844 -789
27 664.9573 568.7038 0.019607844 -822
28 639.2344 566.2517 0.019607844 -855
29 622.62885 562.75824 0.019607844 -888
30 616.4979 561.70746 0.019607844 -921
31 611.405 561.70746 0.019607844 -937
32 608.3311 561.70746 0.019607844 -954
33 605.7138 561.70746 0.019607844 -970
34 604.0045 561.70746 0.021568628 -987
35 602.36 561.70746 0.021568628 -1003
36 598.98035 561.70746 0.019607844 -1020
37 597.44684 563.63196 0.019607844 -1053
38 597.44684 567.1136 0.019607844 -1086
39 597.44684 572.0999 0.019607844 -1103
40 596.4978 586.44415 0.019607844 -1119
41 597.44684 622.67566 0.019607844 -1152
42 596.1893 636.73816 0.019607844 -1185
43 596.513 658.5058 0.019607844 -1202
44 596.44775 682.3524 0.019607844 -1218
45 594.8824 702.43555 0.019607844 -1235
46 595.8026 727.9346 0.019607844 -1251
47 596.44775 749.60504 0.019607844 -1268
48 598.3207 778.3414 0.019607844 -1284
49 599.44495 803.9795 0.019607844 -1301
50 602.72516 854.2366 0.019607844 -1317
51 603.4413 875.8983 0.019607844 -1350
52 608.0959 927.0828 0.019607844 -1367
53 609.4357 968.1272 0.019607844 -1400
54 609.4357 985.7086 0.019607844 -1433
55 611.2941 1006.4967 0.019607844 -1450
56 611.43384 1027.6936 0.019607844 -1466
57 611.43384 1043.6427 0.019607844 -1483
58 611.43384 1058.078 0.019607844 -1499
59 611.43384 1071.6146 0.019607844 -1516
60 612.4329 1092.0906 0.019607844 -1532
61 612.4329 1108.4209 0.019607844 -1549
62 612.4329 1121.8633 0.019607844 -1565
63 612.4329 1135.3578 0.019607844 -1582
64 614.6036 1148.6102 0.019607844 -1598
65 614.4311 1158.5776 0.019607844 -1615
66 614.4311 1166.7552 0.019607844 -1631
67 614.4311 1172.2844 0.019607844 -1648
68 614.4311 1179.608 0.019607844 -1664
69 614.4311 1181.3745 0.019607844 -1697
70 614.4311 1182.3842 0.019607844 -1714
71 614.4311 1182.3842 0.019607844 -1731
72 614.4311 1182.3842 0.019607844 -1746
73 614.4311 1182.3842 0.019607844 -1780
0 940.1295 577.6991 0.021568628 -246
1 937.8781 577.6991 0.021568628 -246
2 934.54565 577.6991 0.021568628 -267
3 931.1795 577.6991 0.021568628 -300
4 931.1378 577.6991 0.021568628 -333
5 931.1378 577.6991 0.019607844 -357
6 931.1378 577.6991 0.019607844 -465
7 930.11414 577.6991 0.019607844 -494
8 928.2606 577.6991 0.019607844 -515
9 926.459 577.6991 0.019607844 -531
10 924.60657 577.6991 0.019607844 -548
11 921.4167 577.6991 0.019607844 -564
12 916.48883 577.6991 0.019607844 -581
13 904.84283 577.6991 0.019607844 -597
14 891.22516 579.56683 0.019607844 -614
15 875.15045 580.6975 0.019607844 -630
16 856.86346 580.6975 0.019607844 -647
17 838.4197 580.6975 0.019607844 -663
18 818.4488 580.6975 0.019607844 -680
19 798.1519 578.6887 0.019607844 -696
20 748.3867 573.0724 0.019607844 -713
21 695.29236 568.698 0.019607844 -746
22 664.09894 565.7053 0.019607844 -796
23 653.054 565.7053 0.019607844 -829
24 642.60266 564.5722 0.019607844 -845
25 634.62463 563.70636 0.019607844 -862
26 620.90094 562.7069 0.019607844 -878
27 617.1422 562.7069 0.019607844 -911
28 613.6445 562.7069 0.019607844 -928
29 610.25714 562.7069 0.021568628 -944
30 608.1711 562.7069 0.021568628 -961
31 606.44116 562.7069 0.021568628 -977
32 604.7723 562.7069 0.021568628 -994
33 604.4403 562.7069 0.021568628 -1010
34 604.4403 563.80237 0.019607844 -1027
35 604.4403 565.43475 0.019607844 -1043
36 604.4403 568.5542 0.019607844 -1060
37 606.5108 579.98737 0.019607844 -1076
38 608.39825 592.42236 0.019607844 -1109
39 610.19946 609.56213 0.019607844 -1126
40 611.98584 626.1987 0.019607844 -1143
41 613.7943 647.01465 0.019607844 -1159
42 613.432 665.60095 0.019607844 -1176
43 614.4146 693.30865 0.019607844 -1192
44 614.4311 721.392 0.019607844 -1209
45 616.02704 748.5708 0.019607844 -1225
46 617.81116 773.9623 0.019607844 -1242
47 617.60504 800.5909 0.019607844 -1258
48 622.4237 874.1244 0.019607844 -1275
49 622.4237 904.7272 0.019607844 -1308
50 623.8564 933.4593 0.019607844 -1324
51 623.475 987.3743 0.019607844 -1341
52 623.15 1045.3607 0.019607844 -1374
53 624.4218 1068.0596 0.019607844 -1407
54 621.2825 1101.7065 0.019607844 -1423
55 621.51373 1118.3094 0.019607844 -1456
56 622.4237 1145.8163 0.019607844 -1473
57 622.4237 1162.1123 0.019607844 -1506
58 622.4237 1172.4443 0.019607844 -1539
59 622.4237 1176.1852 0.019607844 -1572
60 622.4237 1179.0975 0.019607844 -1589
61 622.4237 1180.9124 0.019607844 -1605
62 622.4237 1181.3846 0.019607844 -1622
63 622.4237 1181.3846 0.019607844 -1638
64 622.4237 1181.3846 0.01764706 -1662
0 957.1138 583.696 0.019607844 -143
1 957.1138 583.696 0.019607844 -143
2 957.1138 583.696 0.019607844 -158
3 955.7952 583.696 0.019607844 -175
4 954.01874 583.696 0.019607844 -191
5 952.28156 584.69543 0.019607844 -208
6 950.54376 584.69543 0.019607844 -224
7 948.8079 586.0084 0.019607844 -241
8 948.12213 585.7269 0.019607844 -257
9 946.0237 587.6939 0.019607844 -274
10 945.1249 587.6939 0.019607844 -323
11 945.1249 587.6939 0.019607844 -357
12 945.1249 587.6939 0.019607844 -373
13 945.1249 587.6939 0.019607844 -390
14 945.1249 587.6939 0.019607844 -406
15 945.1249 587.6939 0.019607844 -423
16 945.1249 587.6939 0.019607844 -456
17 944.30164 587.6939 0.01764706 -472
18 941.7814 587.6939 0.01764706 -489
19 936.62317 587.6939 0.01764706 -505
20 930.94476 587.6939 0.01764706 -522
21 923.3037 587.6939 0.01764706 -538
22 912.3725 589.82324 0.01764706 -555
23 890.4048 589.6929 0.01764706 -571
24 872.74146 589.6929 0.01764706 -588
25 850.486 590.3638 0.019607844 -604
26 827.5505 590.6923 0.01764706 -621
27 807.3006 590.6923 0.01764706 -637
28 777.69165 590.6923 0.019607844 -654
29 753.4227 590.6923 0.01764706 -671
30 716.43805 587.81744 0.019607844 -687
31 667.9836 584.24585 0.019607844 -704
32 634.29474 582.6965 0.019607844 -737
33 618.8278 582.6965 0.019607844 -770
34 601.17505 582.6965 0.019607844 -786
35 596.2019 582.6965 0.019607844 -819
36 592.91815 582.6965 0.019607844 -836
37 587.29865 582.6965 0.019607844 -852
38 585.55237 582.6965 0.019607844 -885
39 583.8372 582.6965 0.019607844 -902
40 582.0885 582.6965 0.019607844 -918
41 582.4607 582.6965 0.019607844 -935
42 582.4607 584.5367 0.019607844 -951
43 582.4607 587.8917 0.019607844 -968
44 582.4607 602.3531 0.019607844 -984
45 586.457 637.2482 0.019607844 -1018
46 589.62396 675.5167 0.019607844 -1051
47 590.4533 694.3048 0.019607844 -1084
48 593.31085 727.3846 0.019607844 -1100
49 594.4496 750.10114 0.019607844 -1117
50 594.4496 773.1116 0.019607844 -1133
51 595.44867 799.4928 0.019607844 -1150
52 595.44867 823.3133 0.019607844 -1166
53 597.44684 860.24615 0.019607844 -1183
54 598.80676 887.42725 0.019607844 -1199
55 600.44403 913.4983 0.019607844 -1216
56 600.44403 937.39044 0.019607844 -1232
57 601.59204 961.7349 0.019607844 -1249
58 602.4422 986.7012 0.019607844 -1265
59 605.4394 1031.849 0.019607844 -1282
60 605.4394 1049.3475 0.019607844 -1315
61 605.4394 1063.1884 0.019607844 -1331
62 607.21844 1091.6769 0.019607844 -1348
63 608.43665 1102.9393 0.019607844 -1381
64 608.43665 1111.3738 0.019607844 -1398
65 608.43665 1117.5242 0.019607844 -1414
66 608.43665 1122.9944 0.019607844 -1431
67 608.43665 1128.4103 0.019607844 -1447
68 609.2263 1133.7806 0.019607844 -1464
69 611.0409 1138.6204 0.019607844 -1480
70 611.43384 1142.1938 0.019607844 -1497
71 611.43384 1145.7563 0.019607844 -1513
72 611.43384 1147.4797 0.019607844 -1530
73 611.43384 1149.304 0.019607844 -1546
74 611.43384 1151.1105 0.019607844 -1563
75 611.43384 1152.9279 0.019607844 -1579
76 611.43384 1153.3993 0.019607844 -1596
77 611.43384 1153.3993 0.019607844 -1612
78 611.43384 1153.3993 0.01764706 -1629
79 611.43384 1153.3993 0.01764706 -1644
0 966.10547 590.6923 0.019607844 -211
1 966.10547 590.6923 0.019607844 -211
2 965.2249 590.6923 0.021568628 -225
3 961.7652 590.6923 0.021568628 -258
4 958.3632 590.6923 0.021568628 -291
5 954.9479 590.6923 0.021568628 -324
6 953.61707 590.6923 0.021568628 -357
7 954.1166 590.6923 0.019607844 -370
8 954.1166 590.6923 0.019607844 -402
9 954.1166 590.6923 0.019607844 -423
10 954.1166 590.6923 0.019607844 -437
11 952.3516 590.6923 0.019607844 -456
12 950.49194 590.6923 0.019607844 -506
13 947.2793 590.6923 0.019607844 -522
14 943.6764 590.6923 0.019607844 -539
15 938.77783 590.6923 0.019607844 -555
16 929.53204 591.61334 0.019607844 -572
17 917.9053 591.69183 0.019607844 -588
18 885.67865 591.69183 0.019607844 -605
19 866.62085 590.4582 0.019607844 -638
20 843.89557 589.6929 0.019607844 -654
21 813.31744 587.81976 0.019607844 -671
22 787.6531 585.95496 0.019607844 -687
23 741.45056 580.054 0.019607844 -704
24 699.80084 574.90753 0.019607844 -737
25 667.12756 569.29663 0.019607844 -770
26 644.45044 566.70483 0.019607844 -803
27 640.55914 566.70483 0.019607844 -853
28 637.1639 566.70483 0.019607844 -869
29 635.57715 566.70483 0.019607844 -886
30 632.2258 566.70483 0.019607844 -902
31 628.7689 566.70483 0.019607844 -935
32 628.41815 566.70483 0.019607844 -968
33 628.41815 568.8055 0.019607844 -985
34 628.41815 571.4046 0.019607844 -1001
35 628.41815 577.5103 0.019607844 -1018
36 626.30286 597.39233 0.019607844 -1034
37 625.4209 612.8767 0.019607844 -1067
38 626.42 632.7417 0.019607844 -1084
39 626.42 650.9894 0.019607844 -1100
40 625.4209 667.87885 0.019607844 -1117
41 625.4209 694.5761 0.019607844 -1133
42 625.4209 721.8765 0.019607844 -1150
43 626.8478 748.03357 0.019607844 -1167
44 626.42 771.9163 0.019607844 -1183
45 627.6491 827.34534 0.019607844 -1200
46 628.6216 852.18524 0.019607844 -1233
47 629.2062 897.0681 0.019607844 -1249
48 630.4337 923.85114 0.019607844 -1282
49 630.41626 948.71173 0.019607844 -1299
50 631.6102 973.05383 0.019607844 -1315
51 633.4135 1015.36475 0.019607844 -1332
52 635.4117 1063.0845 0.019607844 -1365
53 634.1983 1097.7487 0.019607844 -1398
54 636.66156 1114.4285 0.019607844 -1431
55 636.4107 1125.6229 0.019607844 -1447
56 636.4107 1133.715 0.019607844 -1464
57 636.4107 1140.29 0.019607844 -1481
58 636.4107 1145.7281 0.019607844 -1497
59 636.4107 1148.8098 0.019607844 -1514
60 636.4107 1152.5402 0.019607844 -1530
61 636.4107 1156.1377 0.019607844 -1547
62 636.4107 1161.8573 0.019607844 -1563
63 636.4107 1163.6394 0.019607844 -1596
64 636.4107 1165.4711 0.019607844 -1613
65 636.4107 1167.2708 0.019607844 -1629
66 636.4107 1167.392 0.019607844 -1646
67 636.4107 1167.392 0.01764706 -1660
68 636.4107 1167.392 0.01764706 -1692
0 924.1443 552.7121 0.019607844 -197
1 924.1443 552.7121 0.019607844 -197
2 924.1443 552.7121 0.019607844 -211
3 924.1443 555.2108 0.021568628 -228
4 923.14526 556.2103 0.021568628 -257
5 923.14526 556.71 0.021568628 -286
6 923.14526 558.15356 0.021568628 -327
7 922.1462 558.709 0.021568628 -343
8 922.1462 558.709 0.021568628 -360
9 922.1462 559.7085 0.021568628 -377
10 920.9598 559.7085 0.021568628 -393
11 921.1471 559.7085 0.021568628 -410
12 921.1471 559.7085 0.019607844 -426
13 920.3009 559.7085 0.019607844 -459
14 918.46765 559.7085 0.019607844 -492
15 916.68677 559.7085 0.019607844 -509
16 914.9367 559.7085 0.019607844 -525
17 910.9844 559.7085 0.019607844 -542
18 904.517 559.7085 0.019607844 -558
19 897.21216 561.44684 0.019607844 -575
20 886.8217 563.2661 0.019607844 -591
21 874.6744 563.70636 0.019607844 -608
22 861.65875 563.8992 0.019607844 -624
23 822.5668 567.7043 0.019607844 -641
24 803.0401 567.7043 0.019607844 -674
25 782.8891 568.7038 0.019607844 -690
26 762.2185 567.3339 0.019607844 -707
27 721.2806 567.7043 0.019607844 -723
28 684.4402 564.7059 0.019607844 -756
29 669.0498 564.7059 0.019607844 -790
30 655.7874 564.7059 0.019607844 -806
31 644.70026 563.7488 0.019607844 -823
32 634.054 562.7069 0.019607844 -839
33 626.5695 562.7069 0.019607844 -856
34 620.9749 562.7069 0.019607844 -872
35 615.7049 562.7069 0.019607844 -889
36 608.7088 562.7069 0.019607844 -905
37 607.3569 562.7069 0.019607844 -938
38 605.66376 562.7069 0.019607844 -955
39 603.9586 562.7069 0.019607844 -971
40 602.2963 562.7069 0.019607844 -988
41 602.4422 563.70636 0.019607844 -1004
42 602.4422 565.40753 0.019607844 -1021
43 602.4422 567.1748 0.019607844 -1037
44 602.4422 568.86615 0.019607844 -1054
45 602.4422 571.6575 0.019607844 -1070
46 602.4422 576.9504 0.019607844 -1087
47 603.9628 584.7835 0.019607844 -1103
48 605.7535 595.8901 0.019607844 -1120
49 607.43756 609.42865 0.019607844 -1136
50 609.1148 642.8107 0.019607844 -1153
51 610.4348 678.4019 0.019607844 -1186
52 610.4348 723.124 0.019607844 -1219
53 610.4348 743.26575 0.019607844 -1252
54 610.4348 762.4869 0.019607844 -1269
55 611.43384 782.71515 0.019607844 -1285
56 612.4329 825.418 0.019607844 -1302
57 612.4329 864.68964 0.019607844 -1335
58 612.4329 899.6067 0.019607844 -1368
59 612.4329 919.73584 0.019607844 -1401
60 613.432 955.95685 0.019607844 -1417
61 613.432 978.8278 0.019607844 -1450
62 613.432 996.2128 0.019607844 -1467
63 613.432 1035.053 0.019607844 -1483
64 613.432 1064.8417 0.019607844 -1516
65 613.432 1076.6171 0.019607844 -1549
66 615.4101 1089.2516 0.019607844 -1566
67 615.4302 1102.2454 0.019607844 -1583
68 615.4302 1111.4952 0.019607844 -1599
69 615.4302 1120.4698 0.019607844 -1616
70 615.4302 1127.0883 0.019607844 -1632
71 616.47314 1133.5852 0.019607844 -1649
72 617.4283 1144.6448 0.019607844 -1665
73 617.4283 1148.3484 0.019607844 -1698
74 617.4283 1150.6627 0.019607844 -1715
75 618.42737 1153.495 0.019607844 -1731
76 618.42737 1157.0685 0.019607844 -1748
77 618.42737 1159.7158 0.019607844 -1781
78 619.43475 1159.3961 0.019607844 -1814
79 621.4246 1159.3961 0.01764706 -1847
80 621.4246 1159.3961 0.01764706 -1863
0 967.10455 563.70636 0.021568628 -210
1 966.10547 565.15466 0.021568628 -210
2 966.10547 565.86365 0.021568628 -233
3 964.465 566.70483 0.021568628 -249
4 962.6591 566.70483 0.021568628 -282
5 963.1082 568.204 0.021568628 -299
6 963.1082 568.98694 0.021568628 -309
7 963.1082 568.7038 0.021568628 -341
8 963.1082 568.7038 0.021568628 -398
9 963.1082 568.7038 0.019607844 -405
10 963.1082 568.7038 0.019607844 -447
11 961.84467 568.7038 0.019607844 -480
12 959.9374 568.7038 0.019607844 -514
13 950.0086 569.4813 0.019607844 -530
14 940.4466 571.31616 0.019607844 -563
15 910.90875 571.7022 0.019607844 -580
16 893.0238 571.7022 0.019607844 -613
17 865.13806 571.7022 0.019607844 -629
18 841.6355 571.7022 0.019607844 -646
19 817.9065 570.13873 0.019607844 -662
20 795.67096 569.70325 0.019607844 -679
21 772.413 567.56036 0.019607844 -695
22 751.22406 565.698 0.019607844 -712
23 723.0232 564.88525 0.019607844 -728
24 702.3497 563.2066 0.019607844 -745
25 684.0045 562.7069 0.019607844 -761
26 653.0942 561.7948 0.019607844 -778
27 638.265 559.9735 0.019607844 -811
28 627.6523 558.2481 0.019607844 -827
29 620.6616 557.70953 0.019607844 -844
30 611.1908 557.70953 0.019607844 -860
31 605.42316 557.70953 0.021568628 -893
32 603.7125 557.70953 0.021568628 -927
33 601.9825 557.70953 0.021568628 -943
34 600.3142 557.70953 0.019607844 -960
35 599.44495 557.70953 0.019607844 -976
36 600.0815 559.9826 0.019607844 -993
37 601.8419 563.50476 0.019607844 -1009
38 602.31226 573.31116 0.019607844 -1026
39 605.836 599.8632 0.019607844 -1059
40 607.6831 614.64606 0.019607844 -1092
41 607.43756 629.0629 0.019607844 -1108
42 609.25964 655.3672 0.019607844 -1125
43 609.4357 676.77106 0.019607844 -1141
44 612.1864 703.65967 0.019607844 -1158
45 613.5701 726.41864 0.019607844 -1174
46 615.3545 750.07904 0.019607844 -1191
47 617.1703 778.9786 0.019607844 -1207
48 618.47296 801.37915 0.019607844 -1224
49 620.7236 821.85315 0.019607844 -1240
50 620.42554 841.6166 0.019607844 -1257
51 622.2396 865.0753 0.019607844 -1273
52 623.4227 905.1411 0.019607844 -1290
53 623.4227 922.1291 0.019607844 -1323
54 624.50885 941.3811 0.019607844 -1340
55 625.07513 981.9897 0.019607844 -1356
56 626.42 1001.99384 0.019607844 -1389
57 626.42 1019.29956 0.019607844 -1406
58 626.42 1033.284 0.019607844 -1422
59 626.3151 1051.1931 0.019607844 -1439
60 627.41907 1069.0898 0.019607844 -1455
61 626.1473 1096.3397 0.019607844 -1472
62 624.4218 1119.9834 0.019607844 -1505
63 625.4209 1139.6835 0.019607844 -1538
64 625.4209 1147.1127 0.019607844 -1571
65 625.4209 1150.7728 0.019607844 -1587
66 625.4209 1156.547 0.019607844 -1604
67 625.4209 1161.934 0.019607844 -1620
68 625.4209 1167.2327 0.019607844 -1637
69 625.4209 1171.3425 0.019607844 -1653
70 625.4209 1173.6276 0.019607844 -1670
71 625.4209 1177.5208 0.019607844 -1686
72 625.4209 1179.241 0.019607844 -1703
73 625.4209 1181.0269 0.019607844 -1720
74 625.4209 1182.8018 0.019607844 -1736
75 625.4209 1184.6104 0.019607844 -1753
76 625.4209 1185.8823 0.019607844 -1769
77 625.4209 1185.3826 0.019607844 -1780
78 625.4209 1185.3826 0.019607844 -1802
79 625.4209 1185.3826 0.019607844 -1835
80 625.4209 1185.3826 0.019607844 -1852
81 625.4209 1185.3826 0.01764706 -1857
0 940.1295 590.6923 0.021568628 -246
1 939.13043 591.69183 0.021568628 -246
2 938.13135 594.19055 0.021568628 -291
3 937.13226 593.6908 0.021568628 -316
4 937.13226 594.69025 0.021568628 -340
5 936.13324 594.69025 0.021568628 -373
6 936.13324 594.69025 0.021568628 -390
7 936.13324 594.69025 0.021568628 -406
8 936.13324 594.69025 0.021568628 -423
9 936.13324 594.69025 0.021568628 -439
10 936.13324 594.69025 0.019607844 -456
11 936.13324 594.69025 0.019607844 -473
12 934.9096 594.69025 0.019607844 -489
13 934.114 594.69025 0.019607844 -506
14 932.34503 594.69025 0.019607844 -522
15 930.53455 594.69025 0.019607844 -539
16 927.2809 594.69025 0.019607844 -555
17 916.12604 596.6956 0.019607844 -572
18 884.3417 600.3712 0.019607844 -605
19 844.72437 600.68713 0.019607844 -638
20 821.9944 600.68713 0.019607844 -671
21 796.94995 599.73346 0.019607844 -687
22 767.28174 599.6876 0.019607844 -704
23 719.4808 598.6882 0.019607844 -720
24 701.2897 598.6882 0.019607844 -753
25 681.6181 598.6882 0.019607844 -770
26 664.9556 597.1354 0.019607844 -786
27 652.3938 596.6892 0.019607844 -803
28 643.3471 596.6892 0.019607844 -819
29 636.5459 596.6892 0.019607844 -836
30 631.24255 596.6892 0.019607844 -852
31 625.698 596.6892 0.021568628 -869
32 623.95 596.6892 0.021568628 -902
33 622.32245 596.6892 0.021568628 -919
34 620.5503 596.6892 0.019607844 -935
35 618.83856 596.6892 0.019607844 -952
36 618.42737 598.0124 0.019607844 -968
37 618.42737 601.8093 0.019607844 -985
38 618.42737 607.0588 0.019607844 -1001
39 618.42737 612.8775 0.019607844 -1018
40 618.42737 621.27545 0.019607844 -1034
41 618.42737 631.0805 0.019607844 -1051
42 619.42645 647.6665 0.019607844 -1067
43 619.42645 664.9305 0.019607844 -1084
44 620.14636 680.2486 0.019607844 -1100
45 624.4218 711.04895 0.019607844 -1117
46 625.89703 734.21533 0.019607844 -1150
47 627.9151 752.5728 0.019607844 -1166
48 628.41815 786.0438 0.019607844 -1183
49 629.7563 833.49304 0.019607844 -1216
50 629.40155 855.4448 0.019607844 -1249
51 631.72614 878.2756 0.019607844 -1265
52 631.41534 892.32263 0.019607844 -1282
53 629.47754 911.9214 0.019607844 -1299
54 630.41626 936.4684 0.019607844 -1315
55 630.41626 954.04315 0.019607844 -1332
56 629.05725 972.0971 0.019607844 -1348
57 630.6762 991.0449 0.019607844 -1365
58 630.64557 1023.40137 0.019607844 -1381
59 629.41724 1037.734 0.019607844 -1414
60 630.8265 1053.736 0.019607844 -1431
61 631.41534 1067.0646 0.019607844 -1447
62 631.41534 1076.834 0.019607844 -1464
63 630.5197 1085.8131 0.019607844 -1480
64 629.9836 1102.7249 0.019607844 -1497
65 629.41724 1113.6931 0.019607844 -1530
66 629.41724 1118.2078 0.019607844 -1563
67 631.1072 1124.4889 0.019607844 -1579
68 631.41534 1129.4186 0.019607844 -1596
69 631.41534 1132.9852 0.019607844 -1612
70 631.41534 1137.2959 0.019607844 -1629
71 631.41534 1139.1122 0.019607844 -1662
72 631.41534 1141.9053 0.019607844 -1679
73 631.41534 1141.4055 0.019607844 -1704
74 632.4144 1141.4055 0.019607844 -1744
75 632.4144 1141.4055 0.019607844 -1778
76 633.4135 1141.4055 0.01764706 -1781
0 900.1665 599.6876 0.019607844 -177
1 900.1665 599.6876 0.019607844 -186
2 900.1665 599.6876 0.019607844 -250
3 900.1665 599.6876 0.019607844 -278
4 900.1665 599.6876 0.019607844 -388
5 900.1665 599.6876 0.019607844 -405
6 900.1665 599.6876 0.019607844 -421
7 900.1665 599.6876 0.019607844 -429
8 900.1665 599.6876 0.019607844 -478
9 900.1665 599.6876 0.019607844 -515
10 899.1476 599.6876 0.019607844 -554
11 894.579 599.6876 0.019607844 -571
12 888.2392 598.9534 0.019607844 -587
13 861.9116 597.68866 0.019607844 -604
14 837.43066 594.21625 0.019607844 -654
15 809.7547 590.5055 0.019607844 -682
16 790.83264 588.6571 0.019607844 -715
17 770.6582 586.81903 0.019607844 -731
18 753.0818 585.251 0.019607844 -748
19 734.68054 583.1323 0.019607844 -764
20 718.0606 581.3334 0.019607844 -781
21 687.56885 577.7248 0.019607844 -798
22 660.8487 575.11053 0.019607844 -831
23 649.8229 574.7007 0.019607844 -864
24 640.45557 574.7007 0.019607844 -880
25 633.3515 573.68567 0.019607844 -897
26 626.17993 571.892 0.019607844 -913
27 620.84143 571.7022 0.019607844 -930
28 616.9178 571.7022 0.019607844 -946
29 613.4664 571.7022 0.019607844 -963
30 610.7461 571.7022 0.021568628 -979
31 609.058 571.7022 0.021568628 -996
32 607.3208 571.7022 0.021568628 -1012
33 606.4385 571.7022 0.021568628 -1029
34 606.4385 571.7022 0.019607844 -1045
35 606.4385 571.7022 0.019607844 -1062
36 606.4385 571.7022 0.019607844 -1079
37 606.4385 574.45605 0.019607844 -1095
38 606.4385 584.0002 0.019607844 -1112
39 606.4385 597.00806 0.019607844 -1145
40 606.4385 610.88043 0.019607844 -1161
41 606.4385 634.3142 0.019607844 -1178
42 607.43756 658.60266 0.019607844 -1194
43 607.43756 679.4359 0.019607844 -1211
44 607.43756 698.8343 0.019607844 -1227
45 609.4357 750.94525 0.019607844 -1244
46 610.4348 797.54254 0.019607844 -1277
47 610.4348 816.2917 0.019607844 -1310
48 611.43384 840.77783 0.019607844 -1326
49 611.43384 862.1999 0.019607844 -1343
50 613.1558 886.94434 0.019607844 -1359
51 613.432 907.87775 0.019607844 -1376
52 613.432 924.658 0.019607844 -1393
53 613.432 941.43445 0.019607844 -1409
54 614.4311 963.65186 0.019607844 -1426
55 614.4311 983.7457 0.019607844 -1442
56 614.4311 1001.32336 0.019607844 -1459
57 614.4311 1016.3096 0.019607844 -1475
58 614.4311 1033.2861 0.019607844 -1492
59 614.4311 1045.3547 0.019607844 -1508
60 615.36707 1060.816 0.019607844 -1525
61 617.1848 1074.9778 0.019607844 -1541
62 618.42737 1088.4829 0.019607844 -1558
63 618.42737 1098.3486 0.019607844 -1574
64 618.42737 1106.0869 0.019607844 -1591
65 618.42737 1111.4437 0.019607844 -1607
66 618.42737 1121.5929 0.019607844 -1624
67 618.42737 1125.2733 0.019607844 -1657
68 618.42737 1128.7216 0.019607844 -1673
69 618.42737 1131.4353 0.019607844 -1690
70 619.25165 1135.8835 0.019607844 -1707
71 619.42645 1141.8663 0.019607844 -1723
72 619.42645 1143.6671 0.019607844 -1756
73 619.42645 1145.5024 0.019607844 -1773
74 619.42645 1147.3076 0.019607844 -1789
75 619.42645 1149.1273 0.019607844 -1806
76 619.42645 1150.9268 0.019607844 -1822
77 619.42645 1152.4846 0.019607844 -1839
78 619.42645 1152.3998 0.019607844 -1872
79 619.42645 1152.3998 0.019607844 -1954
80 619.42645 1152.3998 0.01764706 -1971
0 908.1591 582.6965 0.019607844 -150
1 908.1591 582.6965 0.019607844 -150
2 908.1591 582.6965 0.019607844 -167
3 908.1591 582.6965 0.019607844 -183
4 908.1591 582.6965 0.019607844 -200
5 908.1591 582.6965 0.021568628 -217
6 908.1591 582.6965 0.021568628 -250
7 908.1591 582.6965 0.021568628 -277
8 908.1591 582.6965 0.021568628 -306
9 908.1591 582.6965 0.021568628 -332
10 908.1591 582.6965 0.019607844 -481
11 908.1591 582.6965 0.019607844 -497
12 908.1591 582.6965 0.019607844 -514
13 904.69495 582.6965 0.019607844 -531
14 897.78064 582.6965 0.019607844 -547
15 883.2576 582.6965 0.019607844 -564
16 870.937 584.7275 0.019607844 -597
17 850.99866 584.69543 0.019607844 -613
18 832.5838 585.69495 0.019607844 -630
19 812.0448 586.6944 0.019607844 -646
20 789.8775 586.6944 0.019607844 -663
21 770.1563 586.6944 0.019607844 -679
22 715.603 586.6944 0.019607844 -696
23 674.48 584.5232 0.019607844 -729
24 640.8543 583.696 0.019607844 -762
25 626.94904 583.696 0.019607844 -795
26 605.0299 583.696 0.019607844 -811
27 594.5165 583.696 0.021568628 -845
28 588.60596 583.696 0.021568628 -878
29 585.25336 583.696 0.021568628 -911
30 583.5084 583.696 0.021568628 -944
31 583.4598 584.38745 0.019607844 -960
32 583.4598 586.08887 0.019607844 -977
33 583.4598 587.84106 0.019607844 -993
34 583.4598 589.5454 0.019607844 -1010
35 583.4598 593.0304 0.019607844 -1026
36 586.366 610.9534 0.019607844 -1059
37 587.45605 624.50323 0.019607844 -1092
38 587.45605 636.5014 0.019607844 -1109
39 587.45605 648.12964 0.019607844 -1126
40 590.50726 671.2445 0.019607844 -1142
41 590.5096 710.5525 0.019607844 -1159
42 592.93427 735.4172 0.019607844 -1192
43 593.4505 753.6758 0.019607844 -1208
44 595.50287 779.0825 0.019607844 -1225
45 597.26056 801.5315 0.019607844 -1241
46 598.6605 820.6468 0.019607844 -1258
47 600.8289 843.9537 0.019607844 -1274
48 603.34924 881.98785 0.019607844 -1291
49 604.4403 923.026 0.019607844 -1324
50 605.596 952.75793 0.019607844 -1357
51 606.4385 992.9589 0.019607844 -1390
52 606.4385 1008.49316 0.019607844 -1423
53 609.4357 1040.3174 0.019607844 -1440
54 610.4348 1067.1809 0.019607844 -1473
55 611.28143 1079.5223 0.019607844 -1506
56 612.4329 1091.1101 0.019607844 -1522
57 612.4329 1102.345 0.019607844 -1539
58 612.4329 1111.99 0.019607844 -1555
59 613.432 1130.0065 0.019607844 -1572
60 613.432 1136.6693 0.019607844 -1605
61 613.432 1142.0571 0.019607844 -1621
62 613.432 1149.8488 0.019607844 -1638
63 613.432 1156.1609 0.019607844 -1671
64 613.432 1157.9962 0.019607844 -1704
65 613.432 1159.7651 0.019607844 -1721
66 613.432 1161.6211 0.019607844 -1737
67 613.432 1163.4105 0.019607844 -1754
68 613.432 1163.394 0.019607844 -1770
69 613.432 1163.394 0.019607844 -1784
70 613.432 1163.394 0.019607844 -1803
71 613.432 1163.394 0.019607844 -1820
72 613.432 1163.394 0.01764706 -1836
73 613.432 1163.394 0.015686275 -1842
0 958.11285 580.6975 0.019607844 -263
1 954.1622 581.697 0.019607844 -263
2 954.1166 582.6965 0.021568628 -309
3 954.1166 584.0757 0.021568628 -326
4 952.04407 585.76935 0.021568628 -342
5 950.61975 585.69495 0.021568628 -359
6 951.1193 586.8137 0.021568628 -373
7 951.1193 586.6944 0.019607844 -408
8 951.1193 586.6944 0.019607844 -441
9 951.1193 586.6944 0.019607844 -475
10 951.1193 586.6944 0.019607844 -491
11 951.1193 586.6944 0.019607844 -508
12 951.1193 586.6944 0.019607844 -524
13 949.2968 586.6944 0.019607844 -541
14 943.12915 586.6944 0.019607844 -557
15 923.10333 587.6981 0.019607844 -590
16 904.0402 588.52277 0.019607844 -623
17 882.7033 588.69336 0.019607844 -640
18 858.2955 588.69336 0.019607844 -656
19 802.4257 584.59155 0.019607844 -673
20 757.2282 577.97455 0.019607844 -706
21 726.2521 572.9236 0.019607844 -722
22 676.2558 565.5457 0.019607844 -738
23 651.768 562.8048 0.019607844 -771
24 635.2374 562.0605 0.019607844 -787
25 622.8067 561.70746 0.019607844 -804
26 614.79285 561.70746 0.019607844 -820
27 608.1998 561.70746 0.019607844 -837
28 603.3988 561.70746 0.019607844 -853
29 600.05994 561.70746 0.019607844 -870
30 597.5384 561.70746 0.019607844 -887
31 594.2042 561.70746 0.021568628 -903
32 592.4224 561.70746 0.019607844 -936
33 591.4524 561.70746 0.019607844 -953
34 591.4524 561.70746 0.019607844 -969
35 593.6791 566.1627 0.019607844 -986
36 594.4415 571.678 0.019607844 -1002
37 595.44867 577.5788 0.019607844 -1019
38 595.44867 584.5913 0.019607844 -1035
39 595.44867 593.6006 0.019607844 -1052
40 599.3946 609.4809 0.019607844 -1068
41 601.1814 626.31616 0.019607844 -1085
42 601.4431 642.10565 0.019607844 -1101
43 604.70917 663.6146 0.019607844 -1118
44 605.4394 681.39655 0.019607844 -1134
45 607.1652 708.76855 0.019607844 -1151
46 609.0743 736.55164 0.019607844 -1167
47 612.6524 787.6657 0.019607844 -1184
48 612.4329 837.544 0.019607844 -1217
49 612.4329 868.8789 0.019607844 -1250
50 615.4302 922.5004 0.019607844 -1266
51 616.47644 945.0745 0.019607844 -1299
52 617.4283 971.9451 0.019607844 -1316
53 618.05695 996.0321 0.019607844 -1332
54 620.42554 1018.045 0.019607844 -1349
55 620.42554 1052.7915 0.019607844 -1365
56 622.3315 1070.6116 0.019607844 -1398
57 622.4237 1088.5311 0.019607844 -1415
58 623.4227 1102.9011 0.019607844 -1431
59 623.4227 1114.2518 0.019607844 -1448
60 623.4227 1123.7512 0.019607844 -1464
61 624.4218 1133.0416 0.019607844 -1481
62 626.15295 1141.3365 0.019607844 -1497
63 626.42 1147.0618 0.019607844 -1514
64 626.42 1151.1345 0.019607844 -1530
65 626.42 1154.7738 0.019607844 -1547
66 626.42 1156.4175 0.019607844 -1563
67 626.42 1158.2382 0.019607844 -1580
68 626.42 1160.6846 0.019607844 -1596
69 626.42 1162.84 0.019607844 -1613
70 626.42 1164.6505 0.019607844 -1629
71 626.42 1165.393 0.019607844 -1646
72 626.42 1167.759 0.019607844 -1662
73 627.78076 1167.392 0.01764706 -1695
74 628.41815 1167.392 0.01764706 -1728
75 628.41815 1167.392 0.01764706 -1733
0 965.1064 564.7059 0.021568628 -235
1 963.99603 564.7059 0.021568628 -235
2 963.1082 564.7059 0.021568628 -245
3 962.22095 565.7053 0.021568628 -275
4 961.1101 567.8106 0.021568628 -308
5 961.1101 567.7043 0.021568628 -341
6 961.1101 567.7043 0.019607844 -353
7 961.1101 567.7043 0.019607844 -440
8 961.1101 567.7043 0.019607844 -468
9 959.60144 567.7043 0.019607844 -506
10 957.7878 567.7043 0.019607844 -523
11 955.9389 567.7043 0.019607844 -539
12 950.9886 568.7365 0.019607844 -556
13 939.935 569.70325 0.019607844 -572
14 925.27563 570.43634 0.019607844 -589
15 907.06433 572.2561 0.019607844 -605
16 885.5413 571.31586 0.019607844 -622
17 862.0108 571.7022 0.019607844 -639
18 830.57623 569.6378 0.019607844 -655
19 800.5776 567.8491 0.019607844 -672
20 772.5577 565.40857 0.019607844 -688
21 700.45636 559.7172 0.019607844 -705
22 671.7511 557.0488 0.019607844 -754
23 653.1393 554.1274 0.019607844 -771
24 617.2728 551.71265 0.019607844 -787
25 602.3488 550.71313 0.019607844 -837
26 598.22925 550.71313 0.019607844 -870
27 596.65625 550.71313 0.019607844 -887
28 593.32263 550.71313 0.019607844 -903
29 591.4982 550.71313 0.019607844 -936
30 589.4542 555.64545 0.019607844 -953
31 590.64606 564.4776 0.019607844 -986
32 591.4524 571.6558 0.019607844 -1003
33 591.4524 580.6259 0.019607844 -1019
34 592.59937 595.5782 0.019607844 -1036
35 596.0831 613.8555 0.019607844 -1052
36 597.58356 628.7675 0.019607844 -1069
37 600.2194 653.5355 0.019607844 -1085
38 603.1585 674.5351 0.019607844 -1102
39 604.9398 692.6393 0.019607844 -1118
40 609.2368 717.89764 0.019607844 -1135
41 610.575 741.2976 0.019607844 -1151
42 615.31665 774.74426 0.019607844 -1168
43 617.18805 799.45776 0.019607844 -1184
44 620.42554 852.3237 0.019607844 -1201
45 621.599 875.81287 0.019607844 -1234
46 623.87354 933.39795 0.019607844 -1251
47 625.4209 954.0535 0.019607844 -1284
48 625.4209 976.31537 0.019607844 -1299
49 626.42 1017.2317 0.019607844 -1316
50 626.42 1039.2925 0.019607844 -1349
51 627.0127 1055.7892 0.019607844 -1365
52 628.82434 1072.1005 0.019607844 -1382
53 628.41815 1086.0691 0.019607844 -1398
54 628.41815 1101.7914 0.019607844 -1415
55 629.2475 1118.888 0.019607844 -1431
56 629.41724 1133.3035 0.019607844 -1448
57 629.41724 1144.0383 0.019607844 -1465
58 629.41724 1155.6656 0.019607844 -1481
59 629.41724 1165.169 0.019607844 -1498
60 629.41724 1172.4583 0.019607844 -1514
61 629.41724 1177.8541 0.019607844 -1531
62 629.41724 1181.5555 0.019607844 -1547
63 629.41724 1185.2404 0.019607844 -1564
64 629.41724 1186.5643 0.019607844 -1580
65 629.41724 1188.4274 0.019607844 -1597
66 629.41724 1189.3805 0.019607844 -1613
67 629.41724 1189.3805 0.019607844 -1630
68 629.41724 1189.3805 0.01764706 -1646
69 629.41724 1189.3805 0.01764706 -1648
0 970.10175 597.68866 0.019607844 -185
1 967.4502 597.68866 0.019607844 -185
2 965.63727 597.68866 0.019607844 -209
3 963.8651 597.68866 0.019607844 -226
4 964.1073 597.68866 0.019607844 -242
5 963.2866 597.68866 0.019607844 -259
6 962.1092 597.68866 0.019607844 -275
7 961.1101 597.68866 0.019607844 -300
8 959.9557 597.68866 0.019607844 -357
9 960.111 597.68866 0.019607844 -408
10 960.111 597.68866 0.019607844 -457
11 960.111 597.68866 0.019607844 -481
12 960.111 597.68866 0.019607844 -504
13 960.111 597.68866 0.019607844 -523
14 960.111 597.68866 0.019607844 -556
15 957.12897 597.68866 0.019607844 -573
16 939.7908 596.6892 0.019607844 -606
17 926.1058 596.0859 0.019607844 -639
18 907.358 594.25397 0.019607844 -655
19 887.14557 593.6908 0.019607844 -672
20 835.75415 590.77716 0.019607844 -688
21 777.1682 585.61334 0.019607844 -722
22 730.24725 580.60785 0.019607844 -755
23 684.0487 575.94385 0.019607844 -788
24 654.20703 573.7012 0.019607844 -821
25 643.6098 572.5694 0.019607844 -854
26 635.03076 570.8264 0.019607844 -870
27 628.0291 569.70325 0.019607844 -887
28 618.5066 569.70325 0.019607844 -903
29 613.13617 569.70325 0.021568628 -936
30 611.3683 569.70325 0.021568628 -969
31 609.70386 569.70325 0.021568628 -986
32 608.02295 569.70325 0.021568628 -1002
33 608.43665 569.70325 0.019607844 -1019
34 608.43665 571.2342 0.019607844 -1035
35 608.43665 576.7971 0.019607844 -1069
36 609.2874 582.954 0.019607844 -1102
37 611.0326 594.28046 0.019607844 -1118
38 612.78326 604.7891 0.019607844 -1135
39 613.432 616.3192 0.019607844 -1151
40 613.432 626.14844 0.019607844 -1168
41 615.1097 640.4209 0.019607844 -1184
42 615.4302 658.8271 0.019607844 -1201
43 615.4302 685.55493 0.019607844 -1217
44 616.42926 716.9366 0.019607844 -1250
45 616.42926 732.91693 0.019607844 -1283
46 617.481 762.02545 0.019607844 -1300
47 617.4283 786.64764 0.019607844 -1333
48 616.7779 806.09045 0.019607844 -1349
49 616.42926 842.7539 0.019607844 -1366
50 617.3326 881.3917 0.019607844 -1399
51 617.4283 905.89307 0.019607844 -1432
52 617.4283 925.5502 0.019607844 -1449
53 617.4283 942.4716 0.019607844 -1465
54 618.42737 962.3926 0.019607844 -1482
55 618.42737 982.18085 0.019607844 -1498
56 618.22534 1002.05164 0.019607844 -1515
57 618.42737 1020.0368 0.019607844 -1531
58 618.42737 1038.8124 0.019607844 -1548
59 618.42737 1053.4204 0.019607844 -1564
60 619.5419 1070.5974 0.019607844 -1581
61 619.42645 1089.6079 0.019607844 -1597
62 618.42737 1121.4159 0.019607844 -1614
63 617.4283 1134.2069 0.019607844 -1647
64 619.42645 1155.2971 0.019607844 -1663
65 619.42645 1176.0775 0.019607844 -1696
66 619.42645 1182.8855 0.019607844 -1730
67 619.42645 1189.6411 0.019607844 -1746
68 619.42645 1194.8284 0.019607844 -1763
69 619.42645 1199.3469 0.019607844 -1779
70 621.4246 1205.9869 0.019607844 -1796
71 621.4246 1207.8372 0.019607844 -1829
72 621.4246 1209.3701 0.01764706 -1845
73 621.4246 1209.3701 0.01764706 -1878
0 953.1175 600.68713 0.021568628 -221
1 951.472 602.33325 0.021568628 -221
2 949.71497 602.6861 0.021568628 -236
3 948.0199 603.78784 0.021568628 -253
4 946.25507 604.5539 0.021568628 -269
5 945.537 604.68506 0.019607844 -286
6 943.82385 605.9865 0.021568628 -302
7 944.1258 605.6845 0.021568628 -319
8 944.1258 605.6845 0.021568628 -335
9 944.1258 605.6845 0.021568628 -352
10 944.1258 605.6845 0.021568628 -368
11 944.1258 605.6845 0.021568628 -379
12 943.1267 605.6845 0.019607844 -418
13 943.1267 605.6845 0.019607844 -448
14 943.1267 605.6845 0.019607844 -484
15 943.1267 605.6845 0.019607844 -501
16 940.81464 605.6845 0.019607844 -515
17 938.9875 605.6845 0.019607844 -550
18 931.0187 605.6845 0.019607844 -567
19 912.4676 607.1317 0.019607844 -600
20 894.29443 606.684 0.019607844 -633
21 875.95984 606.684 0.019607844 -649
22 847.9021 605.72064 0.019607844 -666
23 794.4786 601.1012 0.019607844 -682
24 700.4871 593.6908 0.019607844 -715
25 681.7208 590.5628 0.019607844 -781
26 666.30945 588.3093 0.019607844 -798
27 655.90234 586.61273 0.019607844 -815
28 647.8344 586.6944 0.019607844 -831
29 641.5839 586.0874 0.019607844 -848
30 637.7301 585.69495 0.019607844 -864
31 631.70184 585.69495 0.019607844 -881
32 628.3809 585.69495 0.021568628 -914
33 626.5881 585.69495 0.021568628 -947
34 624.88934 585.69495 0.019607844 -963
35 623.14594 585.69495 0.019607844 -980
36 623.4227 586.68054 0.019607844 -996
37 622.4237 589.10504 0.019607844 -1013
38 622.4237 598.13513 0.019607844 -1029
39 622.4237 616.03906 0.019607844 -1062
40 622.4237 628.7279 0.019607844 -1095
41 622.4237 641.63306 0.019607844 -1112
42 622.4237 655.3545 0.019607844 -1128
43 622.4237 674.99207 0.019607844 -1145
44 622.4237 712.3674 0.019607844 -1162
45 621.3713 731.15295 0.019607844 -1195
46 621.4246 752.1728 0.019607844 -1211
47 620.82404 775.8099 0.019607844 -1228
48 619.0556 795.6688 0.019607844 -1244
49 618.42737 813.0322 0.019607844 -1261
50 619.42645 833.2403 0.019607844 -1277
51 618.6586 857.54443 0.019607844 -1294
52 618.99384 878.2123 0.019607844 -1310
53 619.42645 893.4298 0.019607844 -1327
54 619.42645 915.0885 0.019607844 -1343
55 619.42645 955.4454 0.019607844 -1360
56 619.42645 999.25977 0.019607844 -1393
57 621.69147 1013.34186 0.019607844 -1426
58 621.4246 1028.5631 0.019607844 -1442
59 621.4246 1046.569 0.019607844 -1459
60 623.1525 1065.0109 0.019607844 -1475
61 623.4227 1084.8722 0.019607844 -1492
62 623.4227 1112.5935 0.019607844 -1525
63 625.4209 1139.7177 0.019607844 -1558
64 625.4209 1147.002 0.019607844 -1591
65 625.4209 1155.1704 0.019607844 -1608
66 625.4209 1162.1108 0.019607844 -1624
67 625.4209 1173.0647 0.019607844 -1641
68 625.4209 1176.6989 0.019607844 -1674
69 625.4209 1180.3286 0.019607844 -1690
70 625.4209 1181.6797 0.019607844 -1707
71 625.4209 1183.5386 0.019607844 -1723
72 626.44727 1184.4103 0.019607844 -1740
73 627.41907 1185.3826 0.01764706 -1756
74 628.41815 1185.3826 0.01764706 -1765
0 951.1193 533.722 0.021568628 -300
1 949.33856 534.504 0.021568628 -300
2 949.1212 535.72095 0.021568628 -325
3 949.1212 535.72095 0.021568628 -342
4 949.1212 535.72095 0.021568628 -352
5 949.1212 536.72046 0.021568628 -374
6 949.1212 536.72046 0.019607844 -425
7 949.1212 536.72046 0.019607844 -440
8 949.1212 536.72046 0.019607844 -491
9 947.7751 536.72046 0.019607844 -507
10 945.9626 536.72046 0.019607844 -524
11 942.1379 536.72046 0.019607844 -540
12 934.0304 537.54095 0.019607844 -557
13 924.19995 539.37646 0.019607844 -573
14 908.2863 541.2054 0.019607844 -590
15 868.0138 542.91565 0.019607844 -606
16 835.7517 542.71735 0.019607844 -640
17 777.6287 541.71783 0.019607844 -656
18 751.8966 542.25464 0.019607844 -689
19 726.1922 540.49457 0.019607844 -706
20 701.88965 538.6811 0.019607844 -722
21 675.0581 536.72046 0.019607844 -739
22 641.00574 536.72046 0.019607844 -755
23 630.2144 536.72046 0.019607844 -788
24 612.5881 536.2595 0.019607844 -805
25 605.94635 535.72095 0.021568628 -838
26 598.5542 534.7215 0.021568628 -854
27 594.6852 534.7215 0.019607844 -887
28 593.4505 534.7215 0.019607844 -921
29 593.4505 534.7215 0.019607844 -954
30 593.4505 536.8411 0.019607844 -970
31 593.4505 541.7845 0.019607844 -987
32 595.55756 551.25775 0.019607844 -1003
33 595.44867 560.0068 0.019607844 -1020
34 595.44867 568.76666 0.019607844 -1036
35 595.44867 577.4643 0.019607844 -1053
36 597.2758 607.6293 0.019607844 -1069
37 597.44684 625.41583 0.019607844 -1102
38 596.0434 644.1165 0.019607844 -1119
39 598.5943 671.73035 0.019607844 -1135
40 598.44586 690.12006 0.019607844 -1152
41 602.17194 724.295 0.019607844 -1168
42 602.4422 747.4093 0.019607844 -1185
43 605.03784 773.38196 0.019607844 -1201
44 605.4394 795.83453 0.019607844 -1218
45 606.31055 823.0106 0.019607844 -1235
46 606.4385 850.1049 0.019607844 -1251
47 607.6237 894.32935 0.019607844 -1268
48 611.2865 950.8499 0.019607844 -1301
49 611.43384 974.9264 0.019607844 -1334
50 611.43384 994.98175 0.019607844 -1350
51 612.7619 1016.42163 0.019607844 -1367
52 615.3006 1057.4767 0.019607844 -1383
53 616.42926 1076.9418 0.019607844 -1416
54 616.42926 1093.6868 0.019607844 -1433
55 616.42926 1107.2756 0.019607844 -1449
56 616.42926 1118.5575 0.019607844 -1466
57 617.466 1129.6759 0.019607844 -1482
58 619.2778 1140.6619 0.019607844 -1499
59 619.42645 1148.6443 0.019607844 -1516
60 619.42645 1161.9125 0.019607844 -1532
61 619.42645 1166.5671 0.019607844 -1565
62 619.42645 1173.6874 0.019607844 -1582
63 619.42645 1175.8816 0.019607844 -1615
64 619.42645 1177.6755 0.019607844 -1631
65 619.42645 1179.5293 0.019607844 -1648
66 619.42645 1179.3857 0.019607844 -1664
67 619.42645 1179.3857 0.01764706 -1681
68 619.42645 1179.3857 0.01764706 -1681
0 948.12213 572.7017 0.021568628 -230
1 945.7306 572.7017 0.021568628 -230
2 943.9636 572.7017 0.021568628 -252
3 942.2786 572.7017 0.021568628 -269
4 940.58887 572.7017 0.021568628 -285
5 938.9128 572.7017 0.021568628 -302
6 935.5516 572.7017 0.021568628 -318
7 933.88635 572.7017 0.021568628 -351
8 932.1859 572.7017 0.021568628 -368
9 931.1378 572.7017 0.021568628 -384
10 931.1378 572.7017 0.021568628 -401
11 931.1378 572.7017 0.021568628 -434
12 931.1378 572.7017 0.021568628 -467
13 931.1378 572.7017 0.021568628 -483
14 931.1378 572.7017 0.021568628 -500
15 931.1378 572.7017 0.019607844 -516
16 930.148 572.7017 0.019607844 -533
17 928.36096 572.7017 0.019607844 -550
18 923.4795 572.7017 0.019607844 -566
19 905.52563 572.7017 0.019607844 -599
20 889.2599 574.5924 0.019607844 -632
21 868.667 574.7007 0.019607844 -649
22 847.0671 574.7007 0.019607844 -665
23 823.11774 574.7007 0.019607844 -682
24 799.764 574.7007 0.019607844 -698
25 764.2576 574.7543 0.019607844 -715
26 738.35455 574.7007 0.019607844 -731
27 698.0819 573.49475 0.019607844 -748
28 663.77014 572.7017 0.019607844 -781
29 644.22516 572.7017 0.019607844 -814
30 636.3751 572.7017 0.019607844 -847
31 631.32935 572.7017 0.019607844 -864
32 627.6486 572.7017 0.021568628 -880
33 623.7062 572.7017 0.021568628 -897
34 620.31354 572.7017 0.021568628 -930
35 618.6058 572.7017 0.019607844 -963
36 618.42737 573.2225 0.019607844 -979
37 618.42737 574.91943 0.019607844 -996
38 618.42737 584.36755 0.019607844 -1012
39 618.42737 602.38947 0.019607844 -1045
40 620.1529 629.94293 0.019607844 -1078
41 621.4246 650.50085 0.019607844 -1112
42 621.4246 669.525 0.019607844 -1128
43 624.56476 687.4288 0.019607844 -1145
44 624.4218 710.0349 0.019607844 -1161
45 624.4218 729.033 0.019607844 -1178
46 624.4218 745.403 0.019607844 -1194
47 625.4209 765.0375 0.019607844 -1211
48 625.4209 787.69556 0.019607844 -1227
49 626.2082 810.03424 0.019607844 -1244
50 625.86304 831.25665 0.019607844 -1260
51 625.4209 850.26404 0.019607844 -1277
52 625.62964 873.26086 0.019607844 -1293
53 625.39954 896.81067 0.019607844 -1310
54 625.4209 940.5098 0.019607844 -1326
55 625.4209 961.7584 0.019607844 -1359
56 624.4218 1004.1797 0.019607844 -1376
57 621.7395 1042.6202 0.019607844 -1409
58 621.9749 1058.4058 0.019607844 -1442
59 622.4237 1073.5625 0.019607844 -1459
60 622.4237 1086.3363 0.019607844 -1475
61 622.4237 1099.7983 0.019607844 -1492
62 620.42554 1122.383 0.019607844 -1508
63 621.4246 1143.0695 0.019607844 -1541
64 621.4246 1151.8323 0.019607844 -1574
65 621.4246 1158.7865 0.019607844 -1591
66 621.4246 1165.1483 0.019607844 -1607
67 621.4246 1170.5498 0.019607844 -1624
68 621.4246 1176.0531 0.019607844 -1640
69 621.4246 1182.5511 0.019607844 -1657
70 621.4246 1186.2289 0.019607844 -1690
71 621.4246 1187.3816 0.019607844 -1723
72 621.4246 1189.0424 0.01764706 -1740
73 621.4246 1189.3805 0.01764706 -1756
74 621.4246 1189.3805 0.01764706 -1759
0 949.1212 574.7007 0.021568628 -220
1 947.56616 574.7007 0.021568628 -220
2 945.8494 574.7007 0.021568628 -234
3 944.11194 574.7007 0.021568628 -250
4 942.36804 574.7007 0.021568628 -267
5 940.6656 574.7007 0.021568628 -283
6 939.00024 574.7007 0.021568628 -300
7 937.26654 574.7007 0.021568628 -316
8 935.59796 574.7007 0.021568628 -333
9 935.13416 574.7007 0.021568628 -349
10 935.13416 574.7007 0.021568628 -366
11 934.1351 574.7007 0.021568628 -382
12 934.1351 574.7007 0.021568628 -399
13 933.136 574.7007 0.021568628 -415
14 933.136 574.7007 0.021568628 -432
15 933.136 574.7007 0.021568628 -448
16 932.4048 574.7007 0.021568628 -465
17 931.1378 574.7007 0.019607844 -498
18 929.82367 574.7007 0.019607844 -514
19 926.2505 574.7007 0.019607844 -531
20 918.47925 577.2561 0.019607844 -564
21 908.6625 579.11444 0.019607844 -597
22 894.6728 580.88477 0.019607844 -614
23 877.5461 583.83844 0.019607844 -630
24 849.6601 585.5917 0.019607844 -647
25 825.0836 587.3981 0.019607844 -663
26 776.16644 587.6939 0.019607844 -680
27 751.0742 586.53516 0.019607844 -713
28 725.22736 586.63824 0.019607844 -729
29 701.6328 587.42053 0.019607844 -746
30 665.5833 584.4955 0.019607844 -762
31 653.122 583.696 0.019607844 -795
32 643.45514 583.696 0.019607844 -812
33 635.3787 583.696 0.019607844 -828
34 629.6134 583.696 0.019607844 -845
35 625.4687 583.696 0.019607844 -861
36 621.0907 583.696 0.021568628 -878
37 617.6785 583.696 0.019607844 -911
38 615.9275 583.696 0.019607844 -944
39 614.26917 583.696 0.019607844 -961
40 613.432 585.6392 0.019607844 -977
41 614.1348 592.2089 0.019607844 -994
42 614.4311 600.9946 0.019607844 -1010
43 614.4311 610.97614 0.019607844 -1027
44 614.4311 621.8011 0.019607844 -1043
45 616.21484 637.95074 0.019607844 -1060
46 616.42926 654.96515 0.019607844 -1076
47 616.42926 671.4357 0.019607844 -1093
48 617.52893 689.7491 0.019607844 -1109
49 619.278 709.55054 0.019607844 -1126
50 619.42645 731.46655 0.019607844 -1142
51 621.81494 751.5154 0.019607844 -1159
52 622.4237 790.824 0.019607844 -1175
53 623.4227 819.1694 0.019607844 -1208
54 623.4227 841.04626 0.019607844 -1225
55 625.5345 882.6774 0.019607844 -1241
56 625.4209 904.6929 0.019607844 -1274
57 626.14984 927.002 0.019607844 -1291
58 626.42 944.5193 0.019607844 -1308
59 626.42 960.2623 0.019607844 -1324
60 626.42 976.8545 0.019607844 -1341
61 627.41907 1012.31274 0.019607844 -1357
62 627.41907 1027.727 0.019607844 -1390
63 627.41907 1043.3141 0.019607844 -1407
64 628.6035 1058.1187 0.019607844 -1423
65 629.41724 1072.3755 0.019607844 -1440
66 629.41724 1086.013 0.019607844 -1456
67 629.41724 1108.238 0.019607844 -1473
68 631.36804 1127.176 0.019607844 -1506
69 631.41534 1135.7175 0.019607844 -1539
70 631.41534 1142.4082 0.019607844 -1555
71 631.41534 1147.914 0.019607844 -1572
72 631.41534 1152.052 0.019607844 -1588
73 631.41534 1154.5912 0.019607844 -1605
74 631.41534 1157.409 0.019607844 -1621
75 631.41534 1162.3945 0.019607844 -1638
76 631.41534 1162.3945 0.019607844 -1671
77 632.4144 1162.3945 0.01764706 -1704
78 632.4144 1162.3945 0.01764706 -1718
0 964.1073 579.69806 0.019607844 -126
1 964.1073 579.69806 0.019607844 -187
2 964.1073 579.69806 0.021568628 -217
3 961.6738 579.69806 0.021568628 -234
4 959.12885 581.68005 0.021568628 -267
5 959.11194 581.697 0.021568628 -300
6 958.06195 582.7474 0.021568628 -315
7 958.11285 584.19574 0.021568628 -350
8 958.11285 583.696 0.021568628 -362
9 958.11285 583.696 0.019607844 -383
10 958.11285 583.696 0.019607844 -416
11 958.11285 583.696 0.019607844 -432
12 958.11285 583.696 0.019607844 -449
13 958.11285 583.696 0.019607844 -465
14 956.00507 583.696 0.019607844 -482
15 953.2351 583.696 0.019607844 -498
16 948.89355 583.696 0.019607844 -515
17 941.2583 583.696 0.019607844 -531
18 936.63275 583.696 0.019607844 -548
19 931.729 585.0966 0.019607844 -556
20 899.4201 586.6944 0.019607844 -564
21 845.9403 587.6939 0.019607844 -597
22 820.6769 587.6939 0.019607844 -630
23 794.873 586.3095 0.019607844 -647
24 772.00415 586.6944 0.019607844 -664
25 746.8969 584.6638 0.019607844 -680
26 718.9707 583.696 0.019607844 -697
27 696.8962 581.11017 0.019607844 -713
28 680.1826 579.34406 0.019607844 -730
29 666.5507 577.58026 0.019607844 -746
30 653.7474 577.6991 0.019607844 -763
31 636.267 577.6991 0.019607844 -779
32 630.31213 577.6991 0.019607844 -812
33 626.9894 577.6991 0.019607844 -829
34 625.03094 577.6991 0.019607844 -845
35 621.6875 577.6991 0.021568628 -862
36 619.42645 577.6991 0.019607844 -895
37 619.42645 580.2229 0.019607844 -928
38 619.42645 581.975 0.019607844 -961
39 619.42645 587.7977 0.019607844 -977
40 619.42645 599.914 0.019607844 -994
41 619.42645 613.44806 0.019607844 -1010
42 620.7451 627.2323 0.019607844 -1027
43 621.50745 640.2468 0.019607844 -1044
44 621.4246 658.7162 0.019607844 -1060
45 621.4246 678.44464 0.019607844 -1077
46 622.8337 699.5598 0.019607844 -1093
47 623.36676 742.9409 0.019607844 -1110
48 624.4218 775.94196 0.019607844 -1143
49 625.00085 801.6964 0.019607844 -1159
50 626.8107 824.2642 0.019607844 -1176
51 626.42 847.3648 0.019607844 -1192
52 626.42163 872.57 0.019607844 -1209
53 626.42 903.36707 0.019607844 -1225
54 626.03125 929.0685 0.019607844 -1242
55 626.42 949.88434 0.019607844 -1258
56 626.43054 992.61 0.019607844 -1275
57 627.41907 1032.05 0.019607844 -1308
58 628.6113 1062.1866 0.019607844 -1341
59 629.41724 1076.3235 0.019607844 -1374
60 629.41724 1098.6577 0.019607844 -1390
61 629.41724 1114.6165 0.019607844 -1424
62 629.41724 1124.2976 0.019607844 -1457
63 630.41626 1129.7422 0.019607844 -1490
64 631.41534 1134.5306 0.019607844 -1506
65 631.41534 1138.1514 0.019607844 -1523
66 631.41534 1139.5525 0.019607844 -1539
67 631.41534 1141.3997 0.019607844 -1556
68 631.41534 1142.9048 0.019607844 -1572
69 631.41534 1143.4044 0.019607844 -1586
70 631.41534 1143.4044 0.019607844 -1622
71 631.41534 1143.4044 0.01764706 -1627
0 940.1295 567.7043 0.021568628 -187
1 940.1295 567.7043 0.021568628 -187
2 939.1502 567.7043 0.021568628 -201
3 935.75 567.7043 0.021568628 -234
4 932.3763 568.7038 0.021568628 -267
5 930.72815 568.7038 0.021568628 -300
6 929.092 569.751 0.021568628 -317
7 927.38916 569.70325 0.021568628 -333
8 925.711 569.70325 0.021568628 -350
9 924.0617 569.70325 0.021568628 -366
10 923.14526 569.70325 0.021568628 -383
11 923.14526 569.70325 0.021568628 -400
12 923.14526 569.70325 0.021568628 -416
13 923.14526 569.70325 0.021568628 -433
14 923.14526 569.70325 0.021568628 -449
15 923.14526 569.70325 0.019607844 -466
16 923.14526 569.70325 0.019607844 -482
17 921.3184 569.70325 0.019607844 -499
18 919.5657 569.70325 0.019607844 -515
19 917.7684 569.70325 0.019607844 -532
20 916.0029 569.70325 0.019607844 -548
21 912.4277 569.70325 0.019607844 -565
22 907.0903 569.70325 0.019607844 -581
23 901.74884 569.70325 0.019607844 -598
24 895.1256 569.70325 0.019607844 -614
25 888.87213 570.77893 0.019607844 -631
26 879.29913 572.5428 0.019607844 -647
27 862.4162 572.7017 0.019607844 -664
28 830.18945 573.7012 0.019607844 -680
29 809.38824 573.7012 0.019607844 -713
30 770.308 573.7012 0.019607844 -730
31 733.1175 572.7017 0.019607844 -763
32 718.36523 572.7017 0.019607844 -796
33 702.9416 571.9901 0.019607844 -813
34 688.454 570.2145 0.019607844 -829
35 678.21265 569.51013 0.019607844 -846
36 668.3397 569.70325 0.019607844 -862
37 660.51636 569.70325 0.019607844 -879
38 655.21136 569.70325 0.019607844 -895
39 650.1232 569.70325 0.019607844 -912
40 646.6577 569.70325 0.019607844 -928
41 643.2902 569.70325 0.019607844 -945
42 639.8185 569.70325 0.019607844 -961
43 637.4169 569.70325 0.019607844 -978
44 635.73737 569.70325 0.021568628 -994
45 634.05646 569.70325 0.021568628 -1011
46 632.34094 569.70325 0.021568628 -1027
47 630.66455 569.70325 0.021568628 -1044
48 628.9934 569.70325 0.019607844 -1060
49 627.29877 569.70325 0.019607844 -1077
50 624.4218 575.42444 0.019607844 -1093
51 624.4218 582.6322 0.019607844 -1126
52 624.4218 588.37427 0.019607844 -1143
53 624.4218 598.61584 0.019607844 -1160
54 624.8965 617.529 0.019607844 -1176
55 626.42 651.31757 0.019607844 -1193
56 624.33734 670.49646 0.019607844 -1226
57 624.4218 694.4624 0.019607844 -1242
58 624.4218 717.9033 0.019607844 -1259
59 628.6389 745.1237 0.019607844 -1275
60 628.41815 781.3648 0.019607844 -1292
61 630.2346 810.2143 0.019607844 -1325
62 630.41626 832.9315 0.019607844 -1341
63 629.0193 854.3354 0.019607844 -1358
64 632.5594 875.14026 0.019607844 -1374
65 631.41534 912.7917 0.019607844 -1391
66 633.4135 949.68036 0.019607844 -1424
67 636.3923 992.2615 0.019607844 -1457
68 640.682 1043.108 0.019607844 -1490
69 643.40424 1075.8274 0.019607844 -1523
70 644.4033 1086.3019 0.019607844 -1556
71 644.4033 1093.5709 0.019607844 -1573
72 643.5658 1098.9426 0.019607844 -1589
73 643.40424 1102.6564 0.019607844 -1606
74 643.40424 1105.8623 0.019607844 -1622
75 643.40424 1107.6605 0.019607844 -1639
76 643.40424 1109.521 0.019607844 -1655
77 643.40424 1110.4216 0.019607844 -1672
78 645.2108 1112.2289 0.019607844 -1688
79 646.4015 1112.4205 0.01764706 -1705
80 647.4006 1112.4205 0.01764706 -1715
0 944.1258 552.7121 0.021568628 -221
1 942.7925 553.7116 0.021568628 -221
2 939.63 554.71106 0.021568628 -233
3 940.1295 555.7149 0.021568628 -264
4 940.1295 557.2097 0.021568628 -299
5 940.1295 557.82336 0.021568628 -313
6 939.06525 557.70953 0.021568628 -349
7 939.13043 558.6583 0.021568628 -398
8 939.13043 558.709 0.021568628 -415
9 939.13043 558.709 0.021568628 -431
10 939.13043 558.709 0.021568628 -443
11 938.13135 558.709 0.021568628 -463
12 937.10406 558.709 0.021568628 -498
13 937.13226 558.709 0.021568628 -514
14 936.13324 558.709 0.019607844 -547
15 934.3637 558.709 0.019607844 -580
16 932.58685 558.709 0.019607844 -597
17 930.80817 558.709 0.019607844 -613
18 928.9871 558.709 0.019607844 -630
19 921.4345 560.66003 0.019607844 -646
20 909.78076 562.47516 0.019607844 -663
21 896.61 565.2755 0.019607844 -679
22 879.41364 568.4583 0.019607844 -696
23 858.2348 569.8674 0.019607844 -712
24 803.2941 571.7022 0.019607844 -729
25 775.41 572.33563 0.019607844 -762
26 749.3324 572.7017 0.019607844 -778
27 728.5823 571.7022 0.019607844 -795
28 707.5965 572.67883 0.019607844 -811
29 685.03534 571.7022 0.019607844 -828
30 670.0035 571.7022 0.019607844 -845
31 659.9486 571.7022 0.019607844 -861
32 646.9524 571.7022 0.019607844 -878
33 639.7166 571.7022 0.021568628 -911
34 637.8766 571.7022 0.021568628 -944
35 636.18475 571.7022 0.021568628 -960
36 634.50574 571.7022 0.021568628 -977
37 632.85974 571.7022 0.021568628 -993
38 629.53827 573.5801 0.019607844 -1010
39 629.41724 580.8622 0.019607844 -1043
40 629.41724 588.20264 0.019607844 -1076
41 628.47107 600.3167 0.019607844 -1092
42 629.1124 619.0164 0.019607844 -1109
43 629.41724 637.05884 0.019607844 -1125
44 628.20966 653.5377 0.019607844 -1142
45 629.41724 691.1108 0.019607844 -1158
46 626.0923 730.22754 0.019607844 -1192
47 626.5262 772.1094 0.019607844 -1225
48 627.41907 818.5284 0.019607844 -1258
49 626.1111 839.58215 0.019607844 -1291
50 627.5781 862.665 0.019607844 -1307
51 626.52313 886.98914 0.019607844 -1324
52 626.82385 933.17365 0.019607844 -1340
53 626.42 970.0308 0.019607844 -1373
54 627.309 992.8309 0.019607844 -1406
55 626.7483 1012.8576 0.019607844 -1423
56 624.95355 1030.6733 0.019607844 -1439
57 623.16016 1046.8198 0.019607844 -1456
58 625.5077 1064.2274 0.019607844 -1472
59 625.4209 1075.8195 0.019607844 -1489
60 623.7322 1089.2644 0.019607844 -1505
61 622.9565 1099.7607 0.019607844 -1522
62 622.4237 1116.5344 0.019607844 -1538
63 624.3077 1127.7272 0.019607844 -1572
64 624.4218 1136.1809 0.019607844 -1588
65 624.4218 1142.8441 0.019607844 -1605
66 624.4218 1152.556 0.019607844 -1621
67 624.4218 1165.459 0.019607844 -1654
68 624.4218 1173.0293 0.019607844 -1687
69 624.4218 1176.5021 0.019607844 -1720
70 624.4218 1179.3857 0.019607844 -1737
71 624.4218 1179.3857 0.019607844 -1770
72 624.4218 1179.3857 0.01764706 -1781
0 928.1406 572.7017 0.021568628 -197
1 927.14154 573.8188 0.021568628 -197
2 927.14154 576.14136 0.021568628 -217
3 927.14154 575.70013 0.021568628 -250
4 927.14154 577.6991 0.021568628 -283
5 926.2686 579.57184 0.021568628 -316
6 926.14246 580.6975 0.021568628 -333
7 926.14246 581.8628 0.021568628 -350
8 926.14246 581.697 0.021568628 -366
9 925.1434 582.6965 0.021568628 -383
10 925.1434 582.6965 0.021568628 -399
11 925.1434 582.6965 0.021568628 -416
12 925.1434 582.6965 0.021568628 -432
13 925.1434 582.6965 0.019607844 -449
14 923.15594 582.6965 0.019607844 -465
15 921.41376 582.6965 0.019607844 -482
16 919.6677 582.6965 0.019607844 -498
17 917.90985 582.6965 0.019607844 -515
18 916.0883 582.6965 0.019607844 -531
19 908.90027 584.57184 0.019607844 -548
20 898.1547 584.69543 0.019607844 -564
21 871.979 587.97046 0.019607844 -581
22 853.1359 587.6939 0.019607844 -614
23 830.978 588.5769 0.019607844 -630
24 783.59326 589.6929 0.019607844 -647
25 739.7486 587.6467 0.019607844 -680
26 696.2988 587.05273 0.019607844 -713
27 677.4955 585.2075 0.019607844 -746
28 665.9282 584.69543 0.019607844 -763
29 656.58624 584.69543 0.019607844 -779
30 648.1084 584.69543 0.019607844 -796
31 640.7692 584.69543 0.019607844 -812
32 637.3091 584.69543 0.019607844 -829
33 633.8313 584.69543 0.019607844 -845
34 630.4791 584.69543 0.021568628 -862
35 629.3455 584.69543 0.019607844 -878
36 627.62427 584.69543 0.019607844 -895
37 625.9363 584.69543 0.019607844 -911
38 624.30365 584.69543 0.019607844 -928
39 621.4246 586.81866 0.019607844 -944
40 621.4246 590.3591 0.019607844 -977
41 621.4246 595.8573 0.019607844 -994
42 621.4246 603.89966 0.019607844 -1010
43 619.81726 617.549 0.019607844 -1027
44 619.42645 647.73315 0.019607844 -1043
45 618.538 664.65704 0.019607844 -1076
46 617.4283 686.05634 0.019607844 -1093
47 618.8386 703.3383 0.019607844 -1110
48 618.42737 725.65326 0.019607844 -1126
49 618.42737 745.37335 0.019607844 -1143
50 619.42645 794.55554 0.019607844 -1159
51 620.7564 816.54895 0.019607844 -1192
52 620.42554 858.91473 0.019607844 -1209
53 620.9205 909.5818 0.019607844 -1242
54 620.42554 931.5538 0.019607844 -1275
55 621.4246 950.00055 0.019607844 -1292
56 622.1533 993.23474 0.019607844 -1308
57 623.4227 1011.07294 0.019607844 -1341
58 623.4227 1025.2719 0.019607844 -1358
59 623.4227 1037.3882 0.019607844 -1374
60 623.4227 1047.1257 0.019607844 -1391
61 624.344 1059.8247 0.019607844 -1407
62 626.15295 1070.1063 0.019607844 -1424
63 627.41907 1078.6376 0.019607844 -1441
64 627.41907 1084.5823 0.019607844 -1457
65 627.41907 1091.1858 0.019607844 -1474
66 627.41907 1103.4565 0.019607844 -1490
67 627.41907 1114.7361 0.019607844 -1523
68 627.41907 1120.2158 0.019607844 -1556
69 629.4828 1127.6749 0.019607844 -1573
70 630.41626 1133.9795 0.019607844 -1589
71 630.41626 1139.3267 0.019607844 -1606
72 630.41626 1143.3889 0.019607844 -1622
73 630.41626 1147.0243 0.019607844 -1639
74 630.41626 1150.5189 0.019607844 -1655
75 630.41626 1154.0615 0.019607844 -1672
76 630.41626 1155.3982 0.019607844 -1705
77 630.41626 1155.3982 0.01764706 -1721
78 630.41626 1155.3982 0.01764706 -1725
