0 877.1878 903.5294 0.023529414 -199
1 877.1878 903.5294 0.023529414 -199
2 877.1878 903.5294 0.023529414 -213
3 877.1878 903.5294 0.023529414 -255
4 877.1878 903.5294 0.023529414 -292
5 877.1878 903.5294 0.021568628 -325
6 877.1878 903.5294 0.021568628 -358
7 877.1878 903.5294 0.021568628 -374
8 875.4443 903.5294 0.021568628 -391
9 854.5061 903.5294 0.019607844 -407
10 827.4862 901.7806 0.019607844 -457
11 795.6021 899.5315 0.019607844 -490
12 781.2247 897.4011 0.019607844 -523
13 763.5833 894.7325 0.019607844 -540
14 742.8271 891.17487 0.019607844 -556
15 724.7844 887.6287 0.019607844 -573
16 712.72705 884.0787 0.019607844 -589
17 701.3302 881.5374 0.019607844 -606
18 687.89813 877.98126 0.019607844 -622
19 677.83276 876.03577 0.019607844 -639
20 670.5088 874.327 0.021568628 -655
21 664.3817 872.5445 0.021568628 -672
22 656.5448 871.546 0.021568628 -688
23 652.55865 871.546 0.021568628 -721
24 649.1608 871.546 0.021568628 -754
25 647.3483 871.546 0.019607844 -787
26 645.60736 872.34045 0.019607844 -804
27 643.8542 875.6431 0.019607844 -820
28 640.7199 880.57166 0.019607844 -837
29 637.2082 885.84125 0.019607844 -854
30 630.24927 914.3598 0.019607844 -870
31 623.3952 949.78094 0.019607844 -903
32 618.0659 993.3344 0.019607844 -936
33 614.4631 1013.7962 0.019607844 -969
34 610.9305 1034.484 0.019607844 -986
35 605.8656 1079.4515 0.019607844 -1002
36 598.7894 1119.026 0.019607844 -1035
37 591.5664 1155.8273 0.019607844 -1068
38 588.6734 1183.3254 0.021568628 -1101
39 585.3087 1208.4158 0.019607844 -1118
40 583.06354 1231.1183 0.021568628 -1134
41 581.31494 1253.256 0.021568628 -1151
42 579.4705 1277.2495 0.019607844 -1168
43 577.46533 1331.2603 0.019607844 -1184
44 576.46625 1369.9738 0.019607844 -1217
45 574.5566 1401.5612 0.019607844 -1250
46 573.7099 1415.5747 0.019607844 -1283
47 573.469 1427.7101 0.019607844 -1300
48 573.469 1437.2875 0.019607844 -1316
49 573.469 1449.1575 0.019607844 -1333
50 573.469 1454.7452 0.021568628 -1366
51 573.469 1457.8726 0.021568628 -1382
52 573.469 1459.6736 0.021568628 -1399
53 573.469 1463.2838 0.021568628 -1415
54 573.469 1463.2379 0.019607844 -1448
55 573.469 1463.2379 0.019607844 -1465
56 573.469 1463.2379 0.01764706 -1465
0 898.1684 841.56165 0.019607844 -273
1 898.1684 841.56165 0.021568628 -273
2 898.1684 841.56165 0.021568628 -294
3 898.1684 841.56165 0.021568628 -327
4 898.1684 841.56165 0.021568628 -344
5 898.1684 841.56165 0.021568628 -360
6 898.1684 841.56165 0.023529414 -377
7 898.1684 841.56165 0.021568628 -393
8 898.1684 841.56165 0.021568628 -410
9 895.93335 841.56165 0.021568628 -443
10 892.15955 841.56165 0.021568628 -459
11 885.18036 841.56165 0.019607844 -476
12 880.1917 841.56165 0.019607844 -509
13 873.7692 841.56165 0.019607844 -525
14 846.5617 843.5606 0.019607844 -542
15 831.49146 843.5606 0.019607844 -575
16 810.86334 844.5601 0.019607844 -591
17 757.0294 843.5606 0.019607844 -608
18 730.13794 842.0481 0.019607844 -641
19 706.32166 840.3463 0.019607844 -658
20 678.94904 837.53357 0.019607844 -674
21 652.35895 835.82886 0.019607844 -691
22 628.8931 834.10516 0.019607844 -707
23 610.8786 832.4108 0.021568628 -724
24 596.3199 830.67633 0.019607844 -740
25 581.683 829.56793 0.019607844 -757
26 569.5383 828.29224 0.019607844 -773
27 560.3883 826.5509 0.021568628 -790
28 552.0797 826.56946 0.021568628 -806
29 545.1484 826.56946 0.021568628 -823
30 541.5022 826.56946 0.021568628 -839
31 537.2959 826.56946 0.021568628 -856
32 535.53674 826.56946 0.023529414 -889
33 533.8645 826.56946 0.021568628 -905
34 532.1615 826.56946 0.021568628 -922
35 531.5079 828.62396 0.021568628 -939
36 529.7592 832.8171 0.021568628 -955
37 528.0499 841.78973 0.019607844 -972
38 525.5134 868.72504 0.019607844 -988
39 525.5134 890.59705 0.021568628 -1021
40 525.5134 911.3159 0.019607844 -1038
41 525.5134 958.0877 0.019607844 -1054
42 526.5125 986.26495 0.019607844 -1087
43 526.5125 1011.1635 0.019607844 -1104
44 526.5125 1036.0826 0.021568628 -1120
45 526.5125 1066.9813 0.021568628 -1137
46 526.5125 1097.4628 0.019607844 -1153
47 525.5134 1155.5062 0.019607844 -1170
48 523.51526 1224.4346 0.019607844 -1203
49 523.51526 1275.7834 0.019607844 -1236
50 523.51526 1300.6646 0.019607844 -1269
51 522.4541 1326.3032 0.019607844 -1286
52 520.64777 1349.7389 0.019607844 -1302
53 520.51807 1367.507 0.019607844 -1319
54 518.9997 1383.4374 0.019607844 -1335
55 518.5199 1397.76 0.019607844 -1352
56 516.5217 1420.9275 0.021568628 -1368
57 516.5217 1430.1467 0.021568628 -1401
58 516.5217 1437.6239 0.021568628 -1418
59 516.5217 1443.4105 0.021568628 -1434
60 516.5217 1447.7184 0.021568628 -1451
61 516.5217 1454.8572 0.021568628 -1467
62 516.5217 1459.6681 0.021568628 -1500
63 516.5217 1462.7382 0.021568628 -1533
64 516.5217 1462.7382 0.019607844 -1561
0 887.1785 860.55176 0.023529414 -209
1 887.1785 860.55176 0.023529414 -209
2 887.1785 860.55176 0.023529414 -226
3 887.1785 860.55176 0.023529414 -259
4 887.1785 860.55176 0.023529414 -276
5 887.1785 860.55176 0.023529414 -292
6 887.1785 860.55176 0.023529414 -309
7 887.1785 860.55176 0.023529414 -325
8 887.1785 860.55176 0.023529414 -342
9 887.1785 860.55176 0.023529414 -358
10 886.6239 860.55176 0.021568628 -375
11 884.86786 860.55176 0.021568628 -391
12 883.05963 860.55176 0.019607844 -408
13 880.4497 860.55176 0.019607844 -424
14 862.8249 860.55176 0.019607844 -441
15 830.2024 859.5523 0.019607844 -474
16 799.5818 856.9966 0.019607844 -507
17 773.13763 853.47943 0.019607844 -524
18 742.87317 849.9175 0.019607844 -540
19 716.78906 845.3534 0.019607844 -557
20 679.3586 837.21344 0.019607844 -573
21 647.0862 829.5342 0.019607844 -590
22 620.34296 823.5545 0.019607844 -606
23 602.19495 819.3237 0.019607844 -623
24 586.9664 815.9106 0.019607844 -639
25 575.33295 813.05414 0.021568628 -656
26 565.4422 811.40497 0.021568628 -672
27 558.90857 810.5778 0.023529414 -689
28 554.43115 810.5778 0.023529414 -705
29 551.1876 810.5778 0.023529414 -722
30 549.6582 810.5778 0.023529414 -738
31 548.02313 810.5778 0.023529414 -755
32 546.4154 810.5778 0.023529414 -771
33 544.704 810.5778 0.021568628 -788
34 543.0291 810.5778 0.021568628 -804
35 543.49677 812.7688 0.019607844 -821
36 542.52344 816.52313 0.019607844 -838
37 540.7904 824.11487 0.021568628 -854
38 539.0803 832.66925 0.019607844 -871
39 537.3431 845.67535 0.019607844 -887
40 535.5329 861.29254 0.019607844 -904
41 533.7968 887.17206 0.019607844 -920
42 532.0458 911.526 0.019607844 -937
43 528.5438 956.07025 0.019607844 -953
44 524.9804 1017.93933 0.019607844 -986
45 521.3492 1064.462 0.021568628 -1019
46 517.8242 1109.7778 0.021568628 -1052
47 516.007 1129.5632 0.019607844 -1085
48 514.2369 1147.2728 0.019607844 -1102
49 512.4305 1165.3439 0.021568628 -1118
50 509.52823 1213.8141 0.019607844 -1135
51 508.52914 1272.9337 0.021568628 -1168
52 509.42072 1329.3707 0.019607844 -1201
53 509.52823 1372.631 0.019607844 -1234
54 509.52823 1390.0328 0.019607844 -1267
55 509.52823 1402.6091 0.019607844 -1284
56 508.4679 1412.5708 0.021568628 -1300
57 508.52914 1422.6315 0.021568628 -1317
58 508.52914 1429.9954 0.021568628 -1333
59 508.52914 1435.7228 0.021568628 -1350
60 508.52914 1439.8466 0.021568628 -1366
61 508.52914 1443.5361 0.021568628 -1383
62 508.52914 1445.1917 0.021568628 -1399
63 508.52914 1447.0095 0.021568628 -1416
64 508.52914 1447.746 0.021568628 -1432
65 508.52914 1447.2462 0.021568628 -1439
66 508.52914 1447.2462 0.019607844 -1465
67 508.52914 1447.2462 0.019607844 -1479
0 918.14984 847.55853 0.021568628 -356
1 918.14984 847.55853 0.021568628 -356
2 918.14984 847.55853 0.021568628 -381
3 918.14984 847.55853 0.021568628 -398
4 918.14984 847.55853 0.021568628 -414
5 918.14984 847.55853 0.021568628 -431
6 918.14984 847.55853 0.021568628 -447
7 918.14984 847.55853 0.021568628 -464
8 916.12756 847.55853 0.021568628 -480
9 914.39355 847.55853 0.021568628 -497
10 912.6386 847.55853 0.021568628 -513
11 909.1254 847.55853 0.021568628 -530
12 903.1375 847.55853 0.019607844 -563
13 892.993 847.55853 0.019607844 -596
14 874.40814 847.55853 0.019607844 -629
15 858.2317 847.55853 0.019607844 -662
16 842.1816 846.2216 0.019607844 -679
17 826.23254 845.5596 0.019607844 -695
18 803.93243 843.617 0.019607844 -712
19 777.25854 840.8273 0.019607844 -728
20 727.35236 836.10693 0.019607844 -745
21 706.82007 834.52155 0.019607844 -778
22 682.78064 831.7943 0.019607844 -794
23 660.5369 829.03625 0.019607844 -811
24 642.5433 825.9974 0.019607844 -827
25 624.7721 824.5056 0.019607844 -844
26 594.4496 821.0724 0.019607844 -860
27 578.7776 817.65247 0.021568628 -893
28 571.7521 815.8954 0.021568628 -927
29 564.98425 814.2028 0.021568628 -943
30 560.3627 813.5368 0.021568628 -960
31 557.10187 813.57623 0.021568628 -976
32 553.735 813.57623 0.021568628 -993
33 552.41504 813.57623 0.021568628 -1009
34 550.71765 813.57623 0.021568628 -1026
35 547.344 815.7243 0.021568628 -1042
36 545.5667 818.4301 0.019607844 -1075
37 543.8433 825.18274 0.019607844 -1092
38 540.757 833.4216 0.019607844 -1108
39 535.8255 862.10364 0.019607844 -1125
40 532.30273 884.3682 0.019607844 -1158
41 528.8934 905.22986 0.019607844 -1174
42 526.40753 926.77856 0.019607844 -1191
43 523.8828 952.19305 0.019607844 -1207
44 523.51526 980.2356 0.019607844 -1224
45 523.51526 1006.6156 0.019607844 -1240
46 522.5162 1033.7789 0.019607844 -1257
47 522.5162 1060.1265 0.019607844 -1273
48 520.83746 1093.9954 0.019607844 -1290
49 520.0745 1119.1884 0.019607844 -1307
50 516.48364 1162.8135 0.019607844 -1323
51 514.90546 1214.017 0.019607844 -1356
52 512.52545 1255.6967 0.019607844 -1389
53 510.38202 1273.6453 0.019607844 -1422
54 509.5991 1289.619 0.019607844 -1439
55 507.79263 1304.2183 0.019607844 -1455
56 507.53006 1317.1818 0.019607844 -1472
57 507.53006 1331.4015 0.019607844 -1488
58 507.53006 1343.2251 0.019607844 -1505
59 507.53006 1357.327 0.019607844 -1521
60 506.719 1370.9688 0.019607844 -1538
61 506.531 1387.9829 0.021568628 -1554
62 506.531 1392.997 0.021568628 -1587
63 504.51535 1398.3242 0.019607844 -1604
64 504.53284 1401.9376 0.021568628 -1620
65 504.53284 1407.7335 0.019607844 -1637
66 504.53284 1409.6177 0.019607844 -1670
67 504.53284 1409.266 0.019607844 -1687
68 504.53284 1409.266 0.019607844 -1697
69 504.53284 1409.266 0.019607844 -1718
0 895.17114 871.546 0.023529414 -307
1 895.17114 871.546 0.023529414 -307
2 895.17114 871.546 0.023529414 -332
3 895.17114 871.546 0.023529414 -348
4 895.17114 871.546 0.023529414 -365
5 895.17114 871.546 0.023529414 -381
6 895.17114 871.546 0.023529414 -398
7 895.17114 871.546 0.023529414 -429
8 895.17114 871.546 0.023529414 -464
9 895.17114 871.546 0.023529414 -469
10 895.17114 871.546 0.021568628 -513
11 891.167 871.546 0.021568628 -530
12 886.1266 871.546 0.021568628 -563
13 880.9358 871.546 0.021568628 -580
14 874.61633 871.546 0.021568628 -596
15 860.9769 871.546 0.021568628 -613
16 846.9479 871.546 0.021568628 -629
17 832.8649 871.546 0.021568628 -646
18 812.53564 871.546 0.021568628 -662
19 785.42847 869.7724 0.019607844 -679
20 760.17224 868.0063 0.019607844 -695
21 716.9488 864.51447 0.019607844 -712
22 666.81177 859.9547 0.021568628 -745
23 632.0333 856.5157 0.021568628 -778
24 617.3876 854.69183 0.021568628 -811
25 605.95874 854.5549 0.021568628 -827
26 598.31726 853.2734 0.021568628 -844
27 587.4084 853.5554 0.021568628 -860
28 583.6149 853.5554 0.023529414 -894
29 578.7407 853.5554 0.023529414 -910
30 577.0375 853.5554 0.021568628 -943
31 575.3967 853.5554 0.021568628 -960
32 573.65344 853.5554 0.021568628 -976
33 570.21295 855.8133 0.019607844 -993
34 568.6597 866.61743 0.021568628 -1026
35 566.8516 876.9076 0.021568628 -1059
36 565.1036 890.5221 0.021568628 -1075
37 561.55426 927.77423 0.021568628 -1092
38 559.06177 972.96094 0.021568628 -1125
39 556.51105 1018.1273 0.021568628 -1158
40 553.9751 1069.6102 0.019607844 -1191
41 550.3826 1111.6063 0.021568628 -1224
42 546.79376 1154.7981 0.021568628 -1257
43 543.25684 1190.541 0.021568628 -1290
44 539.61487 1226.9872 0.019607844 -1323
45 538.00183 1264.3416 0.019607844 -1356
46 537.5023 1298.6901 0.021568628 -1389
47 535.547 1316.8853 0.019607844 -1422
48 533.7397 1335.9653 0.019607844 -1439
49 532.50696 1351.2446 0.019607844 -1455
50 532.50696 1363.8209 0.021568628 -1472
51 532.50696 1375.0425 0.021568628 -1488
52 532.50696 1384.2247 0.021568628 -1505
53 532.50696 1393.265 0.019607844 -1521
54 532.50696 1400.0394 0.019607844 -1538
55 532.50696 1405.5616 0.021568628 -1554
56 532.50696 1409.6605 0.021568628 -1571
57 532.50696 1416.0966 0.019607844 -1587
58 534.25055 1418.0066 0.019607844 -1621
59 534.50507 1418.2612 0.019607844 -1637
60 535.50415 1419.2607 0.019607844 -1639
0 907.16003 829.56793 0.019607844 -186
1 907.16003 829.56793 0.019607844 -186
2 907.16003 829.56793 0.021568628 -209
3 907.16003 829.56793 0.021568628 -225
4 907.16003 829.56793 0.021568628 -242
5 907.16003 829.56793 0.021568628 -258
6 907.16003 829.56793 0.021568628 -275
7 907.16003 829.56793 0.021568628 -291
8 907.16003 829.56793 0.021568628 -308
9 907.16003 829.56793 0.021568628 -324
10 907.16003 829.56793 0.021568628 -341
11 907.16003 829.56793 0.021568628 -406
12 907.16003 829.56793 0.019607844 -440
13 904.55054 829.56793 0.019607844 -473
14 899.93726 829.56793 0.019607844 -490
15 893.4953 829.56793 0.019607844 -506
16 865.5013 833.1358 0.019607844 -523
17 847.1502 834.9717 0.019607844 -556
18 829.472 836.7402 0.019607844 -573
19 802.94977 838.58514 0.019607844 -589
20 769.8644 840.374 0.019607844 -606
21 740.1537 840.5622 0.019607844 -622
22 716.3635 840.5622 0.019607844 -639
23 687.62415 840.5622 0.019607844 -655
24 660.94635 838.65485 0.019607844 -672
25 631.8263 837.5637 0.019607844 -688
26 610.301 836.5643 0.019607844 -705
27 576.2957 836.5643 0.021568628 -721
28 559.39923 836.5643 0.021568628 -755
29 547.07935 836.5643 0.021568628 -771
30 540.2464 836.5643 0.021568628 -788
31 534.2694 836.5643 0.021568628 -804
32 529.1933 836.5643 0.021568628 -821
33 526.34894 836.5643 0.021568628 -837
34 524.6905 836.5643 0.021568628 -854
35 523.0127 836.5643 0.021568628 -870
36 521.3497 836.5643 0.021568628 -887
37 519.577 837.5057 0.021568628 -903
38 517.84863 839.90625 0.021568628 -920
39 516.1241 844.3562 0.019607844 -936
40 512.6284 858.9342 0.019607844 -953
41 510.83444 876.469 0.021568628 -986
42 510.52728 915.84705 0.021568628 -1002
43 510.52728 942.88245 0.019607844 -1035
44 512.34717 989.20135 0.019607844 -1052
45 512.52545 1022.5381 0.019607844 -1069
46 513.9369 1053.4673 0.019607844 -1085
47 514.5236 1081.2699 0.019607844 -1102
48 515.52264 1110.1987 0.019607844 -1118
49 516.5217 1150.7211 0.019607844 -1135
50 516.5217 1183.0471 0.019607844 -1151
51 516.5217 1211.8853 0.019607844 -1168
52 516.5217 1239.422 0.019607844 -1184
53 516.5217 1288.6163 0.019607844 -1201
54 515.52264 1316.4148 0.019607844 -1234
55 515.52264 1338.4309 0.019607844 -1250
56 515.52264 1360.2914 0.019607844 -1267
57 514.18713 1379.6495 0.019607844 -1283
58 514.5236 1394.471 0.019607844 -1300
59 514.5236 1408.7197 0.019607844 -1316
60 513.52454 1421.5587 0.021568628 -1333
61 512.52545 1431.8184 0.021568628 -1349
62 512.52545 1439.347 0.021568628 -1366
63 512.52545 1446.679 0.021568628 -1382
64 512.52545 1453.9073 0.019607844 -1399
65 512.52545 1459.4844 0.019607844 -1416
66 512.52545 1465.015 0.019607844 -1432
67 512.52545 1468.7169 0.019607844 -1449
68 512.52545 1474.7183 0.021568628 -1465
69 512.52545 1476.5568 0.021568628 -1498
70 512.52545 1479.2295 0.019607844 -1515
71 512.52545 1479.2295 0.019607844 -1548
0 953.1175 849.5575 0.021568628 -245
1 953.1175 849.5575 0.021568628 -245
2 953.1175 849.5575 0.021568628 -267
3 953.1175 849.5575 0.023529414 -283
4 953.1175 849.5575 0.023529414 -314
5 953.1175 849.5575 0.023529414 -382
6 953.1175 849.5575 0.023529414 -415
7 953.1175 849.5575 0.023529414 -448
8 953.1175 849.5575 0.023529414 -481
9 953.1175 849.5575 0.021568628 -498
10 953.1175 849.5575 0.021568628 -515
11 947.4164 849.5575 0.019607844 -548
12 926.38165 852.77594 0.019607844 -581
13 909.3852 854.7518 0.019607844 -614
14 883.2134 855.5544 0.019607844 -630
15 856.83826 855.5544 0.019607844 -647
16 828.56445 855.5544 0.019607844 -663
17 800.9128 855.5544 0.019607844 -680
18 773.6853 852.0765 0.019607844 -696
19 746.43976 849.4954 0.019607844 -713
20 695.31915 845.01105 0.019607844 -729
21 667.37274 842.56116 0.021568628 -762
22 658.4346 842.56116 0.021568628 -795
23 651.4322 842.56116 0.021568628 -812
24 645.8925 842.56116 0.021568628 -828
25 642.6183 842.56116 0.021568628 -845
26 637.1729 842.56116 0.021568628 -862
27 635.495 842.56116 0.021568628 -895
28 632.13873 842.56116 0.021568628 -911
29 628.6802 844.29803 0.021568628 -944
30 626.9192 846.55975 0.021568628 -977
31 625.16675 851.3197 0.019607844 -994
32 623.3763 857.73914 0.019607844 -1010
33 620.7897 868.9072 0.019607844 -1027
34 617.2239 885.5619 0.019607844 -1043
35 613.6683 903.34717 0.019607844 -1060
36 610.1567 924.18915 0.019607844 -1076
37 607.44037 949.4658 0.019607844 -1093
38 606.4385 987.056 0.019607844 -1109
39 604.8929 1017.7692 0.019607844 -1126
40 603.0864 1045.7832 0.019607844 -1142
41 601.3392 1071.0026 0.019607844 -1159
42 598.48737 1097.8054 0.019607844 -1176
43 594.931 1130.3152 0.019607844 -1192
44 591.33997 1156.1852 0.019607844 -1209
45 589.0889 1181.5034 0.019607844 -1225
46 586.32806 1203.0504 0.019607844 -1242
47 583.46185 1227.3341 0.019607844 -1258
48 581.64154 1256.6437 0.019607844 -1275
49 579.8431 1282.0128 0.019607844 -1291
50 578.4644 1306.8157 0.019607844 -1308
51 578.4644 1332.277 0.019607844 -1324
52 579.42834 1382.7528 0.019607844 -1341
53 579.46344 1416.0288 0.019607844 -1374
54 579.46344 1426.2637 0.021568628 -1407
55 579.46344 1433.8707 0.021568628 -1423
56 579.46344 1439.2974 0.021568628 -1440
57 579.46344 1442.841 0.021568628 -1456
58 579.46344 1446.5786 0.021568628 -1473
59 579.46344 1448.3981 0.021568628 -1506
60 579.46344 1448.2457 0.019607844 -1523
61 579.46344 1448.2457 0.019607844 -1572
62 579.46344 1448.2457 0.01764706 -1574
0 943.1267 853.5554 0.021568628 -188
1 943.1267 853.5554 0.021568628 -188
2 943.1267 853.5554 0.021568628 -209
3 943.1267 853.5554 0.023529414 -226
4 943.1267 853.5554 0.023529414 -242
5 943.1267 853.5554 0.023529414 -276
6 943.1267 853.5554 0.023529414 -309
7 943.1267 853.5554 0.023529414 -325
8 943.1267 853.5554 0.023529414 -342
9 943.1267 853.5554 0.023529414 -358
10 943.1267 853.5554 0.023529414 -375
11 943.1267 853.5554 0.021568628 -391
12 943.1267 853.5554 0.021568628 -424
13 943.1267 853.5554 0.021568628 -441
14 943.1267 853.5554 0.021568628 -457
15 941.02966 853.5554 0.019607844 -474
16 930.63794 853.5554 0.019607844 -490
17 919.79144 853.5554 0.019607844 -523
18 901.002 853.5554 0.019607844 -540
19 881.8178 853.5554 0.019607844 -556
20 840.6552 853.5554 0.019607844 -573
21 816.10315 852.31445 0.019607844 -606
22 791.5554 850.5023 0.019607844 -623
23 759.8855 847.79376 0.019607844 -639
24 730.7461 844.1921 0.019607844 -656
25 706.9097 840.64276 0.019607844 -672
26 683.2823 838.32605 0.019607844 -689
27 644.4117 833.8392 0.019607844 -705
28 616.75134 832.56635 0.021568628 -738
29 606.7724 831.6337 0.021568628 -771
30 600.67993 831.5669 0.021568628 -788
31 595.52466 831.5669 0.021568628 -804
32 592.47107 831.5669 0.021568628 -821
33 589.2184 831.5669 0.021568628 -837
34 587.1158 831.5669 0.021568628 -854
35 585.40906 831.5669 0.021568628 -870
36 583.7315 831.5669 0.021568628 -887
37 580.3463 831.5669 0.021568628 -903
38 578.54193 833.4883 0.021568628 -937
39 576.8005 839.2248 0.019607844 -953
40 575.0375 847.70886 0.019607844 -970
41 573.3148 859.78674 0.019607844 -986
42 569.7291 899.1954 0.019607844 -1003
43 567.9627 922.16766 0.019607844 -1036
44 565.44196 969.97797 0.019607844 -1052
45 564.65607 1002.5422 0.019607844 -1085
46 563.4783 1035.5819 0.019607844 -1102
47 563.4783 1063.8141 0.019607844 -1118
48 562.27716 1090.4651 0.019607844 -1135
49 561.42487 1116.1926 0.019607844 -1151
50 559.6312 1146.162 0.019607844 -1168
51 559.48193 1191.9161 0.019607844 -1184
52 558.4829 1229.6216 0.019607844 -1217
53 558.4829 1253.7372 0.019607844 -1250
54 558.4829 1276.7855 0.019607844 -1267
55 558.4829 1295.5928 0.019607844 -1284
56 558.4829 1329.1621 0.019607844 -1300
57 558.4829 1359.5082 0.019607844 -1333
58 558.4829 1382.9191 0.019607844 -1366
59 558.4829 1390.4257 0.019607844 -1399
60 558.4829 1402.9755 0.019607844 -1416
61 558.4829 1406.813 0.019607844 -1449
62 558.4829 1409.8406 0.019607844 -1465
63 558.4829 1413.5009 0.019607844 -1482
64 558.4829 1415.2628 0.019607844 -1515
65 558.4829 1415.2628 0.019607844 -1548
66 558.4829 1415.2628 0.01764706 -1556
0 959.11194 857.55334 0.021568628 -246
1 959.11194 857.55334 0.021568628 -246
2 959.11194 857.55334 0.021568628 -268
3 957.37445 857.55334 0.023529414 -301
4 955.6607 857.55334 0.023529414 -318
5 953.94403 857.55334 0.023529414 -334
6 952.1752 857.55334 0.023529414 -351
7 950.4562 857.55334 0.023529414 -367
8 948.76135 857.55334 0.023529414 -384
9 947.069 857.55334 0.023529414 -400
10 943.6262 857.55334 0.023529414 -417
11 941.9365 857.55334 0.023529414 -450
12 942.1277 857.55334 0.023529414 -467
13 942.1277 857.55334 0.023529414 -483
14 942.1277 857.55334 0.023529414 -500
15 942.1277 857.55334 0.023529414 -516
16 942.1277 857.55334 0.023529414 -533
17 942.1277 857.55334 0.021568628 -549
18 942.1277 857.55334 0.019607844 -582
19 940.99756 857.55334 0.019607844 -615
20 939.1358 857.55334 0.019607844 -632
21 935.4623 857.55334 0.019607844 -648
22 927.6748 857.55334 0.019607844 -665
23 917.15076 857.55334 0.019607844 -681
24 885.7849 857.55334 0.019607844 -698
25 836.42017 854.7545 0.019607844 -731
26 803.9028 852.0425 0.019607844 -764
27 776.8573 849.9957 0.019607844 -781
28 750.1076 846.7593 0.019607844 -797
29 726.6281 843.14557 0.019607844 -814
30 708.05695 841.5329 0.019607844 -830
31 688.24036 839.7333 0.019607844 -847
32 673.23145 837.9714 0.019607844 -863
33 662.26385 836.21063 0.019607844 -880
34 655.23016 836.5643 0.019607844 -896
35 648.94635 836.5643 0.019607844 -913
36 638.8016 836.5643 0.021568628 -929
37 635.54083 836.5643 0.021568628 -962
38 632.1771 836.5643 0.021568628 -979
39 628.5707 836.5643 0.021568628 -995
40 626.735 836.5643 0.021568628 -1029
41 624.99524 836.5643 0.021568628 -1045
42 624.4218 836.5643 0.021568628 -1062
43 622.54236 838.4445 0.019607844 -1078
44 620.76135 842.5527 0.019607844 -1095
45 618.9692 847.93146 0.019607844 -1111
46 617.1953 857.9522 0.019607844 -1128
47 613.32733 870.913 0.019607844 -1144
48 608.90607 892.65564 0.019607844 -1161
49 605.1345 914.3546 0.019607844 -1177
50 602.4422 961.4245 0.019607844 -1194
51 602.4422 988.1496 0.019607844 -1227
52 603.292 1024.7761 0.019607844 -1243
53 603.4413 1052.621 0.019607844 -1260
54 603.4413 1078.073 0.019607844 -1276
55 603.4413 1102.5288 0.019607844 -1293
56 603.4413 1125.4912 0.019607844 -1310
57 601.5141 1150.8322 0.019607844 -1326
58 599.6802 1174.563 0.019607844 -1343
59 597.8547 1194.2957 0.019607844 -1359
60 596.0356 1212.4939 0.019607844 -1376
61 594.24 1230.2476 0.019607844 -1392
62 594.4496 1249.1155 0.019607844 -1409
63 594.4496 1273.0112 0.019607844 -1425
64 594.4496 1309.8672 0.019607844 -1442
65 593.2922 1342.5685 0.019607844 -1475
66 591.4524 1374.9397 0.019607844 -1508
67 591.4524 1390.9873 0.019607844 -1541
68 589.9205 1402.4694 0.019607844 -1557
69 589.4542 1413.4011 0.019607844 -1574
70 587.30927 1421.9939 0.019607844 -1590
71 587.45605 1431.4581 0.019607844 -1607
72 587.45605 1440.6261 0.019607844 -1623
73 587.45605 1449.0531 0.019607844 -1640
74 587.45605 1454.8438 0.019607844 -1656
75 587.45605 1460.3503 0.019607844 -1673
76 587.45605 1464.5442 0.019607844 -1689
77 587.45605 1467.2981 0.019607844 -1706
78 587.45605 1469.1613 0.019607844 -1723
79 587.45605 1470.2343 0.019607844 -1739
80 587.45605 1470.2343 0.019607844 -1756
81 587.45605 1470.2343 0.019607844 -1757
0 942.1277 852.55597 0.019607844 -186
1 942.1277 852.55597 0.019607844 -186
2 942.1277 852.55597 0.019607844 -200
3 942.1277 852.55597 0.019607844 -233
4 942.1277 852.55597 0.021568628 -266
5 942.1277 852.55597 0.021568628 -282
6 942.1277 852.55597 0.021568628 -299
7 942.1277 852.55597 0.021568628 -349
8 942.1277 852.55597 0.021568628 -399
9 942.1277 852.55597 0.021568628 -408
10 942.1277 852.55597 0.019607844 -465
11 942.1277 852.55597 0.019607844 -498
12 940.3267 852.55597 0.019607844 -514
13 936.00055 852.55597 0.019607844 -531
14 930.0785 853.07074 0.019607844 -548
15 921.6229 853.5554 0.019607844 -564
16 896.45526 854.52637 0.019607844 -581
17 858.25757 856.55383 0.019607844 -614
18 837.4791 856.55383 0.019607844 -647
19 815.9607 856.55383 0.019607844 -663
20 792.26666 855.44336 0.019607844 -680
21 736.4595 851.1483 0.019607844 -696
22 712.84 850.557 0.019607844 -729
23 689.6146 847.27045 0.019607844 -746
24 670.41724 847.55853 0.019607844 -762
25 634.3444 843.99725 0.019607844 -779
26 619.57495 843.5606 0.019607844 -812
27 610.971 843.5606 0.019607844 -829
28 603.2231 843.5606 0.021568628 -845
29 597.9187 843.5606 0.021568628 -862
30 594.1154 843.5606 0.021568628 -878
31 590.6695 843.5606 0.021568628 -895
32 588.8834 843.5606 0.021568628 -911
33 587.232 843.5606 0.021568628 -928
34 585.50586 843.5606 0.021568628 -944
35 583.81195 843.5606 0.021568628 -961
36 582.08954 843.5606 0.021568628 -977
37 581.3653 843.5606 0.021568628 -994
38 580.61035 844.41223 0.019607844 -1011
39 578.8751 848.3248 0.019607844 -1027
40 577.11444 853.6091 0.019607844 -1044
41 575.3274 862.25037 0.019607844 -1060
42 573.5715 877.51715 0.019607844 -1077
43 573.469 897.7078 0.019607844 -1093
44 572.4699 940.6229 0.019607844 -1110
45 572.4699 971.28394 0.019607844 -1143
46 575.2829 1014.59875 0.019607844 -1159
47 577.0782 1048.4789 0.019607844 -1176
48 578.4644 1109.0614 0.019607844 -1192
49 578.4644 1171.6284 0.019607844 -1226
50 578.4644 1197.0192 0.019607844 -1259
51 577.02576 1221.0834 0.019607844 -1275
52 575.251 1242.9496 0.019607844 -1292
53 574.4681 1292.6975 0.019607844 -1308
54 572.7558 1314.1678 0.019607844 -1341
55 572.4699 1333.4565 0.019607844 -1358
56 572.4699 1351.2955 0.019607844 -1374
57 570.4718 1387.9685 0.019607844 -1391
58 568.6748 1402.86 0.019607844 -1424
59 568.47363 1414.8431 0.019607844 -1440
60 567.0698 1425.688 0.019607844 -1457
61 567.47455 1434.5624 0.019607844 -1474
62 567.47455 1441.6068 0.021568628 -1490
63 567.47455 1446.9285 0.021568628 -1507
64 567.47455 1450.6754 0.021568628 -1523
65 567.47455 1455.5095 0.021568628 -1540
66 567.47455 1458.2405 0.019607844 -1573
67 567.47455 1458.2405 0.019607844 -1606
68 567.47455 1458.2405 0.019607844 -1614
0 932.1369 860.55176 0.019607844 -220
1 932.1369 860.55176 0.021568628 -220
2 932.1369 860.55176 0.021568628 -243
3 932.1369 860.55176 0.021568628 -260
4 932.1369 860.55176 0.021568628 -293
5 932.1369 860.55176 0.023529414 -309
6 932.1369 860.55176 0.023529414 -358
7 932.1369 860.55176 0.023529414 -375
8 932.1369 860.55176 0.023529414 -409
9 932.1369 860.55176 0.021568628 -442
10 932.1369 860.55176 0.021568628 -458
11 932.1369 860.55176 0.021568628 -475
12 932.1369 860.55176 0.021568628 -491
13 932.1369 860.55176 0.019607844 -508
14 932.1369 860.55176 0.019607844 -541
15 919.981 859.5523 0.019607844 -574
16 897.6574 858.5528 0.019607844 -607
17 884.64825 858.5528 0.019607844 -640
18 867.3516 858.5528 0.019607844 -656
19 847.15265 857.5485 0.019607844 -673
20 827.06805 856.72046 0.019607844 -689
21 807.495 855.5544 0.019607844 -706
22 787.1226 854.08704 0.019607844 -722
23 767.4568 852.2986 0.019607844 -739
24 748.2854 850.4642 0.019607844 -756
25 723.8955 846.79987 0.019607844 -772
26 687.7163 842.1561 0.019607844 -789
27 658.9628 838.645 0.019607844 -822
28 635.691 836.5643 0.019607844 -855
29 620.6307 833.6172 0.019607844 -888
30 613.8566 832.56635 0.019607844 -921
31 608.4079 832.56635 0.021568628 -937
32 604.3348 832.56635 0.021568628 -954
33 600.9929 832.56635 0.021568628 -970
34 599.00916 832.56635 0.021568628 -987
35 597.3646 832.56635 0.021568628 -1003
36 593.985 832.56635 0.021568628 -1020
37 590.5277 832.56635 0.019607844 -1053
38 588.75037 834.26996 0.019607844 -1086
39 586.99054 837.4957 0.019607844 -1103
40 583.5098 848.35785 0.019607844 -1119
41 576.4663 877.0432 0.019607844 -1152
42 572.952 892.86346 0.019607844 -1185
43 569.3423 910.17883 0.019607844 -1202
44 565.82874 935.22076 0.019607844 -1218
45 562.912 956.3033 0.019607844 -1235
46 561.12616 977.7417 0.021568628 -1251
47 559.3158 1001.6401 0.019607844 -1268
48 558.4829 1029.3359 0.019607844 -1284
49 557.7606 1056.5708 0.021568628 -1301
50 557.4838 1105.1058 0.021568628 -1317
51 557.4838 1127.7672 0.019607844 -1350
52 557.4838 1178.9517 0.019607844 -1367
53 557.4838 1217.7579 0.019607844 -1400
54 557.4838 1236.7136 0.019607844 -1433
55 556.5546 1257.436 0.019607844 -1450
56 556.48474 1275.5646 0.019607844 -1466
57 556.48474 1292.5131 0.019607844 -1483
58 556.48474 1308.2762 0.019607844 -1499
59 556.48474 1322.6514 0.019607844 -1516
60 556.48474 1339.9899 0.019607844 -1532
61 556.48474 1359.8451 0.019607844 -1549
62 556.48474 1376.2867 0.019607844 -1565
63 556.48474 1390.2251 0.019607844 -1582
64 558.6554 1401.3059 0.019607844 -1598
65 558.4829 1410.4465 0.019607844 -1615
66 558.4829 1417.6246 0.021568628 -1631
67 558.4829 1422.5225 0.021568628 -1648
68 558.4829 1428.3673 0.021568628 -1664
69 558.4829 1430.2449 0.021568628 -1697
70 558.4829 1432.0344 0.021568628 -1714
71 558.4829 1432.254 0.021568628 -1731
72 558.4829 1432.254 0.019607844 -1746
73 558.4829 1432.254 0.019607844 -1780
0 908.1591 844.5601 0.021568628 -246
1 908.1591 844.5601 0.023529414 -246
2 908.1591 844.5601 0.023529414 -267
3 908.1591 844.5601 0.023529414 -300
4 908.1591 844.5601 0.023529414 -333
5 908.1591 844.5601 0.023529414 -357
6 908.1591 844.5601 0.021568628 -465
7 908.1591 844.5601 0.021568628 -494
8 908.1591 844.5601 0.021568628 -515
9 908.1591 844.5601 0.019607844 -531
10 907.6223 844.5601 0.019607844 -548
11 904.4324 844.5601 0.019607844 -564
12 898.5054 844.5601 0.019607844 -581
13 888.90326 844.5601 0.019607844 -597
14 875.10876 845.5596 0.019607844 -614
15 858.86945 845.5596 0.019607844 -630
16 842.4112 846.0936 0.019607844 -647
17 824.4326 846.5591 0.019607844 -663
18 805.6101 845.4102 0.019607844 -680
19 785.16394 844.55023 0.019607844 -696
20 737.3969 841.9324 0.019607844 -713
21 685.30743 838.55743 0.019607844 -746
22 655.1073 836.5643 0.019607844 -796
23 644.0623 835.1748 0.019607844 -829
24 635.74274 835.5648 0.019607844 -845
25 627.6311 835.5648 0.019607844 -862
26 612.9083 834.5653 0.019607844 -878
27 608.00757 834.5653 0.021568628 -911
28 604.6528 834.5653 0.021568628 -928
29 601.8538 834.5653 0.021568628 -944
30 600.17847 834.5653 0.021568628 -961
31 598.44855 834.5653 0.021568628 -977
32 596.7797 834.5653 0.021568628 -994
33 595.07983 834.5653 0.021568628 -1010
34 595.44867 834.5653 0.021568628 -1027
35 595.44867 834.5653 0.019607844 -1043
36 595.44867 836.1813 0.019607844 -1060
37 594.37726 842.77814 0.019607844 -1076
38 592.4898 850.4033 0.019607844 -1109
39 590.68866 867.1924 0.019607844 -1126
40 588.9022 883.5122 0.019607844 -1143
41 587.09375 901.157 0.019607844 -1159
42 585.2633 919.6633 0.019607844 -1176
43 584.47534 947.19293 0.019607844 -1192
44 583.4598 976.04395 0.019607844 -1209
45 583.4598 1003.438 0.019607844 -1225
46 583.4598 1028.8296 0.019607844 -1242
47 583.4598 1056.2808 0.019607844 -1258
48 583.4598 1126.1642 0.019607844 -1275
49 583.4598 1157.5955 0.019607844 -1308
50 582.027 1186.3276 0.019607844 -1324
51 579.4112 1238.0868 0.019607844 -1341
52 576.73895 1296.7758 0.019607844 -1374
53 575.46716 1318.929 0.019607844 -1407
54 572.32776 1352.5758 0.019607844 -1423
55 571.3818 1369.0005 0.019607844 -1456
56 571.4709 1396.6855 0.019607844 -1473
57 571.4709 1412.9816 0.019607844 -1506
58 571.4709 1422.3141 0.019607844 -1539
59 571.4709 1426.0549 0.021568628 -1572
60 571.4709 1427.9679 0.021568628 -1589
61 571.4709 1429.7827 0.021568628 -1605
62 571.4709 1431.6145 0.019607844 -1622
63 571.4709 1431.2545 0.019607844 -1638
64 571.4709 1431.2545 0.01764706 -1662
0 936.13324 857.55334 0.019607844 -143
1 936.13324 857.55334 0.019607844 -143
2 936.13324 857.55334 0.019607844 -158
3 936.13324 857.55334 0.019607844 -175
4 936.13324 857.55334 0.019607844 -191
5 936.13324 857.55334 0.021568628 -208
6 936.13324 857.55334 0.021568628 -224
7 936.13324 857.55334 0.021568628 -241
8 936.13324 857.55334 0.021568628 -257
9 936.13324 857.55334 0.021568628 -274
10 936.13324 857.55334 0.021568628 -323
11 936.13324 857.55334 0.021568628 -357
12 936.13324 857.55334 0.021568628 -373
13 936.13324 857.55334 0.021568628 -390
14 936.13324 857.55334 0.021568628 -406
15 936.13324 857.55334 0.019607844 -423
16 936.13324 857.55334 0.019607844 -456
17 935.31 857.55334 0.019607844 -472
18 931.7906 857.55334 0.019607844 -489
19 927.6315 857.55334 0.019607844 -505
20 920.55664 857.55334 0.019607844 -522
21 912.10376 857.55334 0.019607844 -538
22 900.3836 857.55334 0.019607844 -555
23 879.4149 859.5315 0.019607844 -571
24 860.0975 860.3797 0.019607844 -588
25 839.1677 860.55176 0.019607844 -604
26 816.04443 860.55176 0.019607844 -621
27 792.5957 860.55176 0.019607844 -637
28 767.87335 859.3798 0.019607844 -654
29 741.3663 858.5528 0.019607844 -671
30 707.32294 855.6779 0.019607844 -687
31 659.4413 852.55597 0.019607844 -704
32 624.2871 850.557 0.019607844 -737
33 609.66125 850.557 0.019607844 -770
34 592.1833 850.557 0.019607844 -786
35 587.2102 850.557 0.019607844 -819
36 583.9265 850.557 0.019607844 -836
37 578.30707 850.557 0.021568628 -852
38 576.5607 850.557 0.021568628 -885
39 574.8455 850.557 0.021568628 -902
40 573.0968 850.557 0.021568628 -918
41 571.373 850.557 0.019607844 -935
42 569.6314 850.557 0.019607844 -951
43 568.47363 851.15564 0.019607844 -968
44 567.3635 860.9961 0.019607844 -984
45 563.81995 890.1165 0.019607844 -1018
46 563.4783 924.2173 0.019607844 -1051
47 563.4783 944.2412 0.019607844 -1084
48 563.4783 972.3967 0.019607844 -1100
49 561.8554 998.2206 0.019607844 -1117
50 561.4801 1021.9819 0.019607844 -1133
51 561.4801 1047.3636 0.019607844 -1150
52 560.42804 1073.1832 0.019607844 -1166
53 560.481 1108.1171 0.019607844 -1183
54 560.481 1134.9371 0.019607844 -1199
55 560.481 1158.3707 0.019607844 -1216
56 560.481 1183.5607 0.019607844 -1232
57 560.481 1207.309 0.019607844 -1249
58 560.481 1234.5231 0.019607844 -1265
59 560.481 1277.721 0.019607844 -1282
60 560.481 1295.2196 0.019607844 -1315
61 560.481 1311.0592 0.019607844 -1331
62 560.481 1336.7686 0.019607844 -1348
63 560.481 1347.8118 0.019607844 -1381
64 560.481 1355.2468 0.019607844 -1398
65 560.481 1362.7654 0.019607844 -1414
66 560.481 1370.0588 0.019607844 -1431
67 560.481 1376.2806 0.019607844 -1447
68 560.481 1381.6515 0.019607844 -1464
69 560.481 1386.4912 0.019607844 -1480
70 560.481 1390.0646 0.021568628 -1497
71 560.481 1393.6272 0.021568628 -1513
72 560.481 1395.3507 0.021568628 -1530
73 560.481 1397.1748 0.021568628 -1546
74 560.481 1398.9813 0.021568628 -1563
75 560.481 1400.7987 0.021568628 -1579
76 560.481 1402.6442 0.019607844 -1596
77 560.481 1402.2697 0.019607844 -1612
78 560.481 1402.2697 0.019607844 -1629
79 560.481 1402.2697 0.01764706 -1644
0 946.12396 862.5507 0.021568628 -211
1 946.12396 862.5507 0.021568628 -211
2 946.12396 862.5507 0.021568628 -225
3 946.12396 862.5507 0.023529414 -258
4 946.12396 862.5507 0.023529414 -291
5 946.12396 862.5507 0.023529414 -324
6 946.12396 862.5507 0.023529414 -357
7 946.12396 862.5507 0.023529414 -370
8 946.12396 862.5507 0.023529414 -402
9 946.12396 862.5507 0.021568628 -423
10 946.12396 862.5507 0.021568628 -437
11 944.359 862.5507 0.019607844 -456
12 941.87195 862.5507 0.019607844 -506
13 938.2876 862.5507 0.019607844 -522
14 934.68475 862.5507 0.019607844 -539
15 928.7872 862.5507 0.019607844 -555
16 917.62164 862.5507 0.019607844 -572
17 904.6981 862.5507 0.019607844 -588
18 874.3002 862.5507 0.019607844 -605
19 854.63196 862.5507 0.019607844 -638
20 832.90576 860.4415 0.019607844 -654
21 801.2656 856.6797 0.019607844 -671
22 776.66327 854.0755 0.019607844 -687
23 732.4589 846.91504 0.019607844 -704
24 692.7039 841.7685 0.019607844 -737
25 661.5396 836.15765 0.019607844 -770
26 637.4569 833.56586 0.021568628 -803
27 633.5656 833.56586 0.021568628 -853
28 630.17035 833.56586 0.021568628 -869
29 628.5836 833.56586 0.021568628 -886
30 625.2323 833.56586 0.021568628 -902
31 621.7754 833.56586 0.021568628 -935
32 619.9961 833.56586 0.021568628 -968
33 618.3257 834.667 0.021568628 -985
34 617.577 837.2661 0.019607844 -1001
35 615.86755 841.2485 0.019607844 -1018
36 613.432 858.2565 0.019607844 -1034
37 612.5968 873.5769 0.019607844 -1067
38 610.84515 891.42847 0.019607844 -1084
39 609.1032 908.85504 0.019607844 -1100
40 608.43665 929.15173 0.019607844 -1117
41 607.552 954.44073 0.019607844 -1133
42 606.4385 981.4023 0.019607844 -1150
43 606.4385 1006.47076 0.019607844 -1167
44 605.4394 1030.7815 0.019607844 -1183
45 604.67035 1085.211 0.019607844 -1200
46 603.4413 1108.2465 0.019607844 -1233
47 601.23206 1152.9348 0.019607844 -1249
48 601.4431 1179.683 0.019607844 -1282
49 601.4431 1204.5784 0.019607844 -1299
50 601.4431 1227.1289 0.019607844 -1315
51 601.4431 1269.2324 0.019607844 -1332
52 600.44403 1315.9528 0.019607844 -1365
53 598.44586 1350.4387 0.019607844 -1398
54 597.196 1364.0474 0.019607844 -1431
55 597.44684 1376.5272 0.019607844 -1447
56 597.44684 1384.5842 0.021568628 -1464
57 597.44684 1391.1593 0.019607844 -1481
58 597.44684 1396.5977 0.019607844 -1497
59 597.44684 1400.6786 0.021568628 -1514
60 597.44684 1404.4089 0.021568628 -1530
61 597.44684 1408.0065 0.019607844 -1547
62 597.44684 1414.1885 0.021568628 -1563
63 597.44684 1415.5082 0.021568628 -1596
64 597.44684 1417.34 0.021568628 -1613
65 597.44684 1418.2612 0.021568628 -1629
66 597.44684 1418.2612 0.019607844 -1646
67 597.44684 1418.2612 0.019607844 -1660
68 597.44684 1418.2612 0.019607844 -1692
0 900.1665 825.57 0.019607844 -197
1 900.1665 825.57 0.021568628 -197
2 900.1665 825.57 0.021568628 -211
3 900.1665 825.57 0.021568628 -228
4 900.1665 825.57 0.023529414 -257
5 900.1665 825.57 0.023529414 -286
6 900.1665 825.57 0.023529414 -327
7 900.1665 825.57 0.023529414 -343
8 900.1665 825.57 0.023529414 -360
9 900.1665 825.57 0.023529414 -377
10 900.1665 825.57 0.023529414 -393
11 900.1665 825.57 0.023529414 -410
12 900.1665 825.57 0.023529414 -426
13 900.1665 825.57 0.021568628 -459
14 900.1665 825.57 0.021568628 -492
15 900.1665 825.57 0.019607844 -509
16 896.7375 824.3545 0.019607844 -525
17 893.001 824.5705 0.019607844 -542
18 887.44415 824.5705 0.019607844 -558
19 881.227 824.5705 0.019607844 -575
20 872.83466 824.5705 0.019607844 -591
21 862.0455 824.5705 0.019607844 -608
22 848.6708 824.5705 0.019607844 -624
23 811.5769 824.5705 0.019607844 -641
24 792.0503 824.5705 0.019607844 -674
25 772.9626 824.5705 0.019607844 -690
26 754.59607 824.5705 0.019607844 -707
27 713.2914 824.5705 0.019607844 -723
28 675.44855 823.024 0.019607844 -756
29 660.0581 822.57153 0.019607844 -790
30 647.7948 821.3429 0.019607844 -806
31 636.70764 821.5721 0.019607844 -823
32 625.0624 821.5721 0.019607844 -839
33 616.57874 821.5721 0.019607844 -856
34 609.8352 821.5721 0.019607844 -872
35 604.715 821.5721 0.021568628 -889
36 596.7199 821.5721 0.021568628 -905
37 594.3689 821.5721 0.021568628 -938
38 592.6758 821.5721 0.021568628 -955
39 590.97076 821.5721 0.021568628 -971
40 589.30835 821.5721 0.021568628 -988
41 587.5072 821.5721 0.021568628 -1004
42 585.7556 821.5721 0.021568628 -1021
43 583.98914 821.5721 0.021568628 -1037
44 584.45886 823.7334 0.021568628 -1054
45 583.4598 825.5476 0.021568628 -1070
46 583.4598 830.8182 0.021568628 -1087
47 581.93915 837.6518 0.021568628 -1103
48 580.14844 846.13104 0.019607844 -1120
49 578.3579 856.30005 0.019607844 -1136
50 575.7881 890.32416 0.019607844 -1153
51 573.469 923.46924 0.019607844 -1186
52 571.4709 967.1754 0.019607844 -1219
53 570.4718 988.8031 0.021568628 -1252
54 570.4718 1008.3588 0.019607844 -1269
55 569.2799 1027.5875 0.019607844 -1285
56 568.47363 1070.5155 0.019607844 -1302
57 565.06287 1110.5616 0.019607844 -1335
58 565.47644 1142.4666 0.019607844 -1368
59 565.47644 1163.4304 0.021568628 -1401
60 564.47736 1198.2721 0.021568628 -1417
61 564.47736 1215.1204 0.021568628 -1450
62 564.47736 1232.09 0.021568628 -1467
63 564.47736 1268.2723 0.019607844 -1483
64 564.47736 1296.7208 0.021568628 -1516
65 564.47736 1309.6921 0.021568628 -1549
66 564.47736 1322.1504 0.021568628 -1566
67 564.47736 1334.1245 0.019607844 -1583
68 564.47736 1344.3739 0.021568628 -1599
69 564.47736 1353.3484 0.021568628 -1616
70 564.47736 1359.9669 0.021568628 -1632
71 564.47736 1367.4634 0.021568628 -1649
72 564.47736 1379.1431 0.021568628 -1665
73 564.47736 1383.2261 0.021568628 -1698
74 564.47736 1386.802 0.021568628 -1715
75 564.47736 1388.3726 0.021568628 -1731
76 564.47736 1391.946 0.021568628 -1748
77 564.47736 1393.2743 0.021568628 -1781
78 564.47736 1393.2743 0.019607844 -1814
79 564.47736 1393.2743 0.01764706 -1847
80 564.47736 1393.2743 0.01764706 -1863
0 955.11566 840.5622 0.019607844 -210
1 955.11566 840.5622 0.019607844 -210
2 955.11566 840.5622 0.021568628 -233
3 955.11566 840.5622 0.021568628 -249
4 955.11566 840.5622 0.021568628 -282
5 955.11566 840.5622 0.021568628 -299
6 955.11566 840.5622 0.021568628 -309
7 955.11566 840.5622 0.021568628 -341
8 955.11566 840.5622 0.021568628 -398
9 955.11566 840.5622 0.021568628 -405
10 955.11566 840.5622 0.019607844 -447
11 955.11566 840.5622 0.019607844 -480
12 952.7702 840.5622 0.019607844 -514
13 940.2396 840.5622 0.019607844 -530
14 928.84357 840.5622 0.019607844 -563
15 898.91986 840.5622 0.019607844 -580
16 880.0358 840.5622 0.019607844 -613
17 853.1492 840.5622 0.019607844 -629
18 828.91 840.5622 0.019607844 -646
19 804.9185 840.5622 0.019607844 -662
20 782.683 839.1802 0.019607844 -679
21 760.42413 838.4193 0.019607844 -695
22 739.23517 836.55695 0.019607844 -712
23 711.854 835.5648 0.019607844 -728
24 689.8612 834.06555 0.019607844 -745
25 671.64246 832.56635 0.019607844 -761
26 643.0162 830.6547 0.019607844 -778
27 628.2743 830.5674 0.019607844 -811
28 617.66156 830.5674 0.019607844 -827
29 610.67084 830.5674 0.019607844 -844
30 600.2009 830.5674 0.021568628 -860
31 594.43335 830.5674 0.021568628 -893
32 592.72266 830.5674 0.021568628 -927
33 590.9927 830.5674 0.021568628 -943
34 589.3244 830.5674 0.021568628 -960
35 587.5658 830.5674 0.021568628 -976
36 585.82043 830.5674 0.021568628 -993
37 584.0601 831.9658 0.019607844 -1009
38 584.45886 837.3037 0.019607844 -1026
39 581.065 855.9359 0.019607844 -1059
40 580.217 870.51276 0.019607844 -1092
41 579.4147 885.9779 0.019607844 -1108
42 579.46344 911.0577 0.019607844 -1125
43 579.46344 935.2301 0.019607844 -1141
44 579.46344 958.3971 0.019607844 -1158
45 579.46344 980.28644 0.019607844 -1174
46 579.46344 1004.0225 0.019607844 -1191
47 580.4625 1033.5876 0.019607844 -1207
48 580.4625 1056.7234 0.019607844 -1224
49 580.4625 1076.7203 0.019607844 -1240
50 580.4625 1096.5892 0.019607844 -1257
51 580.4625 1118.1278 0.019607844 -1273
52 580.4625 1157.0099 0.019607844 -1290
53 580.4625 1175.2872 0.019607844 -1323
54 580.4625 1192.1633 0.019607844 -1340
55 580.4625 1231.8977 0.019607844 -1356
56 579.46344 1248.8652 0.019607844 -1389
57 579.46344 1264.8887 0.019607844 -1406
58 578.36176 1280.1554 0.019607844 -1422
59 577.5702 1298.0646 0.019607844 -1439
60 577.46533 1315.6672 0.019607844 -1455
61 577.46533 1344.4836 0.019607844 -1472
62 574.5299 1367.8544 0.021568628 -1505
63 574.4681 1386.5548 0.021568628 -1538
64 574.4681 1393.984 0.021568628 -1571
65 574.4681 1398.8298 0.021568628 -1587
66 574.4681 1404.4178 0.019607844 -1604
67 574.4681 1409.8049 0.021568628 -1620
68 574.4681 1414.4904 0.021568628 -1637
69 574.4681 1419.6895 0.021568628 -1653
70 574.4681 1422.7367 0.021568628 -1670
71 574.4681 1425.3247 0.021568628 -1686
72 574.4681 1427.1118 0.021568628 -1703
73 574.4681 1428.8978 0.021568628 -1720
74 574.4681 1430.6726 0.021568628 -1736
75 574.4681 1432.4814 0.021568628 -1753
76 574.4681 1433.7532 0.021568628 -1769
77 574.4681 1433.2534 0.021568628 -1780
78 574.4681 1433.2534 0.019607844 -1802
79 574.4681 1433.2534 0.019607844 -1835
80 574.4681 1433.2534 0.019607844 -1852
81 574.4681 1433.2534 0.019607844 -1857
0 910.1573 873.545 0.021568628 -246
1 910.1573 873.545 0.023529414 -246
2 910.1573 873.545 0.023529414 -291
3 910.1573 873.545 0.023529414 -316
4 910.1573 873.545 0.023529414 -340
5 910.1573 873.545 0.023529414 -373
6 910.1573 873.545 0.023529414 -390
7 910.1573 873.545 0.023529414 -406
8 910.1573 873.545 0.023529414 -423
9 910.1573 873.545 0.023529414 -439
10 910.1573 873.545 0.023529414 -456
11 910.1573 873.545 0.023529414 -473
12 910.1573 873.545 0.021568628 -489
13 910.1573 873.545 0.021568628 -506
14 910.1573 873.545 0.021568628 -522
15 908.9506 873.545 0.019607844 -539
16 904.8714 873.545 0.019607844 -555
17 892.1482 874.5509 0.019607844 -572
18 860.3639 874.5445 0.019607844 -605
19 823.28174 874.5445 0.019607844 -638
20 798.91205 874.5445 0.019607844 -671
21 775.832 873.545 0.019607844 -687
22 744.303 871.812 0.019607844 -704
23 694.54065 870.5466 0.019607844 -720
24 674.2086 868.4416 0.019607844 -753
25 657.2946 867.72107 0.019607844 -770
26 641.9769 867.54816 0.019607844 -786
27 628.1302 867.54816 0.019607844 -803
28 618.37024 867.54816 0.021568628 -819
29 610.56995 867.54816 0.021568628 -836
30 603.87695 867.54816 0.021568628 -852
31 597.0019 867.54816 0.021568628 -869
32 593.506 867.54816 0.023529414 -902
33 592.35016 867.54816 0.023529414 -919
34 590.57806 867.54816 0.023529414 -935
35 588.86633 867.54816 0.021568628 -952
36 587.13245 867.54816 0.021568628 -968
37 585.39655 867.54816 0.021568628 -985
38 584.45886 869.33887 0.021568628 -1001
39 582.9111 871.64435 0.021568628 -1018
40 581.1421 875.1838 0.021568628 -1034
41 580.4625 881.8135 0.021568628 -1051
42 580.4625 892.0836 0.021568628 -1067
43 579.46344 905.6325 0.019607844 -1084
44 579.46344 919.40344 0.021568628 -1100
45 579.46344 950.924 0.021568628 -1117
46 579.46344 971.6151 0.019607844 -1150
47 580.4625 990.9451 0.021568628 -1166
48 580.4625 1028.8762 0.019607844 -1183
49 580.4625 1075.3671 0.019607844 -1216
50 579.9708 1096.335 0.019607844 -1249
51 579.46344 1115.5298 0.019607844 -1265
52 578.3661 1135.4913 0.019607844 -1282
53 577.52563 1153.7954 0.019607844 -1299
54 576.46625 1176.597 0.019607844 -1315
55 576.46625 1195.9171 0.019607844 -1332
56 576.46625 1213.9712 0.019607844 -1348
57 575.46716 1229.5304 0.019607844 -1365
58 575.46716 1264.0466 0.019607844 -1381
59 575.46716 1280.2183 0.019607844 -1414
60 574.05786 1293.2006 0.019607844 -1431
61 573.469 1305.9402 0.019607844 -1447
62 573.469 1317.8663 0.019607844 -1464
63 572.57336 1328.5831 0.019607844 -1480
64 572.4699 1345.0317 0.021568628 -1497
65 572.4699 1356.5667 0.021568628 -1530
66 572.4699 1361.0813 0.021568628 -1563
67 572.4699 1364.6722 0.021568628 -1579
68 572.4699 1368.2941 0.021568628 -1596
69 572.4699 1370.5739 0.021568628 -1612
70 572.4699 1374.1725 0.021568628 -1629
71 572.4699 1375.9889 0.021568628 -1662
72 572.4699 1378.7819 0.021568628 -1679
73 572.4699 1378.2821 0.021568628 -1704
74 572.4699 1378.2821 0.021568628 -1744
75 572.4699 1378.2821 0.019607844 -1778
76 572.4699 1378.2821 0.019607844 -1781
0 857.2063 860.55176 0.019607844 -177
1 857.2063 860.55176 0.019607844 -186
2 857.2063 860.55176 0.021568628 -250
3 857.2063 860.55176 0.023529414 -278
4 857.2063 860.55176 0.021568628 -388
5 857.2063 860.55176 0.021568628 -405
6 857.2063 860.55176 0.021568628 -421
7 857.2063 860.55176 0.021568628 -429
8 857.2063 860.55176 0.019607844 -478
9 857.2063 860.55176 0.019607844 -515
10 857.2063 860.55176 0.019607844 -554
11 856.34283 860.55176 0.019607844 -571
12 852.7413 859.5523 0.019607844 -587
13 830.9403 856.2959 0.019607844 -604
14 813.40137 853.0814 0.019607844 -654
15 785.9637 849.37067 0.019607844 -682
16 767.89014 847.5223 0.019607844 -715
17 747.67944 845.6842 0.019607844 -731
18 729.8254 843.1167 0.019607844 -748
19 713.26434 840.99805 0.019607844 -764
20 697.08 839.19904 0.019607844 -781
21 667.5617 835.5905 0.019607844 -798
22 640.8672 834.5653 0.019607844 -831
23 630.2702 834.1363 0.019607844 -864
24 621.47314 832.37616 0.019607844 -880
25 613.37 831.5669 0.019607844 -897
26 606.1984 830.7572 0.019607844 -913
27 600.86 830.5674 0.021568628 -930
28 596.93634 830.5674 0.021568628 -946
29 593.48486 830.5674 0.021568628 -963
30 590.7646 830.5674 0.021568628 -979
31 589.0765 830.5674 0.021568628 -996
32 587.3393 830.5674 0.021568628 -1012
33 585.6347 830.5674 0.021568628 -1029
34 583.9127 830.5674 0.021568628 -1045
35 582.1498 830.5674 0.021568628 -1062
36 582.4607 830.5674 0.021568628 -1079
37 582.4607 831.4446 0.021568628 -1095
38 580.02814 840.8664 0.019607844 -1112
39 578.2762 849.4997 0.019607844 -1145
40 576.4379 860.75024 0.019607844 -1161
41 574.63617 881.5219 0.019607844 -1178
42 572.85834 902.8642 0.019607844 -1194
43 572.4699 924.7436 0.019607844 -1211
44 572.4699 945.90546 0.019607844 -1227
45 571.4709 996.8172 0.019607844 -1244
46 570.1123 1040.7758 0.019607844 -1277
47 569.2013 1062.435 0.019607844 -1310
48 569.4727 1083.55 0.019607844 -1326
49 569.4727 1106.8646 0.019607844 -1343
50 569.4727 1129.0947 0.019607844 -1359
51 568.9382 1147.7528 0.019607844 -1376
52 568.47363 1165.8812 0.019607844 -1393
53 568.47363 1184.5217 0.019607844 -1409
54 567.4643 1206.5151 0.019607844 -1426
55 566.6495 1226.6193 0.019607844 -1442
56 566.47546 1244.1969 0.019607844 -1459
57 564.9971 1259.1831 0.019607844 -1475
58 564.1638 1273.847 0.019607844 -1492
59 564.47736 1286.2294 0.019607844 -1508
60 564.47736 1302.6901 0.019607844 -1525
61 564.47736 1318.3635 0.019607844 -1541
62 564.47736 1331.7776 0.019607844 -1558
63 564.47736 1341.2219 0.019607844 -1574
64 564.47736 1348.9604 0.019607844 -1591
65 564.47736 1355.3167 0.021568628 -1607
66 564.47736 1364.4663 0.021568628 -1624
67 564.47736 1368.1469 0.021568628 -1657
68 564.47736 1371.5951 0.021568628 -1673
69 564.47736 1375.333 0.021568628 -1690
70 564.47736 1378.9319 0.021568628 -1707
71 564.47736 1382.7408 0.021568628 -1723
72 564.47736 1384.5416 0.021568628 -1756
73 564.47736 1386.377 0.021568628 -1773
74 564.47736 1388.1821 0.021568628 -1789
75 564.47736 1390.0018 0.021568628 -1806
76 564.47736 1391.2754 0.021568628 -1822
77 564.47736 1392.2748 0.021568628 -1839
78 564.47736 1392.2748 0.021568628 -1872
79 564.47736 1392.2748 0.019607844 -1954
80 564.47736 1392.2748 0.01764706 -1971
0 868.1961 844.5601 0.019607844 -150
1 868.1961 844.5601 0.019607844 -150
2 868.1961 844.5601 0.019607844 -167
3 868.1961 844.5601 0.019607844 -183
4 868.1961 844.5601 0.021568628 -200
5 868.1961 844.5601 0.021568628 -217
6 868.1961 844.5601 0.023529414 -250
7 868.1961 844.5601 0.023529414 -277
8 868.1961 844.5601 0.023529414 -306
9 868.1961 844.5601 0.021568628 -332
10 868.1961 844.5601 0.021568628 -481
11 868.1961 844.5601 0.021568628 -497
12 868.1961 844.5601 0.021568628 -514
13 868.1961 844.5601 0.021568628 -531
14 866.00415 844.5601 0.019607844 -547
15 853.28534 844.5601 0.019607844 -564
16 840.9647 845.5916 0.019607844 -597
17 824.8604 845.5596 0.019607844 -613
18 805.944 847.22327 0.019607844 -630
19 787.02234 848.55804 0.019607844 -646
20 767.18115 848.55804 0.019607844 -663
21 743.975 848.55804 0.019607844 -679
22 690.9539 847.8865 0.019607844 -696
23 652.84467 846.5591 0.019607844 -729
24 616.239 846.5591 0.019607844 -762
25 603.79395 846.5591 0.019607844 -795
26 588.12756 846.5591 0.019607844 -811
27 578.0652 846.5591 0.021568628 -845
28 570.77344 846.5591 0.021568628 -878
29 567.27 846.5591 0.021568628 -911
30 565.525 846.5591 0.021568628 -944
31 563.78613 846.5591 0.021568628 -960
32 562.08545 846.5591 0.021568628 -977
33 561.4801 846.5591 0.021568628 -993
34 561.4801 846.5591 0.021568628 -1010
35 561.4801 849.8966 0.021568628 -1026
36 560.57196 863.0043 0.019607844 -1059
37 559.7919 873.68365 0.021568628 -1092
38 558.4829 886.3156 0.019607844 -1109
39 557.2744 900.20795 0.019607844 -1126
40 556.48474 914.95557 0.019607844 -1142
41 553.4875 955.3123 0.019607844 -1159
42 552.0056 975.3255 0.019607844 -1192
43 552.48846 995.7565 0.019607844 -1208
44 551.4623 1018.8762 0.019607844 -1225
45 550.4903 1041.2202 0.019607844 -1241
46 548.88434 1062.1285 0.019607844 -1258
47 547.10815 1081.6742 0.019607844 -1274
48 546.494 1121.7709 0.019607844 -1291
49 545.49493 1158.9032 0.019607844 -1324
50 544.49585 1191.7903 0.019607844 -1357
51 543.49677 1227.975 0.019607844 -1390
52 543.49677 1245.8033 0.019607844 -1423
53 542.4977 1276.1946 0.019607844 -1440
54 542.4977 1304.0248 0.019607844 -1473
55 542.4977 1318.2454 0.021568628 -1506
56 541.4986 1329.3177 0.019607844 -1522
57 541.4986 1338.7354 0.019607844 -1539
58 541.4986 1346.8676 0.019607844 -1555
59 541.4986 1364.884 0.021568628 -1572
60 541.4986 1372.3003 0.021568628 -1605
61 541.4986 1378.9338 0.021568628 -1621
62 541.4986 1388.7241 0.021568628 -1638
63 541.4986 1394.7997 0.021568628 -1671
64 541.4986 1396.8718 0.021568628 -1704
65 541.4986 1398.6407 0.021568628 -1721
66 541.4986 1400.4967 0.021568628 -1737
67 541.4986 1402.2861 0.021568628 -1754
68 541.4986 1403.7688 0.023529414 -1770
69 541.4986 1403.269 0.023529414 -1784
70 541.4986 1403.269 0.021568628 -1803
71 541.4986 1403.269 0.019607844 -1820
72 541.4986 1403.269 0.019607844 -1836
73 541.4986 1403.269 0.019607844 -1842
0 920.148 852.55597 0.021568628 -263
1 920.148 852.55597 0.023529414 -263
2 920.148 852.55597 0.023529414 -309
3 920.148 852.55597 0.023529414 -326
4 920.148 852.55597 0.023529414 -342
5 920.148 852.55597 0.023529414 -359
6 918.0306 852.55597 0.023529414 -373
7 916.15173 852.55597 0.023529414 -408
8 915.15265 852.55597 0.023529414 -441
9 915.15265 852.55597 0.021568628 -475
10 915.15265 852.55597 0.021568628 -491
11 915.15265 852.55597 0.021568628 -508
12 915.15265 852.55597 0.021568628 -524
13 913.3301 852.55597 0.019607844 -541
14 908.4938 852.55597 0.019607844 -557
15 893.1436 854.5591 0.019607844 -590
16 876.8947 856.38324 0.019607844 -623
17 856.37994 858.20526 0.019607844 -640
18 833.7788 857.55334 0.019607844 -656
19 778.44794 856.5019 0.019607844 -673
20 735.24854 852.7396 0.019607844 -706
21 705.8636 848.7799 0.019607844 -722
22 655.355 841.40204 0.019607844 -738
23 630.7875 839.6606 0.019607844 -771
24 612.6116 837.91675 0.019607844 -787
25 599.828 836.1907 0.019607844 -804
26 590.81506 835.4373 0.019607844 -820
27 585.0306 835.5648 0.021568628 -837
28 580.42004 835.5648 0.021568628 -853
29 577.0813 835.5648 0.021568628 -870
30 574.55963 835.5648 0.021568628 -887
31 571.2255 835.5648 0.021568628 -903
32 569.4437 835.5648 0.021568628 -936
33 567.7212 835.5648 0.021568628 -953
34 565.97656 835.5648 0.021568628 -969
35 565.47644 835.5648 0.021568628 -986
36 565.47644 836.5562 0.021568628 -1002
37 564.7572 839.00275 0.021568628 -1019
38 563.00476 842.5091 0.019607844 -1035
39 562.4792 849.16425 0.019607844 -1052
40 560.5062 858.4268 0.019607844 -1068
41 558.7446 872.44995 0.019607844 -1085
42 558.4829 887.9776 0.019607844 -1101
43 557.4838 905.21967 0.019607844 -1118
44 557.4838 924.3451 0.019607844 -1134
45 557.4838 950.0518 0.019607844 -1151
46 557.4838 978.70197 0.021568628 -1167
47 557.4838 1029.5397 0.019607844 -1184
48 557.4838 1084.8517 0.019607844 -1217
49 556.8623 1117.3716 0.019607844 -1250
50 555.48566 1167.5251 0.019607844 -1266
51 554.4394 1189.947 0.019607844 -1299
52 553.4875 1215.8181 0.019607844 -1316
53 553.4875 1239.9052 0.019607844 -1332
54 553.4875 1261.4535 0.019607844 -1349
55 553.4875 1297.7017 0.019607844 -1365
56 554.39435 1317.2986 0.019607844 -1398
57 554.4866 1334.4031 0.019607844 -1415
58 554.4866 1347.7736 0.019607844 -1431
59 554.4866 1359.1245 0.021568628 -1448
60 554.4866 1368.6237 0.021568628 -1464
61 554.4866 1377.9141 0.021568628 -1481
62 554.4866 1385.2095 0.021568628 -1497
63 554.4866 1390.9347 0.021568628 -1514
64 554.4866 1396.374 0.021568628 -1530
65 554.4866 1399.6462 0.021568628 -1547
66 554.4866 1402.2894 0.021568628 -1563
67 554.4866 1404.951 0.021568628 -1580
68 554.4866 1406.9117 0.021568628 -1596
69 554.4866 1408.7119 0.021568628 -1613
70 554.4866 1410.5225 0.021568628 -1629
71 554.4866 1412.3016 0.021568628 -1646
72 554.4866 1412.2644 0.019607844 -1662
73 554.4866 1412.2644 0.019607844 -1695
74 554.4866 1412.2644 0.019607844 -1728
75 555.48566 1412.2644 0.019607844 -1733
0 946.12396 840.5622 0.021568628 -235
1 946.12396 840.5622 0.021568628 -235
2 946.12396 840.5622 0.023529414 -245
3 946.12396 840.5622 0.023529414 -275
4 946.12396 840.5622 0.023529414 -308
5 946.12396 840.5622 0.023529414 -341
6 946.12396 840.5622 0.023529414 -353
7 946.12396 840.5622 0.021568628 -440
8 946.12396 840.5622 0.021568628 -468
9 945.6144 840.5622 0.019607844 -506
10 943.8007 840.5622 0.019607844 -523
11 939.778 840.5622 0.019607844 -539
12 931.9735 840.5622 0.019607844 -556
13 918.0703 840.5622 0.019607844 -572
14 902.5632 840.5622 0.019607844 -589
15 884.08563 840.5622 0.019607844 -605
16 862.56256 840.5622 0.019607844 -622
17 839.03204 839.3173 0.019607844 -639
18 808.59656 838.5305 0.019607844 -655
19 778.59796 837.70856 0.019607844 -672
20 751.5771 835.91614 0.019607844 -688
21 680.48364 828.5859 0.019607844 -705
22 653.5984 825.73944 0.019607844 -754
23 633.5734 823.9868 0.019607844 -771
24 594.29407 818.7143 0.019607844 -787
25 581.3682 818.57367 0.021568628 -837
26 577.2487 818.57367 0.021568628 -870
27 573.8859 818.57367 0.021568628 -887
28 570.34393 818.57367 0.021568628 -903
29 568.5195 818.57367 0.021568628 -936
30 565.00946 821.03973 0.021568628 -953
31 563.2855 823.95667 0.021568628 -986
32 562.4792 827.5342 0.021568628 -1003
33 560.6951 835.49316 0.019607844 -1019
34 560.481 846.5773 0.019607844 -1036
35 560.481 860.0922 0.019607844 -1052
36 560.481 877.91144 0.019607844 -1069
37 560.481 899.6322 0.019607844 -1085
38 560.481 920.12415 0.019607844 -1102
39 560.481 940.0104 0.019607844 -1118
40 560.481 961.70276 0.019607844 -1135
41 560.481 987.45 0.019607844 -1151
42 562.4224 1021.50214 0.019607844 -1168
43 562.4792 1048.0879 0.019607844 -1184
44 564.84375 1099.5618 0.019607844 -1201
45 566.64984 1124.8577 0.019607844 -1234
46 566.47546 1181.092 0.019607844 -1251
47 566.47546 1200.9172 0.019607844 -1284
48 566.47546 1222.1873 0.019607844 -1299
49 566.47546 1261.2538 0.019607844 -1316
50 566.47546 1283.9484 0.019607844 -1349
51 566.47546 1302.2542 0.019607844 -1365
52 566.47546 1317.5662 0.019607844 -1382
53 566.47546 1331.7595 0.019607844 -1398
54 566.47546 1346.664 0.019607844 -1415
55 566.47546 1363.7604 0.019607844 -1431
56 566.47546 1378.1759 0.019607844 -1448
57 566.47546 1389.3914 0.019607844 -1465
58 566.47546 1400.5381 0.019607844 -1481
59 566.47546 1409.0419 0.019607844 -1498
60 566.47546 1416.3312 0.021568628 -1514
61 566.47546 1422.7266 0.021568628 -1531
62 566.47546 1426.428 0.021568628 -1547
63 566.47546 1430.1129 0.021568628 -1564
64 566.47546 1431.4368 0.021568628 -1580
65 566.47546 1433.2998 0.021568628 -1597
66 566.47546 1434.2529 0.021568628 -1613
67 566.47546 1434.2529 0.019607844 -1630
68 566.47546 1434.2529 0.019607844 -1646
69 566.47546 1434.2529 0.01764706 -1648
0 948.12213 859.5523 0.019607844 -185
1 948.12213 859.5523 0.019607844 -185
2 948.12213 859.5523 0.019607844 -209
3 948.12213 859.5523 0.019607844 -226
4 948.12213 859.5523 0.021568628 -242
5 948.12213 859.5523 0.021568628 -259
6 948.12213 859.5523 0.023529414 -275
7 948.12213 859.5523 0.023529414 -300
8 948.12213 859.5523 0.023529414 -357
9 948.12213 859.5523 0.023529414 -408
10 948.12213 859.5523 0.023529414 -457
11 948.12213 859.5523 0.021568628 -481
12 948.12213 859.5523 0.021568628 -504
13 948.12213 859.5523 0.019607844 -523
14 948.12213 859.5523 0.019607844 -556
15 943.15704 858.568 0.019607844 -573
16 924.0822 857.55334 0.019607844 -606
17 908.7255 857.55334 0.019607844 -639
18 890.3737 857.55334 0.019607844 -655
19 870.16125 857.55334 0.019607844 -672
20 816.9413 853.64026 0.019607844 -688
21 760.72424 849.47595 0.019607844 -722
22 714.1724 844.47046 0.019607844 -755
23 671.06067 839.8064 0.019607844 -788
24 640.2201 837.29047 0.019607844 -821
25 629.62274 836.43195 0.019607844 -854
26 621.0437 834.689 0.019607844 -870
27 614.0421 833.56586 0.021568628 -887
28 604.51953 833.56586 0.021568628 -903
29 599.1491 833.56586 0.021568628 -936
30 597.3813 833.56586 0.021568628 -969
31 595.7168 833.56586 0.021568628 -986
32 594.0359 833.56586 0.021568628 -1002
33 592.3789 833.56586 0.021568628 -1019
34 591.4524 833.56586 0.021568628 -1035
35 591.4524 834.6141 0.019607844 -1069
36 589.60254 838.11804 0.019607844 -1102
37 587.85736 844.95325 0.019607844 -1118
38 586.1066 853.30896 0.019607844 -1135
39 584.35223 862.08453 0.019607844 -1151
40 582.54816 872.1079 0.019607844 -1168
41 581.4616 885.97217 0.019607844 -1184
42 581.4616 900.2912 0.019607844 -1201
43 577.4779 924.4305 0.019607844 -1217
44 576.46625 956.222 0.019607844 -1250
45 575.0552 970.793 0.019607844 -1283
46 574.4681 1002.9527 0.019607844 -1300
47 573.6183 1024.8225 0.019607844 -1333
48 572.4699 1043.9666 0.019607844 -1349
49 572.4699 1081.3635 0.019607844 -1366
50 571.4709 1122.0748 0.019607844 -1399
51 571.4709 1144.7687 0.019607844 -1432
52 570.4718 1164.9287 0.019607844 -1449
53 570.4718 1183.6752 0.019607844 -1465
54 570.4718 1201.9521 0.019607844 -1482
55 569.49835 1223.0297 0.019607844 -1498
56 568.67566 1243.3303 0.019607844 -1515
57 568.47363 1261.0193 0.019607844 -1531
58 568.47363 1277.2529 0.019607844 -1548
59 567.22864 1293.5415 0.019607844 -1564
60 566.36005 1310.3569 0.019607844 -1581
61 566.47546 1329.6007 0.019607844 -1597
62 565.47644 1362.79 0.019607844 -1614
63 565.47644 1376.0809 0.019607844 -1647
64 564.47736 1396.2006 0.019607844 -1663
65 564.47736 1414.9531 0.021568628 -1696
66 564.47736 1422.2615 0.021568628 -1730
67 564.47736 1428.2017 0.021568628 -1746
68 564.47736 1433.7039 0.021568628 -1763
69 564.47736 1438.2084 0.021568628 -1779
70 564.47736 1443.863 0.021568628 -1796
71 564.47736 1445.7133 0.021568628 -1829
72 564.47736 1447.2462 0.019607844 -1845
73 564.47736 1447.2462 0.01764706 -1878
0 923.14526 873.545 0.019607844 -221
1 923.14526 873.545 0.019607844 -221
2 923.14526 873.545 0.019607844 -236
3 923.14526 873.545 0.021568628 -253
4 923.14526 873.545 0.021568628 -269
5 923.14526 873.545 0.021568628 -286
6 923.14526 873.545 0.021568628 -302
7 923.14526 873.545 0.023529414 -319
8 923.14526 873.545 0.023529414 -335
9 923.14526 873.545 0.023529414 -352
10 923.14526 873.545 0.023529414 -368
11 923.14526 873.545 0.023529414 -379
12 923.14526 873.545 0.023529414 -418
13 923.14526 873.545 0.021568628 -448
14 923.14526 873.545 0.021568628 -484
15 923.14526 873.545 0.021568628 -501
16 923.14526 873.545 0.019607844 -515
17 923.14526 873.545 0.019607844 -550
18 917.0316 871.546 0.019607844 -567
19 898.4805 870.5466 0.019607844 -600
20 882.593 869.5471 0.019607844 -633
21 861.85 868.42474 0.019607844 -649
22 834.84186 866.5848 0.019607844 -666
23 781.6619 861.96533 0.019607844 -682
24 687.677 851.7344 0.019607844 -715
25 670.2962 848.993 0.019607844 -781
26 656.7026 847.1745 0.019607844 -798
27 646.9107 845.4779 0.019607844 -815
28 638.8427 843.6691 0.019607844 -831
29 631.9855 843.5606 0.019607844 -848
30 626.40094 843.5606 0.021568628 -864
31 617.0023 843.5606 0.021568628 -881
32 613.3948 843.5606 0.023529414 -914
33 611.6019 843.5606 0.023529414 -947
34 609.90326 843.5606 0.021568628 -963
35 608.15985 843.5606 0.021568628 -980
36 607.43756 843.5606 0.021568628 -996
37 607.43756 844.2662 0.021568628 -1013
38 606.3269 849.7807 0.019607844 -1029
39 603.81805 862.28796 0.021568628 -1062
40 603.4413 873.16406 0.021568628 -1095
41 602.4422 884.50653 0.021568628 -1112
42 600.4778 898.2617 0.021568628 -1128
43 598.71124 917.8656 0.021568628 -1145
44 596.2198 952.78577 0.019607844 -1162
45 595.44867 973.0803 0.021568628 -1195
46 594.4496 995.87195 0.021568628 -1211
47 592.8499 1017.6839 0.019607844 -1228
48 591.08154 1037.5427 0.019607844 -1244
49 589.3088 1054.9063 0.019607844 -1261
50 588.48224 1073.1697 0.021568628 -1277
51 587.45605 1096.6514 0.021568628 -1294
52 586.8896 1116.655 0.021568628 -1310
53 586.457 1135.0278 0.019607844 -1327
54 585.31573 1152.8224 0.019607844 -1343
55 585.4579 1193.7579 0.019607844 -1360
56 585.4579 1231.3422 0.021568628 -1393
57 585.4579 1248.7535 0.019607844 -1426
58 585.4579 1263.2212 0.019607844 -1442
59 584.5393 1279.5281 0.019607844 -1459
60 584.45886 1296.8901 0.019607844 -1475
61 584.45886 1323.8257 0.019607844 -1492
62 583.43506 1347.4465 0.019607844 -1525
63 583.4598 1372.2588 0.019607844 -1558
64 583.4598 1381.9457 0.019607844 -1591
65 583.4598 1391.0475 0.019607844 -1608
66 583.4598 1397.988 0.019607844 -1624
67 583.4598 1408.7799 0.019607844 -1641
68 583.4598 1412.576 0.021568628 -1674
69 583.4598 1416.2057 0.019607844 -1690
70 583.4598 1417.5569 0.019607844 -1707
71 583.4598 1419.4156 0.019607844 -1723
72 583.4598 1420.2603 0.019607844 -1740
73 583.4598 1420.2603 0.019607844 -1756
74 583.4598 1420.2603 0.019607844 -1765
0 944.1258 804.58093 0.023529414 -300
1 944.1258 804.58093 0.023529414 -300
2 944.1258 804.58093 0.023529414 -325
3 944.1258 804.58093 0.023529414 -342
4 944.1258 804.58093 0.025490198 -352
5 944.1258 804.58093 0.025490198 -374
6 944.1258 804.58093 0.023529414 -425
7 944.1258 804.58093 0.021568628 -440
8 944.1258 804.58093 0.021568628 -491
9 944.1258 804.58093 0.021568628 -507
10 939.80676 804.58093 0.019607844 -524
11 935.14435 804.58093 0.019607844 -540
12 927.03687 804.58093 0.019607844 -557
13 914.89374 804.58093 0.019607844 -573
14 899.7815 804.58093 0.019607844 -590
15 857.82477 804.58093 0.019607844 -606
16 826.7364 802.53455 0.019607844 -640
17 768.637 800.9394 0.019607844 -656
18 741.83185 799.12085 0.019607844 -689
19 718.42334 798.58405 0.019607844 -706
20 694.8578 797.54626 0.019607844 -722
21 669.06366 796.5851 0.019607844 -739
22 635.7106 796.5851 0.019607844 -755
23 622.1815 796.5851 0.019607844 -788
24 603.5964 795.58563 0.021568628 -805
25 596.9547 795.58563 0.021568628 -838
26 589.5625 795.58563 0.021568628 -854
27 585.6935 795.58563 0.021568628 -887
28 582.38666 795.58563 0.021568628 -921
29 580.5802 795.58563 0.021568628 -954
30 579.90265 797.70526 0.019607844 -970
31 579.46344 801.2937 0.019607844 -987
32 579.46344 805.90717 0.019607844 -1003
33 578.4644 812.87506 0.021568628 -1020
34 577.46533 821.63495 0.021568628 -1036
35 576.1135 831.68494 0.019607844 -1053
36 572.6409 855.6713 0.019607844 -1069
37 571.4709 875.5614 0.019607844 -1102
38 571.4709 896.38983 0.019607844 -1119
39 571.4709 918.4533 0.019607844 -1135
40 571.4709 942.7803 0.019607844 -1152
41 571.4709 973.43567 0.019607844 -1168
42 571.4709 998.33295 0.019607844 -1185
43 571.4709 1022.65405 0.019607844 -1201
44 570.3678 1045.8083 0.019607844 -1218
45 569.4727 1072.137 0.019607844 -1235
46 569.4727 1098.633 0.019607844 -1251
47 568.2875 1144.8263 0.019607844 -1268
48 568.47363 1197.1641 0.019607844 -1301
49 568.47363 1222.5002 0.019607844 -1334
50 568.47363 1244.3518 0.019607844 -1350
51 568.47363 1263.9634 0.019607844 -1367
52 568.47363 1304.4128 0.019607844 -1383
53 568.47363 1324.8127 0.019607844 -1416
54 568.47363 1340.9739 0.019607844 -1433
55 568.47363 1355.5537 0.019607844 -1449
56 568.47363 1368.6173 0.019607844 -1466
57 568.47363 1378.4708 0.019607844 -1482
58 568.47363 1388.5327 0.021568628 -1499
59 568.47363 1395.867 0.021568628 -1516
60 568.47363 1407.7844 0.021568628 -1532
61 568.47363 1413.526 0.021568628 -1565
62 568.47363 1420.5587 0.021568628 -1582
63 568.47363 1422.7529 0.021568628 -1615
64 568.47363 1424.547 0.021568628 -1631
65 568.47363 1426.4006 0.021568628 -1648
66 568.47363 1426.2571 0.019607844 -1664
67 568.47363 1426.2571 0.019607844 -1681
68 568.47363 1426.2571 0.019607844 -1681
0 924.1443 841.56165 0.021568628 -230
1 924.1443 841.56165 0.021568628 -230
2 924.1443 841.56165 0.021568628 -252
3 924.1443 841.56165 0.023529414 -269
4 924.1443 841.56165 0.023529414 -285
5 924.1443 841.56165 0.023529414 -302
6 924.1443 841.56165 0.023529414 -318
7 924.1443 841.56165 0.023529414 -351
8 924.1443 841.56165 0.023529414 -368
9 924.1443 841.56165 0.023529414 -384
10 924.1443 841.56165 0.023529414 -401
11 924.1443 841.56165 0.023529414 -434
12 924.1443 841.56165 0.023529414 -467
13 924.1443 841.56165 0.023529414 -483
14 924.1443 841.56165 0.023529414 -500
15 924.1443 841.56165 0.021568628 -516
16 924.1443 841.56165 0.021568628 -533
17 924.1443 841.56165 0.021568628 -550
18 919.4832 841.56165 0.019607844 -566
19 898.5321 842.56116 0.019607844 -599
20 881.2673 843.5606 0.019607844 -632
21 860.6744 843.5606 0.019607844 -649
22 838.56256 843.5606 0.019607844 -665
23 814.12604 843.5606 0.019607844 -682
24 789.7732 842.44617 0.019607844 -698
25 755.21234 842.56116 0.019607844 -715
26 729.36285 841.7952 0.019607844 -731
27 687.8849 839.5627 0.019607844 -748
28 654.7785 838.56323 0.019607844 -781
29 634.23444 838.56323 0.021568628 -814
30 625.37646 838.56323 0.021568628 -847
31 618.64575 838.56323 0.021568628 -864
32 613.2768 838.56323 0.021568628 -880
33 606.7219 838.56323 0.023529414 -897
34 603.3293 838.56323 0.023529414 -930
35 601.6215 838.56323 0.023529414 -963
36 599.92346 838.56323 0.021568628 -979
37 598.22723 839.78143 0.021568628 -996
38 597.44684 845.56354 0.021568628 -1012
39 594.3091 857.1161 0.021568628 -1045
40 591.72504 881.81177 0.021568628 -1078
41 589.9229 899.8401 0.019607844 -1112
42 589.4542 918.3954 0.021568628 -1128
43 589.4542 938.29816 0.021568628 -1145
44 587.58887 961.90375 0.019607844 -1161
45 586.457 981.5428 0.021568628 -1178
46 586.457 999.6919 0.021568628 -1194
47 585.21454 1017.9057 0.019607844 -1211
48 583.45276 1040.5569 0.019607844 -1227
49 583.4598 1062.9026 0.019607844 -1244
50 581.90375 1084.125 0.019607844 -1260
51 580.09216 1104.5023 0.019607844 -1277
52 579.46344 1124.7122 0.019607844 -1293
53 578.44305 1148.7009 0.019607844 -1310
54 575.8668 1193.578 0.019607844 -1326
55 575.0293 1214.1887 0.019607844 -1359
56 573.4188 1256.0486 0.019607844 -1376
57 570.4718 1293.4896 0.019607844 -1409
58 569.4727 1309.724 0.019607844 -1442
59 568.0838 1323.0422 0.019607844 -1459
60 568.47363 1335.9685 0.019607844 -1475
61 566.42914 1350.714 0.019607844 -1492
62 566.47546 1374.252 0.019607844 -1508
63 566.47546 1392.6064 0.019607844 -1541
64 566.47546 1401.7021 0.019607844 -1574
65 566.47546 1408.6564 0.019607844 -1591
66 566.47546 1414.9365 0.021568628 -1607
67 566.47546 1420.4197 0.021568628 -1624
68 566.47546 1424.3685 0.021568628 -1640
69 566.47546 1431.5886 0.021568628 -1657
70 566.47546 1435.0992 0.021568628 -1690
71 566.47546 1436.252 0.021568628 -1723
72 566.47546 1436.252 0.019607844 -1740
73 566.47546 1436.252 0.019607844 -1756
74 566.47546 1436.252 0.019607844 -1759
0 934.1351 857.55334 0.019607844 -220
1 934.1351 857.55334 0.021568628 -220
2 934.1351 857.55334 0.021568628 -234
3 934.1351 857.55334 0.021568628 -250
4 934.1351 857.55334 0.021568628 -267
5 934.1351 857.55334 0.021568628 -283
6 934.1351 857.55334 0.023529414 -300
7 934.1351 857.55334 0.023529414 -316
8 934.1351 857.55334 0.023529414 -333
9 934.1351 857.55334 0.023529414 -349
10 934.1351 857.55334 0.023529414 -366
11 934.1351 857.55334 0.023529414 -382
12 934.1351 857.55334 0.023529414 -399
13 934.1351 857.55334 0.023529414 -415
14 934.1351 857.55334 0.023529414 -432
15 934.1351 857.55334 0.023529414 -448
16 934.1351 857.55334 0.021568628 -465
17 934.1351 857.55334 0.021568628 -498
18 934.1351 857.55334 0.021568628 -514
19 929.3558 857.55334 0.019607844 -531
20 911.8151 857.55334 0.019607844 -564
21 900.66986 857.55334 0.019607844 -597
22 886.6802 857.55334 0.019607844 -614
23 867.4841 857.55334 0.019607844 -630
24 840.66846 857.55334 0.019607844 -647
25 814.38947 857.55334 0.019607844 -663
26 765.8595 856.2375 0.019607844 -680
27 741.2427 855.5544 0.019607844 -713
28 716.23566 855.5544 0.019607844 -729
29 690.9162 855.5544 0.019607844 -746
30 658.7896 855.5544 0.019607844 -762
31 646.083 854.5549 0.019607844 -795
32 635.6725 852.76605 0.019607844 -812
33 626.87836 852.55597 0.021568628 -828
34 619.35504 852.55597 0.021568628 -845
35 615.47797 852.55597 0.021568628 -861
36 608.7679 852.55597 0.021568628 -878
37 605.68964 852.55597 0.021568628 -911
38 603.93854 852.55597 0.021568628 -944
39 602.2803 852.55597 0.021568628 -961
40 601.4988 853.4997 0.021568628 -977
41 599.7412 855.96106 0.021568628 -994
42 597.9848 859.9367 0.019607844 -1010
43 596.23224 866.4117 0.019607844 -1027
44 594.4288 874.64856 0.019607844 -1043
45 592.66583 888.82007 0.019607844 -1060
46 590.92224 904.3046 0.019607844 -1076
47 589.145 920.3061 0.019607844 -1093
48 589.4542 936.4191 0.021568628 -1109
49 588.6036 955.5709 0.019607844 -1126
50 588.45514 976.9612 0.021568628 -1142
51 588.0648 997.1688 0.021568628 -1159
52 586.457 1037.619 0.019607844 -1175
53 586.457 1065.7979 0.019607844 -1208
54 585.9171 1087.9176 0.019607844 -1225
55 585.4579 1127.6636 0.019607844 -1241
56 584.5185 1150.5648 0.019607844 -1274
57 583.4598 1170.6863 0.019607844 -1291
58 582.95886 1187.3955 0.019607844 -1308
59 582.4607 1205.4417 0.019607844 -1324
60 581.31024 1221.727 0.019607844 -1341
61 581.4616 1257.5679 0.019607844 -1357
62 581.4616 1273.599 0.019607844 -1390
63 581.4616 1287.8691 0.019607844 -1407
64 581.4616 1302.8057 0.019607844 -1423
65 581.4616 1317.2397 0.019607844 -1440
66 581.4616 1331.682 0.019607844 -1456
67 581.4616 1353.1105 0.021568628 -1473
68 581.4616 1370.0969 0.021568628 -1506
69 581.4616 1379.418 0.021568628 -1539
70 581.4616 1386.2811 0.019607844 -1555
71 581.4616 1391.787 0.019607844 -1572
72 581.4616 1397.2502 0.021568628 -1588
73 581.4616 1400.6558 0.021568628 -1605
74 581.4616 1404.2924 0.021568628 -1621
75 581.4616 1407.9005 0.019607844 -1638
76 581.4616 1409.266 0.019607844 -1671
77 581.4616 1409.266 0.019607844 -1704
78 582.4607 1410.2655 0.01764706 -1718
0 953.1175 857.55334 0.019607844 -126
1 953.1175 857.55334 0.021568628 -187
2 953.1175 857.55334 0.021568628 -217
3 953.1175 857.55334 0.021568628 -234
4 953.1175 857.55334 0.023529414 -267
5 953.1175 857.55334 0.023529414 -300
6 953.1175 857.55334 0.023529414 -315
7 953.1175 857.55334 0.023529414 -350
8 953.1175 857.55334 0.023529414 -362
9 953.1175 857.55334 0.023529414 -383
10 953.1175 857.55334 0.021568628 -416
11 953.1175 857.55334 0.021568628 -432
12 953.1175 857.55334 0.021568628 -449
13 953.1175 857.55334 0.019607844 -465
14 953.1175 857.55334 0.019607844 -482
15 950.23785 857.55334 0.019607844 -498
16 944.15533 857.55334 0.019607844 -515
17 935.68945 857.55334 0.019607844 -531
18 930.1388 857.55334 0.019607844 -548
19 924.3345 857.55334 0.019607844 -556
20 892.4266 857.55334 0.019607844 -564
21 839.233 857.55334 0.019607844 -597
22 813.825 856.9827 0.019607844 -630
23 790.2623 855.1695 0.019607844 -647
24 765.8344 854.3795 0.019607844 -664
25 741.90155 852.52435 0.019607844 -680
26 713.16437 850.74524 0.019607844 -697
27 690.90173 847.9712 0.019607844 -713
28 672.8352 846.2051 0.019607844 -730
29 659.5572 844.4413 0.019607844 -746
30 647.584 842.73016 0.019607844 -763
31 631.27167 841.2758 0.019607844 -779
32 625.3168 841.56165 0.021568628 -812
33 620.2806 841.56165 0.021568628 -829
34 616.64844 841.56165 0.021568628 -845
35 612.6958 841.56165 0.021568628 -862
36 609.3374 841.56165 0.021568628 -895
37 606.9129 842.0865 0.021568628 -928
38 605.16156 843.83856 0.019607844 -961
39 603.4067 846.6283 0.019607844 -977
40 601.6646 854.2249 0.019607844 -994
41 599.9063 864.779 0.019607844 -1010
42 598.1263 876.7825 0.019607844 -1027
43 597.364 889.1172 0.019607844 -1044
44 595.6102 906.5871 0.019607844 -1060
45 593.83215 925.69794 0.019607844 -1077
46 592.04144 945.0216 0.019607844 -1093
47 589.4542 987.8134 0.019607844 -1110
48 588.66986 1019.2451 0.019607844 -1143
49 586.877 1044.57 0.019607844 -1159
50 586.457 1069.9185 0.019607844 -1176
51 584.32007 1092.2373 0.019607844 -1192
52 582.45905 1115.4386 0.019607844 -1209
53 581.65906 1146.4381 0.019607844 -1225
54 581.4616 1172.9415 0.019607844 -1242
55 580.4625 1195.3428 0.019607844 -1258
56 578.4644 1235.473 0.019607844 -1275
57 578.4644 1274.9236 0.019607844 -1308
58 578.4644 1303.8674 0.019607844 -1341
59 578.4644 1317.198 0.019607844 -1374
60 578.4644 1341.5311 0.019607844 -1390
61 578.4644 1357.49 0.021568628 -1424
62 578.4644 1368.1707 0.021568628 -1457
63 578.4644 1371.8392 0.021568628 -1490
64 578.4644 1374.8447 0.021568628 -1506
65 578.4644 1376.655 0.021568628 -1523
66 578.4644 1378.4281 0.021568628 -1539
67 578.4644 1380.2753 0.021568628 -1556
68 578.4644 1381.7803 0.021568628 -1572
69 578.4644 1381.2805 0.021568628 -1586
70 578.4644 1381.2805 0.019607844 -1622
71 578.4644 1381.2805 0.019607844 -1627
0 895.17114 836.5643 0.021568628 -187
1 895.17114 836.5643 0.021568628 -187
2 895.17114 836.5643 0.021568628 -201
3 895.17114 836.5643 0.023529414 -234
4 895.17114 836.5643 0.023529414 -267
5 895.17114 836.5643 0.023529414 -300
6 895.17114 836.5643 0.023529414 -317
7 895.17114 836.5643 0.023529414 -333
8 895.17114 836.5643 0.023529414 -350
9 895.17114 836.5643 0.023529414 -366
10 895.17114 836.5643 0.023529414 -383
11 895.17114 836.5643 0.023529414 -400
12 895.17114 836.5643 0.023529414 -416
13 895.17114 836.5643 0.023529414 -433
14 895.17114 836.5643 0.023529414 -449
15 895.17114 836.5643 0.023529414 -466
16 895.17114 836.5643 0.021568628 -482
17 895.17114 836.5643 0.021568628 -499
18 893.0074 836.5643 0.021568628 -515
19 889.4129 836.5643 0.021568628 -532
20 885.8818 836.5643 0.021568628 -548
21 882.3647 836.5643 0.021568628 -565
22 878.8064 835.5648 0.019607844 -581
23 873.7747 835.5648 0.019607844 -598
24 867.1515 835.5648 0.019607844 -614
25 857.82465 835.5648 0.019607844 -631
26 845.48944 833.7248 0.019607844 -647
27 832.0871 833.56586 0.019607844 -664
28 797.99243 833.56586 0.019607844 -680
29 780.5717 831.4885 0.019607844 -713
30 737.8854 829.11554 0.019607844 -730
31 706.1651 828.5684 0.019607844 -763
32 688.4016 826.5738 0.019607844 -796
33 672.6816 826.56946 0.019607844 -813
34 659.9689 825.0817 0.019607844 -829
35 651.43066 824.3774 0.019607844 -846
36 643.3711 823.57104 0.019607844 -862
37 635.5395 823.57104 0.021568628 -879
38 628.8418 823.57104 0.021568628 -895
39 624.1473 823.57104 0.021568628 -912
40 618.81177 823.57104 0.021568628 -928
41 613.76044 823.57104 0.021568628 -945
42 609.84625 823.57104 0.021568628 -961
43 606.4526 823.57104 0.021568628 -978
44 603.76697 823.57104 0.023529414 -994
45 602.08606 823.57104 0.023529414 -1011
46 600.37054 823.57104 0.021568628 -1027
47 598.69415 823.57104 0.021568628 -1044
48 597.023 823.57104 0.021568628 -1060
49 595.32837 824.6908 0.021568628 -1077
50 593.4505 829.7173 0.021568628 -1093
51 591.9679 833.5337 0.021568628 -1126
52 591.4524 840.243 0.019607844 -1143
53 589.46625 851.4721 0.019607844 -1160
54 588.45514 868.9229 0.019607844 -1176
55 587.45605 903.18646 0.019607844 -1193
56 587.45605 921.36584 0.019607844 -1226
57 587.45605 944.3323 0.019607844 -1242
58 587.45605 969.77216 0.019607844 -1259
59 587.45605 992.77374 0.019607844 -1275
60 587.45605 1034.2123 0.019607844 -1292
61 587.45605 1060.9019 0.019607844 -1325
62 587.45605 1083.8009 0.019607844 -1341
63 587.45605 1103.8071 0.019607844 -1358
64 587.45605 1123.0111 0.019607844 -1374
65 587.45605 1162.4132 0.019607844 -1391
66 587.45605 1200.3435 0.019607844 -1424
67 587.45605 1238.1519 0.019607844 -1457
68 591.09033 1288.3427 0.019607844 -1490
69 593.7913 1323.3806 0.019607844 -1523
70 593.4505 1335.1722 0.019607844 -1556
71 593.4505 1343.4408 0.019607844 -1573
72 593.4505 1348.8125 0.021568628 -1589
73 593.4505 1352.5262 0.021568628 -1606
74 593.4505 1354.7327 0.021568628 -1622
75 593.4505 1356.5309 0.021568628 -1639
76 593.4505 1357.2931 0.021568628 -1655
77 593.4505 1357.2931 0.021568628 -1672
78 593.4505 1357.2931 0.019607844 -1688
79 593.4505 1357.2931 0.019607844 -1705
80 593.4505 1357.2931 0.019607844 -1715
0 926.14246 844.5601 0.023529414 -221
1 926.14246 844.5601 0.023529414 -221
2 926.14246 844.5601 0.023529414 -233
3 926.14246 844.5601 0.023529414 -264
4 926.14246 844.5601 0.023529414 -299
5 926.14246 844.5601 0.025490198 -313
6 926.14246 844.5601 0.025490198 -349
7 926.14246 844.5601 0.023529414 -398
8 926.14246 844.5601 0.023529414 -415
9 926.14246 844.5601 0.025490198 -431
10 926.14246 844.5601 0.023529414 -443
11 926.14246 844.5601 0.023529414 -463
12 926.14246 844.5601 0.023529414 -498
13 926.14246 844.5601 0.023529414 -514
14 926.14246 844.5601 0.021568628 -547
15 926.14246 844.5601 0.021568628 -580
16 926.14246 844.5601 0.021568628 -597
17 923.48505 843.23083 0.021568628 -613
18 918.6912 843.5606 0.021568628 -630
19 909.4456 843.5606 0.021568628 -646
20 897.7919 841.7934 0.019607844 -663
21 883.4822 841.56165 0.019607844 -679
22 864.05066 841.56165 0.019607844 -696
23 844.41187 841.56165 0.019607844 -712
24 789.30707 840.75195 0.019607844 -729
25 760.1566 840.5622 0.019607844 -762
26 733.34717 839.1646 0.021568628 -778
27 712.59705 837.4185 0.019607844 -795
28 690.63513 836.5643 0.019607844 -811
29 670.43726 835.5648 0.021568628 -828
30 656.01636 835.5648 0.021568628 -845
31 648.0331 835.5648 0.021568628 -861
32 633.482 835.5648 0.021568628 -878
33 622.8867 835.5648 0.023529414 -911
34 619.361 835.5648 0.023529414 -944
35 615.9773 835.5648 0.023529414 -960
36 614.52423 835.5648 0.023529414 -977
37 612.87823 835.5648 0.023529414 -993
38 609.55676 836.4432 0.021568628 -1010
39 606.0506 840.33875 0.021568628 -1043
40 604.3132 844.9417 0.021568628 -1076
41 602.4951 853.29083 0.019607844 -1092
42 600.05457 871.1902 0.021568628 -1109
43 598.0072 888.9277 0.021568628 -1125
44 595.0317 905.4066 0.021568628 -1142
45 590.68304 940.9806 0.021568628 -1158
46 587.12836 980.0974 0.021568628 -1192
47 584.56506 1021.873 0.021568628 -1225
48 582.4607 1067.3988 0.021568628 -1258
49 580.1536 1089.1431 0.021568628 -1291
50 579.46344 1109.3773 0.021568628 -1307
51 578.56757 1132.8612 0.021568628 -1324
52 577.46533 1178.6415 0.021568628 -1340
53 575.46716 1216.8535 0.021568628 -1373
54 574.4681 1238.813 0.021568628 -1406
55 572.7982 1259.7289 0.021568628 -1423
56 571.00354 1276.5453 0.021568628 -1439
57 569.21014 1292.6918 0.021568628 -1456
58 568.47363 1305.9279 0.021568628 -1472
59 567.47455 1319.4858 0.021568628 -1489
60 565.7859 1332.4475 0.019607844 -1505
61 565.47644 1343.1008 0.021568628 -1522
62 565.47644 1360.4075 0.021568628 -1538
63 565.47644 1368.7158 0.021568628 -1572
64 565.47644 1376.0559 0.021568628 -1588
65 565.47644 1383.1986 0.021568628 -1605
66 565.47644 1395.5077 0.021568628 -1621
67 565.47644 1407.333 0.021568628 -1654
68 565.47644 1415.9026 0.021568628 -1687
69 565.47644 1418.376 0.021568628 -1720
70 565.47644 1421.2598 0.021568628 -1737
71 565.47644 1421.2598 0.019607844 -1770
72 565.47644 1421.2598 0.019607844 -1781
0 920.148 851.55646 0.021568628 -197
1 920.148 851.55646 0.023529414 -197
2 920.148 851.55646 0.023529414 -217
3 920.148 851.55646 0.023529414 -250
4 920.148 851.55646 0.023529414 -283
5 920.148 851.55646 0.023529414 -316
6 918.637 851.55646 0.023529414 -333
7 916.98517 851.55646 0.023529414 -350
8 915.3042 851.55646 0.023529414 -366
9 913.6495 851.55646 0.023529414 -383
10 912.00946 851.55646 0.023529414 -399
11 910.2929 851.55646 0.023529414 -416
12 908.5954 851.55646 0.023529414 -432
13 906.9005 851.55646 0.023529414 -449
14 906.17163 851.55646 0.021568628 -465
15 905.4285 851.55646 0.021568628 -482
16 903.68256 851.55646 0.021568628 -498
17 901.9247 851.55646 0.021568628 -515
18 899.0405 851.55646 0.019607844 -531
19 893.6671 851.55646 0.019607844 -548
20 885.8351 851.55646 0.019607844 -564
21 859.7137 851.55646 0.019607844 -581
22 843.2525 852.6633 0.019607844 -614
23 821.10364 853.5554 0.019607844 -630
24 774.1286 853.5554 0.019607844 -647
25 730.85126 851.55646 0.019607844 -680
26 686.30804 849.5575 0.019607844 -713
27 668.99115 849.5575 0.019607844 -746
28 656.9365 849.5575 0.019607844 -763
29 647.5946 849.5575 0.019607844 -779
30 640.1158 849.5575 0.019607844 -796
31 632.7766 849.5575 0.021568628 -812
32 628.2671 849.5575 0.021568628 -829
33 623.8405 849.5575 0.021568628 -845
34 620.4884 849.5575 0.021568628 -862
35 617.28485 849.5575 0.021568628 -878
36 615.6354 849.5575 0.021568628 -895
37 613.9474 849.5575 0.021568628 -911
38 612.31476 849.5575 0.021568628 -928
39 608.8741 850.1194 0.021568628 -944
40 607.1046 851.8895 0.021568628 -977
41 605.3975 856.67944 0.019607844 -994
42 603.59827 862.0795 0.019607844 -1010
43 601.22565 871.1992 0.021568628 -1027
44 596.43365 896.5894 0.019607844 -1043
45 593.56116 911.63916 0.019607844 -1076
46 591.8049 931.63403 0.021568628 -1093
47 590.04205 949.6217 0.021568628 -1110
48 588.286 970.3565 0.021568628 -1126
49 588.45514 990.2458 0.021568628 -1143
50 586.95905 1038.4286 0.019607844 -1159
51 586.457 1061.4214 0.021568628 -1192
52 584.45886 1103.7872 0.021568628 -1209
53 581.95654 1154.4542 0.019607844 -1242
54 581.4616 1177.8837 0.019607844 -1275
55 581.4616 1195.0391 0.019607844 -1292
56 579.46344 1237.1078 0.019607844 -1308
57 579.46344 1256.2595 0.019607844 -1341
58 579.46344 1271.1437 0.019607844 -1358
59 579.46344 1281.9852 0.019607844 -1374
60 579.46344 1293.1318 0.021568628 -1391
61 579.46344 1303.7756 0.021568628 -1407
62 579.46344 1313.9794 0.021568628 -1424
63 579.46344 1321.5111 0.021568628 -1441
64 579.46344 1328.8375 0.021568628 -1457
65 579.46344 1334.8704 0.019607844 -1474
66 579.46344 1347.3296 0.021568628 -1490
67 579.46344 1358.6091 0.021568628 -1523
68 579.46344 1364.0887 0.021568628 -1556
69 579.46344 1369.4834 0.021568628 -1573
70 578.60754 1374.854 0.021568628 -1589
71 578.4644 1380.2012 0.021568628 -1606
72 578.4644 1384.2634 0.021568628 -1622
73 578.4644 1387.8989 0.021568628 -1639
74 578.4644 1391.3936 0.021568628 -1655
75 578.4644 1394.9362 0.021568628 -1672
76 578.4644 1396.8197 0.021568628 -1705
77 578.4644 1397.2722 0.021568628 -1721
78 578.4644 1398.2717 0.019607844 -1725
