0 721.3321 414.78397 0.023529414 -199
1 719.8335 414.78397 0.023529414 -199
2 719.1273 414.78397 0.023529414 -213
3 719.334 414.78397 0.023529414 -255
4 719.334 414.78397 0.019607844 -292
5 716.8231 414.78397 0.019607844 -325
6 715.0014 414.78397 0.019607844 -358
7 712.11206 414.78397 0.019607844 -374
8 707.727 414.78397 0.019607844 -391
9 682.4312 416.9 0.019607844 -407
10 648.9018 417.7824 0.019607844 -457
11 612.476 416.4874 0.019607844 -490
12 598.3939 416.78293 0.019607844 -523
13 577.0538 414.98236 0.019607844 -540
14 555.001 411.42477 0.019607844 -556
15 536.9583 409.33234 0.019607844 -573
16 520.4442 405.328 0.019607844 -589
17 502.50415 401.78394 0.019607844 -606
18 489.86218 399.01147 0.019607844 -622
19 481.52243 396.28568 0.021568628 -639
20 474.6901 394.5769 0.021568628 -655
21 469.5621 392.79437 0.021568628 -672
22 463.14752 391.79593 0.021568628 -688
23 459.7372 391.79593 0.021568628 -721
24 456.33936 393.0334 0.021568628 -754
25 454.5269 395.89835 0.019607844 -787
26 452.7859 399.38168 0.019607844 -804
27 451.03278 405.987 0.019607844 -820
28 450.5828 413.1586 0.019607844 -837
29 449.4829 423.3848 0.019607844 -854
30 448.58466 461.34653 0.019607844 -870
31 448.55713 501.06976 0.019607844 -903
32 446.5865 550.24603 0.019607844 -936
33 445.10388 572.5101 0.019607844 -969
34 443.3376 589.21204 0.019607844 -986
35 441.80423 636.10913 0.019607844 -1002
36 441.59113 679.5828 0.019607844 -1035
37 438.6509 716.0563 0.019607844 -1068
38 439.59296 746.55286 0.019607844 -1101
39 439.01883 769.4951 0.019607844 -1118
40 438.5939 795.53503 0.019607844 -1134
41 439.59296 816.33673 0.019607844 -1151
42 438.601 838.47797 0.019607844 -1168
43 439.59296 890.91016 0.019607844 -1184
44 441.59113 932.2018 0.019607844 -1217
45 441.59113 963.7891 0.019607844 -1250
46 441.35022 977.5617 0.019607844 -1283
47 441.59113 989.9381 0.019607844 -1300
48 441.59113 999.5155 0.019607844 -1316
49 441.59113 1010.386 0.019607844 -1333
50 441.59113 1014.14044 0.019607844 -1366
51 441.59113 1016.1026 0.019607844 -1382
52 441.59113 1017.90375 0.019607844 -1399
53 441.59113 1019.469 0.019607844 -1415
54 443.58484 1020.4685 0.01764706 -1448
55 443.58926 1020.4685 0.01764706 -1465
56 443.58926 1020.4685 0.01764706 -1465
0 709.3432 378.8027 0.023529414 -273
1 707.1629 378.8027 0.023529414 -273
2 703.7981 378.8027 0.023529414 -294
3 702.06714 378.8027 0.021568628 -327
4 700.3677 378.8027 0.021568628 -344
5 699.727 378.8027 0.021568628 -360
6 698.0293 378.8027 0.021568628 -377
7 697.3543 378.8027 0.019607844 -393
8 694.9228 378.8027 0.019607844 -410
9 693.12115 378.8027 0.019607844 -443
10 691.3527 378.8027 0.019607844 -459
11 687.86304 378.8027 0.019607844 -476
12 683.7047 378.8027 0.019607844 -509
13 676.9515 378.8027 0.019607844 -525
14 650.74304 381.4296 0.019607844 -542
15 634.20685 383.2677 0.019607844 -575
16 614.4123 382.80063 0.019607844 -591
17 559.49054 382.07925 0.019607844 -608
18 531.8083 380.28864 0.019607844 -641
19 506.29083 378.5868 0.019607844 -658
20 481.16232 375.74396 0.019607844 -674
21 449.81073 374.06937 0.019607844 -691
22 427.53992 371.3462 0.019607844 -707
23 410.06454 369.6519 0.019607844 -724
24 393.72546 369.80737 0.019607844 -740
25 375.67914 368.2109 0.019607844 -757
26 362.72977 366.53275 0.019607844 -773
27 353.57983 365.80948 0.019607844 -790
28 347.63266 365.12802 0.019607844 -806
29 342.6725 363.47397 0.021568628 -823
30 339.68906 363.81052 0.021568628 -839
31 335.4828 363.81052 0.019607844 -856
32 333.72363 363.81052 0.021568628 -889
33 332.69196 365.45084 0.021568628 -905
34 332.69196 368.49963 0.021568628 -922
35 332.69196 373.97183 0.019607844 -939
36 332.69196 382.3026 0.019607844 -955
37 334.15176 396.94376 0.019607844 -972
38 336.68826 428.86276 0.019607844 -988
39 340.02863 453.49646 0.019607844 -1021
40 342.08246 474.54337 0.019607844 -1038
41 349.10788 519.3162 0.019607844 -1054
42 353.0141 550.2478 0.019607844 -1087
43 358.67294 576.38995 0.019607844 -1104
44 360.78183 597.0796 0.019607844 -1120
45 366.309 630.3261 0.019607844 -1137
46 370.6041 661.28625 0.019607844 -1153
47 374.6531 715.5282 0.019607844 -1170
48 379.18683 785.73883 0.019607844 -1203
49 380.64755 839.011 0.019607844 -1236
50 383.9016 865.89105 0.019607844 -1269
51 384.64386 890.46814 0.019607844 -1286
52 384.64386 912.8367 0.019607844 -1302
53 384.64386 930.73444 0.019607844 -1319
54 384.64386 945.6653 0.019607844 -1335
55 384.64386 958.6777 0.019607844 -1352
56 383.64478 981.1011 0.019607844 -1368
57 383.64478 991.3753 0.019607844 -1401
58 383.64478 998.2595 0.019607844 -1418
59 383.64478 1003.6396 0.019607844 -1434
60 383.64478 1007.9474 0.019607844 -1451
61 383.64478 1014.2792 0.019607844 -1467
62 383.64478 1017.47003 0.019607844 -1500
63 383.64478 1017.47003 0.019607844 -1533
64 383.64478 1017.47003 0.019607844 -1561
0 725.3284 385.79904 0.023529414 -209
1 725.3284 385.79904 0.023529414 -209
2 724.32935 385.79904 0.023529414 -226
3 723.544 385.79904 0.023529414 -259
4 721.89703 385.79904 0.023529414 -276
5 721.3321 385.79904 0.023529414 -292
6 720.333 385.79904 0.023529414 -309
7 718.90533 385.79904 0.021568628 -325
8 718.2612 385.79904 0.021568628 -342
9 716.5076 385.79904 0.021568628 -358
10 714.783 385.79904 0.019607844 -375
11 713.0269 385.79904 0.019607844 -391
12 710.0971 385.79904 0.019607844 -408
13 705.744 385.79904 0.019607844 -424
14 682.9914 387.22034 0.019607844 -441
15 650.366 388.7975 0.019607844 -474
16 619.19183 388.01938 0.019607844 -507
17 590.3069 386.26077 0.019607844 -524
18 560.0425 383.16058 0.019607844 -540
19 533.9583 380.69858 0.019607844 -557
20 495.65857 375.19427 0.019607844 -573
21 461.04492 369.98703 0.019607844 -590
22 433.51596 366.1316 0.019607844 -606
23 412.12143 363.68582 0.019607844 -623
24 390.9867 360.31564 0.019607844 -639
25 374.99603 357.2915 0.021568628 -656
26 364.62817 355.6424 0.021568628 -672
27 358.98715 353.92215 0.021568628 -689
28 354.61618 352.81622 0.021568628 -705
29 352.52258 352.81622 0.021568628 -722
30 350.84225 352.81622 0.021568628 -738
31 349.20728 352.81622 0.021568628 -755
32 349.67624 352.81622 0.021568628 -771
33 349.67624 354.60696 0.019607844 -788
34 349.67624 356.2825 0.019607844 -804
35 349.67624 360.19656 0.019607844 -821
36 349.67624 366.70584 0.019607844 -838
37 351.0926 377.47403 0.019607844 -854
38 354.5129 392.5808 0.019607844 -871
39 355.82993 402.7466 0.019607844 -887
40 356.641 417.55243 0.019607844 -904
41 360.37527 445.69308 0.019607844 -920
42 361.66513 469.29474 0.019607844 -937
43 367.6264 518.2983 0.019607844 -953
44 373.65402 578.1013 0.019607844 -986
45 375.82004 624.69104 0.019607844 -1019
46 374.3497 668.4004 0.019607844 -1052
47 374.6531 689.79224 0.019607844 -1085
48 374.6531 706.21545 0.019607844 -1102
49 373.55902 722.47943 0.019607844 -1118
50 373.02484 770.78534 0.019607844 -1135
51 374.6531 829.8772 0.019607844 -1168
52 378.5419 887.7085 0.019607844 -1201
53 381.64664 935.85846 0.019607844 -1234
54 381.64664 951.8436 0.019607844 -1267
55 381.64664 963.64636 0.019607844 -1284
56 381.64664 973.79926 0.019607844 -1300
57 381.64664 984.8595 0.019607844 -1317
58 381.64664 992.22345 0.019607844 -1333
59 381.64664 997.4609 0.021568628 -1350
60 381.64664 1001.0751 0.021568628 -1366
61 381.64664 1002.6217 0.021568628 -1383
62 381.64664 1004.4213 0.021568628 -1399
63 381.64664 1004.4768 0.021568628 -1416
64 381.64664 1004.4768 0.019607844 -1432
65 383.0963 1004.4768 0.019607844 -1439
66 385.6429 1005.4763 0.019607844 -1465
67 387.64108 1006.47577 0.01764706 -1479
0 735.31915 398.7923 0.023529414 -356
1 732.6079 398.7923 0.023529414 -356
2 730.8444 398.7923 0.023529414 -381
3 729.08057 398.7923 0.023529414 -398
4 728.3256 398.7923 0.023529414 -414
5 727.32654 398.7923 0.023529414 -431
6 727.32654 398.7923 0.021568628 -447
7 727.32654 398.7923 0.021568628 -464
8 727.32654 398.7923 0.021568628 -480
9 727.32654 398.7923 0.021568628 -497
10 727.32654 398.7923 0.021568628 -513
11 727.32654 398.7923 0.019607844 -530
12 722.30493 398.7923 0.019607844 -563
13 713.1595 398.7923 0.019607844 -596
14 693.5756 397.79282 0.019607844 -629
15 677.3992 397.79282 0.019607844 -662
16 662.6854 397.79282 0.019607844 -679
17 644.4009 395.69366 0.019607844 -695
18 624.0426 394.79437 0.019607844 -712
19 596.42596 391.3266 0.019607844 -728
20 547.2903 385.3417 0.019607844 -745
21 524.98846 382.75687 0.019607844 -778
22 500.949 379.48492 0.019607844 -794
23 478.70523 376.27206 0.019607844 -811
24 460.71167 374.51874 0.019607844 -827
25 442.94046 371.6765 0.019607844 -844
26 412.61798 368.30817 0.019607844 -860
27 392.02887 366.80893 0.019607844 -893
28 384.92508 365.13022 0.021568628 -927
29 379.52917 363.43756 0.021568628 -943
30 375.57327 362.81104 0.021568628 -960
31 372.273 362.81104 0.021568628 -976
32 370.281 362.81104 0.021568628 -993
33 368.58527 362.81104 0.021568628 -1009
34 366.88785 362.81104 0.021568628 -1026
35 364.66235 365.9586 0.019607844 -1042
36 364.66235 369.66382 0.019607844 -1075
37 366.31396 380.72055 0.019607844 -1092
38 368.03036 391.02307 0.019607844 -1108
39 368.65866 416.49655 0.019607844 -1125
40 371.25845 439.99744 0.019607844 -1158
41 371.65588 459.1537 0.019607844 -1174
42 370.6568 477.90723 0.019607844 -1191
43 372.47116 504.24243 0.019607844 -1207
44 373.2375 532.6349 0.019607844 -1224
45 374.99545 559.84827 0.019607844 -1240
46 376.73898 583.92535 0.019607844 -1257
47 379.55417 611.3602 0.019607844 -1273
48 381.32724 645.9091 0.019607844 -1290
49 382.6457 672.4211 0.019607844 -1307
50 382.6457 714.00916 0.019607844 -1323
51 383.64478 765.0152 0.019607844 -1356
52 383.64478 808.16486 0.019607844 -1389
53 383.64478 825.8784 0.019607844 -1422
54 382.71655 840.9237 0.019607844 -1439
55 382.6457 858.1878 0.019607844 -1455
56 382.6457 872.9657 0.019607844 -1472
57 382.6457 886.2465 0.019607844 -1488
58 382.6457 899.4562 0.019607844 -1505
59 383.64963 914.56726 0.019607844 -1521
60 383.64478 929.19885 0.019607844 -1538
61 383.64478 946.2131 0.019607844 -1554
62 383.64478 951.2271 0.019607844 -1587
63 383.64478 954.53784 0.019607844 -1604
64 383.64478 959.16815 0.019607844 -1620
65 383.64478 964.96423 0.019607844 -1637
66 384.99533 966.8482 0.019607844 -1670
67 386.14246 967.99585 0.019607844 -1687
68 386.642 968.49554 0.01764706 -1697
69 386.642 968.49554 0.01764706 -1718
0 742.3127 406.78812 0.023529414 -307
1 742.3127 406.78812 0.021568628 -307
2 741.04016 406.78812 0.021568628 -332
3 741.3136 406.78812 0.021568628 -348
4 741.3136 406.78812 0.021568628 -365
5 741.3136 406.78812 0.021568628 -381
6 741.3136 406.78812 0.021568628 -398
7 741.3136 406.78812 0.021568628 -429
8 741.3136 406.78812 0.019607844 -464
9 740.145 406.78812 0.019607844 -469
10 738.30475 406.78812 0.019607844 -513
11 731.3072 406.78812 0.019607844 -530
12 723.9259 408.13837 0.019607844 -563
13 717.0047 409.86935 0.019607844 -580
14 709.769 411.67902 0.019607844 -596
15 695.4769 413.4379 0.019607844 -613
16 679.6942 415.19223 0.019607844 -629
17 662.68146 416.95334 0.019607844 -646
18 642.67084 418.7597 0.019607844 -662
19 612.81366 417.0082 0.019607844 -679
20 587.3323 415.70032 0.019607844 -695
21 542.11066 411.75034 0.019607844 -712
22 489.18423 404.59457 0.019607844 -745
23 451.2008 397.71655 0.019607844 -778
24 436.55496 395.93082 0.019607844 -811
25 425.70566 395.79385 0.019607844 -827
26 418.48383 394.51233 0.021568628 -844
27 409.2559 394.79437 0.021568628 -860
28 407.2006 394.79437 0.021568628 -894
29 403.9026 394.79437 0.021568628 -910
30 402.1993 394.79437 0.019607844 -943
31 400.55862 395.86432 0.019607844 -960
32 398.81537 397.60828 0.019607844 -976
33 398.6309 409.82278 0.019607844 -993
34 397.8179 431.09927 0.019607844 -1026
35 397.63184 448.0014 0.019607844 -1059
36 397.63184 464.11743 0.019607844 -1075
37 396.70694 503.99496 0.019607844 -1092
38 395.63367 550.7602 0.019607844 -1125
39 395.60736 594.348 0.019607844 -1158
40 394.6346 645.34314 0.019607844 -1191
41 393.52786 690.93317 0.019607844 -1224
42 393.63553 734.01733 0.019607844 -1257
43 391.6374 770.0003 0.019607844 -1290
44 391.6374 806.3208 0.019607844 -1323
45 390.6383 841.0619 0.019607844 -1356
46 390.6383 876.87317 0.019607844 -1389
47 390.6383 896.14734 0.019607844 -1422
48 390.6383 916.184 0.019607844 -1439
49 390.6383 930.4638 0.019607844 -1455
50 390.6383 941.679 0.019607844 -1472
51 390.6383 950.1374 0.019607844 -1488
52 390.6383 960.4455 0.019607844 -1505
53 390.6383 968.688 0.019607844 -1521
54 390.6383 974.2611 0.019607844 -1538
55 392.06827 979.7835 0.019607844 -1554
56 393.83273 985.0791 0.019607844 -1571
57 397.4661 990.3183 0.019607844 -1587
58 401.1191 992.9733 0.019607844 -1621
59 401.6281 993.48254 0.01764706 -1637
60 401.6281 993.48254 0.01764706 -1639
0 729.3247 388.7975 0.021568628 -186
1 726.85065 388.7975 0.021568628 -186
2 725.09576 388.7975 0.021568628 -209
3 723.3398 388.7975 0.021568628 -225
4 721.6009 388.7975 0.021568628 -242
5 719.89685 388.7975 0.021568628 -258
6 718.22205 388.7975 0.021568628 -275
7 716.4602 388.7975 0.021568628 -291
8 716.33673 388.7975 0.019607844 -308
9 715.191 388.7975 0.019607844 -324
10 715.33765 388.7975 0.019607844 -341
11 715.33765 388.7975 0.019607844 -406
12 711.9204 388.7975 0.019607844 -440
13 710.0366 388.7975 0.019607844 -473
14 706.1932 388.7975 0.019607844 -490
15 701.59235 389.71637 0.019607844 -506
16 676.8154 394.93378 0.019607844 -523
17 661.7284 398.60547 0.019607844 -556
18 642.29333 400.96716 0.019607844 -573
19 619.1419 402.8121 0.019607844 -589
20 586.0346 405.60046 0.019607844 -606
21 556.9341 405.78864 0.019607844 -622
22 533.53284 407.17047 0.019607844 -639
23 506.13458 404.61804 0.019607844 -655
24 477.39133 403.8813 0.019607844 -672
25 448.63513 402.15128 0.019607844 -688
26 428.46936 400.79126 0.019607844 -705
27 388.46964 397.8757 0.019607844 -721
28 372.5722 396.79333 0.019607844 -755
29 361.59598 396.79333 0.021568628 -771
30 354.41846 396.79333 0.021568628 -788
31 348.44147 396.79333 0.021568628 -804
32 344.80295 396.79333 0.021568628 -821
33 341.52002 396.79333 0.021568628 -837
34 338.86252 396.79333 0.021568628 -854
35 336.68222 397.29608 0.021568628 -870
36 334.52267 398.95978 0.019607844 -887
37 332.74997 402.6741 0.019607844 -903
38 330.02255 408.47473 0.019607844 -920
39 328.69565 415.17178 0.019607844 -936
40 328.69565 438.05035 0.019607844 -953
41 329.38757 457.07257 0.019607844 -986
42 332.88547 500.06363 0.019607844 -1002
43 335.73892 527.099 0.019607844 -1035
44 342.9685 572.9536 0.019607844 -1052
45 348.13782 607.5994 0.019607844 -1069
46 352.49902 638.85785 0.019607844 -1085
47 354.8603 664.2983 0.019607844 -1102
48 359.76404 693.3188 0.019607844 -1118
49 363.26172 733.53644 0.019607844 -1135
50 366.34686 765.57855 0.019607844 -1151
51 368.1624 792.10614 0.019607844 -1168
52 372.33093 820.64014 0.019607844 -1184
53 375.6103 870.83386 0.019607844 -1201
54 376.65125 895.77997 0.019607844 -1234
55 379.3261 920.3259 0.019607844 -1250
56 381.1471 941.0099 0.019607844 -1267
57 380.64755 957.5326 0.019607844 -1283
58 380.64755 971.54156 0.019607844 -1300
59 381.64664 988.00366 0.019607844 -1316
60 381.64664 1000.7779 0.019607844 -1333
61 381.64664 1010.038 0.019607844 -1349
62 381.64664 1017.5667 0.019607844 -1366
63 381.64664 1024.8987 0.019607844 -1382
64 381.64664 1031.1276 0.019607844 -1399
65 381.64664 1036.7046 0.019607844 -1416
66 381.64664 1042.2352 0.019607844 -1432
67 381.64664 1045.9371 0.019607844 -1449
68 382.1326 1050.4257 0.019607844 -1465
69 382.6457 1052.7773 0.019607844 -1498
70 385.68564 1056.4924 0.01764706 -1515
71 385.68564 1056.4924 0.01764706 -1548
0 757.2988 405.78864 0.021568628 -245
1 754.87555 405.78864 0.021568628 -245
2 753.1437 405.78864 0.021568628 -267
3 749.8058 405.78864 0.021568628 -283
4 750.3053 405.78864 0.021568628 -314
5 750.3053 405.78864 0.021568628 -382
6 750.3053 405.78864 0.021568628 -415
7 750.3053 405.78864 0.021568628 -448
8 750.3053 405.78864 0.019607844 -481
9 750.3053 405.78864 0.019607844 -498
10 749.3627 405.78864 0.019607844 -515
11 743.60504 406.78812 0.019607844 -548
12 727.0064 409.00705 0.019607844 -581
13 708.37427 411.9824 0.019607844 -614
14 682.39764 413.78122 0.019607844 -630
15 652.4035 413.97235 0.019607844 -647
16 624.3811 413.7845 0.019607844 -663
17 592.8363 410.93988 0.019607844 -680
18 564.639 409.54678 0.019607844 -696
19 533.57477 404.66507 0.019607844 -713
20 480.42053 400.69366 0.019607844 -729
21 447.57312 396.79178 0.019607844 -762
22 436.84863 396.79333 0.019607844 -795
23 428.1477 396.79333 0.021568628 -812
24 423.09882 396.79333 0.021568628 -828
25 418.82547 396.79333 0.021568628 -845
26 413.14325 396.79333 0.021568628 -862
27 411.70218 396.79333 0.021568628 -895
28 408.34598 398.0686 0.019607844 -911
29 407.62256 406.47708 0.019607844 -944
30 408.12244 415.28546 0.019607844 -977
31 408.62164 422.79724 0.019607844 -994
32 409.62073 434.05273 0.019607844 -1010
33 411.2547 449.5789 0.019607844 -1027
34 413.21973 468.98352 0.019607844 -1043
35 414.9975 487.56375 0.019607844 -1060
36 416.89243 510.8221 0.019607844 -1076
37 418.60956 533.68805 0.019607844 -1093
38 423.11603 572.0261 0.019607844 -1109
39 423.6078 598.3466 0.019607844 -1126
40 424.9617 627.71124 0.019607844 -1142
41 424.60684 652.11664 0.019607844 -1159
42 424.56537 680.93945 0.019607844 -1176
43 423.8485 714.0139 0.019607844 -1192
44 421.60962 740.51416 0.019607844 -1209
45 421.60962 766.7194 0.019607844 -1225
46 418.35464 788.13745 0.019607844 -1242
47 416.61426 813.54553 0.019607844 -1258
48 416.61426 844.0387 0.019607844 -1275
49 416.23465 867.8486 0.019607844 -1291
50 418.0769 894.03064 0.019607844 -1308
51 419.89487 916.926 0.019607844 -1324
52 424.57175 965.00555 0.019607844 -1341
53 428.14163 998.7841 0.019607844 -1374
54 430.00317 1010.88135 0.019607844 -1407
55 429.60223 1018.0874 0.019607844 -1423
56 429.60223 1023.5139 0.019607844 -1440
57 429.60223 1027.0575 0.019607844 -1456
58 429.60223 1030.7952 0.019607844 -1473
59 429.60223 1030.4633 0.019607844 -1506
60 431.39645 1031.4628 0.01764706 -1523
61 431.60037 1031.4628 0.015686275 -1572
62 431.60037 1031.4628 0.015686275 -1574
0 748.3071 406.78812 0.021568628 -188
1 748.3071 406.78812 0.019607844 -188
2 747.34454 406.78812 0.019607844 -209
3 747.30804 406.78812 0.021568628 -226
4 747.30804 406.78812 0.021568628 -242
5 746.30896 406.78812 0.019607844 -276
6 746.30896 406.78812 0.019607844 -309
7 745.3099 406.78812 0.021568628 -325
8 745.3099 406.78812 0.021568628 -342
9 744.0725 406.78812 0.021568628 -358
10 744.31085 406.78812 0.021568628 -375
11 744.31085 406.78812 0.019607844 -391
12 744.31085 406.78812 0.019607844 -424
13 744.31085 406.78812 0.019607844 -441
14 742.5904 406.78812 0.019607844 -457
15 740.7646 406.78812 0.019607844 -474
16 734.0701 406.78812 0.019607844 -490
17 726.0897 406.78812 0.019607844 -523
18 708.2641 406.78812 0.019607844 -540
19 690.75525 406.78812 0.019607844 -556
20 647.861 403.14157 0.019607844 -573
21 624.28076 403.78967 0.019607844 -606
22 599.62366 401.68127 0.019607844 -623
23 567.94556 399.02756 0.019607844 -639
24 535.55865 394.4264 0.019607844 -656
25 510.55124 391.8765 0.019607844 -672
26 484.99124 388.32312 0.019607844 -689
27 442.1459 384.3468 0.019607844 -705
28 410.82907 380.68878 0.019607844 -738
29 400.96295 379.869 0.019607844 -771
30 394.8705 379.8022 0.019607844 -788
31 389.7152 379.8022 0.021568628 -804
32 386.66165 379.8022 0.021568628 -821
33 385.02548 379.8022 0.021568628 -837
34 383.30453 379.8022 0.019607844 -854
35 381.59784 379.8022 0.019607844 -870
36 380.64755 380.52985 0.019607844 -887
37 380.64755 388.1468 0.019607844 -903
38 380.64755 394.4841 0.019607844 -937
39 380.64755 403.78253 0.019607844 -953
40 382.07632 417.22342 0.019607844 -970
41 383.79895 433.16327 0.019607844 -986
42 386.3856 472.16116 0.019607844 -1003
43 387.64108 494.36774 0.019607844 -1036
44 388.67462 538.2028 0.019607844 -1052
45 389.46048 569.7676 0.019607844 -1085
46 390.6383 605.1882 0.019607844 -1102
47 390.6383 633.03845 0.019607844 -1118
48 391.83942 662.0926 0.019607844 -1135
49 391.6374 687.41595 0.019607844 -1151
50 391.6374 718.0862 0.019607844 -1168
51 391.6374 762.6783 0.019607844 -1184
52 392.63644 803.8216 0.019607844 -1217
53 393.52832 826.06726 0.019607844 -1250
54 396.33722 850.00775 0.019607844 -1267
55 397.63184 868.2886 0.019607844 -1284
56 400.7239 902.38446 0.019607844 -1300
57 402.6272 931.9538 0.019607844 -1333
58 405.0648 957.14075 0.019607844 -1366
59 404.62534 964.64746 0.019607844 -1399
60 404.62534 976.29565 0.019607844 -1416
61 404.62534 980.03534 0.019607844 -1449
62 404.62534 982.06335 0.019607844 -1465
63 404.62534 985.72363 0.019607844 -1482
64 409.51404 987.4323 0.019607844 -1515
65 411.61887 988.48517 0.01764706 -1548
66 411.61887 988.48517 0.01764706 -1556
0 762.2942 403.78967 0.021568628 -246
1 759.76996 403.78967 0.021568628 -246
2 758.29785 403.78967 0.021568628 -268
3 757.2988 403.78967 0.021568628 -301
4 757.2988 403.78967 0.021568628 -318
5 757.2988 403.78967 0.021568628 -334
6 757.2988 403.78967 0.021568628 -351
7 757.2988 403.78967 0.021568628 -367
8 757.2988 403.78967 0.021568628 -384
9 756.24567 403.78967 0.021568628 -400
10 755.30066 403.78967 0.021568628 -417
11 755.30066 403.78967 0.021568628 -450
12 755.30066 403.78967 0.019607844 -467
13 755.30066 403.78967 0.019607844 -483
14 755.30066 403.78967 0.019607844 -500
15 755.30066 403.78967 0.019607844 -516
16 755.30066 403.78967 0.019607844 -533
17 755.30066 403.78967 0.019607844 -549
18 752.2108 403.78967 0.019607844 -582
19 750.17426 403.78967 0.019607844 -615
20 743.3333 404.78375 0.019607844 -632
21 735.1404 405.78864 0.019607844 -648
22 724.17004 407.481 0.019607844 -665
23 711.8409 409.2868 0.019607844 -681
24 676.9783 410.02594 0.019607844 -698
25 626.61444 408.78708 0.019607844 -731
26 591.3427 406.03165 0.019607844 -764
27 564.0543 404.22787 0.019607844 -781
28 535.9061 399.992 0.019607844 -797
29 511.827 396.3783 0.019607844 -814
30 491.22897 394.76566 0.019607844 -830
31 468.6144 391.96652 0.019607844 -847
32 453.43497 390.2046 0.019607844 -863
33 442.46738 389.79697 0.019607844 -880
34 432.3549 389.79697 0.019607844 -896
35 424.3367 389.79697 0.019607844 -913
36 414.21182 389.79697 0.021568628 -929
37 410.749 389.79697 0.021568628 -962
38 408.00345 389.79697 0.021568628 -979
39 404.77786 389.79697 0.021568628 -995
40 402.9422 389.79697 0.021568628 -1029
41 401.20242 391.2223 0.019607844 -1045
42 399.52194 394.01105 0.019607844 -1062
43 398.6309 398.43616 0.019607844 -1078
44 398.6309 407.7707 0.019607844 -1095
45 398.6309 419.98517 0.019607844 -1111
46 398.6309 430.17508 0.019607844 -1128
47 398.6309 443.13586 0.019607844 -1144
48 400.4726 466.87744 0.019607844 -1161
49 402.2801 489.22858 0.019607844 -1177
50 408.04007 536.64575 0.019607844 -1194
51 410.6672 561.32446 0.019607844 -1227
52 414.46677 599.1472 0.019607844 -1243
53 416.92386 627.80707 0.019607844 -1260
54 418.6124 654.2937 0.019607844 -1276
55 418.6124 677.43463 0.019607844 -1293
56 420.77017 702.55164 0.019607844 -1310
57 420.61053 726.12445 0.019607844 -1326
58 419.61148 750.3132 0.019607844 -1343
59 419.61148 772.10736 0.019607844 -1359
60 419.61148 792.12537 0.019607844 -1376
61 419.61148 808.46716 0.019607844 -1392
62 419.61148 829.33417 0.019607844 -1409
63 420.61053 852.2303 0.019607844 -1425
64 423.11374 890.0859 0.019607844 -1442
65 423.6078 920.7882 0.019607844 -1475
66 424.60684 953.9909 0.019607844 -1508
67 424.60684 968.4934 0.019607844 -1541
68 424.60684 979.68964 0.019607844 -1557
69 424.60684 989.26587 0.019607844 -1574
70 422.46194 997.0683 0.019607844 -1590
71 422.6087 1007.76025 0.019607844 -1607
72 423.6078 1017.8464 0.019607844 -1623
73 423.6078 1026.2733 0.019607844 -1640
74 423.6078 1032.064 0.019607844 -1656
75 423.6078 1036.2009 0.019607844 -1673
76 423.6078 1039.7655 0.019607844 -1689
77 423.6078 1041.5199 0.019607844 -1706
78 423.6078 1043.383 0.019607844 -1723
79 423.6078 1044.4559 0.019607844 -1739
80 423.6078 1044.4559 0.01764706 -1756
81 423.6078 1045.4554 0.01764706 -1757
0 751.3043 409.78656 0.021568628 -186
1 749.6088 409.78656 0.021568628 -186
2 746.2094 409.78656 0.021568628 -200
3 742.69934 409.78656 0.021568628 -233
4 740.8141 409.78656 0.021568628 -266
5 740.09375 409.78656 0.021568628 -282
6 740.3145 409.78656 0.021568628 -299
7 740.3145 409.78656 0.021568628 -349
8 740.3145 409.78656 0.021568628 -399
9 740.3145 409.78656 0.019607844 -408
10 740.3145 409.78656 0.019607844 -465
11 738.2031 409.78656 0.019607844 -498
12 736.4169 409.78656 0.019607844 -514
13 732.8995 409.78656 0.019607844 -531
14 727.7809 409.78656 0.019607844 -548
15 721.1133 409.78656 0.019607844 -564
16 698.66693 408.81558 0.019607844 -581
17 661.4398 408.78708 0.019607844 -614
18 639.6623 407.7876 0.019607844 -647
19 618.14386 407.7876 0.019607844 -663
20 593.45074 405.67758 0.019607844 -680
21 536.94006 402.08636 0.019607844 -696
22 513.025 400.29153 0.019607844 -729
23 488.80057 398.50424 0.019607844 -746
24 465.5195 395.70645 0.019607844 -762
25 427.0995 393.23206 0.019607844 -779
26 411.4112 391.4397 0.019607844 -812
27 401.07275 389.70438 0.019607844 -829
28 393.41736 388.9928 0.019607844 -845
29 388.11295 388.7975 0.019607844 -862
30 384.30972 387.63086 0.019607844 -878
31 380.8637 387.798 0.019607844 -895
32 379.07767 387.798 0.019607844 -911
33 377.4263 387.798 0.019607844 -928
34 376.65125 387.798 0.021568628 -944
35 376.65125 389.44464 0.021568628 -961
36 376.65125 391.16776 0.019607844 -977
37 376.65125 394.98703 0.019607844 -994
38 376.65125 400.34753 0.019607844 -1011
39 376.65125 407.1435 0.019607844 -1027
40 378.00122 418.24066 0.019607844 -1044
41 379.78824 431.89423 0.019607844 -1060
42 381.54416 449.53494 0.019607844 -1077
43 384.32544 470.9301 0.019607844 -1093
44 387.79187 515.69336 0.019607844 -1110
45 391.73022 546.45874 0.019607844 -1143
46 396.26425 588.0054 0.019607844 -1159
47 401.0786 621.31384 0.019607844 -1176
48 408.10733 678.52826 0.019607844 -1192
49 411.43497 741.4844 0.019607844 -1226
50 412.61795 767.6255 0.019607844 -1259
51 412.61795 791.3073 0.019607844 -1275
52 413.83325 814.6054 0.019607844 -1292
53 414.6161 860.1555 0.019607844 -1308
54 416.32837 883.1062 0.019607844 -1341
55 416.61426 901.68146 0.019607844 -1358
56 416.61426 918.2211 0.019607844 -1374
57 416.61426 957.19293 0.019607844 -1391
58 416.61426 972.8826 0.019607844 -1424
59 415.61517 985.06696 0.019607844 -1440
60 415.61517 994.50745 0.019607844 -1457
61 414.3544 1001.52606 0.019607844 -1474
62 415.61517 1009.8317 0.019607844 -1490
63 415.61517 1015.15326 0.019607844 -1507
64 415.61517 1018.90027 0.019607844 -1523
65 415.61517 1023.7343 0.019607844 -1540
66 416.60022 1024.4664 0.019607844 -1573
67 417.6133 1025.4658 0.01764706 -1606
68 419.61148 1026.4653 0.01764706 -1614
0 728.3256 415.78345 0.021568628 -220
1 725.7387 415.19446 0.021568628 -220
2 723.993 414.78397 0.021568628 -243
3 720.6226 414.78397 0.021568628 -260
4 720.333 414.78397 0.021568628 -293
5 720.333 414.78397 0.021568628 -309
6 720.333 414.78397 0.019607844 -358
7 720.333 414.78397 0.021568628 -375
8 719.2899 414.78397 0.021568628 -409
9 718.48706 413.93674 0.021568628 -442
10 716.77844 412.2274 0.019607844 -458
11 715.02216 411.78552 0.019607844 -475
12 713.2613 411.78552 0.019607844 -491
13 710.3423 411.78552 0.019607844 -508
14 707.2263 411.78552 0.019607844 -541
15 700.85077 411.78552 0.019607844 -574
16 683.3575 410.78604 0.019607844 -607
17 669.4857 409.42496 0.019607844 -640
18 656.95654 409.78656 0.019607844 -656
19 636.34296 408.78223 0.019607844 -673
20 616.26324 407.95422 0.019607844 -689
21 596.07654 406.55963 0.019607844 -706
22 575.31866 404.32135 0.019607844 -722
23 554.6538 402.5328 0.019607844 -739
24 534.39056 398.5138 0.019607844 -756
25 508.09534 395.91425 0.019607844 -772
26 470.51224 389.39197 0.019607844 -789
27 440.2472 385.88086 0.019607844 -822
28 413.4434 382.34747 0.019607844 -855
29 398.83603 379.8022 0.019607844 -888
30 392.70517 378.8027 0.019607844 -921
31 387.61227 378.8027 0.019607844 -937
32 384.53836 378.8027 0.019607844 -954
33 381.92108 378.8027 0.019607844 -970
34 380.2118 378.8027 0.019607844 -987
35 378.56723 378.8027 0.019607844 -1003
36 375.1876 378.8027 0.019607844 -1020
37 373.65402 385.57578 0.019607844 -1053
38 373.65402 391.614 0.019607844 -1086
39 373.65402 400.1214 0.019607844 -1103
40 373.65402 416.5327 0.019607844 -1119
41 378.14987 451.26495 0.019607844 -1152
42 377.65033 467.08527 0.019607844 -1185
43 379.77893 485.5306 0.019607844 -1202
44 380.64755 509.61874 0.019607844 -1218
45 380.64755 529.3921 0.019607844 -1235
46 383.35355 552.67163 0.019607844 -1251
47 384.81 574.69617 0.019607844 -1268
48 386.51678 602.433 0.019607844 -1284
49 388.36334 629.79315 0.019607844 -1301
50 392.91937 679.61066 0.019607844 -1317
51 393.63553 699.87714 0.019607844 -1350
52 398.9484 751.833 0.019607844 -1367
53 401.6281 791.2193 0.019607844 -1400
54 401.6281 808.80066 0.019607844 -1433
55 402.55734 827.6598 0.019607844 -1450
56 402.6272 846.78784 0.019607844 -1466
57 402.6272 862.7369 0.019607844 -1483
58 402.6272 875.8442 0.019607844 -1499
59 404.79272 891.87573 0.019607844 -1516
60 406.59515 910.21375 0.019607844 -1532
61 408.39944 926.738 0.019607844 -1549
62 409.7325 941.06934 0.019607844 -1565
63 412.0398 956.87213 0.019607844 -1582
64 413.78952 967.5319 0.019607844 -1598
65 415.65137 975.6367 0.019607844 -1615
66 415.61517 982.01074 0.019607844 -1631
67 415.61517 986.7494 0.019607844 -1648
68 415.61517 991.5947 0.019607844 -1664
69 415.61517 993.4725 0.019607844 -1697
70 415.61517 993.48254 0.019607844 -1714
71 415.61517 993.48254 0.019607844 -1731
72 416.79434 995.6617 0.01764706 -1746
73 416.79434 995.6617 0.01764706 -1780
0 732.3219 384.79956 0.021568628 -246
1 730.07056 384.79956 0.021568628 -246
2 726.73804 384.79956 0.021568628 -267
3 725.3284 384.79956 0.021568628 -300
4 725.3284 384.79956 0.019607844 -333
5 725.3284 384.79956 0.019607844 -357
6 725.3284 384.79956 0.019607844 -465
7 724.3047 384.79956 0.019607844 -494
8 722.4512 384.79956 0.019607844 -515
9 720.64954 384.79956 0.019607844 -531
10 718.2604 384.79956 0.019607844 -548
11 714.60815 384.79956 0.019607844 -564
12 709.6803 387.0193 0.019607844 -581
13 698.03436 387.8436 0.019607844 -597
14 686.2836 389.66574 0.019607844 -614
15 668.6377 390.79645 0.019607844 -630
16 650.5888 390.79645 0.019607844 -647
17 632.6102 390.79645 0.019607844 -663
18 610.4918 389.64758 0.019607844 -680
19 588.3462 388.7975 0.019607844 -696
20 536.5828 386.16974 0.019607844 -713
21 479.48636 381.80115 0.019607844 -746
22 445.68887 380.80167 0.019607844 -796
23 434.25653 380.80167 0.019607844 -829
24 422.67264 378.66907 0.019607844 -845
25 414.82813 378.8027 0.019607844 -862
26 401.10443 376.80374 0.019607844 -878
27 396.2037 376.80374 0.019607844 -911
28 392.84894 376.80374 0.019607844 -928
29 390.04993 376.80374 0.019607844 -944
30 388.37457 376.80374 0.019607844 -961
31 386.6447 376.80374 0.019607844 -977
32 384.97583 376.80374 0.019607844 -994
33 383.27594 376.80374 0.019607844 -1010
34 383.64478 382.0891 0.019607844 -1027
35 383.64478 388.25632 0.019607844 -1043
36 383.64478 396.87717 0.019607844 -1060
37 384.71616 421.50412 0.019607844 -1076
38 385.60452 440.3862 0.019607844 -1109
39 386.642 458.40527 0.019607844 -1126
40 388.19305 480.37967 0.019607844 -1143
41 390.00153 499.36624 0.019607844 -1159
42 389.63922 517.678 0.019607844 -1176
43 391.6044 541.43726 0.019607844 -1192
44 393.42026 568.6871 0.019607844 -1209
45 395.82825 597.6494 0.019607844 -1225
46 398.01474 623.0409 0.019607844 -1242
47 398.98444 652.3142 0.019607844 -1258
48 405.2827 720.37555 0.019607844 -1275
49 407.2603 749.1708 0.019607844 -1308
50 409.05533 778.9739 0.019607844 -1324
51 410.67203 828.3526 0.019607844 -1341
52 411.34613 884.7174 0.019607844 -1374
53 411.61887 907.1433 0.019607844 -1407
54 411.61887 938.6492 0.019607844 -1423
55 411.70798 954.30566 0.019607844 -1456
56 411.61887 982.9011 0.019607844 -1473
57 411.61887 997.76843 0.019607844 -1506
58 411.61887 1004.5043 0.019607844 -1539
59 411.61887 1006.3747 0.019607844 -1572
60 411.61887 1008.1865 0.019607844 -1589
61 411.61887 1008.47473 0.019607844 -1605
62 411.61887 1008.47473 0.019607844 -1622
63 412.61795 1009.4742 0.01764706 -1638
64 412.61795 1009.4742 0.01764706 -1662
0 745.3099 417.7824 0.021568628 -143
1 743.5302 416.00198 0.021568628 -143
2 741.7645 415.78345 0.021568628 -158
3 739.99506 415.78345 0.021568628 -175
4 738.21857 415.78345 0.023529414 -191
5 736.4814 414.78397 0.023529414 -208
6 734.7436 414.78397 0.021568628 -224
7 733.0076 414.78397 0.023529414 -241
8 731.2909 414.78397 0.023529414 -257
9 727.22626 414.78397 0.023529414 -274
10 725.7125 414.78397 0.023529414 -323
11 725.3284 414.78397 0.021568628 -357
12 725.3284 414.78397 0.021568628 -373
13 725.3284 414.78397 0.021568628 -390
14 725.3284 414.78397 0.021568628 -406
15 725.3284 414.78397 0.019607844 -423
16 725.3284 414.78397 0.019607844 -456
17 723.5061 414.78397 0.019607844 -472
18 721.6585 414.78397 0.019607844 -489
19 719.3276 414.78397 0.019607844 -505
20 715.54193 414.78397 0.019607844 -522
21 708.5026 414.78397 0.019607844 -538
22 697.5714 415.78345 0.019607844 -555
23 677.581 416.76212 0.019607844 -571
24 657.2853 417.61032 0.019607844 -588
25 636.3555 416.78293 0.019607844 -604
26 613.71515 416.78293 0.019607844 -621
27 589.7835 416.78293 0.019607844 -637
28 565.0611 415.78345 0.019607844 -654
29 537.555 414.71634 0.019607844 -671
30 500.76138 412.90857 0.019607844 -687
31 448.18704 408.78708 0.019607844 -704
32 411.46732 406.77127 0.019607844 -737
33 393.3868 404.96417 0.019607844 -770
34 372.07004 404.78915 0.019607844 -786
35 366.41464 404.78915 0.019607844 -819
36 361.36615 404.78915 0.019607844 -836
37 355.5133 404.78915 0.019607844 -852
38 353.767 404.78915 0.021568628 -885
39 352.05185 404.78915 0.019607844 -902
40 350.30313 404.78915 0.019607844 -918
41 350.6753 406.88605 0.019607844 -935
42 350.6753 409.4691 0.019607844 -951
43 352.27283 413.58157 0.019607844 -968
44 355.78174 428.33264 0.019607844 -984
45 364.32068 463.68063 0.019607844 -1018
46 370.99622 500.60782 0.019607844 -1051
47 373.7206 520.3954 0.019607844 -1084
48 378.3701 549.61694 0.019607844 -1100
49 380.27222 572.19385 0.019607844 -1117
50 380.64755 593.7807 0.019607844 -1133
51 383.8524 621.79315 0.019607844 -1150
52 384.64386 646.3525 0.019607844 -1166
53 387.50558 682.3388 0.019607844 -1183
54 388.32104 709.51996 0.019607844 -1199
55 391.09744 735.0508 0.019607844 -1216
56 392.9345 758.18536 0.019607844 -1232
57 393.78445 783.6786 0.019607844 -1249
58 395.58466 808.7938 0.019607844 -1265
59 398.6309 852.9422 0.019607844 -1282
60 400.06226 870.4408 0.019607844 -1315
61 399.62997 883.0644 0.019607844 -1331
62 401.6281 908.9914 0.019607844 -1348
63 401.6281 920.0346 0.019607844 -1381
64 401.6281 928.46906 0.019607844 -1398
65 401.6281 935.9876 0.019607844 -1414
66 401.6281 941.0892 0.019607844 -1431
67 401.6281 946.50507 0.019607844 -1447
68 402.4178 952.66534 0.019607844 -1464
69 404.2324 958.3209 0.019607844 -1480
70 406.0184 963.681 0.019607844 -1497
71 405.62442 966.8495 0.019607844 -1513
72 405.62442 968.573 0.019607844 -1530
73 405.62442 970.39716 0.019607844 -1546
74 405.62442 972.2036 0.019607844 -1563
75 405.62442 973.4929 0.019607844 -1579
76 405.62442 973.4929 0.019607844 -1596
77 407.80295 973.4929 0.019607844 -1612
78 408.62164 974.49243 0.01764706 -1629
79 408.62164 974.49243 0.01764706 -1644
0 749.3062 411.78552 0.021568628 -211
1 747.8401 411.78552 0.021568628 -211
2 744.4294 411.78552 0.021568628 -225
3 740.9696 411.78552 0.021568628 -258
4 738.3164 411.78552 0.021568628 -291
5 736.15045 411.78552 0.021568628 -324
6 736.31824 411.78552 0.021568628 -357
7 736.31824 411.78552 0.021568628 -370
8 735.31915 411.78552 0.021568628 -402
9 735.31915 411.78552 0.021568628 -423
10 735.31915 411.78552 0.019607844 -437
11 733.5542 411.78552 0.019607844 -456
12 731.6945 411.78552 0.019607844 -506
13 729.90234 410.36444 0.019607844 -522
14 724.65436 410.78604 0.019607844 -539
15 719.9804 410.78604 0.019607844 -555
16 710.7346 411.70703 0.019607844 -572
17 698.10876 411.78552 0.019607844 -588
18 668.4907 411.78552 0.019607844 -605
19 648.8225 410.5519 0.019607844 -638
20 628.20557 409.78656 0.019607844 -654
21 593.58386 406.914 0.019607844 -671
22 567.8566 403.31027 0.019607844 -687
23 519.33435 397.14932 0.019607844 -704
24 478.0062 392.00278 0.019607844 -737
25 444.3339 387.3914 0.019607844 -770
26 416.01102 383.8001 0.019607844 -803
27 410.3484 383.8001 0.019607844 -853
28 407.37662 383.8001 0.019607844 -869
29 405.78992 383.8001 0.019607844 -886
30 402.4386 383.8001 0.019607844 -902
31 398.98166 389.09518 0.019607844 -935
32 397.2024 394.0843 0.019607844 -968
33 395.532 399.0974 0.019607844 -985
34 394.6346 408.74484 0.019607844 -1001
35 393.63553 420.71646 0.019607844 -1018
36 393.63553 445.58865 0.019607844 -1034
37 392.63644 464.462 0.019607844 -1067
38 392.63644 484.64032 0.019607844 -1084
39 392.63644 502.06696 0.019607844 -1100
40 393.7717 523.3631 0.019607844 -1117
41 393.63553 549.7661 0.019607844 -1133
42 394.2958 575.6136 0.019607844 -1150
43 397.48837 602.1097 0.019607844 -1167
44 396.63275 623.73816 0.019607844 -1183
45 400.62906 677.65356 0.019607844 -1200
46 402.22937 701.0603 0.019607844 -1233
47 404.62534 743.9366 0.019607844 -1249
48 406.641 770.9133 0.019607844 -1282
49 408.42224 794.19135 0.019607844 -1299
50 411.81378 816.94006 0.019607844 -1315
51 414.6161 859.446 0.019607844 -1332
52 418.6124 904.1673 0.019607844 -1365
53 418.0057 936.4399 0.019607844 -1398
54 419.86237 952.51294 0.019607844 -1431
55 419.61148 961.6735 0.019607844 -1447
56 419.61148 969.80035 0.019607844 -1464
57 419.61148 976.3753 0.019607844 -1481
58 419.61148 981.8136 0.019607844 -1497
59 419.61148 984.8952 0.019607844 -1514
60 419.61148 988.62555 0.019607844 -1530
61 419.61148 991.3536 0.019607844 -1547
62 419.61148 994.9443 0.019607844 -1563
63 419.61148 996.7263 0.019607844 -1596
64 419.61148 997.48047 0.019607844 -1613
65 419.61148 997.48047 0.019607844 -1629
66 419.61148 997.48047 0.019607844 -1646
67 420.61053 998.4799 0.01764706 -1660
68 420.61053 998.4799 0.01764706 -1692
0 696.3552 382.80063 0.021568628 -197
1 694.70355 382.80063 0.021568628 -197
2 693.35803 382.80063 0.021568628 -211
3 693.35803 382.80063 0.021568628 -228
4 693.35803 382.80063 0.021568628 -257
5 693.35803 382.80063 0.021568628 -286
6 693.35803 382.80063 0.021568628 -327
7 693.35803 382.80063 0.021568628 -343
8 693.35803 382.80063 0.021568628 -360
9 693.35803 382.80063 0.021568628 -377
10 693.35803 382.80063 0.021568628 -393
11 693.35803 382.80063 0.021568628 -410
12 693.35803 382.80063 0.021568628 -426
13 693.35803 382.80063 0.019607844 -459
14 691.6777 382.80063 0.019607844 -492
15 689.8967 382.80063 0.019607844 -509
16 688.14667 382.80063 0.019607844 -525
17 686.2785 382.80063 0.019607844 -542
18 681.6347 382.80063 0.019607844 -558
19 675.41754 383.53952 0.019607844 -575
20 667.5842 384.79956 0.019607844 -591
21 655.87695 384.79956 0.019607844 -608
22 642.055 386.99136 0.019607844 -624
23 603.99054 389.79697 0.019607844 -641
24 583.2436 389.79697 0.019607844 -674
25 564.0917 389.79697 0.019607844 -690
26 540.6826 389.79697 0.019607844 -707
27 499.48596 388.7975 0.019607844 -723
28 458.64926 385.79904 0.019607844 -756
29 443.25885 385.79904 0.019607844 -790
30 429.9965 384.79956 0.019607844 -806
31 415.99698 383.84256 0.019607844 -823
32 404.9926 383.8001 0.019607844 -839
33 396.7823 383.8001 0.019607844 -856
34 391.1877 383.8001 0.019607844 -872
35 385.9176 383.8001 0.019607844 -889
36 380.28406 383.8001 0.019607844 -905
37 378.56876 383.8001 0.019607844 -938
38 376.8756 382.80063 0.019607844 -955
39 375.17047 382.80063 0.019607844 -971
40 373.50812 382.80063 0.019607844 -988
41 373.65402 386.69617 0.019607844 -1004
42 373.65402 390.90247 0.019607844 -1021
43 375.12286 396.20425 0.019607844 -1037
44 376.8135 400.11646 0.019607844 -1054
45 378.62704 405.72153 0.019607844 -1070
46 380.39807 412.7862 0.019607844 -1087
47 383.68878 424.95486 0.019607844 -1103
48 387.2701 436.65866 0.019607844 -1120
49 389.7457 447.51297 0.019607844 -1136
50 394.3137 482.5366 0.019607844 -1153
51 396.63275 515.4867 0.019607844 -1186
52 400.45068 556.56775 0.019607844 -1219
53 400.62906 575.68774 0.019607844 -1252
54 402.0717 594.57434 0.019607844 -1269
55 403.8191 611.61127 0.019607844 -1285
56 406.39856 654.95715 0.019607844 -1302
57 407.62256 693.7787 0.019607844 -1335
58 409.62756 727.6894 0.019607844 -1368
59 410.6198 747.8254 0.019607844 -1401
60 412.00815 782.0993 0.019607844 -1417
61 413.81165 797.14325 0.019607844 -1450
62 413.61703 813.22687 0.019607844 -1467
63 416.61426 849.83105 0.019607844 -1483
64 416.61426 876.9396 0.019607844 -1516
65 417.6133 890.91016 0.019607844 -1549
66 418.6124 904.368 0.019607844 -1566
67 418.6124 916.34216 0.019607844 -1583
68 418.6124 924.9775 0.019607844 -1599
69 418.6124 932.15717 0.019607844 -1616
70 418.6124 939.1861 0.019607844 -1632
71 419.65536 946.7265 0.019607844 -1649
72 421.60962 959.741 0.019607844 -1665
73 421.60962 963.4447 0.019607844 -1698
74 421.60962 965.75916 0.019607844 -1715
75 421.60962 968.5912 0.019607844 -1731
76 421.60962 972.16473 0.019607844 -1748
77 421.60962 972.49347 0.019607844 -1781
78 422.617 972.49347 0.019607844 -1814
79 424.60684 973.4929 0.01764706 -1847
80 424.60684 973.4929 0.01764706 -1863
0 750.3053 393.7949 0.021568628 -210
1 749.3062 393.7949 0.021568628 -210
2 748.3071 393.7949 0.021568628 -233
3 747.30804 393.7949 0.021568628 -249
4 747.30804 393.7949 0.021568628 -282
5 747.30804 393.7949 0.021568628 -299
6 747.30804 393.7949 0.021568628 -309
7 747.30804 393.7949 0.021568628 -341
8 747.30804 393.7949 0.021568628 -398
9 747.30804 393.7949 0.019607844 -405
10 746.60834 393.7949 0.019607844 -447
11 743.04724 393.7949 0.019607844 -480
12 739.9672 393.7949 0.019607844 -514
13 727.43665 393.7949 0.019607844 -530
14 717.6529 395.40784 0.019607844 -563
15 688.11505 395.79385 0.019607844 -580
16 669.231 395.79385 0.019607844 -613
17 643.2764 395.79385 0.019607844 -629
18 618.8418 395.79385 0.019607844 -646
19 595.1128 393.23087 0.019607844 -662
20 572.87726 391.41342 0.019607844 -679
21 549.6193 389.50916 0.019607844 -695
22 527.424 388.7975 0.019607844 -712
23 499.2304 386.97794 0.019607844 -728
24 477.0583 385.29932 0.019607844 -745
25 457.84042 384.4262 0.019607844 -761
26 425.3924 381.88846 0.019607844 -778
27 410.47598 380.80167 0.019607844 -811
28 399.86325 379.34134 0.019607844 -827
29 392.87253 378.8027 0.019607844 -844
30 381.78152 378.8027 0.019607844 -860
31 376.63498 377.80322 0.019607844 -893
32 374.92435 377.80322 0.019607844 -927
33 373.1943 377.80322 0.019607844 -943
34 371.5261 377.80322 0.019607844 -960
35 371.65588 377.80322 0.019607844 -976
36 372.65494 383.71158 0.019607844 -993
37 374.0528 390.39322 0.019607844 -1009
38 376.65125 405.13864 0.019607844 -1026
39 382.43982 434.3464 0.019607844 -1059
40 383.89032 449.73196 0.019607844 -1092
41 385.69168 464.1488 0.019607844 -1108
42 389.28702 491.27637 0.019607844 -1125
43 390.6383 513.2626 0.019607844 -1141
44 393.389 536.99316 0.019607844 -1158
45 396.90897 558.3679 0.019607844 -1174
46 399.5543 582.1665 0.019607844 -1191
47 402.36917 611.06604 0.019607844 -1207
48 404.67093 633.9892 0.019607844 -1224
49 406.9215 656.2376 0.019607844 -1240
50 407.72797 674.7035 0.019607844 -1257
51 409.4366 698.16223 0.019607844 -1273
52 411.61887 736.7675 0.019607844 -1290
53 411.61887 753.21704 0.019607844 -1323
54 413.7041 772.46906 0.019607844 -1340
55 416.26852 811.42456 0.019607844 -1356
56 418.1146 830.0834 0.019607844 -1389
57 419.89426 844.82434 0.019607844 -1406
58 419.61148 858.2724 0.019607844 -1422
59 420.50568 876.2842 0.019607844 -1439
60 421.60962 893.8869 0.019607844 -1455
61 421.60962 921.4309 0.019607844 -1472
62 418.6124 943.01373 0.019607844 -1505
63 418.6124 962.7756 0.019607844 -1538
64 418.6124 970.2048 0.019607844 -1571
65 418.6124 976.05 0.019607844 -1587
66 418.6124 981.6381 0.019607844 -1604
67 418.6124 987.0251 0.019607844 -1620
68 418.6124 991.7105 0.019607844 -1637
69 418.6124 995.43414 0.019607844 -1653
70 418.6124 996.7197 0.019607844 -1670
71 418.6124 998.54694 0.019607844 -1686
72 418.6124 1000.3341 0.019607844 -1703
73 418.6124 1002.1201 0.019607844 -1720
74 418.6124 1002.47784 0.019607844 -1736
75 418.6124 1002.47784 0.019607844 -1753
76 418.6124 1002.47784 0.019607844 -1769
77 418.6124 1002.47784 0.019607844 -1780
78 418.6124 1002.47784 0.019607844 -1802
79 420.07727 1002.47784 0.01764706 -1835
80 420.61053 1002.47784 0.015686275 -1852
81 420.61053 1002.47784 0.015686275 -1857
0 738.3164 406.78812 0.023529414 -246
1 734.486 406.78812 0.023529414 -246
2 734.32007 406.78812 0.021568628 -291
3 733.3015 406.78812 0.021568628 -316
4 733.321 406.78812 0.023529414 -340
5 733.321 406.78812 0.021568628 -373
6 733.321 406.78812 0.021568628 -390
7 733.321 406.78812 0.021568628 -406
8 733.321 406.78812 0.021568628 -423
9 733.321 406.78812 0.021568628 -439
10 733.321 406.78812 0.019607844 -456
11 733.321 406.78812 0.019607844 -473
12 733.321 406.78812 0.019607844 -489
13 732.30084 406.78812 0.019607844 -506
14 730.5319 406.78812 0.019607844 -522
15 727.11896 406.78812 0.019607844 -539
16 722.4705 406.78812 0.019607844 -555
17 709.3111 408.79352 0.019607844 -572
18 678.2165 408.78708 0.019607844 -605
19 640.1825 409.78656 0.019607844 -638
20 617.0804 409.78656 0.019607844 -671
21 592.13965 408.83292 0.019607844 -687
22 560.4732 408.78708 0.019607844 -704
23 507.7136 405.4677 0.019607844 -720
24 488.3807 404.78915 0.019607844 -753
25 469.8142 403.9626 0.019607844 -770
26 449.60147 402.7902 0.019607844 -786
27 436.5936 402.7902 0.019607844 -803
28 427.54697 402.7902 0.019607844 -819
29 419.7466 402.7902 0.021568628 -836
30 414.44333 402.7902 0.021568628 -852
31 408.89874 402.7902 0.021568628 -869
32 407.15076 402.7902 0.021568628 -902
33 405.52316 402.7902 0.019607844 -919
34 403.75104 402.7902 0.019607844 -935
35 402.03928 404.3778 0.019607844 -952
36 401.6281 408.75873 0.019607844 -968
37 401.6281 414.96808 0.019607844 -985
38 399.83813 423.52933 0.019607844 -1001
39 398.08224 435.06848 0.019607844 -1018
40 396.31323 445.6867 0.019607844 -1034
41 394.56647 456.1716 0.019607844 -1051
42 396.45145 475.57468 0.019607844 -1067
43 396.63275 495.01898 0.019607844 -1084
44 397.35266 512.05676 0.019607844 -1100
45 401.56366 548.1338 0.019607844 -1117
46 403.10333 569.0397 0.019607844 -1150
47 405.12137 588.6582 0.019607844 -1166
48 405.62442 621.04736 0.019607844 -1183
49 409.62073 665.2595 0.019607844 -1216
50 410.60416 685.5333 0.019607844 -1249
51 412.92874 707.05365 0.019607844 -1265
52 413.61703 723.509 0.019607844 -1282
53 413.61703 741.07074 0.019607844 -1299
54 416.36084 764.5579 0.019607844 -1315
55 416.61426 784.13165 0.019607844 -1332
56 416.61426 799.4664 0.019607844 -1348
57 418.87234 818.135 0.019607844 -1365
58 420.61053 851.49097 0.019607844 -1381
59 420.0005 864.824 0.019607844 -1414
60 421.02075 880.826 0.019607844 -1431
61 422.83997 892.92377 0.019607844 -1447
62 422.6087 902.92456 0.019607844 -1464
63 422.6087 913.0067 0.019607844 -1480
64 422.17603 927.816 0.019607844 -1497
65 420.61053 936.6942 0.019607844 -1530
66 420.61053 940.3005 0.019607844 -1563
67 422.3005 946.58154 0.019607844 -1579
68 424.11072 951.5112 0.019607844 -1596
69 425.60593 954.7904 0.019607844 -1612
70 425.60593 958.3891 0.019607844 -1629
71 425.60593 959.50024 0.019607844 -1662
72 425.60593 959.50024 0.019607844 -1679
73 425.60593 959.50024 0.019607844 -1704
74 429.22183 961.4992 0.01764706 -1744
75 429.60223 961.4992 0.015686275 -1778
76 429.60223 961.4992 0.015686275 -1781
0 695.35614 404.78915 0.021568628 -177
1 695.35614 404.78915 0.021568628 -186
2 695.35614 404.78915 0.021568628 -250
3 695.35614 404.78915 0.021568628 -278
4 695.35614 404.78915 0.021568628 -388
5 695.35614 404.78915 0.021568628 -405
6 695.35614 404.78915 0.021568628 -421
7 695.35614 404.78915 0.019607844 -429
8 695.35614 404.78915 0.019607844 -478
9 693.29193 404.78915 0.019607844 -515
10 689.3221 404.78915 0.019607844 -554
11 684.77325 404.78915 0.019607844 -571
12 679.16736 404.78915 0.019607844 -587
13 648.59296 404.78915 0.019607844 -604
14 627.5735 404.78915 0.019607844 -654
15 594.58014 402.60336 0.019607844 -682
16 576.06775 400.75504 0.019607844 -715
17 556.73157 400.79126 0.019607844 -731
18 536.8378 398.34833 0.019607844 -748
19 518.4447 396.2297 0.019607844 -764
20 501.89688 395.79385 0.019607844 -781
21 467.79807 392.82108 0.019607844 -798
22 440.05313 389.79697 0.019607844 -831
23 429.45618 389.79697 0.019607844 -864
24 420.6591 389.79697 0.019607844 -880
25 411.54132 387.7825 0.019607844 -897
26 403.38623 385.98886 0.019607844 -913
27 398.04776 384.27194 0.019607844 -930
28 394.1241 383.8001 0.019607844 -946
29 390.67264 383.8001 0.019607844 -963
30 387.95236 383.8001 0.019607844 -979
31 386.26425 383.8001 0.019607844 -996
32 384.52713 383.8001 0.019607844 -1012
33 383.64478 384.62265 0.019607844 -1029
34 382.6457 386.3454 0.019607844 -1045
35 382.6457 389.41956 0.019607844 -1062
36 382.6457 394.04578 0.019607844 -1079
37 382.6457 399.3025 0.019607844 -1095
38 382.6457 416.95688 0.019607844 -1112
39 384.83212 433.4701 0.019607844 -1145
40 385.6429 446.99417 0.019607844 -1161
41 386.4739 468.56873 0.019607844 -1178
42 388.2517 490.46783 0.019607844 -1194
43 390.07425 510.5239 0.019607844 -1211
44 390.83798 531.3212 0.019607844 -1227
45 394.44452 579.8441 0.019607844 -1244
46 396.63275 624.9922 0.019607844 -1277
47 396.63275 644.3812 0.019607844 -1310
48 398.73212 667.8679 0.019607844 -1326
49 399.62997 691.185 0.019607844 -1343
50 401.35193 715.3102 0.019607844 -1359
51 401.6281 733.9683 0.019607844 -1376
52 401.6281 752.09674 0.019607844 -1393
53 401.6281 767.31134 0.019607844 -1409
54 403.63654 789.7219 0.019607844 -1426
55 403.62628 809.0109 0.019607844 -1442
56 403.62628 825.415 0.019607844 -1459
57 403.62628 841.88025 0.019607844 -1475
58 403.62628 857.0641 0.019607844 -1492
59 403.62628 869.4464 0.019607844 -1508
60 405.56134 884.9076 0.019607844 -1525
61 408.37814 900.5811 0.019607844 -1541
62 410.19876 912.9957 0.019607844 -1558
63 410.6198 922.44025 0.019607844 -1574
64 410.6198 929.1791 0.019607844 -1591
65 410.61227 934.5359 0.019607844 -1607
66 409.62073 942.68604 0.019607844 -1624
67 409.62073 946.3665 0.019607844 -1657
68 409.62073 948.66064 0.019607844 -1673
69 409.62073 951.52905 0.019607844 -1690
70 410.445 954.9777 0.019607844 -1707
71 410.6198 962.4209 0.019607844 -1723
72 410.6198 963.76086 0.019607844 -1756
73 410.6198 965.5961 0.019607844 -1773
74 410.6198 967.4014 0.019607844 -1789
75 410.6198 969.22095 0.019607844 -1806
76 410.6198 969.49506 0.019607844 -1822
77 410.6198 969.49506 0.019607844 -1839
78 410.6198 969.49506 0.019607844 -1872
79 410.6198 969.49506 0.01764706 -1954
80 410.6198 969.49506 0.01764706 -1971
0 694.35706 397.79282 0.021568628 -150
1 692.5239 397.79282 0.021568628 -150
2 690.7567 397.79282 0.021568628 -167
3 688.98157 397.79282 0.021568628 -183
4 687.2539 397.79282 0.021568628 -200
5 685.3654 397.79282 0.021568628 -217
6 684.36633 396.29358 0.021568628 -250
7 684.36633 396.79333 0.021568628 -277
8 684.36633 395.7354 0.021568628 -306
9 684.36633 395.79385 0.021568628 -332
10 684.36633 395.79385 0.019607844 -481
11 684.36633 395.79385 0.019607844 -497
12 683.3329 395.79385 0.019607844 -514
13 681.54645 395.79385 0.019607844 -531
14 678.17804 395.79385 0.019607844 -547
15 666.4584 395.79385 0.019607844 -564
16 656.1679 396.8254 0.019607844 -597
17 638.87024 397.6305 0.019607844 -613
18 620.7799 398.457 0.019607844 -630
19 600.2409 399.79178 0.019607844 -646
20 579.35504 399.79178 0.019607844 -663
21 558.3524 399.79178 0.019607844 -679
22 502.80002 398.7923 0.019607844 -696
23 460.67792 395.6216 0.019607844 -729
24 424.2358 394.79437 0.019607844 -762
25 410.75702 394.18686 0.019607844 -795
26 390.3107 392.71347 0.019607844 -811
27 378.2502 391.79593 0.019607844 -845
28 370.95847 391.79593 0.021568628 -878
29 367.45502 391.79593 0.021568628 -911
30 365.71005 391.79593 0.019607844 -944
31 365.66144 393.4869 0.019607844 -960
32 365.66144 396.58167 0.019607844 -977
33 365.66144 401.2327 0.019607844 -993
34 365.66144 406.19843 0.019607844 -1010
35 365.66144 422.4764 0.019607844 -1026
36 367.5686 448.85577 0.019607844 -1059
37 369.3478 464.2765 0.019607844 -1092
38 369.6577 478.52805 0.019607844 -1109
39 369.6577 491.21136 0.019607844 -1126
40 372.7089 511.21985 0.019607844 -1142
41 374.70938 547.58105 0.019607844 -1159
42 377.13416 570.01996 0.019607844 -1192
43 378.85605 585.5565 0.019607844 -1208
44 381.70084 609.08966 0.019607844 -1225
45 383.4585 630.62054 0.019607844 -1241
46 385.85757 650.5577 0.019607844 -1258
47 389.40988 670.8881 0.019607844 -1274
48 391.54535 709.98535 0.019607844 -1291
49 394.6346 747.1176 0.019607844 -1324
50 397.9451 778.00574 0.019607844 -1357
51 402.3504 813.9137 0.019607844 -1390
52 404.34253 830.3029 0.019607844 -1423
53 405.62442 859.05444 0.019607844 -1440
54 408.58878 887.24176 0.019607844 -1473
55 410.46738 900.463 0.019607844 -1506
56 411.61887 911.53534 0.019607844 -1522
57 411.61887 920.953 0.019607844 -1539
58 411.61887 928.77155 0.019607844 -1555
59 413.5361 945.1027 0.019607844 -1572
60 415.3692 953.51855 0.019607844 -1605
61 416.61426 959.15247 0.019607844 -1621
62 416.61426 967.9434 0.019607844 -1638
63 416.61426 973.2561 0.019607844 -1671
64 416.61426 975.09155 0.019607844 -1704
65 416.61426 976.8605 0.019607844 -1721
66 416.61426 978.71643 0.019607844 -1737
67 416.61426 979.4898 0.019607844 -1754
68 416.61426 979.4898 0.019607844 -1770
69 416.61426 979.4898 0.019607844 -1784
70 418.0717 979.4898 0.019607844 -1803
71 419.8655 980.74347 0.019607844 -1820
72 420.61053 981.4888 0.01764706 -1836
73 420.61053 981.4888 0.01764706 -1842
0 742.3127 396.79333 0.023529414 -263
1 739.3154 396.79333 0.021568628 -263
2 739.3154 396.79333 0.021568628 -309
3 739.3154 396.79333 0.021568628 -326
4 739.3154 396.79333 0.021568628 -342
5 739.3154 396.79333 0.021568628 -359
6 739.3154 396.79333 0.021568628 -373
7 739.3154 396.79333 0.021568628 -408
8 739.3154 396.79333 0.021568628 -441
9 739.3154 396.79333 0.019607844 -475
10 739.3154 396.79333 0.019607844 -491
11 739.3154 396.79333 0.019607844 -508
12 738.2639 396.79333 0.019607844 -524
13 735.67035 396.79333 0.019607844 -541
14 726.99677 396.79333 0.019607844 -557
15 705.305 399.796 0.019607844 -590
16 687.24097 400.79126 0.019607844 -623
17 664.6007 401.7907 0.019607844 -640
18 640.4185 401.7907 0.019607844 -656
19 582.6293 399.73984 0.019607844 -673
20 535.3418 394.97803 0.019607844 -706
21 503.86526 390.61118 0.019607844 -722
22 452.463 382.641 0.019607844 -738
23 425.0759 379.9001 0.019607844 -771
24 406.80212 379.8022 0.019607844 -787
25 394.0186 379.8022 0.019607844 -804
26 385.00558 379.8022 0.019607844 -820
27 377.4135 378.99335 0.019607844 -837
28 371.6134 378.2817 0.019607844 -853
29 368.2746 377.80322 0.019607844 -870
30 365.753 377.80322 0.019607844 -887
31 362.41888 377.80322 0.019607844 -903
32 361.66513 377.80322 0.019607844 -936
33 361.66513 378.55594 0.019607844 -953
34 361.66513 380.30127 0.019607844 -969
35 363.89188 388.71277 0.019607844 -986
36 366.6524 394.7701 0.019607844 -1002
37 368.3788 401.3904 0.019607844 -1019
38 370.13123 410.15616 0.019607844 -1035
39 371.80737 420.69067 0.019607844 -1052
40 375.6018 437.57047 0.019607844 -1068
41 379.12506 456.14288 0.019607844 -1085
42 381.14044 472.1942 0.019607844 -1101
43 385.1816 493.70313 0.019607844 -1118
44 386.71707 511.48502 0.019607844 -1134
45 389.36688 536.26733 0.019607844 -1151
46 392.27502 561.64276 0.019607844 -1167
47 395.85318 609.75836 0.019607844 -1184
48 399.19388 662.8532 0.019607844 -1217
49 401.25058 693.97 0.019607844 -1250
50 404.77756 745.7448 0.019607844 -1266
51 405.6716 769.2133 0.019607844 -1299
52 407.4634 794.87805 0.019607844 -1316
53 409.2503 818.12476 0.019607844 -1332
54 412.08304 839.6732 0.019607844 -1349
55 413.61703 873.8847 0.019607844 -1365
56 416.4298 894.4265 0.019607844 -1398
57 418.29025 910.9461 0.019607844 -1415
58 418.6124 923.9943 0.019607844 -1431
59 418.6124 935.34515 0.019607844 -1448
60 418.6124 943.8449 0.019607844 -1464
61 419.61148 955.13434 0.019607844 -1481
62 420.61053 963.4292 0.019607844 -1497
63 420.61053 969.1544 0.019607844 -1514
64 420.61053 974.59357 0.019607844 -1530
65 420.61053 977.86597 0.019607844 -1547
66 420.61053 979.5095 0.019607844 -1563
67 420.61053 981.33026 0.019607844 -1580
68 420.61053 982.4883 0.019607844 -1596
69 420.61053 983.93317 0.019607844 -1613
70 420.61053 983.48773 0.019607844 -1629
71 420.61053 983.48773 0.019607844 -1646
72 420.61053 983.48773 0.019607844 -1662
73 420.61053 983.48773 0.01764706 -1695
74 420.61053 983.48773 0.015686275 -1728
75 420.61053 983.48773 0.015686275 -1733
0 760.296 385.79904 0.019607844 -235
1 760.296 385.79904 0.021568628 -235
2 760.296 385.79904 0.021568628 -245
3 760.296 385.79904 0.021568628 -275
4 760.296 385.79904 0.021568628 -308
5 760.296 385.79904 0.021568628 -341
6 760.296 385.79904 0.021568628 -353
7 760.296 385.79904 0.019607844 -440
8 754.9753 385.79904 0.019607844 -468
9 751.28424 385.79904 0.019607844 -506
10 747.6569 385.79904 0.019607844 -523
11 741.7854 385.79904 0.019607844 -539
12 733.1249 385.79904 0.019607844 -556
13 718.4852 386.79852 0.019607844 -572
14 701.74915 387.798 0.019607844 -589
15 683.27155 387.798 0.019607844 -605
16 660.3633 387.798 0.019607844 -622
17 637.4642 389.04282 0.019607844 -639
18 603.72076 388.7975 0.019607844 -655
19 572.93335 386.9434 0.019607844 -672
20 543.12164 385.1509 0.019607844 -688
21 468.6797 379.8109 0.019607844 -705
22 439.13596 376.97314 0.019607844 -754
23 417.18976 375.80426 0.019607844 -771
24 377.49484 375.80426 0.019607844 -787
25 363.5699 375.80426 0.019607844 -837
26 358.343 375.80426 0.019607844 -870
27 355.87915 375.80426 0.019607844 -887
28 352.5456 375.80426 0.019607844 -903
29 351.67438 377.7574 0.019607844 -936
30 352.67346 387.2006 0.019607844 -953
31 355.86343 397.75742 0.019607844 -986
32 357.65723 406.7301 0.019607844 -1003
33 360.4519 416.92554 0.019607844 -1019
34 363.38565 431.08984 0.019607844 -1036
35 368.61127 447.62457 0.019607844 -1052
36 372.92844 463.99017 0.019607844 -1069
37 376.42664 486.77228 0.019607844 -1085
38 381.08105 507.62207 0.019607844 -1102
39 383.1452 525.72614 0.019607844 -1118
40 386.17636 547.18567 0.019607844 -1135
41 389.9196 569.38715 0.019607844 -1151
42 396.46246 601.7775 0.019607844 -1168
43 399.14954 626.54785 0.019607844 -1184
44 404.99176 675.0494 0.019607844 -1201
45 406.79788 697.9056 0.019607844 -1234
46 411.0706 753.49164 0.019607844 -1251
47 413.12137 775.6426 0.019607844 -1284
48 413.61703 796.0905 0.019607844 -1299
49 415.4661 834.47614 0.019607844 -1316
50 415.61517 856.3877 0.019607844 -1349
51 416.2079 874.6633 0.019607844 -1365
52 418.01947 893.60004 0.019607844 -1382
53 417.6133 906.98065 0.019607844 -1398
54 417.6133 921.88513 0.019607844 -1415
55 418.44263 938.8118 0.019607844 -1431
56 419.31085 953.3972 0.019607844 -1448
57 419.61148 965.0932 0.019607844 -1465
58 419.61148 974.3821 0.019607844 -1481
59 419.61148 982.1091 0.019607844 -1498
60 419.61148 988.53687 0.019607844 -1514
61 419.61148 993.9499 0.019607844 -1531
62 419.61148 997.65137 0.019607844 -1547
63 419.61148 999.9081 0.019607844 -1564
64 419.61148 1001.66064 0.019607844 -1580
65 419.61148 1002.47784 0.019607844 -1597
66 419.61148 1002.47784 0.019607844 -1613
67 419.61148 1002.47784 0.019607844 -1630
68 419.61148 1002.47784 0.01764706 -1646
69 420.61053 1002.47784 0.01764706 -1648
0 759.29694 409.78656 0.021568628 -185
1 756.6454 409.13284 0.021568628 -185
2 754.83246 408.78708 0.021568628 -209
3 753.0603 408.78708 0.021568628 -226
4 751.25336 408.78708 0.021568628 -242
5 749.4846 408.78708 0.021568628 -259
6 748.3071 408.78708 0.021568628 -275
7 748.3071 408.78708 0.021568628 -300
8 748.3071 408.78708 0.021568628 -357
9 748.3071 408.78708 0.021568628 -408
10 748.3071 408.78708 0.021568628 -457
11 748.3071 408.78708 0.019607844 -481
12 748.3071 408.78708 0.019607844 -504
13 748.3071 408.78708 0.019607844 -523
14 746.8501 408.78708 0.019607844 -556
15 742.343 408.78708 0.019607844 -573
16 725.9888 408.78708 0.019607844 -606
17 710.3056 408.18372 0.019607844 -639
18 692.993 407.7876 0.019607844 -655
19 672.069 407.7876 0.019607844 -672
20 617.12634 404.874 0.019607844 -688
21 557.8305 398.1702 0.019607844 -722
22 510.45078 392.61606 0.019607844 -755
23 461.4986 390.04065 0.019607844 -788
24 428.143 386.52527 0.019607844 -821
25 415.68845 384.66724 0.019607844 -854
26 406.24258 382.92432 0.019607844 -870
27 399.83777 381.20413 0.019607844 -887
28 391.71658 380.80167 0.019607844 -903
29 387.34525 380.80167 0.019607844 -936
30 385.57736 380.80167 0.019607844 -969
31 383.91287 380.80167 0.019607844 -986
32 382.23196 380.80167 0.019607844 -1002
33 381.57413 382.8732 0.019607844 -1019
34 381.64664 389.3924 0.019607844 -1035
35 381.64664 400.98624 0.019607844 -1069
36 382.49734 411.59778 0.019607844 -1102
37 384.24255 423.56607 0.019607844 -1118
38 385.99326 436.2276 0.019607844 -1135
39 387.74768 446.40775 0.019607844 -1151
40 389.55173 457.23645 0.019607844 -1168
41 391.3169 474.8655 0.019607844 -1184
42 393.10602 489.50522 0.019607844 -1201
43 394.6346 516.6429 0.019607844 -1217
44 396.63275 547.0251 0.019607844 -1250
45 396.63275 563.00543 0.019607844 -1283
46 397.68457 593.21893 0.019607844 -1300
47 399.48068 615.88605 0.019607844 -1333
48 399.62997 635.17944 0.019607844 -1349
49 400.8949 673.31006 0.019607844 -1366
50 401.53244 713.192 0.019607844 -1399
51 402.6272 735.98157 0.019607844 -1432
52 402.6272 754.13617 0.019607844 -1449
53 401.29922 770.5613 0.019607844 -1465
54 403.78397 791.3239 0.019607844 -1482
55 404.62534 811.26984 0.019607844 -1498
56 405.4224 831.1407 0.019607844 -1515
57 406.6235 849.8641 0.019607844 -1531
58 406.6235 866.4668 0.019607844 -1548
59 406.6235 880.5105 0.019607844 -1564
60 407.73795 897.6874 0.019607844 -1581
61 407.62256 916.8746 0.019607844 -1597
62 407.62256 948.506 0.019607844 -1614
63 407.62256 960.2976 0.019607844 -1647
64 407.62256 982.41614 0.019607844 -1663
65 407.62256 1002.1681 0.019607844 -1696
66 407.62256 1008.97614 0.019607844 -1730
67 407.62256 1014.4172 0.019607844 -1746
68 407.62256 1017.7703 0.019607844 -1763
69 408.62164 1020.45435 0.019607844 -1779
70 412.23337 1027.0801 0.019607844 -1796
71 412.61795 1028.9303 0.019607844 -1829
72 412.61795 1030.4633 0.01764706 -1845
73 412.61795 1030.4633 0.01764706 -1878
0 727.32654 429.77615 0.021568628 -221
1 725.6811 429.77615 0.021568628 -221
2 723.9241 429.77615 0.021568628 -236
3 722.22894 429.77615 0.021568628 -253
4 721.4632 428.9078 0.021568628 -269
5 720.7451 428.77667 0.021568628 -286
6 720.333 428.77667 0.021568628 -302
7 720.333 428.77667 0.021568628 -319
8 720.333 428.77667 0.023529414 -335
9 720.333 428.77667 0.023529414 -352
10 720.333 428.77667 0.021568628 -368
11 720.333 428.77667 0.021568628 -379
12 720.333 428.77667 0.021568628 -418
13 720.333 428.77667 0.021568628 -448
14 720.333 428.77667 0.019607844 -484
15 720.333 428.77667 0.019607844 -501
16 718.02094 428.77667 0.019607844 -515
17 716.1938 428.77667 0.019607844 -550
18 708.2249 428.77667 0.019607844 -567
19 689.6739 428.77667 0.019607844 -600
20 672.78723 428.77667 0.019607844 -633
21 653.04333 428.77667 0.019607844 -649
22 625.10834 427.81332 0.019607844 -666
23 570.6858 424.19333 0.019607844 -682
24 475.8731 415.96133 0.019607844 -715
25 456.49414 412.6555 0.019607844 -781
26 440.1347 409.01855 0.019607844 -798
27 428.03162 407.70593 0.019607844 -815
28 419.1547 406.78812 0.019607844 -831
29 411.18994 406.1811 0.019607844 -848
30 405.60535 405.78864 0.019607844 -864
31 399.9165 405.78864 0.021568628 -881
32 396.59552 405.78864 0.021568628 -914
33 394.8027 405.78864 0.019607844 -947
34 393.10397 406.3204 0.019607844 -963
35 391.36063 408.06448 0.019607844 -980
36 389.65308 409.7727 0.019607844 -996
37 389.63922 414.6078 0.019607844 -1013
38 389.63922 430.33423 0.019607844 -1029
39 390.6383 452.12445 0.019607844 -1062
40 392.07346 467.6847 0.019607844 -1095
41 393.7736 483.99152 0.019607844 -1112
42 393.63553 500.43515 0.019607844 -1128
43 393.63553 522.2747 0.019607844 -1145
44 393.63553 560.9898 0.019607844 -1162
45 393.63553 579.2321 0.019607844 -1195
46 394.6346 602.2509 0.019607844 -1211
47 394.034 623.68677 0.019607844 -1228
48 393.63553 641.3779 0.019607844 -1244
49 393.78098 660.4029 0.019607844 -1261
50 393.63553 678.37524 0.019607844 -1277
51 393.63553 699.3212 0.019607844 -1294
52 395.20105 719.8617 0.019607844 -1310
53 395.63367 738.2345 0.019607844 -1327
54 396.63275 754.8874 0.019607844 -1343
55 399.41183 795.96515 0.019607844 -1360
56 402.0261 831.5505 0.019607844 -1393
57 403.62628 848.96173 0.019607844 -1426
58 404.62534 864.4289 0.019607844 -1442
59 404.62534 879.81683 0.019607844 -1459
60 406.35327 898.0979 0.019607844 -1475
61 406.6235 925.0334 0.019607844 -1492
62 406.6235 946.6306 0.019607844 -1525
63 409.62073 971.8051 0.019607844 -1558
64 410.6198 981.1545 0.019607844 -1591
65 410.6198 988.9025 0.019607844 -1608
66 410.6198 996.1973 0.019607844 -1624
67 410.6198 1004.1527 0.019607844 -1641
68 410.6198 1007.1313 0.019607844 -1674
69 410.6198 1008.94617 0.019607844 -1690
70 410.6198 1010.7688 0.019607844 -1707
71 410.6198 1010.4737 0.019607844 -1723
72 412.6452 1011.5004 0.01764706 -1740
73 413.61703 1011.47314 0.015686275 -1756
74 413.61703 1011.47314 0.015686275 -1765
0 734.32007 366.80893 0.021568628 -300
1 732.3219 366.80893 0.021568628 -300
2 732.3219 366.80893 0.021568628 -325
3 732.3219 366.80893 0.021568628 -342
4 732.3219 366.80893 0.021568628 -352
5 732.3219 366.80893 0.021568628 -374
6 732.3219 366.80893 0.019607844 -425
7 730.53033 366.80893 0.019607844 -440
8 728.7597 366.80893 0.019607844 -491
9 726.9795 366.80893 0.019607844 -507
10 725.16705 366.80893 0.019607844 -524
11 719.3476 366.80893 0.019607844 -540
12 710.41644 368.62894 0.019607844 -557
13 698.7513 370.46442 0.019607844 -573
14 683.49445 370.80685 0.019607844 -590
15 643.2219 372.00464 0.019607844 -606
16 610.95984 371.80634 0.019607844 -640
17 552.83685 369.80737 0.019607844 -656
18 526.1057 369.34467 0.019607844 -689
19 499.17844 366.36124 0.019607844 -706
20 473.02484 366.80893 0.019607844 -722
21 445.47705 365.0163 0.019607844 -739
22 409.91968 364.81 0.019607844 -755
23 398.3887 364.81 0.019607844 -788
24 378.34372 362.3501 0.019607844 -805
25 370.04166 360.689 0.019607844 -838
26 360.77435 360.81207 0.021568628 -854
27 356.9053 360.81207 0.019607844 -887
28 355.6707 363.88458 0.019607844 -921
29 355.6707 367.57297 0.019607844 -954
30 357.22958 374.04666 0.019607844 -970
31 359.02313 381.2236 0.019607844 -987
32 362.882 393.44897 0.019607844 -1003
33 364.5222 402.94827 0.019607844 -1020
34 366.27344 411.84842 0.019607844 -1036
35 368.01227 420.54602 0.019607844 -1053
36 371.31384 448.71207 0.019607844 -1069
37 373.2923 467.1362 0.019607844 -1102
38 375.05746 484.79477 0.019607844 -1119
39 378.94632 510.51715 0.019607844 -1135
40 380.59555 530.15137 0.019607844 -1152
41 384.37363 563.3788 0.019607844 -1168
42 384.64386 588.01953 0.019607844 -1185
43 387.23953 611.868 0.019607844 -1201
44 387.64108 635.0224 0.019607844 -1218
45 389.3834 662.0944 0.019607844 -1235
46 390.6383 688.8465 0.019607844 -1251
47 393.0088 732.2274 0.019607844 -1268
48 398.33618 787.2301 0.019607844 -1301
49 399.62997 811.0118 0.019607844 -1334
50 399.62997 829.5679 0.019607844 -1350
51 400.958 850.50806 0.019607844 -1367
52 404.4958 891.5631 0.019607844 -1383
53 406.3967 912.25464 0.019607844 -1416
54 406.6235 929.18835 0.019607844 -1433
55 406.6235 942.36145 0.019607844 -1449
56 406.6235 952.644 0.019607844 -1466
57 406.66122 963.7623 0.019607844 -1482
58 406.6235 974.7482 0.019607844 -1499
59 407.2714 983.08203 0.019607844 -1516
60 407.62256 994.9994 0.019607844 -1532
61 407.62256 999.6541 0.019607844 -1565
62 407.62256 1005.1258 0.019607844 -1582
63 407.62256 1006.9695 0.019607844 -1615
64 407.62256 1008.76355 0.019607844 -1631
65 407.62256 1008.47473 0.019607844 -1648
66 407.62256 1008.47473 0.019607844 -1664
67 407.62256 1008.47473 0.01764706 -1681
68 407.62256 1008.47473 0.01764706 -1681
0 718.3349 391.79593 0.021568628 -230
1 715.94336 391.79593 0.021568628 -230
2 714.1764 391.79593 0.021568628 -252
3 712.4914 391.79593 0.021568628 -269
4 710.80164 391.79593 0.021568628 -285
5 710.12463 391.79593 0.021568628 -302
6 709.3432 390.79645 0.021568628 -318
7 709.3432 390.79645 0.021568628 -351
8 709.3432 390.79645 0.021568628 -368
9 709.3432 390.79645 0.021568628 -384
10 709.3432 390.79645 0.021568628 -401
11 709.3432 390.79645 0.021568628 -434
12 709.3432 390.79645 0.019607844 -467
13 709.3432 390.79645 0.019607844 -483
14 709.3432 390.79645 0.019607844 -500
15 709.3432 390.79645 0.019607844 -516
16 709.3432 390.79645 0.019607844 -533
17 708.56445 390.79645 0.019607844 -550
18 705.0145 390.79645 0.019607844 -566
19 688.8852 391.87537 0.019607844 -599
20 673.35144 393.6866 0.019607844 -632
21 652.5778 393.7949 0.019607844 -649
22 631.2669 393.7949 0.019607844 -665
23 606.0245 393.7949 0.019607844 -682
24 581.96564 393.7949 0.019607844 -698
25 545.5138 392.849 0.019607844 -715
26 519.5571 392.7954 0.019607844 -731
27 476.87375 391.5895 0.019607844 -748
28 440.1503 390.79645 0.019607844 -781
29 418.43423 390.79645 0.019607844 -814
30 410.58423 390.79645 0.019607844 -847
31 404.53937 390.79645 0.021568628 -864
32 400.85855 390.79645 0.021568628 -880
33 395.9171 390.79645 0.021568628 -897
34 392.52444 391.908 0.019607844 -930
35 390.81668 394.43747 0.019607844 -963
36 389.11865 398.35568 0.019607844 -979
37 387.42242 403.4464 0.019607844 -996
38 389.3075 422.4558 0.019607844 -1012
39 391.7779 444.6123 0.019607844 -1045
40 397.08655 473.0247 0.019607844 -1078
41 400.69073 491.053 0.019607844 -1112
42 402.8882 508.34775 0.019607844 -1128
43 406.76642 527.5121 0.019607844 -1145
44 409.4879 549.2516 0.019607844 -1161
45 409.62073 567.1174 0.019607844 -1178
46 411.04068 584.90784 0.019607844 -1194
47 411.61887 604.1212 0.019607844 -1211
48 411.61887 625.7729 0.019607844 -1227
49 412.61795 647.9067 0.019607844 -1244
50 412.61795 667.78436 0.019607844 -1260
51 412.61795 689.0893 0.019607844 -1277
52 413.82574 710.3457 0.019607844 -1293
53 413.61703 733.8955 0.019607844 -1310
54 414.6161 777.79456 0.019607844 -1326
55 414.6161 798.9667 0.019607844 -1359
56 413.61703 839.26556 0.019607844 -1376
57 413.61703 877.02167 0.019607844 -1409
58 412.61795 892.4922 0.019607844 -1442
59 412.61795 907.64886 0.019607844 -1459
60 412.61795 921.1845 0.019607844 -1475
61 412.61795 933.88477 0.019607844 -1492
62 411.61887 955.47003 0.019607844 -1508
63 412.61795 977.15576 0.019607844 -1541
64 412.61795 985.6325 0.019607844 -1574
65 412.61795 992.8729 0.019607844 -1591
66 412.61795 999.23474 0.019607844 -1607
67 412.61795 1003.91675 0.019607844 -1624
68 412.61795 1007.58563 0.019607844 -1640
69 412.61795 1012.6397 0.019607844 -1657
70 412.61795 1014.4716 0.019607844 -1690
71 412.61795 1014.4716 0.019607844 -1723
72 412.61795 1014.4716 0.01764706 -1740
73 412.61795 1014.4716 0.015686275 -1756
74 412.61795 1014.4716 0.015686275 -1759
0 721.3321 399.79178 0.021568628 -220
1 719.77704 399.79178 0.021568628 -220
2 718.06036 399.79178 0.021568628 -234
3 716.3229 399.79178 0.021568628 -250
4 714.5789 399.79178 0.021568628 -267
5 712.87646 399.79178 0.021568628 -283
6 711.2112 399.79178 0.021568628 -300
7 709.4775 399.79178 0.021568628 -316
8 709.3432 399.79178 0.021568628 -333
9 709.3432 399.79178 0.021568628 -349
10 709.3432 399.79178 0.021568628 -366
11 709.3432 399.79178 0.021568628 -382
12 708.0907 399.79178 0.021568628 -399
13 708.3441 399.79178 0.021568628 -415
14 707.34503 399.79178 0.021568628 -432
15 707.34503 399.79178 0.019607844 -448
16 706.346 399.79178 0.019607844 -465
17 705.8056 399.79178 0.019607844 -498
18 705.3469 399.79178 0.019607844 -514
19 701.4586 399.79178 0.019607844 -531
20 693.6874 403.34668 0.019607844 -564
21 685.2853 405.20496 0.019607844 -597
22 673.06537 406.97537 0.019607844 -614
23 656.7504 408.8583 0.019607844 -630
24 630.86273 409.68326 0.019607844 -647
25 607.98865 411.48972 0.019607844 -663
26 559.3672 410.78604 0.019607844 -680
27 532.1176 409.62732 0.019607844 -713
28 504.54398 410.7299 0.019607844 -729
29 479.83813 411.78552 0.019607844 -746
30 440.3917 409.78656 0.019607844 -762
31 427.28558 408.78708 0.019607844 -795
32 416.87506 408.78708 0.019607844 -812
33 409.58777 408.78708 0.019607844 -828
34 402.5558 408.78708 0.019607844 -845
35 398.67865 408.78708 0.019607844 -861
36 394.3007 408.78708 0.019607844 -878
37 390.88855 408.78708 0.019607844 -911
38 389.13742 410.28857 0.019607844 -944
39 387.47916 411.9475 0.019607844 -961
40 385.6986 415.67203 0.019607844 -977
41 387.34482 425.99896 0.019607844 -994
42 387.64108 436.54184 0.019607844 -1010
43 388.85565 447.06155 0.019607844 -1027
44 388.64014 457.88644 0.019607844 -1043
45 391.42297 476.8201 0.019607844 -1060
46 393.1666 493.04947 0.019607844 -1076
47 394.94382 508.21124 0.019607844 -1093
48 396.73343 525.73376 0.019607844 -1109
49 398.48245 545.78436 0.019607844 -1126
50 399.62997 565.9303 0.019607844 -1142
51 402.01843 587.38226 0.019607844 -1159
52 404.62534 624.9104 0.019607844 -1175
53 407.37964 652.25635 0.019607844 -1208
54 409.1615 675.1327 0.019607844 -1225
55 412.73157 714.87854 0.019607844 -1241
56 412.61795 736.78033 0.019607844 -1274
57 413.3469 758.09 0.019607844 -1291
58 414.6161 776.6095 0.019607844 -1308
59 415.92184 793.34924 0.019607844 -1324
60 415.61517 808.7906 0.019607844 -1341
61 419.3032 845.78235 0.019607844 -1357
62 419.61148 861.28094 0.019607844 -1390
63 419.61148 875.08417 0.019607844 -1407
64 420.7959 890.2061 0.019607844 -1423
65 422.60046 904.4547 0.019607844 -1440
66 422.6087 917.10095 0.019607844 -1456
67 422.6087 936.0252 0.019607844 -1473
68 424.5595 955.2656 0.019607844 -1506
69 425.60593 964.8066 0.019607844 -1539
70 425.60593 972.16455 0.019607844 -1555
71 425.60593 978.00244 0.019607844 -1572
72 425.60593 982.1405 0.019607844 -1588
73 425.60593 984.6798 0.019607844 -1605
74 425.60593 986.4981 0.019607844 -1621
75 425.60593 986.4862 0.019607844 -1638
76 425.60593 986.4862 0.019607844 -1671
77 425.60593 986.4862 0.01764706 -1704
78 426.605 987.48566 0.01764706 -1718
0 753.3025 409.78656 0.021568628 -126
1 753.3025 409.78656 0.021568628 -187
2 753.3025 409.78656 0.021568628 -217
3 753.3025 409.78656 0.021568628 -234
4 753.3025 409.78656 0.021568628 -267
5 753.3025 409.78656 0.021568628 -300
6 753.3025 409.78656 0.021568628 -315
7 753.3025 409.78656 0.021568628 -350
8 753.3025 409.78656 0.021568628 -362
9 753.3025 409.78656 0.019607844 -383
10 753.3025 409.78656 0.019607844 -416
11 753.3025 409.78656 0.019607844 -432
12 753.3025 409.78656 0.019607844 -449
13 750.75775 409.78656 0.019607844 -465
14 747.08875 409.78656 0.019607844 -482
15 741.49005 409.78656 0.019607844 -498
16 733.60767 409.78656 0.019607844 -515
17 723.88556 410.3603 0.019607844 -531
18 718.33484 411.28577 0.019607844 -548
19 711.1305 411.18723 0.019607844 -556
20 679.6983 411.78552 0.019607844 -564
21 626.43005 410.07285 0.019607844 -597
22 600.8804 409.21597 0.019607844 -630
23 575.0765 408.78708 0.019607844 -647
24 552.20764 408.78708 0.019607844 -664
25 525.1023 405.757 0.019607844 -680
26 496.17697 403.97787 0.019607844 -697
27 471.51767 401.2039 0.019607844 -713
28 453.03876 399.43777 0.019607844 -730
29 437.525 398.7923 0.019607844 -746
30 424.79028 398.7923 0.019607844 -763
31 407.47888 398.7923 0.019607844 -779
32 401.52402 398.7923 0.019607844 -812
33 397.20215 398.7923 0.019607844 -829
34 393.85477 398.7923 0.019607844 -845
35 389.90207 399.5288 0.019607844 -862
36 386.54367 403.9864 0.019607844 -895
37 383.64478 412.36057 0.019607844 -928
38 383.64478 417.61682 0.019607844 -961
39 385.6775 426.95068 0.019607844 -977
40 387.4196 439.77573 0.019607844 -994
41 389.1779 453.53137 0.019607844 -1010
42 390.9579 467.3156 0.019607844 -1027
43 392.71927 481.41248 0.019607844 -1044
44 394.47302 497.96167 0.019607844 -1060
45 395.25204 515.9114 0.019607844 -1077
46 397.04272 536.6446 0.019607844 -1093
47 401.5162 577.02734 0.019607844 -1110
48 403.41153 608.45905 0.019607844 -1143
49 404.78433 633.7839 0.019607844 -1159
50 407.01428 657.74207 0.019607844 -1176
51 407.76135 679.3134 0.019607844 -1192
52 409.624 703.6563 0.019607844 -1209
53 410.6198 733.6531 0.019607844 -1225
54 411.84045 758.76807 0.019607844 -1242
55 413.61703 782.1441 0.019607844 -1258
56 414.62668 820.68896 0.019607844 -1275
57 415.61517 859.1401 0.019607844 -1308
58 416.8074 888.2773 0.019607844 -1341
59 418.7386 903.53986 0.019607844 -1374
60 419.61148 926.7472 0.019607844 -1390
61 419.61148 941.4075 0.019607844 -1424
62 419.61148 949.38873 0.019607844 -1457
63 420.61053 955.83276 0.019607844 -1490
64 420.61053 960.6213 0.019607844 -1506
65 420.61053 964.2419 0.019607844 -1523
66 420.61053 965.6431 0.019607844 -1539
67 420.61053 967.4903 0.019607844 -1556
68 420.61053 967.4961 0.019607844 -1572
69 420.61053 967.4961 0.019607844 -1586
70 420.61053 967.4961 0.019607844 -1622
71 420.61053 967.4961 0.01764706 -1627
0 714.33856 383.8001 0.021568628 -187
1 712.8002 383.8001 0.023529414 -187
2 709.363 383.8001 0.023529414 -201
3 706.9618 383.8001 0.023529414 -234
4 707.34503 383.8001 0.023529414 -267
5 707.34503 383.8001 0.023529414 -300
6 707.34503 383.8001 0.023529414 -317
7 707.34503 383.8001 0.023529414 -333
8 707.34503 383.8001 0.021568628 -350
9 707.34503 383.8001 0.021568628 -366
10 707.34503 383.8001 0.023529414 -383
11 707.34503 383.8001 0.021568628 -400
12 707.34503 383.8001 0.021568628 -416
13 706.346 383.8001 0.021568628 -433
14 704.7506 383.8001 0.021568628 -449
15 703.01215 383.8001 0.019607844 -466
16 703.34875 383.8001 0.021568628 -482
17 702.521 383.8001 0.019607844 -499
18 700.76825 383.8001 0.019607844 -515
19 698.97107 383.8001 0.019607844 -532
20 697.2055 383.8001 0.019607844 -548
21 694.5386 383.8001 0.019607844 -565
22 690.98035 383.8001 0.019607844 -581
23 685.9486 383.8001 0.019607844 -598
24 680.58563 383.8001 0.019607844 -614
25 672.0729 384.87573 0.019607844 -631
26 661.5008 385.64008 0.019607844 -647
27 646.25916 386.44153 0.019607844 -664
28 615.3883 387.798 0.019607844 -680
29 595.66455 386.79852 0.019607844 -713
30 554.50775 386.79852 0.019607844 -730
31 518.3164 384.79956 0.019607844 -763
32 500.57553 384.79956 0.019607844 -796
33 484.14423 384.088 0.019607844 -813
34 469.6566 383.8001 0.019607844 -829
35 460.41428 382.80063 0.019607844 -846
36 451.5405 382.80063 0.019607844 -862
37 442.0007 382.80063 0.019607844 -879
38 433.6286 382.80063 0.019607844 -895
39 428.3286 382.80063 0.019607844 -912
40 421.994 382.80063 0.019607844 -928
41 417.49927 382.80063 0.019607844 -945
42 414.0275 382.80063 0.021568628 -961
43 411.62592 382.80063 0.021568628 -978
44 409.94644 382.80063 0.021568628 -994
45 408.26547 382.80063 0.021568628 -1011
46 406.55005 382.80063 0.021568628 -1027
47 404.87363 383.5517 0.021568628 -1044
48 403.20245 385.22357 0.019607844 -1060
49 401.5078 389.03815 0.019607844 -1077
50 398.0567 397.51712 0.019607844 -1093
51 397.63184 406.20807 0.019607844 -1126
52 397.63184 415.80447 0.019607844 -1143
53 397.63184 428.6923 0.019607844 -1160
54 399.10556 447.6175 0.019607844 -1176
55 401.6281 485.40405 0.019607844 -1193
56 401.6281 501.49997 0.019607844 -1226
57 405.3527 524.5509 0.019607844 -1242
58 408.2587 548.3549 0.019607844 -1259
59 411.43304 573.80597 0.019607844 -1275
60 413.61703 612.49426 0.019607844 -1292
61 416.4326 643.11945 0.019607844 -1325
62 418.22653 664.4056 0.019607844 -1341
63 418.6124 684.0257 0.019607844 -1358
64 421.75458 704.0843 0.019607844 -1374
65 422.6087 741.1295 0.019607844 -1391
66 427.00153 781.56165 0.019607844 -1424
67 430.56436 819.37 0.019607844 -1457
68 437.86978 869.19855 0.019607844 -1490
69 442.931 901.91797 0.019607844 -1523
70 442.5902 911.2484 0.019607844 -1556
71 442.5902 918.62695 0.019607844 -1573
72 441.59113 923.1958 0.019607844 -1589
73 441.59113 926.13293 0.019607844 -1606
74 441.59113 927.95496 0.019607844 -1622
75 441.59113 929.7531 0.019607844 -1639
76 441.59113 929.51587 0.019607844 -1655
77 441.59113 929.51587 0.019607844 -1672
78 442.3986 931.3231 0.019607844 -1688
79 443.58926 932.5143 0.019607844 -1705
80 444.58835 933.5138 0.019607844 -1715
0 720.333 374.80478 0.021568628 -221
1 720.333 374.80478 0.021568628 -221
2 720.333 374.80478 0.021568628 -233
3 720.333 374.80478 0.019607844 -264
4 720.333 374.80478 0.019607844 -299
5 720.333 374.80478 0.019607844 -313
6 720.333 374.80478 0.021568628 -349
7 720.333 374.80478 0.019607844 -398
8 720.333 374.80478 0.021568628 -415
9 720.333 374.80478 0.021568628 -431
10 720.333 374.80478 0.021568628 -443
11 720.333 374.80478 0.019607844 -463
12 720.333 374.80478 0.019607844 -498
13 720.333 374.80478 0.019607844 -514
14 719.39185 374.80478 0.019607844 -547
15 717.56445 374.80478 0.019607844 -580
16 715.7876 375.80426 0.019607844 -597
17 712.68024 377.1335 0.019607844 -613
18 709.0381 378.95532 0.019607844 -630
19 701.638 381.70532 0.019607844 -646
20 689.98425 385.33554 0.019607844 -663
21 676.8135 388.93738 0.019607844 -679
22 659.6171 392.54996 0.019607844 -696
23 638.43835 394.9585 0.019607844 -712
24 580.8798 399.60202 0.019607844 -729
25 553.6153 400.79126 0.019607844 -762
26 527.5378 400.79126 0.019607844 -778
27 503.64523 400.79126 0.019607844 -795
28 482.8047 400.79126 0.019607844 -811
29 457.85727 399.09793 0.019607844 -828
30 439.37292 398.7923 0.019607844 -845
31 429.16232 398.7923 0.019607844 -861
32 415.167 398.7923 0.019607844 -878
33 407.93124 398.7923 0.019607844 -911
34 404.5599 398.7923 0.019607844 -944
35 402.4012 398.7923 0.019607844 -960
36 400.7222 399.6986 0.019607844 -977
37 398.07712 402.89874 0.019607844 -993
38 394.75565 410.42282 0.019607844 -1010
39 394.6346 426.71896 0.019607844 -1043
40 396.7599 437.5356 0.019607844 -1076
41 398.578 451.34134 0.019607844 -1092
42 402.01758 472.3979 0.019607844 -1109
43 405.50266 490.1354 0.019607844 -1125
44 405.62442 505.61478 0.019607844 -1142
45 407.62256 542.18835 0.019607844 -1158
46 406.2958 576.65155 0.019607844 -1192
47 409.62073 618.1896 0.019607844 -1225
48 413.03046 663.6091 0.019607844 -1258
49 412.61795 684.0448 0.019607844 -1291
50 413.69656 705.7467 0.019607844 -1307
51 414.6161 730.0709 0.019607844 -1324
52 417.01816 772.8529 0.019607844 -1340
53 417.6133 809.0172 0.019607844 -1373
54 418.50235 830.0258 0.019607844 -1406
55 419.61148 850.2709 0.019607844 -1423
56 419.1441 866.7587 0.019607844 -1439
57 417.35077 881.64307 0.019607844 -1456
58 419.69827 898.2271 0.019607844 -1472
59 419.61148 912.5944 0.019607844 -1489
60 417.9228 924.65985 0.019607844 -1505
61 417.14703 933.8472 0.019607844 -1522
62 414.58713 949.62134 0.019607844 -1538
63 416.50012 960.8141 0.019607844 -1572
64 416.61426 969.96063 0.019607844 -1588
65 416.61426 977.41003 0.019607844 -1605
66 416.61426 989.71893 0.019607844 -1621
67 416.61426 998.85706 0.019607844 -1654
68 416.61426 1004.7967 0.019607844 -1687
69 416.61426 1006.5906 0.019607844 -1720
70 416.61426 1007.4752 0.019607844 -1737
71 416.61426 1008.47473 0.01764706 -1770
72 416.61426 1008.47473 0.01764706 -1781
0 705.3469 398.7923 0.021568628 -197
1 705.3469 397.79282 0.021568628 -197
2 705.3469 397.79282 0.021568628 -217
3 705.3469 397.79282 0.021568628 -250
4 705.3469 397.79282 0.021568628 -283
5 705.3469 397.79282 0.021568628 -316
6 705.3469 397.79282 0.021568628 -333
7 705.3469 397.79282 0.021568628 -350
8 705.3469 397.79282 0.021568628 -366
9 705.3469 397.79282 0.019607844 -383
10 705.3469 397.79282 0.019607844 -399
11 705.3469 397.79282 0.019607844 -416
12 704.7841 397.79282 0.019607844 -432
13 703.08923 397.79282 0.019607844 -449
14 701.36127 397.79282 0.019607844 -465
15 699.6191 398.52554 0.019607844 -482
16 697.8731 398.7923 0.019607844 -498
17 696.11523 400.03186 0.019607844 -515
18 693.2312 401.85416 0.019607844 -531
19 686.9822 403.6661 0.019607844 -548
20 677.35913 405.45776 0.019607844 -564
21 651.1835 410.0631 0.019607844 -581
22 633.3395 410.8934 0.019607844 -614
23 612.18066 413.5516 0.019607844 -630
24 564.3229 414.78397 0.019607844 -647
25 519.95215 412.73782 0.019607844 -680
26 474.50415 412.50217 0.019607844 -713
27 455.7009 410.29858 0.019607844 -746
28 441.9277 409.5788 0.019607844 -763
29 430.8341 409.78656 0.019607844 -779
30 421.3184 409.78656 0.019607844 -796
31 413.97916 409.78656 0.019607844 -812
32 408.47055 409.78656 0.019607844 -829
33 404.04407 409.78656 0.019607844 -845
34 400.69186 409.78656 0.019607844 -862
35 398.55917 409.78656 0.019607844 -878
36 396.83798 409.78656 0.019607844 -895
37 395.15 409.78656 0.019607844 -911
38 393.5174 409.78656 0.019607844 -928
39 390.6383 417.03137 0.019607844 -944
40 390.6383 425.4448 0.019607844 -977
41 390.6383 433.98346 0.019607844 -994
42 390.6383 443.98297 0.019607844 -1010
43 390.6383 457.6323 0.019607844 -1027
44 391.6374 487.8023 0.019607844 -1043
45 392.63644 503.85156 0.019607844 -1076
46 393.28305 522.4943 0.019607844 -1093
47 395.04587 543.65643 0.019607844 -1110
48 395.80276 561.40027 0.019607844 -1126
49 395.63367 579.48145 0.019607844 -1143
50 399.12787 626.643 0.019607844 -1159
51 401.29083 648.9674 0.019607844 -1192
52 403.62628 692.0548 0.019607844 -1209
53 406.6235 743.1638 0.019607844 -1242
54 406.6235 763.18335 0.019607844 -1275
55 408.78763 785.58466 0.019607844 -1292
56 411.34845 825.0517 0.019607844 -1308
57 412.27536 845.1307 0.019607844 -1341
58 412.61795 860.35767 0.019607844 -1358
59 412.61795 871.1992 0.019607844 -1374
60 412.61795 881.21216 0.019607844 -1391
61 413.53918 892.9116 0.019607844 -1407
62 415.34818 904.19275 0.019607844 -1424
63 416.16452 912.724 0.019607844 -1441
64 416.61426 920.0505 0.019607844 -1457
65 416.61426 927.2712 0.019607844 -1474
66 416.61426 937.54297 0.019607844 -1490
67 416.61426 948.8225 0.019607844 -1523
68 416.61426 953.30273 0.019607844 -1556
69 416.61426 960.76196 0.019607844 -1573
70 416.61426 967.06647 0.019607844 -1589
71 416.61426 972.41364 0.019607844 -1606
72 416.61426 976.4758 0.019607844 -1622
73 416.61426 980.11127 0.019607844 -1639
74 416.61426 981.60693 0.019607844 -1655
75 416.61426 985.1495 0.019607844 -1672
76 416.61426 986.0336 0.019607844 -1705
77 416.61426 986.4862 0.01764706 -1721
78 416.61426 986.4862 0.01764706 -1725
