0 981.0916 841.56165 0.019607844 -102
1 976.35443 840.5622 0.019607844 -151
2 967.53314 839.5627 0.019607844 -185
3 949.82336 839.5627 0.019607844 -217
4 925.55414 839.5627 0.019607844 -251
5 894.4947 840.1932 0.019607844 -284
6 879.2167 841.0581 0.019607844 -317
7 847.9 841.56165 0.019607844 -333
8 804.5917 841.56165 0.019607844 -366
9 758.761 841.56165 0.019607844 -399
10 706.3117 839.48883 0.019607844 -432
11 669.64484 837.634 0.019607844 -466
12 644.3064 835.86487 0.019607844 -482
13 622.99023 834.07166 0.019607844 -499
14 604.7636 832.56635 0.019607844 -515
15 577.10956 832.56635 0.019607844 -532
16 561.4482 832.56635 0.019607844 -564
17 552.72345 832.56635 0.019607844 -597
18 549.1315 832.56635 0.019607844 -630
19 545.6087 832.56635 0.019607844 -647
20 542.0551 833.78723 0.019607844 -663
21 537.3713 837.6948 0.019607844 -680
22 531.2907 848.14954 0.019607844 -696
23 514.26337 887.7391 0.019607844 -713
24 497.7372 943.5841 0.019607844 -746
25 487.2213 996.2223 0.019607844 -779
26 479.28302 1039.666 0.019607844 -796
27 474.83423 1072.2502 0.019607844 -812
28 467.0736 1118.3689 0.019607844 -829
29 458.75073 1170.3083 0.019607844 -845
30 450.86078 1223.1194 0.019607844 -862
31 444.07465 1262.5419 0.019607844 -878
32 438.24118 1309.495 0.01764706 -895
33 434.5976 1371.301 0.019607844 -911
34 432.73962 1418.894 0.019607844 -944
35 434.32318 1445.9509 0.019607844 -961
36 434.5976 1473.4172 0.019607844 -978
37 434.5976 1500.0448 0.01764706 -994
38 435.8184 1516.4293 0.019607844 -1011
39 437.59482 1529.2632 0.019607844 -1027
40 438.29184 1565.0685 0.01764706 -1043
41 439.13583 1574.892 0.01764706 -1076
42 439.59296 1582.5376 0.01764706 -1093
43 440.59204 1594.3038 0.019607844 -1109
44 440.59204 1599.969 0.019607844 -1142
45 440.59204 1603.8855 0.019607844 -1175
46 440.59204 1604.1644 0.019607844 -1208
47 440.59204 1605.164 0.01764706 -1211
0 913.1545 412.785 0.019607844 -58
1 913.1545 412.785 0.019607844 -58
2 913.1545 412.785 0.019607844 -67
3 907.6245 407.02045 0.019607844 -100
4 892.1106 404.78915 0.019607844 -133
5 880.75275 404.78915 0.019607844 -166
6 868.27014 404.78915 0.019607844 -183
7 851.5678 403.60712 0.021568628 -199
8 830.5259 402.7902 0.021568628 -216
9 784.6959 395.48288 0.021568628 -232
10 740.92346 397.79282 0.021568628 -265
11 690.31604 399.86636 0.021568628 -298
12 624.4516 400.79126 0.021568628 -331
13 569.2123 400.79126 0.021568628 -364
14 538.8516 399.62628 0.021568628 -397
15 500.98068 390.8705 0.019607844 -414
16 451.32877 381.2803 0.019607844 -430
17 433.49484 379.4575 0.019607844 -464
18 421.74823 378.63055 0.019607844 -480
19 411.89838 380.68982 0.019607844 -497
20 404.4764 383.51663 0.021568628 -513
21 399.09814 385.31006 0.021568628 -530
22 394.98135 387.12482 0.021568628 -546
23 391.392 388.92023 0.021568628 -563
24 385.90964 394.43857 0.021568628 -579
25 381.24844 401.58792 0.019607844 -596
26 377.7238 408.64014 0.019607844 -612
27 368.51968 452.45993 0.019607844 -629
28 365.7761 492.87402 0.021568628 -662
29 364.66235 545.2675 0.021568628 -678
30 366.56082 649.86316 0.021568628 -695
31 371.3583 691.7994 0.019607844 -728
32 375.74335 775.1172 0.021568628 -744
33 382.39127 832.9821 0.019607844 -761
34 387.25577 885.6704 0.019607844 -777
35 398.58606 978.67804 0.019607844 -794
36 398.8059 1023.372 0.021568628 -827
37 397.63184 1097.8156 0.021568628 -843
38 394.34885 1133.6246 0.019607844 -876
39 392.63644 1146.1904 0.019607844 -909
40 391.6374 1151.3604 0.019607844 -943
41 391.6374 1153.2046 0.019607844 -976
42 390.6383 1156.8975 0.019607844 -992
43 390.6383 1157.4487 0.019607844 -1025
44 390.6383 1158.3966 0.019607844 -1058
45 390.6383 1158.3966 0.019607844 -1065
0 974.0981 613.68036 0.01764706 -19
1 974.0981 613.68036 0.01764706 -19
2 974.0981 613.68036 0.01764706 -52
3 970.46014 613.68036 0.01764706 -85
4 956.49005 613.68036 0.01764706 -118
5 943.3678 613.68036 0.019607844 -151
6 930.2474 613.68036 0.019607844 -168
7 911.90796 613.68036 0.019607844 -184
8 888.2156 613.68036 0.019607844 -201
9 830.2614 614.6798 0.019607844 -218
10 774.5249 616.6788 0.019607844 -251
11 713.3783 618.67773 0.019607844 -284
12 675.7103 618.67773 0.019607844 -317
13 644.1469 618.67773 0.019607844 -333
14 616.9258 617.6783 0.019607844 -350
15 592.8574 617.6783 0.019607844 -366
16 574.1175 617.6783 0.019607844 -383
17 555.58966 616.6099 0.019607844 -399
18 521.6338 615.6793 0.019607844 -416
19 512.33673 615.6793 0.019607844 -449
20 505.81522 615.6793 0.019607844 -465
21 501.51413 615.6793 0.019607844 -482
22 494.9844 615.6793 0.019607844 -498
23 491.39886 615.6793 0.019607844 -531
24 486.09573 618.1322 0.019607844 -564
25 477.8731 643.0605 0.019607844 -597
26 475.36917 682.4115 0.019607844 -630
27 474.5606 729.57605 0.019607844 -647
28 474.5606 764.29333 0.019607844 -663
29 476.12433 813.70557 0.019607844 -680
30 477.9037 870.3167 0.019607844 -696
31 482.47577 991.50745 0.019607844 -713
32 485.41437 1061.9064 0.019607844 -746
33 488.2495 1121.6569 0.019607844 -763
34 491.152 1179.7344 0.019607844 -779
35 492.54395 1234.9777 0.019607844 -796
36 492.54395 1267.3632 0.019607844 -812
37 492.54395 1309.0078 0.019607844 -829
38 490.50574 1322.5918 0.019607844 -845
39 488.7068 1338.1879 0.019607844 -862
40 486.89117 1347.9299 0.019607844 -878
41 485.04233 1354.8201 0.019607844 -895
42 483.55228 1358.6166 0.019607844 -911
43 483.55228 1362.3726 0.019607844 -928
44 483.55228 1364.2292 0.019607844 -961
45 483.55228 1366.0321 0.019607844 -977
46 483.55228 1367.2878 0.019607844 -994
47 483.55228 1368.2874 0.019607844 -1010
48 479.55597 1349.2972 0.023529414 -1031
0 968.10364 607.6835 0.019607844 -9
1 968.10364 601.11127 0.019607844 -9
2 968.10364 597.46765 0.019607844 -27
3 964.2651 593.84863 0.019607844 -44
4 955.64215 587.45746 0.019607844 -77
5 935.2448 589.9522 0.01764706 -110
6 895.11304 582.6304 0.019607844 -143
7 867.82275 579.7398 0.019607844 -176
8 839.1536 579.69806 0.019607844 -193
9 815.43994 581.89764 0.019607844 -209
10 810.24976 582.6965 0.019607844 -226
11 810.24976 582.6965 0.019607844 -229
12 709.3432 614.6798 0.019607844 -256
13 670.9647 614.6798 0.019607844 -256
14 642.47345 614.6798 0.019607844 -292
15 615.7559 614.6798 0.019607844 -308
16 590.10876 614.6798 0.019607844 -325
17 571.8724 614.6798 0.019607844 -341
18 551.27325 614.6798 0.019607844 -358
19 522.6424 614.6798 0.019607844 -374
20 508.85977 614.6798 0.019607844 -407
21 502.04877 614.6798 0.019607844 -440
22 498.42737 614.6798 0.019607844 -473
23 492.22363 614.6798 0.019607844 -490
24 489.6638 616.56165 0.019607844 -523
25 479.06302 646.1437 0.019607844 -539
26 469.3822 694.73737 0.019607844 -572
27 466.60214 752.8559 0.019607844 -606
28 465.5689 793.1909 0.019607844 -622
29 467.62048 843.94275 0.019607844 -639
30 469.8501 889.0951 0.019607844 -655
31 472.69394 936.6179 0.019607844 -672
32 474.5606 1007.62476 0.019607844 -688
33 477.55783 1113.2191 0.019607844 -705
34 477.55783 1199.7677 0.019607844 -738
35 478.5569 1248.4366 0.019607844 -771
36 477.35794 1272.5385 0.019607844 -787
37 476.55875 1310.099 0.019607844 -804
38 475.55966 1322.6654 0.019607844 -820
39 473.6052 1329.1766 0.019607844 -837
40 473.56152 1333.991 0.019607844 -853
41 473.56152 1337.0569 0.019607844 -870
42 473.56152 1338.941 0.019607844 -886
43 473.56152 1342.6364 0.019607844 -903
44 473.56152 1343.8 0.019607844 -936
45 473.56152 1343.3003 0.01764706 -946
46 472.56244 1343.3003 0.01764706 -969
47 472.56244 1343.3003 0.01764706 -975
0 996.0777 804.58093 0.01764706 -17
1 996.0777 804.58093 0.01764706 -17
2 996.0777 804.58093 0.01764706 -37
3 993.0417 804.58093 0.01764706 -70
4 988.38165 804.58093 0.01764706 -87
5 985.0879 804.58093 0.01764706 -103
6 985.0879 804.58093 0.01764706 -113
7 941.1286 805.5804 0.01764706 -139
8 934.28033 805.5804 0.01764706 -139
9 934.28033 805.5804 0.01764706 -167
10 908.1591 805.5804 0.01764706 -192
11 846.4026 805.5804 0.01764706 -192
12 784.80066 805.5804 0.01764706 -233
13 755.30066 804.58093 0.01764706 -266
14 726.32745 804.58093 0.019607844 -282
15 685.3654 804.58093 0.01764706 -309
16 666.383 804.58093 0.019607844 -309
17 620.42554 804.58093 0.019607844 -345
18 604.4403 804.58093 0.019607844 -345
19 577.46533 803.5814 0.019607844 -372
20 564.47736 803.5814 0.019607844 -372
21 546.494 802.582 0.019607844 -391
22 516.9108 801.88104 0.019607844 -391
23 496.0355 794.3336 0.019607844 -416
24 485.06805 790.5882 0.019607844 -448
25 481.5178 790.5882 0.019607844 -481
26 477.9571 790.5882 0.019607844 -497
27 476.43985 790.5882 0.019607844 -514
28 471.85394 796.0037 0.019607844 -530
29 466.50787 812.8174 0.019607844 -547
30 457.95554 860.89465 0.019607844 -563
31 455.3062 898.5265 0.019607844 -596
32 452.74173 955.6859 0.019607844 -613
33 450.86453 1007.57886 0.019607844 -629
34 449.04895 1061.4349 0.019607844 -646
35 447.21344 1107.3623 0.019607844 -662
36 446.5865 1160.0403 0.019607844 -679
37 446.5865 1215.2181 0.019607844 -695
38 446.5865 1293.24 0.019607844 -712
39 447.58557 1351.0647 0.019607844 -728
40 447.58557 1404.2196 0.019607844 -745
41 446.13498 1444.0944 0.01764706 -761
42 444.20187 1491.8936 0.01764706 -778
43 442.36905 1507.2073 0.01764706 -794
44 439.44632 1533.9622 0.019607844 -811
45 437.57166 1550.3779 0.019607844 -827
46 435.69513 1559.7935 0.019607844 -844
47 435.59668 1568.3201 0.019607844 -860
48 435.59668 1570.6819 0.019607844 -893
49 435.59668 1572.5702 0.019607844 -910
50 435.59668 1574.3688 0.019607844 -926
51 435.59668 1575.1796 0.019607844 -943
52 435.59668 1576.1791 0.019607844 -960
53 435.59668 1576.1791 0.01764706 -976
0 992.0814 842.56116 0.01764706 -93
1 986.59534 831.33026 0.01764706 -93
2 975.5419 820.4066 0.01764706 -117
3 960.3795 815.8923 0.01764706 -150
4 920.7185 809.5426 0.01764706 -167
5 887.13513 806.7021 0.01764706 -200
6 857.13574 806.5799 0.01764706 -216
7 800.21204 806.5799 0.01764706 -233
8 738.0685 806.5799 0.01764706 -266
9 662.2566 805.5804 0.01764706 -299
10 634.55334 805.5804 0.019607844 -332
11 607.63635 805.5804 0.01764706 -348
12 569.4629 805.5804 0.019607844 -365
13 546.1293 805.5804 0.019607844 -398
14 533.3436 805.5804 0.019607844 -431
15 529.7041 805.5804 0.019607844 -464
16 526.1078 805.5804 0.019607844 -480
17 524.03436 805.5804 0.019607844 -497
18 522.2366 805.5804 0.019607844 -513
19 515.2237 810.87695 0.019607844 -530
20 504.6255 830.8354 0.019607844 -563
21 496.45605 879.04785 0.01764706 -596
22 494.62234 919.7096 0.01764706 -629
23 494.54208 975.5085 0.019607844 -645
24 494.54208 1016.2532 0.01764706 -662
25 494.54208 1061.061 0.01764706 -678
26 494.54208 1115.8331 0.01764706 -695
27 494.54208 1174.3127 0.01764706 -711
28 494.54208 1296.7358 0.019607844 -728
29 492.84753 1350.0928 0.019607844 -761
30 490.9788 1385.8766 0.01764706 -777
31 489.1352 1427.0236 0.01764706 -794
32 487.2445 1446.9856 0.01764706 -810
33 485.42538 1475.8582 0.019607844 -827
34 483.56674 1500.0739 0.01764706 -843
35 482.5532 1518.477 0.019607844 -860
36 482.5532 1522.7144 0.019607844 -893
37 482.5532 1524.8503 0.019607844 -910
38 482.5532 1526.7306 0.01764706 -926
39 482.5532 1530.203 0.01764706 -943
40 482.5532 1530.203 0.01764706 -976
41 482.5532 1530.203 0.01764706 -980
0 951.1193 555.7106 0.01764706 0
1 951.1193 555.7106 0.019607844 0
2 946.4231 555.7106 0.019607844 -51
3 929.7933 555.7106 0.019607844 -108
4 896.1702 561.70746 0.019607844 -141
5 896.1702 561.70746 0.019607844 -167
6 829.2322 580.6975 0.019607844 -194
7 822.4229 579.69806 0.019607844 -194
8 788.27014 579.69806 0.019607844 -207
9 788.27014 579.69806 0.019607844 -230
10 688.3626 592.6913 0.019607844 -265
11 688.3626 592.6913 0.019607844 -265
12 577.46533 590.6923 0.019607844 -301
13 574.4681 588.69336 0.019607844 -301
14 574.4681 588.69336 0.019607844 -311
15 530.5088 560.70795 0.01764706 -338
16 524.64087 563.681 0.019607844 -338
17 513.92444 561.94073 0.019607844 -356
18 512.52545 561.70746 0.019607844 -372
19 512.52545 561.70746 0.019607844 -374
20 476.55875 560.70795 0.019607844 -402
21 476.55875 560.70795 0.019607844 -402
22 476.55875 560.70795 0.019607844 -438
23 474.23 565.3673 0.019607844 -455
24 474.23 565.3673 0.019607844 -488
25 466.568 616.6788 0.019607844 -521
26 466.568 619.61725 0.019607844 -521
27 465.01175 635.1308 0.019607844 -537
28 464.56985 662.38696 0.019607844 -554
29 464.56985 693.67017 0.019607844 -570
30 473.7336 838.7675 0.019607844 -587
31 477.56088 899.5777 0.019607844 -620
32 480.612 955.7567 0.019607844 -636
33 482.90253 1002.1217 0.019607844 -653
34 483.55228 1059.4398 0.019607844 -669
35 484.55133 1120.7253 0.019607844 -686
36 484.55133 1188.3922 0.019607844 -702
37 481.91852 1260.6016 0.019607844 -719
38 479.40402 1288.0022 0.019607844 -752
39 477.04922 1313.3883 0.019607844 -769
40 475.1184 1324.077 0.019607844 -785
41 473.56152 1330.0966 0.019607844 -802
42 473.56152 1333.9254 0.019607844 -818
43 473.56152 1338.5256 0.019607844 -835
44 473.56152 1341.3014 0.019607844 -868
45 473.56152 1341.3014 0.019607844 -901
46 473.56152 1341.3014 0.01764706 -934
47 473.56152 1341.3014 0.01764706 -950
48 473.56152 1341.3014 0.01764706 -961
0 963.1082 621.6762 0.01764706 -7
1 963.1082 621.6762 0.01764706 -7
2 963.1082 621.6762 0.01764706 -25
3 963.1082 621.6762 0.01764706 -41
4 961.8964 621.07007 0.01764706 -58
5 947.4076 618.67773 0.01764706 -91
6 924.47156 618.67773 0.01764706 -124
7 899.6778 619.67725 0.019607844 -157
8 877.2923 619.67725 0.01764706 -173
9 853.34125 625.15796 0.019607844 -190
10 826.36395 624.0695 0.01764706 -206
11 799.67725 628.1246 0.019607844 -223
12 767.3639 626.0944 0.01764706 -239
13 742.2268 630.26776 0.019607844 -256
14 723.33026 626.6736 0.019607844 -272
15 723.33026 626.6736 0.019607844 -280
16 612.4329 636.6684 0.019607844 -307
17 612.4329 636.6684 0.019607844 -307
18 588.45514 622.67566 0.01764706 -325
19 580.4625 623.6752 0.019607844 -325
20 580.4625 623.6752 0.019607844 -343
21 519.519 645.6637 0.019607844 -371
22 517.5208 644.66425 0.019607844 -371
23 517.5208 644.66425 0.019607844 -380
24 475.55966 621.6762 0.019607844 -407
25 475.55966 621.6762 0.019607844 -407
26 475.55966 621.6762 0.019607844 -426
27 472.56244 622.67566 0.019607844 -471
28 472.56244 622.67566 0.019607844 -471
29 472.56244 622.67566 0.019607844 -507
30 472.56244 622.67566 0.019607844 -507
31 466.568 678.64655 0.019607844 -553
32 466.568 682.0897 0.019607844 -553
33 465.14075 729.0484 0.019607844 -569
34 464.56985 770.48773 0.019607844 -602
35 465.5689 822.6184 0.019607844 -619
36 468.4994 911.6209 0.019607844 -635
37 470.3622 972.6052 0.019607844 -652
38 472.56244 1088.1237 0.019607844 -668
39 472.56244 1183.965 0.019607844 -701
40 469.44604 1234.9353 0.019607844 -734
41 465.4706 1266.0293 0.019607844 -751
42 459.75125 1297.0858 0.019607844 -767
43 456.7405 1316.1707 0.019607844 -784
44 454.93536 1324.8835 0.019607844 -801
45 453.0638 1330.3403 0.019607844 -817
46 451.2511 1333.9674 0.019607844 -834
47 449.33963 1336.5481 0.019607844 -850
48 449.5837 1338.3722 0.019607844 -867
49 449.5837 1340.228 0.019607844 -883
50 449.5837 1341.3014 0.019607844 -900
51 449.5837 1341.3014 0.01764706 -916
52 449.5837 1341.3014 0.01764706 -933
53 449.5837 1341.3014 0.01764706 -934
0 992.0814 809.5783 0.015686275 -8
1 992.0814 809.47656 0.01764706 -8
2 989.20447 807.57935 0.01764706 -17
3 987.3121 807.57935 0.01764706 -50
4 984.7487 807.57935 0.01764706 -67
5 980.3784 807.57935 0.01764706 -83
6 972.85803 807.57935 0.01764706 -100
7 945.3243 807.57935 0.01764706 -117
8 922.77106 807.57935 0.01764706 -150
9 895.09924 807.57935 0.01764706 -166
10 869.2517 807.57935 0.01764706 -183
11 840.84174 807.57935 0.01764706 -199
12 813.01514 807.57935 0.01764706 -216
13 781.67084 810.1539 0.01764706 -232
14 751.1332 814.92004 0.019607844 -249
15 706.8817 810.8192 0.01764706 -265
16 671.23303 814.1922 0.019607844 -282
17 640.5744 811.088 0.01764706 -298
18 611.0314 815.9258 0.019607844 -315
19 588.0213 811.4578 0.01764706 -331
20 569.9962 809.6365 0.01764706 -348
21 564.97687 809.07855 0.01764706 -364
22 551.4894 807.57935 0.01764706 -369
23 545.49493 807.57935 0.01764706 -383
24 536.50323 807.57935 0.01764706 -410
25 500.53653 865.5492 0.01764706 -410
26 498.5384 877.5429 0.01764706 -566
27 493.54303 920.52057 0.01764706 -594
28 492.54395 935.51276 0.01764706 -594
29 490.5458 988.48517 0.01764706 -621
30 491.4831 1454.5515 0.01764706 -621
31 488.38358 1477.7081 0.019607844 -793
32 486.54382 1486.2485 0.019607844 -810
33 485.5504 1491.9768 0.019607844 -826
34 485.5504 1495.8843 0.019607844 -843
35 485.5504 1497.9049 0.019607844 -859
36 485.5504 1499.8268 0.019607844 -876
37 485.5504 1501.7141 0.019607844 -893
38 485.5504 1502.2175 0.019607844 -909
39 485.5504 1502.2175 0.019607844 -926
40 485.5504 1501.218 0.01764706 -956
41 485.5504 1501.218 0.01764706 -966
0 984.0888 807.57935 0.015686275 -10
1 984.0888 807.57935 0.01764706 -10
2 984.0888 807.57935 0.01764706 -26
3 979.1014 806.5799 0.01764706 -39
4 972.4428 805.916 0.01764706 -76
5 963.24615 805.5804 0.01764706 -93
6 951.93854 805.5804 0.01764706 -109
7 937.54974 805.5804 0.01764706 -126
8 921.91925 805.5804 0.01764706 -142
9 896.3262 805.5804 0.01764706 -159
10 871.23804 805.5804 0.01764706 -175
11 844.0496 805.5804 0.01764706 -192
12 816.09546 805.5804 0.01764706 -208
13 785.6105 805.5804 0.01764706 -225
14 724.25775 805.5804 0.01764706 -241
15 679.49817 805.5804 0.01764706 -274
16 648.35614 805.5804 0.01764706 -291
17 622.73004 805.5804 0.01764706 -307
18 597.0333 805.5804 0.019607844 -324
19 575.33057 804.5685 0.01764706 -340
20 550.3256 804.58093 0.01764706 -357
21 532.6183 804.58093 0.019607844 -373
22 520.46375 804.58093 0.019607844 -390
23 505.57602 804.58093 0.019607844 -406
24 496.71735 804.58093 0.019607844 -439
25 492.9156 804.58093 0.01764706 -473
26 483.76016 828.94403 0.01764706 -489
27 480.1826 837.3095 0.01764706 -522
28 474.45584 887.4815 0.01764706 -539
29 468.87717 974.4219 0.01764706 -572
30 464.11853 1066.5759 0.01764706 -605
31 463.57077 1121.499 0.01764706 -638
32 462.5717 1175.2644 0.01764706 -654
33 462.50018 1232.9241 0.019607844 -671
34 463.57077 1301.0758 0.01764706 -687
35 463.57077 1349.3846 0.019607844 -704
36 461.4054 1433.2666 0.01764706 -720
37 459.29514 1469.3855 0.019607844 -753
38 457.4532 1499.8209 0.01764706 -770
39 454.51443 1524.756 0.019607844 -786
40 451.75415 1541.8175 0.019607844 -803
41 449.93375 1551.7904 0.019607844 -819
42 448.08514 1559.188 0.019607844 -836
43 446.21094 1562.9376 0.019607844 -852
44 446.5865 1565.376 0.019607844 -869
45 446.5865 1569.0914 0.019607844 -885
46 446.5865 1572.9895 0.019607844 -918
47 446.5865 1573.1805 0.01764706 -951
48 446.5865 1574.18 0.01764706 -953
0 944.1258 587.6939 0.013725491 0
1 944.1258 583.507 0.019607844 0
2 944.1258 581.697 0.01764706 -18
3 943.4795 579.69806 0.019607844 -34
4 941.5342 579.69806 0.019607844 -67
5 937.3873 579.69806 0.019607844 -84
6 929.0747 579.69806 0.019607844 -100
7 929.0747 579.69806 0.019607844 -117
8 889.1767 588.69336 0.019607844 -140
9 889.1767 588.69336 0.019607844 -140
10 842.22015 613.68036 0.01764706 -166
11 842.22015 613.68036 0.01764706 -166
12 784.2738 613.68036 0.01764706 -202
13 784.2738 613.68036 0.01764706 -202
14 604.4403 613.68036 0.01764706 -282
15 604.4403 613.68036 0.01764706 -282
16 484.55133 613.68036 0.019607844 -454
17 484.55133 613.68036 0.019607844 -454
18 484.55133 613.68036 0.019607844 -463
19 484.55133 613.68036 0.019607844 -496
20 481.47473 638.3031 0.019607844 -513
21 481.5541 685.56665 0.019607844 -546
22 481.5541 726.9446 0.019607844 -562
23 481.5541 757.06226 0.019607844 -579
24 481.5541 864.83203 0.019607844 -596
25 485.5504 997.9006 0.019607844 -629
26 487.95328 1117.4303 0.019607844 -662
27 487.54858 1139.3997 0.019607844 -695
28 486.43808 1184.0559 0.019607844 -711
29 485.5504 1229.203 0.019607844 -728
30 483.71606 1250.8729 0.019607844 -744
31 481.89023 1261.6606 0.019607844 -761
32 480.0371 1268.8943 0.019607844 -777
33 479.55597 1273.2299 0.019607844 -794
34 478.5569 1275.6904 0.019607844 -810
35 478.5569 1277.639 0.019607844 -827
36 478.5569 1281.287 0.019607844 -843
37 478.5569 1282.332 0.019607844 -876
38 478.5569 1282.332 0.01764706 -909
39 478.5569 1282.332 0.01764706 -937
0 1006.0685 803.5814 0.01764706 0
1 1006.0685 803.5814 0.01764706 0
2 1001.80334 803.5814 0.01764706 -42
3 987.9887 803.5814 0.01764706 -92
4 960.7101 803.5814 0.01764706 -125
5 960.7101 803.5814 0.01764706 -158
6 920.148 803.5814 0.01764706 -183
7 904.16284 803.5814 0.01764706 -183
8 874.19055 803.5814 0.01764706 -210
9 847.113 803.5814 0.01764706 -210
10 819.15784 803.5814 0.01764706 -224
11 786.56104 803.5814 0.01764706 -241
12 755.71014 803.5814 0.01764706 -257
13 715.14404 803.5814 0.01764706 -274
14 684.7857 803.5814 0.01764706 -290
15 657.37836 803.5814 0.01764706 -307
16 632.72064 803.5814 0.01764706 -323
17 609.7965 803.5814 0.01764706 -340
18 588.4667 803.5814 0.01764706 -356
19 573.94946 803.5814 0.01764706 -373
20 565.12573 803.5814 0.019607844 -389
21 557.9834 803.5814 0.01764706 -406
22 554.98615 803.5814 0.01764706 -422
23 553.11066 803.5814 0.01764706 -433
24 546.7436 803.5814 0.019607844 -439
25 544.9721 803.5814 0.019607844 -472
26 543.1896 803.5814 0.019607844 -488
27 541.36755 803.5814 0.01764706 -505
28 538.6665 807.24896 0.01764706 -521
29 536.50323 817.57416 0.019607844 -538
30 535.50415 824.5705 0.019607844 -548
31 533.50604 834.5653 0.01764706 -575
32 527.5969 924.3833 0.019607844 -575
33 526.5125 967.4089 0.01764706 -620
34 525.99854 1008.82117 0.01764706 -637
35 525.5134 1059.6887 0.01764706 -653
36 524.51434 1113.5646 0.01764706 -670
37 522.5961 1240.7532 0.01764706 -686
38 520.7227 1292.796 0.019607844 -719
39 517.1943 1344.8657 0.019607844 -736
40 512.9096 1382.1271 0.01764706 -753
41 507.4035 1429.3958 0.01764706 -769
42 504.0552 1445.6375 0.01764706 -786
43 501.5356 1463.2379 0.019607844 -802
44 498.5384 1485.2264 0.01764706 -809
45 494.54208 1506.2155 0.01764706 -835
46 488.58942 1537.8226 0.019607844 -835
47 486.63428 1548.769 0.019607844 -868
48 486.5495 1555.7739 0.019607844 -885
49 486.5495 1560.7908 0.019607844 -901
50 486.5495 1564.6788 0.019607844 -918
51 486.5495 1566.8567 0.019607844 -934
52 486.5495 1568.7991 0.019607844 -951
53 486.5495 1570.6815 0.019607844 -967
54 486.5495 1572.1812 0.019607844 -984
55 486.5495 1572.1812 0.019607844 -1000
56 487.54858 1570.1821 0.015686275 -1012
0 960.111 613.68036 0.01764706 0
1 960.111 613.68036 0.01764706 0
2 960.111 613.68036 0.01764706 -18
3 957.8227 613.68036 0.01764706 -34
4 942.9314 613.68036 0.01764706 -84
5 931.55725 613.68036 0.019607844 -117
6 889.95483 613.68036 0.019607844 -133
7 863.57294 613.68036 0.019607844 -166
8 834.7524 613.68036 0.019607844 -183
9 803.8367 613.68036 0.019607844 -199
10 768.6928 613.68036 0.019607844 -216
11 687.25104 613.68036 0.019607844 -232
12 646.91644 613.68036 0.019607844 -265
13 609.6322 613.68036 0.019607844 -282
14 579.3892 613.68036 0.019607844 -298
15 551.1043 613.68036 0.019607844 -315
16 526.8498 614.6798 0.019607844 -332
17 511.0075 614.6798 0.019607844 -348
18 499.6444 614.6798 0.019607844 -365
19 491.98346 614.6798 0.019607844 -381
20 485.97104 614.6798 0.019607844 -398
21 482.64035 614.6798 0.019607844 -414
22 477.13177 614.6798 0.019607844 -431
23 475.3118 614.6798 0.019607844 -464
24 473.48645 618.97815 0.019607844 -480
25 468.88004 636.41174 0.019607844 -497
26 466.568 653.2671 0.019607844 -513
27 463.7047 684.83887 0.019607844 -530
28 462.5717 720.05597 0.019607844 -546
29 461.57263 738.6153 0.019607844 -563
30 456.57724 737.6158 0.027450982 -570
31 461.57263 864.5497 0.019607844 -597
32 462.5717 912.31366 0.019607844 -597
33 464.77826 1023.5594 0.019607844 -629
34 465.6679 1105.7747 0.019607844 -662
35 467.56708 1167.1194 0.019607844 -678
36 467.56708 1229.4457 0.019607844 -694
37 464.02463 1324.4047 0.019607844 -710
38 460.2671 1381.0415 0.019607844 -743
39 458.07587 1390.2759 0.019607844 -776
40 456.2402 1395.2854 0.019607844 -793
41 456.57724 1400.3259 0.019607844 -809
42 456.57724 1404.2906 0.019607844 -842
43 456.57724 1404.2686 0.01764706 -875
44 456.57724 1404.2686 0.01764706 -909
45 456.57724 1404.2686 0.01764706 -909
0 944.1258 578.6986 0.01764706 -26
1 944.1258 578.6986 0.019607844 -26
2 944.1258 578.6986 0.019607844 -51
3 944.1258 578.6986 0.019607844 -67
4 944.1258 578.6986 0.019607844 -84
5 944.1258 578.6986 0.019607844 -100
6 944.1258 578.6986 0.019607844 -117
7 944.1258 578.6986 0.019607844 -133
8 944.1258 578.6986 0.019607844 -139
9 904.16284 612.6809 0.01764706 -174
10 904.16284 612.6809 0.01764706 -174
11 840.22205 613.68036 0.01764706 -218
12 840.22205 613.68036 0.01764706 -218
13 782.2757 613.68036 0.01764706 -245
14 782.2757 613.68036 0.01764706 -245
15 718.3349 614.6798 0.019607844 -280
16 706.8865 613.68036 0.01764706 -280
17 680.96747 613.68036 0.019607844 -298
18 651.5425 613.68036 0.019607844 -315
19 622.9412 613.68036 0.019607844 -331
20 595.09503 613.68036 0.019607844 -348
21 571.234 613.68036 0.019607844 -364
22 541.41565 613.68036 0.019607844 -381
23 522.14575 613.68036 0.019607844 -397
24 507.3217 613.68036 0.019607844 -414
25 496.5675 613.68036 0.019607844 -430
26 488.63232 613.68036 0.019607844 -447
27 482.3261 613.68036 0.019607844 -463
28 478.48816 613.68036 0.019607844 -480
29 474.9729 613.68036 0.019607844 -496
30 472.45233 613.68036 0.019607844 -513
31 470.67957 613.68036 0.019607844 -529
32 468.56613 617.6783 0.019607844 -546
33 468.56613 617.6783 0.019607844 -565
34 456.57724 678.64655 0.019607844 -593
35 456.57724 683.0666 0.019607844 -593
36 458.5754 747.12585 0.019607844 -612
37 460.57355 817.6657 0.019607844 -645
38 461.57263 873.13806 0.019607844 -678
39 466.88052 1002.17017 0.019607844 -695
40 468.79755 1110.9186 0.019607844 -728
41 470.47882 1221.6852 0.019607844 -761
42 469.70477 1256.1108 0.019607844 -794
43 469.56522 1301.937 0.019607844 -810
44 468.87195 1319.1703 0.019607844 -827
45 465.5689 1349.0212 0.019607844 -843
46 465.5689 1362.2904 0.019607844 -876
47 465.5689 1362.2904 0.019607844 -897
48 468.56613 1395.2733 0.019607844 -922
49 466.568 1397.6407 0.01764706 -922
50 466.568 1399.5625 0.01764706 -942
51 466.568 1401.5143 0.01764706 -959
52 466.568 1401.2701 0.01764706 -975
53 466.568 1401.2701 0.01764706 -992
0 970.10175 803.5814 0.01764706 0
1 970.10175 803.5814 0.01764706 0
2 970.10175 803.5814 0.01764706 -34
3 965.8496 803.5814 0.01764706 -78
4 948.2771 803.5814 0.01764706 -118
5 904.795 803.5814 0.01764706 -151
6 880.0856 803.5814 0.01764706 -184
7 823.52545 803.5814 0.01764706 -200
8 753.78253 803.5814 0.01764706 -233
9 670.9856 804.58093 0.01764706 -266
10 637.4098 804.58093 0.01764706 -299
11 624.4218 804.58093 0.01764706 -320
12 599.44495 804.58093 0.01764706 -347
13 579.30457 804.58093 0.01764706 -347
14 567.66296 804.58093 0.01764706 -366
15 559.0228 804.58093 0.01764706 -382
16 553.33356 804.58093 0.019607844 -399
17 550.07794 804.58093 0.01764706 -415
18 547.49646 804.58093 0.019607844 -432
19 545.71075 804.58093 0.01764706 -448
20 543.9216 804.58093 0.01764706 -465
21 541.808 808.37573 0.01764706 -481
22 540.4995 815.5752 0.01764706 -498
23 538.5014 823.57104 0.019607844 -504
24 536.50323 834.5653 0.01764706 -531
25 532.50696 942.45825 0.01764706 -531
26 529.3999 1048.289 0.01764706 -580
27 529.5097 1116.7642 0.01764706 -613
28 529.5097 1177.6676 0.01764706 -630
29 528.9035 1237.8837 0.01764706 -646
30 527.0429 1298.2377 0.01764706 -663
31 523.76526 1365.0355 0.01764706 -679
32 521.25946 1426.509 0.01764706 -696
33 516.2563 1492.8793 0.01764706 -712
34 511.60535 1525.573 0.01764706 -729
35 506.8501 1557.2725 0.01764706 -745
36 503.10846 1571.4586 0.01764706 -762
37 499.4359 1579.8296 0.01764706 -778
38 497.08972 1585.0745 0.01764706 -795
39 495.1512 1588.5629 0.01764706 -811
40 493.28433 1590.4305 0.01764706 -828
41 491.40372 1592.3119 0.01764706 -844
42 491.54486 1594.2129 0.01764706 -861
43 491.54486 1595.1692 0.01764706 -877
44 491.54486 1596.1686 0.01764706 -894
45 491.54486 1596.1686 0.01764706 -910
46 491.54486 1596.1686 0.015686275 -919
0 909.1582 424.77875 0.019607844 0
1 909.1582 424.77875 0.019607844 0
2 910.1573 422.54242 0.019607844 -34
3 910.1573 420.64273 0.021568628 -54
4 910.1573 416.84375 0.021568628 -70
5 909.4103 414.78397 0.021568628 -103
6 906.8713 414.78397 0.021568628 -136
7 901.21124 414.78397 0.021568628 -153
8 892.24963 414.78397 0.021568628 -170
9 866.93463 414.78397 0.021568628 -186
10 817.03735 415.78345 0.021568628 -203
11 756.49164 417.7824 0.021568628 -236
12 676.81305 419.04242 0.021568628 -269
13 601.64996 420.78082 0.021568628 -302
14 565.8074 421.5722 0.019607844 -335
15 537.01 422.7798 0.019607844 -352
16 509.44238 422.7798 0.019607844 -368
17 487.44003 423.77927 0.021568628 -385
18 473.80023 423.77927 0.021568628 -402
19 456.10495 423.77927 0.021568628 -418
20 447.53186 423.77927 0.023529414 -451
21 445.74567 423.77927 0.023529414 -484
22 442.1632 423.77927 0.019607844 -501
23 439.38873 423.77927 0.019607844 -534
24 435.1822 445.42752 0.021568628 -551
25 427.35825 495.21854 0.023529414 -579
26 427.60406 550.25446 0.023529414 -613
27 429.03757 604.5995 0.023529414 -629
28 429.60223 657.49835 0.021568628 -646
29 430.79742 719.69293 0.021568628 -662
30 435.6303 794.478 0.019607844 -679
31 440.30054 862.6117 0.021568628 -695
32 441.3445 921.3489 0.021568628 -712
33 440.9562 977.37866 0.021568628 -728
34 440.59204 1063.6696 0.019607844 -745
35 438.5939 1118.1208 0.021568628 -778
36 434.49152 1132.7815 0.019607844 -811
37 433.5985 1140.0658 0.019607844 -827
38 431.82855 1144.9469 0.019607844 -844
39 430.92987 1148.7439 0.019607844 -860
40 431.60037 1152.757 0.019607844 -877
41 431.60037 1153.3993 0.019607844 -910
42 440.59204 1187.3816 0.023529414 -915
0 988.0851 616.6788 0.019607844 -87
1 983.7008 616.6788 0.019607844 -87
2 969.97797 616.6788 0.019607844 -100
3 937.302 616.6788 0.019607844 -132
4 917.0586 617.9676 0.019607844 -165
5 894.4206 618.67773 0.019607844 -182
6 873.9978 618.67773 0.019607844 -198
7 852.25116 622.74945 0.019607844 -215
8 826.89624 624.7255 0.019607844 -231
9 789.0818 624.1562 0.019607844 -248
10 757.6377 621.1082 0.019607844 -264
11 724.3152 619.3083 0.019607844 -281
12 724.3152 619.3083 0.019607844 -297
13 640.40704 618.67773 0.019607844 -322
14 612.80316 616.8972 0.019607844 -322
15 584.7848 616.6788 0.019607844 -347
16 562.9674 616.6788 0.019607844 -363
17 545.1155 615.54144 0.019607844 -380
18 531.9112 615.6793 0.019607844 -396
19 521.975 615.6793 0.019607844 -413
20 514.72064 615.6793 0.019607844 -429
21 505.6209 615.6793 0.019607844 -446
22 501.8826 615.6793 0.019607844 -479
23 499.93445 615.6793 0.019607844 -495
24 498.14868 615.6793 0.019607844 -512
25 493.8875 620.3321 0.019607844 -528
26 489.6542 669.4236 0.019607844 -546
27 489.4597 767.22723 0.019607844 -579
28 491.8289 813.69354 0.019607844 -612
29 497.87717 881.76807 0.019607844 -629
30 505.6279 977.9077 0.019607844 -645
31 509.3876 1058.6483 0.019607844 -662
32 509.52823 1123.073 0.019607844 -678
33 507.8665 1181.303 0.019607844 -695
34 504.4433 1235.618 0.019607844 -711
35 499.6971 1273.5981 0.019607844 -728
36 493.64664 1309.7991 0.019607844 -744
37 489.98257 1322.0026 0.019607844 -761
38 485.5655 1334.2749 0.019607844 -777
39 483.59705 1337.2587 0.019607844 -810
40 481.69247 1339.164 0.019607844 -827
41 481.5541 1341.035 0.019607844 -843
42 481.5541 1342.8866 0.019607844 -860
43 481.5541 1343.8756 0.019607844 -876
44 481.5541 1344.2998 0.01764706 -893
45 481.5541 1344.2998 0.01764706 -909
46 481.5541 1344.2998 0.01764706 -922
0 922.1462 374.80478 0.019607844 -71
1 910.12866 374.80478 0.019607844 -71
2 902.1647 374.80478 0.019607844 -93
3 896.1702 406.78812 0.027450982 -106
4 882.18317 405.78864 0.021568628 -132
5 869.49097 405.78864 0.021568628 -132
6 819.8367 407.75452 0.021568628 -143
7 795.6472 408.78708 0.021568628 -176
8 767.194 409.43942 0.021568628 -192
9 735.8394 410.28522 0.021568628 -209
10 703.27057 410.78604 0.021568628 -225
11 671.9406 410.78604 0.021568628 -242
12 628.24603 410.78604 0.021568628 -258
13 603.4413 410.78604 0.021568628 -275
14 590.4533 428.77667 0.027450982 -284
15 464.56985 450.76523 0.021568628 -464
16 460.3962 445.54608 0.021568628 -464
17 449.21207 440.17773 0.019607844 -473
18 444.73575 442.62192 0.021568628 -506
19 439.06473 454.99667 0.019607844 -523
20 433.60736 479.694 0.019607844 -539
21 428.60315 578.97516 0.019607844 -556
22 426.605 632.4931 0.019607844 -589
23 429.26828 684.6312 0.019607844 -605
24 431.84348 737.3752 0.019607844 -622
25 432.68332 800.5283 0.019607844 -638
26 439.28418 864.9739 0.019607844 -655
27 442.9898 918.32135 0.021568628 -671
28 441.99963 966.75555 0.021568628 -688
29 440.59204 1003.66144 0.019607844 -704
30 437.27896 1050.0923 0.019607844 -721
31 434.10825 1084.3331 0.021568628 -737
32 431.44022 1115.6631 0.019607844 -754
33 428.50415 1132.2029 0.019607844 -770
34 425.55353 1141.6152 0.019607844 -787
35 423.62347 1147.3552 0.019607844 -803
36 421.68005 1151.2593 0.019607844 -820
37 421.60962 1153.2567 0.019607844 -836
38 421.60962 1155.1726 0.019607844 -853
39 421.60962 1157.0907 0.019607844 -869
40 421.60962 1158.3966 0.019607844 -886
41 432.59946 1191.3795 0.023529414 -897
0 912.1554 414.78397 0.021568628 -141
1 904.0491 412.5067 0.021568628 -141
2 904.0491 412.5067 0.027450982 -161
3 880.185 420.78082 0.021568628 -184
4 871.19336 434.77356 0.027450982 -184
5 857.2063 428.77667 0.021568628 -193
6 842.22015 423.77927 0.021568628 -211
7 827.2341 420.78082 0.021568628 -211
8 816.2442 434.77356 0.027450982 -220
9 777.2803 423.77927 0.021568628 -247
10 674.3756 413.7845 0.021568628 -247
11 659.38947 432.7746 0.027450982 -292
12 609.4357 443.76886 0.027450982 -328
13 596.44775 452.76416 0.027450982 -328
14 546.494 451.7647 0.027450982 -365
15 536.50323 457.76157 0.027450982 -365
16 467.56708 460.76 0.027450982 -446
17 460.57355 451.7647 0.021568628 -446
18 455.5782 444.76834 0.023529414 -464
19 454.5791 449.76575 0.027450982 -464
20 447.58557 439.77094 0.021568628 -492
21 444.1261 435.31058 0.021568628 -492
22 439.41068 431.59277 0.019607844 -508
23 431.79037 456.05093 0.019607844 -540
24 429.60223 499.73972 0.019607844 -573
25 445.58743 598.6882 0.027450982 -594
26 450.5828 653.65955 0.027450982 -621
27 449.5837 654.659 0.019607844 -621
28 445.58743 676.6476 0.019607844 -639
29 445.58743 676.6476 0.019607844 -639
30 492.54395 989.4846 0.019607844 -665
31 489.07632 1108.8973 0.019607844 -665
32 486.0252 1173.9338 0.019607844 -706
33 483.28098 1198.6838 0.019607844 -722
34 478.65292 1244.6309 0.019607844 -739
35 474.85767 1287.1669 0.019607844 -755
36 472.79514 1312.2205 0.019607844 -772
37 470.86142 1323.8235 0.019607844 -788
38 468.95007 1330.1543 0.019607844 -805
39 467.56708 1334.3743 0.019607844 -821
40 467.56708 1338.6139 0.019607844 -838
41 467.56708 1340.3019 0.01764706 -871
42 466.568 1340.3019 0.027450982 -892
0 905.16187 370.80685 0.019607844 -115
1 893.987 370.80685 0.019607844 -115
2 847.7735 370.80685 0.019607844 -134
3 844.2183 370.80685 0.019607844 -167
4 831.23035 393.7949 0.027450982 -169
5 796.2627 383.8001 0.019607844 -196
6 714.71564 374.7482 0.019607844 -196
7 658.71295 373.8053 0.019607844 -233
8 623.13617 373.8053 0.019607844 -249
9 587.08325 373.8053 0.019607844 -266
10 553.9664 373.8053 0.019607844 -282
11 523.6583 373.8053 0.019607844 -299
12 497.61325 372.9539 0.019607844 -315
13 479.26596 372.80582 0.019607844 -332
14 465.7326 372.80582 0.019607844 -348
15 457.00616 372.80582 0.019607844 -365
16 457.00616 372.80582 0.027450982 -381
17 449.5837 390.79645 0.019607844 -408
18 446.5865 388.7975 0.019607844 -408
19 448.58466 411.78552 0.027450982 -417
20 445.58743 430.77563 0.021568628 -463
21 443.6896 429.77615 0.021568628 -463
22 442.5902 429.77615 0.019607844 -480
23 448.58466 475.7522 0.027450982 -491
24 446.5865 476.75168 0.019607844 -518
25 440.59204 506.95395 0.019607844 -518
26 439.1884 572.3755 0.021568628 -546
27 441.9671 689.8016 0.019607844 -563
28 446.15942 751.47894 0.019607844 -596
29 445.44836 815.0557 0.019607844 -612
30 446.51727 873.9997 0.019607844 -629
31 450.46155 954.64874 0.019607844 -645
32 438.0726 1036.0692 0.021568628 -662
33 431.48367 1062.7384 0.019607844 -695
34 426.605 1075.4398 0.019607844 -711
35 434.5976 1151.4003 0.027450982 -724
36 429.60223 1150.4008 0.021568628 -750
37 419.57568 1150.4008 0.021568628 -750
38 415.72958 1150.4008 0.021568628 -794
39 414.6161 1150.4008 0.019607844 -827
40 414.6161 1150.4008 0.019607844 -843
41 414.6161 1150.4008 0.019607844 -857
0 976.0962 558.709 0.01764706 0
1 974.1112 558.709 0.01764706 0
2 969.7534 558.709 0.01764706 -75
3 950.2774 565.8925 0.019607844 -92
4 942.1277 563.70636 0.019607844 -125
5 942.1277 563.70636 0.019607844 -133
6 874.19055 589.6929 0.019607844 -159
7 874.19055 589.6929 0.019607844 -159
8 619.42645 614.6798 0.019607844 -276
9 618.42737 614.6798 0.019607844 -276
10 618.42737 614.6798 0.019607844 -284
11 544.49585 614.6798 0.019607844 -312
12 544.49585 614.6798 0.019607844 -312
13 544.49585 614.6798 0.019607844 -322
14 493.54303 614.6798 0.019607844 -358
15 493.54303 614.6798 0.019607844 -358
16 493.54303 614.6798 0.019607844 -372
17 493.54303 614.6798 0.019607844 -389
18 493.54303 614.6798 0.019607844 -405
19 493.54303 614.6798 0.019607844 -422
20 493.54303 614.6798 0.019607844 -438
21 493.54303 614.6798 0.019607844 -455
22 491.8609 624.7766 0.019607844 -471
23 488.91248 640.1104 0.019607844 -504
24 487.1679 660.60956 0.019607844 -521
25 486.5495 736.0833 0.019607844 -537
26 486.5495 805.6699 0.019607844 -570
27 487.54858 864.5353 0.019607844 -587
28 489.99026 926.1724 0.019607844 -603
29 493.105 989.4355 0.019607844 -620
30 494.6721 1046.53 0.019607844 -636
31 492.58176 1103.6493 0.019607844 -653
32 491.77435 1174.0239 0.019607844 -669
33 489.886 1219.4987 0.019607844 -686
34 487.46463 1267.5623 0.019607844 -702
35 485.15158 1310.1042 0.019607844 -719
36 483.4004 1321.3759 0.019607844 -735
37 479.5818 1377.076 0.019607844 -752
38 477.61578 1387.0455 0.019607844 -785
39 477.55783 1392.8702 0.019607844 -801
40 477.55783 1396.7845 0.019607844 -818
41 477.55783 1398.9508 0.019607844 -834
42 477.55783 1400.8262 0.019607844 -851
43 477.55783 1402.7145 0.01764706 -867
44 477.55783 1403.269 0.01764706 -884
45 477.55783 1403.269 0.01764706 -897
0 988.0851 617.6783 0.019607844 -139
1 975.61694 617.6783 0.019607844 -139
2 933.1873 617.6783 0.019607844 -150
3 899.10614 617.6783 0.019607844 -183
4 870.83203 619.62006 0.019607844 -199
5 840.15753 625.0976 0.019607844 -216
6 812.0301 621.4127 0.019607844 -232
7 734.4708 621.80194 0.01764706 -249
8 654.2691 626.06366 0.019607844 -282
9 618.05493 631.27814 0.019607844 -315
10 586.22504 629.44116 0.01764706 -331
11 548.39905 636.25 0.019607844 -348
12 516.87396 640.5958 0.019607844 -364
13 487.3363 641.6658 0.019607844 -381
14 468.57935 641.6658 0.019607844 -397
15 456.76474 642.63403 0.019607844 -414
16 448.61038 642.6653 0.019607844 -430
17 443.06653 642.6653 0.019607844 -447
18 435.40894 642.6653 0.019607844 -463
19 430.89682 648.2186 0.019607844 -496
20 425.20752 655.4562 0.019607844 -513
21 421.6373 686.2272 0.019607844 -546
22 424.1342 799.1217 0.019607844 -579
23 430.89697 924.2899 0.019607844 -612
24 437.28653 997.5676 0.019607844 -645
25 450.2075 1171.6315 0.019607844 -662
26 452.38095 1227.5552 0.019607844 -695
27 452.58093 1268.9877 0.019607844 -711
28 452.03473 1303.8815 0.019607844 -728
29 450.2099 1320.2982 0.019607844 -744
30 448.32687 1328.3403 0.019607844 -761
31 446.4531 1332.573 0.019607844 -777
32 446.5865 1336.5089 0.019607844 -794
33 446.5865 1338.3253 0.019607844 -810
34 446.5865 1340.2338 0.019607844 -827
35 446.5865 1342.1686 0.01764706 -843
36 446.5865 1342.3009 0.01764706 -860
37 446.5865 1342.3009 0.01764706 -877
0 989.08417 1011.47314 0.01764706 0
1 989.08417 1011.47314 0.019607844 0
2 989.08417 1011.47314 0.019607844 -25
3 987.07733 1010.46936 0.019607844 -35
4 974.8107 1008.47473 0.019607844 -75
5 949.9821 1008.47473 0.019607844 -108
6 902.2779 1014.2558 0.019607844 -141
7 869.7644 1027.2244 0.01764706 -174
8 838.50836 1021.50146 0.019607844 -191
9 805.6836 1024.1096 0.01764706 -207
10 772.3336 1030.7687 0.01764706 -224
11 739.05865 1033.6267 0.01764706 -240
12 662.759 1039.5283 0.01764706 -257
13 633.6769 1041.3785 0.01764706 -290
14 608.69476 1043.1729 0.019607844 -307
15 586.1847 1043.4565 0.01764706 -323
16 568.61615 1043.4565 0.019607844 -340
17 552.48846 1043.4565 0.019607844 -356
18 548.4921 1043.4565 0.019607844 -381
19 524.51434 1043.4565 0.019607844 -519
20 521.8147 1046.0083 0.019607844 -519
21 515.7166 1064.863 0.019607844 -535
22 511.70486 1078.313 0.019607844 -551
23 507.00183 1112.6503 0.01764706 -567
24 503.5245 1136.4728 0.019607844 -584
25 499.69275 1190.6495 0.019607844 -600
26 495.23053 1242.773 0.019607844 -617
27 491.54486 1307.3191 0.01764706 -634
28 490.22995 1361.6204 0.01764706 -650
29 489.3877 1417.3105 0.01764706 -667
30 487.507 1495.5107 0.019607844 -683
31 484.86765 1641.214 0.019607844 -700
32 484.55133 1687.5503 0.019607844 -733
33 484.55133 1733.9927 0.01764706 -749
34 484.55133 1760.7654 0.019607844 -766
35 483.1099 1797.82 0.019607844 -782
36 481.22406 1815.697 0.019607844 -799
37 479.27744 1824.1649 0.019607844 -815
38 479.55597 1828.6915 0.019607844 -832
39 479.55597 1832.277 0.019607844 -849
40 479.55597 1836.1384 0.019607844 -865
41 479.55597 1837.0432 0.019607844 -898
42 479.55597 1837.0432 0.019607844 -931
43 479.55597 1837.0432 0.019607844 -940
0 989.08417 985.4867 0.019607844 -147
1 966.2921 986.8673 0.019607844 -147
2 943.8181 990.08575 0.019607844 -167
3 902.78503 993.72034 0.019607844 -184
4 866.91455 996.41266 0.019607844 -200
5 830.64813 999.2897 0.019607844 -217
6 792.4312 1001.1074 0.019607844 -233
7 754.58887 1001.4784 0.019607844 -250
8 716.3434 1001.4784 0.019607844 -266
9 671.1109 1001.4784 0.019607844 -283
10 636.11597 999.6217 0.019607844 -299
11 607.57874 998.4799 0.019607844 -316
12 585.0478 997.48047 0.019607844 -333
13 569.1086 997.48047 0.019607844 -349
14 557.224 997.48047 0.019607844 -366
15 549.3056 998.2765 0.019607844 -382
16 542.77014 998.4799 0.019607844 -399
17 538.89746 998.4799 0.019607844 -415
18 534.98267 1000.39246 0.019607844 -432
19 531.5079 1006.47577 0.019607844 -448
20 528.5106 1012.47266 0.019607844 -456
21 524.51434 1022.46747 0.019607844 -484
22 516.7415 1098.4685 0.019607844 -484
23 515.0803 1200.5272 0.019607844 -529
24 514.5236 1312.5812 0.019607844 -562
25 511.77493 1467.7813 0.019607844 -595
26 510.1644 1528.379 0.019607844 -628
27 507.35147 1586.213 0.019607844 -645
28 505.0475 1630.3638 0.019607844 -661
29 501.70398 1676.9358 0.01764706 -678
30 497.89578 1694.655 0.019607844 -694
31 493.48145 1717.4137 0.019607844 -711
32 491.54486 1727.0125 0.019607844 -744
33 491.54486 1729.0154 0.019607844 -777
34 491.54486 1730.0989 0.019607844 -793
35 491.54486 1730.0989 0.019607844 -810
36 491.54486 1730.0989 0.019607844 -827
37 496.54025 1718.1051 0.021568628 -836
0 996.0777 990.4841 0.019607844 -180
1 965.48114 992.65796 0.019607844 -180
2 928.101 995.4848 0.019607844 -199
3 891.26544 997.3179 0.019607844 -216
4 857.0979 999.135 0.019607844 -232
5 786.42725 1002.69794 0.019607844 -249
6 706.4836 1002.47784 0.019607844 -282
7 670.46564 1002.47784 0.019607844 -315
8 646.9533 1002.47784 0.019607844 -331
9 616.6867 1002.47784 0.019607844 -348
10 598.9504 1002.47784 0.019607844 -381
11 589.17316 1002.47784 0.019607844 -414
12 585.4579 1002.47784 0.019607844 -447
13 584.45886 1002.47784 0.019607844 -473
14 582.4607 1002.47784 0.019607844 -501
15 581.1436 1002.47784 0.019607844 -501
16 573.85333 1008.89746 0.019607844 -513
17 570.4718 1014.4716 0.019607844 -546
18 567.47455 1019.469 0.019607844 -556
19 563.4783 1029.4637 0.019607844 -584
20 558.4829 1054.4508 0.019607844 -584
21 555.48566 1066.4446 0.019607844 -602
22 552.48846 1108.4227 0.019607844 -629
23 552.782 1243.872 0.019607844 -629
24 553.4875 1299.446 0.019607844 -678
25 554.4866 1366.2618 0.019607844 -695
26 550.6809 1473.7002 0.019607844 -711
27 543.49677 1558.1885 0.019607844 -744
28 542.1228 1580.0552 0.019607844 -777
29 538.1594 1618.5532 0.019607844 -794
30 535.5642 1635.8474 0.019607844 -810
31 531.10834 1661.9336 0.019607844 -827
32 527.8522 1682.3966 0.01764706 -843
33 523.51526 1701.2747 0.01764706 -860
34 523.51526 1705.9384 0.01764706 -909
35 523.51526 1707.8838 0.01764706 -942
36 523.51526 1709.1097 0.01764706 -959
37 523.51526 1709.1097 0.01764706 -975
38 523.51526 1708.223 0.01764706 -983
39 523.51526 1707.1108 0.01764706 -1008
40 529.5097 1665.1327 0.023529414 -1013
0 986.087 1000.4789 0.019607844 -165
1 953.08344 1000.4789 0.019607844 -165
2 915.5201 1000.4789 0.019607844 -183
3 879.7132 1001.2928 0.019607844 -200
4 845.92633 1003.1048 0.019607844 -216
5 780.7537 1005.6524 0.019607844 -233
6 747.58923 1005.4763 0.019607844 -266
7 701.5386 1007.3711 0.019607844 -283
8 699.3525 1007.4752 0.019607844 -299
9 678.3719 1007.4752 0.019607844 -300
10 644.4033 1007.4752 0.019607844 -327
11 606.9182 1007.4752 0.019607844 -327
12 606.9182 1007.4752 0.019607844 -349
13 587.45605 1007.4752 0.019607844 -364
14 548.0384 1004.8706 0.019607844 -364
15 535.91455 1004.4768 0.019607844 -398
16 520.4354 1004.4768 0.019607844 -415
17 516.5217 1004.4768 0.019607844 -448
18 514.5236 1004.4768 0.019607844 -466
19 511.52637 1004.4768 0.019607844 -494
20 509.30978 1004.4768 0.019607844 -494
21 502.5347 1014.4716 0.019607844 -514
22 500.53653 1018.46954 0.019607844 -540
23 496.54025 1027.4648 0.019607844 -567
24 492.80225 1043.2932 0.019607844 -567
25 480.79468 1176.3505 0.019607844 -580
26 479.55597 1236.2561 0.01764706 -629
27 481.00296 1297.0845 0.019607844 -646
28 482.8208 1361.0048 0.019607844 -662
29 485.98505 1422.3076 0.019607844 -679
30 487.68063 1507.312 0.019607844 -695
31 487.54858 1564.2128 0.019607844 -712
32 484.68814 1614.6942 0.019607844 -728
33 482.01306 1655.4769 0.019607844 -745
34 479.92722 1683.4073 0.019607844 -761
35 478.1095 1697.8026 0.019607844 -778
36 476.21817 1707.815 0.019607844 -794
37 474.19888 1714.1932 0.019607844 -811
38 474.5606 1718.6617 0.019607844 -827
39 474.5606 1722.0967 0.019607844 -844
40 474.5606 1723.1025 0.019607844 -877
41 474.5606 1723.1025 0.01764706 -910
42 480.55505 1706.1113 0.023529414 -929
