0 848.2146 345.8199 0.019607844 -45
1 848.2146 345.8199 0.019607844 -45
2 837.7833 347.67914 0.019607844 -77
3 815.0322 352.7343 0.019607844 -127
4 790.80774 355.88034 0.019607844 -160
5 754.30457 357.81363 0.019607844 -193
6 717.0777 357.81363 0.019607844 -226
7 672.87695 357.81363 0.019607844 -259
8 631.94684 355.81467 0.019607844 -291
9 584.6285 357.23038 0.019607844 -325
10 545.283 356.81415 0.019607844 -358
11 506.3531 358.8131 0.019607844 -391
12 470.45264 358.8131 0.019607844 -424
13 445.40308 360.81207 0.019607844 -457
14 425.84598 361.81155 0.019607844 -490
15 410.37338 361.81155 0.019607844 -523
16 395.53302 367.08395 0.019607844 -556
17 383.49744 373.2372 0.021568628 -589
18 373.40234 379.97003 0.019607844 -622
19 363.46072 395.80072 0.019607844 -655
20 356.6004 439.7425 0.019607844 -688
21 354.6716 509.01303 0.019607844 -721
22 354.6716 571.88696 0.019607844 -754
23 354.6716 664.4957 0.019607844 -788
24 356.82214 742.2747 0.019607844 -821
25 360.48874 845.7678 0.019607844 -854
26 366.16727 933.1589 0.019607844 -887
27 373.19638 1013.1628 0.019607844 -920
28 378.7713 1075.538 0.019607844 -953
29 380.64755 1110.8447 0.019607844 -986
30 380.64755 1111.4211 0.019607844 -1019
31 380.64755 1117.418 0.019607844 -1020
0 772.2849 616.6788 0.019607844 -96
1 746.80304 617.6783 0.019607844 -96
2 685.50684 618.67773 0.019607844 -110
3 623.7606 618.67773 0.019607844 -143
4 557.481 618.67773 0.019607844 -176
5 506.74225 618.67773 0.019607844 -209
6 462.73782 618.67773 0.019607844 -242
7 436.03894 618.67773 0.019607844 -275
8 413.81268 621.9441 0.019607844 -308
9 395.8043 626.83936 0.019607844 -341
10 383.47888 630.3937 0.019607844 -374
11 372.73053 635.28534 0.021568628 -407
12 361.91226 655.79266 0.019607844 -440
13 353.20334 713.5513 0.019607844 -473
14 354.8176 800.8481 0.019607844 -506
15 368.34085 920.97546 0.019607844 -540
16 383.8524 1082.3756 0.019607844 -573
17 392.38965 1205.6665 0.019607844 -622
18 395.63367 1284.2351 0.019607844 -655
19 396.0488 1330.6311 0.019607844 -688
20 396.63275 1354.2946 0.019607844 -721
21 396.63275 1357.2931 0.019607844 -762
0 906.16095 596.6892 0.019607844 -58
1 900.4928 595.68976 0.019607844 -58
2 861.9523 596.10614 0.019607844 -82
3 805.6217 598.66656 0.019607844 -115
4 721.7228 600.68713 0.019607844 -148
5 652.7083 601.6866 0.019607844 -181
6 585.92316 601.6866 0.019607844 -214
7 539.4988 606.6842 0.019607844 -247
8 501.3718 613.6058 0.019607844 -280
9 480.45102 617.4992 0.019607844 -313
10 463.52933 625.2992 0.019607844 -346
11 450.20343 639.42645 0.019607844 -379
12 437.25653 672.77826 0.019607844 -412
13 428.89508 739.97217 0.019607844 -445
14 428.60315 838.6386 0.019607844 -478
15 432.44232 945.89 0.019607844 -511
16 439.09344 1090.4321 0.019607844 -544
17 440.59204 1210.7496 0.019607844 -577
18 440.59204 1323.9398 0.019607844 -610
19 441.59113 1435.1831 0.019607844 -644
20 440.59204 1491.5062 0.019607844 -677
21 440.59204 1517.2097 0.019607844 -710
22 440.59204 1521.2076 0.019607844 -738
0 913.1545 601.6866 0.019607844 -33
1 887.05597 601.6866 0.019607844 -33
2 828.8532 600.68713 0.019607844 -60
3 760.7436 601.6866 0.019607844 -93
4 672.8572 602.6861 0.019607844 -126
5 577.1193 602.2897 0.019607844 -159
6 515.6382 598.8203 0.019607844 -209
7 469.80585 598.6882 0.019607844 -242
8 442.14304 603.5015 0.019607844 -275
9 422.57886 610.0882 0.019607844 -309
10 409.83334 614.538 0.019607844 -342
11 400.42804 620.4776 0.019607844 -375
12 388.81595 636.3166 0.019607844 -408
13 378.14984 663.65436 0.019607844 -441
14 372.602 726.9465 0.019607844 -474
15 372.27103 814.12213 0.019607844 -508
16 377.1069 932.4606 0.019607844 -541
17 382.42773 1105.4427 0.019607844 -574
18 384.64386 1213.238 0.019607844 -624
19 385.6429 1317.0381 0.019607844 -657
20 385.6429 1366.5729 0.019607844 -690
21 385.6429 1399.7917 0.019607844 -719
22 385.6429 1407.267 0.019607844 -752
23 385.6429 1411.2649 0.019607844 -764
0 914.15356 586.6944 0.019607844 -67
1 898.5878 586.6944 0.019607844 -67
2 839.01874 586.6944 0.019607844 -76
3 746.8453 584.69543 0.019607844 -109
4 671.8538 583.696 0.019607844 -159
5 618.0428 581.4554 0.019607844 -192
6 575.0274 579.69806 0.019607844 -225
7 539.6681 578.6986 0.019607844 -258
8 515.45953 578.6986 0.019607844 -291
9 499.3578 578.6986 0.019607844 -324
10 485.5194 579.5044 0.019607844 -357
11 470.69186 582.9144 0.019607844 -390
12 447.7015 593.10406 0.019607844 -423
13 432.64526 609.6183 0.019607844 -473
14 412.46323 651.83215 0.019607844 -506
15 399.64835 719.4414 0.019607844 -539
16 401.2187 830.5025 0.019607844 -572
17 406.2621 930.2597 0.019607844 -605
18 418.3124 1063.5436 0.019607844 -638
19 427.37204 1166.8911 0.019607844 -671
20 435.2922 1265.6838 0.019607844 -704
21 441.90015 1360.2404 0.019607844 -737
22 442.5902 1409.9742 0.019607844 -771
23 442.5902 1436.77 0.019607844 -804
24 442.5902 1438.2509 0.019607844 -837
25 442.5902 1442.2488 0.019607844 -839
0 905.16187 690.64026 0.019607844 -60
1 896.9194 689.50195 0.019607844 -60
2 861.14386 685.7284 0.019607844 -70
3 813.3495 679.43115 0.019607844 -103
4 758.15063 672.097 0.019607844 -137
5 696.0322 660.0507 0.019607844 -170
6 641.5169 650.4389 0.019607844 -203
7 592.1926 639.7975 0.019607844 -236
8 551.62524 631.78656 0.019607844 -269
9 520.8248 628.7109 0.019607844 -302
10 501.46 626.6736 0.019607844 -335
11 490.32788 626.6736 0.019607844 -368
12 482.3591 627.27045 0.019607844 -401
13 474.32657 630.7886 0.019607844 -434
14 462.73105 647.957 0.019607844 -467
15 453.22974 692.61945 0.019607844 -500
16 454.27142 793.1163 0.019607844 -533
17 463.48438 906.2723 0.019607844 -567
18 476.67194 1070.2552 0.019607844 -600
19 481.34244 1194.022 0.019607844 -633
20 482.5532 1305.9912 0.019607844 -666
21 482.5532 1410.2007 0.019607844 -699
22 480.55505 1447.391 0.019607844 -748
23 480.55505 1460.095 0.019607844 -780
24 480.55505 1460.2394 0.019607844 -813
25 480.55505 1462.2384 0.019607844 -814
0 721.3321 576.69965 0.019607844 -150
1 687.95966 574.8373 0.019607844 -150
2 624.91486 569.2031 0.019607844 -166
3 545.30145 557.8707 0.019607844 -199
4 502.53467 549.7136 0.019607844 -248
5 477.2281 548.7142 0.019607844 -281
6 459.2188 551.3018 0.019607844 -314
7 447.26456 556.92413 0.019607844 -347
8 431.07654 583.1546 0.019607844 -380
9 418.08493 643.4164 0.019607844 -413
10 416.3335 751.3024 0.019607844 -446
11 424.11218 886.0986 0.019607844 -479
12 434.9505 1022.5883 0.019607844 -513
13 442.543 1193.771 0.019607844 -546
14 441.84854 1299.3969 0.019607844 -579
15 437.98703 1373.7883 0.019607844 -612
16 434.0819 1414.3926 0.019607844 -645
17 433.5985 1423.2587 0.019607844 -678
18 433.5985 1427.2566 0.019607844 -690
0 874.19055 672.64966 0.019607844 -58
1 853.6269 670.6022 0.019607844 -58
2 791.8198 667.7865 0.019607844 -76
3 722.8499 664.6538 0.019607844 -109
4 650.8928 662.27246 0.019607844 -142
5 583.83594 658.56146 0.019607844 -175
6 514.22516 654.9723 0.019607844 -208
7 452.61554 654.659 0.019607844 -241
8 427.94315 661.08167 0.019607844 -291
9 413.49966 668.3968 0.019607844 -324
10 399.52075 688.8598 0.019607844 -357
11 388.39822 745.41223 0.019607844 -390
12 384.64386 822.6123 0.019607844 -423
13 384.64386 930.62317 0.019607844 -456
14 382.6457 1058.6863 0.019607844 -489
15 379.64847 1187.2529 0.019607844 -522
16 379.64847 1334.8724 0.019607844 -555
17 376.8402 1423.4756 0.019607844 -588
18 372.94913 1474.2876 0.019607844 -621
19 371.65588 1485.2264 0.019607844 -654
20 370.6568 1492.2228 0.019607844 -665
0 814.2461 636.6684 0.019607844 -41
1 805.17035 636.6684 0.019607844 -41
2 764.79535 640.397 0.019607844 -58
3 704.98474 644.15533 0.019607844 -91
4 641.04236 645.6637 0.019607844 -124
5 569.54535 643.7541 0.019607844 -157
6 510.93808 637.72656 0.019607844 -190
7 464.37354 634.5607 0.019607844 -223
8 433.2156 634.66943 0.019607844 -256
9 413.6396 635.6689 0.019607844 -290
10 400.13995 639.49677 0.019607844 -323
11 393.63553 645.6637 0.019607844 -356
12 390.6383 650.6611 0.019607844 -375
13 414.6161 1046.455 0.019607844 -526
14 418.8386 1088.8574 0.019607844 -526
15 429.02365 1234.6523 0.019607844 -537
16 430.6013 1329.6433 0.019607844 -570
17 430.6013 1389.5734 0.019607844 -604
18 430.6013 1409.266 0.019607844 -637
19 430.6013 1416.2623 0.019607844 -654
0 482.5532 647.66266 0.019607844 -226
1 456.0981 645.21594 0.019607844 -226
2 436.5957 645.6637 0.019607844 -248
3 414.63535 645.6637 0.019607844 -276
4 403.82578 645.6637 0.019607844 -314
5 395.75705 649.10016 0.019607844 -347
6 386.60748 657.7035 0.019607844 -380
7 374.17432 698.5254 0.019607844 -413
8 369.6577 776.893 0.019607844 -446
9 378.52823 919.06604 0.019607844 -479
10 388.2064 1055.0497 0.019607844 -512
11 397.612 1205.7769 0.019607844 -545
12 401.38647 1328.2942 0.019607844 -578
13 401.6281 1422.503 0.019607844 -612
14 401.6281 1496.1339 0.019607844 -645
15 401.6281 1534.7947 0.019607844 -678
16 401.6281 1548.1936 0.019607844 -711
17 401.6281 1551.192 0.019607844 -732
0 804.2553 687.64185 0.019607844 -135
1 778.47723 689.4943 0.019607844 -135
2 727.63306 693.1198 0.019607844 -151
3 672.8849 694.6382 0.019607844 -184
4 604.639 694.6382 0.019607844 -217
5 550.09033 692.6392 0.019607844 -250
6 505.49255 692.6392 0.019607844 -283
7 461.70288 692.6392 0.019607844 -316
8 439.1893 693.63873 0.019607844 -350
9 425.7898 693.63873 0.019607844 -383
10 417.30878 693.63873 0.019607844 -416
11 411.84958 693.63873 0.019607844 -449
12 408.37042 693.63873 0.019607844 -482
13 401.10297 702.5273 0.019607844 -515
14 395.2317 750.449 0.019607844 -548
15 397.75446 836.2827 0.019607844 -581
16 411.86658 986.4613 0.019607844 -614
17 418.10257 1117.64 0.019607844 -647
18 419.39935 1234.8768 0.019607844 -680
19 410.8443 1396.1382 0.019607844 -713
20 405.87717 1452.9666 0.019607844 -763
21 402.02942 1477.6237 0.019607844 -796
22 401.6281 1479.2295 0.019607844 -829
23 400.62906 1482.228 0.019607844 -832
0 796.2627 602.6861 0.019607844 -107
1 779.0792 604.76495 0.019607844 -107
2 714.80664 608.5185 0.019607844 -117
3 649.56805 608.1638 0.019607844 -150
4 586.61194 606.52606 0.019607844 -183
5 529.43463 608.3812 0.019607844 -216
6 488.864 608.683 0.019607844 -249
7 454.4029 612.5633 0.019607844 -282
8 438.10278 615.0525 0.019607844 -315
9 425.7324 618.63556 0.019607844 -348
10 414.6623 630.0678 0.019607844 -381
11 403.49588 657.0928 0.019607844 -414
12 395.97702 731.34 0.019607844 -447
13 400.22818 830.052 0.019607844 -480
14 411.19113 973.285 0.019607844 -513
15 418.20755 1114.2894 0.019607844 -547
16 420.92838 1240.1254 0.019607844 -580
17 422.772 1357.8496 0.019607844 -613
18 422.6087 1457.8851 0.019607844 -646
19 422.6087 1509.7241 0.019607844 -679
20 420.61053 1527.895 0.019607844 -712
21 420.61053 1528.204 0.019607844 -745
22 420.61053 1530.203 0.019607844 -746
0 820.24054 649.6616 0.019607844 -58
1 815.2451 648.6621 0.019607844 -58
2 800.25903 647.66266 0.019607844 -83
3 712.9701 654.34973 0.019607844 -83
4 649.08685 659.2044 0.019607844 -134
5 582.83185 660.8692 0.019607844 -167
6 494.0938 664.35803 0.019607844 -200
7 459.61383 668.0221 0.019607844 -250
8 438.87305 671.5943 0.019607844 -283
9 424.08954 677.65894 0.019607844 -316
10 414.3881 700.2438 0.019607844 -349
11 412.61795 706.63196 0.019607844 -382
12 410.6198 722.6236 0.019607844 -390
13 410.6198 800.583 0.019607844 -435
14 412.80994 868.5436 0.019607844 -435
15 415.45792 986.60706 0.019607844 -464
16 415.61517 1095.2423 0.019607844 -497
17 413.35364 1197.4402 0.019607844 -530
18 411.5459 1294.7357 0.019607844 -564
19 408.65234 1341.0249 0.019607844 -597
20 404.78735 1360.8047 0.019607844 -630
21 404.62534 1364.2894 0.019607844 -663
22 404.62534 1366.2883 0.019607844 -673
0 904.16284 558.709 0.019607844 -15
1 902.3926 558.709 0.019607844 -32
2 874.4824 562.0488 0.019607844 -58
3 857.2063 565.7053 0.019607844 -91
4 842.22015 569.70325 0.019607844 -102
5 813.247 577.6991 0.019607844 -128
6 678.8622 604.9264 0.019607844 -128
7 611.84607 612.0705 0.019607844 -190
8 556.69257 616.06525 0.019607844 -223
9 517.08673 620.56366 0.019607844 -256
10 493.85455 624.2125 0.019607844 -289
11 480.17288 627.80054 0.019607844 -322
12 471.09286 633.6119 0.019607844 -355
13 463.68396 651.8772 0.019607844 -388
14 459.57446 694.4549 0.019607844 -421
15 459.57446 694.4549 0.019607844 -454
16 451.58188 1106.4237 0.019607844 -591
17 447.3673 1137.1555 0.019607844 -591
18 439.3564 1237.9315 0.019607844 -603
19 430.58292 1336.6898 0.019607844 -636
20 428.60315 1402.2592 0.019607844 -669
21 428.60315 1447.5098 0.019607844 -702
22 428.60315 1455.2421 0.019607844 -735
23 428.60315 1458.2405 0.019607844 -753
0 829.2322 627.6731 0.019607844 -49
1 826.20715 627.92993 0.019607844 -49
2 793.83734 634.73517 0.019607844 -59
3 728.5246 644.24457 0.019607844 -93
4 658.2459 645.173 0.019607844 -126
5 591.9954 644.66425 0.019607844 -159
6 526.14496 641.79126 0.019607844 -192
7 485.3646 643.66473 0.019607844 -225
8 460.03046 650.98706 0.019607844 -259
9 443.57718 659.1627 0.019607844 -292
10 428.88766 670.3661 0.019607844 -325
11 412.31314 718.84595 0.019607844 -358
12 405.62442 799.76483 0.019607844 -391
13 405.62442 827.569 0.019607844 -424
14 406.6235 859.5523 0.019607844 -435
15 410.6198 985.4867 0.019607844 -478
16 413.61703 1175.9962 0.019607844 -478
17 411.62503 1266.223 0.019607844 -524
18 408.78036 1333.7635 0.019607844 -557
19 407.62256 1382.6091 0.019607844 -590
20 407.62256 1405.2681 0.019607844 -623
21 407.62256 1410.2655 0.019607844 -651
0 950.12024 590.6923 0.019607844 -35
1 948.3371 590.6923 0.019607844 -35
2 926.5927 592.7599 0.019607844 -45
3 875.36884 597.3148 0.019607844 -79
4 805.69995 602.264 0.019607844 -112
5 733.3034 601.9652 0.019607844 -145
6 656.42944 602.617 0.019607844 -178
7 603.8408 605.23474 0.019607844 -211
8 565.0821 608.9006 0.019607844 -244
9 524.3642 614.31006 0.019607844 -278
10 510.70056 621.2275 0.019607844 -327
11 498.8958 645.82886 0.019607844 -361
12 490.5565 691.0597 0.019607844 -394
13 492.93243 799.50916 0.019607844 -427
14 498.23712 910.7961 0.019607844 -460
15 502.82318 1026.9517 0.019607844 -493
16 503.53375 1064.4456 0.019607844 -527
17 504.53284 1112.4205 0.019607844 -538
18 505.53192 1175.3878 0.019607844 -564
19 505.53192 1200.3748 0.019607844 -564
20 504.53284 1294.3258 0.019607844 -607
21 504.53284 1308.3186 0.019607844 -607
22 503.53375 1320.3123 0.019607844 -624
23 502.5347 1331.3065 0.019607844 -624
24 500.53653 1349.2972 0.019607844 -649
25 499.53748 1373.2847 0.019607844 -649
26 499.53748 1375.2837 0.019607844 -691
0 913.1545 652.66003 0.019607844 -18
1 910.98706 652.66003 0.019607844 -18
2 890.6698 657.32556 0.019607844 -44
3 833.43976 664.8053 0.019607844 -77
4 758.22064 670.6507 0.019607844 -110
5 684.8813 669.5805 0.019607844 -144
6 603.9377 665.2321 0.019607844 -177
7 557.19904 664.9274 0.019607844 -210
8 524.50146 667.6522 0.019607844 -243
9 502.82794 671.2681 0.019607844 -276
10 487.61395 674.88214 0.019607844 -309
11 476.02237 686.716 0.019607844 -343
12 464.16345 715.3788 0.019607844 -376
13 467.26053 808.59033 0.019607844 -409
14 478.21478 925.52295 0.019607844 -442
15 492.56995 1065.4067 0.019607844 -475
16 502.5347 1188.381 0.019607844 -508
17 505.53192 1227.3607 0.019607844 -537
18 504.53284 1298.3237 0.019607844 -563
19 492.88858 1437.8712 0.019607844 -563
20 488.37006 1458.951 0.019607844 -625
21 487.54858 1465.2368 0.019607844 -658
22 487.54858 1466.2363 0.019607844 -681
0 867.197 644.66425 0.019607844 -25
1 862.7039 644.66425 0.019607844 -25
2 830.61884 641.6148 0.019607844 -44
3 765.90015 637.7572 0.019607844 -77
4 690.70557 629.3067 0.019607844 -110
5 625.5517 622.05817 0.019607844 -144
6 558.83636 618.67773 0.019607844 -177
7 515.1122 615.6793 0.019607844 -210
8 480.42334 615.6793 0.019607844 -243
9 456.7811 618.3769 0.019607844 -276
10 444.71896 624.544 0.019607844 -309
11 443.58926 628.67255 0.019607844 -343
12 439.59296 637.66785 0.019607844 -349
13 433.5985 662.65485 0.019607844 -376
14 445.75958 846.09564 0.019607844 -376
15 453.32495 952.67413 0.019607844 -442
16 458.5754 1020.4685 0.019607844 -475
17 461.57263 1050.4529 0.019607844 -494
18 467.56708 1168.3915 0.019607844 -537
19 470.0786 1239.6594 0.019607844 -537
20 472.56244 1338.142 0.019607844 -559
21 472.56244 1383.0411 0.019607844 -608
22 474.5606 1401.185 0.019607844 -641
23 474.5606 1401.2701 0.019607844 -674
24 474.5606 1404.2686 0.019607844 -675
0 871.19336 606.684 0.019607844 -35
1 861.8942 606.684 0.019607844 -35
2 824.3802 608.4882 0.019607844 -52
3 768.752 612.31683 0.019607844 -85
4 705.1418 615.06744 0.019607844 -118
5 645.275 616.6788 0.019607844 -151
6 575.9136 617.6783 0.019607844 -184
7 526.62787 620.9388 0.019607844 -217
8 498.0454 624.4864 0.019607844 -250
9 480.0914 626.6736 0.019607844 -283
10 470.73373 627.5884 0.019607844 -316
11 465.0778 632.6536 0.019607844 -349
12 461.45816 643.12335 0.019607844 -382
13 459.57446 684.84485 0.019607844 -415
14 460.57355 757.084 0.019607844 -448
15 467.40506 861.0472 0.019607844 -482
16 463.412 990.5365 0.019607844 -515
17 461.79678 1113.5034 0.019607844 -548
18 456.57724 1213.7478 0.019607844 -581
19 449.56772 1286.5061 0.019607844 -614
20 444.14163 1332.3302 0.019607844 -647
21 440.32492 1352.6323 0.019607844 -680
22 440.59204 1354.2946 0.019607844 -713
23 440.59204 1357.2931 0.019607844 -719
0 767.28955 431.77512 0.019607844 -41
1 742.471 430.77563 0.019607844 -41
2 684.69775 428.77667 0.019607844 -60
3 622.85474 425.77823 0.01764706 -93
4 554.311 423.244 0.019607844 -126
5 470.6848 414.6741 0.019607844 -159
6 453.67316 411.92212 0.019607844 -209
7 408.90536 411.78552 0.019607844 -225
8 388.4537 411.78552 0.019607844 -258
9 378.36133 413.42883 0.019607844 -291
10 371.18018 417.02087 0.019607844 -325
11 367.40698 418.9082 0.019607844 -358
12 360.94095 448.29022 0.019607844 -374
13 359.667 500.7829 0.019607844 -407
14 362.58475 601.9369 0.019607844 -440
15 368.76474 719.49567 0.019607844 -473
16 376.19675 845.00244 0.019607844 -506
17 399.23657 963.32465 0.019607844 -540
18 412.90118 1107.2427 0.019607844 -573
19 413.61703 1187.636 0.01764706 -606
20 413.61703 1250.1199 0.019607844 -639
21 413.61703 1270.2351 0.01764706 -672
22 413.61703 1278.8912 0.01764706 -705
23 413.61703 1279.3336 0.01764706 -738
24 406.6235 1280.3331 0.019607844 -742
0 842.22015 676.6476 0.019607844 -42
1 825.0638 677.6686 0.019607844 -42
2 771.99066 680.6455 0.019607844 -77
3 706.34985 683.6439 0.019607844 -110
4 641.8427 684.6434 0.019607844 -143
5 582.9754 685.89166 0.019607844 -177
6 526.2159 688.6683 0.019607844 -210
7 496.77393 693.0008 0.019607844 -243
8 475.5997 698.02844 0.019607844 -276
9 463.36127 711.7865 0.019607844 -309
10 451.84344 737.4741 0.019607844 -343
11 448.06607 790.1312 0.019607844 -376
12 458.23935 892.0658 0.019607844 -409
13 472.4636 1009.55066 0.019607844 -442
14 481.12994 1128.4685 0.019607844 -475
15 486.5495 1241.5465 0.019607844 -508
16 486.5495 1340.8018 0.019607844 -542
17 485.5504 1394.9312 0.019607844 -574
18 482.38632 1423.2607 0.019607844 -608
19 482.5532 1436.6119 0.019607844 -641
20 482.5532 1436.6119 0.019607844 -674
0 841.22107 641.6658 0.019607844 -17
1 832.8919 641.6658 0.019607844 -17
2 799.6655 645.6325 0.019607844 -44
3 742.4037 653.2734 0.019607844 -77
4 676.80585 656.65796 0.019607844 -111
5 613.4764 650.96027 0.019607844 -144
6 557.8014 648.61664 0.019607844 -177
7 520.46295 647.66266 0.019607844 -210
8 501.66003 650.13025 0.019607844 -243
9 490.5644 653.6533 0.019607844 -277
10 486.65228 655.6071 0.019607844 -310
11 483.08984 657.38904 0.019607844 -326
12 478.98462 659.7043 0.019607844 -343
13 473.58887 664.6265 0.019607844 -360
14 469.18005 689.95386 0.019607844 -376
15 464.3987 711.57153 0.019607844 -393
16 465.5689 750.7345 0.019607844 -409
17 466.33862 794.15814 0.019607844 -426
18 468.87573 847.17145 0.019607844 -442
19 472.751 905.73663 0.019607844 -459
20 477.5018 991.5304 0.019607844 -476
21 484.75598 1110.0065 0.019607844 -492
22 487.54858 1212.8837 0.019607844 -525
23 487.54858 1306.1083 0.019607844 -559
24 484.85126 1368.6848 0.019607844 -592
25 484.55133 1395.3608 0.019607844 -625
26 484.55133 1405.2681 0.019607844 -658
27 484.55133 1407.267 0.019607844 -686
0 848.2146 622.67566 0.019607844 -8
1 836.31067 622.67566 0.019607844 -17
2 795.9092 624.4317 0.019607844 -51
3 734.9915 627.6731 0.019607844 -84
4 641.69574 630.78546 0.019607844 -117
5 577.6793 632.6705 0.019607844 -167
6 538.68365 636.2039 0.019607844 -200
7 515.83136 641.942 0.019607844 -233
8 502.80557 651.45734 0.019607844 -266
9 491.98193 663.2588 0.019607844 -300
10 482.12183 695.07715 0.019607844 -333
11 474.81573 768.0463 0.019607844 -366
12 474.5606 770.59863 0.019607844 -399
13 473.56152 799.58356 0.019607844 -400
14 475.55966 941.5096 0.019607844 -451
15 475.55966 995.5582 0.019607844 -451
16 475.55966 1055.6409 0.019607844 -465
17 475.55966 1114.0929 0.019607844 -482
18 472.74176 1185.0244 0.019607844 -498
19 463.43216 1265.1735 0.019607844 -515
20 463.43216 1265.1735 0.019607844 -548
0 933.136 574.7007 0.019607844 -17
1 930.0699 574.7007 0.019607844 -26
2 911.44507 578.3765 0.019607844 -52
3 868.4701 587.87524 0.019607844 -85
4 813.37787 596.8629 0.019607844 -118
5 751.4479 605.00226 0.019607844 -151
6 679.4152 609.44464 0.019607844 -185
7 624.4218 611.6814 0.019607844 -218
8 582.42236 612.6844 0.019607844 -250
9 549.1717 615.29663 0.019607844 -284
10 535.4225 617.19214 0.019607844 -317
11 519.62897 620.6492 0.019607844 -334
12 509.40363 624.23724 0.019607844 -367
13 502.12363 629.0838 0.019607844 -400
14 493.2551 651.5252 0.019607844 -433
15 483.0176 689.4951 0.019607844 -466
16 478.2521 738.27625 0.019607844 -499
17 474.67953 777.1667 0.019607844 -516
18 472.8224 826.2844 0.019607844 -533
19 472.03595 882.4035 0.019607844 -549
20 473.04248 946.363 0.019607844 -566
21 473.56152 1103.8844 0.019607844 -582
22 472.56244 1169.0878 0.019607844 -615
23 471.57053 1215.1803 0.019607844 -632
24 468.77768 1299.0889 0.019607844 -649
25 465.33774 1345.8031 0.019607844 -682
26 462.5717 1381.2805 0.019607844 -712
27 462.5717 1387.2775 0.019607844 -735
0 868.1961 703.6335 0.019607844 -10
1 858.15173 702.63403 0.019607844 -19
2 839.59753 702.63403 0.019607844 -53
3 789.6311 706.2119 0.019607844 -69
4 759.37976 708.6309 0.019607844 -102
5 696.61707 711.14417 0.019607844 -119
6 661.76526 709.85126 0.019607844 -152
7 631.52875 707.17444 0.019607844 -169
8 563.637 699.7643 0.019607844 -185
9 536.0843 696.0345 0.019607844 -218
10 518.5199 694.1384 0.019607844 -235
11 502.09924 692.6392 0.019607844 -250
12 474.16522 692.6392 0.019607844 -268
13 464.23618 693.7055 0.019607844 -301
14 455.97818 696.4371 0.019607844 -317
15 449.34677 700.1268 0.019607844 -334
16 444.8084 706.00525 0.019607844 -350
17 439.24402 713.4274 0.019607844 -367
18 426.7276 751.1179 0.019607844 -384
19 423.38806 800.43195 0.019607844 -417
20 430.9444 912.6155 0.019607844 -433
21 447.3106 1044.66 0.019607844 -466
22 448.58466 1056.4497 0.019607844 -499
23 454.5791 1100.4269 0.019607844 -502
24 462.5717 1170.3904 0.019607844 -528
25 470.75287 1361.5753 0.019607844 -528
26 468.4058 1436.4987 0.019607844 -582
27 467.56708 1464.2554 0.019607844 -615
28 466.568 1473.2327 0.019607844 -648
29 465.5689 1476.2311 0.019607844 -673
0 875.18964 615.6793 0.019607844 -7
1 862.35675 615.6793 0.019607844 -15
2 842.15063 616.60724 0.019607844 -49
3 818.96375 618.52124 0.019607844 -66
4 788.8698 620.42126 0.019607844 -82
5 724.38416 623.17236 0.019607844 -99
6 633.34235 626.74493 0.019607844 -132
7 568.6592 628.3737 0.019607844 -181
8 525.98987 630.9237 0.019607844 -215
9 500.39017 633.4053 0.019607844 -248
10 480.92447 636.99426 0.019607844 -281
11 470.62924 643.59973 0.019607844 -314
12 458.9837 656.77966 0.019607844 -347
13 453.0805 667.6522 0.019607844 -380
14 443.4018 713.9418 0.019607844 -396
15 450.95026 824.2485 0.019607844 -430
16 467.65323 958.5113 0.019607844 -463
17 480.05548 1087.4336 0.019607844 -496
18 487.85672 1205.5359 0.019607844 -529
19 488.54764 1311.7743 0.019607844 -562
20 488.54764 1360.5875 0.019607844 -595
21 488.54764 1383.1405 0.019607844 -611
22 488.54764 1410.3792 0.019607844 -628
23 488.54764 1420.2603 0.019607844 -661
24 488.54764 1422.2592 0.019607844 -686
0 887.1785 646.6632 0.019607844 -8
1 884.9764 645.56165 0.019607844 -16
2 868.55225 643.66473 0.019607844 -42
3 828.23315 643.66473 0.019607844 -75
4 771.2802 643.66473 0.019607844 -107
5 703.80756 643.66473 0.019607844 -141
6 644.3587 639.1639 0.019607844 -174
7 595.5661 637.66785 0.019607844 -207
8 553.77454 637.66785 0.019607844 -240
9 519.38544 638.70074 0.019607844 -274
10 507.20547 642.3279 0.019607844 -323
11 500.17838 648.02094 0.019607844 -356
12 490.80072 667.6317 0.019607844 -389
13 482.4517 716.4396 0.019607844 -422
14 478.5569 786.35406 0.019607844 -455
15 478.5569 913.2229 0.019607844 -488
16 480.5827 981.5122 0.019607844 -522
17 484.14258 1094.1099 0.019607844 -538
18 489.04718 1219.8646 0.019607844 -571
19 493.98584 1327.0597 0.019607844 -603
20 494.54208 1393.0603 0.019607844 -637
21 493.54303 1426.0514 0.019607844 -670
22 492.54395 1429.2556 0.019607844 -703
23 491.54486 1432.254 0.019607844 -710
0 882.18317 622.67566 0.019607844 -7
1 872.8866 622.67566 0.019607844 -7
2 856.3661 625.8609 0.019607844 -34
3 806.45685 633.26965 0.019607844 -51
4 744.35846 641.21893 0.019607844 -84
5 682.1144 644.66425 0.019607844 -117
6 615.86694 646.6632 0.019607844 -150
7 569.34283 649.6616 0.019607844 -183
8 531.8781 652.06366 0.019607844 -217
9 510.0597 657.3916 0.019607844 -250
10 498.62006 661.1148 0.019607844 -283
11 490.07263 664.8116 0.019607844 -316
12 482.3184 669.1415 0.019607844 -349
13 471.77963 686.7317 0.019607844 -382
14 461.21924 747.9685 0.019607844 -416
15 454.71005 825.6864 0.019607844 -449
16 450.33853 922.942 0.019607844 -482
17 445.11624 1032.6677 0.019607844 -515
18 441.45114 1176.8704 0.019607844 -548
19 441.59113 1287.9332 0.019607844 -581
20 440.54752 1364.1808 0.019607844 -615
21 436.70767 1404.3722 0.019607844 -648
22 435.59668 1421.7977 0.019607844 -681
23 435.59668 1428.5757 0.019607844 -710
24 435.59668 1428.5757 0.019607844 -743
0 924.1443 589.6929 0.019607844 -7
1 922.1418 589.6929 0.019607844 -7
2 906.22375 591.54004 0.019607844 -34
3 868.5405 598.9245 0.019607844 -67
4 816.2756 605.5373 0.019607844 -100
5 764.75037 609.80096 0.019607844 -133
6 729.23145 610.68195 0.019607844 -166
7 651.86475 611.6814 0.019607844 -183
8 612.67523 611.6814 0.019607844 -232
9 581.01166 611.6814 0.019607844 -265
10 558.3881 611.6814 0.019607844 -299
11 540.7084 611.6814 0.019607844 -332
12 522.49164 613.68524 0.019607844 -365
13 509.7566 619.4487 0.019607844 -398
14 496.85306 647.2084 0.019607844 -431
15 488.54764 734.6421 0.019607844 -464
16 493.03973 845.0262 0.019607844 -497
17 510.37637 993.1986 0.019607844 -530
18 526.5045 1135.3367 0.019607844 -564
19 534.51074 1290.5265 0.019607844 -597
20 533.43134 1334.9504 0.019607844 -630
21 528.8442 1394.2708 0.019607844 -646
22 522.6938 1424.3693 0.019607844 -680
23 522.5162 1425.2577 0.019607844 -713
24 521.5171 1429.2556 0.019607844 -714
0 900.1665 618.67773 0.019607844 -8
1 900.1665 618.67773 0.019607844 -8
2 881.4812 614.7223 0.01764706 -35
3 833.67755 607.37354 0.01764706 -68
4 773.71893 599.5458 0.019607844 -101
5 714.06915 593.953 0.019607844 -134
6 649.38635 594.69025 0.019607844 -167
7 600.77167 599.40656 0.019607844 -200
8 580.4833 603.48157 0.019607844 -234
9 556.4003 606.9618 0.019607844 -250
10 536.1044 609.6224 0.019607844 -267
11 520.58923 611.3857 0.019607844 -283
12 509.70343 613.1514 0.019607844 -300
13 502.2859 614.9919 0.019607844 -317
14 494.0194 617.88745 0.019607844 -333
15 481.1237 630.10266 0.019607844 -350
16 469.45923 650.87317 0.019607844 -383
17 459.61713 703.43427 0.019607844 -416
18 457.21243 776.8539 0.019607844 -449
19 456.57724 870.0289 0.019607844 -482
20 459.53705 996.4169 0.019607844 -515
21 457.57632 1051.9822 0.019607844 -549
22 451.87335 1157.4772 0.019607844 -565
23 446.2063 1252.8433 0.019607844 -598
24 439.56638 1323.0371 0.019607844 -631
25 435.59668 1365.0553 0.019607844 -665
26 434.5976 1386.5603 0.01764706 -694
27 434.5976 1387.2775 0.01764706 -727
28 433.5985 1388.2769 0.019607844 -729
