0 755.30066 321.83237 0.01764706 -51
1 755.30066 321.83237 0.01764706 -51
2 753.528 321.83237 0.01764706 -93
3 745.89703 321.83237 0.019607844 -126
4 738.1707 321.83237 0.019607844 -159
5 730.4153 321.83237 0.019607844 -192
6 722.5322 321.83237 0.019607844 -225
7 710.1098 321.83237 0.019607844 -258
8 698.43097 321.83237 0.019607844 -291
9 686.805 321.83237 0.019607844 -324
10 676.9085 321.83237 0.019607844 -357
11 666.7147 321.83237 0.019607844 -390
12 653.0608 321.83237 0.019607844 -423
13 641.9593 321.83237 0.019607844 -456
14 632.4185 321.83237 0.019607844 -489
15 620.02325 324.6318 0.019607844 -522
16 605.9732 328.44534 0.019607844 -555
17 584.0052 329.82822 0.019607844 -588
18 565.4107 333.03964 0.019607844 -621
19 549.55676 336.80817 0.019607844 -654
20 523.76697 337.82404 0.019607844 -687
21 502.46683 340.43628 0.019607844 -720
22 490.67648 342.4665 0.019607844 -753
23 477.7343 343.21832 0.019607844 -769
24 452.97757 344.08795 0.019607844 -786
25 425.41055 347.8433 0.019607844 -819
26 396.0211 348.75372 0.019607844 -852
27 361.51306 351.81674 0.019607844 -885
28 334.01193 353.1987 0.019607844 -918
29 309.19125 355.81467 0.019607844 -951
30 286.06168 355.81467 0.01764706 -984
31 267.07175 356.81415 0.019607844 -1017
32 249.26918 358.8131 0.019607844 -1050
33 234.92035 358.8131 0.019607844 -1083
34 223.88127 358.8131 0.019607844 -1116
35 217.87122 356.83844 0.019607844 -1149
36 214.14474 356.81415 0.019607844 -1166
37 210.46355 356.81415 0.019607844 -1182
38 205.62306 356.81415 0.019607844 -1199
39 201.88374 356.81415 0.019607844 -1232
40 198.11949 362.20547 0.019607844 -1265
41 196.81776 375.9146 0.01764706 -1298
42 198.9272 390.3536 0.019607844 -1347
43 199.6204 409.61807 0.019607844 -1380
44 203.34525 431.44293 0.019607844 -1413
45 205.80943 450.74002 0.019607844 -1446
46 211.83812 490.98407 0.01764706 -1479
47 214.75743 523.33386 0.019607844 -1530
48 217.79834 557.55365 0.01764706 -1563
49 220.41972 593.9287 0.01764706 -1596
50 221.79463 631.5152 0.019607844 -1629
51 224.92703 674.2725 0.01764706 -1662
52 228.85625 719.44293 0.01764706 -1695
53 231.78539 776.16986 0.019607844 -1728
54 233.59987 822.36566 0.019607844 -1761
55 235.56697 868.9685 0.01764706 -1794
56 235.78168 914.955 0.01764706 -1827
57 236.78076 960.1442 0.01764706 -1860
58 238.77892 1008.4085 0.01764706 -1893
59 239.77798 1053.0858 0.01764706 -1927
60 241.1563 1097.9833 0.01764706 -1960
61 241.77614 1144.9346 0.01764706 -1993
62 242.7752 1190.1272 0.01764706 -2026
63 245.87018 1237.5295 0.01764706 -2059
64 247.77058 1298.7131 0.01764706 -2092
65 249.81973 1341.8115 0.01764706 -2125
66 249.76874 1374.5278 0.01764706 -2158
67 249.76874 1400.4795 0.01764706 -2191
68 249.76874 1405.2681 0.01764706 -2240
69 249.76874 1407.267 0.01764706 -2255
0 829.2322 787.5898 0.015686275 -159
1 830.23126 785.5454 0.01764706 -159
2 829.28754 780.7042 0.01764706 -168
3 825.48914 775.84937 0.01764706 -201
4 823.5179 773.8773 0.01764706 -234
5 821.586 771.94464 0.01764706 -251
6 819.6377 769.99554 0.01764706 -267
7 817.69073 768.0478 0.01764706 -284
8 814.26025 765.1086 0.01764706 -300
9 810.3394 763.1474 0.019607844 -317
10 804.98083 761.17896 0.01764706 -333
11 800.07837 759.21094 0.01764706 -350
12 794.3203 757.29083 0.01764706 -366
13 788.50507 755.3516 0.01764706 -383
14 781.4339 753.397 0.01764706 -399
15 773.38934 751.385 0.019607844 -416
16 762.474 749.47296 0.019607844 -432
17 752.8286 748.6101 0.01764706 -449
18 748.3071 748.6101 0.01764706 -465
19 743.31177 748.6101 0.01764706 -473
20 732.3219 748.6101 0.01764706 -498
21 710.0588 745.73096 0.019607844 -498
22 699.0705 745.61163 0.019607844 -531
23 693.35803 746.61115 0.01764706 -548
24 688.3626 746.61115 0.01764706 -558
25 675.37463 746.61115 0.01764706 -583
26 651.39685 745.61163 0.019607844 -583
27 645.4024 745.61163 0.019607844 -617
28 619.42645 747.6106 0.01764706 -659
29 604.01196 747.6106 0.019607844 -659
30 600.44403 747.6106 0.019607844 -680
31 594.4496 747.6106 0.019607844 -684
32 581.4616 747.6106 0.019607844 -710
33 574.4681 748.6101 0.019607844 -710
34 566.47546 748.6101 0.01764706 -727
35 559.48193 748.6101 0.01764706 -727
36 552.48846 748.6101 0.019607844 -735
37 537.5023 748.6101 0.019607844 -761
38 530.5088 748.6101 0.019607844 -761
39 509.52823 749.60956 0.01764706 -795
40 493.54303 750.609 0.019607844 -795
41 484.55133 750.609 0.019607844 -812
42 453.58002 751.6085 0.019607844 -854
43 446.5865 751.6085 0.019607844 -854
44 439.59296 751.6085 0.019607844 -863
45 426.605 751.6085 0.019607844 -888
46 420.61053 751.6085 0.019607844 -888
47 388.64014 752.608 0.019607844 -939
48 370.6568 754.60693 0.019607844 -939
49 365.66144 754.60693 0.019607844 -964
50 327.6966 758.60486 0.019607844 -1041
51 293.72803 785.5908 0.019607844 -1041
52 290.7308 790.5882 0.019607844 -1154
53 280.74005 818.57367 0.019607844 -1205
54 274.7456 841.56165 0.019607844 -1205
55 273.74652 848.55804 0.019607844 -1230
56 272.74747 874.5445 0.019607844 -1264
57 269.75024 895.53357 0.019607844 -1264
58 268.75116 906.52783 0.019607844 -1281
59 265.75394 939.5106 0.019607844 -1315
60 264.75485 951.5044 0.019607844 -1315
61 263.7558 963.49817 0.019607844 -1323
62 262.7567 1002.47784 0.019607844 -1349
63 262.7567 1022.46747 0.019607844 -1349
64 263.7558 1056.4497 0.019607844 -1374
65 263.7558 1074.4404 0.019607844 -1374
66 263.7558 1091.4315 0.019607844 -1382
67 264.75485 1127.4127 0.019607844 -1408
68 265.75394 1144.4039 0.01764706 -1408
69 265.75394 1179.3857 0.019607844 -1432
70 266.75302 1248.3497 0.019607844 -1432
71 266.75302 1266.3405 0.01764706 -1466
72 265.75394 1300.3228 0.019607844 -1492
73 263.5167 1483.5779 0.019607844 -1492
74 263.7558 1552.3917 0.019607844 -1593
75 263.7558 1598.9031 0.01764706 -1639
76 262.7567 1640.1405 0.019607844 -1672
77 262.7567 1680.0787 0.019607844 -1705
78 262.7567 1717.094 0.01764706 -1738
79 261.75763 1749.4453 0.019607844 -1771
80 263.10712 1777.5293 0.01764706 -1804
81 264.199 1799.2809 0.01764706 -1837
82 264.75485 1814.1561 0.01764706 -1870
83 264.75485 1824.952 0.01764706 -1903
84 264.75485 1830.4651 0.01764706 -1936
85 264.75485 1832.0458 0.01764706 -1969
86 264.75485 1832.0458 0.01764706 -1997
0 722.3312 279.85425 0.015686275 -149
1 722.3312 279.85425 0.01764706 -149
2 715.70154 278.6959 0.01764706 -168
3 696.3869 276.8558 0.01764706 -201
4 673.841 280.10995 0.01764706 -234
5 640.67017 278.85477 0.019607844 -267
6 612.61554 279.85425 0.01764706 -300
7 576.8828 277.8553 0.01764706 -333
8 568.47363 277.8553 0.01764706 -366
9 560.481 277.8553 0.01764706 -373
10 529.5097 276.8558 0.01764706 -407
11 520.51807 275.85632 0.01764706 -407
12 514.5236 274.85684 0.01764706 -416
13 480.55505 271.8584 0.01764706 -458
14 468.56613 271.8584 0.01764706 -458
15 460.57355 271.8584 0.01764706 -466
16 434.5976 269.85944 0.01764706 -501
17 425.60593 268.85995 0.01764706 -501
18 412.61795 268.85995 0.01764706 -509
19 387.64108 266.861 0.01764706 -543
20 271.3334 262.94656 0.01764706 -543
21 245.19319 260.86414 0.01764706 -646
22 218.20383 262.29575 0.01764706 -679
23 204.95656 261.86362 0.01764706 -712
24 197.6938 261.86362 0.01764706 -745
25 194.81961 262.8631 0.01764706 -778
26 193.82054 262.8631 0.01764706 -803
27 181.83163 286.8506 0.01764706 -890
28 178.83441 310.8381 0.01764706 -890
29 177.83534 319.8334 0.01764706 -915
30 173.83904 363.81052 0.01764706 -957
31 172.83997 377.80322 0.019607844 -957
32 172.83997 419.78134 0.01764706 -991
33 172.83997 433.77408 0.01764706 -991
34 172.83997 473.75323 0.01764706 -1025
35 172.83997 487.74594 0.01764706 -1025
36 172.83997 501.73868 0.019607844 -1034
37 172.83997 531.723 0.01764706 -1059
38 172.83997 546.7152 0.01764706 -1059
39 173.83904 562.7069 0.01764706 -1068
40 173.83904 596.6892 0.01764706 -1093
41 173.83904 612.6809 0.019607844 -1093
42 174.83812 661.6554 0.01764706 -1127
43 175.83719 676.6476 0.01764706 -1127
44 175.83719 707.6314 0.01764706 -1152
45 175.83719 723.6231 0.01764706 -1152
46 175.83719 740.61426 0.01764706 -1160
47 176.83626 772.5976 0.01764706 -1186
48 176.83626 787.5898 0.01764706 -1186
49 176.83626 801.5825 0.01764706 -1194
50 176.83626 829.56793 0.01764706 -1219
51 176.83626 843.5606 0.01764706 -1219
52 176.83626 857.55334 0.01764706 -1228
53 176.83626 885.53876 0.01764706 -1252
54 177.83534 965.49713 0.01764706 -1252
55 177.83534 978.49036 0.01764706 -1303
56 177.83534 1005.4763 0.01764706 -1328
57 180.83257 1146.4028 0.01764706 -1328
58 180.83257 1158.3966 0.01764706 -1419
59 180.83257 1180.3851 0.01764706 -1444
60 183.82979 1318.3762 0.01764706 -1444
61 183.82979 1351.051 0.01764706 -1559
62 183.82979 1373.9036 0.01764706 -1602
63 183.82979 1385.0883 0.01764706 -1635
64 183.82979 1392.268 0.01764706 -1668
65 183.82979 1396.2727 0.015686275 -1701
66 183.82979 1396.2727 0.015686275 -1717
0 729.3247 246.87141 0.01764706 -100
1 729.3247 246.87141 0.01764706 -100
2 719.3693 247.52594 0.01764706 -125
3 705.46484 251.33957 0.019607844 -175
4 687.8139 254.17744 0.019607844 -208
5 661.9692 258.06815 0.019607844 -241
6 636.5447 259.8479 0.019607844 -274
7 604.8995 260.86414 0.01764706 -307
8 573.6754 262.40524 0.019607844 -340
9 540.1028 262.8631 0.019607844 -373
10 508.59006 263.85495 0.019607844 -406
11 465.32874 264.86203 0.019607844 -439
12 423.84293 265.8615 0.01764706 -472
13 389.9763 269.15564 0.019607844 -505
14 349.5034 269.85944 0.01764706 -538
15 308.25705 271.8584 0.01764706 -571
16 276.5971 273.37595 0.01764706 -604
17 243.18867 274.85684 0.01764706 -637
18 215.05495 276.81348 0.01764706 -670
19 184.68097 277.8553 0.01764706 -703
20 158.3534 280.85373 0.01764706 -736
21 141.48094 283.9491 0.01764706 -768
22 130.30746 287.70743 0.019607844 -802
23 122.857346 291.3627 0.01764706 -835
24 115.2849 295.15045 0.01764706 -868
25 108.889595 307.87796 0.01764706 -901
26 102.54423 329.59122 0.01764706 -934
27 99.40796 362.31128 0.01764706 -967
28 95.677574 396.13202 0.01764706 -999
29 94.91212 443.0688 0.01764706 -1033
30 94.15373 507.64005 0.01764706 -1066
31 96.70623 545.83527 0.01764706 -1099
32 104.45169 613.97064 0.01764706 -1115
33 112.468315 683.7959 0.01764706 -1149
34 115.89269 750.8696 0.01764706 -1182
35 118.948586 815.6909 0.01764706 -1215
36 121.90915 877.8511 0.01764706 -1248
37 123.926735 920.2259 0.01764706 -1281
38 125.6622 978.39014 0.01764706 -1297
39 131.54396 1037.78 0.01764706 -1330
40 137.52182 1095.5175 0.01764706 -1363
41 143.86679 1147.7081 0.01764706 -1396
42 149.31792 1194.3959 0.01764706 -1429
43 153.4892 1236.4596 0.01764706 -1462
44 156.85477 1276.2834 0.01764706 -1495
45 160.2426 1315.4426 0.01764706 -1528
46 160.85106 1341.2808 0.01764706 -1561
47 163.2473 1363.6805 0.01764706 -1594
48 163.8483 1373.2847 0.01764706 -1627
49 163.8483 1378.2821 0.01764706 -1641
0 1017.0583 611.6814 0.01764706 -175
1 1013.7952 611.6814 0.01764706 -175
2 996.48956 611.6814 0.01764706 -183
3 971.32855 611.6814 0.01764706 -216
4 937.0004 611.6814 0.01764706 -249
5 900.894 611.6814 0.01764706 -282
6 859.2011 611.6814 0.01764706 -315
7 815.915 611.6814 0.01764706 -348
8 775.7879 611.6814 0.01764706 -381
9 736.215 611.6814 0.01764706 -414
10 694.3231 611.6814 0.01764706 -447
11 652.0374 610.68195 0.01764706 -480
12 615.98895 610.68195 0.01764706 -513
13 582.2527 609.68243 0.01764706 -546
14 542.7231 607.90594 0.01764706 -579
15 511.47266 607.27295 0.01764706 -612
16 486.1191 604.68506 0.01764706 -646
17 460.7061 603.68555 0.01764706 -679
18 442.69095 601.6866 0.01764706 -712
19 423.3741 601.6866 0.01764706 -745
20 410.12582 601.6866 0.01764706 -778
21 400.44223 603.68555 0.01764706 -811
22 395.40085 603.68555 0.01764706 -844
23 390.9816 605.5128 0.01764706 -877
24 387.06363 622.2997 0.01764706 -910
25 383.2738 644.5208 0.01764706 -943
26 380.64755 680.32623 0.01764706 -976
27 382.41165 733.63544 0.01764706 -1009
28 386.17215 794.24054 0.01764706 -1042
29 394.04874 865.5122 0.01764706 -1075
30 402.6968 932.76855 0.01764706 -1108
31 407.53787 1013.9458 0.01764706 -1141
32 412.27188 1077.8966 0.01764706 -1174
33 414.11658 1140.9058 0.01764706 -1207
34 414.9992 1198.5941 0.01764706 -1239
35 418.6562 1258.914 0.01764706 -1273
36 422.63538 1326.736 0.01764706 -1306
37 424.46103 1386.5265 0.01764706 -1339
38 427.60406 1440.6036 0.01764706 -1372
39 430.6013 1492.9067 0.01764706 -1405
40 433.59854 1538.199 0.01764706 -1438
41 431.60037 1581.5356 0.01764706 -1470
42 430.14954 1629.7683 0.01764706 -1504
43 429.60223 1644.1437 0.01764706 -1537
44 429.60223 1651.14 0.01764706 -1558
0 717.3358 280.85373 0.01764706 -150
1 717.31244 280.85373 0.01764706 -150
2 707.65454 280.85373 0.019607844 -167
3 689.1555 281.49466 0.01764706 -199
4 666.0289 284.85162 0.019607844 -232
5 634.35077 284.85162 0.019607844 -265
6 602.1391 286.8506 0.01764706 -298
7 560.5795 289.7492 0.019607844 -331
8 518.2691 289.5084 0.019607844 -365
9 474.5606 291.848 0.01764706 -398
10 437.33368 295.96054 0.019607844 -430
11 393.72577 298.7535 0.019607844 -464
12 343.25165 302.12872 0.019607844 -497
13 303.09244 305.30368 0.019607844 -530
14 254.35707 308.7799 0.019607844 -563
15 222.16255 311.54172 0.019607844 -612
16 192.82147 315.33575 0.01764706 -645
17 166.30318 315.83548 0.019607844 -678
18 148.3458 316.71423 0.019607844 -711
19 134.33676 320.3461 0.019607844 -744
20 126.55035 323.9975 0.019607844 -777
21 119.10097 327.7237 0.019607844 -810
22 115.89269 338.04187 0.019607844 -843
23 115.89269 346.92484 0.019607844 -876
24 114.45165 356.0264 0.01764706 -893
25 114.893616 381.778 0.01764706 -909
26 114.893616 413.21027 0.01764706 -942
27 116.58577 465.4696 0.01764706 -975
28 120.22723 514.79443 0.019607844 -1008
29 127.58796 581.05225 0.01764706 -1041
30 142.84637 685.5076 0.019607844 -1074
31 155.44176 773.8349 0.01764706 -1124
32 161.55653 841.5657 0.019607844 -1158
33 167.47202 906.56116 0.01764706 -1191
34 172.28668 971.52563 0.01764706 -1224
35 176.21533 1035.5165 0.01764706 -1257
36 182.11363 1094.5469 0.01764706 -1290
37 186.87949 1154.1868 0.01764706 -1323
38 189.82486 1220.3751 0.01764706 -1356
39 190.82332 1275.1124 0.01764706 -1389
40 191.6971 1320.6819 0.01764706 -1422
41 191.82239 1343.3003 0.01764706 -1455
42 191.82239 1352.2957 0.01764706 -1472
0 1015.0601 616.6788 0.01764706 -193
1 1007.75287 616.6788 0.01764706 -193
2 981.67847 616.6788 0.01764706 -201
3 944.11633 617.3462 0.01764706 -234
4 903.6633 618.67773 0.01764706 -268
5 863.1433 620.8823 0.01764706 -300
6 811.1388 621.7555 0.01764706 -334
7 757.6609 619.67725 0.01764706 -367
8 708.35785 618.67773 0.01764706 -400
9 666.48956 616.3545 0.01764706 -433
10 626.769 615.52936 0.01764706 -466
11 581.7705 614.6798 0.01764706 -499
12 548.31757 612.9946 0.01764706 -532
13 517.3146 612.6809 0.01764706 -565
14 492.33124 610.68195 0.01764706 -598
15 463.79553 610.68195 0.01764706 -630
16 441.9784 610.68195 0.01764706 -663
17 424.71228 610.68195 0.01764706 -696
18 415.23303 610.68195 0.01764706 -729
19 409.10388 610.68195 0.01764706 -762
20 405.4835 610.68195 0.019607844 -795
21 403.62628 611.5574 0.019607844 -828
22 404.25342 621.81476 0.01764706 -861
23 406.6235 641.82513 0.01764706 -894
24 409.2423 675.3757 0.01764706 -927
25 409.62073 699.09973 0.01764706 -960
26 412.63193 729.75275 0.01764706 -977
27 416.61426 796.90784 0.01764706 -993
28 422.10297 869.4356 0.01764706 -1027
29 427.44022 948.19403 0.01764706 -1060
30 432.0826 1031.5308 0.01764706 -1093
31 434.521 1122.7949 0.01764706 -1126
32 434.5976 1189.05 0.01764706 -1159
33 436.59573 1254.302 0.01764706 -1192
34 439.59296 1316.6024 0.01764706 -1225
35 443.2477 1385.2272 0.01764706 -1258
36 446.5865 1448.2311 0.01764706 -1291
37 449.9047 1514.3517 0.01764706 -1324
38 450.5828 1577.0201 0.01764706 -1357
39 451.58188 1633.6434 0.01764706 -1390
40 451.58188 1639.1462 0.01764706 -1423
41 452.58093 1651.14 0.01764706 -1429
0 1018.0574 589.6929 0.015686275 -159
1 1017.0048 589.6929 0.015686275 -159
2 1007.10236 586.706 0.01764706 -168
3 991.94244 584.69543 0.01764706 -201
4 956.0834 580.6975 0.01764706 -234
5 929.01483 579.55927 0.01764706 -284
6 897.26746 576.69965 0.01764706 -317
7 864.6964 574.9999 0.01764706 -350
8 811.8115 570.65424 0.01764706 -383
9 770.18884 567.7736 0.015686275 -432
10 733.5902 564.7059 0.01764706 -465
11 692.3555 561.70746 0.01764706 -498
12 653.74866 560.2377 0.01764706 -531
13 616.9883 559.7085 0.01764706 -564
14 576.13605 558.709 0.01764706 -597
15 533.6211 557.70953 0.01764706 -630
16 497.08072 557.70953 0.01764706 -663
17 464.9898 556.71 0.01764706 -696
18 440.7444 556.71 0.01764706 -730
19 424.82208 556.71 0.01764706 -763
20 415.5076 557.70953 0.01764706 -796
21 409.80258 557.70953 0.01764706 -829
22 405.27264 561.0599 0.01764706 -862
23 397.56787 575.82806 0.01764706 -895
24 392.63644 598.5084 0.01764706 -928
25 387.5477 636.50977 0.01764706 -961
26 387.66348 687.3504 0.01764706 -994
27 398.0983 776.6635 0.01764706 -1027
28 405.62442 855.3092 0.01764706 -1060
29 412.2255 932.8362 0.01764706 -1093
30 418.8001 1011.7883 0.01764706 -1126
31 427.89783 1127.4114 0.01764706 -1159
32 437.66946 1213.6074 0.01764706 -1208
33 441.12753 1247.6382 0.01764706 -1241
34 450.06866 1326.3834 0.01764706 -1258
35 457.6777 1401.8026 0.01764706 -1291
36 459.50378 1483.713 0.01764706 -1324
37 462.57922 1543.0607 0.01764706 -1357
38 462.44955 1578.9551 0.01764706 -1390
39 463.57077 1625.9485 0.01764706 -1423
40 466.568 1666.9749 0.01764706 -1456
41 465.5689 1678.126 0.01764706 -1489
42 464.56985 1686.1218 0.01764706 -1497
0 1018.0574 594.69025 0.01764706 -150
1 1011.7284 594.69025 0.01764706 -150
2 993.48914 597.6069 0.01764706 -167
3 975.0661 596.6892 0.01764706 -200
4 931.6416 597.9894 0.01764706 -233
5 897.61066 598.3754 0.01764706 -282
6 869.03687 594.0965 0.01764706 -315
7 854.20905 594.69025 0.01764706 -348
8 854.20905 594.69025 0.01764706 -359
9 785.2729 588.69336 0.01764706 -384
10 782.2757 588.69336 0.01764706 -384
11 782.2757 588.69336 0.01764706 -410
12 727.32654 587.6939 0.01764706 -436
13 727.32654 587.6939 0.01764706 -436
14 727.32654 587.6939 0.01764706 -452
15 673.3765 583.696 0.01764706 -478
16 673.3765 583.696 0.01764706 -478
17 673.3765 583.696 0.01764706 -494
18 620.42554 582.6965 0.01764706 -520
19 619.42645 582.6965 0.01764706 -520
20 619.42645 582.6965 0.01764706 -537
21 557.4838 583.696 0.01764706 -563
22 556.48474 583.696 0.01764706 -563
23 556.48474 583.696 0.01764706 -579
24 502.5347 582.6965 0.01764706 -605
25 499.53748 582.6965 0.01764706 -605
26 499.53748 582.6965 0.01764706 -630
27 440.59204 582.6965 0.01764706 -665
28 437.59482 582.6965 0.01764706 -665
29 437.59482 582.6965 0.01764706 -699
30 397.63184 578.6986 0.01764706 -741
31 387.64108 602.0075 0.01764706 -741
32 383.84598 638.05646 0.01764706 -860
33 383.64478 683.9325 0.01764706 -893
34 385.6429 741.4045 0.01764706 -926
35 388.64014 809.93005 0.01764706 -959
36 396.84995 884.60443 0.01764706 -992
37 406.8306 965.6371 0.01764706 -1025
38 412.5832 1052.4774 0.01764706 -1058
39 415.61517 1134.7676 0.01764706 -1091
40 421.60962 1242.6023 0.01764706 -1124
41 426.605 1309.6746 0.01764706 -1174
42 429.60223 1375.8495 0.01764706 -1207
43 432.59946 1437.1267 0.01764706 -1240
44 436.59573 1498.7926 0.01764706 -1273
45 440.1529 1557.7931 0.01764706 -1306
46 444.58835 1613.137 0.01764706 -1339
47 449.16266 1658.236 0.01764706 -1372
48 449.5837 1664.1332 0.01764706 -1405
49 449.5837 1676.127 0.01764706 -1408
0 662.38666 343.82092 0.01764706 -135
1 661.1541 343.82092 0.01764706 -135
2 661.1541 343.82092 0.01764706 -153
3 652.39594 343.82092 0.01764706 -175
4 618.57684 344.80377 0.01764706 -175
5 579.7357 344.8204 0.01764706 -219
6 533.97406 346.81937 0.01764706 -252
7 489.31796 347.10928 0.01764706 -285
8 466.0098 347.59702 0.01764706 -318
9 422.097 350.2397 0.01764706 -334
10 379.308 352.095 0.01764706 -367
11 336.40326 351.14563 0.01764706 -400
12 289.10452 349.81778 0.01764706 -433
13 251.5666 350.73734 0.01764706 -466
14 216.09128 348.81833 0.01764706 -500
15 186.18692 348.81833 0.01764706 -533
16 160.853 346.81937 0.01764706 -566
17 141.03423 346.81937 0.01764706 -597
18 126.03752 347.7803 0.01764706 -630
19 115.38726 349.57086 0.01764706 -663
20 105.57407 356.47067 0.01764706 -696
21 101.58865 371.0758 0.01764706 -746
22 98.90842 389.801 0.01764706 -779
23 98.90842 423.1513 0.01764706 -812
24 98.90842 459.92963 0.01764706 -845
25 98.90842 503.2379 0.01764706 -878
26 100.17881 553.24225 0.01764706 -911
27 104.21643 611.0627 0.01764706 -944
28 108.10748 672.1788 0.01764706 -977
29 113.86534 745.1441 0.01764706 -1010
30 117.6796 812.98224 0.01764706 -1043
31 119.639275 873.29584 0.01764706 -1076
32 123.46225 939.1593 0.01764706 -1109
33 128.22864 971.59924 0.01764706 -1142
34 131.72989 1002.2064 0.01764706 -1159
35 134.45743 1034.1903 0.01764706 -1175
36 137.39365 1068.2982 0.01764706 -1192
37 144.43985 1129.2872 0.01764706 -1208
38 152.47176 1191.9762 0.01764706 -1241
39 160.74846 1255.0759 0.01764706 -1274
40 164.27696 1285.3375 0.01764706 -1307
41 171.22691 1336.8092 0.01764706 -1324
42 175.2668 1386.9974 0.01764706 -1357
43 175.83719 1403.269 0.01764706 -1390
44 176.83626 1412.2644 0.01764706 -1403
0 685.3654 280.85373 0.015686275 -58
1 685.3654 280.85373 0.015686275 -58
2 681.7258 280.85373 0.01764706 -91
3 673.7705 281.85318 0.019607844 -124
4 659.17126 284.85162 0.019607844 -157
5 648.6771 285.8511 0.019607844 -190
6 638.12384 285.8511 0.019607844 -206
7 619.40173 289.05438 0.019607844 -223
8 591.9607 291.848 0.01764706 -256
9 565.31665 294.87308 0.019607844 -289
10 527.66833 295.84592 0.01764706 -322
11 497.2396 297.84488 0.019607844 -355
12 466.3261 299.8438 0.01764706 -388
13 434.35117 302.3144 0.01764706 -421
14 400.2731 302.99286 0.01764706 -454
15 367.586 306.84836 0.01764706 -487
16 327.9533 311.3864 0.01764706 -520
17 288.0046 313.50958 0.01764706 -553
18 254.53458 316.3052 0.019607844 -586
19 222.49959 320.0882 0.01764706 -619
20 198.29362 323.75183 0.01764706 -652
21 169.84274 326.82977 0.01764706 -685
22 164.84737 327.82925 0.01764706 -721
23 155.85568 328.82874 0.01764706 -746
24 146.34674 331.33334 0.01764706 -746
25 138.37802 336.31866 0.01764706 -768
26 130.80484 349.04034 0.01764706 -801
27 125.21613 370.81442 0.01764706 -834
28 123.26854 384.1212 0.01764706 -867
29 121.39324 397.7477 0.01764706 -883
30 119.52353 412.71143 0.01764706 -900
31 119.88899 449.86124 0.01764706 -916
32 119.88899 475.7913 0.01764706 -949
33 119.88899 509.24976 0.01764706 -966
34 119.88899 565.8987 0.01764706 -982
35 121.401924 620.87726 0.01764706 -1015
36 128.02783 718.1145 0.01764706 -1048
37 135.16896 793.6748 0.01764706 -1098
38 143.98825 864.58307 0.01764706 -1131
39 152.64436 940.5815 0.019607844 -1164
40 159.66515 1005.1673 0.019607844 -1197
41 165.44614 1062.4415 0.01764706 -1230
42 170.55829 1115.7297 0.01764706 -1263
43 174.41628 1164.3268 0.01764706 -1296
44 178.41998 1210.3917 0.01764706 -1329
45 181.33209 1254.3466 0.01764706 -1362
46 183.29141 1295.9363 0.01764706 -1394
47 184.23338 1332.9415 0.01764706 -1428
48 186.82701 1363.6968 0.01764706 -1461
49 186.82701 1375.2837 0.01764706 -1494
50 188.82516 1385.2784 0.019607844 -1506
0 720.333 298.84433 0.01764706 -43
1 720.333 298.84433 0.01764706 -43
2 715.32495 298.84433 0.01764706 -68
3 700.8564 299.8438 0.01764706 -101
4 682.1972 301.67706 0.019607844 -134
5 655.2183 305.6127 0.01764706 -168
6 625.93066 308.12228 0.019607844 -201
7 592.16833 312.31326 0.01764706 -234
8 562.11206 315.1318 0.01764706 -267
9 525.6958 319.03577 0.01764706 -300
10 508.53156 321.2074 0.01764706 -333
11 489.63705 321.83237 0.01764706 -349
12 470.72006 321.83237 0.01764706 -366
13 433.52753 321.83237 0.01764706 -382
14 393.63766 321.83237 0.01764706 -415
15 358.5574 322.83185 0.01764706 -448
16 323.77527 320.8329 0.01764706 -481
17 311.71136 320.8329 0.01764706 -514
18 302.7197 320.8329 0.01764706 -526
19 285.73544 319.8334 0.01764706 -551
20 229.61172 320.8329 0.01764706 -551
21 201.16649 320.8329 0.01764706 -613
22 172.94583 320.8329 0.01764706 -646
23 153.14346 320.8329 0.01764706 -679
24 140.96736 322.28317 0.01764706 -712
25 133.20584 322.83185 0.01764706 -745
26 129.82233 322.83185 0.01764706 -778
27 126.02161 325.55383 0.01764706 -811
28 120.37195 341.88834 0.019607844 -844
29 119.88899 362.7525 0.01764706 -894
30 119.88899 388.5671 0.01764706 -927
31 119.88899 423.32947 0.01764706 -960
32 119.88899 485.02496 0.01764706 -993
33 122.52442 537.65015 0.01764706 -1026
34 127.42516 601.37714 0.01764706 -1059
35 132.2105 664.64734 0.01764706 -1092
36 134.87512 729.0499 0.01764706 -1125
37 135.87419 789.8235 0.01764706 -1159
38 133.81949 855.7428 0.01764706 -1192
39 133.87604 916.33746 0.01764706 -1225
40 135.87419 975.3181 0.01764706 -1258
41 139.51741 1031.808 0.01764706 -1291
42 143.99425 1090.4525 0.01764706 -1324
43 146.86401 1147.4023 0.01764706 -1357
44 154.81427 1203.119 0.01764706 -1389
45 155.85568 1253.7955 0.01764706 -1423
46 157.85384 1294.263 0.01764706 -1456
47 159.2402 1330.4082 0.01764706 -1489
48 161.85014 1357.8646 0.01764706 -1522
49 161.85014 1374.2842 0.01764706 -1555
50 161.85014 1381.2805 0.01764706 -1577
0 1018.0574 631.67096 0.01764706 -159
1 1014.71423 631.67096 0.01764706 -159
2 1000.9175 630.81213 0.01764706 -168
3 983.4788 629.67206 0.01764706 -201
4 966.992 630.19055 0.01764706 -234
5 933.87 632.34705 0.01764706 -268
6 909.76355 631.67096 0.01764706 -317
7 885.1634 633.6728 0.01764706 -350
8 857.73035 630.6715 0.01764706 -384
9 831.46375 632.35156 0.01764706 -417
10 800.7368 629.67206 0.01764706 -450
11 785.34094 629.67206 0.01764706 -483
12 768.41296 630.1842 0.01764706 -500
13 747.724 628.25604 0.01764706 -516
14 732.7592 628.67255 0.01764706 -533
15 710.9081 627.4704 0.01764706 -549
16 694.5295 626.6736 0.01764706 -566
17 663.3148 626.6736 0.01764706 -582
18 627.2079 624.6746 0.01764706 -616
19 592.1546 622.1944 0.01764706 -649
20 556.0447 621.6762 0.01764706 -682
21 518.09644 619.67725 0.01764706 -715
22 493.2704 619.67725 0.01764706 -748
23 465.42697 616.6788 0.01764706 -781
24 448.45496 616.6788 0.01764706 -814
25 434.27524 616.6788 0.01764706 -843
26 430.13028 616.6788 0.01764706 -893
27 426.49094 616.6788 0.01764706 -926
28 422.9216 630.83624 0.01764706 -959
29 416.88766 649.567 0.01764706 -992
30 414.11655 685.64294 0.01764706 -1025
31 410.6198 733.50586 0.01764706 -1058
32 407.62256 798.8969 0.01764706 -1091
33 411.62695 882.6454 0.01764706 -1124
34 414.45355 975.7739 0.01764706 -1157
35 416.61426 1055.2467 0.01764706 -1190
36 418.6124 1126.3813 0.01764706 -1223
37 418.6124 1192.4323 0.01764706 -1256
38 418.6124 1255.0345 0.01764706 -1289
39 418.6124 1314.7797 0.01764706 -1322
40 420.89972 1404.7286 0.01764706 -1355
41 421.9515 1464.9747 0.01764706 -1405
42 421.60962 1514.8077 0.01764706 -1438
43 421.60962 1574.1013 0.01764706 -1471
44 419.61148 1629.4691 0.01764706 -1504
45 418.6533 1678.6752 0.01764706 -1537
46 418.6124 1679.1254 0.01764706 -1570
47 418.6124 1687.1212 0.01764706 -1570
0 1017.0583 654.659 0.01764706 -165
1 999.3434 649.31555 0.01764706 -165
2 969.7219 642.512 0.01764706 -193
3 951.826 641.6658 0.01764706 -226
4 917.97485 635.63 0.01764706 -242
5 897.0612 635.6689 0.015686275 -275
6 860.40283 629.80524 0.01764706 -292
7 820.9964 627.9486 0.01764706 -325
8 802.453 626.6736 0.01764706 -358
9 764.29236 626.1738 0.01764706 -375
10 729.90265 625.67413 0.01764706 -407
11 689.0849 624.6746 0.01764706 -437
12 652.45264 627.17804 0.01764706 -470
13 614.9196 626.6736 0.01764706 -503
14 578.0069 626.6736 0.01764706 -536
15 539.9051 629.6271 0.01764706 -569
16 507.1355 627.6731 0.01764706 -602
17 484.2016 628.0646 0.01764706 -635
18 465.08658 631.79156 0.01764706 -668
19 448.88565 629.67206 0.01764706 -701
20 440.26974 629.67206 0.019607844 -734
21 436.15668 630.11127 0.019607844 -767
22 435.59668 633.843 0.01764706 -800
23 432.63443 643.5598 0.01764706 -834
24 429.60223 674.2019 0.01764706 -867
25 426.12735 706.457 0.01764706 -916
26 427.1671 732.1792 0.01764706 -949
27 425.29932 756.28876 0.01764706 -966
28 425.59634 811.7115 0.01764706 -982
29 427.60406 885.1088 0.01764706 -1015
30 430.6308 954.3565 0.01764706 -1048
31 431.60037 992.32196 0.01764706 -1081
32 432.8768 1022.9658 0.01764706 -1098
33 437.2267 1088.433 0.01764706 -1114
34 438.9892 1153.96 0.01764706 -1147
35 443.9822 1229.4895 0.01764706 -1180
36 445.58743 1300.1637 0.01764706 -1213
37 450.5828 1375.9807 0.01764706 -1246
38 454.55222 1447.7886 0.01764706 -1280
39 457.46875 1511.49 0.01764706 -1313
40 455.72473 1568.4229 0.01764706 -1346
41 453.62708 1625.6823 0.01764706 -1379
42 451.58188 1668.1311 0.01764706 -1412
43 450.5828 1679.1254 0.01764706 -1436
0 1013.062 619.67725 0.01764706 -219
1 988.8874 619.67725 0.01764706 -219
2 934.83374 622.67566 0.01764706 -242
3 897.5819 626.1913 0.015686275 -292
4 850.28973 625.67413 0.015686275 -325
5 800.5601 625.67413 0.01764706 -358
6 750.89825 623.6752 0.01764706 -391
7 707.8773 622.0537 0.01764706 -424
8 667.42426 620.2186 0.015686275 -457
9 623.77423 617.6783 0.01764706 -490
10 577.08344 616.6788 0.01764706 -523
11 536.9245 614.6798 0.01764706 -556
12 507.7539 614.6798 0.01764706 -589
13 482.60062 614.6798 0.01764706 -621
14 464.24042 613.59796 0.01764706 -654
15 453.9487 613.68036 0.01764706 -687
16 448.02927 613.68036 0.01764706 -720
17 444.33606 613.68036 0.01764706 -753
18 440.58368 615.6877 0.01764706 -786
19 434.99265 635.28516 0.01764706 -819
20 427.95853 653.88544 0.01764706 -852
21 423.92117 690.1015 0.01764706 -885
22 418.6124 725.2394 0.01764706 -918
23 415.61517 889.7676 0.01764706 -951
24 417.6133 928.2861 0.01764706 -1034
25 418.6124 996.10406 0.01764706 -1050
26 420.0746 1064.3989 0.01764706 -1083
27 423.65076 1135.362 0.01764706 -1116
28 425.60593 1201.737 0.01764706 -1149
29 429.8047 1275.619 0.01764706 -1182
30 428.60315 1362.7067 0.01764706 -1215
31 431.60037 1430.141 0.01764706 -1248
32 433.5985 1496.5068 0.01764706 -1282
33 435.59668 1553.7568 0.01764706 -1315
34 435.83105 1603.177 0.01764706 -1348
35 435.59668 1638.805 0.01764706 -1381
36 434.6533 1665.129 0.01764706 -1414
37 434.5976 1677.1265 0.01764706 -1430
38 434.5976 1685.1223 0.01764706 -1439
0 1018.0574 612.6809 0.01764706 -227
1 1001.7798 612.6809 0.01764706 -227
2 970.61755 611.6814 0.01764706 -250
3 937.4659 610.22394 0.01764706 -282
4 901.9306 607.46014 0.01764706 -315
5 868.39655 603.4573 0.01764706 -348
6 822.5262 600.73944 0.01764706 -381
7 794.2646 599.6876 0.01764706 -414
8 794.2646 599.6876 0.01764706 -431
9 721.3321 590.6923 0.01764706 -456
10 712.3391 589.8592 0.01764706 -456
11 692.35895 588.69336 0.01764706 -481
12 692.35895 588.69336 0.01764706 -508
13 616.42926 587.6939 0.01764706 -534
14 613.432 587.6939 0.01764706 -534
15 613.432 587.6939 0.01764706 -559
16 554.4866 587.6939 0.01764706 -586
17 552.48846 587.6939 0.01764706 -586
18 552.48846 587.6939 0.01764706 -611
19 498.5384 583.696 0.01764706 -637
20 498.5384 583.696 0.01764706 -637
21 492.8419 583.696 0.01764706 -680
22 489.05963 583.696 0.01764706 -712
23 485.25482 583.696 0.01764706 -745
24 481.49295 586.75555 0.01764706 -778
25 474.03604 595.7398 0.01764706 -811
26 472.56244 601.6866 0.01764706 -844
27 457.57632 591.69183 0.023529414 -854
28 459.57446 620.6767 0.01764706 -879
29 462.45245 731.86523 0.01764706 -879
30 467.81152 791.38196 0.01764706 -943
31 472.55508 875.338 0.01764706 -976
32 478.25073 963.12756 0.01764706 -1009
33 481.5541 1042.1072 0.01764706 -1042
34 484.55133 1116.9247 0.01764706 -1075
35 485.99893 1182.6499 0.01764706 -1108
36 486.17383 1249.989 0.01764706 -1141
37 487.15787 1316.3987 0.01764706 -1174
38 488.33807 1387.3895 0.01764706 -1207
39 488.1885 1451.6884 0.01764706 -1240
40 488.54764 1513.0452 0.01764706 -1273
41 488.54764 1574.3003 0.01764706 -1306
42 489.14343 1611.83 0.01764706 -1339
43 485.32855 1639.4784 0.01764706 -1356
44 484.55133 1663.1338 0.01764706 -1389
45 483.55228 1675.1274 0.01764706 -1402
0 1016.0592 611.6814 0.01764706 -192
1 1003.1955 610.84247 0.01764706 -192
2 961.01355 607.2285 0.01764706 -207
3 931.83496 601.91907 0.01764706 -256
4 894.2739 594.31085 0.01764706 -289
5 859.6112 587.53235 0.015686275 -322
6 813.62805 581.97314 0.01764706 -355
7 768.08014 579.69806 0.01764706 -388
8 682.7526 572.2404 0.01764706 -421
9 646.4861 573.9139 0.01764706 -487
10 623.1986 571.5001 0.01764706 -520
11 582.6733 572.88605 0.01764706 -537
12 549.52466 571.7022 0.01764706 -570
13 534.9345 573.2115 0.01764706 -603
14 523.2184 575.0834 0.01764706 -619
15 509.52045 574.4498 0.01764706 -636
16 496.69073 574.7007 0.01764706 -652
17 474.99878 575.70013 0.01764706 -669
18 459.06525 577.2026 0.01764706 -702
19 449.21414 577.6991 0.01764706 -735
20 442.54663 577.6991 0.01764706 -768
21 436.12646 582.1665 0.01764706 -801
22 428.85727 590.4381 0.01764706 -834
23 421.31607 606.41864 0.01764706 -867
24 419.3963 624.39777 0.01764706 -900
25 415.29816 639.7774 0.01764706 -917
26 409.8087 696.81525 0.01764706 -933
27 407.62256 756.8618 0.01764706 -966
28 409.0655 830.1959 0.01764706 -999
29 409.62073 900.6113 0.01764706 -1032
30 410.8389 977.31506 0.01764706 -1065
31 410.6476 1050.9237 0.01764706 -1098
32 410.6198 1137.339 0.01764706 -1131
33 409.62073 1181.467 0.01764706 -1164
34 408.8893 1246.1359 0.01764706 -1181
35 408.00195 1309.761 0.01764706 -1214
36 405.0114 1372.648 0.01764706 -1247
37 403.05722 1434.6572 0.01764706 -1280
38 401.10553 1493.9758 0.01764706 -1313
39 399.63 1555.19 0.01764706 -1346
40 400.1046 1592.8213 0.01764706 -1379
41 400.62906 1619.4127 0.01764706 -1412
42 400.62906 1634.9357 0.01764706 -1428
43 400.62906 1648.1416 0.01764706 -1445
44 401.6281 1661.1348 0.01764706 -1457
0 1018.0574 634.66943 0.015686275 -209
1 1004.8423 636.55804 0.01764706 -209
2 966.6273 637.3478 0.01764706 -224
3 925.614 637.66785 0.01764706 -257
4 881.337 638.2637 0.01764706 -290
5 837.26166 636.6684 0.01764706 -323
6 789.0125 632.6705 0.015686275 -356
7 733.25415 625.0655 0.015686275 -390
8 689.72076 620.013 0.01764706 -423
9 649.4933 616.38837 0.01764706 -456
10 610.69415 615.6793 0.01764706 -489
11 574.7728 615.6793 0.01764706 -522
12 536.77045 614.6798 0.01764706 -555
13 508.25824 614.6798 0.01764706 -588
14 485.19992 612.6809 0.01764706 -621
15 462.4973 612.6809 0.01764706 -654
16 446.61502 612.6809 0.01764706 -687
17 434.15054 612.6809 0.01764706 -720
18 428.50314 612.6809 0.01764706 -753
19 424.69745 613.5897 0.01764706 -786
20 420.9644 617.3243 0.01764706 -819
21 418.34995 631.72174 0.01764706 -852
22 411.4962 647.90814 0.01764706 -885
23 409.51276 657.3061 0.01764706 -918
24 409.62073 675.32355 0.01764706 -934
25 405.88907 696.4453 0.01764706 -951
26 403.62628 728.31757 0.01764706 -967
27 399.38766 764.5421 0.01764706 -1000
28 397.59546 807.9433 0.01764706 -1033
29 396.63275 856.9329 0.01764706 -1066
30 394.85056 925.84314 0.01764706 -1100
31 396.63275 985.2872 0.01764706 -1133
32 398.1019 1045.4569 0.01764706 -1166
33 400.62903 1110.9214 0.01764706 -1199
34 402.20612 1182.3921 0.01764706 -1232
35 405.62442 1241.2478 0.01764706 -1265
36 408.5703 1303.1947 0.01764706 -1298
37 409.62073 1363.11 0.01764706 -1331
38 412.61795 1437.5381 0.01764706 -1364
39 414.6161 1503.302 0.01764706 -1397
40 416.61426 1556.2037 0.01764706 -1430
41 418.6124 1612.5984 0.01764706 -1463
42 418.6124 1644.6879 0.01764706 -1496
43 418.6124 1647.1421 0.01764706 -1529
44 419.61148 1657.1368 0.01764706 -1532
0 1016.0592 633.6699 0.015686275 -178
1 994.7404 630.8791 0.01764706 -178
2 968.3774 627.6731 0.015686275 -201
3 934.17896 625.37866 0.01764706 -234
4 900.80383 624.6746 0.015686275 -267
5 859.9763 621.6762 0.015686275 -300
6 813.9611 619.67725 0.01764706 -333
7 770.6078 617.79834 0.01764706 -366
8 731.02234 615.9874 0.015686275 -399
9 691.3289 613.68036 0.01764706 -432
10 670.91174 612.275 0.01764706 -465
11 650.43225 611.6814 0.01764706 -482
12 607.5198 609.7656 0.01764706 -498
13 570.2421 607.9603 0.01764706 -531
14 533.0065 606.684 0.01764706 -564
15 507.69916 603.68555 0.01764706 -597
16 474.37933 601.8911 0.01764706 -630
17 451.90472 598.6882 0.01764706 -663
18 428.81204 598.6882 0.01764706 -696
19 403.51642 598.6882 0.01764706 -729
20 398.4419 598.6882 0.01764706 -779
21 394.74146 598.6882 0.01764706 -796
22 390.18005 601.14557 0.01764706 -812
23 385.13095 606.19666 0.019607844 -845
24 381.68607 625.5163 0.01764706 -878
25 378.5639 640.9657 0.01764706 -911
26 376.65125 659.7735 0.01764706 -928
27 375.8208 685.28015 0.01764706 -944
28 373.90738 706.8425 0.01764706 -961
29 374.6531 736.03796 0.01764706 -977
30 374.78745 766.3784 0.01764706 -994
31 375.65216 805.19836 0.01764706 -1010
32 377.65033 876.08905 0.01764706 -1027
33 383.78937 957.16583 0.01764706 -1060
34 388.62305 1055.0912 0.01764706 -1093
35 392.55603 1143.6338 0.01764706 -1126
36 392.63644 1187.4708 0.01764706 -1159
37 393.63553 1231.3344 0.01764706 -1176
38 395.54987 1266.6628 0.01764706 -1192
39 397.4112 1342.6631 0.01764706 -1209
40 397.63184 1409.8585 0.01764706 -1242
41 398.6309 1469.66 0.01764706 -1275
42 398.6309 1500.1425 0.01764706 -1308
43 400.78525 1528.0331 0.01764706 -1324
44 401.6281 1575.6917 0.01764706 -1341
45 401.6281 1623.9373 0.01764706 -1374
46 401.6281 1654.1384 0.01764706 -1407
47 402.6272 1665.1327 0.01764706 -1437
0 1018.0574 581.697 0.01764706 -159
1 1002.5 581.697 0.01764706 -159
2 979.85724 586.0804 0.01764706 -184
3 946.1633 586.6944 0.01764706 -217
4 894.0763 591.4591 0.01764706 -250
5 861.32513 592.771 0.01764706 -300
6 819.7303 593.7451 0.01764706 -333
7 778.8803 593.9508 0.01764706 -366
8 749.8057 592.6913 0.01764706 -399
9 710.0432 592.3249 0.01764706 -431
10 679.6851 592.85974 0.01764706 -465
11 641.90485 590.6923 0.01764706 -498
12 603.53375 592.0353 0.01764706 -531
13 562.8869 590.8691 0.01764706 -564
14 530.5887 590.6923 0.01764706 -614
15 507.91998 590.6923 0.01764706 -647
16 482.5637 594.1888 0.01764706 -680
17 465.3912 593.6908 0.01764706 -713
18 460.1702 593.6908 0.01764706 -746
19 455.42038 593.6908 0.01764706 -763
20 448.32376 594.321 0.01764706 -779
21 442.2586 596.6892 0.01764706 -812
22 440.225 596.6892 0.01764706 -845
23 438.4695 598.8126 0.01764706 -862
24 436.5613 600.72156 0.01764706 -878
25 434.67892 603.5228 0.01764706 -895
26 433.0782 622.3633 0.01764706 -911
27 429.34076 648.23267 0.01764706 -944
28 430.6013 689.20624 0.01764706 -978
29 432.59946 750.66705 0.01764706 -1011
30 435.59668 817.7466 0.01764706 -1044
31 440.09247 885.039 0.01764706 -1077
32 448.0779 960.67395 0.01764706 -1109
33 456.88684 1037.8353 0.01764706 -1143
34 462.5717 1116.1565 0.01764706 -1176
35 466.55353 1194.132 0.01764706 -1209
36 467.56708 1260.3696 0.01764706 -1242
37 467.56708 1321.4895 0.01764706 -1275
38 467.56708 1381.8693 0.01764706 -1308
39 466.568 1439.0402 0.01764706 -1341
40 465.33704 1471.1709 0.01764706 -1374
41 463.57077 1497.3706 0.01764706 -1391
42 464.10532 1520.8384 0.01764706 -1407
43 461.57263 1568.9468 0.01764706 -1424
44 459.36374 1622.2642 0.01764706 -1457
45 457.38498 1646.2916 0.01764706 -1490
46 457.57632 1669.1306 0.01764706 -1523
47 456.57724 1679.1254 0.01764706 -1544
0 1015.0601 627.6731 0.01764706 -187
1 997.78235 631.67096 0.01764706 -187
2 966.7042 632.9371 0.01764706 -209
3 930.3268 631.48987 0.01764706 -242
4 888.8939 629.4748 0.01764706 -275
5 840.218 626.67334 0.01764706 -308
6 799.83435 623.6752 0.01764706 -341
7 756.29974 620.6767 0.01764706 -374
8 712.58496 618.2817 0.01764706 -407
9 675.9141 616.63696 0.01764706 -440
10 632.8013 615.6793 0.01764706 -473
11 592.7875 614.6798 0.01764706 -506
12 556.8082 614.6798 0.01764706 -540
13 526.6893 612.6809 0.01764706 -573
14 511.41962 612.6809 0.01764706 -606
15 495.19208 611.6426 0.01764706 -622
16 480.15054 610.68195 0.01764706 -639
17 457.98755 610.68195 0.01764706 -655
18 444.65228 610.68195 0.01764706 -688
19 436.45392 610.68195 0.01764706 -721
20 432.80527 611.4755 0.01764706 -754
21 430.6013 619.6114 0.01764706 -787
22 425.43008 639.1071 0.01764706 -820
23 422.52322 666.62604 0.01764706 -854
24 420.72366 688.0189 0.01764706 -887
25 417.80252 704.73926 0.01764706 -903
26 417.6133 744.72656 0.01764706 -920
27 416.94632 787.91614 0.01764706 -953
28 414.6161 833.7419 0.01764706 -986
29 415.61517 893.95636 0.01764706 -1019
30 417.6133 952.4624 0.01764706 -1052
31 421.12756 1008.2372 0.01764706 -1085
32 425.90698 1069.6615 0.01764706 -1118
33 431.0906 1113.216 0.01764706 -1151
34 432.9796 1138.7338 0.01764706 -1168
35 440.73126 1199.3263 0.01764706 -1184
36 449.8297 1267.3097 0.01764706 -1217
37 459.5597 1345.1959 0.01764706 -1250
38 465.26913 1403.4688 0.01764706 -1283
39 467.37518 1453.7458 0.01764706 -1316
40 470.32263 1505.0392 0.01764706 -1349
41 473.56152 1554.9135 0.01764706 -1382
42 477.55783 1598.9055 0.01764706 -1415
43 477.55783 1623.1395 0.01764706 -1448
44 477.55783 1634.7031 0.01764706 -1465
45 479.02582 1651.4866 0.01764706 -1482
46 480.55505 1675.1274 0.01764706 -1498
47 480.55505 1683.1233 0.01764706 -1516
0 803.2562 782.5924 0.015686275 -41
1 803.2562 782.5924 0.01764706 -41
2 796.31134 778.61884 0.01764706 -75
3 785.57056 773.6963 0.01764706 -108
4 770.067 766.7956 0.01764706 -141
5 754.41595 762.8813 0.01764706 -174
6 738.0186 762.6028 0.01764706 -207
7 717.3358 761.60333 0.01764706 -240
8 694.9004 760.19464 0.01764706 -272
9 673.1692 761.60333 0.01764706 -306
10 648.6815 761.60333 0.01764706 -340
11 619.9543 762.6028 0.01764706 -373
12 584.4823 760.6038 0.01764706 -406
13 568.3891 761.60333 0.01764706 -439
14 537.5241 760.6038 0.01764706 -455
15 521.3038 759.6044 0.01764706 -488
16 506.89273 759.6044 0.01764706 -505
17 489.6954 759.6044 0.019607844 -521
18 459.1952 759.6044 0.019607844 -538
19 427.2659 760.6038 0.019607844 -571
20 409.17886 760.6038 0.019607844 -604
21 379.61404 761.60333 0.019607844 -621
22 364.66235 761.60333 0.019607844 -654
23 357.66882 761.60333 0.019607844 -668
24 341.68362 761.60333 0.019607844 -694
25 306.98578 764.60175 0.019607844 -694
26 290.02203 764.60175 0.019607844 -737
27 276.6376 765.60126 0.019607844 -769
28 268.22775 766.8625 0.019607844 -802
29 260.332 770.812 0.019607844 -835
30 253.7216 779.72424 0.019607844 -868
31 249.87613 796.0479 0.019607844 -901
32 247.0449 806.75885 0.019607844 -935
33 245.77243 812.5768 0.019607844 -951
34 244.77336 819.5731 0.019607844 -961
35 242.7752 835.5648 0.019607844 -987
36 241.77614 866.1139 0.019607844 -987
37 240.77705 905.0575 0.019607844 -1017
38 240.77705 954.944 0.019607844 -1050
39 240.77705 982.16034 0.019607844 -1083
40 242.91383 1023.9642 0.019607844 -1100
41 243.77429 1055.5216 0.019607844 -1116
42 243.77429 1115.0752 0.019607844 -1133
43 243.77429 1145.2842 0.019607844 -1166
44 243.77429 1210.8193 0.019607844 -1182
45 243.77429 1276.5448 0.019607844 -1215
46 243.77429 1336.8684 0.019607844 -1249
47 243.77429 1399.0526 0.019607844 -1282
48 244.77336 1464.6736 0.019607844 -1315
49 245.77243 1555.1123 0.019607844 -1348
50 245.77243 1583.8447 0.019607844 -1397
51 244.77336 1660.0742 0.019607844 -1414
52 243.77429 1715.8546 0.01764706 -1463
53 243.77429 1762.6764 0.019607844 -1496
54 247.83789 1802.6675 0.019607844 -1529
55 248.87762 1832.8019 0.019607844 -1563
56 252.95383 1854.974 0.019607844 -1596
57 253.76503 1858.0322 0.019607844 -1629
58 253.76503 1858.0322 0.019607844 -1635
