0 1005.0694 639.6668 0.019607844 -51
1 1005.0694 639.6668 0.019607844 -51
2 1005.0694 639.6668 0.019607844 -93
3 1005.0694 639.6668 0.01764706 -126
4 1005.0694 639.6668 0.01764706 -159
5 1003.1627 639.6668 0.01764706 -192
6 995.27966 639.6668 0.01764706 -225
7 982.85724 635.5914 0.01764706 -258
8 975.1489 631.69684 0.01764706 -291
9 966.3992 629.67206 0.01764706 -324
10 953.1879 626.9411 0.01764706 -357
11 935.90955 625.67413 0.019607844 -390
12 924.1434 625.67413 0.01764706 -423
13 916.8536 625.67413 0.01764706 -456
14 909.1609 625.67413 0.01764706 -489
15 897.7661 624.6746 0.01764706 -522
16 878.10486 624.6746 0.01764706 -555
17 861.2393 624.6746 0.01764706 -588
18 847.57574 624.6746 0.01764706 -621
19 831.2959 628.6561 0.01764706 -654
20 812.49963 631.67096 0.01764706 -687
21 791.1995 631.67096 0.01764706 -720
22 779.4091 633.315 0.01764706 -753
23 767.67163 635.27203 0.01764706 -769
24 743.4414 634.4024 0.01764706 -786
25 717.16486 635.6933 0.01764706 -819
26 690.8773 637.7324 0.01764706 -852
27 656.9231 636.6684 0.01764706 -885
28 630.35486 637.28534 0.01764706 -918
29 606.9156 635.6689 0.01764706 -951
30 586.7288 635.6689 0.01764706 -984
31 567.0578 634.9331 0.01764706 -1017
32 549.4912 632.6705 0.01764706 -1050
33 536.8563 632.6705 0.01764706 -1083
34 527.5706 632.6705 0.01764706 -1116
35 523.56384 632.6705 0.01764706 -1149
36 521.6885 632.6705 0.01764706 -1166
37 519.8479 632.6705 0.01764706 -1182
38 516.3354 632.6705 0.01764706 -1199
39 509.59882 630.6715 0.01764706 -1232
40 505.8346 632.3677 0.01764706 -1265
41 499.1677 645.7741 0.01764706 -1298
42 495.42987 652.8827 0.01764706 -1347
43 495.54117 660.26654 0.01764706 -1380
44 498.5384 684.37823 0.01764706 -1413
45 498.5384 704.4129 0.01764706 -1446
46 502.56894 740.9909 0.01764706 -1479
47 502.5347 770.33636 0.01764706 -1530
48 506.531 812.1815 0.01764706 -1563
49 507.77747 839.80066 0.01764706 -1596
50 508.52914 882.9997 0.01764706 -1629
51 512.39026 929.816 0.01764706 -1662
52 516.79407 969.58527 0.01764706 -1695
53 517.48535 1022.0418 0.01764706 -1728
54 516.5217 1072.1548 0.01764706 -1761
55 516.5217 1126.4791 0.01764706 -1794
56 516.5217 1178.3041 0.01764706 -1827
57 520.17944 1216.1183 0.01764706 -1860
58 522.01 1263.2625 0.01764706 -1893
59 524.51434 1313.3445 0.01764706 -1927
60 524.1351 1370.6005 0.01764706 -1960
61 528.6433 1411.551 0.01764706 -1993
62 526.6712 1456.1475 0.01764706 -2026
63 526.5125 1507.9972 0.01764706 -2059
64 526.5125 1566.8472 0.01764706 -2092
65 526.5125 1621.6147 0.01764706 -2125
66 525.5134 1647.5634 0.01764706 -2158
67 525.5134 1692.3275 0.01764706 -2191
68 524.51434 1698.1155 0.01764706 -2240
69 524.51434 1699.115 0.01764706 -2255
0 1009.0657 595.68976 0.01764706 -159
1 1009.0657 595.68976 0.01764706 -159
2 1009.0657 595.68976 0.01764706 -168
3 1008.3198 595.68976 0.01764706 -201
4 1007.34766 595.68976 0.01764706 -234
5 1006.41486 595.68976 0.01764706 -251
6 1004.46655 595.68976 0.01764706 -267
7 1002.5196 595.68976 0.01764706 -284
8 1000.5806 595.68976 0.01764706 -300
9 998.62024 595.68976 0.01764706 -317
10 995.22925 595.68976 0.01764706 -333
11 992.294 597.08264 0.01764706 -350
12 988.45526 598.00323 0.01764706 -366
13 982.32556 598.6882 0.01764706 -383
14 976.4639 598.6882 0.01764706 -399
15 974.8738 596.4657 0.01764706 -416
16 969.6921 594.55365 0.01764706 -432
17 958.44855 595.78455 0.01764706 -449
18 952.1184 596.6892 0.01764706 -465
19 952.1184 596.6892 0.01764706 -473
20 901.1656 607.6835 0.01764706 -498
21 900.28577 602.8054 0.01764706 -498
22 897.4562 600.8306 0.01764706 -531
23 891.17487 600.68713 0.01764706 -548
24 891.17487 600.68713 0.01764706 -558
25 848.2146 587.6939 0.01764706 -583
26 846.2165 587.6939 0.01764706 -583
27 846.2165 587.6939 0.01764706 -617
28 698.3534 416.78293 0.01764706 -659
29 695.37646 415.78345 0.01764706 -659
30 694.35706 415.78345 0.01764706 -680
31 697.3543 433.77408 0.021568628 -684
32 690.3608 439.77094 0.021568628 -710
33 682.36816 434.77356 0.01764706 -710
34 676.3737 431.77512 0.01764706 -727
35 666.383 427.7772 0.01764706 -727
36 665.3839 440.77042 0.021568628 -735
37 653.395 444.76834 0.021568628 -761
38 651.39685 450.76523 0.021568628 -761
39 624.4218 438.77145 0.01764706 -795
40 603.4413 428.77667 0.01764706 -795
41 600.44403 440.77042 0.021568628 -812
42 609.4357 523.72723 0.01764706 -854
43 609.4357 535.72095 0.01764706 -854
44 609.4357 535.72095 0.01764706 -863
45 603.4413 586.6944 0.01764706 -888
46 603.4413 586.6944 0.01764706 -888
47 555.48566 584.69543 0.01764706 -939
48 555.48566 584.69543 0.01764706 -939
49 555.48566 584.69543 0.01764706 -964
50 500.53653 587.6939 0.01764706 -1041
51 486.5495 597.68866 0.01764706 -1041
52 472.56244 586.6944 0.021568628 -1154
53 413.61703 537.7199 0.01764706 -1205
54 396.63275 524.7267 0.01764706 -1205
55 396.63275 524.7267 0.01764706 -1230
56 474.5606 722.6236 0.01764706 -1264
57 473.56152 722.6236 0.01764706 -1264
58 460.57355 713.6283 0.021568628 -1281
59 412.61795 668.65173 0.01764706 -1315
60 405.62442 661.6554 0.01764706 -1315
61 405.62442 661.6554 0.01764706 -1323
62 369.6577 688.6413 0.01764706 -1349
63 369.6577 688.6413 0.01764706 -1349
64 371.65588 748.6101 0.01764706 -1374
65 371.65588 748.6101 0.01764706 -1374
66 371.65588 748.6101 0.01764706 -1382
67 375.65216 811.5773 0.01764706 -1408
68 375.65216 811.5773 0.01764706 -1408
69 379.64847 872.54553 0.01764706 -1432
70 377.65033 898.532 0.01764706 -1432
71 377.65033 898.532 0.01764706 -1466
72 383.64478 995.4815 0.01764706 -1492
73 383.64478 1134.563 0.01764706 -1492
74 386.2424 1201.1746 0.01764706 -1593
75 392.86093 1255.4696 0.01764706 -1639
76 396.74258 1300.3121 0.015686275 -1672
77 400.1249 1336.7714 0.01764706 -1705
78 403.06995 1377.7139 0.01764706 -1738
79 405.62442 1401.6674 0.01764706 -1771
80 404.97574 1440.4063 0.01764706 -1804
81 407.0667 1461.5696 0.01764706 -1837
82 407.62256 1468.602 0.01764706 -1870
83 407.62256 1476.1337 0.01764706 -1903
84 407.62256 1480.229 0.01764706 -1936
85 407.62256 1480.229 0.01764706 -1969
86 407.62256 1480.229 0.01764706 -1997
0 1001.07306 537.7199 0.01764706 -149
1 998.72845 537.7199 0.01764706 -149
2 991.7638 538.8783 0.01764706 -168
3 977.12695 540.9119 0.01764706 -201
4 952.3274 542.9731 0.01764706 -234
5 924.79297 543.7168 0.01764706 -267
6 892.1524 542.81946 0.01764706 -300
7 865.51135 538.8236 0.01764706 -333
8 858.2054 536.72046 0.01764706 -366
9 858.2054 536.72046 0.01764706 -373
10 784.2738 523.72723 0.01764706 -407
11 784.2738 523.72723 0.01764706 -407
12 784.2738 523.72723 0.01764706 -416
13 641.4061 347.81885 0.01764706 -458
14 640.40704 346.81937 0.01764706 -458
15 645.4024 366.80893 0.021568628 -466
16 671.37836 448.76627 0.015686275 -501
17 672.37744 459.76053 0.015686275 -501
18 672.37744 459.76053 0.015686275 -509
19 639.40796 501.73868 0.01764706 -543
20 569.1412 494.7423 0.01764706 -543
21 543.6801 494.7423 0.015686275 -646
22 517.92633 491.31174 0.01764706 -679
23 503.67996 491.74387 0.01764706 -712
24 495.41815 491.74387 0.01764706 -745
25 492.54395 491.74387 0.01764706 -778
26 492.54395 491.74387 0.01764706 -803
27 478.5569 535.72095 0.01764706 -890
28 476.55875 536.72046 0.01764706 -890
29 462.5717 525.7262 0.021568628 -915
30 409.62073 485.747 0.01764706 -957
31 409.62073 485.747 0.01764706 -957
32 452.58093 675.6481 0.01764706 -991
33 442.5902 660.6559 0.021568628 -991
34 404.62534 609.68243 0.01764706 -1025
35 398.6309 602.6861 0.01764706 -1025
36 398.6309 602.6861 0.01764706 -1034
37 368.65866 624.6746 0.01764706 -1059
38 368.65866 624.6746 0.01764706 -1059
39 368.65866 624.6746 0.01764706 -1068
40 370.6568 687.64185 0.01764706 -1093
41 370.6568 687.64185 0.01764706 -1093
42 456.57724 925.51794 0.01764706 -1127
43 446.5865 912.5247 0.021568628 -1127
44 449.5837 934.51324 0.01764706 -1152
45 449.5837 943.50854 0.01764706 -1152
46 443.58926 941.5096 0.021568628 -1160
47 449.5837 990.4841 0.01764706 -1186
48 450.5828 1002.47784 0.01764706 -1186
49 444.58835 1000.4789 0.021568628 -1194
50 450.5828 1048.4539 0.01764706 -1219
51 450.5828 1061.4471 0.01764706 -1219
52 444.58835 1059.4481 0.021568628 -1228
53 449.5837 1109.4221 0.01764706 -1252
54 455.5782 1192.3789 0.01764706 -1252
55 449.5837 1189.3805 0.021568628 -1303
56 456.57724 1232.3582 0.01764706 -1328
57 462.5717 1381.2805 0.01764706 -1328
58 456.57724 1378.2821 0.021568628 -1419
59 459.57446 1422.2592 0.01764706 -1444
60 461.7599 1569.2455 0.01764706 -1444
61 462.6067 1611.7751 0.01764706 -1559
62 460.64963 1631.8455 0.01764706 -1602
63 458.67047 1641.9545 0.01764706 -1635
64 458.5754 1647.1353 0.01764706 -1668
65 458.5754 1649.141 0.019607844 -1701
66 458.5754 1650.1405 0.01764706 -1717
0 999.07495 596.6892 0.01764706 -100
1 996.0461 596.6892 0.01764706 -100
2 987.77563 596.6892 0.01764706 -125
3 976.6842 597.68866 0.01764706 -175
4 962.24994 598.99786 0.01764706 -208
5 940.31915 599.2827 0.01764706 -241
6 918.31726 595.68976 0.01764706 -274
7 887.3647 591.96497 0.01764706 -307
8 859.7847 589.6091 0.01764706 -340
9 827.1034 585.4288 0.01764706 -373
10 795.3398 582.7041 0.01764706 -406
11 755.1984 579.9051 0.01764706 -439
12 715.80255 578.6986 0.01764706 -472
13 679.1168 577.6991 0.01764706 -505
14 645.2468 579.71533 0.01764706 -538
15 604.8282 577.6991 0.01764706 -571
16 576.28296 578.6619 0.01764706 -604
17 542.9112 576.69965 0.01764706 -637
18 515.9034 576.74194 0.01764706 -670
19 484.76935 575.3834 0.01764706 -703
20 463.07123 576.69965 0.01764706 -736
21 450.29202 577.6991 0.01764706 -768
22 441.87628 578.55597 0.01764706 -802
23 433.05566 581.21173 0.01764706 -835
24 420.69794 589.3014 0.01764706 -868
25 413.5979 593.7004 0.01764706 -901
26 406.263 608.7654 0.01764706 -934
27 397.6318 640.16656 0.01764706 -967
28 393.1683 678.45264 0.01764706 -999
29 387.64108 722.02344 0.01764706 -1033
30 385.8836 792.28723 0.01764706 -1066
31 385.6429 822.7122 0.01764706 -1099
32 389.67145 889.8592 0.01764706 -1115
33 395.20654 963.2228 0.01764706 -1149
34 398.25018 1040.5754 0.01764706 -1182
35 397.57318 1108.8319 0.01764706 -1215
36 400.62906 1174.8065 0.01764706 -1248
37 402.71008 1217.403 0.01764706 -1281
38 402.84845 1284.5732 0.01764706 -1297
39 405.62442 1344.9434 0.01764706 -1330
40 409.56824 1397.6584 0.01764706 -1363
41 411.1448 1448.5514 0.01764706 -1396
42 412.61795 1502.8667 0.01764706 -1429
43 414.93146 1548.8751 0.01764706 -1462
44 414.98428 1579.494 0.01764706 -1495
45 415.61517 1625.4991 0.01764706 -1528
46 415.61517 1644.7928 0.01764706 -1561
47 415.61517 1682.1085 0.01764706 -1594
48 415.61517 1690.1196 0.01764706 -1627
49 415.61517 1694.1176 0.01764706 -1641
0 955.11566 420.78082 0.019607844 -175
1 949.7215 421.7803 0.019607844 -175
2 926.6367 422.7798 0.019607844 -183
3 895.206 426.37442 0.019607844 -216
4 859.0725 426.7777 0.019607844 -249
5 823.0932 429.90326 0.019607844 -282
6 780.20264 430.84726 0.019607844 -315
7 735.2324 431.77512 0.019607844 -348
8 695.4129 431.77512 0.019607844 -381
9 653.98083 431.77512 0.019607844 -414
10 611.6067 432.7746 0.019607844 -447
11 567.7844 430.77563 0.019607844 -480
12 528.7257 429.77615 0.019607844 -513
13 496.3322 428.77667 0.019607844 -546
14 456.8027 427.00015 0.019607844 -579
15 423.08997 423.95767 0.019607844 -612
16 393.25894 420.727 0.019607844 -646
17 362.3635 416.1608 0.019607844 -679
18 339.7862 414.78397 0.019607844 -712
19 325.9579 415.78345 0.019607844 -745
20 315.2137 416.78293 0.019607844 -778
21 308.12122 417.7824 0.019607844 -811
22 304.48505 419.01477 0.019607844 -844
23 300.0658 422.60806 0.019607844 -877
24 294.7271 436.2406 0.01764706 -910
25 291.35895 459.98822 0.019607844 -943
26 290.70627 491.44916 0.01764706 -976
27 291.2618 548.2635 0.01764706 -1009
28 295.78558 607.3973 0.01764706 -1042
29 303.3395 674.19824 0.01764706 -1075
30 310.92117 744.07587 0.01764706 -1108
31 321.61743 823.29944 0.01764706 -1141
32 328.00354 888.3417 0.01764706 -1174
33 332.69196 952.50385 0.01764706 -1207
34 339.45267 1012.458 0.01764706 -1239
35 345.72372 1073.0546 0.01764706 -1273
36 350.70197 1137.8076 0.01764706 -1306
37 355.6707 1200.7693 0.01764706 -1339
38 357.66882 1255.406 0.01764706 -1372
39 360.27408 1304.8276 0.01764706 -1405
40 360.1665 1344.7996 0.01764706 -1438
41 362.6642 1392.962 0.01764706 -1470
42 362.6642 1442.77 0.019607844 -1504
43 362.6642 1458.2405 0.01764706 -1537
44 362.6642 1463.2379 0.01764706 -1558
0 1002.07214 596.6892 0.01764706 -150
1 1000.02734 596.6892 0.01764706 -150
2 990.8684 598.6882 0.01764706 -167
3 974.891 601.32806 0.01764706 -199
4 952.1367 603.68555 0.01764706 -232
5 927.9626 601.0978 0.01764706 -265
6 896.8938 600.68713 0.01764706 -298
7 858.4037 598.6882 0.01764706 -331
8 819.9673 594.03143 0.01764706 -365
9 778.2794 593.19104 0.01764706 -398
10 739.9388 594.8049 0.01764706 -430
11 698.1713 596.6892 0.01764706 -464
12 649.611 597.04596 0.01764706 -497
13 610.3452 599.15063 0.01764706 -530
14 563.9519 600.68713 0.01764706 -563
15 528.17523 603.38965 0.01764706 -612
16 503.53378 603.68555 0.01764706 -645
17 478.01456 603.68555 0.01764706 -678
18 458.1797 603.68555 0.01764706 -711
19 444.05 605.6845 0.01764706 -744
20 435.2645 605.6845 0.01764706 -777
21 429.70776 605.6845 0.019607844 -810
22 425.962 608.3267 0.01764706 -843
23 424.60684 613.7858 0.01764706 -876
24 424.60684 624.32904 0.01764706 -893
25 420.48853 648.3949 0.01764706 -909
26 419.68323 683.71027 0.01764706 -942
27 420.61053 738.4086 0.01764706 -975
28 424.6225 790.0054 0.01764706 -1008
29 426.95773 860.2007 0.01764706 -1041
30 436.5744 964.3553 0.01764706 -1074
31 442.45224 1058.1011 0.01764706 -1124
32 444.58835 1129.0038 0.01764706 -1158
33 446.5865 1195.7834 0.01764706 -1191
34 449.47623 1262.3741 0.01764706 -1224
35 452.58093 1327.6074 0.01764706 -1257
36 459.85645 1393.6733 0.01764706 -1290
37 462.62415 1456.0295 0.01764706 -1323
38 464.56985 1535.2194 0.01764706 -1356
39 464.56985 1582.8582 0.01764706 -1389
40 463.57077 1630.273 0.01764706 -1422
41 462.5717 1650.1405 0.01764706 -1455
42 461.57263 1668.1311 0.01764706 -1472
0 703.34875 296.8454 0.01764706 -193
1 697.13025 296.8454 0.01764706 -193
2 669.96704 300.667 0.01764706 -201
3 633.0689 305.17648 0.019607844 -234
4 589.95374 309.33887 0.019607844 -268
5 546.819 314.04218 0.01764706 -300
6 492.9576 316.9142 0.019607844 -334
7 441.32532 317.83444 0.019607844 -367
8 395.01288 317.46976 0.019607844 -400
9 348.45963 316.51068 0.019607844 -433
10 308.0641 316.83496 0.019607844 -466
11 265.06378 317.83444 0.019607844 -499
12 227.6145 317.1487 0.019607844 -532
13 198.60966 317.83444 0.019607844 -565
14 167.71927 317.83444 0.019607844 -598
15 142.09337 317.83444 0.019607844 -630
16 119.2772 317.83444 0.01764706 -663
17 103.01016 317.83444 0.01764706 -696
18 91.53275 317.83444 0.019607844 -729
19 85.4036 317.83444 0.01764706 -762
20 81.78321 318.9749 0.01764706 -795
21 78.05182 324.58276 0.01764706 -828
22 78.92692 341.9605 0.019607844 -861
23 82.35563 363.26584 0.01764706 -894
24 84.92137 397.899 0.01764706 -927
25 87.102325 422.33533 0.01764706 -960
26 90.93677 451.8765 0.01764706 -977
27 100.05579 516.3378 0.01764706 -993
28 108.88679 587.08887 0.01764706 -1027
29 117.44858 663.9488 0.01764706 -1060
30 123.12733 739.7174 0.01764706 -1093
31 129.03383 827.17896 0.01764706 -1126
32 133.7874 892.1159 0.01764706 -1159
33 139.58185 958.45605 0.01764706 -1192
34 145.4179 1019.20465 0.01764706 -1225
35 151.9647 1086.3828 0.01764706 -1258
36 159.51703 1149.0515 0.01764706 -1291
37 165.16835 1213.8295 0.01764706 -1324
38 170.29167 1274.6268 0.01764706 -1357
39 171.84088 1325.8037 0.01764706 -1390
40 172.83997 1333.3055 0.01764706 -1423
41 172.83997 1345.2993 0.019607844 -1429
0 737.3173 284.85162 0.019607844 -159
1 734.1063 285.90457 0.019607844 -159
2 716.3948 289.8374 0.01764706 -168
3 694.6482 293.41675 0.019607844 -201
4 655.73254 298.84433 0.019607844 -234
5 625.2961 301.41245 0.01764706 -284
6 590.2294 301.52054 0.01764706 -317
7 557.6812 305.19135 0.019607844 -350
8 505.09552 303.84174 0.019607844 -383
9 461.26672 301.84277 0.01764706 -432
10 420.73096 302.1263 0.01764706 -465
11 380.5324 302.84225 0.01764706 -498
12 339.98016 301.84277 0.01764706 -531
13 302.0088 302.84225 0.01764706 -564
14 261.6391 304.0535 0.01764706 -597
15 214.91618 304.84122 0.01764706 -630
16 174.76439 305.03375 0.01764706 -663
17 145.28583 306.41284 0.01764706 -696
18 121.040375 306.84018 0.01764706 -730
19 99.60017 306.84018 0.01764706 -763
20 85.75906 308.89294 0.01764706 -796
21 78.29157 311.65564 0.01764706 -829
22 71.25797 320.53723 0.01764706 -862
23 67.40558 338.48373 0.01764706 -895
24 64.93987 366.98154 0.01764706 -928
25 63.940796 400.53925 0.01764706 -961
26 71.86616 453.4049 0.01764706 -994
27 83.52285 533.1901 0.01764706 -1027
28 94.435715 609.1527 0.01764706 -1060
29 105.117035 683.7875 0.01764706 -1093
30 112.6876 760.5232 0.01764706 -1126
31 124.47281 868.84 0.01764706 -1159
32 141.30211 957.66595 0.01764706 -1208
33 147.66727 993.57446 0.01764706 -1241
34 159.33789 1068.5177 0.01764706 -1258
35 166.89621 1136.8391 0.01764706 -1291
36 172.91064 1213.6414 0.01764706 -1324
37 176.82874 1267.242 0.01764706 -1357
38 177.83534 1311.9718 0.01764706 -1390
39 178.68398 1349.9418 0.01764706 -1423
40 179.75093 1384.7003 0.01764706 -1456
41 179.8335 1393.2743 0.01764706 -1489
42 179.8335 1400.2706 0.01764706 -1497
0 821.2396 779.59393 0.01764706 -150
1 811.9134 779.59393 0.01764706 -150
2 794.6732 779.59393 0.01764706 -167
3 768.3958 780.4551 0.01764706 -200
4 727.4324 780.59344 0.01764706 -233
5 695.5462 780.59344 0.01764706 -282
6 661.4469 778.00073 0.01764706 -315
7 647.4006 777.595 0.01764706 -348
8 639.40796 777.595 0.01764706 -359
9 622.4237 776.5955 0.01764706 -384
10 592.4514 774.59656 0.01764706 -384
11 582.4607 774.59656 0.01764706 -410
12 563.4783 773.59705 0.01764706 -436
13 542.4977 771.5981 0.01764706 -436
14 531.5079 771.5981 0.01764706 -452
15 512.52545 771.5981 0.01764706 -478
16 491.54486 769.5991 0.01764706 -478
17 480.55505 768.5997 0.01764706 -494
18 459.57446 767.6002 0.01764706 -520
19 439.59296 767.6002 0.01764706 -520
20 429.60223 767.6002 0.01764706 -537
21 401.6281 767.6002 0.01764706 -563
22 378.6494 767.6002 0.01764706 -563
23 366.6605 767.6002 0.01764706 -579
24 344.68085 768.5997 0.01764706 -605
25 315.70767 768.5997 0.01764706 -605
26 305.71692 768.5997 0.01764706 -630
27 279.74097 768.5997 0.01764706 -665
28 250.7678 768.5997 0.019607844 -665
29 244.77336 768.5997 0.019607844 -699
30 224.79185 769.5991 0.01764706 -741
31 193.2408 808.69 0.019607844 -741
32 187.02821 847.54456 0.019607844 -860
33 184.82886 893.0384 0.019607844 -893
34 183.82979 949.682 0.019607844 -926
35 184.82886 1013.82385 0.019607844 -959
36 187.93468 1090.4972 0.01764706 -992
37 191.87416 1167.4283 0.019607844 -1025
38 193.82054 1255.3021 0.019607844 -1058
39 196.70844 1334.3353 0.019607844 -1091
40 201.54549 1438.4287 0.019607844 -1124
41 205.54944 1505.5316 0.019607844 -1174
42 209.46498 1569.3843 0.019607844 -1207
43 212.3763 1629.8911 0.019607844 -1240
44 214.80112 1689.441 0.019607844 -1273
45 218.35826 1745.9369 0.019607844 -1306
46 222.33751 1797.5842 0.01764706 -1339
47 228.94511 1845.8241 0.01764706 -1372
48 229.78723 1850.0364 0.01764706 -1405
49 229.78723 1850.0364 0.01764706 -1408
0 1010.06476 632.6705 0.015686275 -135
1 999.90533 632.6705 0.015686275 -135
2 999.90533 632.6705 0.015686275 -153
3 945.1249 628.67255 0.01764706 -175
4 931.2375 628.68915 0.015686275 -175
5 899.4397 628.54535 0.015686275 -219
6 856.2642 625.67413 0.01764706 -252
7 809.4414 622.9656 0.01764706 -285
8 788.48926 622.67566 0.015686275 -318
9 742.9556 620.6767 0.01764706 -334
10 699.733 618.3995 0.01764706 -367
11 655.12256 617.3499 0.01764706 -400
12 610.7544 616.62646 0.01764706 -433
13 573.18884 614.6798 0.01764706 -466
14 538.95374 611.8427 0.01764706 -500
15 511.2119 611.0188 0.01764706 -533
16 486.8851 609.68243 0.01764706 -566
17 463.73544 609.68243 0.01764706 -597
18 448.70023 609.68243 0.01764706 -630
19 439.08755 609.68243 0.01764706 -663
20 432.27158 611.00995 0.01764706 -696
21 429.28525 620.6286 0.01764706 -746
22 424.6055 636.6724 0.01764706 -779
23 421.40628 665.6179 0.01764706 -812
24 416.87137 702.31805 0.01764706 -845
25 416.61426 742.11346 0.01764706 -878
26 416.8856 790.6617 0.01764706 -911
27 418.2386 850.5637 0.01764706 -944
28 419.02716 913.0533 0.01764706 -977
29 421.60962 996.0719 0.01764706 -1010
30 424.60684 1060.4875 0.01764706 -1043
31 426.605 1129.9122 0.01764706 -1076
32 429.75522 1196.908 0.01764706 -1109
33 430.6013 1236.4613 0.01764706 -1142
34 431.83472 1266.4515 0.01764706 -1159
35 433.5985 1300.4696 0.01764706 -1175
36 434.63928 1329.1624 0.01764706 -1192
37 440.45255 1393.723 0.01764706 -1208
38 443.20258 1456.145 0.01764706 -1241
39 448.48203 1520.3864 0.01764706 -1274
40 450.0124 1552.9109 0.01764706 -1307
41 455.5782 1611.437 0.01764706 -1324
42 460.14487 1661.0002 0.01764706 -1357
43 459.57446 1680.1249 0.01764706 -1390
44 459.57446 1688.1207 0.01764706 -1403
0 1006.0685 559.7085 0.01764706 -58
1 1006.0685 559.7085 0.01764706 -58
2 1000.4307 560.52954 0.015686275 -91
3 984.8767 560.70795 0.01764706 -124
4 969.8836 560.70795 0.01764706 -157
5 961.6281 560.70795 0.01764706 -190
6 953.37946 561.25525 0.015686275 -206
7 928.9103 561.70746 0.01764706 -223
8 905.7929 561.70746 0.015686275 -256
9 877.9472 564.7059 0.01764706 -289
10 846.22876 564.7059 0.015686275 -322
11 814.6457 564.7059 0.01764706 -355
12 785.5608 564.7059 0.015686275 -388
13 753.5837 565.7053 0.01764706 -421
14 724.124 565.7053 0.015686275 -454
15 689.28815 567.7043 0.01764706 -487
16 653.4263 571.25104 0.01764706 -520
17 616.3735 571.7022 0.01764706 -553
18 585.1684 574.1709 0.01764706 -586
19 552.449 573.7012 0.01764706 -619
20 526.9893 576.6201 0.01764706 -652
21 506.531 580.6975 0.01764706 -685
22 506.531 580.6975 0.01764706 -721
23 466.568 595.68976 0.01764706 -746
24 466.568 595.68976 0.01764706 -746
25 464.32315 595.68976 0.01764706 -768
26 459.5005 596.7262 0.01764706 -801
27 453.24448 613.6879 0.01764706 -834
28 448.35022 628.9936 0.01764706 -867
29 445.09354 641.1379 0.01764706 -883
30 443.2238 651.8553 0.01764706 -900
31 439.585 693.72626 0.01764706 -916
32 438.67377 718.7447 0.01764706 -949
33 436.626 751.1844 0.01764706 -966
34 437.59482 812.0909 0.01764706 -982
35 437.59482 878.7429 0.01764706 -1015
36 441.59113 982.56226 0.01764706 -1048
37 444.58835 1057.949 0.01764706 -1098
38 446.5865 1127.2031 0.01764706 -1131
39 450.47574 1207.2283 0.01764706 -1164
40 454.39224 1279.3699 0.01764706 -1197
41 458.974 1339.4958 0.01764706 -1230
42 460.29004 1389.8707 0.01764706 -1263
43 463.14893 1442.1821 0.01764706 -1296
44 465.5689 1498.9008 0.01764706 -1329
45 467.56708 1550.6924 0.01764706 -1362
46 469.94824 1585.169 0.01764706 -1394
47 471.56335 1628.5756 0.01764706 -1428
48 473.56152 1659.9493 0.01764706 -1461
49 473.56152 1678.126 0.01764706 -1494
50 473.56152 1685.1223 0.01764706 -1506
0 1009.0657 569.70325 0.01764706 -43
1 1011.06384 572.77295 0.01764706 -43
2 1008.06024 576.706 0.01764706 -68
3 999.37787 581.495 0.01764706 -101
4 987.7486 582.53076 0.01764706 -134
5 960.16406 589.2369 0.01764706 -168
6 933.2875 592.6913 0.01764706 -201
7 899.4079 596.16547 0.01764706 -234
8 869.4194 599.39185 0.01764706 -267
9 831.21094 601.8884 0.01764706 -300
10 815.9963 601.3121 0.01764706 -333
11 800.64 600.68713 0.01764706 -349
12 780.43335 600.68713 0.01764706 -366
13 747.23706 597.61725 0.01764706 -382
14 707.23596 594.8015 0.01764706 -415
15 674.5858 593.33307 0.01764706 -448
16 643.5736 589.6929 0.01764706 -481
17 634.4126 589.6929 0.01764706 -514
18 634.4126 589.6929 0.01764706 -526
19 563.4783 583.696 0.01764706 -551
20 547.758 580.5506 0.01764706 -551
21 522.8245 580.6975 0.01764706 -613
22 498.64426 578.8828 0.01764706 -646
23 479.84094 575.70013 0.01764706 -679
24 466.21518 575.70013 0.01764706 -712
25 457.9052 575.70013 0.01764706 -745
26 453.52258 575.70013 0.01764706 -778
27 448.861 578.28394 0.01764706 -811
28 443.07315 589.726 0.01764706 -844
29 438.10413 602.6471 0.01764706 -894
30 435.50058 636.438 0.01764706 -927
31 434.5976 671.0879 0.01764706 -960
32 432.7808 733.9878 0.01764706 -993
33 433.5985 792.06915 0.01764706 -1026
34 432.59946 860.2423 0.01764706 -1059
35 434.5976 927.1751 0.01764706 -1092
36 434.5976 994.36896 0.01764706 -1125
37 432.59946 1055.7732 0.01764706 -1159
38 429.5457 1122.4907 0.01764706 -1192
39 428.7591 1185.5094 0.01764706 -1225
40 428.60315 1246.665 0.01764706 -1258
41 430.6013 1305.0792 0.01764706 -1291
42 432.59946 1365.6179 0.01764706 -1324
43 434.5976 1429.7554 0.01764706 -1357
44 436.59573 1489.8 0.01764706 -1389
45 437.9652 1531.3925 0.01764706 -1423
46 436.59573 1573.9236 0.01764706 -1456
47 437.59482 1622.0316 0.01764706 -1489
48 437.59482 1641.268 0.01764706 -1522
49 437.59482 1670.1301 0.01764706 -1555
50 437.59482 1679.1254 0.01764706 -1577
0 944.1258 439.77094 0.01764706 -159
1 937.5549 440.88577 0.01764706 -159
2 920.5697 443.76886 0.01764706 -168
3 905.24603 443.76886 0.01764706 -201
4 879.5542 444.28735 0.01764706 -234
5 848.9195 448.76627 0.01764706 -268
6 818.3835 448.76627 0.01764706 -317
7 794.24756 451.76755 0.01764706 -350
8 765.9901 448.76627 0.01764706 -384
9 739.2301 450.4463 0.01764706 -417
10 707.81665 448.76627 0.01764706 -450
11 690.97626 449.31396 0.01764706 -483
12 676.9603 450.27792 0.01764706 -500
13 654.97656 448.3498 0.01764706 -516
14 636.20807 448.76627 0.01764706 -533
15 623.2061 447.5641 0.01764706 -549
16 604.40607 446.7673 0.01764706 -566
17 569.29865 446.7673 0.01764706 -582
18 533.99133 444.76834 0.01764706 -616
19 502.20102 444.28705 0.01764706 -649
20 459.77368 444.9483 0.01764706 -682
21 426.07565 441.71695 0.01764706 -715
22 395.48215 441.7699 0.01764706 -748
23 374.24597 440.03622 0.01764706 -781
24 357.53912 439.77094 0.019607844 -814
25 338.36404 439.77094 0.019607844 -843
26 330.7509 439.77094 0.01764706 -893
27 327.58252 439.77094 0.01764706 -926
28 323.8046 449.13968 0.01764706 -959
29 319.9774 468.66122 0.01764706 -992
30 314.2091 499.23996 0.01764706 -1025
31 311.49557 547.17084 0.01764706 -1058
32 314.8935 613.90076 0.01764706 -1091
33 318.70892 696.7462 0.01764706 -1124
34 328.0455 791.7071 0.01764706 -1157
35 338.2461 873.9005 0.01764706 -1190
36 340.2828 943.6723 0.01764706 -1223
37 339.6855 1008.5281 0.01764706 -1256
38 339.6855 1073.6514 0.01764706 -1289
39 341.42795 1133.6182 0.01764706 -1322
40 341.53903 1220.535 0.01764706 -1355
41 344.33893 1281.7279 0.01764706 -1405
42 347.67807 1331.8035 0.01764706 -1438
43 348.67715 1390.3512 0.01764706 -1471
44 350.6753 1447.564 0.01764706 -1504
45 349.63535 1495.6478 0.01764706 -1537
46 349.67624 1496.2207 0.01764706 -1570
47 349.67624 1505.216 0.01764706 -1570
0 922.1462 463.75845 0.01764706 -165
1 904.0853 462.75897 0.01764706 -165
2 873.8107 457.60828 0.01764706 -193
3 856.9139 457.76157 0.01764706 -226
4 820.0461 453.7442 0.01764706 -242
5 801.15 453.76364 0.01764706 -275
6 763.62573 449.76575 0.01764706 -292
7 728.08246 448.0423 0.01764706 -325
8 706.7856 446.7673 0.01764706 -358
9 672.87695 446.26758 0.01764706 -375
10 631.16943 447.5915 0.01764706 -407
11 591.7801 445.76782 0.01764706 -437
12 554.5338 448.27124 0.019607844 -470
13 513.6233 449.1562 0.01764706 -503
14 478.0536 447.721 0.01764706 -536
15 438.0444 449.76575 0.01764706 -569
16 404.60257 448.76627 0.01764706 -602
17 379.69003 450.15723 0.01764706 -635
18 359.0641 450.76523 0.019607844 -668
19 343.98276 448.76627 0.01764706 -701
20 335.36688 448.76627 0.01764706 -734
21 331.2538 448.76627 0.01764706 -767
22 327.5236 450.9383 0.01764706 -800
23 326.6975 462.61908 0.019607844 -834
24 324.00586 491.60284 0.01764706 -867
25 325.69843 527.0285 0.01764706 -916
26 325.13632 549.2745 0.01764706 -949
27 327.00412 575.99646 0.01764706 -966
28 330.71298 629.81586 0.01764706 -982
29 334.36636 706.202 0.01764706 -1015
30 340.00867 776.0964 0.01764706 -1048
31 345.16028 816.4136 0.01764706 -1081
32 346.67902 843.14307 0.01764706 -1098
33 350.6753 906.26483 0.01764706 -1114
34 352.4758 971.65924 0.01764706 -1147
35 358.06177 1045.192 0.01764706 -1180
36 362.12573 1116.9508 0.01764706 -1213
37 367.75247 1193.0759 0.01764706 -1246
38 368.65866 1262.9386 0.01764706 -1280
39 370.76437 1326.8015 0.01764706 -1313
40 373.50748 1383.8124 0.01764706 -1346
41 373.65402 1442.7306 0.01764706 -1379
42 372.65494 1479.2295 0.01764706 -1412
43 372.65494 1492.2228 0.01764706 -1436
0 926.14246 440.77042 0.01764706 -219
1 901.6443 440.77042 0.01764706 -219
2 844.0577 443.76886 0.01764706 -242
3 801.6707 447.02588 0.01764706 -292
4 753.3795 447.12375 0.01764706 -325
5 701.67676 446.7673 0.01764706 -358
6 654.09576 444.82227 0.01764706 -391
7 614.3417 444.1464 0.01764706 -424
8 569.8894 443.3108 0.01764706 -457
9 525.3357 440.77042 0.01764706 -490
10 479.03598 438.77145 0.01764706 -523
11 442.01236 436.7725 0.01764706 -556
12 408.9201 436.7725 0.01764706 -589
13 386.0155 436.7725 0.01764706 -621
14 368.24686 435.6906 0.019607844 -654
15 355.2246 435.773 0.019607844 -687
16 347.56638 435.773 0.019607844 -720
17 343.42947 435.773 0.019607844 -753
18 339.67712 435.773 0.01764706 -786
19 333.88855 450.57904 0.019607844 -819
20 328.40552 470.9807 0.01764706 -852
21 322.35837 501.85638 0.01764706 -885
22 317.305 539.5336 0.01764706 -918
23 321.70212 704.8494 0.01764706 -951
24 323.5709 742.1887 0.01764706 -1034
25 328.17657 811.68054 0.01764706 -1050
26 336.61542 880.958 0.01764706 -1083
27 342.6827 953.06635 0.01764706 -1116
28 348.88715 1018.41205 0.01764706 -1149
29 351.6069 1087.4468 0.01764706 -1182
30 356.74048 1178.9438 0.01764706 -1215
31 359.5875 1247.0771 0.01764706 -1248
32 363.5206 1311.4604 0.01764706 -1282
33 365.4588 1368.2451 0.01764706 -1315
34 365.42706 1413.276 0.01764706 -1348
35 365.66144 1452.2854 0.01764706 -1381
36 366.6048 1473.3962 0.01764706 -1414
37 367.65958 1486.2258 0.01764706 -1430
38 367.65958 1497.2202 0.01764706 -1439
0 939.13043 433.77408 0.01764706 -227
1 921.4232 433.77408 0.01764706 -227
2 889.3021 433.77408 0.01764706 -250
3 854.6261 433.77408 0.01764706 -282
4 820.2296 432.7746 0.01764706 -315
5 777.02435 428.66254 0.01764706 -348
6 730.7943 425.83054 0.01764706 -381
7 706.346 425.77823 0.01764706 -414
8 700.3515 441.7699 0.021568628 -431
9 668.3811 430.77563 0.01764706 -456
10 633.90967 423.61154 0.01764706 -456
11 595.44867 417.7824 0.01764706 -481
12 590.4533 437.77197 0.021568628 -508
13 560.481 425.77823 0.01764706 -534
14 529.5097 420.78082 0.01764706 -534
15 525.5134 438.77145 0.021568628 -559
16 496.54025 425.77823 0.01764706 -586
17 468.56613 420.78082 0.01764706 -586
18 465.5689 436.7725 0.021568628 -611
19 439.59296 424.77875 0.01764706 -637
20 404.31226 415.7208 0.019607844 -637
21 390.53302 415.78345 0.019607844 -680
22 381.6715 415.78345 0.019607844 -712
23 377.35474 415.78345 0.019607844 -745
24 373.59286 415.78345 0.01764706 -778
25 369.13318 421.06827 0.01764706 -811
26 366.6605 425.77823 0.01764706 -844
27 366.6605 425.77823 0.01764706 -854
28 359.667 491.74387 0.01764706 -879
29 360.1069 547.75964 0.01764706 -879
30 362.82718 608.39575 0.01764706 -943
31 370.63474 693.4254 0.01764706 -976
32 379.4954 779.3765 0.01764706 -1009
33 387.6683 860.7153 0.01764706 -1042
34 396.73398 936.8203 0.01764706 -1075
35 401.1796 1003.29443 0.01764706 -1108
36 406.37573 1071.7059 0.01764706 -1141
37 410.01147 1137.8827 0.01764706 -1174
38 410.22507 1206.2983 0.01764706 -1207
39 412.29797 1268.1434 0.01764706 -1240
40 415.8039 1328.5747 0.01764706 -1273
41 417.6133 1391.6462 0.01764706 -1306
42 418.0166 1428.3293 0.01764706 -1339
43 417.6133 1458.5726 0.01764706 -1356
44 417.6133 1477.2306 0.01764706 -1389
45 417.6133 1490.2238 0.01764706 -1402
0 936.13324 430.77563 0.01764706 -192
1 924.2686 430.77563 0.01764706 -192
2 876.09216 427.32224 0.01764706 -207
3 836.0052 420.01382 0.01764706 -256
4 798.36273 413.40506 0.01764706 -289
5 757.70557 407.626 0.01764706 -322
6 710.90735 403.0663 0.019607844 -355
7 663.575 401.7907 0.01764706 -388
8 576.8507 394.79437 0.01764706 -421
9 539.1597 394.79437 0.019607844 -487
10 516.2976 393.7949 0.01764706 -520
11 472.9593 393.9792 0.019607844 -537
12 439.06027 393.7949 0.01764706 -570
13 424.52667 395.30414 0.01764706 -603
14 410.9395 397.176 0.019607844 -619
15 396.62497 396.54248 0.01764706 -636
16 383.7953 396.79333 0.01764706 -652
17 363.1024 396.79333 0.01764706 -669
18 345.667 398.29578 0.019607844 -702
19 334.13574 401.97556 0.019607844 -735
20 326.61038 402.7902 0.019607844 -768
21 322.9661 403.5247 0.01764706 -801
22 319.33148 411.5313 0.01764706 -834
23 310.272 427.36502 0.01764706 -867
24 308.49896 442.27728 0.01764706 -900
25 307.55658 460.0297 0.01764706 -917
26 303.09558 514.91003 0.01764706 -933
27 302.0793 575.3153 0.01764706 -966
28 305.19882 648.80896 0.01764706 -999
29 306.33633 716.94696 0.01764706 -1032
30 308.71414 792.9725 0.01764706 -1065
31 311.65573 867.9355 0.01764706 -1098
32 313.87985 954.7751 0.01764706 -1131
33 316.64563 999.4396 0.01764706 -1164
34 317.43817 1065.6941 0.01764706 -1181
35 316.70676 1126.8563 0.01764706 -1214
36 314.70862 1189.9703 0.01764706 -1247
37 315.27765 1250.753 0.01764706 -1280
38 315.2312 1311.5939 0.01764706 -1313
39 314.70862 1368.2874 0.01764706 -1346
40 313.70953 1406.4432 0.01764706 -1379
41 315.29208 1435.2607 0.01764706 -1412
42 315.70767 1453.4318 0.01764706 -1428
43 314.70862 1464.2373 0.01764706 -1445
44 314.70862 1475.2316 0.01764706 -1457
0 925.1434 449.76575 0.01764706 -209
1 911.03955 451.6544 0.01764706 -209
2 873.39343 451.44467 0.01764706 -224
3 829.7028 452.76416 0.01764706 -257
4 786.0213 453.35992 0.019607844 -290
5 740.3514 453.94202 0.01764706 -323
6 691.14264 449.76575 0.01764706 -356
7 637.3653 445.96326 0.01764706 -390
8 592.14703 442.76938 0.019607844 -423
9 555.29004 439.48056 0.01764706 -456
10 516.8551 437.77197 0.01764706 -489
11 477.2546 436.64206 0.019607844 -522
12 443.49374 435.773 0.019607844 -555
13 408.88297 435.773 0.019607844 -588
14 386.51642 436.54745 0.01764706 -621
15 362.56503 434.77356 0.019607844 -654
16 341.39813 434.77356 0.019607844 -687
17 327.2495 434.77356 0.019607844 -720
18 319.50394 434.77356 0.019607844 -753
19 314.79922 434.77356 0.019607844 -786
20 310.06708 436.4185 0.01764706 -819
21 306.45355 449.81653 0.019607844 -852
22 305.71692 468.00186 0.01764706 -885
23 303.50284 477.29178 0.01764706 -918
24 301.72064 493.44327 0.01764706 -934
25 301.72064 516.4066 0.019607844 -951
26 299.72247 545.41284 0.01764706 -967
27 299.72247 586.8772 0.01764706 -1000
28 297.72433 629.1456 0.01764706 -1033
29 296.6839 676.94385 0.01764706 -1066
30 298.50745 746.50415 0.01764706 -1100
31 299.72247 804.4814 0.01764706 -1133
32 301.25058 863.0224 0.01764706 -1166
33 303.21924 927.51685 0.01764706 -1199
34 306.55908 997.90967 0.01764706 -1232
35 309.05432 1058.8536 0.01764706 -1265
36 310.81497 1119.3932 0.01764706 -1298
37 311.564 1179.9841 0.01764706 -1331
38 317.61075 1254.6333 0.01764706 -1364
39 324.69934 1320.3973 0.01764706 -1397
40 328.42447 1373.0278 0.01764706 -1430
41 332.39542 1427.6947 0.01764706 -1463
42 337.68732 1463.0894 0.01764706 -1496
43 337.68732 1465.2368 0.01764706 -1529
44 336.68826 1474.2322 0.01764706 -1532
0 803.2562 830.5674 0.01764706 -178
1 781.93744 829.56793 0.019607844 -178
2 750.57904 827.569 0.019607844 -201
3 719.6732 826.56946 0.01764706 -234
4 684.83356 825.39984 0.019607844 -267
5 645.039 824.4342 0.019607844 -300
6 602.1572 822.57153 0.019607844 -333
7 562.6802 819.6932 0.019607844 -366
8 522.5988 818.57367 0.019607844 -399
9 484.01773 816.5747 0.019607844 -432
10 464.50897 816.5747 0.019607844 -465
11 447.1596 814.3063 0.019607844 -482
12 402.62622 811.66046 0.019607844 -498
13 363.43362 809.5783 0.019607844 -531
14 329.69476 809.5783 0.019607844 -564
15 299.89157 806.47614 0.019607844 -597
16 270.56805 805.5804 0.019607844 -630
17 245.48305 803.5814 0.019607844 -663
18 222.46826 803.5814 0.019607844 -696
19 203.75635 803.5814 0.019607844 -729
20 199.62599 803.5814 0.019607844 -779
21 195.92554 805.5269 0.019607844 -796
22 188.90771 812.49414 0.019607844 -812
23 181.31969 827.84985 0.019607844 -845
24 176.85597 849.41943 0.019607844 -878
25 173.75354 870.1031 0.019607844 -911
26 172.83997 890.65326 0.019607844 -928
27 171.84088 911.4999 0.019607844 -944
28 170.84181 936.2159 0.019607844 -961
29 170.84181 963.2851 0.019607844 -977
30 169.84274 996.12427 0.019607844 -994
31 169.84274 1028.2502 0.019607844 -1010
32 172.108 1104.0398 0.019607844 -1027
33 175.90948 1182.8312 0.019607844 -1060
34 176.83626 1283.8865 0.019607844 -1093
35 177.83534 1367.678 0.019607844 -1126
36 177.84059 1410.3705 0.019607844 -1159
37 177.83534 1450.3483 0.019607844 -1176
38 177.83534 1486.5483 0.019607844 -1192
39 177.83534 1556.435 0.019607844 -1209
40 175.1745 1620.7688 0.019607844 -1242
41 173.83904 1679.0758 0.019607844 -1275
42 173.21019 1709.5511 0.01764706 -1308
43 171.84088 1736.6117 0.019607844 -1324
44 172.83997 1783.5834 0.01764706 -1341
45 172.83997 1824.6279 0.01764706 -1374
46 174.83812 1858.0322 0.019607844 -1407
47 174.83812 1858.0322 0.019607844 -1437
0 803.2562 779.59393 0.01764706 -159
1 786.7854 780.59344 0.01764706 -159
2 759.447 784.28436 0.019607844 -184
3 728.2335 787.15576 0.019607844 -217
4 679.5078 791.5877 0.019607844 -250
5 643.68616 792.58716 0.019607844 -300
6 603.094 792.58716 0.019607844 -333
7 564.0792 793.5867 0.019607844 -366
8 530.0092 793.5867 0.019607844 -399
9 496.2412 793.5867 0.019607844 -431
10 462.05524 793.5867 0.019607844 -465
11 425.2928 793.5867 0.019607844 -498
12 390.0442 794.5861 0.019607844 -531
13 346.2643 794.5861 0.019607844 -564
14 319.78387 795.58563 0.019607844 -614
15 293.11887 796.5851 0.019607844 -647
16 270.75632 797.5846 0.019607844 -680
17 256.58453 797.5846 0.019607844 -713
18 251.36353 797.5846 0.019607844 -746
19 246.61372 798.58405 0.019607844 -763
20 239.5171 798.58405 0.019607844 -779
21 235.45006 798.58405 0.019607844 -812
22 232.05038 800.9502 0.019607844 -845
23 228.5394 805.9537 0.019607844 -862
24 226.75558 811.6806 0.019607844 -878
25 222.95634 820.2472 0.019607844 -895
26 218.27707 840.6871 0.019607844 -911
27 214.53964 869.6408 0.019607844 -944
28 212.80296 907.2169 0.019607844 -978
29 212.80296 967.2081 0.019607844 -1011
30 215.54526 1031.8696 0.019607844 -1044
31 219.29694 1094.9297 0.019607844 -1077
32 224.28513 1168.3195 0.019607844 -1109
33 227.89229 1240.3167 0.019607844 -1143
34 229.78723 1312.6606 0.019607844 -1176
35 229.78723 1394.0134 0.019607844 -1209
36 228.78816 1457.069 0.019607844 -1242
37 228.13321 1516.0437 0.019607844 -1275
38 224.79185 1573.3534 0.019607844 -1308
39 224.79185 1628.857 0.019607844 -1341
40 224.17638 1659.1445 0.01764706 -1374
41 223.79279 1683.5627 0.019607844 -1391
42 223.25826 1711.1342 0.019607844 -1407
43 222.79372 1758.7693 0.019607844 -1424
44 221.79463 1804.1694 0.01764706 -1457
45 221.79463 1837.5751 0.01764706 -1490
46 221.79463 1855.0338 0.019607844 -1523
47 221.79463 1855.0338 0.019607844 -1544
0 792.2664 823.57104 0.01764706 -187
1 771.58 824.5705 0.01764706 -187
2 741.1798 825.8366 0.01764706 -209
3 706.715 825.57 0.01764706 -242
4 669.39325 825.57 0.01764706 -275
5 621.4213 822.57153 0.019607844 -308
6 578.32556 820.8585 0.019607844 -341
7 536.50323 819.5731 0.019607844 -374
8 497.57657 816.17865 0.019607844 -407
9 459.19843 813.5344 0.019607844 -440
10 414.08127 811.5773 0.019607844 -473
11 378.6521 808.9123 0.019607844 -506
12 341.5271 808.57886 0.019607844 -540
13 314.8853 807.4765 0.019607844 -573
14 296.30255 807.57935 0.019607844 -606
15 280.39096 806.5799 0.019607844 -622
16 267.81546 805.5804 0.019607844 -639
17 248.18181 805.5804 0.019607844 -655
18 233.84744 808.8907 0.019607844 -688
19 225.64912 812.6477 0.019607844 -721
20 218.20996 819.1613 0.019607844 -754
21 211.32082 832.5005 0.019607844 -787
22 205.63359 853.1717 0.019607844 -820
23 201.89862 881.6852 0.019607844 -854
24 198.87248 901.9641 0.019607844 -887
25 197.00696 920.6268 0.019607844 -903
26 195.39288 960.1881 0.019607844 -920
27 193.82054 1003.3055 0.019607844 -953
28 192.82146 1052.726 0.019607844 -986
29 191.82239 1117.8397 0.019607844 -1019
30 190.82332 1169.0387 0.019607844 -1052
31 193.33847 1226.1237 0.019607844 -1085
32 198.11789 1283.8512 0.019607844 -1118
33 202.79181 1317.6605 0.019607844 -1151
34 204.19142 1348.3856 0.019607844 -1168
35 209.94496 1408.6354 0.019607844 -1184
36 215.92319 1471.0804 0.01764706 -1217
37 221.7897 1543.1174 0.019607844 -1250
38 225.69101 1599.6665 0.019607844 -1283
39 228.78816 1653.4497 0.019607844 -1316
40 230.78632 1700.4536 0.019607844 -1349
41 233.78354 1746.4861 0.019607844 -1382
42 236.35399 1787.3702 0.01764706 -1415
43 237.52818 1808.7909 0.01764706 -1448
44 239.48915 1825.7362 0.01764706 -1465
45 241.51106 1840.9186 0.01764706 -1482
46 243.77429 1856.0333 0.01764706 -1498
47 243.77429 1856.0333 0.01764706 -1516
0 945.1249 430.77563 0.019607844 -41
1 937.07117 429.77615 0.019607844 -41
2 927.1902 429.77615 0.019607844 -75
3 917.34924 429.77615 0.019607844 -108
4 905.94116 428.77667 0.019607844 -141
5 889.2911 428.05566 0.019607844 -174
6 870.5555 425.77823 0.019607844 -207
7 851.7113 425.77823 0.019607844 -240
8 821.3739 420.78082 0.01764706 -272
9 796.45123 418.37955 0.01764706 -306
10 766.4529 415.78345 0.01764706 -340
11 736.7872 413.72556 0.01764706 -373
12 701.3711 412.78207 0.019607844 -406
13 682.27155 409.78656 0.01764706 -439
14 650.30615 408.78708 0.01764706 -455
15 632.20105 405.8869 0.01764706 -488
16 615.79193 404.95932 0.01764706 -505
17 600.3542 404.78915 0.01764706 -521
18 568.0944 402.36795 0.01764706 -538
19 535.16595 403.08237 0.01764706 -571
20 516.0799 401.36066 0.01764706 -604
21 486.64426 400.79126 0.01764706 -621
22 473.56152 401.7907 0.01764706 -654
23 472.56244 425.77823 0.021568628 -668
24 448.58466 416.78293 0.01764706 -694
25 412.88773 409.78656 0.01764706 -694
26 395.92398 411.46304 0.019607844 -737
27 383.98505 413.33786 0.019607844 -769
28 376.1278 413.7845 0.019607844 -802
29 372.44165 414.9973 0.01764706 -835
30 368.61523 418.8253 0.01764706 -868
31 364.76974 422.67236 0.01764706 -901
32 361.9385 427.2302 0.01764706 -935
33 359.667 431.77512 0.01764706 -951
34 359.667 431.77512 0.01764706 -961
35 356.66974 499.73972 0.01764706 -987
36 355.1639 501.7531 0.01764706 -987
37 354.6716 525.9717 0.01764706 -1017
38 356.873 569.5516 0.01764706 -1050
39 356.66974 594.36237 0.01764706 -1083
40 358.80652 634.88934 0.01764706 -1100
41 359.72995 669.91144 0.01764706 -1116
42 361.58615 731.11707 0.01764706 -1133
43 362.6642 763.7323 0.01764706 -1166
44 364.66235 828.7341 0.01764706 -1182
45 369.23373 900.4676 0.01764706 -1215
46 372.12823 963.48126 0.01764706 -1249
47 375.65216 1025.5245 0.01764706 -1282
48 379.64847 1090.2595 0.01764706 -1315
49 387.3445 1192.6527 0.01764706 -1348
50 388.30756 1216.7042 0.01764706 -1397
51 393.71368 1301.574 0.01764706 -1414
52 393.83167 1360.6287 0.01764706 -1463
53 397.63184 1399.7573 0.01764706 -1496
54 400.69638 1446.8528 0.01764706 -1529
55 400.5211 1475.0963 0.01764706 -1563
56 404.8132 1510.5294 0.01764706 -1596
57 405.62442 1514.2113 0.01764706 -1629
58 405.62442 1518.2092 0.01764706 -1635
