0 804.2553 836.5643 0.015686275 -51
1 804.2553 836.5643 0.01764706 -51
2 804.2553 836.5643 0.01764706 -93
3 798.848 834.859 0.01764706 -126
4 792.1208 831.9938 0.01764706 -159
5 784.36536 830.1134 0.01764706 -192
6 776.48224 827.1698 0.01764706 -225
7 769.13275 824.5705 0.01764706 -258
8 759.3746 820.59845 0.01764706 -291
9 745.75037 817.72107 0.01764706 -324
10 734.12317 816.5747 0.019607844 -357
11 722.66296 816.5747 0.01764706 -390
12 712.6728 816.5747 0.01764706 -423
13 704.05054 816.5747 0.019607844 -456
14 693.3621 816.5747 0.019607844 -489
15 679.1676 816.5747 0.019607844 -522
16 663.91956 817.57416 0.01764706 -555
17 645.9478 819.5731 0.019607844 -588
18 628.5654 821.7851 0.019607844 -621
19 611.51575 824.5541 0.01764706 -654
20 592.6672 825.57 0.019607844 -687
21 571.78906 825.57 0.019607844 -720
22 559.6127 827.214 0.01764706 -753
23 548.87427 827.569 0.01764706 -769
24 525.9101 827.569 0.01764706 -786
25 499.36652 828.5684 0.01764706 -819
26 473.0144 828.5684 0.01764706 -852
27 440.12384 830.5674 0.01764706 -885
28 414.32025 830.5674 0.019607844 -918
29 390.36984 830.5674 0.019607844 -951
30 370.92868 830.5674 0.019607844 -984
31 352.9922 830.5674 0.019607844 -1017
32 336.68823 830.5674 0.019607844 -1050
33 325.05243 828.5684 0.019607844 -1083
34 314.7676 827.569 0.019607844 -1116
35 310.7609 827.569 0.019607844 -1149
36 307.88644 827.569 0.019607844 -1166
37 306.0458 827.569 0.019607844 -1182
38 302.53333 827.569 0.019607844 -1199
39 298.794 828.4978 0.019607844 -1232
40 295.0298 832.96027 0.019607844 -1265
41 291.7299 844.3005 0.019607844 -1298
42 291.7299 854.88885 0.019607844 -1347
43 291.7299 869.5733 0.019607844 -1380
44 293.262 890.73724 0.019607844 -1413
45 295.921 911.6949 0.019607844 -1446
46 296.72525 950.7446 0.019607844 -1479
47 298.67972 983.09436 0.019607844 -1530
48 300.48224 1017.5536 0.019607844 -1563
49 302.7197 1052.0664 0.019607844 -1596
50 302.7197 1088.2772 0.019607844 -1629
51 304.71786 1130.0352 0.019607844 -1662
52 305.71692 1173.0704 0.019607844 -1695
53 307.67963 1229.9335 0.019607844 -1728
54 306.716 1279.1278 0.019607844 -1761
55 306.716 1326.7301 0.019607844 -1794
56 305.71692 1373.4594 0.019607844 -1827
57 306.716 1416.3529 0.019607844 -1860
58 307.20892 1463.6515 0.019607844 -1893
59 307.7151 1509.8479 0.019607844 -1927
60 306.33676 1557.7439 0.019607844 -1960
61 305.71692 1601.6967 0.01764706 -1993
62 305.87558 1648.2062 0.01764706 -2026
63 306.716 1697.3878 0.019607844 -2059
64 306.716 1756.4747 0.01764706 -2092
65 306.716 1801.572 0.01764706 -2125
66 306.716 1831.1123 0.01764706 -2158
67 306.716 1852.1747 0.01764706 -2191
68 306.716 1858.0322 0.01764706 -2240
69 306.716 1858.0322 0.01764706 -2255
0 764.2923 317.83444 0.019607844 -159
1 764.2469 317.83444 0.019607844 -159
2 760.3514 317.83444 0.019607844 -168
3 756.553 316.83496 0.019607844 -201
4 754.5817 316.83496 0.019607844 -234
5 750.99805 315.18253 0.019607844 -251
6 747.1014 313.83655 0.019607844 -267
7 743.2075 313.83655 0.019607844 -284
8 739.32965 313.83655 0.019607844 -300
9 735.4088 313.83655 0.019607844 -317
10 731.47345 315.26044 0.019607844 -333
11 727.53906 314.83603 0.019607844 -350
12 721.07336 317.14954 0.01764706 -366
13 713.3197 318.08926 0.01764706 -383
14 705.5042 318.83392 0.01764706 -399
15 695.4615 319.8334 0.019607844 -416
16 686.6808 321.96896 0.019607844 -432
17 677.9928 323.92615 0.01764706 -449
18 674.3756 324.8308 0.019607844 -465
19 668.3811 324.8308 0.01764706 -473
20 656.3922 324.8308 0.01764706 -498
21 630.01355 326.82977 0.01764706 -498
22 620.14355 328.68524 0.01764706 -531
23 613.432 329.82822 0.01764706 -548
24 606.4385 329.82822 0.01764706 -558
25 593.4505 329.82822 0.01764706 -583
26 567.47455 329.82822 0.01764706 -583
27 561.4801 329.82822 0.01764706 -617
28 533.50604 329.82822 0.01764706 -659
29 514.5846 330.8277 0.01764706 -659
30 511.52637 330.8277 0.01764706 -680
31 504.53284 330.8277 0.01764706 -684
32 489.54672 330.8277 0.01764706 -710
33 481.5541 329.82822 0.01764706 -710
34 473.56152 329.82822 0.01764706 -727
35 463.57077 330.8277 0.01764706 -727
36 456.57724 330.8277 0.01764706 -735
37 443.58926 331.82718 0.01764706 -761
38 436.59573 331.82718 0.01764706 -761
39 411.61887 331.82718 0.01764706 -795
40 395.63367 332.82663 0.01764706 -795
41 386.642 333.8261 0.01764706 -812
42 353.67252 333.8261 0.01764706 -854
43 344.68085 334.8256 0.01764706 -854
44 337.68732 334.8256 0.01764706 -863
45 325.69843 335.82507 0.01764706 -888
46 318.7049 336.82455 0.01764706 -888
47 282.73822 337.82404 0.01764706 -939
48 266.75302 340.82248 0.01764706 -939
49 261.75763 340.82248 0.01764706 -964
50 219.79648 344.8204 0.01764706 -1041
51 185.82794 368.8079 0.01764706 -1041
52 183.82979 373.8053 0.01764706 -1154
53 174.83812 402.7902 0.01764706 -1205
54 170.84181 424.77875 0.01764706 -1205
55 169.84274 432.7746 0.01764706 -1230
56 166.84552 459.76053 0.01764706 -1264
57 166.84552 479.75012 0.01764706 -1264
58 166.84552 490.7444 0.01764706 -1281
59 166.84552 525.7262 0.01764706 -1315
60 166.84552 538.7194 0.01764706 -1315
61 166.84552 552.7121 0.01764706 -1323
62 166.84552 595.68976 0.01764706 -1349
63 167.84459 614.6798 0.019607844 -1349
64 168.84366 647.66266 0.01764706 -1374
65 169.84274 666.6528 0.01764706 -1374
66 170.84181 681.64496 0.01764706 -1382
67 172.83997 713.6283 0.01764706 -1408
68 173.83904 731.61896 0.01764706 -1408
69 175.83719 767.6002 0.01764706 -1432
70 176.83626 835.5648 0.01764706 -1432
71 177.83534 854.5549 0.01764706 -1466
72 177.83534 886.53827 0.01764706 -1492
73 180.83257 1067.0768 0.01764706 -1492
74 181.83163 1136.2085 0.01764706 -1593
75 186.43971 1177.5101 0.01764706 -1639
76 190.3787 1218.9148 0.01764706 -1672
77 193.81131 1256.2903 0.01764706 -1705
78 197.81683 1291.8723 0.01764706 -1738
79 201.29312 1328.1442 0.01764706 -1771
80 201.81314 1353.049 0.01764706 -1804
81 204.25449 1375.389 0.01764706 -1837
82 207.80759 1395.3743 0.019607844 -1870
83 207.80759 1403.7201 0.019607844 -1903
84 207.80759 1408.6848 0.019607844 -1936
85 206.80852 1411.2649 0.015686275 -1969
86 206.80852 1411.2649 0.015686275 -1997
0 824.2368 719.6252 0.013725491 -149
1 820.5466 717.27954 0.01764706 -149
2 809.7734 713.4694 0.01764706 -168
3 791.299 710.6299 0.01764706 -201
4 761.2485 709.6304 0.01764706 -234
5 733.96967 709.6304 0.01764706 -267
6 700.43207 706.52985 0.01764706 -300
7 671.7949 702.6861 0.01764706 -333
8 663.38574 700.6351 0.01764706 -366
9 655.3932 698.6361 0.01764706 -373
10 629.41724 696.63715 0.01764706 -407
11 620.42554 695.6377 0.01764706 -407
12 613.432 694.6382 0.019607844 -416
13 581.4616 690.64026 0.019607844 -458
14 572.4699 690.64026 0.01764706 -458
15 563.4783 689.6408 0.01764706 -466
16 536.50323 686.64233 0.019607844 -501
17 528.5106 685.6429 0.019607844 -501
18 520.51807 684.6434 0.019607844 -509
19 491.54486 682.6444 0.019607844 -543
20 384.39578 675.6481 0.019607844 -543
21 355.32788 675.6481 0.019607844 -646
22 336.5266 674.6486 0.019607844 -679
23 323.84647 674.6486 0.019607844 -712
24 316.58374 674.6486 0.019607844 -745
25 310.7123 674.6486 0.019607844 -778
26 308.71414 675.6481 0.019607844 -803
27 290.7308 700.6351 0.019607844 -890
28 285.73544 718.6257 0.019607844 -890
29 283.73727 727.62103 0.019607844 -915
30 277.74283 768.5997 0.019607844 -957
31 275.7447 782.5924 0.019607844 -957
32 272.74747 821.5721 0.019607844 -991
33 271.74838 836.5643 0.019607844 -991
34 269.75024 878.5424 0.019607844 -1025
35 268.75116 893.5346 0.019607844 -1025
36 268.75116 907.5273 0.019607844 -1034
37 267.75208 935.51276 0.019607844 -1059
38 267.75208 952.5039 0.019607844 -1059
39 267.75208 969.49506 0.019607844 -1068
40 266.75302 1003.47736 0.019607844 -1093
41 265.75394 1021.46796 0.019607844 -1093
42 263.7558 1071.4419 0.019607844 -1127
43 263.7558 1088.4331 0.019607844 -1127
44 262.7567 1121.4159 0.019607844 -1152
45 261.75763 1136.4081 0.019607844 -1152
46 261.75763 1152.3998 0.019607844 -1160
47 260.75854 1182.3842 0.019607844 -1186
48 259.7595 1198.3759 0.019607844 -1186
49 258.7604 1212.3685 0.019607844 -1194
50 256.76227 1243.3524 0.019607844 -1219
51 255.76318 1258.3446 0.019607844 -1219
52 255.76318 1272.3373 0.019607844 -1228
53 253.76503 1302.3217 0.019607844 -1252
54 252.76596 1383.2795 0.019607844 -1252
55 253.76503 1397.2722 0.019607844 -1303
56 253.76503 1422.2592 0.019607844 -1328
57 254.76411 1567.1837 0.019607844 -1328
58 254.76411 1579.1775 0.019607844 -1419
59 254.76411 1602.1655 0.019607844 -1444
60 248.9569 1746.4036 0.01764706 -1444
61 248.76965 1780.8622 0.019607844 -1559
62 248.76965 1800.6813 0.019607844 -1602
63 248.76965 1815.7688 0.01764706 -1635
64 248.76965 1826.0352 0.01764706 -1668
65 248.76965 1828.0479 0.01764706 -1701
66 248.76965 1829.0474 0.01764706 -1717
0 791.26733 773.59705 0.01764706 -100
1 785.20966 772.5976 0.01764706 -100
2 767.66974 770.94354 0.019607844 -125
3 751.4223 770.59863 0.019607844 -175
4 732.7723 770.59863 0.01764706 -208
5 709.1281 769.5991 0.019607844 -241
6 681.5365 768.5997 0.019607844 -274
7 651.58295 766.87384 0.019607844 -307
8 622.63007 765.60126 0.01764706 -340
9 592.3208 765.60126 0.019607844 -373
10 561.541 764.60175 0.019607844 -406
11 519.2788 763.6713 0.019607844 -439
12 481.4046 764.60175 0.019607844 -472
13 446.92355 764.60175 0.019607844 -505
14 411.446 764.60175 0.019607844 -538
15 373.04282 766.6007 0.019607844 -571
16 341.53696 766.6007 0.019607844 -604
17 313.30002 766.6007 0.019607844 -637
18 285.0325 766.6007 0.019607844 -670
19 257.29684 767.2835 0.019607844 -703
20 234.28308 767.6002 0.019607844 -736
21 217.41064 767.6002 0.019607844 -768
22 206.23715 769.4565 0.019607844 -802
23 197.78796 774.11127 0.019607844 -835
24 190.21553 780.20197 0.019607844 -868
25 182.81157 791.61646 0.019607844 -901
26 175.4767 815.0188 0.019607844 -934
27 170.34229 846.5591 0.019607844 -967
28 164.61375 887.8759 0.019607844 -999
29 160.75119 933.71326 0.019607844 -1033
30 158.85292 996.86707 0.019607844 -1066
31 159.64795 1031.5823 0.019607844 -1099
32 162.3658 1097.235 0.019607844 -1115
33 166.1324 1167.83 0.01764706 -1149
34 166.84552 1238.2347 0.019607844 -1182
35 166.90419 1302.2612 0.019607844 -1215
36 165.82443 1367.64 0.019607844 -1248
37 164.80592 1413.1351 0.019607844 -1281
38 164.84737 1471.9116 0.019607844 -1297
39 165.84644 1530.8547 0.019607844 -1330
40 165.84644 1584.9642 0.019607844 -1363
41 166.84552 1632.4556 0.019607844 -1396
42 167.30127 1679.1434 0.019607844 -1429
43 168.84366 1720.2605 0.019607844 -1462
44 168.84366 1760.7681 0.019607844 -1495
45 168.84366 1797.1917 0.019607844 -1528
46 170.17236 1825.0288 0.01764706 -1561
47 174.23712 1848.0297 0.019607844 -1594
48 175.83719 1856.0333 0.019607844 -1627
49 175.83719 1856.0333 0.019607844 -1641
0 803.2562 811.5773 0.01764706 -175
1 801.0588 811.5773 0.01764706 -175
2 785.68475 811.5773 0.01764706 -183
3 759.52466 815.17194 0.019607844 -216
4 726.1956 817.57416 0.019607844 -249
5 691.21533 821.6992 0.019607844 -282
6 647.3973 824.6421 0.019607844 -315
7 605.11017 825.57 0.019607844 -348
8 565.9821 825.57 0.019607844 -381
9 525.4102 825.57 0.019607844 -414
10 484.58627 825.57 0.019607844 -447
11 442.90002 824.5705 0.019607844 -480
12 406.18323 824.5705 0.019607844 -513
13 372.4238 821.5721 0.019607844 -546
14 334.69318 820.5726 0.019607844 -579
15 302.43393 820.5726 0.019607844 -612
16 275.3681 818.51984 0.019607844 -646
17 250.90036 818.57367 0.019607844 -679
18 229.88797 817.57416 0.019607844 -712
19 213.81494 818.57367 0.019607844 -745
20 202.31824 819.40466 0.019607844 -778
21 195.22574 822.57153 0.019607844 -811
22 189.3586 827.0353 0.019607844 -844
23 185.17216 837.0486 0.019607844 -877
24 179.25606 856.022 0.019607844 -910
25 175.46623 885.5092 0.019607844 -943
26 171.86543 918.25146 0.019607844 -976
27 171.84088 974.2129 0.019607844 -1009
28 174.89752 1033.9967 0.019607844 -1042
29 180.0401 1101.562 0.019607844 -1075
30 185.9672 1170.7142 0.019607844 -1108
31 189.82423 1253.7362 0.019607844 -1141
32 189.82423 1316.1189 0.019607844 -1174
33 191.32286 1375.7834 0.019607844 -1207
34 189.82423 1433.006 0.019607844 -1239
35 192.86523 1485.8834 0.019607844 -1273
36 193.8472 1555.6167 0.019607844 -1306
37 193.82054 1610.264 0.019607844 -1339
38 193.82054 1661.6064 0.019607844 -1372
39 192.82146 1708.4021 0.019607844 -1405
40 192.82146 1754.5862 0.019607844 -1438
41 192.82146 1800.4216 0.019607844 -1470
42 193.82054 1837.1127 0.019607844 -1504
43 195.8187 1855.0338 0.019607844 -1537
44 195.8187 1855.0338 0.019607844 -1558
0 810.24976 787.5898 0.01764706 -150
1 801.1647 787.5898 0.01764706 -150
2 784.5833 787.5898 0.019607844 -167
3 762.4464 787.5898 0.019607844 -199
4 738.70703 787.5898 0.019607844 -232
5 708.9871 787.5898 0.019607844 -265
6 680.1772 788.58923 0.019607844 -298
7 638.4076 789.58875 0.019607844 -331
8 598.19507 789.58875 0.019607844 -365
9 558.4829 792.08746 0.019607844 -398
10 520.48596 793.7013 0.019607844 -430
11 477.73886 796.49426 0.019607844 -464
12 431.17023 798.58405 0.019607844 -497
13 393.93372 801.5825 0.019607844 -530
14 346.21277 804.5217 0.019607844 -563
15 316.37137 805.5804 0.019607844 -612
16 287.23404 808.0791 0.019607844 -645
17 265.43182 807.57935 0.019607844 -678
18 249.25235 808.57886 0.019607844 -711
19 234.24425 812.08997 0.019607844 -744
20 225.45877 814.7419 0.019607844 -777
21 218.90294 818.4681 0.019607844 -810
22 215.1572 827.49976 0.019607844 -843
23 213.1815 835.0495 0.019607844 -876
24 211.36194 843.77234 0.019607844 -893
25 207.6856 870.5235 0.019607844 -909
26 204.81036 903.8111 0.019607844 -942
27 203.81128 958.9064 0.019607844 -975
28 205.1486 1011.213 0.019607844 -1008
29 207.16124 1077.4406 0.019607844 -1041
30 212.79585 1181.2494 0.019607844 -1074
31 216.79926 1267.8538 0.019607844 -1124
32 216.79926 1341.4237 0.019607844 -1158
33 216.79926 1405.9281 0.019607844 -1191
34 216.79926 1471.8188 0.019607844 -1224
35 220.17462 1537.0123 0.019607844 -1257
36 220.79556 1598.4254 0.019607844 -1290
37 221.79463 1657.9768 0.019607844 -1323
38 222.79372 1726.1129 0.019607844 -1356
39 221.88866 1781.7545 0.019607844 -1389
40 221.79463 1825.7949 0.019607844 -1422
41 222.79372 1849.0369 0.019607844 -1455
42 222.79372 1849.0369 0.019607844 -1472
0 796.2627 819.5731 0.019607844 -193
1 788.9555 820.61743 0.01764706 -193
2 759.7076 824.3942 0.019607844 -201
3 721.9866 828.2363 0.019607844 -234
4 681.8686 832.06665 0.019607844 -268
5 640.3496 833.56586 0.019607844 -300
6 588.1074 834.5653 0.019607844 -334
7 535.1147 834.5653 0.019607844 -367
8 488.9259 832.56635 0.019607844 -400
9 449.3395 829.24365 0.019607844 -433
10 407.9716 827.419 0.019607844 -466
11 365.97034 826.56946 0.019607844 -499
12 332.20374 824.8843 0.019607844 -532
13 302.113 823.57104 0.019607844 -565
14 274.5329 823.57104 0.019607844 -598
15 248.3658 822.57153 0.019607844 -630
16 227.44577 824.5705 0.019607844 -663
17 210.91026 824.5705 0.019607844 -696
18 202.22443 824.5705 0.019607844 -729
19 197.3 825.0876 0.019607844 -762
20 193.6796 827.70996 0.019607844 -795
21 191.82239 833.3178 0.019607844 -828
22 190.82332 847.6971 0.019607844 -861
23 190.82332 871.0014 0.019607844 -894
24 190.82332 904.32465 0.019607844 -927
25 190.82332 928.88855 0.019607844 -960
26 191.82239 957.61304 0.019607844 -977
27 196.25058 1022.0744 0.019607844 -993
28 202.30649 1093.3066 0.019607844 -1027
29 204.81036 1172.5199 0.019607844 -1060
30 205.80943 1254.1735 0.019607844 -1093
31 205.73285 1340.9113 0.019607844 -1126
32 204.81036 1405.8483 0.019607844 -1159
33 204.81036 1468.6125 0.01764706 -1192
34 205.80943 1531.0432 0.019607844 -1225
35 207.3607 1596.5645 0.01764706 -1258
36 209.80574 1660.7852 0.01764706 -1291
37 211.8039 1723.9213 0.01764706 -1324
38 211.8039 1786.8096 0.019607844 -1357
39 216.20837 1841.3524 0.019607844 -1390
40 216.79926 1848.0375 0.019607844 -1423
41 216.79926 1848.0375 0.019607844 -1429
0 825.2359 771.5981 0.01764706 -159
1 821.0259 771.5981 0.01764706 -159
2 802.31525 771.5981 0.01764706 -168
3 784.3499 771.5981 0.01764706 -201
4 745.53613 771.5981 0.01764706 -234
5 717.3497 770.59863 0.01764706 -284
6 687.7839 769.5991 0.01764706 -317
7 656.58966 768.5997 0.01764706 -350
8 607.0496 766.6007 0.019607844 -383
9 565.17053 764.60175 0.019607844 -432
10 528.0642 762.88635 0.019607844 -465
11 490.98608 762.15894 0.019607844 -498
12 451.87656 760.13354 0.019607844 -531
13 414.63333 760.6038 0.019607844 -564
14 378.9542 758.60486 0.019607844 -597
15 335.80426 757.6054 0.019607844 -630
16 297.4582 758.60486 0.019607844 -663
17 267.7449 758.60486 0.019607844 -696
18 244.92567 758.60486 0.019607844 -730
19 226.74397 759.6044 0.019607844 -763
20 215.6926 759.6044 0.019607844 -796
21 209.17038 760.4219 0.019607844 -829
22 203.45952 769.6273 0.019607844 -862
23 196.28625 788.3135 0.019607844 -895
24 191.4702 818.7462 0.019607844 -928
25 188.82516 854.5832 0.019607844 -961
26 187.80367 907.23584 0.019607844 -994
27 191.55609 987.95325 0.019607844 -1027
28 197.57863 1067.9137 0.019607844 -1060
29 203.02637 1145.7611 0.019607844 -1093
30 209.59785 1222.8864 0.01764706 -1126
31 218.38585 1335.303 0.01764706 -1159
32 223.15163 1417.7845 0.019607844 -1208
33 226.32643 1454.6023 0.019607844 -1241
34 228.78816 1527.9548 0.019607844 -1258
35 230.78632 1594.6261 0.019607844 -1291
36 230.78632 1670.4034 0.019607844 -1324
37 230.78632 1726.9875 0.019607844 -1357
38 232.78445 1771.8546 0.019607844 -1390
39 234.63217 1811.7013 0.01764706 -1423
40 238.69635 1843.4614 0.019607844 -1456
41 239.77798 1854.0343 0.019607844 -1489
42 239.77798 1854.0343 0.019607844 -1497
0 706.346 307.83966 0.01764706 -150
1 702.18243 307.83966 0.01764706 -150
2 686.6914 307.83966 0.01764706 -167
3 665.35284 311.69925 0.01764706 -200
4 623.5286 314.53534 0.01764706 -233
5 589.2704 315.83548 0.01764706 -282
6 554.9514 318.83392 0.01764706 -315
7 540.4995 318.83392 0.01764706 -348
8 530.5088 317.83444 0.01764706 -359
9 512.52545 319.8334 0.01764706 -384
10 482.5532 319.8334 0.01764706 -384
11 472.56244 319.8334 0.01764706 -410
12 452.58093 320.8329 0.01764706 -436
13 431.60037 321.83237 0.01764706 -436
14 420.61053 321.83237 0.01764706 -452
15 398.6309 321.83237 0.01764706 -478
16 377.65033 321.83237 0.01764706 -478
17 366.6605 321.83237 0.01764706 -494
18 343.68176 320.8329 0.01764706 -520
19 322.7012 321.83237 0.01764706 -520
20 311.71136 321.83237 0.01764706 -537
21 281.73914 323.83133 0.01764706 -563
22 258.7604 324.8308 0.01764706 -563
23 245.77243 324.8308 0.01764706 -579
24 221.79463 325.8303 0.01764706 -605
25 190.82332 326.82977 0.01764706 -605
26 180.83257 326.82977 0.01764706 -630
27 153.85754 326.82977 0.01764706 -665
28 122.886215 328.82874 0.01764706 -665
29 115.89269 328.82874 0.01764706 -699
30 93.91304 330.8277 0.01764706 -741
31 65.14954 375.12567 0.01764706 -741
32 62.94172 411.77155 0.01764706 -860
33 62.94172 453.05273 0.01764706 -893
34 64.326485 503.14255 0.01764706 -926
35 72.49153 566.2432 0.01764706 -959
36 83.24899 641.8395 0.01764706 -992
37 94.01659 717.559 0.01764706 -1025
38 103.79949 803.5375 0.01764706 -1058
39 111.67774 882.5707 0.01764706 -1091
40 117.62319 985.2005 0.01764706 -1124
41 122.36623 1047.8109 0.01764706 -1174
42 127.54083 1110.3055 0.01764706 -1207
43 131.45123 1168.4126 0.01764706 -1240
44 138.03731 1232.844 0.01764706 -1273
45 144.42671 1290.1742 0.01764706 -1306
46 149.94792 1339.8226 0.01764706 -1339
47 156.01265 1389.219 0.01764706 -1372
48 156.85477 1394.2738 0.01764706 -1405
49 157.85384 1403.269 0.01764706 -1408
0 903.16376 449.76575 0.01764706 -135
1 893.00433 451.99835 0.019607844 -135
2 893.00433 451.99835 0.023529414 -153
3 877.1878 468.75586 0.01764706 -175
4 835.3927 459.79376 0.01764706 -175
5 797.534 455.88977 0.01764706 -219
6 752.566 451.7647 0.01764706 -252
7 705.8274 449.76575 0.01764706 -285
8 683.8081 450.76523 0.01764706 -318
9 639.0518 448.34436 0.01764706 -334
10 598.3836 446.48904 0.01764706 -367
11 553.87335 446.43893 0.01764706 -400
12 510.0569 443.71658 0.01764706 -433
13 469.36493 440.85034 0.01764706 -466
14 437.04813 437.93332 0.01764706 -500
15 405.32108 437.10938 0.01764706 -533
16 383.9794 436.7725 0.01764706 -566
17 359.66473 436.7725 0.01764706 -597
18 342.8368 436.7725 0.019607844 -630
19 330.4352 436.7725 0.01764706 -663
20 321.37424 436.7725 0.01764706 -696
21 317.38885 443.7207 0.01764706 -746
22 313.70886 458.76508 0.01764706 -779
23 308.71414 485.71164 0.01764706 -812
24 308.97125 523.41125 0.01764706 -845
25 306.716 562.20715 0.01764706 -878
26 307.98642 611.7549 0.01764706 -911
27 310.02588 672.6564 0.01764706 -944
28 312.91785 734.1465 0.01764706 -977
29 321.6437 818.1354 0.01764706 -1010
30 326.48627 882.1576 0.01764706 -1043
31 333.1916 950.75555 0.01764706 -1076
32 337.26428 1017.848 0.01764706 -1109
33 343.70282 1060.2268 0.01764706 -1142
34 345.67993 1087.6927 0.01764706 -1159
35 349.25854 1123.5618 0.01764706 -1175
36 351.154 1149.735 0.01764706 -1192
37 353.67252 1209.3851 0.01764706 -1208
38 358.6679 1272.6276 0.01764706 -1241
39 363.66327 1335.1371 0.01764706 -1274
40 367.08917 1370.435 0.01764706 -1307
41 372.23352 1427.7255 0.01764706 -1324
42 375.51047 1476.6671 0.01764706 -1357
43 377.65033 1497.2202 0.01764706 -1390
44 378.6494 1506.2155 0.01764706 -1403
0 913.1545 376.80374 0.01764706 -58
1 905.2888 376.80374 0.01764706 -58
2 897.526 378.8027 0.01764706 -91
3 884.96924 378.8027 0.01764706 -124
4 866.9789 378.8027 0.01764706 -157
5 858.7234 380.42224 0.01764706 -190
6 850.47473 382.34842 0.01764706 -206
7 826.59503 382.80063 0.01764706 -223
8 801.88916 384.86093 0.01764706 -256
9 774.07 386.77188 0.01764706 -289
10 740.3268 388.65295 0.01764706 -322
11 707.04535 388.7975 0.01764706 -355
12 679.1895 390.32697 0.01764706 -388
13 645.6836 390.32483 0.01764706 -421
14 614.0752 391.79593 0.01764706 -454
15 580.389 392.7954 0.01764706 -487
16 541.5299 395.56827 0.01764706 -520
17 503.47797 396.79333 0.01764706 -553
18 471.80338 399.73175 0.01764706 -586
19 438.29977 399.79178 0.01764706 -619
20 414.0938 401.7112 0.01764706 -652
21 391.6374 407.7876 0.01764706 -685
22 395.63367 433.77408 0.021568628 -721
23 384.64386 430.77563 0.01764706 -746
24 373.63037 428.77667 0.019607844 -746
25 361.92413 428.77667 0.019607844 -768
26 354.59763 429.81317 0.01764706 -801
27 344.67706 438.77524 0.01764706 -834
28 341.4492 452.0858 0.01764706 -867
29 338.1925 464.72412 0.01764706 -883
30 334.95825 474.5818 0.01764706 -900
31 331.69287 514.8274 0.01764706 -916
32 330.61395 537.67914 0.01764706 -949
33 331.6626 574.21594 0.01764706 -966
34 332.3718 631.8643 0.01764706 -982
35 338.71503 699.8361 0.01764706 -1015
36 347.97055 806.2396 0.01764706 -1048
37 352.96732 879.0421 0.01764706 -1098
38 358.72864 945.35864 0.01764706 -1131
39 360.7731 1020.8611 0.01764706 -1164
40 364.56894 1092.7476 0.01764706 -1197
41 368.4585 1153.194 0.01764706 -1230
42 372.65494 1205.2506 0.01764706 -1263
43 378.6494 1260.6989 0.01764706 -1296
44 383.23035 1315.5814 0.01764706 -1329
45 387.64105 1363.7896 0.01764706 -1362
46 391.6374 1402.8029 0.01764706 -1394
47 395.0382 1446.0746 0.01764706 -1428
48 395.9772 1476.0135 0.01764706 -1461
49 397.63184 1492.2228 0.01764706 -1494
50 399.62997 1502.2175 0.01764706 -1506
0 834.2276 777.595 0.015686275 -43
1 831.088 776.5955 0.01764706 -43
2 819.2225 776.5955 0.01764706 -68
3 802.7621 776.5955 0.01764706 -101
4 778.4397 776.5955 0.01764706 -134
5 747.90436 776.5955 0.01764706 -168
6 718.20386 776.5955 0.01764706 -201
7 688.0314 779.0702 0.01764706 -234
8 657.0242 779.59393 0.01764706 -267
9 623.8068 781.79474 0.01764706 -300
10 606.0666 781.5929 0.01764706 -333
11 587.5464 782.88324 0.01764706 -349
12 570.99603 782.5924 0.01764706 -366
13 534.36273 782.5924 0.01764706 -382
14 497.54147 780.7047 0.01764706 -415
15 462.46118 779.59393 0.01764706 -448
16 431.223 776.5955 0.01764706 -481
17 418.6124 775.596 0.01764706 -514
18 410.6198 774.59656 0.01764706 -526
19 395.63367 773.59705 0.01764706 -551
20 344.65216 770.4518 0.019607844 -551
21 316.10416 770.6427 0.01764706 -613
22 289.83762 770.59863 0.019607844 -646
23 273.03244 769.5991 0.019607844 -679
24 260.85635 771.5981 0.019607844 -712
25 253.09483 772.93286 0.019607844 -745
26 247.71317 773.59705 0.019607844 -778
27 243.91246 778.31805 0.019607844 -811
28 237.74667 796.16833 0.019607844 -844
29 231.2956 817.5157 0.019607844 -894
30 227.693 845.3292 0.019607844 -927
31 223.84898 881.9781 0.019607844 -960
32 221.79463 941.96844 0.019607844 -993
33 220.79556 1000.0472 0.019607844 -1026
34 220.79556 1065.1356 0.019607844 -1059
35 219.79648 1129.7379 0.019607844 -1092
36 218.56898 1196.0353 0.019607844 -1125
37 214.713 1258.6675 0.019607844 -1159
38 209.74919 1328.6097 0.019607844 -1192
39 207.96353 1389.7786 0.019607844 -1225
40 207.80759 1448.3392 0.019607844 -1258
41 207.16159 1505.5613 0.019607844 -1291
42 207.80759 1562.6428 0.019607844 -1324
43 208.80666 1625.1536 0.019607844 -1357
44 209.80574 1678.8287 0.019607844 -1389
45 210.80481 1726.1788 0.01764706 -1423
46 211.8039 1770.2087 0.019607844 -1456
47 211.8039 1804.7734 0.01764706 -1489
48 213.80203 1833.6168 0.01764706 -1522
49 215.80019 1855.0338 0.019607844 -1555
50 215.80019 1855.0338 0.019607844 -1577
0 738.3164 303.84174 0.019607844 -159
1 733.7436 304.95657 0.019607844 -159
2 715.04144 308.69852 0.019607844 -168
3 697.0914 311.8376 0.019607844 -201
4 677.77856 315.35452 0.019607844 -234
5 640.14197 321.15634 0.01764706 -268
6 616.03546 325.06305 0.019607844 -317
7 586.4371 326.82977 0.01764706 -350
8 562.00415 329.74084 0.019607844 -384
9 532.0601 330.8277 0.01764706 -417
10 502.50986 333.32947 0.01764706 -450
11 483.6203 333.8261 0.01764706 -483
12 467.6665 333.8261 0.01764706 -500
13 449.41696 335.24207 0.019607844 -516
14 430.39862 337.14468 0.01764706 -533
15 411.5909 335.82507 0.01764706 -549
16 394.70364 336.92792 0.01764706 -566
17 357.70102 336.82455 0.01764706 -582
18 322.8383 337.82404 0.01764706 -616
19 286.40082 336.82455 0.01764706 -649
20 244.79266 338.82352 0.01764706 -682
21 211.3804 338.82352 0.01764706 -715
22 179.80301 336.94568 0.01764706 -748
23 155.1834 336.82455 0.01764706 -781
24 140.73985 336.82455 0.01764706 -814
25 125.56109 337.48553 0.01764706 -843
26 119.418 340.2942 0.01764706 -893
27 113.6664 343.93506 0.01764706 -926
28 110.00254 355.3973 0.01764706 -959
29 106.17536 380.61243 0.01764706 -992
30 103.40425 415.78345 0.01764706 -1025
31 101.90564 468.212 0.01764706 -1058
32 105.994385 533.3876 0.01764706 -1091
33 112.907585 622.80896 0.01764706 -1124
34 117.7283 703.70514 0.01764706 -1157
35 122.592674 780.80206 0.01764706 -1190
36 123.88529 845.1258 0.01764706 -1223
37 124.38864 910.58673 0.01764706 -1256
38 126.36073 971.6599 0.01764706 -1289
39 128.2533 1031.7872 0.01764706 -1322
40 129.87975 1114.3009 0.01764706 -1355
41 132.87697 1172.4426 0.01764706 -1405
42 134.87512 1226.0079 0.01764706 -1438
43 136.87326 1285.3287 0.01764706 -1471
44 138.87141 1337.2803 0.01764706 -1504
45 138.8305 1374.8335 0.01764706 -1537
46 138.87141 1375.2837 0.01764706 -1570
47 138.87141 1385.2784 0.01764706 -1570
0 700.3515 327.82925 0.01764706 -165
1 687.97797 327.82925 0.01764706 -165
2 661.00775 328.82874 0.01764706 -193
3 641.8264 328.82874 0.01764706 -226
4 606.22455 329.82822 0.01764706 -242
5 585.2268 329.82822 0.01764706 -275
6 551.68866 331.69397 0.01764706 -292
7 513.0059 331.82718 0.019607844 -325
8 493.9826 333.58224 0.019607844 -358
9 455.5782 333.8261 0.019607844 -375
10 415.5445 335.82507 0.01764706 -407
11 377.6758 339.5206 0.01764706 -437
12 337.7346 340.31802 0.01764706 -470
13 297.43338 342.82144 0.01764706 -503
14 263.34402 345.86566 0.01764706 -536
15 222.19926 346.77438 0.01764706 -569
16 189.17421 349.44583 0.01764706 -602
17 162.49947 348.81833 0.01764706 -635
18 144.38353 351.93738 0.01764706 -668
19 131.10457 352.81622 0.01764706 -701
20 123.56301 352.81622 0.01764706 -734
21 119.44993 354.25494 0.01764706 -767
22 115.71969 361.3313 0.01764706 -800
23 114.893616 375.66437 0.01764706 -834
24 114.893616 414.33725 0.01764706 -867
25 114.893616 448.06964 0.01764706 -916
26 115.33058 470.00363 0.01764706 -949
27 115.89269 491.12 0.01764706 -966
28 117.90042 545.85956 0.019607844 -982
29 120.72621 619.40924 0.01764706 -1015
30 124.56117 681.4691 0.01764706 -1048
31 127.62176 719.20416 0.01764706 -1081
32 130.1571 751.3849 0.01764706 -1098
33 136.50519 815.8908 0.01764706 -1114
34 140.06813 882.9033 0.01764706 -1147
35 149.45158 955.4355 0.01764706 -1180
36 156.3163 1024.1549 0.01764706 -1213
37 162.89566 1102.2627 0.01764706 -1246
38 167.8177 1166.9886 0.01764706 -1280
39 170.84181 1227.7455 0.01764706 -1313
40 173.83904 1283.2781 0.01764706 -1346
41 174.83812 1339.6901 0.01764706 -1379
42 174.83812 1376.2832 0.01764706 -1412
43 174.83812 1386.278 0.01764706 -1436
0 705.3469 317.83444 0.01764706 -219
1 683.1704 318.60867 0.019607844 -219
2 627.68805 322.2622 0.019607844 -242
3 583.61395 326.08887 0.019607844 -292
4 536.8667 327.82925 0.01764706 -325
5 485.9268 330.8277 0.019607844 -358
6 438.29556 332.7727 0.01764706 -391
7 395.78857 332.4491 0.019607844 -424
8 349.63504 332.82663 0.01764706 -457
9 306.5383 332.82663 0.01764706 -490
10 260.23856 331.68903 0.01764706 -523
11 219.21864 329.82822 0.019607844 -556
12 189.66048 331.36478 0.01764706 -589
13 162.89665 330.8277 0.01764706 -621
14 145.5355 330.8277 0.01764706 -654
15 136.24287 331.82718 0.01764706 -687
16 128.76897 332.38278 0.01764706 -720
17 124.63209 336.07745 0.01764706 -753
18 120.87971 343.846 0.01764706 -786
19 117.089294 358.82455 0.01764706 -819
20 112.250854 383.3168 0.01764706 -852
21 108.55634 412.8733 0.01764706 -885
22 106.90102 455.5774 0.01764706 -918
23 114.90804 619.937 0.01764706 -951
24 115.89269 653.49396 0.01764706 -1034
25 118.63038 715.4709 0.01764706 -1050
26 122.35027 779.93774 0.019607844 -1083
27 127.229866 848.773 0.01764706 -1116
28 132.08789 913.8869 0.01764706 -1149
29 139.00638 983.6359 0.01764706 -1182
30 145.9357 1064.9325 0.01764706 -1215
31 152.77896 1132.2167 0.01764706 -1248
32 159.56665 1196.2349 0.01764706 -1282
33 164.64473 1248.9156 0.01764706 -1315
34 167.84459 1295.7446 0.01764706 -1348
35 169.65129 1333.5807 0.01764706 -1381
36 169.84274 1353.7373 0.01764706 -1414
37 169.84274 1363.2899 0.01764706 -1430
38 169.84274 1372.2853 0.01764706 -1439
0 721.3321 309.83862 0.01764706 -227
1 701.34247 310.8381 0.019607844 -227
2 669.2873 312.83707 0.01764706 -250
3 633.28925 312.83707 0.01764706 -282
4 597.2127 313.83655 0.01764706 -315
5 557.22797 313.83655 0.01764706 -348
6 510.91937 314.80988 0.01764706 -381
7 483.55228 314.83603 0.01764706 -414
8 471.56335 314.83603 0.01764706 -431
9 447.58557 315.83548 0.01764706 -456
10 412.61523 315.00238 0.01764706 -456
11 375.65216 314.83603 0.01764706 -481
12 363.66327 314.83603 0.01764706 -508
13 341.68362 315.83548 0.01764706 -534
14 308.71414 316.83496 0.01764706 -534
15 297.72433 317.83444 0.01764706 -559
16 275.7447 319.8334 0.01764706 -586
17 245.77243 320.8329 0.01764706 -586
18 236.78076 320.8329 0.01764706 -611
19 217.79834 321.83237 0.01764706 -637
20 182.45502 321.83237 0.01764706 -637
21 166.74025 321.83237 0.01764706 -680
22 155.88057 321.83237 0.01764706 -712
23 150.56473 321.83237 0.01764706 -745
24 146.80287 323.8925 0.01764706 -778
25 142.1059 340.63522 0.01764706 -811
26 140.86957 348.81833 0.01764706 -844
27 139.87048 355.81467 0.01764706 -854
28 138.87141 372.80582 0.01764706 -879
29 146.30486 475.91638 0.01764706 -879
30 154.10197 543.26654 0.01764706 -943
31 165.82437 624.476 0.01764706 -976
32 174.53197 704.7218 0.01764706 -1009
33 178.59145 778.97375 0.01764706 -1042
34 183.5305 844.4675 0.01764706 -1075
35 187.37756 908.3439 0.01764706 -1108
36 191.19897 974.8842 0.01764706 -1141
37 195.21034 1041.3242 0.01764706 -1174
38 198.60634 1107.3256 0.01764706 -1207
39 204.13126 1173.5131 0.01764706 -1240
40 208.99536 1237.3777 0.01764706 -1273
41 212.17813 1293.9447 0.01764706 -1306
42 212.80296 1318.5608 0.01764706 -1339
43 209.58388 1352.0723 0.01764706 -1356
44 210.80481 1370.2863 0.01764706 -1389
45 210.80481 1378.2821 0.01764706 -1402
0 723.33026 299.8438 0.019607844 -192
1 708.62885 299.00488 0.019607844 -192
2 664.37787 298.3894 0.019607844 -207
3 627.9652 296.8454 0.019607844 -256
4 589.5561 292.65778 0.01764706 -289
5 549.898 291.848 0.01764706 -322
6 503.00775 288.84955 0.019607844 -355
7 453.9681 285.8511 0.01764706 -388
8 366.12277 284.39035 0.01764706 -421
9 325.35776 286.0638 0.01764706 -487
10 303.2926 285.649 0.01764706 -520
11 260.78693 288.66525 0.01764706 -537
12 225.25822 289.4159 0.01764706 -570
13 210.72466 291.35828 0.01764706 -603
14 195.75587 293.23013 0.01764706 -619
15 183.32442 295.0973 0.01764706 -636
16 169.99326 295.84592 0.01764706 -652
17 150.05988 296.60574 0.019607844 -669
18 133.86311 299.8438 0.01764706 -702
19 120.33371 300.8433 0.01764706 -735
20 111.80925 301.88635 0.01764706 -768
21 106.16683 309.04364 0.01764706 -801
22 100.161606 323.3229 0.01764706 -834
23 95.76443 342.55612 0.01764706 -867
24 94.69694 359.751 0.01764706 -900
25 92.755455 379.38904 0.01764706 -917
26 92.10284 433.76416 0.01764706 -933
27 94.194786 497.63782 0.01764706 -966
28 98.87129 564.8527 0.01764706 -999
29 105.28255 641.2665 0.01764706 -1032
30 108.11917 714.794 0.01764706 -1065
31 109.87043 784.06274 0.01764706 -1098
32 112.72515 870.6484 0.01764706 -1131
33 112.89547 909.4253 0.01764706 -1164
34 114.893616 974.93756 0.01764706 -1181
35 114.893616 1035.7645 0.01764706 -1214
36 114.893616 1094.6337 0.01764706 -1247
37 114.893616 1152.3738 0.01764706 -1280
38 114.893616 1207.6942 0.01764706 -1313
39 114.893616 1262.3425 0.01764706 -1346
40 114.893616 1309.5437 0.01764706 -1379
41 115.89269 1333.7296 0.01764706 -1412
42 115.89269 1355.2781 0.01764706 -1428
43 115.89269 1367.2878 0.01764706 -1445
44 115.89269 1375.2837 0.01764706 -1457
0 718.3349 312.83707 0.01764706 -209
1 702.34314 314.7257 0.01764706 -209
2 666.58496 318.5139 0.01764706 -224
3 624.3907 322.83185 0.019607844 -257
4 577.0227 324.23505 0.019607844 -290
5 529.3683 324.8308 0.01764706 -323
6 479.29922 324.8308 0.019607844 -356
7 423.34555 321.02832 0.019607844 -390
8 377.68155 318.83392 0.01764706 -423
9 338.781 316.5446 0.019607844 -456
10 298.98282 316.83496 0.019607844 -489
11 261.45444 316.70453 0.019607844 -522
12 223.69727 316.83496 0.01764706 -555
13 193.08278 316.83496 0.01764706 -588
14 167.26913 318.6089 0.01764706 -621
15 146.80203 318.8463 0.01764706 -654
16 130.2508 321.4897 0.01764706 -687
17 116.4447 321.83237 0.01764706 -720
18 107.70005 321.83237 0.01764706 -753
19 101.996254 327.64795 0.01764706 -786
20 97.26412 338.76102 0.01764706 -819
21 93.65058 349.60602 0.01764706 -852
22 90.91582 368.238 0.01764706 -885
23 90.91582 382.55728 0.01764706 -918
24 89.9417 397.56815 0.01764706 -934
25 89.049995 414.59207 0.01764706 -951
26 88.91767 451.51227 0.01764706 -967
27 85.67812 486.9293 0.01764706 -1000
28 85.92044 531.0875 0.01764706 -1033
29 85.8791 582.15875 0.01764706 -1066
30 85.92044 645.42145 0.01764706 -1100
31 88.91767 706.43243 0.01764706 -1133
32 92.4439 767.0724 0.01764706 -1166
33 96.410736 827.5689 0.01764706 -1199
34 102.7478 898.1187 0.01764706 -1232
35 108.24029 960.22394 0.01764706 -1265
36 112.9468 1020.2393 0.01764706 -1298
37 115.81901 1080.331 0.01764706 -1331
38 119.79391 1151.4968 0.01764706 -1364
39 122.886215 1209.8165 0.01764706 -1397
40 125.88344 1261.543 0.01764706 -1430
41 129.87975 1307.3511 0.01764706 -1463
42 134.56847 1347.8424 0.01764706 -1496
43 134.87512 1350.2966 0.01764706 -1529
44 134.87512 1357.2931 0.01764706 -1532
0 712.34045 322.83185 0.019607844 -178
1 691.0216 322.83185 0.019607844 -178
2 656.6015 323.83133 0.019607844 -201
3 626.05554 323.83133 0.019607844 -234
4 586.7541 323.83133 0.019607844 -267
5 546.8571 324.8308 0.019607844 -300
6 500.3814 323.89627 0.019607844 -333
7 456.77826 322.83185 0.019607844 -366
8 415.00668 322.83185 0.019607844 -399
9 376.11765 322.329 0.019607844 -432
10 355.20413 321.83237 0.019607844 -465
11 335.99295 320.8329 0.019607844 -482
12 289.81393 319.91663 0.019607844 -498
13 248.54001 319.8334 0.01764706 -531
14 214.80112 318.83392 0.01764706 -564
15 183.99887 318.83392 0.01764706 -597
16 153.77849 317.83444 0.019607844 -630
17 125.594055 317.83444 0.01764706 -663
18 104.577415 317.36954 0.01764706 -696
19 83.8399 315.83548 0.01764706 -729
20 79.73701 315.83548 0.01764706 -779
21 76.98219 316.83496 0.01764706 -796
22 72.47421 320.29184 0.01764706 -812
23 67.68112 330.59644 0.01764706 -845
24 63.960514 349.6994 0.01764706 -878
25 63.940796 367.2794 0.01764706 -911
26 63.01522 389.9141 0.01764706 -928
27 62.11127 413.59042 0.01764706 -944
28 61.942646 438.47516 0.01764706 -961
29 61.942646 466.9091 0.01764706 -977
30 61.942646 498.38348 0.01764706 -994
31 63.39928 526.1378 0.01764706 -1010
32 68.47135 598.3032 0.01764706 -1027
33 80.21519 681.38184 0.01764706 -1060
34 91.86362 781.1141 0.01764706 -1093
35 99.74668 867.93835 0.01764706 -1126
36 102.909966 910.63074 0.01764706 -1159
37 105.816666 948.6523 0.01764706 -1176
38 107.8163 984.89355 0.01764706 -1192
39 112.674835 1052.9182 0.01764706 -1209
40 116.55539 1119.0302 0.01764706 -1242
41 117.89084 1177.337 0.01764706 -1275
42 119.51877 1205.1844 0.01764706 -1308
43 119.88899 1234.0299 0.01764706 -1324
44 121.887146 1279.3054 0.01764706 -1341
45 123.88529 1321.2876 0.01764706 -1374
46 124.88437 1356.2936 0.01764706 -1407
47 124.88437 1364.2894 0.01764706 -1437
0 704.34784 275.85632 0.01764706 -159
1 688.87604 275.85632 0.01764706 -159
2 661.15234 278.85477 0.01764706 -184
3 630.88947 281.41922 0.019607844 -217
4 580.36676 288.08282 0.019607844 -250
5 544.7778 291.9277 0.019607844 -300
6 502.1331 294.79208 0.01764706 -333
7 461.91364 295.5859 0.019607844 -366
8 424.60687 296.8454 0.019607844 -399
9 388.97394 296.8454 0.01764706 -431
10 353.98676 296.8454 0.019607844 -465
11 314.58267 299.65652 0.01764706 -498
12 281.14502 299.50037 0.01764706 -531
13 235.36702 304.01852 0.019607844 -564
14 204.91025 304.83124 0.019607844 -614
15 176.2271 306.84018 0.01764706 -647
16 154.36583 306.84018 0.019607844 -680
17 138.6937 307.83966 0.01764706 -713
18 133.47269 308.97363 0.01764706 -746
19 128.72287 308.83914 0.01764706 -763
20 120.62719 308.83914 0.01764706 -779
21 115.56108 310.17038 0.01764706 -812
22 113.52751 312.20477 0.01764706 -845
23 111.77201 316.08435 0.01764706 -862
24 109.863815 321.9357 0.01764706 -878
25 109.89824 331.33908 0.01764706 -895
26 109.89824 353.9822 0.01764706 -911
27 111.15879 383.15585 0.01764706 -944
28 113.86352 424.43732 0.01764706 -978
29 117.71794 483.11414 0.01764706 -1011
30 125.37358 545.6332 0.01764706 -1044
31 132.87698 610.1821 0.01764706 -1077
32 145.60437 686.3241 0.01764706 -1109
33 157.16437 758.5675 0.01764706 -1143
34 167.23862 831.7145 0.01764706 -1176
35 174.82365 912.2499 0.01764706 -1209
36 176.83626 974.32043 0.01764706 -1242
37 178.83441 1029.2972 0.01764706 -1275
38 179.8335 1085.6074 0.01764706 -1308
39 181.83163 1137.592 0.01764706 -1341
40 181.83163 1166.785 0.01764706 -1374
41 181.83163 1190.2474 0.01764706 -1391
42 181.83163 1216.3219 0.01764706 -1407
43 182.83072 1263.0276 0.01764706 -1424
44 182.83072 1307.4281 0.01764706 -1457
45 182.83072 1337.6439 0.01764706 -1490
46 182.83072 1356.2936 0.01764706 -1523
47 182.83072 1362.2904 0.01764706 -1544
0 721.3321 317.83444 0.019607844 -187
1 701.6448 318.83392 0.019607844 -187
2 670.7116 319.8334 0.019607844 -209
3 635.96173 320.8329 0.019607844 -242
4 593.3649 321.83237 0.019607844 -275
5 539.4972 320.83264 0.019607844 -308
6 497.97217 321.11884 0.019607844 -341
7 456.57727 319.8334 0.019607844 -374
8 411.2602 319.8334 0.019607844 -407
9 372.1953 318.83392 0.019607844 -440
10 326.20135 318.83392 0.019607844 -473
11 286.73718 317.83444 0.019607844 -506
12 250.57216 317.83444 0.01764706 -540
13 217.97505 316.83496 0.01764706 -573
14 201.5484 317.83444 0.01764706 -606
15 183.44191 317.83444 0.019607844 -622
16 168.26212 317.83444 0.01764706 -639
17 146.27617 317.83444 0.019607844 -655
18 133.93996 321.14474 0.01764706 -688
19 126.74071 322.90277 0.01764706 -721
20 119.301544 330.4159 0.01764706 -754
21 115.409615 342.75558 0.019607844 -787
22 111.80847 361.3398 0.01764706 -820
23 109.89824 392.85425 0.01764706 -854
24 109.89824 414.21817 0.01764706 -887
25 109.08836 433.691 0.01764706 -903
26 108.89917 475.4406 0.01764706 -920
27 107.73406 518.55786 0.01764706 -953
28 111.994316 568.9778 0.01764706 -986
29 114.77234 630.7293 0.019607844 -1019
30 117.580246 685.2907 0.01764706 -1052
31 120.406006 739.3423 0.01764706 -1085
32 126.485535 795.80414 0.01764706 -1118
33 133.83524 832.3826 0.01764706 -1151
34 139.39291 865.77844 0.01764706 -1168
35 150.1397 926.74695 0.01764706 -1184
36 161.09705 988.2088 0.01764706 -1217
37 171.83104 1060.359 0.01764706 -1250
38 175.73726 1116.918 0.01764706 -1283
39 180.64067 1166.0879 0.01764706 -1316
40 186.3437 1214.2231 0.01764706 -1349
41 191.49503 1259.412 0.01764706 -1382
42 194.81961 1297.9067 0.01764706 -1415
43 198.31262 1319.7938 0.01764706 -1448
44 200.52522 1337.7013 0.01764706 -1465
45 200.81406 1353.4377 0.01764706 -1482
46 203.81128 1372.2853 0.01764706 -1498
47 204.81036 1380.2811 0.01764706 -1516
0 725.3284 299.8438 0.01764706 -41
1 723.29974 299.8438 0.01764706 -41
2 715.3863 299.8438 0.01764706 -75
3 704.6455 300.8433 0.019607844 -108
4 691.94434 300.8433 0.019607844 -141
5 680.20605 300.8433 0.019607844 -174
6 663.088 301.84277 0.019607844 -207
7 640.407 301.84277 0.019607844 -240
8 616.56354 303.84174 0.01764706 -272
9 588.8447 304.84122 0.01764706 -306
10 562.6416 306.95975 0.01764706 -340
11 530.03754 305.78177 0.01764706 -373
12 492.57028 306.84018 0.01764706 -406
13 473.4649 305.8286 0.01764706 -439
14 441.6129 304.84122 0.01764706 -455
15 423.49265 304.84122 0.01764706 -488
16 406.15625 303.84174 0.01764706 -505
17 390.54843 303.84174 0.01764706 -521
18 356.8675 304.84122 0.01764706 -538
19 322.07095 305.8407 0.01764706 -571
20 304.276 306.84018 0.01764706 -604
21 273.84128 306.84018 0.01764706 -621
22 259.7595 307.83966 0.01764706 -654
23 250.7678 308.83914 0.01764706 -668
24 231.78539 308.83914 0.01764706 -694
25 199.04074 311.7926 0.01764706 -694
26 179.44707 312.5146 0.01764706 -737
27 165.18767 312.83707 0.01764706 -769
28 157.33041 314.09836 0.01764706 -802
29 150.64705 315.83548 0.01764706 -835
30 143.77994 321.9627 0.01764706 -868
31 138.9788 339.28583 0.01764706 -901
32 137.00996 350.99625 0.01764706 -935
33 136.87326 356.81415 0.01764706 -951
34 136.87326 361.81155 0.01764706 -961
35 135.87419 372.80582 0.01764706 -987
36 134.87512 405.3539 0.01764706 -987
37 135.87419 448.9366 0.01764706 -1017
38 139.07468 501.58698 0.01764706 -1050
39 143.24907 529.3962 0.01764706 -1083
40 147.00264 572.33813 0.01764706 -1100
41 148.86217 604.6933 0.01764706 -1116
42 152.77948 663.46857 0.01764706 -1133
43 154.73207 696.3934 0.01764706 -1166
44 160.56696 763.7679 0.01764706 -1182
45 165.42244 826.7792 0.01764706 -1215
46 169.31602 888.1021 0.01764706 -1249
47 172.20187 951.6469 0.01764706 -1282
48 176.23909 1017.9062 0.01764706 -1315
49 179.18567 1104.6985 0.01764706 -1348
50 179.16765 1133.4122 0.01764706 -1397
51 181.83163 1203.3904 0.01764706 -1414
52 182.83072 1262.0911 0.01764706 -1463
53 185.88194 1303.8074 0.01764706 -1496
54 187.89339 1341.9075 0.01764706 -1529
55 188.82516 1371.9338 0.01764706 -1563
56 192.01024 1398.2119 0.01764706 -1596
57 192.82146 1402.2697 0.01764706 -1629
58 193.82054 1406.2676 0.01764706 -1635
