0 725.3284 818.57367 0.023529414 -36
1 725.3284 818.57367 0.023529414 -36
2 725.3284 818.57367 0.023529414 -84
3 710.47046 820.9467 0.023529414 -116
4 700.1623 822.5986 0.023529414 -166
5 670.1921 825.91876 0.023529414 -182
6 651.62305 827.5484 0.023529414 -215
7 635.07056 827.569 0.023529414 -232
8 605.1523 827.569 0.023529414 -248
9 585.5855 827.569 0.023529414 -281
10 579.1378 827.569 0.023529414 -314
11 571.3848 827.569 0.023529414 -331
12 569.69727 827.569 0.023529414 -364
13 566.50366 827.569 0.023529414 -380
14 564.72144 827.569 0.023529414 -413
15 563.09314 827.569 0.023529414 -430
16 561.4314 827.569 0.023529414 -447
17 556.0184 842.1951 0.023529414 -463
18 552.48846 856.55383 0.023529414 -496
19 551.4894 870.5466 0.023529414 -513
20 546.494 908.5268 0.023529414 -543
21 546.494 908.5268 0.023529414 -543
22 534.50507 1017.47003 0.023529414 -573
23 533.50604 1002.47784 0.029411767 -573
24 530.5088 1027.4648 0.023529414 -612
25 530.5088 1035.8193 0.023529414 -612
26 530.5088 1042.61 0.023529414 -629
27 530.5088 1042.61 0.019607844 -661
0 728.3256 525.7262 0.019607844 -37
1 726.924 529.5299 0.019607844 -37
2 720.37213 535.20166 0.023529414 -59
3 693.9004 542.83154 0.023529414 -92
4 643.9038 551.2129 0.023529414 -125
5 625.832 552.8444 0.021568628 -158
6 600.99335 557.31744 0.021568628 -174
7 578.45013 561.99603 0.023529414 -191
8 578.45013 561.99603 0.023529414 -207
9 515.52264 577.6991 0.019607844 -331
10 515.52264 577.6991 0.019607844 -331
11 541.4986 880.5414 0.023529414 -390
12 541.4986 880.5414 0.023529414 -390
13 538.5014 821.5721 0.021568628 -419
14 537.5023 820.5726 0.021568628 -419
15 537.5023 820.5726 0.021568628 -429
16 527.5116 868.5476 0.019607844 -458
17 527.5116 868.5476 0.019607844 -458
18 528.5106 925.51794 0.021568628 -476
19 528.5106 925.51794 0.021568628 -476
20 528.5106 925.51794 0.019607844 -488
21 528.5106 925.51794 0.019607844 -521
22 528.5106 925.51794 0.019607844 -523
0 771.2858 711.62933 0.021568628 -26
1 771.2858 711.62933 0.021568628 -26
2 771.2858 711.62933 0.021568628 -41
3 771.2858 711.62933 0.021568628 -58
4 769.4708 711.62933 0.021568628 -74
5 766.29047 712.62885 0.021568628 -91
6 754.3016 695.6377 0.029411767 -102
7 686.3645 626.6736 0.029411767 -159
8 665.3839 607.6835 0.023529414 -159
9 651.39685 596.6892 0.023529414 -179
10 637.9761 587.9771 0.021568628 -179
11 588.62866 568.219 0.023529414 -190
12 575.2532 565.6518 0.023529414 -222
13 565.9596 564.0029 0.021568628 -239
14 554.64966 560.7623 0.021568628 -255
15 551.1088 559.7085 0.021568628 -288
16 549.15216 559.7085 0.021568628 -305
17 549.15216 559.7085 0.027450982 -321
18 525.5134 543.7168 0.019607844 -347
19 525.5134 543.7168 0.019607844 -347
20 528.5106 621.6762 0.021568628 -377
21 529.5097 621.6762 0.019607844 -377
22 529.5097 621.6762 0.019607844 -387
23 524.51434 682.6444 0.019607844 -405
24 524.51434 682.6444 0.019607844 -405
25 547.49304 952.5039 0.023529414 -435
26 542.4977 1006.47577 0.023529414 -435
27 542.4977 1025.4658 0.023529414 -454
28 513.52454 925.51794 0.021568628 -482
29 513.52454 925.51794 0.019607844 -482
30 513.52454 925.51794 0.019607844 -519
31 513.52454 925.51794 0.019607844 -528
0 763.2933 744.6122 0.019607844 -34
1 763.2933 744.6122 0.019607844 -34
2 763.2933 744.6122 0.021568628 -44
3 762.14844 744.6122 0.021568628 -94
4 756.8765 746.46686 0.021568628 -110
5 747.9164 748.74036 0.021568628 -127
6 736.31824 751.6085 0.021568628 -143
7 727.32654 753.6075 0.021568628 -157
8 628.41815 771.5981 0.021568628 -245
9 619.42645 772.5976 0.021568628 -245
10 581.4616 772.5976 0.021568628 -380
11 574.4686 779.5934 0.021568628 -380
12 572.4699 783.59186 0.021568628 -404
13 569.4727 789.58875 0.021568628 -409
14 518.5199 744.6122 0.019607844 -467
15 518.1776 792.31 0.019607844 -467
16 518.5199 821.3664 0.019607844 -503
17 518.5199 821.3664 0.019607844 -519
18 519.519 869.5471 0.019607844 -563
19 519.519 869.5471 0.019607844 -563
20 519.519 869.5471 0.019607844 -572
0 799.25995 685.6429 0.019607844 -19
1 799.25995 685.6429 0.021568628 -19
2 799.25995 685.6429 0.021568628 -43
3 798.1801 686.7231 0.021568628 -51
4 795.4968 688.52466 0.021568628 -76
5 784.2738 694.6382 0.021568628 -92
6 776.28125 696.63715 0.021568628 -112
7 758.29785 702.63403 0.021568628 -141
8 741.8131 707.13165 0.021568628 -141
9 735.31915 709.6304 0.021568628 -155
10 716.33673 712.62885 0.021568628 -160
11 685.3654 717.6262 0.021568628 -189
12 671.37836 719.6252 0.021568628 -189
13 671.37836 719.6252 0.021568628 -199
14 357.66882 350.81726 0.019607844 -353
15 355.6707 368.8079 0.019607844 -353
16 354.6716 378.8027 0.019607844 -382
17 351.67438 423.77927 0.019607844 -411
18 349.67624 444.76834 0.019607844 -411
19 351.67438 557.70953 0.019607844 -451
20 351.67438 567.7043 0.019607844 -451
21 351.67438 567.7043 0.019607844 -461
22 491.54486 865.5492 0.023529414 -490
23 491.54486 865.5492 0.023529414 -490
24 476.55875 849.5575 0.027450982 -500
25 507.53006 870.5466 0.019607844 -546
26 507.53006 870.5466 0.019607844 -546
27 505.53192 869.5471 0.019607844 -555
0 796.2627 699.63556 0.021568628 -29
1 796.2627 699.63556 0.021568628 -29
2 795.0661 700.23413 0.021568628 -52
3 783.2748 702.63403 0.021568628 -102
4 776.28125 703.6335 0.021568628 -125
5 752.3034 707.6314 0.021568628 -154
6 736.31824 708.6309 0.021568628 -154
7 722.3312 710.6299 0.021568628 -164
8 685.3654 715.62726 0.021568628 -203
9 672.37744 717.6262 0.021568628 -203
10 569.4727 611.6814 0.023529414 -378
11 563.2914 605.6845 0.021568628 -378
12 549.06244 636.9761 0.021568628 -399
13 541.8855 687.0123 0.021568628 -432
14 537.69696 740.27625 0.021568628 -448
15 535.9263 796.8674 0.023529414 -465
16 534.1683 822.6166 0.021568628 -481
17 534.1683 822.6166 0.021568628 -498
18 551.4894 876.54346 0.019607844 -524
19 549.4912 875.1435 0.019607844 -524
20 549.4912 875.54395 0.019607844 -547
21 548.4921 874.5445 0.019607844 -564
22 545.49493 873.545 0.023529414 -571
0 807.25256 687.64185 0.019607844 -5
1 807.25256 687.64185 0.019607844 -15
2 807.25256 687.64185 0.019607844 -39
3 807.25256 687.64185 0.021568628 -56
4 800.3689 689.4559 0.021568628 -72
5 777.3505 694.9037 0.021568628 -89
6 761.2951 698.6361 0.021568628 -122
7 747.30804 702.63403 0.021568628 -139
8 701.3506 710.6299 0.021568628 -178
9 687.62573 712.74225 0.021568628 -178
10 687.62573 712.74225 0.021568628 -188
11 620.42554 726.6215 0.019607844 -247
12 611.43384 728.6205 0.019607844 -247
13 611.43384 728.6205 0.019607844 -256
14 565.47644 742.6132 0.019607844 -286
15 565.47644 742.6132 0.019607844 -286
16 565.47644 742.6132 0.019607844 -303
17 565.47644 742.6132 0.019607844 -316
18 567.47455 743.6127 0.019607844 -345
19 567.47455 743.6127 0.019607844 -345
20 567.47455 744.6122 0.021568628 -369
21 567.47455 746.61115 0.021568628 -375
22 566.47546 766.6007 0.021568628 -404
23 565.47644 783.59186 0.021568628 -404
24 563.4783 804.58093 0.019607844 -414
25 561.4801 821.5721 0.021568628 -434
26 561.4801 844.5601 0.021568628 -434
27 560.481 867.54816 0.019607844 -444
28 561.4801 910.52576 0.021568628 -464
29 556.48474 955.5023 0.021568628 -464
30 557.4838 980.4893 0.021568628 -483
31 555.48566 1013.4721 0.021568628 -513
32 552.48846 1044.4559 0.021568628 -513
33 552.48846 1047.4545 0.021568628 -553
34 552.48846 1053.4513 0.021568628 -582
35 552.48846 1057.4492 0.021568628 -582
36 552.48846 1057.4492 0.019607844 -609
0 755.30066 486.74646 0.019607844 -16
1 757.2988 486.74646 0.019607844 -16
2 756.29974 486.74646 0.019607844 -40
3 729.3247 466.7569 0.027450982 -55
4 728.3256 474.75272 0.019607844 -83
5 719.9736 484.10764 0.019607844 -83
6 715.33765 486.74646 0.019607844 -106
7 715.33765 486.74646 0.019607844 -113
8 660.38855 517.73035 0.019607844 -141
9 640.8028 529.0264 0.021568628 -141
10 616.8326 534.8705 0.023529414 -172
11 574.77057 545.9248 0.021568628 -189
12 560.33655 548.48236 0.021568628 -222
13 541.0965 551.81323 0.021568628 -238
14 532.68677 551.71265 0.021568628 -271
15 527.7962 551.71265 0.021568628 -304
16 523.43695 551.71265 0.021568628 -337
17 523.43695 551.71265 0.029411767 -370
18 338.6864 436.7725 0.019607844 -399
19 337.68732 437.77197 0.019607844 -399
20 337.68732 437.77197 0.019607844 -409
21 340.68454 498.74023 0.019607844 -439
22 339.6855 517.73035 0.019607844 -439
23 339.6855 517.73035 0.019607844 -458
24 346.67902 623.6752 0.019607844 -478
25 346.67902 623.6752 0.019607844 -478
26 490.5458 877.5429 0.019607844 -498
27 477.55783 865.5492 0.029411767 -498
28 466.568 858.5528 0.029411767 -508
29 466.568 877.5429 0.023529414 -548
30 473.47473 895.4467 0.021568628 -548
31 476.55875 897.53253 0.021568628 -601
32 475.55966 896.533 0.023529414 -615
0 797.2618 700.6351 0.021568628 -19
1 797.2618 700.6351 0.021568628 -19
2 797.2618 700.6351 0.021568628 -33
3 795.42554 700.6351 0.021568628 -50
4 788.36804 700.6351 0.021568628 -66
5 779.8643 701.9171 0.021568628 -83
6 751.7861 708.59656 0.021568628 -99
7 747.30804 709.6304 0.021568628 -132
8 732.3219 710.6299 0.021568628 -136
9 691.35986 716.6267 0.021568628 -174
10 679.371 718.6257 0.021568628 -174
11 629.41724 721.62415 0.021568628 -214
12 616.42926 723.6231 0.021568628 -214
13 593.4505 696.63715 0.027450982 -223
14 533.50604 741.6137 0.019607844 -292
15 533.50604 741.6137 0.019607844 -292
16 537.5023 740.61426 0.019607844 -320
17 537.5023 740.61426 0.019607844 -320
18 537.5023 740.61426 0.019607844 -339
19 537.5023 740.61426 0.019607844 -339
20 537.5023 741.6137 0.021568628 -363
21 538.5014 745.61163 0.021568628 -369
22 538.5014 797.5846 0.019607844 -406
23 538.5014 815.5752 0.021568628 -406
24 539.5005 837.5637 0.021568628 -426
25 540.4995 864.5497 0.019607844 -426
26 540.4995 886.53827 0.021568628 -445
27 541.4986 920.52057 0.019607844 -445
28 542.4977 948.506 0.021568628 -455
29 542.4977 982.4883 0.019607844 -474
30 543.49677 1013.6377 0.021568628 -474
31 542.4977 1044.456 0.021568628 -496
32 542.4977 1045.4554 0.021568628 -528
33 542.4977 1049.4534 0.021568628 -533
34 542.4977 1058.4487 0.021568628 -579
35 542.4977 1060.4476 0.021568628 -579
36 542.4977 1060.4476 0.019607844 -598
0 749.3062 490.7444 0.019607844 -5
1 749.3062 490.7444 0.021568628 -5
2 748.55786 490.7444 0.023529414 -22
3 745.91187 490.7444 0.023529414 -39
4 742.3881 490.7444 0.021568628 -55
5 731.5011 492.4323 0.019607844 -72
6 712.34045 494.7423 0.019607844 -88
7 712.34045 494.7423 0.019607844 -110
8 438.5939 336.82455 0.019607844 -158
9 458.5754 361.81155 0.029411767 -158
10 508.52914 461.7595 0.021568628 -226
11 518.0675 481.07022 0.021568628 -226
12 519.519 484.74753 0.021568628 -253
13 540.4995 551.71265 0.029411767 -265
14 538.5014 544.7163 0.021568628 -294
15 535.50415 536.72046 0.023529414 -294
16 535.50415 537.56006 0.023529414 -335
17 535.50415 537.7199 0.023529414 -352
18 520.51807 525.7262 0.029411767 -353
19 528.5106 562.7069 0.021568628 -383
20 529.5097 586.6944 0.019607844 -383
21 513.52454 591.69183 0.027450982 -403
22 378.6494 539.7189 0.019607844 -433
23 378.6494 541.71783 0.019607844 -433
24 378.6494 541.71783 0.019607844 -442
25 524.51434 795.58563 0.023529414 -462
26 524.51434 795.58563 0.023529414 -462
27 518.5199 860.55176 0.023529414 -482
28 518.5199 860.55176 0.021568628 -482
29 518.5199 860.55176 0.021568628 -535
30 518.5199 860.55176 0.021568628 -559
0 787.27106 685.6429 0.019607844 -23
1 787.27106 685.6429 0.019607844 -34
2 784.9402 685.6429 0.019607844 -57
3 780.4692 686.5784 0.021568628 -73
4 771.918 688.31494 0.021568628 -89
5 763.4376 691.3821 0.021568628 -106
6 751.6039 695.83765 0.021568628 -122
7 744.31085 698.6361 0.021568628 -139
8 731.3229 702.63403 0.019607844 -148
9 560.481 586.6944 0.023529414 -351
10 559.48193 581.7383 0.023529414 -351
11 559.48193 581.697 0.019607844 -370
12 535.50415 554.71106 0.029411767 -370
13 390.6383 448.76627 0.019607844 -400
14 389.63922 463.75845 0.019607844 -400
15 389.63922 463.75845 0.019607844 -430
16 392.63644 565.7053 0.019607844 -459
17 392.61288 565.7053 0.019607844 -459
18 389.36353 569.2554 0.019607844 -469
19 387.70868 570.63513 0.019607844 -502
20 387.64108 572.3108 0.019607844 -518
21 387.64108 575.29456 0.01764706 -535
22 387.64108 575.29456 0.01764706 -551
0 765.2914 685.6429 0.019607844 -6
1 765.2914 685.6429 0.019607844 -16
2 765.2914 685.6429 0.021568628 -39
3 763.2574 685.6429 0.021568628 -56
4 756.00586 688.1542 0.019607844 -72
5 746.86066 691.6189 0.019607844 -89
6 739.3154 692.6392 0.021568628 -105
7 730.3238 693.63873 0.021568628 -110
8 689.3617 702.63403 0.021568628 -159
9 680.37006 704.633 0.021568628 -159
10 670.3793 707.6314 0.021568628 -168
11 548.4921 589.6929 0.021568628 -358
12 517.5208 556.71 0.027450982 -358
13 519.519 568.7038 0.021568628 -386
14 501.5356 562.7069 0.027450982 -386
15 350.6753 501.73868 0.019607844 -416
16 350.6753 501.73868 0.019607844 -416
17 358.6679 552.7121 0.019607844 -445
18 358.6679 552.7121 0.019607844 -445
19 549.4912 1053.4513 0.019607844 -494
20 549.4912 1053.4513 0.019607844 -494
21 549.4912 1053.4513 0.021568628 -518
22 549.4912 1053.4513 0.021568628 -534
23 549.4912 1053.4513 0.021568628 -551
24 549.4912 1053.4513 0.021568628 -584
25 549.4912 1053.4513 0.021568628 -600
26 549.4912 1053.4513 0.021568628 -617
27 549.4912 1053.4513 0.021568628 -629
0 764.2923 716.6267 0.021568628 0
1 761.8459 715.403 0.021568628 -5
2 760.296 714.6278 0.021568628 -38
3 757.2988 714.6278 0.021568628 -44
4 746.30896 714.6278 0.021568628 -72
5 729.6258 715.62726 0.019607844 -72
6 724.32935 715.62726 0.021568628 -87
7 713.3395 715.62726 0.021568628 -92
8 677.3728 685.6429 0.027450982 -120
9 672.37744 688.6413 0.021568628 -120
10 667.3821 692.6392 0.021568628 -140
11 660.38855 695.6377 0.021568628 -140
12 564.47736 596.6892 0.021568628 -321
13 525.5134 554.71106 0.027450982 -321
14 342.6827 499.73972 0.019607844 -389
15 341.68362 500.7392 0.019607844 -389
16 341.68362 500.7392 0.019607844 -399
17 342.6827 564.7059 0.019607844 -418
18 342.6827 564.7059 0.019607844 -418
19 344.68085 625.67413 0.019607844 -438
20 344.68085 625.67413 0.019607844 -438
21 534.50507 1051.4524 0.019607844 -477
22 534.50507 1051.4524 0.021568628 -477
23 534.50507 1051.4524 0.021568628 -501
24 534.50507 1051.4524 0.021568628 -533
25 534.50507 1051.4524 0.021568628 -566
26 534.50507 1051.4524 0.021568628 -582
27 534.50507 1051.4524 0.021568628 -599
28 534.50507 1051.4524 0.019607844 -602
0 751.3043 687.64185 0.019607844 -6
1 751.3043 687.64185 0.021568628 -16
2 751.3043 687.64185 0.021568628 -32
3 748.81934 687.64185 0.021568628 -48
4 740.34955 688.6343 0.021568628 -65
5 734.32007 690.64026 0.021568628 -81
6 724.32935 692.6392 0.021568628 -91
7 693.35803 700.6351 0.021568628 -130
8 674.3756 705.63245 0.019607844 -130
9 657.3913 707.6314 0.021568628 -148
10 632.4144 709.6304 0.021568628 -178
11 617.0132 711.5459 0.021568628 -178
12 606.488 713.2186 0.019607844 -197
13 604.4403 713.6283 0.019607844 -213
14 604.4403 713.6283 0.019607844 -217
15 570.4718 724.62256 0.021568628 -246
16 570.4718 724.62256 0.021568628 -246
17 512.52545 517.73035 0.019607844 -314
18 512.52545 517.73035 0.019607844 -314
19 553.4875 742.6132 0.019607844 -353
20 553.4875 742.6132 0.019607844 -353
21 552.48846 744.6122 0.021568628 -362
22 547.49304 769.5991 0.021568628 -392
23 545.49493 768.5997 0.027450982 -392
24 536.50323 870.5466 0.027450982 -440
25 533.50604 920.52057 0.019607844 -440
0 760.296 686.64233 0.021568628 -17
1 760.296 686.64233 0.019607844 -17
2 760.296 686.64233 0.019607844 -33
3 759.1867 686.64233 0.021568628 -49
4 754.6943 687.51086 0.021568628 -66
5 739.01105 690.81903 0.021568628 -82
6 735.31915 691.6398 0.021568628 -99
7 726.32745 692.6392 0.021568628 -103
8 697.3543 700.6351 0.021568628 -141
9 682.36816 704.633 0.019607844 -141
10 668.3811 708.6309 0.019607844 -151
11 553.4875 649.6616 0.027450982 -200
12 552.48846 648.6621 0.027450982 -200
13 526.5125 605.6845 0.019607844 -375
14 523.51526 598.6882 0.019607844 -375
15 490.5458 565.7053 0.025490198 -384
16 329.69473 442.76938 0.019607844 -423
17 329.69473 467.75638 0.019607844 -423
18 329.69473 467.75638 0.019607844 -442
19 333.69104 564.7059 0.019607844 -471
20 333.69104 564.7059 0.019607844 -471
21 333.69104 626.6736 0.019607844 -491
22 332.69196 626.6736 0.019607844 -491
23 332.69196 626.6736 0.019607844 -501
24 528.5106 1050.4529 0.019607844 -548
25 528.5106 1050.4529 0.019607844 -548
26 528.5106 1050.4529 0.019607844 -562
27 528.5106 1050.4529 0.019607844 -596
0 789.2692 678.64655 0.019607844 -9
1 789.2692 678.64655 0.019607844 -9
2 789.2692 678.64655 0.019607844 -18
3 781.2766 681.64496 0.019607844 -47
4 781.2766 681.64496 0.019607844 -47
5 767.0324 683.09564 0.019607844 -67
6 753.2003 684.7658 0.019607844 -99
7 744.31085 686.64233 0.021568628 -116
8 734.32007 688.6413 0.021568628 -124
9 695.35614 697.63666 0.019607844 -163
10 680.37006 698.6361 0.021568628 -163
11 634.4126 704.633 0.021568628 -222
12 623.54626 705.63245 0.021568628 -222
13 615.4101 705.63245 0.021568628 -247
14 611.0494 705.63245 0.021568628 -280
15 609.37396 705.63245 0.021568628 -313
16 609.37396 705.63245 0.021568628 -330
17 576.46625 752.608 0.019607844 -359
18 576.46625 752.608 0.019607844 -359
19 572.4699 739.61475 0.027450982 -369
20 568.47363 794.5861 0.019607844 -397
21 566.47546 819.5731 0.021568628 -397
22 565.47644 880.5414 0.021568628 -426
23 563.4783 918.5216 0.019607844 -426
24 562.4792 943.50854 0.021568628 -445
25 561.4801 942.5091 0.027450982 -445
26 553.4875 919.52106 0.019607844 -473
27 549.71533 919.52106 0.019607844 -473
28 544.7012 919.52106 0.019607844 -496
29 541.16815 919.52106 0.019607844 -528
30 539.5005 919.52106 0.019607844 -561
31 538.5014 918.5216 0.023529414 -576
0 758.29785 684.6434 0.019607844 0
1 758.29785 684.6434 0.019607844 -5
2 758.29785 684.6434 0.019607844 -30
3 758.29785 684.6434 0.019607844 -46
4 745.3099 687.64185 0.021568628 -72
5 726.08405 694.8545 0.021568628 -72
6 720.333 695.6377 0.021568628 -96
7 711.3414 698.6361 0.021568628 -103
8 689.3617 705.63245 0.021568628 -130
9 689.3617 705.63245 0.021568628 -130
10 571.4709 551.71265 0.021568628 -199
11 569.2033 551.71265 0.023529414 -199
12 567.48206 551.71265 0.023529414 -211
13 565.8007 551.71265 0.021568628 -227
14 563.5434 551.71265 0.021568628 -244
15 561.1544 551.71265 0.021568628 -277
16 559.3793 551.71265 0.021568628 -310
17 558.4829 551.71265 0.023529414 -326
18 558.4829 551.71265 0.019607844 -343
19 554.1692 562.6599 0.021568628 -359
20 551.33624 581.16455 0.019607844 -376
21 551.4894 582.6965 0.019607844 -392
22 525.5134 590.6923 0.025490198 -394
23 534.50507 670.6507 0.019607844 -423
24 515.52264 672.64966 0.025490198 -423
25 524.51434 721.62415 0.021568628 -432
26 532.50696 747.6106 0.019607844 -452
27 540.3268 837.6992 0.019607844 -452
28 540.4995 881.13104 0.019607844 -508
29 540.4995 894.65137 0.019607844 -541
30 540.4995 900.1777 0.019607844 -574
31 540.4995 900.53094 0.021568628 -607
32 539.5005 899.5315 0.023529414 -627
0 771.2858 683.6439 0.019607844 -17
1 771.2858 683.6439 0.019607844 -17
2 765.9725 683.6439 0.019607844 -41
3 727.4477 686.2486 0.019607844 -74
4 677.14417 692.8147 0.021568628 -107
5 677.14417 692.8147 0.019607844 -140
6 630.41626 698.6361 0.021568628 -168
7 617.4283 699.63556 0.021568628 -168
8 606.4385 701.6345 0.021568628 -178
9 557.4838 710.6299 0.019607844 -332
10 553.4875 716.6267 0.021568628 -332
11 549.4912 724.62256 0.021568628 -342
12 542.4977 752.608 0.019607844 -370
13 534.7912 801.03467 0.021568628 -370
14 529.1613 875.3253 0.019607844 -387
15 529.5097 926.891 0.019607844 -404
16 529.5097 926.891 0.021568628 -420
17 531.5079 1037.4596 0.019607844 -446
18 531.5079 1059.4481 0.019607844 -446
19 531.5079 1076.4393 0.021568628 -455
20 529.5097 1125.4138 0.019607844 -492
21 528.3026 1135.0743 0.019607844 -492
22 527.51117 1142.4069 0.019607844 -503
23 526.5125 1147.8326 0.019607844 -519
24 526.5125 1151.7019 0.019607844 -536
25 526.5125 1152.3998 0.019607844 -552
26 526.5125 1153.3993 0.019607844 -555
0 786.272 680.6455 0.019607844 -25
1 784.01996 680.6455 0.021568628 -25
2 776.28125 682.6444 0.021568628 -48
3 770.2868 683.6439 0.021568628 -71
4 737.3173 695.6377 0.021568628 -109
5 711.752 703.4966 0.021568628 -109
6 711.752 703.4966 0.021568628 -131
7 659.38947 686.64233 0.027450982 -157
8 638.4089 673.6491 0.027450982 -157
9 587.45605 605.6845 0.021568628 -187
10 582.4607 608.683 0.027450982 -187
11 528.5106 597.68866 0.021568628 -351
12 526.2344 590.8571 0.019607844 -351
13 522.8667 585.22144 0.019607844 -362
14 522.5162 584.69543 0.019607844 -378
15 487.54858 553.7116 0.027450982 -380
16 329.69473 439.77094 0.019607844 -410
17 330.8874 559.2959 0.019607844 -410
18 329.69473 578.6986 0.019607844 -461
19 329.69473 578.6986 0.019607844 -468
20 494.54208 924.51843 0.021568628 -507
21 494.54208 924.51843 0.021568628 -507
22 477.55783 908.5268 0.025490198 -516
0 767.28955 692.6392 0.021568628 -15
1 767.28955 692.6392 0.021568628 -15
2 765.2914 693.63873 0.021568628 -48
3 762.2942 694.6382 0.021568628 -71
4 742.3127 702.63403 0.021568628 -109
5 721.7742 710.7665 0.019607844 -109
6 721.7742 710.7665 0.027450982 -131
7 608.43665 742.6132 0.019607844 -178
8 601.31995 742.6132 0.019607844 -178
9 591.1816 742.6132 0.019607844 -197
10 578.8125 743.9439 0.019607844 -214
11 568.1509 745.66547 0.019607844 -230
12 552.1542 745.61163 0.019607844 -247
13 548.3625 745.61163 0.019607844 -280
14 545.0633 745.61163 0.019607844 -296
15 541.7984 745.61163 0.019607844 -313
16 540.4218 745.61163 0.021568628 -329
17 537.06714 749.4808 0.021568628 -346
18 531.1181 762.7306 0.019607844 -363
19 526.3846 772.85364 0.021568628 -379
20 515.7843 850.41425 0.021568628 -396
21 510.52728 935.51276 0.021568628 -429
22 510.52728 978.49036 0.019607844 -455
23 509.52823 1017.47003 0.021568628 -484
24 511.52637 1038.4591 0.021568628 -484
25 510.52728 1058.4487 0.019607844 -493
26 509.52823 1071.4419 0.021568628 -512
27 507.53006 1101.5322 0.021568628 -512
28 507.53006 1104.4248 0.021568628 -545
29 507.53006 1109.4221 0.021568628 -551
30 507.53006 1122.4154 0.021568628 -625
31 507.53006 1123.4149 0.021568628 -625
0 782.2757 707.6314 0.021568628 -18
1 782.2757 707.6314 0.021568628 -18
2 777.2803 710.6299 0.019607844 -91
3 766.0769 717.2333 0.019607844 -91
4 727.95294 729.26733 0.019607844 -108
5 705.56934 732.7379 0.019607844 -141
6 674.186 736.1086 0.019607844 -158
7 652.2265 738.01324 0.019607844 -174
8 629.30634 740.7253 0.019607844 -191
9 604.0136 742.6132 0.019607844 -208
10 596.89935 742.6132 0.019607844 -241
11 589.5644 742.6132 0.019607844 -257
12 587.45605 742.6132 0.019607844 -290
13 586.457 742.6132 0.019607844 -305
14 581.4616 751.6085 0.019607844 -344
15 577.4779 763.5645 0.019607844 -344
16 570.47046 798.59204 0.019607844 -356
17 566.76166 834.2635 0.019607844 -373
18 563.7368 876.18 0.019607844 -389
19 563.7368 876.18 0.021568628 -406
20 559.48193 975.4919 0.019607844 -431
21 559.48193 997.48047 0.019607844 -431
22 559.48193 997.48047 0.019607844 -440
23 557.4838 1017.47003 0.021568628 -440
24 555.48566 1046.455 0.019607844 -449
25 554.4866 1061.4471 0.019607844 -469
26 554.4866 1072.4414 0.019607844 -469
27 552.48846 1082.4362 0.021568628 -477
28 548.4921 1109.4221 0.021568628 -514
29 547.49304 1125.4138 0.021568628 -514
30 547.49304 1126.4133 0.019607844 -569
0 757.2988 740.61426 0.019607844 -92
1 755.6578 740.61426 0.019607844 -92
2 736.24927 740.61426 0.019607844 -108
3 696.50073 742.20374 0.019607844 -141
4 672.772 743.96674 0.019607844 -174
5 655.4384 744.73145 0.019607844 -191
6 640.40704 746.61115 0.019607844 -207
7 627.41907 747.6106 0.019607844 -217
8 564.47736 770.59863 0.019607844 -400
9 561.4801 783.59186 0.021568628 -400
10 552.48846 820.5726 0.019607844 -429
11 550.4903 841.56165 0.021568628 -429
12 545.49493 880.5414 0.021568628 -439
13 541.4986 1010.4737 0.021568628 -486
14 541.4986 1044.4559 0.019607844 -486
15 541.4986 1076.4393 0.021568628 -505
16 541.4986 1108.4227 0.019607844 -505
17 541.4986 1123.4149 0.019607844 -523
18 539.5005 1153.0779 0.021568628 -523
19 539.5005 1164.423 0.021568628 -556
20 539.5005 1168.3915 0.021568628 -588
21 539.5005 1169.3909 0.019607844 -605
0 787.27106 725.6221 0.019607844 -45
1 787.27106 725.6221 0.019607844 -45
2 785.8507 725.6221 0.019607844 -61
3 781.864 727.82697 0.019607844 -77
4 757.4003 734.87146 0.019607844 -94
5 719.5729 741.9337 0.019607844 -127
6 701.3506 744.6122 0.019607844 -160
7 685.3654 745.61163 0.019607844 -169
8 647.4006 750.609 0.019607844 -207
9 634.4126 751.6085 0.019607844 -207
10 622.4237 752.608 0.019607844 -217
11 577.46533 761.60333 0.019607844 -361
12 573.4012 769.269 0.019607844 -361
13 572.4699 771.5981 0.019607844 -375
14 569.4727 782.5924 0.021568628 -380
15 564.47736 824.5705 0.021568628 -409
16 561.4801 858.5528 0.019607844 -409
17 559.48193 880.5414 0.021568628 -428
18 563.4783 1022.46747 0.021568628 -428
19 564.47736 1053.4513 0.019607844 -466
20 564.47736 1078.4382 0.021568628 -484
21 565.47644 1108.4227 0.019607844 -484
22 565.47644 1123.4149 0.019607844 -493
23 565.47644 1134.4092 0.019607844 -512
24 565.47644 1169.7562 0.021568628 -512
25 565.47644 1173.0725 0.021568628 -574
26 565.47644 1174.3883 0.021568628 -591
27 565.47644 1174.3883 0.019607844 -602
0 763.2933 702.63403 0.021568628 -17
1 762.7772 702.63403 0.021568628 -17
2 759.3472 702.63403 0.021568628 -59
3 759.3472 702.63403 0.021568628 -76
4 737.3173 710.6299 0.019607844 -109
5 728.3256 713.6283 0.019607844 -109
6 728.3256 713.6283 0.019607844 -118
7 634.4126 740.61426 0.019607844 -147
8 634.4126 740.61426 0.019607844 -147
9 571.4709 742.6132 0.019607844 -185
10 571.0793 742.6132 0.019607844 -185
11 568.2453 742.6132 0.019607844 -208
12 561.5305 742.6132 0.019607844 -225
13 559.2397 742.6132 0.019607844 -258
14 557.556 742.6132 0.019607844 -275
15 554.1758 742.6132 0.019607844 -291
16 552.4137 742.6132 0.019607844 -324
17 552.4137 742.6132 0.021568628 -341
18 547.49304 766.6007 0.019607844 -379
19 546.494 778.5945 0.021568628 -379
20 545.49493 831.5669 0.021568628 -408
21 546.494 861.5513 0.019607844 -408
22 546.494 885.53876 0.021568628 -427
23 547.49304 919.52106 0.019607844 -427
24 547.49304 940.51013 0.019607844 -446
25 549.4912 1022.46747 0.021568628 -446
26 550.4903 1040.4581 0.021568628 -473
27 550.4903 1057.4492 0.019607844 -492
28 546.3102 1096.3491 0.021568628 -492
29 546.494 1107.1519 0.019607844 -540
30 546.494 1108.4227 0.019607844 -589
31 546.494 1109.4221 0.019607844 -600
0 759.29694 660.6559 0.019607844 -7
1 759.29694 660.6559 0.019607844 -7
2 753.471 662.11304 0.019607844 -32
3 740.9242 666.0005 0.019607844 -48
4 704.56323 675.35114 0.019607844 -65
5 677.3728 680.6455 0.019607844 -98
6 667.3821 682.6444 0.019607844 -119
7 633.4135 689.6408 0.019607844 -157
8 610.4065 695.01654 0.021568628 -157
9 605.4394 695.6377 0.021568628 -180
10 599.44495 696.63715 0.021568628 -186
11 579.46344 700.6351 0.021568628 -253
12 577.26624 700.6351 0.021568628 -253
13 570.8632 706.7761 0.019607844 -262
14 560.6262 722.3815 0.019607844 -295
15 552.6721 755.5751 0.019607844 -328
16 551.4894 760.6038 0.019607844 -345
17 548.4921 778.5945 0.021568628 -348
18 542.4977 829.56793 0.021568628 -376
19 541.4986 861.5513 0.019607844 -376
20 540.4995 888.5372 0.021568628 -394
21 540.4995 944.50806 0.021568628 -394
22 542.4977 1071.4419 0.021568628 -439
23 542.4977 1105.4242 0.019607844 -439
24 543.49677 1123.4149 0.019607844 -458
25 540.4995 1195.0485 0.019607844 -458
26 540.4995 1208.3662 0.019607844 -510
27 540.4995 1212.3685 0.019607844 -543
28 540.4995 1213.368 0.019607844 -565
0 741.3136 529.72406 0.021568628 -8
1 741.3136 529.72406 0.019607844 -8
2 740.2273 529.72406 0.019607844 -35
3 737.27747 529.72406 0.021568628 -57
4 730.51117 532.24774 0.021568628 -74
5 701.19867 540.2566 0.021568628 -90
6 649.36554 548.34143 0.019607844 -123
7 624.20764 551.45764 0.021568628 -156
8 608.5042 552.8156 0.019607844 -173
9 597.7929 554.48676 0.019607844 -189
10 588.59595 556.17505 0.019607844 -206
11 586.457 556.71 0.019607844 -222
12 586.457 556.71 0.019607844 -228
13 554.4866 563.70636 0.019607844 -333
14 554.4866 563.70636 0.019607844 -333
15 549.7328 576.05524 0.021568628 -354
16 545.425 600.42316 0.019607844 -371
17 538.0949 632.64984 0.019607844 -387
18 536.1374 675.4319 0.019607844 -404
19 536.1374 675.4319 0.025490198 -420
20 367.65958 634.66943 0.019607844 -447
21 366.6605 654.659 0.019607844 -447
22 366.6605 654.659 0.019607844 -475
23 544.49585 872.54553 0.019607844 -538
24 544.49585 872.54553 0.019607844 -538
25 544.49585 872.54553 0.019607844 -552
26 544.49585 872.54553 0.025490198 -569
27 522.5162 856.55383 0.019607844 -591
28 521.5171 856.55383 0.01764706 -591
0 739.3154 686.64233 0.019607844 -17
1 739.3154 686.64233 0.019607844 -17
2 739.3154 686.64233 0.019607844 -33
3 737.1601 686.64233 0.019607844 -40
4 731.33997 686.64233 0.019607844 -66
5 727.32654 687.64185 0.019607844 -82
6 720.333 689.6408 0.021568628 -92
7 695.35614 697.63666 0.019607844 -130
8 678.0096 703.42114 0.019607844 -130
9 677.3728 703.6335 0.019607844 -148
10 659.38947 707.6314 0.021568628 -149
11 620.42554 685.6429 0.027450982 -178
12 606.4385 672.64966 0.027450982 -178
13 541.4986 602.6861 0.021568628 -226
14 527.20447 586.38715 0.021568628 -226
15 521.16907 579.34985 0.021568628 -247
16 516.12274 574.3015 0.021568628 -264
17 513.28357 570.4617 0.021568628 -280
18 509.0287 565.20557 0.021568628 -297
19 505.67413 561.84973 0.021568628 -329
20 504.53284 561.70746 0.019607844 -362
21 479.55597 549.7137 0.029411767 -384
22 487.54858 574.7007 0.019607844 -412
23 486.57028 681.41614 0.021568628 -412
24 487.3228 717.0808 0.019607844 -461
25 483.85318 753.5471 0.019607844 -478
26 485.5504 775.9905 0.019607844 -494
27 485.5504 782.09265 0.019607844 -527
28 485.5504 785.8437 0.019607844 -544
29 485.5504 788.5101 0.019607844 -560
30 486.28043 790.31903 0.019607844 -577
31 486.5495 790.5882 0.019607844 -593
32 482.5532 790.5882 0.021568628 -596
0 748.3071 684.6434 0.019607844 -7
1 748.3071 684.6434 0.019607844 -16
2 748.3071 684.6434 0.019607844 -40
3 742.2865 684.6434 0.019607844 -56
4 737.3173 684.6434 0.019607844 -73
5 728.3256 685.6429 0.019607844 -82
6 704.34784 688.6413 0.021568628 -121
7 686.0906 690.55963 0.021568628 -121
8 685.3654 690.64026 0.019607844 -139
9 674.3756 692.6392 0.021568628 -140
10 634.4126 703.6335 0.021568628 -197
11 620.3228 708.05176 0.021568628 -197
12 608.16644 711.3863 0.021568628 -221
13 604.4403 711.62933 0.021568628 -254
14 602.3174 711.62933 0.021568628 -271
15 598.9453 711.62933 0.021568628 -287
16 591.8057 715.3916 0.019607844 -320
17 585.978 720.1044 0.019607844 -353
18 584.45886 721.62415 0.021568628 -370
19 580.4625 728.6205 0.021568628 -373
20 571.4709 752.608 0.019607844 -402
21 567.47455 765.60126 0.021568628 -402
22 556.48474 824.5705 0.021568628 -431
23 552.48846 858.5528 0.019607844 -431
24 549.4912 879.5419 0.021568628 -452
25 548.4921 907.5273 0.021568628 -452
26 544.49585 935.51276 0.019607844 -461
27 541.4986 979.4898 0.019607844 -480
28 538.5014 1006.47577 0.021568628 -480
29 538.5014 1006.47577 0.021568628 -489
30 536.50323 1027.4648 0.021568628 -489
31 533.50604 1067.444 0.019607844 -517
32 531.5079 1080.4373 0.021568628 -517
0 691.35986 473.75323 0.021568628 0
1 691.35986 473.75323 0.021568628 -4
2 690.0216 473.75323 0.021568628 -29
3 687.16644 474.85132 0.021568628 -45
4 679.35693 477.42267 0.021568628 -62
5 670.13446 480.83124 0.019607844 -78
6 659.50104 484.37717 0.019607844 -95
7 655.3932 485.747 0.019607844 -111
8 655.3932 485.747 0.019607844 -118
9 367.65958 345.8199 0.019607844 -156
10 365.36243 345.8199 0.019607844 -156
11 365.36243 345.8199 0.029411767 -177
12 444.58835 450.76523 0.019607844 -214
13 452.67236 462.66913 0.019607844 -214
14 461.78308 478.5667 0.019607844 -227
15 465.5265 485.70456 0.019607844 -260
16 467.56708 489.06717 0.019607844 -293
17 469.58365 497.81448 0.021568628 -325
18 472.29575 510.59842 0.021568628 -342
19 472.56244 512.7329 0.019607844 -358
20 456.57724 506.73605 0.027450982 -361
21 467.56708 549.7137 0.019607844 -390
22 490.5458 635.6688 0.019607844 -390
23 485.08865 677.9663 0.019607844 -424
24 487.2734 748.377 0.019607844 -441
25 481.0432 821.38464 0.019607844 -474
26 481.0432 821.38464 0.027450982 -507
27 467.56708 831.5669 0.019607844 -532
28 473.1593 859.5264 0.021568628 -532
29 474.9714 873.42334 0.021568628 -556
30 477.55783 880.5414 0.019607844 -573
31 476.55875 880.5414 0.021568628 -596
0 746.30896 712.62885 0.021568628 -25
1 746.30896 712.62885 0.021568628 -25
2 746.30896 712.62885 0.021568628 -48
3 746.30896 712.62885 0.021568628 -64
4 746.30896 712.62885 0.021568628 -77
5 746.30896 712.62885 0.021568628 -97
6 745.3099 712.62885 0.021568628 -114
7 743.31177 712.62885 0.021568628 -119
8 728.3256 714.6278 0.019607844 -157
9 708.3441 691.6398 0.027450982 -157
10 685.3654 707.6314 0.019607844 -185
11 655.4929 722.1839 0.019607844 -185
12 624.4218 732.6184 0.019607844 -213
13 614.4311 734.6174 0.019607844 -233
14 577.46533 742.6132 0.019607844 -337
15 576.46625 742.6132 0.019607844 -337
16 573.469 742.6132 0.019607844 -374
17 572.4699 742.6132 0.021568628 -374
18 563.4783 767.6002 0.019607844 -431
19 561.4801 780.59344 0.021568628 -431
20 557.4838 821.5721 0.019607844 -459
21 554.54175 868.9454 0.021568628 -459
22 552.1305 939.8842 0.019607844 -477
23 551.4894 949.50543 0.021568628 -493
24 550.4903 982.4883 0.019607844 -496
25 548.4921 1003.47736 0.021568628 -515
26 547.49304 1022.46747 0.021568628 -515
27 545.49493 1048.4539 0.019607844 -524
28 545.49493 1062.4467 0.019607844 -542
29 537.5023 1096.429 0.019607844 -542
30 536.50323 1098.4279 0.019607844 -606
