0 517.5208 1091.4315 0.01764706 -36
1 517.5208 1091.4315 0.01764706 -36
2 515.2016 1091.4315 0.019607844 -84
3 498.29248 1092.8052 0.019607844 -116
4 488.38544 1094.457 0.019607844 -166
5 460.73495 1096.429 0.021568628 -182
6 444.79398 1096.429 0.021568628 -215
7 429.89468 1095.7952 0.021568628 -232
8 399.34283 1095.4294 0.021568628 -248
9 381.94852 1095.4294 0.023529414 -281
10 376.15723 1095.4294 0.023529414 -314
11 369.57162 1094.4299 0.023529414 -331
12 366.885 1094.4299 0.023529414 -364
13 363.69144 1094.4299 0.023529414 -380
14 361.90924 1094.4299 0.023529414 -413
15 360.2809 1094.4299 0.023529414 -430
16 358.61923 1094.4299 0.023529414 -447
17 352.2071 1109.0562 0.021568628 -463
18 345.67993 1126.4133 0.019607844 -496
19 341.68362 1138.4071 0.019607844 -513
20 332.69196 1180.3851 0.019607844 -543
21 328.69565 1198.3759 0.021568628 -543
22 321.70212 1232.3582 0.021568628 -573
23 316.70676 1252.3477 0.021568628 -573
24 309.71323 1287.3295 0.021568628 -612
25 307.87524 1298.5221 0.019607844 -612
26 305.71692 1306.4725 0.01764706 -629
27 305.71692 1306.4725 0.01764706 -661
0 577.46533 361.81155 0.019607844 -37
1 577.46533 361.81155 0.019607844 -37
2 571.0299 361.81155 0.019607844 -59
3 540.9278 365.92368 0.019607844 -92
4 490.04626 370.80685 0.019607844 -125
5 468.7127 374.06992 0.021568628 -158
6 445.5296 377.41113 0.019607844 -174
7 422.59436 382.08978 0.021568628 -191
8 422.59436 382.08978 0.029411767 -207
9 408.62164 443.76886 0.019607844 -331
10 402.6272 439.77094 0.019607844 -331
11 371.65588 481.74908 0.019607844 -390
12 371.65588 481.74908 0.019607844 -390
13 544.49585 964.4976 0.023529414 -419
14 543.49677 968.49554 0.023529414 -419
15 543.49677 976.4914 0.023529414 -429
16 541.4986 1003.47736 0.029411767 -458
17 540.4995 1044.4559 0.023529414 -458
18 540.4995 1064.4456 0.023529414 -476
19 540.4995 1078.9661 0.023529414 -476
20 541.28784 1098.7949 0.021568628 -488
21 541.4986 1099.4274 0.021568628 -521
22 541.4986 1101.4263 0.021568628 -523
0 556.48474 993.48254 0.01764706 -26
1 556.48474 993.48254 0.019607844 -26
2 556.48474 993.48254 0.019607844 -41
3 552.41766 993.48254 0.019607844 -58
4 548.8583 993.48254 0.019607844 -74
5 542.4977 995.4815 0.019607844 -91
6 536.50323 997.48047 0.019607844 -102
7 484.55133 1010.4737 0.019607844 -159
8 470.5643 1013.4721 0.019607844 -159
9 455.5782 1016.4706 0.019607844 -179
10 441.63562 1019.6282 0.021568628 -179
11 401.43076 1027.5785 0.021568628 -190
12 385.4022 1031.5162 0.021568628 -222
13 374.43362 1033.1652 0.021568628 -239
14 361.8282 1034.4612 0.021568628 -255
15 358.28738 1034.4612 0.021568628 -288
16 354.99265 1035.7998 0.021568628 -305
17 354.99265 1035.7998 0.021568628 -321
18 349.67624 1040.4581 0.021568628 -347
19 346.67902 1046.455 0.021568628 -347
20 340.68454 1074.4404 0.019607844 -377
21 337.4539 1093.8323 0.019607844 -377
22 337.4539 1093.8323 0.019607844 -387
23 331.69287 1132.4102 0.019607844 -405
24 328.69565 1172.3894 0.019607844 -405
25 375.65216 614.6798 0.019607844 -435
26 375.65216 624.6746 0.019607844 -435
27 375.65216 638.66736 0.019607844 -454
28 309.71323 1338.303 0.021568628 -482
29 305.6962 1364.3723 0.019607844 -482
30 305.71692 1366.2883 0.019607844 -519
31 305.71692 1368.2874 0.019607844 -528
0 741.3136 514.7319 0.019607844 -34
1 742.44366 518.12335 0.019607844 -34
2 742.9593 530.07666 0.019607844 -44
3 739.024 534.01355 0.019607844 -94
4 732.0439 537.4314 0.019607844 -110
5 722.9395 540.84863 0.019607844 -127
6 708.3441 544.7163 0.021568628 -143
7 708.3441 544.7163 0.021568628 -157
8 511.52637 514.7319 0.019607844 -245
9 511.52637 514.7319 0.019607844 -245
10 550.4903 568.7038 0.019607844 -380
11 542.4982 579.1974 0.021568628 -380
12 541.4986 582.6965 0.021568628 -404
13 510.52728 570.70276 0.027450982 -409
14 368.65866 571.7022 0.019607844 -467
15 368.3164 598.20715 0.019607844 -467
16 371.34103 639.91266 0.019607844 -503
17 371.34103 639.91266 0.027450982 -519
18 361.66513 700.6351 0.01764706 -563
19 361.66513 700.6351 0.01764706 -563
20 361.66513 700.6351 0.01764706 -572
0 590.4533 970.4945 0.01764706 -19
1 590.4533 970.4945 0.01764706 -19
2 590.4533 970.4945 0.019607844 -43
3 587.2946 970.4945 0.019607844 -51
4 580.9289 971.494 0.019607844 -76
5 565.47644 973.4929 0.019607844 -92
6 557.4838 974.49243 0.019607844 -112
7 536.50323 976.4914 0.019607844 -141
8 518.5199 979.48987 0.019607844 -141
9 510.52728 980.4893 0.019607844 -155
10 492.54395 982.4883 0.019607844 -160
11 458.5754 987.48566 0.021568628 -189
12 442.5902 990.4841 0.021568628 -189
13 429.60223 992.48303 0.021568628 -199
14 359.667 999.47943 0.021568628 -353
15 352.67346 1014.4716 0.021568628 -353
16 348.67715 1025.4658 0.021568628 -382
17 338.6864 1070.4425 0.021568628 -411
18 333.69104 1092.431 0.021568628 -411
19 542.4977 915.52313 0.019607844 -451
20 539.5005 939.5106 0.021568628 -451
21 539.5005 966.4966 0.021568628 -461
22 304.71786 1275.3357 0.023529414 -490
23 301.72064 1292.3269 0.023529414 -490
24 299.72247 1303.3212 0.023529414 -500
25 295.7262 1322.3113 0.019607844 -546
26 294.7271 1324.3102 0.019607844 -546
27 294.7271 1324.3102 0.019607844 -555
0 772.2849 494.7423 0.019607844 -29
1 772.2849 494.7423 0.019607844 -29
2 764.29803 495.34085 0.019607844 -52
3 755.30066 496.74127 0.019607844 -102
4 755.30066 496.74127 0.019607844 -125
5 678.3719 505.73657 0.021568628 -154
6 676.3737 505.73657 0.019607844 -154
7 676.3737 505.73657 0.019607844 -164
8 419.61148 346.81937 0.019607844 -203
9 437.59482 368.8079 0.029411767 -203
10 425.60593 395.79385 0.019607844 -378
11 414.2423 401.1652 0.019607844 -378
12 392.20764 459.98734 0.019607844 -399
13 386.3359 510.02362 0.019607844 -432
14 382.84036 560.78516 0.019607844 -448
15 382.6457 612.69574 0.019607844 -465
16 381.30988 643.721 0.019607844 -481
17 381.30988 643.721 0.027450982 -498
18 414.6161 720.62463 0.019607844 -524
19 408.82025 718.2252 0.019607844 -524
20 406.5181 716.52124 0.019607844 -547
21 404.62534 714.6278 0.01764706 -564
22 404.62534 714.6278 0.01764706 -571
0 586.457 963.49817 0.01764706 -5
1 586.457 963.49817 0.019607844 -15
2 586.457 963.49817 0.019607844 -39
3 582.20917 963.49817 0.019607844 -56
4 576.3913 966.1268 0.019607844 -72
5 549.296 969.6278 0.019607844 -89
6 531.5079 973.4929 0.021568628 -122
7 514.5236 976.4914 0.021568628 -139
8 469.56522 982.4883 0.023529414 -178
9 455.84036 984.60065 0.023529414 -178
10 455.84036 984.60065 0.023529414 -188
11 389.63922 997.48047 0.023529414 -247
12 383.64478 998.4799 0.023529414 -247
13 377.65033 999.47943 0.023529414 -256
14 368.65866 1001.4784 0.023529414 -286
15 362.42682 1003.2233 0.023529414 -286
16 359.667 1003.47736 0.023529414 -303
17 357.66882 1003.47736 0.023529414 -316
18 354.6716 1003.47736 0.023529414 -345
19 349.8808 1007.27057 0.023529414 -345
20 348.67715 1009.4742 0.023529414 -369
21 346.67902 1016.4706 0.023529414 -375
22 340.68454 1042.457 0.021568628 -404
23 337.68732 1060.4476 0.021568628 -404
24 334.6901 1081.4368 0.021568628 -414
25 331.69287 1100.4269 0.021568628 -434
26 329.69473 1122.4154 0.023529414 -434
27 327.6966 1144.4039 0.021568628 -444
28 323.7003 1183.3837 0.021568628 -464
29 317.70584 1230.3591 0.023529414 -464
30 315.70767 1251.3483 0.023529414 -483
31 311.71136 1284.331 0.023529414 -513
32 307.7151 1313.3159 0.021568628 -513
33 307.7151 1317.3138 0.021568628 -553
34 307.7151 1321.3118 0.019607844 -582
35 307.7151 1322.3113 0.01764706 -582
36 307.7151 1322.3113 0.01764706 -609
0 571.4709 979.4898 0.019607844 -16
1 569.9779 979.4898 0.019607844 -16
2 568.47363 979.4898 0.019607844 -40
3 566.47546 979.4898 0.019607844 -55
4 555.48566 982.4883 0.019607844 -83
5 538.1221 985.8265 0.019607844 -83
6 532.50696 987.48566 0.019607844 -106
7 523.51526 989.4846 0.021568628 -113
8 495.54117 996.48096 0.021568628 -141
9 449.45148 1005.7027 0.021568628 -141
10 428.15634 1009.8358 0.021568628 -172
11 384.87665 1019.67804 0.021568628 -189
12 368.74585 1022.23566 0.021568628 -222
13 347.17548 1025.5664 0.023529414 -238
14 337.86713 1026.4653 0.023529414 -271
15 333.97565 1026.4653 0.021568628 -304
16 329.6164 1027.504 0.023529414 -337
17 329.6164 1027.504 0.021568628 -370
18 320.70306 1049.4534 0.021568628 -399
19 316.70676 1062.4467 0.021568628 -399
20 312.71045 1079.4377 0.023529414 -409
21 304.71786 1120.4164 0.023529414 -439
22 296.72525 1195.3773 0.023529414 -439
23 293.72803 1222.3633 0.023529414 -458
24 291.7299 1247.3503 0.023529414 -478
25 287.73358 1269.3389 0.023529414 -478
26 283.73727 1296.3248 0.023529414 -498
27 280.74005 1315.315 0.023529414 -498
28 277.74283 1327.3087 0.023529414 -508
29 268.75116 1349.2972 0.023529414 -548
30 265.75394 1360.2915 0.019607844 -548
31 265.75394 1360.2915 0.019607844 -601
32 265.75394 1360.2915 0.019607844 -615
0 748.3071 466.7569 0.019607844 -19
1 749.84845 469.84073 0.019607844 -19
2 751.5284 471.97845 0.019607844 -33
3 751.38525 474.5908 0.021568628 -50
4 749.14557 477.91187 0.019607844 -66
5 740.6179 481.31476 0.019607844 -83
6 707.1722 492.3644 0.019607844 -99
7 702.3497 493.74283 0.019607844 -132
8 702.3497 493.74283 0.019607844 -136
9 428.60315 338.82352 0.019607844 -174
10 448.58466 364.81 0.029411767 -174
11 500.53653 455.7626 0.019607844 -214
12 502.5347 467.75638 0.019607844 -214
13 502.5347 467.75638 0.019607844 -223
14 327.6966 364.81 0.019607844 -292
15 327.6966 364.81 0.019607844 -292
16 329.69473 364.81 0.019607844 -320
17 329.69473 364.81 0.019607844 -320
18 333.69104 370.80685 0.019607844 -339
19 333.69104 370.80685 0.019607844 -339
20 333.69104 370.80685 0.019607844 -363
21 333.69104 370.80685 0.019607844 -369
22 341.68362 433.77408 0.019607844 -406
23 341.68362 433.77408 0.019607844 -406
24 350.6753 497.74075 0.019607844 -426
25 350.6753 497.74075 0.019607844 -426
26 353.67252 551.71265 0.019607844 -445
27 352.67346 552.7121 0.019607844 -445
28 352.67346 552.7121 0.019607844 -455
29 369.6577 635.6689 0.019607844 -474
30 370.6568 646.0417 0.019607844 -474
31 369.6577 666.1531 0.019607844 -496
32 369.6577 667.6522 0.019607844 -528
33 369.6577 667.6522 0.019607844 -533
34 521.5171 869.5471 0.019607844 -579
35 521.5171 869.5471 0.019607844 -579
36 521.5171 869.5471 0.019607844 -598
0 582.4607 315.83548 0.019607844 -5
1 582.4607 315.83548 0.019607844 -5
2 582.4607 315.83548 0.019607844 -22
3 582.4607 315.83548 0.019607844 -39
4 580.53796 315.83548 0.019607844 -55
5 568.5855 317.5234 0.019607844 -72
6 547.49304 319.8334 0.019607844 -88
7 560.481 353.8157 0.027450982 -110
8 584.45886 452.76416 0.021568628 -158
9 584.45886 452.76416 0.021568628 -158
10 378.6494 338.82352 0.019607844 -226
11 378.6494 338.82352 0.019607844 -226
12 378.6494 338.82352 0.019607844 -253
13 378.6494 338.82352 0.019607844 -265
14 378.6494 338.82352 0.019607844 -294
15 378.6494 338.82352 0.019607844 -294
16 378.6494 342.18192 0.019607844 -335
17 378.6494 342.82144 0.019607844 -352
18 378.6494 342.82144 0.019607844 -353
19 375.65216 409.78656 0.019607844 -383
20 374.6531 424.77875 0.019607844 -383
21 374.6531 424.77875 0.019607844 -403
22 529.5097 743.6127 0.019607844 -433
23 511.52637 726.6215 0.027450982 -433
24 511.52637 726.6215 0.027450982 -442
25 376.65125 606.684 0.019607844 -462
26 376.65125 606.684 0.019607844 -462
27 374.6531 670.6507 0.019607844 -482
28 374.6531 675.062 0.019607844 -482
29 373.65402 676.6476 0.01764706 -535
30 373.65402 676.6476 0.01764706 -559
0 560.481 958.50073 0.01764706 -23
1 556.59204 958.50073 0.019607844 -34
2 553.1548 958.50073 0.019607844 -57
3 546.7496 960.4358 0.019607844 -73
4 537.4616 962.1723 0.019607844 -89
5 527.2852 965.23944 0.021568628 -106
6 512.6251 968.6955 0.021568628 -122
7 503.53375 970.4945 0.021568628 -139
8 489.54672 973.4929 0.021568628 -148
9 386.642 996.48096 0.023529414 -351
10 380.70944 1003.39484 0.023529414 -351
11 380.64755 1003.47736 0.023529414 -370
12 377.65033 1009.4742 0.023529414 -370
13 367.65958 1039.4586 0.023529414 -400
14 355.6707 1092.431 0.023529414 -400
15 351.67438 1119.417 0.023529414 -430
16 345.67993 1153.3993 0.023529414 -459
17 343.63464 1165.6287 0.023529414 -459
18 338.4107 1190.7595 0.023529414 -469
19 336.75586 1195.1744 0.023529414 -502
20 335.08084 1197.985 0.023529414 -518
21 334.6901 1199.6721 0.021568628 -535
22 334.6901 1199.6721 0.021568628 -551
0 539.5005 966.4966 0.019607844 -6
1 539.5005 966.4966 0.019607844 -16
2 539.5005 966.4966 0.019607844 -39
3 535.46826 966.4966 0.019607844 -56
4 527.9733 965.74066 0.019607844 -72
5 514.60693 965.49713 0.019607844 -89
6 510.52728 965.49713 0.019607844 -105
7 500.53653 966.4966 0.019607844 -110
8 452.58093 973.4929 0.019607844 -159
9 441.59113 974.49243 0.019607844 -159
10 431.60037 975.4919 0.019607844 -168
11 370.6568 992.48303 0.021568628 -358
12 365.66144 1000.4789 0.021568628 -358
13 354.6716 1024.4664 0.019607844 -386
14 348.67715 1039.4586 0.021568628 -386
15 334.6901 1098.4279 0.021568628 -416
16 329.69473 1125.4138 0.021568628 -416
17 321.70212 1173.3888 0.021568628 -445
18 316.70676 1207.3711 0.023529414 -445
19 307.7151 1274.3363 0.023529414 -494
20 306.3167 1289.7262 0.021568628 -494
21 305.71692 1294.6421 0.021568628 -518
22 305.71692 1298.091 0.021568628 -534
23 305.71692 1301.5826 0.019607844 -551
24 305.71692 1302.3217 0.019607844 -584
25 305.71692 1302.3217 0.019607844 -600
26 305.71692 1302.3217 0.019607844 -617
27 305.71692 1302.3217 0.019607844 -629
0 538.5014 978.49036 0.019607844 0
1 532.83356 978.49036 0.021568628 -5
2 530.5088 978.49036 0.021568628 -38
3 526.5125 979.4898 0.021568628 -44
4 514.5236 981.4888 0.021568628 -72
5 495.4009 982.4883 0.021568628 -72
6 490.5458 982.4883 0.021568628 -87
7 479.55597 983.48773 0.021568628 -92
8 458.5754 982.4883 0.021568628 -120
9 448.58466 982.4883 0.021568628 -120
10 438.5939 982.4883 0.021568628 -140
11 430.6013 982.4883 0.021568628 -140
12 379.64847 989.4846 0.021568628 -321
13 373.65402 995.4815 0.021568628 -321
14 326.6975 1096.429 0.021568628 -389
15 319.70398 1123.4149 0.023529414 -389
16 314.70862 1145.4034 0.023529414 -399
17 310.7123 1166.3925 0.023529414 -418
18 304.71786 1200.3748 0.023529414 -418
19 301.72064 1222.3633 0.023529414 -438
20 299.72247 1237.3555 0.023529414 -438
21 296.72525 1274.3363 0.023529414 -477
22 293.27676 1287.1364 0.021568628 -477
23 289.98068 1296.8262 0.021568628 -501
24 289.73172 1300.3761 0.021568628 -533
25 289.73172 1301.2073 0.021568628 -566
26 289.73172 1301.3221 0.019607844 -582
27 289.73172 1301.3221 0.019607844 -599
28 289.73172 1301.3221 0.019607844 -602
0 536.50323 951.5044 0.019607844 -6
1 536.50323 951.5044 0.019607844 -16
2 533.4601 952.0271 0.021568628 -32
3 528.77936 953.7469 0.021568628 -48
4 520.5531 957.48724 0.021568628 -65
5 512.52545 960.4997 0.021568628 -81
6 499.53748 963.49817 0.021568628 -91
7 461.57263 972.49347 0.021568628 -130
8 436.59573 976.4914 0.021568628 -130
9 420.61053 978.49036 0.023529414 -148
10 396.63275 982.4883 0.023529414 -178
11 380.31583 985.40326 0.023529414 -178
12 368.11862 986.4862 0.023529414 -197
13 365.66144 986.4862 0.023529414 -213
14 360.66605 986.4862 0.021568628 -217
15 353.67252 986.4862 0.021568628 -246
16 351.67438 986.4862 0.021568628 -246
17 343.68176 986.4862 0.021568628 -314
18 342.6827 986.4862 0.021568628 -314
19 336.68826 991.4836 0.021568628 -353
20 333.69104 996.48096 0.021568628 -353
21 330.69382 1003.47736 0.021568628 -362
22 322.7012 1039.4586 0.021568628 -392
23 318.7049 1062.4467 0.021568628 -392
24 304.71786 1181.3846 0.023529414 -440
25 301.72064 1208.3706 0.023529414 -440
0 548.4921 961.4992 0.019607844 -17
1 547.0928 961.4992 0.019607844 -17
2 542.20514 962.9294 0.019607844 -33
3 535.0633 964.60785 0.019607844 -49
4 525.29974 967.2342 0.019607844 -66
5 504.46 971.6727 0.019607844 -82
6 499.53748 972.49347 0.021568628 -99
7 488.54764 976.4914 0.021568628 -103
8 450.5828 985.4867 0.021568628 -141
9 433.5985 989.4846 0.021568628 -141
10 417.6133 992.48303 0.021568628 -151
11 365.66144 1003.47736 0.021568628 -200
12 355.6707 1005.4763 0.023529414 -200
13 314.70862 1012.47266 0.021568628 -375
14 312.71045 1015.47107 0.021568628 -375
15 309.71323 1023.4669 0.021568628 -384
16 300.72156 1074.4404 0.021568628 -423
17 294.7271 1118.4175 0.023529414 -423
18 292.72894 1139.4065 0.023529414 -442
19 287.73358 1180.3851 0.023529414 -471
20 283.73727 1208.3706 0.023529414 -471
21 281.73914 1225.3618 0.023529414 -491
22 280.74005 1241.3534 0.023529414 -491
23 279.74097 1254.3467 0.023529414 -501
24 278.7419 1285.3306 0.021568628 -548
25 278.7419 1289.2522 0.021568628 -548
26 278.7419 1294.3258 0.019607844 -562
27 278.7419 1294.3258 0.019607844 -596
0 558.4829 949.50543 0.019607844 -9
1 558.4829 949.50543 0.019607844 -9
2 558.4829 949.50543 0.019607844 -18
3 554.4866 949.50543 0.019607844 -47
4 549.15936 951.61505 0.019607844 -47
5 526.90027 960.854 0.021568628 -67
6 508.18222 966.86383 0.021568628 -99
7 498.5384 969.49506 0.021568628 -116
8 487.54858 971.494 0.021568628 -124
9 439.59296 979.4898 0.021568628 -163
10 427.60406 981.4888 0.021568628 -163
11 379.64847 989.4846 0.021568628 -222
12 368.7821 989.4846 0.021568628 -222
13 360.646 989.4846 0.021568628 -247
14 357.2844 989.4846 0.021568628 -280
15 355.60895 989.4846 0.021568628 -313
16 355.60895 989.4846 0.021568628 -330
17 347.67807 1001.4784 0.021568628 -359
18 343.68176 1010.4737 0.021568628 -359
19 339.6855 1024.4664 0.021568628 -369
20 331.69287 1074.4404 0.021568628 -397
21 327.6966 1104.4248 0.021568628 -397
22 322.7012 1164.3936 0.021568628 -426
23 319.70398 1196.3768 0.021568628 -426
24 316.70676 1224.3623 0.021568628 -445
25 313.70953 1253.3472 0.023529414 -445
26 367.65958 729.62 0.019607844 -473
27 367.65958 733.3937 0.019607844 -473
28 367.65958 739.40936 0.019607844 -496
29 367.65958 742.9438 0.01764706 -528
30 365.66144 742.6132 0.01764706 -561
31 365.66144 742.6132 0.01764706 -576
0 521.5171 967.4961 0.021568628 0
1 521.5171 967.4961 0.021568628 -5
2 519.03577 967.4961 0.021568628 -30
3 519.03577 967.4961 0.021568628 -46
4 506.531 970.4945 0.019607844 -72
5 484.9019 975.3029 0.019607844 -72
6 479.55597 977.49084 0.021568628 -96
7 469.56522 980.4893 0.021568628 -103
8 443.58926 988.48517 0.021568628 -130
9 429.60223 993.48254 0.021568628 -130
10 382.6457 1005.4763 0.023529414 -199
11 377.8412 1006.47577 0.023529414 -199
12 373.66898 1006.47577 0.023529414 -211
13 370.30634 1006.47577 0.023529414 -227
14 366.7256 1006.47577 0.021568628 -244
15 363.3376 1006.47577 0.021568628 -277
16 361.56247 1006.47577 0.021568628 -310
17 358.15054 1009.75085 0.021568628 -326
18 353.22763 1017.87866 0.021568628 -343
19 347.25494 1035.5194 0.021568628 -359
20 341.29706 1060.995 0.021568628 -376
21 340.68454 1063.446 0.021568628 -392
22 334.6901 1097.4283 0.021568628 -394
23 326.6975 1153.3993 0.021568628 -423
24 322.7012 1180.3851 0.023529414 -423
25 319.70398 1204.3727 0.023529414 -432
26 315.70767 1238.355 0.023529414 -452
27 307.7151 1323.5817 0.023529414 -452
28 308.71414 1343.5952 0.021568628 -508
29 308.71414 1351.3352 0.021568628 -541
30 308.71414 1353.2952 0.019607844 -574
31 308.71414 1353.2952 0.019607844 -607
32 309.71323 1353.2952 0.019607844 -627
0 545.49493 960.4997 0.019607844 -17
1 545.49493 960.4997 0.019607844 -17
2 534.9742 960.4997 0.019607844 -41
3 496.05588 962.1049 0.019607844 -74
4 443.27292 966.5843 0.021568628 -107
5 443.27292 966.5843 0.021568628 -140
6 393.63553 974.49243 0.021568628 -168
7 380.64755 976.4914 0.021568628 -168
8 369.6577 978.49036 0.021568628 -178
9 323.7003 990.4841 0.021568628 -332
10 321.70212 997.48047 0.021568628 -332
11 319.70398 1007.4752 0.021568628 -342
12 314.70862 1033.4617 0.021568628 -370
13 310.4843 1078.9191 0.021568628 -370
14 308.26498 1137.6929 0.021568628 -387
15 305.51782 1194.755 0.021568628 -404
16 305.51782 1194.755 0.021568628 -420
17 300.72156 1298.3237 0.021568628 -446
18 297.72433 1325.3097 0.021568628 -446
19 295.7262 1345.2993 0.023529414 -455
20 291.7299 1385.2784 0.023529414 -492
21 290.5228 1393.7314 0.021568628 -492
22 288.7322 1400.272 0.019607844 -503
23 286.92413 1404.8885 0.019607844 -519
24 286.7345 1406.2676 0.019607844 -536
25 286.7345 1406.2676 0.019607844 -552
26 286.7345 1406.2676 0.019607844 -555
0 560.481 954.50287 0.019607844 -25
1 553.60626 956.129 0.019607844 -25
2 541.4986 960.4997 0.019607844 -48
3 534.50507 962.49866 0.019607844 -71
4 498.5384 971.494 0.019607844 -109
5 469.7603 978.13776 0.019607844 -109
6 469.7603 978.13776 0.021568628 -131
7 423.6078 989.4846 0.021568628 -157
8 407.62256 993.48254 0.021568628 -157
9 378.6494 999.47943 0.021568628 -187
10 367.65958 1001.4784 0.021568628 -187
11 316.70676 1004.4768 0.021568628 -351
12 314.43048 1005.6154 0.021568628 -351
13 311.06284 1008.124 0.021568628 -362
14 310.7123 1008.47473 0.021568628 -378
15 306.716 1017.47003 0.021568628 -380
16 299.72247 1040.4581 0.021568628 -410
17 282.54465 1192.5786 0.021568628 -410
18 280.74005 1216.3665 0.021568628 -461
19 279.74097 1247.3503 0.023529414 -468
20 274.7456 1332.306 0.021568628 -507
21 273.74652 1346.2988 0.021568628 -507
22 272.74747 1356.2936 0.021568628 -516
0 538.5014 971.494 0.019607844 -15
1 537.96704 971.494 0.019607844 -15
2 532.50696 971.494 0.019607844 -48
3 528.5106 972.49347 0.019607844 -71
4 501.5356 978.49036 0.019607844 -109
5 476.43298 985.3393 0.021568628 -109
6 476.43298 985.3393 0.021568628 -131
7 405.62442 1003.47736 0.021568628 -178
8 381.37567 1009.5235 0.021568628 -178
9 362.5459 1012.18463 0.021568628 -197
10 346.36484 1015.13416 0.023529414 -214
11 334.31357 1017.52386 0.023529414 -230
12 320.3688 1017.47003 0.023529414 -247
13 317.5762 1017.47003 0.023529414 -280
14 314.27695 1017.47003 0.021568628 -296
15 311.0121 1017.47003 0.023529414 -313
16 307.5597 1017.47003 0.023529414 -329
17 303.56555 1024.0555 0.023529414 -346
18 298.68085 1033.5469 0.023529414 -363
19 291.5593 1052.9637 0.023529414 -379
20 276.26797 1132.6365 0.023529414 -396
21 267.75208 1219.3649 0.023529414 -429
22 265.75394 1249.3492 0.023529414 -455
23 260.75854 1293.3264 0.023529414 -484
24 259.7595 1311.317 0.023529414 -484
25 257.76132 1331.3065 0.023529414 -493
26 256.76227 1344.2998 0.023529414 -512
27 252.34517 1373.3906 0.023529414 -512
28 251.76688 1376.2832 0.023529414 -545
29 251.76688 1379.2816 0.021568628 -551
30 251.76688 1391.2754 0.021568628 -625
31 251.76688 1391.2754 0.019607844 -625
0 561.4801 968.49554 0.01764706 -18
1 561.4801 968.49554 0.019607844 -18
2 550.4903 972.49347 0.019607844 -91
3 536.3879 978.0974 0.019607844 -91
4 493.73834 990.1315 0.019607844 -108
5 470.7867 994.6015 0.021568628 -141
6 437.65897 999.9711 0.021568628 -158
7 415.4457 1003.27277 0.021568628 -174
8 393.5247 1006.5868 0.021568628 -191
9 368.2319 1009.8785 0.021568628 -208
10 362.2536 1011.61005 0.021568628 -241
11 354.78174 1011.47314 0.021568628 -257
12 353.67252 1011.47314 0.021568628 -290
13 352.67346 1011.47314 0.021568628 -305
14 345.67993 1020.4685 0.021568628 -344
15 341.6962 1032.4244 0.021568628 -344
16 334.68875 1067.4512 0.021568628 -356
17 329.55423 1104.1229 0.021568628 -373
18 325.95694 1144.6696 0.021568628 -389
19 325.95694 1144.6696 0.021568628 -406
20 317.70584 1233.3575 0.021568628 -431
21 315.70767 1260.3435 0.023529414 -431
22 534.50507 807.57935 0.021568628 -440
23 533.50604 818.57367 0.019607844 -440
24 513.52454 813.57623 0.025490198 -449
25 307.7151 1320.3123 0.023529414 -469
26 305.71692 1333.3055 0.023529414 -469
27 303.71878 1345.2993 0.023529414 -477
28 298.72342 1370.2863 0.021568628 -514
29 295.7262 1384.2789 0.019607844 -514
30 295.7262 1384.2789 0.019607844 -569
0 550.4903 978.49036 0.019607844 -92
1 539.7514 981.1315 0.019607844 -92
2 509.99896 991.1734 0.019607844 -108
3 466.7135 1002.24884 0.021568628 -141
4 441.6317 1007.5379 0.021568628 -174
5 423.77225 1010.59296 0.021568628 -191
6 410.6198 1012.47266 0.021568628 -207
7 398.6309 1014.4716 0.021568628 -217
8 332.69196 1040.4581 0.021568628 -400
9 328.69565 1052.4518 0.021568628 -400
10 318.7049 1088.4331 0.021568628 -429
11 314.70862 1108.4227 0.021568628 -429
12 309.71323 1150.4008 0.021568628 -439
13 507.53006 859.5523 0.021568628 -486
14 507.53006 859.5523 0.021568628 -486
15 512.52545 917.5221 0.021568628 -505
16 512.52545 917.5221 0.021568628 -505
17 511.52637 985.4867 0.021568628 -523
18 511.52637 985.4867 0.019607844 -523
19 511.52637 985.4867 0.019607844 -556
20 511.52637 985.4867 0.019607844 -588
21 509.52823 984.48724 0.023529414 -605
0 741.3136 499.73972 0.021568628 -45
1 744.0193 509.2757 0.021568628 -45
2 744.31085 516.41754 0.021568628 -61
3 741.901 523.55145 0.019607844 -77
4 724.5664 534.6029 0.019607844 -94
5 683.4462 546.19574 0.019607844 -127
6 672.37744 548.7142 0.019607844 -160
7 672.37744 548.7142 0.019607844 -169
8 385.6429 392.7954 0.019607844 -207
9 385.6429 392.7954 0.019607844 -207
10 405.62442 417.7824 0.029411767 -217
11 400.62906 446.7673 0.019607844 -361
12 387.90332 443.76886 0.019607844 -361
13 384.64386 443.76886 0.019607844 -375
14 384.64386 443.76886 0.019607844 -380
15 356.66974 484.74753 0.019607844 -409
16 356.66974 484.74753 0.019607844 -409
17 362.6642 549.7137 0.019607844 -428
18 369.6577 622.67566 0.019607844 -428
19 369.6577 622.67566 0.019607844 -466
20 386.642 748.6101 0.019607844 -484
21 385.6429 749.60956 0.019607844 -484
22 385.6429 749.60956 0.019607844 -493
23 389.63922 810.5778 0.019607844 -512
24 385.6429 810.5778 0.019607844 -512
25 385.6429 810.5778 0.019607844 -574
26 385.6429 810.5778 0.01764706 -591
27 385.6429 810.5778 0.01764706 -602
0 553.4875 969.49506 0.01764706 -17
1 549.4582 969.49506 0.019607844 -17
2 544.0718 969.49506 0.019607844 -59
3 544.0718 969.49506 0.01764706 -76
4 514.5236 972.49347 0.01764706 -109
5 503.53375 973.4929 0.019607844 -109
6 491.54486 975.4919 0.019607844 -118
7 465.5689 979.4898 0.019607844 -147
8 450.5828 982.4883 0.019607844 -147
9 402.6272 992.48303 0.021568628 -185
10 374.1258 998.26404 0.021568628 -185
11 360.9801 1000.5931 0.021568628 -208
12 347.25415 1002.47784 0.021568628 -225
13 343.19724 1002.47784 0.021568628 -258
14 339.8299 1002.47784 0.021568628 -275
15 336.37744 1002.47784 0.019607844 -291
16 333.5415 1004.6264 0.021568628 -324
17 333.5415 1004.6264 0.019607844 -341
18 325.69843 1035.4607 0.021568628 -379
19 323.7003 1049.4534 0.021568628 -379
20 320.70306 1105.4242 0.021568628 -408
21 319.70398 1130.4113 0.021568628 -408
22 318.7049 1155.3982 0.021568628 -427
23 317.70584 1180.3851 0.019607844 -427
24 316.70676 1206.3717 0.021568628 -446
25 312.71045 1289.3285 0.021568628 -446
26 311.71136 1305.3201 0.021568628 -473
27 310.7123 1319.3129 0.021568628 -492
28 304.534 1355.0303 0.019607844 -492
29 302.7197 1363.0186 0.019607844 -540
30 302.7197 1363.2899 0.01764706 -589
31 302.7197 1363.2899 0.01764706 -600
0 525.5134 929.51587 0.019607844 -7
1 523.81177 929.51587 0.019607844 -7
2 519.1458 930.9729 0.019607844 -32
3 511.65762 932.6879 0.019607844 -48
4 481.1216 941.53674 0.019607844 -65
5 456.57724 948.506 0.019607844 -98
6 444.58835 951.5044 0.019607844 -119
7 412.61795 958.50073 0.019607844 -157
8 388.2337 964.2548 0.019607844 -157
9 382.6457 965.49713 0.021568628 -180
10 376.65125 966.4966 0.021568628 -186
11 353.67252 971.494 0.019607844 -253
12 351.4753 971.494 0.019607844 -253
13 344.6088 975.56396 0.019607844 -262
14 335.83438 995.0941 0.021568628 -295
15 329.58273 1026.1382 0.019607844 -328
16 328.69565 1031.4628 0.019607844 -345
17 325.69843 1052.4518 0.019607844 -348
18 320.70306 1100.4269 0.019607844 -376
19 319.70398 1128.4122 0.019607844 -376
20 317.70584 1160.3956 0.019607844 -394
21 315.70767 1212.3685 0.021568628 -394
22 308.71414 1337.3035 0.021568628 -439
23 306.716 1361.291 0.021568628 -439
24 305.71692 1381.2805 0.021568628 -458
25 300.72156 1441.3633 0.019607844 -458
26 300.72156 1446.2467 0.01764706 -510
27 300.72156 1446.2467 0.01764706 -543
28 301.72064 1446.2467 0.01764706 -565
0 559.48193 356.81415 0.019607844 -8
1 559.48193 356.81415 0.019607844 -8
2 559.48193 357.90085 0.019607844 -35
3 556.4449 357.81363 0.019607844 -57
4 550.6777 360.33728 0.019607844 -74
5 520.18695 368.1669 0.019607844 -90
6 472.02148 376.0583 0.019607844 -123
7 445.3732 378.17548 0.019607844 -156
8 426.56906 382.00824 0.019607844 -173
9 412.63754 387.12515 0.019607844 -189
10 400.8403 390.726 0.019607844 -206
11 397.63184 391.79593 0.019607844 -222
12 414.6161 419.78134 0.029411767 -228
13 413.61703 440.77042 0.019607844 -333
14 398.7227 432.32077 0.019607844 -333
15 392.7975 432.69406 0.019607844 -354
16 384.57394 445.29404 0.019607844 -371
17 375.8933 467.6806 0.019607844 -387
18 367.927 505.056 0.019607844 -404
19 367.927 505.056 0.019607844 -420
20 529.5097 805.5804 0.019607844 -447
21 528.5106 825.57 0.019607844 -447
22 508.52914 817.57416 0.027450982 -475
23 417.6133 759.6044 0.019607844 -538
24 405.25446 749.80084 0.019607844 -538
25 397.09033 742.0715 0.019607844 -552
26 397.09033 742.0715 0.019607844 -569
27 356.66974 699.63556 0.01764706 -591
28 356.66974 699.63556 0.01764706 -591
0 514.5236 960.4997 0.019607844 -17
1 514.5236 960.4997 0.019607844 -17
2 514.5236 960.4997 0.021568628 -33
3 513.4459 960.4997 0.021568628 -40
4 508.5462 961.4935 0.021568628 -66
5 504.53284 962.49866 0.021568628 -82
6 495.54117 964.4976 0.021568628 -92
7 468.56613 970.4945 0.021568628 -130
8 446.43643 974.3509 0.021568628 -130
9 445.58743 974.49243 0.021568628 -148
10 429.60223 979.4898 0.021568628 -149
11 401.6281 986.4862 0.023529414 -178
12 390.6383 989.4846 0.023529414 -178
13 351.67438 999.47943 0.023529414 -226
14 340.42862 1001.5296 0.023529414 -226
15 334.34204 1001.4784 0.023529414 -247
16 329.29578 1001.4784 0.023529414 -264
17 326.45654 1001.4784 0.023529414 -280
18 323.20074 1001.4784 0.023529414 -297
19 319.8462 1002.47784 0.023529414 -329
20 312.71045 1013.4721 0.023529414 -362
21 309.71323 1021.46796 0.023529414 -384
22 303.71878 1041.4575 0.023529414 -412
23 285.77704 1147.1943 0.023529414 -412
24 281.90002 1180.7095 0.023529414 -461
25 276.69562 1214.6564 0.023529414 -478
26 271.15027 1239.9462 0.023529414 -494
27 269.25073 1248.3499 0.021568628 -527
28 267.6257 1250.6016 0.021568628 -544
29 267.75208 1253.268 0.021568628 -560
30 267.75208 1253.3472 0.019607844 -577
31 267.75208 1253.3472 0.019607844 -593
32 267.75208 1253.3472 0.019607844 -596
0 524.51434 955.5023 0.019607844 -7
1 524.51434 955.5023 0.021568628 -16
2 521.9405 955.5023 0.021568628 -40
3 517.50116 955.5023 0.021568628 -56
4 513.52454 956.5018 0.021568628 -73
5 505.53192 958.50073 0.021568628 -82
6 480.55505 962.49866 0.021568628 -121
7 463.2968 965.33594 0.021568628 -121
8 462.5717 965.49713 0.021568628 -139
9 449.5837 968.49554 0.021568628 -140
10 403.62628 980.4893 0.023529414 -197
11 389.5365 984.9076 0.023529414 -197
12 378.13623 987.48566 0.023529414 -221
13 374.65308 987.48566 0.021568628 -254
14 373.52924 987.48566 0.021568628 -271
15 370.15714 987.48566 0.021568628 -287
16 365.897 989.36676 0.021568628 -320
17 361.18616 994.58124 0.021568628 -353
18 359.667 996.48096 0.021568628 -370
19 355.6707 1003.47736 0.021568628 -373
20 345.67993 1028.4644 0.021568628 -402
21 340.68454 1042.457 0.021568628 -402
22 329.69473 1100.4269 0.021568628 -431
23 325.69843 1128.4122 0.021568628 -431
24 320.70306 1154.3987 0.021568628 -452
25 316.70676 1183.3837 0.021568628 -452
26 311.71136 1211.369 0.021568628 -461
27 306.716 1251.3483 0.023529414 -480
28 302.7197 1278.3342 0.023529414 -480
29 302.7197 1278.3342 0.023529414 -489
30 299.72247 1302.3217 0.023529414 -489
31 294.7271 1337.3035 0.023529414 -517
32 292.72894 1349.2972 0.023529414 -517
0 490.5458 945.5075 0.019607844 0
1 490.5458 945.5075 0.021568628 -4
2 487.86926 945.5075 0.021568628 -29
3 483.25662 946.6056 0.021568628 -45
4 474.54657 948.34174 0.021568628 -62
5 464.32504 951.58606 0.021568628 -78
6 451.0645 955.132 0.021568628 -95
7 444.58835 956.5018 0.021568628 -111
8 435.59668 958.50073 0.021568628 -118
9 403.62628 965.49713 0.021568628 -156
10 379.003 969.7942 0.021568628 -156
11 379.003 969.7942 0.021568628 -177
12 339.6855 977.49084 0.021568628 -214
13 331.05624 978.76306 0.021568628 -214
14 315.89154 982.0938 0.023529414 -227
15 308.799 982.4883 0.021568628 -260
16 305.3953 982.4883 0.021568628 -293
17 302.70126 984.5057 0.021568628 -325
18 299.25684 989.4168 0.021568628 -342
19 298.72342 990.4841 0.021568628 -358
20 296.72525 999.47943 0.021568628 -361
21 291.7299 1024.4664 0.021568628 -390
22 284.7364 1108.9224 0.021568628 -390
23 281.27737 1144.719 0.021568628 -424
24 273.573 1224.0995 0.021568628 -441
25 266.4976 1283.3997 0.021568628 -474
26 266.4976 1283.3997 0.021568628 -507
27 262.7567 1306.3196 0.021568628 -532
28 260.75854 1322.7007 0.019607844 -532
29 260.75854 1329.952 0.019607844 -556
30 260.75854 1331.3065 0.01764706 -573
31 260.75854 1331.3065 0.01764706 -596
0 515.52264 995.4815 0.019607844 -25
1 515.52264 995.4815 0.019607844 -25
2 515.52264 995.4815 0.019607844 -48
3 515.52264 995.4815 0.019607844 -64
4 514.8013 995.4815 0.019607844 -77
5 511.61652 994.02734 0.019607844 -97
6 510.52728 994.482 0.019607844 -114
7 507.53006 994.482 0.019607844 -119
8 486.5495 995.4815 0.019607844 -157
9 477.55783 996.48096 0.019607844 -157
10 455.5782 999.47943 0.019607844 -185
11 425.7057 1004.25696 0.019607844 -185
12 397.63184 1010.4737 0.021568628 -213
13 387.64108 1012.47266 0.021568628 -233
14 350.6753 1018.46954 0.019607844 -337
15 349.67624 1018.46954 0.019607844 -337
16 346.67902 1018.46954 0.021568628 -374
17 345.67993 1018.46954 0.021568628 -374
18 337.68732 1040.4581 0.021568628 -431
19 335.68918 1054.4508 0.019607844 -431
20 330.69382 1093.4304 0.021568628 -459
21 324.86493 1142.9132 0.019607844 -459
22 319.66663 1211.1013 0.021568628 -477
23 318.7049 1221.3639 0.021568628 -493
24 315.70767 1249.3492 0.021568628 -496
25 311.71136 1272.3373 0.023529414 -515
26 308.71414 1292.3269 0.023529414 -515
27 305.71692 1313.3159 0.023529414 -524
28 303.71878 1328.3081 0.023529414 -542
29 292.72894 1363.2899 0.019607844 -542
30 290.7308 1365.2888 0.019607844 -606
