0 614.4311 408.78708 0.019607844 -36
1 614.4311 408.78708 0.019607844 -36
2 611.79083 408.78708 0.019607844 -84
3 595.57684 410.1607 0.023529414 -116
4 582.2174 410.81308 0.019607844 -166
5 546.9572 415.4815 0.021568628 -182
6 526.80035 415.78345 0.021568628 -215
7 506.55542 417.41675 0.019607844 -232
8 475.37427 419.78134 0.023529414 -248
9 448.83987 420.60645 0.019607844 -281
10 442.26456 418.9503 0.019607844 -314
11 432.51337 418.78186 0.019607844 -331
12 427.27856 418.78186 0.019607844 -364
13 420.6669 418.78186 0.019607844 -380
14 417.85742 418.78186 0.019607844 -413
15 416.22913 418.78186 0.019607844 -430
16 414.5674 419.83005 0.021568628 -447
17 405.92395 445.10214 0.019607844 -463
18 399.62997 462.75897 0.019607844 -496
19 428.60315 539.7189 0.027450982 -513
20 416.61426 545.71576 0.019607844 -543
21 416.61426 545.71576 0.019607844 -543
22 387.64108 626.6736 0.019607844 -573
23 386.642 628.67255 0.019607844 -573
24 383.64478 680.6455 0.019607844 -612
25 383.64478 680.6455 0.019607844 -612
26 381.34088 679.49304 0.01764706 -629
27 381.34088 679.49304 0.01764706 -661
0 547.49304 1019.469 0.01764706 -37
1 543.69086 1017.47003 0.01764706 -37
2 531.0669 1018.2099 0.01764706 -59
3 495.91235 1024.5807 0.019607844 -92
4 445.0879 1036.4602 0.019607844 -125
5 422.8875 1041.9868 0.021568628 -158
6 403.78366 1045.0634 0.021568628 -174
7 383.06055 1049.742 0.021568628 -191
8 383.06055 1049.742 0.021568628 -207
9 341.68362 1054.4508 0.019607844 -331
10 340.68454 1056.4497 0.019607844 -331
11 330.69382 1123.4149 0.019607844 -390
12 328.69565 1142.405 0.019607844 -390
13 323.7003 1208.3706 0.019607844 -419
14 322.7012 1234.357 0.019607844 -419
15 319.70398 1258.3446 0.019607844 -429
16 318.7049 1307.3191 0.019607844 -458
17 317.70584 1325.3097 0.019607844 -458
18 316.70676 1338.303 0.019607844 -476
19 316.70676 1348.6345 0.019607844 -476
20 316.70676 1364.6564 0.019607844 -488
21 316.70676 1365.2888 0.019607844 -521
22 316.70676 1368.2874 0.019607844 -523
0 580.4625 333.8261 0.019607844 -26
1 580.4625 333.8261 0.019607844 -26
2 580.4625 333.8261 0.019607844 -41
3 580.4625 333.8261 0.019607844 -58
4 577.8315 334.64243 0.019607844 -74
5 573.469 335.82507 0.019607844 -91
6 567.47455 337.82404 0.019607844 -102
7 514.5236 353.8157 0.019607844 -159
8 501.5356 356.81415 0.019607844 -159
9 488.54764 359.8126 0.019607844 -179
10 476.12595 362.81104 0.019607844 -179
11 430.14667 366.5516 0.019607844 -190
12 416.4003 369.8609 0.019607844 -222
13 405.70142 371.50977 0.019607844 -239
14 394.74332 372.80582 0.019607844 -255
15 391.25684 372.80582 0.019607844 -288
16 389.3002 372.80582 0.019607844 -305
17 389.3002 372.80582 0.019607844 -321
18 369.6577 413.7845 0.019607844 -347
19 369.6577 413.7845 0.019607844 -347
20 369.6577 427.7772 0.019607844 -377
21 368.58084 439.62775 0.019607844 -377
22 368.58084 439.62775 0.019607844 -387
23 371.65588 476.75168 0.019607844 -405
24 371.65588 476.75168 0.019607844 -405
25 520.51807 807.57935 0.019607844 -435
26 520.51807 823.57104 0.019607844 -435
27 520.51807 823.57104 0.019607844 -454
28 374.6531 687.64185 0.019607844 -482
29 373.65402 720.7283 0.019607844 -482
30 371.65588 723.6231 0.01764706 -519
31 371.65588 723.6231 0.01764706 -528
0 584.45886 373.8053 0.019607844 -34
1 584.45886 373.8053 0.019607844 -34
2 584.45886 373.8053 0.019607844 -44
3 582.16925 373.8053 0.019607844 -94
4 573.33514 375.66 0.019607844 -110
5 556.3982 376.36914 0.019607844 -127
6 542.4977 377.80322 0.019607844 -143
7 551.4894 409.78656 0.029411767 -157
8 375.65216 393.7949 0.021568628 -245
9 396.63275 420.78082 0.029411767 -245
10 409.62073 443.76886 0.019607844 -380
11 389.6403 435.7733 0.019607844 -380
12 390.6383 437.77197 0.019607844 -404
13 390.6383 437.77197 0.019607844 -409
14 546.494 889.5367 0.021568628 -467
15 548.4644 970.245 0.023529414 -467
16 546.8088 1017.0586 0.023529414 -503
17 546.8088 1017.0586 0.023529414 -519
18 545.49493 1047.4545 0.021568628 -563
19 545.49493 1050.4529 0.021568628 -563
20 545.49493 1052.4518 0.021568628 -572
0 598.44586 324.8308 0.01764706 -19
1 598.44586 324.8308 0.01764706 -19
2 598.44586 324.8308 0.019607844 -43
3 594.28815 324.8308 0.019607844 -51
4 589.804 325.71365 0.019607844 -76
5 575.46716 329.82822 0.019607844 -92
6 588.45514 362.81104 0.025490198 -112
7 550.4903 353.8157 0.019607844 -141
8 529.5097 350.81726 0.019607844 -141
9 521.5171 351.81674 0.019607844 -155
10 524.51434 371.80634 0.029411767 -160
11 468.56613 359.8126 0.021568628 -189
12 451.58188 358.8131 0.019607844 -189
13 451.58188 358.8131 0.019607844 -199
14 561.4801 746.61115 0.021568628 -353
15 561.4801 750.609 0.021568628 -353
16 557.4838 741.6137 0.027450982 -382
17 555.48566 768.5997 0.027450982 -411
18 551.4894 806.5799 0.021568628 -411
19 497.5393 739.61475 0.021568628 -451
20 497.5393 749.60956 0.023529414 -451
21 483.55228 746.61115 0.027450982 -461
22 535.50415 1004.4768 0.021568628 -490
23 534.50507 1022.46747 0.021568628 -490
24 533.50604 1034.4612 0.021568628 -500
25 530.5088 1055.4503 0.021568628 -546
26 530.5088 1058.4487 0.021568628 -546
27 530.5088 1059.4481 0.019607844 -555
0 608.43665 328.82874 0.01764706 -29
1 608.43665 328.82874 0.019607844 -29
2 597.4525 327.82925 0.019607844 -52
3 581.4616 330.8277 0.019607844 -102
4 590.4533 358.8131 0.029411767 -125
5 543.49677 349.81778 0.019607844 -154
6 545.49493 366.80893 0.029411767 -154
7 544.49585 376.80374 0.029411767 -164
8 570.4718 455.7626 0.019607844 -203
9 570.4718 455.7626 0.019607844 -203
10 587.45605 743.6127 0.019607844 -378
11 586.457 748.9841 0.021568628 -378
12 576.0173 845.1552 0.021568628 -399
13 570.0127 887.2144 0.021568628 -432
14 565.6711 939.3674 0.019607844 -448
15 563.9004 994.6094 0.019607844 -465
16 562.1424 1024.8595 0.021568628 -481
17 562.1424 1024.8595 0.021568628 -498
18 564.47736 1052.4518 0.021568628 -524
19 564.0771 1061.2484 0.021568628 -524
20 564.47736 1064.6565 0.021568628 -547
21 564.47736 1065.4451 0.021568628 -564
22 564.47736 1066.4446 0.021568628 -571
0 602.4422 313.83655 0.01764706 -5
1 602.4422 313.83655 0.019607844 -15
2 602.4422 313.83655 0.019607844 -39
3 600.1925 313.83655 0.019607844 -56
4 593.37555 315.46567 0.019607844 -72
5 565.8822 320.0989 0.019607844 -89
6 546.494 323.83133 0.019607844 -122
7 552.48846 356.81415 0.029411767 -139
8 583.4598 451.7647 0.019607844 -178
9 584.51556 464.43893 0.019607844 -178
10 584.51556 464.43893 0.019607844 -188
11 360.66605 348.81833 0.019607844 -247
12 360.66605 348.81833 0.019607844 -247
13 360.66605 348.81833 0.019607844 -256
14 360.66605 348.81833 0.019607844 -286
15 360.66605 348.81833 0.019607844 -286
16 360.66605 348.81833 0.019607844 -303
17 360.66605 348.81833 0.019607844 -316
18 360.66605 348.81833 0.019607844 -345
19 358.27066 350.21518 0.019607844 -345
20 359.667 353.8157 0.019607844 -369
21 359.667 353.8157 0.019607844 -375
22 364.66235 414.78397 0.019607844 -404
23 363.66327 415.78345 0.019607844 -404
24 363.66327 415.78345 0.019607844 -414
25 528.5106 682.6444 0.019607844 -434
26 508.52914 665.65326 0.027450982 -434
27 508.52914 665.65326 0.027450982 -444
28 368.65866 548.7142 0.019607844 -464
29 370.6568 577.6991 0.019607844 -464
30 370.6568 577.6991 0.019607844 -483
31 528.5106 868.5476 0.021568628 -513
32 528.5106 868.5476 0.021568628 -513
33 508.52914 848.55804 0.027450982 -553
34 510.52728 850.557 0.019607844 -582
35 514.5236 853.5554 0.019607844 -582
36 514.5236 853.5554 0.019607844 -609
0 604.4403 329.82822 0.019607844 -16
1 604.4403 329.82822 0.019607844 -16
2 601.4431 329.82822 0.019607844 -40
3 601.4431 329.82822 0.019607844 -55
4 553.4875 340.82248 0.019607844 -83
5 550.8101 340.82248 0.019607844 -83
6 547.49304 341.82196 0.019607844 -106
7 562.4792 368.8079 0.029411767 -113
8 523.51526 361.81155 0.019607844 -141
9 481.64813 363.96143 0.019607844 -141
10 452.55917 362.81104 0.019607844 -172
11 411.92136 367.94778 0.019607844 -189
12 388.19168 368.57608 0.019607844 -222
13 364.15976 371.9069 0.019607844 -238
14 354.8514 371.80634 0.019607844 -271
15 348.9618 371.80634 0.019607844 -304
16 345.64078 372.845 0.019607844 -337
17 345.64078 372.845 0.019607844 -370
18 494.54208 617.6783 0.021568628 -399
19 494.54208 617.6783 0.021568628 -399
20 481.5541 609.68243 0.029411767 -409
21 485.5504 639.6668 0.019607844 -439
22 481.5541 682.6444 0.027450982 -439
23 485.5504 731.61896 0.023529414 -458
24 470.5643 732.6184 0.027450982 -478
25 470.5643 732.6184 0.027450982 -478
26 349.67624 675.6481 0.019607844 -498
27 348.67715 677.64703 0.019607844 -498
28 348.67715 677.64703 0.019607844 -508
29 339.6855 735.6168 0.019607844 -548
30 339.6855 735.6168 0.019607844 -548
31 338.6864 734.6174 0.01764706 -601
32 338.6864 734.6174 0.01764706 -615
0 604.4403 325.8303 0.019607844 -19
1 604.4403 325.8303 0.019607844 -19
2 601.994 324.60663 0.019607844 -33
3 596.69055 322.9128 0.019607844 -50
4 588.5531 323.41196 0.019607844 -66
5 578.76776 323.83133 0.019607844 -83
6 540.67114 328.7944 0.019607844 -99
7 535.50415 329.82822 0.019607844 -132
8 541.4986 359.8126 0.029411767 -136
9 575.46716 452.76416 0.019607844 -174
10 575.46716 452.76416 0.019607844 -174
11 365.66144 351.81674 0.019607844 -214
12 365.66144 351.81674 0.019607844 -214
13 363.66327 351.81674 0.019607844 -223
14 443.58926 516.73083 0.03529412 -292
15 444.58835 519.7293 0.03529412 -292
16 445.58743 509.7345 0.029411767 -320
17 453.58002 515.7314 0.023529414 -320
18 459.57446 519.7293 0.023529414 -339
19 467.97476 527.13354 0.021568628 -339
20 472.56244 530.7236 0.019607844 -363
21 466.568 524.7267 0.027450982 -369
22 469.56522 554.71106 0.027450982 -406
23 482.5532 605.6845 0.021568628 -406
24 474.5606 606.684 0.027450982 -426
25 474.5606 606.684 0.027450982 -426
26 514.5236 745.61163 0.019607844 -445
27 498.5384 735.6168 0.027450982 -445
28 498.5384 735.6168 0.027450982 -455
29 516.5217 807.57935 0.019607844 -474
30 516.5217 818.3457 0.021568628 -474
31 516.5217 839.063 0.019607844 -496
32 516.5217 839.5627 0.019607844 -528
33 497.5393 828.5684 0.027450982 -533
34 422.6087 753.6075 0.019607844 -579
35 405.62442 731.61896 0.01764706 -579
36 405.62442 731.61896 0.01764706 -598
0 563.4783 959.50024 0.019607844 -5
1 563.4783 959.50024 0.019607844 -5
2 563.4783 959.50024 0.019607844 -22
3 563.4783 959.50024 0.019607844 -39
4 561.55554 959.50024 0.019607844 -55
5 553.35486 959.50024 0.019607844 -72
6 536.50323 960.4997 0.019607844 -88
7 528.5106 961.4992 0.019607844 -110
8 477.55783 968.49554 0.021568628 -158
9 465.5689 970.4945 0.021568628 -158
10 408.62164 978.49036 0.021568628 -226
11 395.5394 981.2625 0.021568628 -226
12 391.6374 981.4888 0.023529414 -253
13 389.63922 981.4888 0.023529414 -265
14 385.6429 981.4888 0.023529414 -294
15 379.4202 983.6019 0.023529414 -294
16 375.13254 988.00555 0.023529414 -335
17 374.6531 988.48517 0.023529414 -352
18 370.6568 998.4799 0.023529414 -353
19 362.6642 1025.4658 0.023529414 -383
20 354.6716 1062.4467 0.023529414 -383
21 348.67715 1096.429 0.023529414 -403
22 339.6855 1149.4014 0.023529414 -433
23 335.68918 1172.3894 0.023529414 -433
24 331.69287 1196.3768 0.023529414 -442
25 326.6975 1223.3628 0.023529414 -462
26 321.70212 1247.3503 0.023529414 -462
27 318.7049 1265.341 0.023529414 -482
28 311.29813 1302.1489 0.023529414 -482
29 310.7123 1306.3196 0.021568628 -535
30 310.7123 1306.3196 0.019607844 -559
0 576.46625 325.8303 0.01764706 -23
1 576.46625 325.8303 0.01764706 -34
2 576.46625 325.8303 0.019607844 -57
3 573.59674 324.8308 0.019607844 -73
4 561.09283 326.5034 0.019607844 -89
5 548.8941 329.57053 0.019607844 -106
6 536.8028 332.02713 0.019607844 -122
7 528.5106 333.8261 0.019607844 -139
8 535.50415 366.80893 0.027450982 -148
9 604.4403 742.6132 0.019607844 -351
10 603.4619 742.6132 0.019607844 -351
11 603.4413 742.6132 0.021568628 -370
12 602.4422 746.61115 0.021568628 -370
13 596.44775 766.6007 0.021568628 -400
14 586.457 817.57416 0.021568628 -400
15 586.457 817.57416 0.021568628 -430
16 576.46625 931.51483 0.021568628 -459
17 576.46625 931.5384 0.021568628 -459
18 574.1924 935.7886 0.021568628 -469
19 573.5366 936.5122 0.021568628 -502
20 573.469 937.1208 0.021568628 -518
21 573.469 937.5117 0.021568628 -535
22 573.469 937.5117 0.021568628 -551
0 565.47644 335.82507 0.019607844 -6
1 565.47644 335.82507 0.019607844 -16
2 564.2376 335.82507 0.019607844 -39
3 558.42914 334.8256 0.019607844 -56
4 545.688 334.8256 0.019607844 -72
5 530.103 337.8032 0.019607844 -89
6 526.5125 338.82352 0.019607844 -105
7 537.5023 364.81 0.027450982 -110
8 575.46716 455.7626 0.019607844 -159
9 575.46716 466.7569 0.019607844 -159
10 575.46716 466.7569 0.019607844 -168
11 573.469 752.608 0.021568628 -358
12 572.4699 753.6075 0.021568628 -358
13 570.4718 764.60175 0.019607844 -386
14 567.47455 772.5976 0.021568628 -386
15 559.48193 822.57153 0.021568628 -416
16 557.4838 822.57153 0.027450982 -416
17 502.5347 752.608 0.025490198 -445
18 491.54486 747.6106 0.027450982 -445
19 403.62628 701.6345 0.019607844 -494
20 388.6418 698.23663 0.019607844 -494
21 384.32767 698.6361 0.019607844 -518
22 379.76483 698.6361 0.019607844 -534
23 376.3908 696.3766 0.019607844 -551
24 375.65216 696.63715 0.019607844 -584
25 373.94794 695.9317 0.019607844 -600
26 372.65494 694.6382 0.01764706 -617
27 372.65494 694.6382 0.01764706 -629
0 556.48474 355.81467 0.019607844 0
1 554.03827 355.81467 0.019607844 -5
2 551.4894 355.81467 0.019607844 -38
3 565.47644 376.80374 0.025490198 -44
4 537.5023 367.8084 0.019607844 -72
5 516.1488 365.80948 0.019607844 -72
6 509.52823 365.80948 0.019607844 -87
7 516.5217 381.80115 0.025490198 -92
8 477.55783 367.8084 0.019607844 -120
9 466.568 364.81 0.019607844 -120
10 454.5791 362.81104 0.019607844 -140
11 462.5717 377.80322 0.029411767 -140
12 573.469 750.609 0.021568628 -321
13 573.469 750.609 0.021568628 -321
14 510.52728 685.6429 0.019607844 -389
15 489.54672 668.65173 0.025490198 -389
16 489.54672 668.65173 0.025490198 -399
17 494.54208 741.6137 0.021568628 -418
18 494.54208 741.6137 0.021568628 -418
19 494.54208 801.5825 0.021568628 -438
20 494.54208 801.5825 0.021568628 -438
21 382.6457 704.633 0.019607844 -477
22 370.8499 695.28284 0.019607844 -477
23 361.4129 690.88934 0.019607844 -501
24 356.61636 689.6408 0.019607844 -533
25 354.78647 687.7568 0.019607844 -566
26 354.00818 687.64185 0.019607844 -582
27 353.67252 687.64185 0.01764706 -599
28 353.67252 687.64185 0.01764706 -602
0 535.50415 327.82925 0.01764706 -6
1 535.50415 327.82925 0.01764706 -16
2 534.45917 327.82925 0.019607844 -32
3 531.021 329.07227 0.019607844 -48
4 524.54236 331.81317 0.019607844 -65
5 519.519 333.8261 0.019607844 -81
6 531.5079 365.80948 0.025490198 -91
7 576.46625 449.76575 0.019607844 -130
8 577.46533 471.75427 0.019607844 -130
9 577.46533 471.75427 0.019607844 -148
10 539.5005 509.7345 0.019607844 -178
11 538.58484 509.7345 0.019607844 -178
12 533.73553 509.7345 0.019607844 -197
13 532.50696 509.7345 0.019607844 -213
14 536.50323 557.70953 0.027450982 -217
15 534.50507 571.7022 0.027450982 -246
16 535.50415 583.696 0.027450982 -246
17 554.4866 669.6512 0.021568628 -314
18 552.48846 664.6538 0.027450982 -314
19 530.5088 606.684 0.019607844 -353
20 527.5116 598.6882 0.019607844 -353
21 491.54486 560.70795 0.025490198 -362
22 509.52823 623.6752 0.019607844 -392
23 509.52823 623.6752 0.019607844 -392
24 511.52637 747.6106 0.019607844 -440
25 511.52637 747.6106 0.019607844 -440
0 545.49493 330.8277 0.01764706 -17
1 545.49493 330.8277 0.01764706 -17
2 545.49493 330.8277 0.019607844 -33
3 541.27814 330.8277 0.019607844 -49
4 534.1606 331.69623 0.019607844 -66
5 520.8025 336.5929 0.019607844 -82
6 517.5208 337.82404 0.019607844 -99
7 529.5097 365.80948 0.025490198 -103
8 575.46716 449.76575 0.019607844 -141
9 575.46716 463.75845 0.019607844 -141
10 575.46716 463.75845 0.019607844 -151
11 534.50507 512.7329 0.019607844 -200
12 534.50507 512.7329 0.019607844 -200
13 539.5005 751.6085 0.021568628 -375
14 539.5005 751.6085 0.021568628 -375
15 539.5005 753.6075 0.021568628 -384
16 519.519 682.6444 0.019607844 -423
17 488.54764 661.6554 0.025490198 -423
18 488.54764 661.6554 0.025490198 -442
19 518.5199 745.61163 0.019607844 -471
20 487.54858 724.62256 0.025490198 -471
21 491.54486 800.583 0.021568628 -491
22 491.54486 800.583 0.019607844 -491
23 475.55966 787.5898 0.025490198 -501
24 379.64847 715.62726 0.019607844 -548
25 370.34775 708.7834 0.019607844 -548
26 355.6707 697.63666 0.01764706 -562
27 355.6707 697.63666 0.01764706 -596
0 585.4579 315.83548 0.019607844 -9
1 585.4579 315.83548 0.019607844 -9
2 585.4579 315.83548 0.019607844 -18
3 584.45886 315.83548 0.019607844 -47
4 579.1316 316.83496 0.019607844 -47
5 551.9741 321.73538 0.019607844 -67
6 537.40015 326.19754 0.019607844 -99
7 529.5097 328.82874 0.019607844 -116
8 541.4986 360.81207 0.029411767 -124
9 580.4625 450.76523 0.019607844 -163
10 580.4625 450.76523 0.019607844 -163
11 370.6568 351.81674 0.019607844 -222
12 370.6568 351.81674 0.019607844 -222
13 370.6568 351.81674 0.019607844 -247
14 370.6568 351.81674 0.019607844 -280
15 370.6568 351.81674 0.019607844 -313
16 370.6568 351.81674 0.019607844 -330
17 370.6568 358.8131 0.019607844 -359
18 369.6577 368.8079 0.019607844 -359
19 367.65958 378.8027 0.019607844 -369
20 361.66513 428.77667 0.019607844 -397
21 361.66513 428.77667 0.019607844 -397
22 362.6642 556.71 0.019607844 -426
23 362.6642 556.71 0.019607844 -426
24 365.66144 617.6783 0.019607844 -445
25 365.66144 617.6783 0.019607844 -445
26 560.481 1074.4404 0.021568628 -473
27 560.0935 1082.9873 0.019607844 -473
28 556.69006 1095.8127 0.021568628 -496
29 556.48474 1103.0869 0.021568628 -528
30 556.48474 1105.4242 0.021568628 -561
31 556.48474 1106.4237 0.021568628 -576
0 555.48566 326.82977 0.01764706 0
1 555.48566 326.82977 0.019607844 -5
2 550.5229 326.82977 0.019607844 -30
3 550.5229 326.82977 0.019607844 -46
4 509.52823 343.82092 0.019607844 -72
5 502.9125 345.22565 0.019607844 -72
6 498.5384 347.81885 0.019607844 -96
7 498.5384 347.81885 0.019607844 -103
8 431.60037 358.8131 0.019607844 -130
9 430.6013 358.8131 0.019607844 -130
10 404.62534 364.81 0.019607844 -199
11 401.81897 366.07898 0.019607844 -199
12 397.6468 366.80893 0.019607844 -211
13 394.9589 366.80893 0.019607844 -227
14 391.70248 366.80893 0.019607844 -244
15 388.31445 366.80893 0.019607844 -277
16 386.53934 366.80893 0.019607844 -310
17 384.12646 370.84253 0.019607844 -326
18 380.684 379.21133 0.019607844 -343
19 375.3348 391.53723 0.019607844 -359
20 370.96304 419.02286 0.019607844 -376
21 370.6568 421.7803 0.019607844 -392
22 370.6568 421.7803 0.019607844 -394
23 365.66144 546.7152 0.019607844 -423
24 365.66144 548.7142 0.019607844 -423
25 365.66144 548.7142 0.019607844 -432
26 365.66144 615.6793 0.019607844 -452
27 367.8323 681.9159 0.019607844 -452
28 371.08807 709.7886 0.019607844 -508
29 373.65402 720.7028 0.019607844 -541
30 374.29996 726.26825 0.019607844 -574
31 373.65402 726.6215 0.01764706 -607
32 373.65402 726.6215 0.01764706 -627
0 575.46716 331.82718 0.01764706 -17
1 574.8408 331.82718 0.019607844 -17
2 558.84595 329.82822 0.019607844 -41
3 512.82825 332.4329 0.019607844 -74
4 464.3412 338.999 0.019607844 -107
5 464.3412 338.999 0.029411767 -140
6 416.61426 355.81467 0.019607844 -168
7 401.6281 354.8152 0.019607844 -168
8 408.62164 372.80582 0.029411767 -178
9 380.64755 399.79178 0.019607844 -332
10 371.65588 399.79178 0.019607844 -332
11 371.65588 399.79178 0.019607844 -342
12 336.68826 438.77145 0.019607844 -370
13 333.46304 458.07236 0.019607844 -370
14 335.5884 511.12012 0.019607844 -387
15 337.0865 565.4814 0.019607844 -404
16 337.0865 565.4814 0.019607844 -420
17 353.67252 684.6434 0.019607844 -446
18 352.67346 694.6382 0.019607844 -446
19 352.67346 694.6382 0.019607844 -455
20 507.53006 980.4893 0.021568628 -492
21 507.53006 980.4893 0.021568628 -492
22 507.53006 980.4893 0.021568628 -503
23 507.53006 980.4893 0.021568628 -519
24 507.53006 980.4893 0.021568628 -536
25 507.53006 980.4893 0.021568628 -552
26 500.53653 972.49347 0.025490198 -555
0 577.46533 332.82663 0.01764706 -25
1 576.21234 332.82663 0.019607844 -25
2 568.47363 334.8256 0.019607844 -48
3 585.4579 363.81052 0.025490198 -71
4 637.4098 446.7673 0.019607844 -109
5 643.61975 469.69708 0.019607844 -109
6 643.61975 469.69708 0.019607844 -131
7 599.44495 509.7345 0.019607844 -157
8 599.44495 509.7345 0.019607844 -157
9 569.4727 741.6137 0.019607844 -187
10 569.4727 741.6137 0.019607844 -187
11 544.49585 741.6137 0.019607844 -351
12 544.49585 741.6137 0.019607844 -351
13 544.49585 741.6137 0.019607844 -362
14 544.49585 741.6137 0.019607844 -378
15 542.4977 745.61163 0.021568628 -380
16 535.50415 764.60175 0.019607844 -410
17 520.3245 925.655 0.019607844 -410
18 520.51807 939.5106 0.021568628 -461
19 520.51807 978.49036 0.019607844 -468
20 520.51807 1060.4476 0.019607844 -507
21 520.51807 1073.4409 0.021568628 -507
22 520.51807 1083.4357 0.021568628 -516
0 549.4912 325.8303 0.015686275 -15
1 552.48846 326.82977 0.019607844 -15
2 550.4903 328.82874 0.019607844 -48
3 577.46533 364.81 0.025490198 -71
4 630.41626 451.7647 0.019607844 -109
5 632.1305 475.30997 0.019607844 -109
6 632.1305 475.30997 0.019607844 -131
7 590.4533 545.71576 0.021568628 -178
8 575.29474 547.7394 0.021568628 -178
9 559.7869 549.42566 0.021568628 -197
10 548.1723 551.0444 0.021568628 -214
11 540.28436 552.7659 0.021568628 -230
12 528.1773 552.7121 0.019607844 -247
13 517.1967 552.7121 0.023529414 -280
14 511.37842 552.7121 0.023529414 -296
15 507.82986 552.7121 0.023529414 -313
16 507.45236 552.7121 0.019607844 -329
17 505.09674 553.4295 0.019607844 -346
18 500.494 563.1394 0.021568628 -363
19 494.41412 579.04 0.019607844 -379
20 488.91635 644.462 0.019607844 -396
21 491.54486 737.6158 0.019607844 -429
22 471.56335 745.61163 0.027450982 -455
23 480.55505 813.57623 0.019607844 -484
24 455.5782 810.5778 0.027450982 -484
25 465.5689 855.5544 0.021568628 -493
26 468.56613 873.545 0.021568628 -512
27 479.97678 899.2164 0.019607844 -512
28 480.55505 901.53046 0.019607844 -545
29 463.57077 892.5351 0.025490198 -551
30 457.57632 895.53357 0.019607844 -625
31 456.57724 895.53357 0.023529414 -625
0 575.46716 353.8157 0.015686275 -18
1 575.46716 353.8157 0.015686275 -18
2 542.4977 357.81363 0.019607844 -91
3 539.79504 358.71487 0.019607844 -91
4 514.7189 365.24124 0.019607844 -108
5 493.88492 367.86816 0.019607844 -141
6 462.90567 371.55246 0.019607844 -158
7 436.6308 374.60022 0.019607844 -174
8 420.72168 374.9158 0.019607844 -191
9 399.20322 378.20755 0.019607844 -208
10 394.224 378.8027 0.019607844 -241
11 386.75214 378.8027 0.019607844 -257
12 385.6429 378.8027 0.019607844 -290
13 385.6429 378.8027 0.019607844 -305
14 551.4894 567.7043 0.019607844 -344
15 549.4912 567.7043 0.019607844 -344
16 542.49664 605.69226 0.021568628 -356
17 540.2133 634.65906 0.019607844 -373
18 536.3915 687.9844 0.019607844 -389
19 536.3915 687.9844 0.025490198 -406
20 534.50507 798.58405 0.021568628 -431
21 534.50507 807.57935 0.021568628 -431
22 368.65866 667.6522 0.019607844 -440
23 368.65866 669.6512 0.019607844 -440
24 368.65866 669.6512 0.019607844 -449
25 520.51807 855.5544 0.019607844 -469
26 522.5162 873.545 0.019607844 -469
27 505.53192 868.5476 0.027450982 -477
28 511.52637 891.53564 0.019607844 -514
29 524.51434 911.5252 0.019607844 -514
30 522.5162 912.5247 0.019607844 -569
0 551.4894 355.81467 0.019607844 -92
1 549.02783 356.6355 0.019607844 -92
2 533.3566 362.2711 0.019607844 -108
3 491.8708 369.57837 0.019607844 -141
4 470.31366 373.51392 0.019607844 -174
5 441.87485 375.9832 0.019607844 -191
6 430.6013 378.8027 0.019607844 -207
7 441.59113 410.78604 0.029411767 -217
8 392.63644 454.76312 0.019607844 -400
9 392.63644 454.76312 0.019607844 -400
10 513.52454 682.6444 0.019607844 -429
11 492.54395 665.65326 0.025490198 -429
12 482.5532 667.6522 0.025490198 -439
13 359.667 679.646 0.019607844 -486
14 359.667 679.646 0.019607844 -486
15 361.66513 734.6174 0.019607844 -505
16 361.66513 734.6174 0.019607844 -505
17 355.6707 803.5814 0.019607844 -523
18 355.6707 805.11633 0.019607844 -523
19 355.6707 806.5799 0.019607844 -556
20 355.6707 806.5799 0.01764706 -588
21 355.6707 806.5799 0.01764706 -605
0 597.44684 366.80893 0.019607844 -45
1 597.44684 366.80893 0.019607844 -45
2 594.6062 366.80893 0.019607844 -61
3 588.8367 368.01434 0.019607844 -77
4 554.58813 374.68622 0.019607844 -94
5 509.1274 379.8022 0.019607844 -127
6 493.54303 383.8001 0.019607844 -160
7 500.53653 413.7845 0.029411767 -169
8 540.4995 505.73657 0.019607844 -207
9 544.49585 516.73083 0.019607844 -207
10 544.49585 516.73083 0.019607844 -217
11 516.5217 578.6986 0.019607844 -361
12 517.5208 584.8311 0.021568628 -361
13 517.5208 586.6944 0.021568628 -375
14 499.53748 577.6991 0.027450982 -380
15 491.54486 593.6908 0.025490198 -409
16 491.54486 593.6908 0.025490198 -409
17 524.51434 744.6122 0.019607844 -428
18 511.52637 798.58405 0.025490198 -428
19 523.51526 853.5554 0.019607844 -466
20 532.50696 874.5445 0.019607844 -484
21 523.51526 877.5429 0.027450982 -484
22 530.5088 916.52264 0.019607844 -493
23 533.50604 933.5138 0.019607844 -512
24 546.2827 969.0723 0.019607844 -512
25 548.1759 972.1772 0.019607844 -574
26 548.4921 973.4929 0.019607844 -591
27 546.494 973.4929 0.019607844 -602
0 562.4792 350.81726 0.01764706 -17
1 559.449 350.81726 0.019607844 -17
2 554.0625 350.81726 0.019607844 -59
3 554.0625 350.81726 0.025490198 -76
4 623.4227 452.76416 0.019607844 -109
5 626.42 464.75793 0.019607844 -109
6 639.40796 560.70795 0.027450982 -118
7 633.4135 554.71106 0.021568628 -147
8 627.41907 574.7007 0.027450982 -147
9 589.4542 571.7022 0.021568628 -185
10 563.95 562.92285 0.021568628 -185
11 550.9185 560.59375 0.021568628 -208
12 531.65906 557.235 0.021568628 -225
13 523.5453 555.4682 0.021568628 -258
14 522.5884 555.7106 0.021568628 -275
15 519.2082 555.7106 0.019607844 -291
16 517.44604 555.7106 0.019607844 -324
17 517.44604 555.7106 0.025490198 -341
18 396.63275 473.75323 0.019607844 -379
19 396.63275 473.75323 0.019607844 -379
20 519.519 681.64496 0.019607844 -408
21 519.519 681.64496 0.019607844 -408
22 516.5217 732.6184 0.021568628 -427
23 516.5217 732.6184 0.021568628 -427
24 523.51526 788.58923 0.021568628 -446
25 505.53192 805.5804 0.025490198 -446
26 513.52454 822.57153 0.019607844 -473
27 517.5208 850.557 0.021568628 -492
28 520.51807 898.26825 0.019607844 -492
29 520.51807 908.25543 0.019607844 -540
30 520.51807 909.52625 0.019607844 -589
31 519.519 909.52625 0.019607844 -600
0 535.50415 299.8438 0.019607844 -7
1 535.50415 299.8438 0.019607844 -7
2 532.59125 301.3009 0.019607844 -32
3 525.81824 303.0159 0.019607844 -48
4 489.1142 314.53903 0.019607844 -65
5 464.56985 324.8308 0.019607844 -98
6 476.55875 356.81415 0.027450982 -119
7 529.5097 443.76886 0.019607844 -157
8 537.8805 464.65067 0.019607844 -157
9 538.5014 467.75638 0.019607844 -180
10 538.5014 467.75638 0.019607844 -186
11 534.50507 508.73502 0.019607844 -253
12 534.50507 508.73502 0.019607844 -253
13 529.4377 511.4139 0.019607844 -262
14 522.613 527.53143 0.019607844 -295
15 520.11035 562.5635 0.019607844 -328
16 519.519 566.70483 0.019607844 -345
17 494.54208 563.70636 0.025490198 -348
18 486.5495 608.683 0.025490198 -376
19 496.54025 660.6559 0.019607844 -376
20 483.55228 663.65436 0.025490198 -394
21 472.56244 681.64496 0.025490198 -394
22 356.66974 739.61475 0.019607844 -439
23 356.66974 739.61475 0.019607844 -439
24 353.67252 808.57886 0.019607844 -458
25 355.6707 827.90424 0.019607844 -458
26 355.6707 834.0634 0.019607844 -510
27 356.66974 836.5643 0.019607844 -543
28 356.66974 836.5643 0.019607844 -565
0 540.4995 995.4815 0.019607844 -8
1 540.4995 995.4815 0.019607844 -8
2 540.4995 995.4815 0.019607844 -35
3 536.4634 996.50085 0.019607844 -57
4 529.6971 998.24255 0.019607844 -74
5 501.74203 1002.83636 0.019607844 -90
6 456.1715 1011.35443 0.021568628 -123
7 432.75735 1015.2161 0.021568628 -156
8 415.57925 1017.57355 0.021568628 -173
9 398.87466 1021.0194 0.021568628 -189
10 385.85416 1022.93195 0.021568628 -206
11 382.6457 1023.4669 0.021568628 -222
12 377.65033 1024.4664 0.021568628 -228
13 360.66605 1025.4658 0.021568628 -333
14 357.3664 1029.9176 0.021568628 -333
15 352.915 1040.8937 0.021568628 -354
16 346.22345 1065.8828 0.021568628 -371
17 339.27893 1099.4619 0.021568628 -387
18 334.32428 1140.2134 0.021568628 -404
19 334.32428 1140.2134 0.021568628 -420
20 325.69843 1226.3612 0.021568628 -447
21 318.7049 1280.3331 0.021568628 -447
22 316.70676 1291.3274 0.023529414 -475
23 312.71045 1317.3138 0.019607844 -538
24 312.71045 1317.3138 0.019607844 -538
25 312.71045 1317.3138 0.019607844 -552
26 312.71045 1317.3138 0.019607844 -569
27 312.71045 1317.3138 0.01764706 -591
28 313.70953 1316.3143 0.01764706 -591
0 529.5097 326.82977 0.01764706 -17
1 529.5097 326.82977 0.01764706 -17
2 529.5097 326.82977 0.019607844 -33
3 527.3544 326.82977 0.019607844 -40
4 521.53986 328.82303 0.019607844 -66
5 517.5208 330.8277 0.019607844 -82
6 532.50696 362.81104 0.025490198 -92
7 586.457 446.7673 0.019607844 -130
8 590.4533 465.1912 0.019607844 -130
9 590.4533 465.75742 0.019607844 -148
10 590.4533 465.75742 0.019607844 -149
11 548.4921 506.73605 0.019607844 -178
12 548.4921 506.73605 0.019607844 -178
13 537.5023 740.61426 0.019607844 -226
14 537.5023 740.61426 0.019607844 -226
15 537.5023 740.61426 0.019607844 -247
16 537.5023 740.61426 0.019607844 -264
17 537.5023 740.61426 0.019607844 -280
18 537.5023 740.61426 0.019607844 -297
19 537.5023 740.61426 0.019607844 -329
20 534.50507 743.6127 0.021568628 -362
21 531.5079 754.60693 0.019607844 -384
22 527.5116 770.59863 0.019607844 -412
23 514.534 877.3557 0.019607844 -412
24 511.91302 912.3012 0.021568628 -461
25 510.17822 945.0979 0.019607844 -478
26 506.93198 971.0862 0.021568628 -494
27 505.03238 980.9891 0.021568628 -527
28 504.53284 984.8665 0.021568628 -544
29 504.53284 988.32684 0.021568628 -560
30 504.53284 990.2149 0.021568628 -577
31 504.53284 990.4841 0.019607844 -593
32 504.53284 991.4836 0.019607844 -596
0 540.4995 324.8308 0.01764706 -7
1 540.4995 324.8308 0.01764706 -16
2 537.9257 324.8308 0.019607844 -40
3 532.4808 325.83685 0.019607844 -56
4 527.5116 326.82977 0.019607844 -73
5 544.49585 360.81207 0.025490198 -82
6 597.44684 442.76938 0.019607844 -121
7 605.1977 460.1958 0.019607844 -121
8 605.4394 460.76 0.019607844 -139
9 605.4394 460.76 0.019607844 -140
10 371.65588 356.81415 0.019607844 -197
11 371.65588 356.81415 0.019607844 -197
12 371.65588 356.81415 0.019607844 -221
13 371.65588 356.81415 0.019607844 -254
14 371.65588 356.81415 0.019607844 -271
15 371.65588 356.81415 0.019607844 -287
16 369.7755 356.81415 0.019607844 -320
17 365.80173 360.29178 0.019607844 -353
18 364.66235 361.81155 0.019607844 -370
19 364.66235 361.81155 0.019607844 -373
20 348.67715 442.76938 0.019607844 -402
21 348.67715 442.76938 0.019607844 -402
22 521.5171 678.64655 0.019607844 -431
23 521.5171 678.64655 0.019607844 -431
24 516.5217 743.6127 0.019607844 -452
25 494.54208 727.62103 0.025490198 -452
26 494.54208 727.62103 0.025490198 -461
27 348.67715 631.67096 0.019607844 -480
28 348.67715 631.67096 0.019607844 -480
29 351.67438 682.6444 0.019607844 -489
30 351.67438 682.6444 0.019607844 -489
31 514.5236 929.51587 0.019607844 -517
32 493.54303 909.52625 0.027450982 -517
0 504.53284 309.83862 0.01764706 0
1 505.53192 309.83862 0.01764706 -4
2 504.19363 309.83862 0.019607844 -29
3 501.3385 309.83862 0.019607844 -45
4 494.3639 311.67334 0.019607844 -62
5 484.30652 315.45822 0.019607844 -78
6 472.35956 320.7771 0.019607844 -95
7 467.56708 322.83185 0.019607844 -111
8 482.5532 356.81415 0.027450982 -118
9 529.5097 444.76834 0.019607844 -156
10 535.6537 465.95447 0.019607844 -156
11 535.6537 465.95447 0.019607844 -177
12 302.7197 355.81467 0.019607844 -214
13 302.7197 355.81467 0.019607844 -214
14 302.7197 355.81467 0.019607844 -227
15 302.7197 355.81467 0.019607844 -260
16 302.7197 355.81467 0.019607844 -293
17 302.7197 355.81467 0.019607844 -325
18 302.453 358.01266 0.019607844 -342
19 302.7197 358.8131 0.019607844 -358
20 302.7197 358.8131 0.019607844 -361
21 301.72064 420.78082 0.019607844 -390
22 305.71695 475.25244 0.019607844 -390
23 309.4068 511.28 0.019607844 -424
24 309.9884 588.25696 0.019607844 -441
25 312.71045 651.4731 0.019607844 -474
26 312.71045 651.4731 0.019607844 -507
27 309.71323 720.62463 0.019607844 -532
28 309.71323 720.62463 0.019607844 -532
29 309.71323 720.62463 0.019607844 -556
30 309.71323 720.62463 0.019607844 -573
31 309.71323 720.62463 0.019607844 -596
0 551.4894 359.8126 0.01764706 -25
1 551.4894 359.8126 0.019607844 -25
2 551.4894 359.8126 0.019607844 -48
3 551.4894 359.8126 0.019607844 -64
4 549.0475 358.8131 0.019607844 -77
5 544.13153 358.8131 0.019607844 -97
6 542.4977 359.8126 0.019607844 -114
7 556.48474 377.80322 0.025490198 -119
8 617.4283 453.76364 0.019607844 -157
9 617.4283 453.76364 0.019607844 -157
10 613.432 550.71313 0.019607844 -185
11 606.878 550.71313 0.021568628 -185
12 596.44775 552.7121 0.019607844 -213
13 596.44775 552.7121 0.019607844 -233
14 340.68454 390.79645 0.019607844 -337
15 340.68454 390.79645 0.019607844 -337
16 339.6855 392.7954 0.019607844 -374
17 339.6855 392.7954 0.019607844 -374
18 522.5162 619.67725 0.019607844 -431
19 498.5384 601.6866 0.025490198 -431
20 507.53006 630.6715 0.019607844 -459
21 515.35706 672.8266 0.019607844 -459
22 506.6275 727.97906 0.019607844 -477
23 500.53653 728.6205 0.025490198 -493
24 500.53653 728.6205 0.025490198 -496
25 522.5162 867.54816 0.019607844 -515
26 499.53748 848.55804 0.025490198 -515
27 503.53375 861.5513 0.021568628 -524
28 507.53006 873.545 0.019607844 -542
29 511.52637 903.5294 0.019607844 -542
30 493.54303 892.5351 0.023529414 -606
