0 862.20166 617.6783 0.019607844 -8
1 860.47144 616.8128 0.019607844 -8
2 846.5297 614.6798 0.019607844 -59
3 818.30853 612.3144 0.019607844 -92
4 787.58356 611.6814 0.019607844 -125
5 758.249 615.12213 0.019607844 -158
6 736.0908 626.159 0.019607844 -191
7 711.3153 657.3251 0.019607844 -224
8 683.98724 732.26056 0.01764706 -257
9 670.1175 804.5702 0.019607844 -291
10 664.3848 882.2409 0.01764706 -324
11 665.3839 945.3185 0.01764706 -357
12 667.3821 1008.5895 0.01764706 -390
13 670.3793 1053.5648 0.019607844 -423
14 670.3793 1073.4409 0.01764706 -456
15 670.3793 1076.4393 0.01764706 -483
0 933.136 741.6137 0.019607844 -9
1 933.136 741.6137 0.019607844 -9
2 890.12744 733.6098 0.019607844 -36
3 833.02155 730.61945 0.019607844 -85
4 774.48676 734.31726 0.019607844 -118
5 727.2618 752.0191 0.019607844 -151
6 686.8469 804.56006 0.019607844 -185
7 664.78064 902.367 0.01764706 -218
8 660.38855 999.8977 0.01764706 -251
9 660.38855 1052.5284 0.019607844 -284
10 660.38855 1071.687 0.019607844 -317
11 660.38855 1076.4393 0.01764706 -350
12 656.3922 1115.4191 0.023529414 -368
0 844.2183 668.65173 0.019607844 0
1 840.0213 666.919 0.019607844 -9
2 811.05615 661.6232 0.019607844 -60
3 757.8495 657.41125 0.019607844 -93
4 705.3394 657.6575 0.019607844 -126
5 666.9285 664.2675 0.019607844 -159
6 638.08875 687.6626 0.019607844 -192
7 612.38007 770.52106 0.019607844 -225
8 602.1004 872.9925 0.01764706 -258
9 599.44495 1009.5718 0.01764706 -291
10 597.44684 1068.6423 0.019607844 -324
11 597.44684 1088.3805 0.01764706 -357
12 596.87976 1096.9962 0.01764706 -390
13 595.44867 1098.4279 0.01764706 -423
14 592.4514 1150.4008 0.023529414 -435
0 910.1573 827.569 0.019607844 0
1 908.1591 826.56946 0.01764706 -9
2 903.16376 825.57 0.01764706 -26
3 843.21924 824.5705 0.01764706 -76
4 794.56445 826.5528 0.01764706 -76
5 734.6166 832.1545 0.01764706 -102
6 684.55457 849.3982 0.01764706 -135
7 646.43353 881.165 0.01764706 -168
8 616.5323 950.47174 0.019607844 -201
9 602.0362 1054.9524 0.019607844 -234
10 599.44495 1186.9912 0.019607844 -267
11 597.44684 1258.8131 0.019607844 -300
12 596.44775 1289.3859 0.019607844 -333
13 596.44775 1297.3242 0.01764706 -366
14 596.44775 1299.3232 0.01764706 -384
0 553.4875 1070.4425 0.019607844 -94
1 541.00964 1070.4425 0.019607844 -94
2 436.78613 1076.5742 0.019607844 -103
3 396.0718 1086.5026 0.019607844 -169
4 363.28253 1102.4122 0.019607844 -202
5 330.59552 1164.027 0.019607844 -235
6 313.65256 1262.5413 0.019607844 -268
7 311.71136 1365.2145 0.019607844 -301
8 310.7123 1449.101 0.019607844 -334
9 311.9175 1494.8721 0.019607844 -367
10 311.71136 1506.3394 0.019607844 -400
11 311.71136 1508.2145 0.01764706 -433
12 311.71136 1509.2139 0.01764706 -458
0 623.4227 1082.4362 0.019607844 0
1 621.5059 1081.4774 0.019607844 -4
2 594.40704 1078.4382 0.019607844 -30
3 543.34326 1076.4393 0.019607844 -63
4 489.02704 1075.4398 0.019607844 -96
5 437.91046 1078.3931 0.019607844 -129
6 399.85507 1091.8186 0.019607844 -162
7 368.09247 1121.3202 0.019607844 -195
8 340.53247 1186.4148 0.019607844 -229
9 326.59396 1290.2609 0.019607844 -262
10 315.93008 1401.0442 0.019607844 -295
11 309.98257 1459.2744 0.019607844 -328
12 306.10236 1486.6825 0.019607844 -361
13 305.71692 1495.2212 0.01764706 -394
14 305.71692 1496.2207 0.01764706 -422
0 870.1943 864.5497 0.019607844 0
1 868.58606 863.7453 0.019607844 -9
2 846.1243 862.5507 0.01764706 -42
3 795.2519 862.5507 0.01764706 -75
4 737.37354 862.5507 0.019607844 -108
5 677.6764 870.55334 0.019607844 -141
6 639.26575 893.97845 0.019607844 -174
7 603.79926 948.42444 0.019607844 -207
8 581.4336 1049.6774 0.019607844 -240
9 576.46625 1136.619 0.019607844 -273
10 576.46625 1190.5929 0.019607844 -306
11 576.46625 1211.3247 0.019607844 -339
12 576.46625 1220.964 0.019607844 -372
13 576.46625 1223.3628 0.019607844 -405
14 576.46625 1224.3623 0.01764706 -428
0 871.19336 873.545 0.019607844 -6
1 871.19336 873.545 0.019607844 -15
2 863.507 870.87305 0.019607844 -40
3 814.3252 866.54865 0.019607844 -73
4 744.56165 866.44446 0.019607844 -122
5 707.73413 872.6494 0.019607844 -172
6 682.685 887.7733 0.019607844 -206
7 650.21375 932.3039 0.019607844 -239
8 621.0826 1044.8456 0.019607844 -272
9 612.43677 1144.3575 0.019607844 -305
10 609.4357 1232.0544 0.019607844 -338
11 609.4357 1273.6825 0.019607844 -371
12 609.4357 1290.213 0.019607844 -404
13 609.4357 1295.8716 0.019607844 -437
14 609.4357 1297.3242 0.01764706 -470
15 613.432 1277.3347 0.023529414 -490
0 891.17487 776.5955 0.019607844 -6
1 889.3474 775.6814 0.019607844 -15
2 862.651 779.92566 0.01764706 -40
3 809.4566 785.3497 0.01764706 -73
4 756.93146 792.8676 0.01764706 -106
5 712.55743 796.672 0.019607844 -139
6 684.2297 807.00415 0.019607844 -172
7 660.9226 840.1864 0.019607844 -205
8 641.7939 914.49286 0.019607844 -238
9 635.9955 1016.4448 0.019607844 -271
10 637.62225 1098.4681 0.019607844 -305
11 637.4098 1157.8047 0.019607844 -338
12 637.4098 1195.2415 0.019607844 -371
13 637.4098 1207.2244 0.01764706 -404
14 637.4098 1207.3711 0.01764706 -437
15 637.4098 1207.3711 0.01764706 -437
0 907.16003 835.5648 0.019607844 -18
1 907.16003 835.5648 0.019607844 -18
2 777.2803 839.5627 0.019607844 -126
3 761.0684 843.88763 0.01764706 -126
4 706.86176 854.46106 0.019607844 -135
5 669.4568 864.6267 0.019607844 -168
6 637.48975 890.0164 0.019607844 -201
7 610.14526 944.85065 0.019607844 -234
8 591.67664 1028.6342 0.019607844 -267
9 582.27924 1110.6921 0.019607844 -300
10 576.49927 1174.7936 0.019607844 -333
11 573.6133 1204.6505 0.019607844 -366
12 573.469 1217.8502 0.019607844 -399
13 573.469 1224.0924 0.019607844 -432
14 573.469 1224.3623 0.019607844 -465
15 573.469 1225.3618 0.019607844 -468
0 779.27844 823.57104 0.019607844 -109
1 709.555 826.1273 0.019607844 -109
2 679.15485 840.1435 0.019607844 -157
3 653.6315 855.0241 0.019607844 -190
4 627.53754 901.4403 0.019607844 -223
5 608.26117 997.5928 0.019607844 -256
6 602.50134 1073.5531 0.019607844 -289
7 600.44403 1132.8387 0.019607844 -322
8 599.44495 1167.6915 0.019607844 -356
9 599.44495 1198.021 0.019607844 -389
10 599.44495 1208.619 0.01764706 -422
11 599.44495 1209.3701 0.01764706 -455
12 599.44495 1210.3696 0.01764706 -458
0 941.1286 880.5414 0.019607844 0
1 939.61975 879.7866 0.019607844 -14
2 922.7214 879.09515 0.019607844 -64
3 879.2317 882.76746 0.019607844 -97
4 819.56537 886.5833 0.01764706 -130
5 748.8439 889.30096 0.01764706 -163
6 701.96875 901.4777 0.01764706 -196
7 671.4425 923.45483 0.01764706 -229
8 639.70935 994.30505 0.01764706 -262
9 630.3601 1107.9966 0.01764706 -295
10 628.41815 1173.4855 0.019607844 -328
11 627.41907 1211.0149 0.019607844 -361
12 625.4209 1228.6466 0.019607844 -394
13 624.4218 1235.3566 0.01764706 -427
14 624.4218 1236.3561 0.01764706 -454
0 885.1804 874.5445 0.019607844 0
1 878.8068 872.45074 0.01764706 -5
2 847.271 869.5471 0.01764706 -40
3 793.74646 869.5471 0.01764706 -73
4 735.7973 868.5476 0.01764706 -106
5 688.231 870.0134 0.01764706 -139
6 649.36945 887.8937 0.01764706 -172
7 618.4714 932.64343 0.01764706 -205
8 591.1755 1043.3413 0.01764706 -238
9 582.6141 1141.7164 0.019607844 -272
10 578.6607 1227.6447 0.019607844 -305
11 575.7815 1273.8197 0.019607844 -338
12 575.46716 1294.4445 0.019607844 -371
13 575.46716 1302.6901 0.019607844 -404
14 575.46716 1303.3212 0.01764706 -454
15 575.46716 1303.3212 0.01764706 -467
0 902.1647 873.545 0.019607844 0
1 887.5005 870.44977 0.019607844 -15
2 838.0148 869.5471 0.01764706 -50
3 773.4115 865.68207 0.01764706 -83
4 715.2278 863.55023 0.01764706 -116
5 673.87195 864.10034 0.01764706 -149
6 641.3344 873.30035 0.019607844 -183
7 610.5584 933.5673 0.019607844 -216
8 590.646 1050.3137 0.01764706 -249
9 583.37683 1165.215 0.01764706 -282
10 577.6097 1233.8406 0.019607844 -315
11 572.6373 1273.9956 0.019607844 -348
12 569.4727 1292.6365 0.019607844 -381
13 569.4727 1299.0642 0.019607844 -414
14 569.4727 1300.3228 0.019607844 -447
15 569.4727 1301.3221 0.01764706 -457
0 911.1564 839.5627 0.019607844 -8
1 903.5714 840.41425 0.019607844 -17
2 865.52454 833.5097 0.019607844 -53
3 809.51825 828.6529 0.019607844 -86
4 759.08777 828.5684 0.019607844 -119
5 714.9145 838.27515 0.01764706 -150
6 680.56726 857.905 0.019607844 -183
7 636.98395 940.52246 0.019607844 -216
8 616.5417 1043.5559 0.019607844 -250
9 606.786 1126.283 0.019607844 -283
10 600.705 1191.0284 0.019607844 -316
11 596.80096 1219.597 0.019607844 -349
12 595.44867 1231.4685 0.019607844 -382
13 595.44867 1236.8588 0.019607844 -415
14 595.44867 1237.3555 0.019607844 -448
15 595.44867 1238.355 0.019607844 -453
0 916.15173 906.52783 0.019607844 -8
1 916.15173 906.52783 0.019607844 -8
2 897.8839 904.60034 0.019607844 -35
3 849.07135 900.0456 0.019607844 -68
4 795.25275 901.9295 0.019607844 -101
5 750.17126 910.4592 0.019607844 -134
6 712.9435 920.31946 0.019607844 -167
7 679.6318 954.3475 0.019607844 -200
8 648.65045 1014.8976 0.019607844 -233
9 625.239 1106.007 0.019607844 -267
10 611.25275 1202.6428 0.019607844 -300
11 600.67926 1284.0358 0.019607844 -333
12 593.4698 1328.2308 0.019607844 -366
13 589.0518 1350.9075 0.019607844 -399
14 587.45605 1361.0215 0.019607844 -432
15 587.45605 1363.2899 0.019607844 -465
16 587.45605 1364.2894 0.01764706 -488
0 920.148 875.54395 0.019607844 -7
1 920.148 875.54395 0.019607844 -15
2 917.1508 875.54395 0.01764706 -23
3 866.198 874.5445 0.019607844 -73
4 830.5631 875.9216 0.019607844 -73
5 773.54785 876.54346 0.019607844 -94
6 729.01263 880.66064 0.019607844 -127
7 694.12085 891.7044 0.01764706 -160
8 669.9866 911.8314 0.019607844 -193
9 639.6456 978.71533 0.019607844 -227
10 624.17645 1071.1555 0.019607844 -260
11 617.7348 1177.5579 0.01764706 -293
12 612.76624 1254.01 0.019607844 -326
13 606.8979 1311.638 0.019607844 -359
14 605.4394 1328.8467 0.019607844 -393
15 605.4394 1334.305 0.019607844 -426
16 605.4394 1335.3044 0.019607844 -446
0 854.20905 878.5424 0.019607844 -107
1 829.87946 878.5424 0.019607844 -107
2 760.68616 883.2871 0.019607844 -125
3 716.68915 898.4626 0.01764706 -174
4 681.6034 926.10693 0.019607844 -207
5 646.386 980.3069 0.019607844 -240
6 620.0785 1084.3363 0.019607844 -273
7 610.6534 1183.9294 0.019607844 -307
8 606.09503 1260.8118 0.019607844 -340
9 603.2037 1311.6954 0.01764706 -373
10 603.4413 1328.975 0.019607844 -406
11 603.4413 1334.4464 0.01764706 -439
12 603.4413 1334.4464 0.01764706 -472
0 909.1582 891.53564 0.019607844 0
1 905.8241 889.7575 0.019607844 -9
2 875.1515 885.89874 0.019607844 -50
3 823.64874 880.0348 0.019607844 -83
4 772.9482 877.5429 0.019607844 -116
5 733.608 879.6131 0.019607844 -149
6 697.24664 898.6262 0.019607844 -183
7 664.32104 953.631 0.019607844 -216
8 644.0732 1055.7633 0.01764706 -249
9 639.40796 1160.9138 0.019607844 -282
10 641.4061 1243.924 0.019607844 -315
11 641.4061 1293.8861 0.019607844 -348
12 641.4061 1323.8643 0.01764706 -381
13 641.4061 1330.3071 0.01764706 -414
14 641.4061 1332.306 0.01764706 -434
0 858.2054 845.5596 0.01764706 -19
1 849.7762 847.4647 0.01764706 -19
2 805.81525 846.68854 0.01764706 -34
3 758.3669 838.66034 0.01764706 -69
4 715.00055 834.7315 0.01764706 -102
5 679.72705 843.775 0.01764706 -135
6 648.6811 854.2512 0.01764706 -168
7 620.9273 895.86066 0.01764706 -201
8 602.4422 1053.3478 0.01764706 -234
9 603.8372 1150.3263 0.019607844 -284
10 605.4394 1238.5078 0.01764706 -317
11 605.4394 1272.1942 0.019607844 -350
12 605.4394 1286.072 0.019607844 -383
13 605.4394 1290.3279 0.01764706 -416
14 605.4394 1291.3274 0.01764706 -446
0 939.13043 901.53046 0.019607844 0
1 924.8751 901.6378 0.01764706 -18
2 881.65576 903.3842 0.01764706 -52
3 819.2063 898.7063 0.019607844 -85
4 758.81537 891.9033 0.01764706 -118
5 709.8607 889.5367 0.019607844 -151
6 680.4016 895.0871 0.01764706 -184
7 656.4322 910.4857 0.019607844 -217
8 631.46576 956.8754 0.019607844 -250
9 613.822 1036.7273 0.019607844 -283
10 604.9259 1131.7181 0.019607844 -316
11 603.4413 1238.2905 0.01764706 -350
12 603.4413 1300.2489 0.01764706 -383
13 603.4413 1327.4087 0.019607844 -416
14 603.4413 1338.5288 0.019607844 -449
15 603.4413 1343.3741 0.01764706 -482
16 603.4413 1345.2993 0.01764706 -515
17 603.4413 1345.2993 0.01764706 -531
0 897.1693 682.6444 0.01764706 0
1 895.058 681.5884 0.01764706 -7
2 865.24774 680.6455 0.01764706 -25
3 807.8106 678.6794 0.01764706 -58
4 748.441 675.21875 0.019607844 -91
5 698.23676 674.1605 0.019607844 -124
6 660.54236 676.8526 0.01764706 -157
7 634.20215 699.93634 0.01764706 -190
8 611.97723 773.1979 0.01764706 -223
9 603.00464 860.7957 0.01764706 -256
10 599.44495 953.4604 0.01764706 -289
11 598.44586 1033.9232 0.01764706 -322
12 597.0904 1078.9354 0.01764706 -355
13 597.44684 1117.8542 0.019607844 -388
14 597.44684 1130.6559 0.019607844 -421
15 597.44684 1135.4171 0.019607844 -455
16 597.44684 1136.4081 0.01764706 -488
17 578.4644 1130.4113 0.021568628 -504
0 904.16284 870.5466 0.019607844 -8
1 904.16284 870.5466 0.019607844 -8
2 894.6792 870.5466 0.019607844 -41
3 859.21576 870.5466 0.019607844 -74
4 780.33057 872.54553 0.019607844 -107
5 732.0431 872.54553 0.019607844 -157
6 688.2814 878.1163 0.019607844 -190
7 659.92847 891.41943 0.019607844 -223
8 634.45917 935.529 0.01764706 -256
9 622.83075 1011.6947 0.019607844 -289
10 621.4246 1111.3445 0.019607844 -322
11 621.4246 1209.8539 0.019607844 -355
12 620.44385 1272.1359 0.019607844 -389
13 619.42645 1312.0026 0.01764706 -422
14 619.42645 1328.5171 0.019607844 -455
15 619.42645 1334.9604 0.019607844 -488
16 619.42645 1337.3035 0.01764706 -521
17 618.42737 1338.303 0.01764706 -540
0 965.1064 842.56116 0.019607844 -7
1 966.10547 863.83905 0.019607844 -7
2 964.8927 873.7588 0.019607844 -32
3 944.60394 881.7146 0.019607844 -65
4 898.39233 886.53827 0.019607844 -98
5 839.02374 886.65826 0.019607844 -131
6 815.878 886.53827 0.019607844 -164
7 780.90704 887.9119 0.019607844 -180
8 755.6398 897.9727 0.019607844 -213
9 729.6524 930.93207 0.019607844 -246
10 701.94507 999.4284 0.019607844 -280
11 682.617 1090.1387 0.019607844 -313
12 670.54626 1187.3757 0.019607844 -346
13 665.10974 1270.0034 0.019607844 -379
14 664.3848 1330.6793 0.019607844 -412
15 664.3848 1360.7971 0.019607844 -445
16 664.3848 1383.9435 0.019607844 -478
17 664.3848 1384.2789 0.019607844 -511
18 664.3848 1384.2789 0.019607844 -544
19 664.3848 1384.2789 0.019607844 -570
0 936.13324 844.5601 0.019607844 -6
1 931.4774 846.44586 0.019607844 -6
2 899.3946 850.0962 0.019607844 -40
3 839.8873 843.39386 0.019607844 -73
4 762.0322 832.45166 0.019607844 -106
5 727.63367 832.56635 0.019607844 -156
6 705.8647 839.65173 0.019607844 -189
7 690.70746 851.6227 0.019607844 -222
8 673.4676 894.0337 0.019607844 -255
9 662.0381 997.80646 0.019607844 -288
10 658.3904 1111.5232 0.019607844 -321
11 657.3913 1223.6478 0.019607844 -354
12 657.3913 1291.7063 0.019607844 -387
13 657.3913 1330.2828 0.019607844 -421
14 657.3913 1345.6136 0.019607844 -454
15 657.3913 1350.9176 0.019607844 -487
16 657.3913 1353.2952 0.019607844 -520
17 657.3913 1353.2952 0.01764706 -539
0 907.16003 868.5476 0.019607844 -8
1 904.7503 867.3423 0.019607844 -17
2 877.94214 866.54865 0.019607844 -43
3 823.7867 867.54816 0.019607844 -76
4 766.0652 867.54816 0.019607844 -109
5 721.2954 868.3692 0.019607844 -142
6 692.5456 873.45166 0.019607844 -175
7 669.5877 891.8624 0.019607844 -208
8 639.58044 945.1625 0.019607844 -241
9 613.3564 1051.9065 0.01764706 -275
10 603.07654 1168.328 0.01764706 -308
11 595.1821 1267.808 0.019607844 -341
12 590.394 1328.9015 0.019607844 -374
13 586.46014 1352.2831 0.019607844 -407
14 586.457 1360.2338 0.019607844 -440
15 586.457 1363.2899 0.01764706 -473
16 585.4579 1366.2883 0.019607844 -498
0 947.12305 925.51794 0.019607844 -6
1 945.1075 923.5016 0.019607844 -6
2 923.42084 921.52 0.01764706 -41
3 869.54456 921.52 0.01764706 -74
4 806.29895 921.52 0.01764706 -107
5 750.84467 921.52 0.01764706 -140
6 706.1208 921.52 0.01764706 -173
7 677.91907 923.0947 0.019607844 -206
8 654.0505 934.81244 0.019607844 -239
9 629.97327 968.5679 0.019607844 -272
10 611.21265 1056.0 0.019607844 -306
11 601.1512 1165.1914 0.01764706 -339
12 589.2491 1291.8179 0.019607844 -372
13 581.3828 1356.1613 0.019607844 -405
14 575.5665 1387.7798 0.019607844 -438
15 572.4699 1399.9368 0.019607844 -471
16 572.4699 1405.9523 0.019607844 -504
17 572.4699 1406.2676 0.01764706 -537
18 571.4709 1398.2717 0.021568628 -538
0 905.16187 868.5476 0.019607844 0
1 905.16187 868.5476 0.019607844 -7
2 890.13525 867.54816 0.019607844 -40
3 847.33496 869.13934 0.019607844 -73
4 793.41705 871.546 0.019607844 -107
5 745.721 870.4022 0.019607844 -140
6 700.1113 872.4506 0.019607844 -173
7 677.47864 877.8408 0.019607844 -206
8 658.37427 894.5502 0.019607844 -239
9 632.91235 946.2613 0.019607844 -272
10 611.23987 1068.0614 0.019607844 -305
11 602.53827 1167.9977 0.019607844 -338
12 596.721 1242.4385 0.019607844 -371
13 592.6198 1282.9832 0.019607844 -404
14 588.7378 1312.3362 0.019607844 -437
15 588.45514 1327.5908 0.019607844 -470
16 588.45514 1330.3071 0.019607844 -503
17 588.45514 1330.3071 0.019607844 -537
18 587.45605 1330.3071 0.01764706 -540
0 904.16284 821.5721 0.019607844 0
1 904.16284 821.5721 0.019607844 0
2 886.43634 823.43146 0.019607844 -38
3 840.3061 828.29626 0.019607844 -71
4 758.77936 828.14417 0.019607844 -105
5 714.0231 828.5684 0.019607844 -154
6 682.30005 844.5893 0.019607844 -187
7 656.1546 869.80585 0.019607844 -220
8 618.2191 973.9521 0.019607844 -253
9 607.49146 1069.903 0.019607844 -303
10 600.68665 1155.2411 0.019607844 -336
11 596.2008 1209.8416 0.019607844 -369
12 593.28827 1245.4622 0.019607844 -402
13 590.4533 1264.6332 0.019607844 -435
14 590.4533 1272.3943 0.019607844 -468
15 590.4533 1271.3378 0.019607844 -501
16 590.4533 1271.3378 0.019607844 -517
0 902.1647 819.5731 0.019607844 -8
1 902.1647 819.5731 0.019607844 -16
2 902.1647 819.5731 0.019607844 -42
3 876.4679 819.5731 0.019607844 -75
4 820.96063 822.57153 0.019607844 -108
5 763.53284 823.57104 0.019607844 -141
6 712.01776 825.8255 0.019607844 -175
7 676.38983 842.05334 0.019607844 -208
8 640.69574 891.92535 0.019607844 -241
9 619.81793 1003.08154 0.01764706 -274
10 614.68 1126.6874 0.019607844 -307
11 610.77075 1222.6199 0.019607844 -340
12 606.81494 1273.9451 0.019607844 -373
13 604.4403 1295.0398 0.019607844 -406
14 604.4403 1302.8145 0.019607844 -439
15 604.4403 1306.3196 0.019607844 -472
16 604.4403 1307.3191 0.019607844 -501
