0 561.4801 1103.4253 0.019607844 -8
1 553.02435 1100.5609 0.019607844 -8
2 532.8202 1100.4269 0.019607844 -59
3 501.23532 1100.4269 0.019607844 -92
4 472.96075 1103.5111 0.019607844 -125
5 449.25638 1109.5859 0.019607844 -158
6 427.37662 1124.2709 0.019607844 -191
7 403.85648 1160.9344 0.019607844 -224
8 382.2666 1223.129 0.019607844 -257
9 367.76642 1291.3167 0.019607844 -291
10 356.84097 1354.5092 0.019607844 -324
11 350.53613 1407.2172 0.019607844 -357
12 347.66852 1459.3643 0.019607844 -390
13 346.67902 1494.5321 0.019607844 -423
14 346.67902 1510.2134 0.019607844 -456
15 346.67902 1514.2113 0.019607844 -483
0 639.40796 1181.3846 0.019607844 -9
1 636.11084 1179.2357 0.01764706 -9
2 582.4083 1169.3868 0.01764706 -36
3 525.1871 1168.3915 0.019607844 -85
4 469.46887 1180.1842 0.019607844 -118
5 426.54022 1207.987 0.019607844 -151
6 386.12534 1271.372 0.019607844 -185
7 363.858 1357.9221 0.019607844 -218
8 350.6015 1448.7131 0.019607844 -251
9 344.78336 1489.506 0.019607844 -284
10 344.68085 1503.7136 0.019607844 -317
11 344.68085 1506.2155 0.01764706 -350
12 343.68176 1507.215 0.01764706 -368
0 839.22296 879.5419 0.019607844 0
1 834.293 877.80914 0.019607844 -9
2 802.5479 874.0287 0.019607844 -60
3 750.85596 870.30035 0.01764706 -93
4 698.3464 871.5465 0.01764706 -126
5 659.12897 880.7682 0.019607844 -159
6 632.09424 906.0088 0.019607844 -192
7 600.3648 991.748 0.01764706 -225
8 583.7753 1094.3904 0.019607844 -258
9 573.5312 1226.3345 0.019607844 -291
10 569.65265 1278.5331 0.019607844 -324
11 568.47363 1303.9174 0.019607844 -357
12 568.47363 1311.8843 0.01764706 -390
13 568.47363 1313.3159 0.01764706 -423
14 568.47363 1313.3159 0.01764706 -435
0 649.3987 1054.4508 0.019607844 0
1 644.4033 1052.4518 0.01764706 -9
2 644.4033 1052.4518 0.01764706 -26
3 523.51526 1052.4518 0.01764706 -76
4 508.6624 1052.4518 0.01764706 -76
5 461.25153 1058.8303 0.01764706 -102
6 414.80432 1076.7001 0.01764706 -135
7 378.68146 1112.1487 0.01764706 -168
8 351.3984 1184.4879 0.019607844 -201
9 337.07834 1289.424 0.01764706 -234
10 327.36765 1407.4374 0.019607844 -267
11 320.81232 1474.81 0.019607844 -300
12 317.70584 1503.4629 0.019607844 -333
13 316.70676 1509.2139 0.01764706 -366
14 316.70676 1510.2134 0.01764706 -384
0 826.235 620.6767 0.019607844 -94
1 813.7195 620.6767 0.019607844 -94
2 713.0978 630.80634 0.019607844 -103
3 673.81464 639.7352 0.019607844 -169
4 642.0244 655.44775 0.01764706 -202
5 609.22485 722.91864 0.019607844 -235
6 601.4431 828.88116 0.01764706 -268
7 607.0536 942.743 0.01764706 -301
8 617.1175 1035.3164 0.019607844 -334
9 622.6298 1077.8829 0.019607844 -367
10 623.4227 1090.5559 0.019607844 -400
11 623.4227 1094.4299 0.01764706 -433
12 623.4227 1095.4294 0.015686275 -458
0 902.1647 865.5492 0.019607844 0
1 900.2478 864.5904 0.01764706 -4
2 873.87946 864.5497 0.01764706 -30
3 822.08514 864.07306 0.01764706 -63
4 767.769 863.55023 0.01764706 -96
5 715.67584 864.5271 0.01764706 -129
6 678.2747 873.25507 0.019607844 -162
7 647.388 899.4357 0.019607844 -195
8 618.08344 965.52985 0.019607844 -229
9 603.3377 1074.3733 0.019607844 -262
10 595.5599 1191.9305 0.019607844 -295
11 591.72174 1256.3801 0.019607844 -328
12 589.4542 1282.7887 0.019607844 -361
13 589.4542 1290.3279 0.01764706 -394
14 589.4542 1291.3274 0.01764706 -422
0 872.19244 652.66003 0.019607844 0
1 870.5842 651.85565 0.019607844 -9
2 847.1234 648.6621 0.019607844 -42
3 796.251 646.4126 0.019607844 -75
4 737.44385 648.6621 0.019607844 -108
5 678.6754 659.33234 0.019607844 -141
6 642.61176 679.0904 0.019607844 -174
7 607.7956 739.4453 0.019607844 -207
8 592.4514 847.805 0.019607844 -240
9 593.27637 934.55 0.019607844 -273
10 596.0997 987.6535 0.019607844 -306
11 596.44775 1015.4267 0.01764706 -339
12 596.44775 1026.0653 0.019607844 -372
13 596.44775 1028.4644 0.01764706 -405
14 595.44867 1028.4644 0.01764706 -428
0 868.1961 668.65173 0.019607844 -6
1 868.1961 668.65173 0.019607844 -15
2 859.83704 665.97974 0.019607844 -40
3 806.74805 659.3645 0.019607844 -73
4 736.6732 659.55225 0.019607844 -122
5 702.7387 665.0562 0.019607844 -172
6 676.24384 677.33014 0.019607844 -206
7 646.7958 718.2575 0.019607844 -239
8 624.5827 833.61993 0.019607844 -272
9 618.4293 935.476 0.01764706 -305
10 620.288 1022.3013 0.01764706 -338
11 621.4246 1071.5516 0.01764706 -371
12 621.4246 1087.3187 0.019607844 -404
13 621.4246 1093.9767 0.019607844 -437
14 621.4246 1096.429 0.01764706 -470
15 621.4246 1096.429 0.01764706 -490
0 643.40424 983.48773 0.019607844 -6
1 638.6649 981.57416 0.019607844 -15
2 608.10944 980.4893 0.019607844 -40
3 553.1078 984.65967 0.019607844 -73
4 499.32803 989.7651 0.019607844 -106
5 458.79245 996.6548 0.019607844 -139
6 430.4647 1010.75415 0.019607844 -172
7 406.15848 1048.1573 0.019607844 -205
8 388.49118 1120.8481 0.019607844 -238
9 379.81714 1219.1704 0.019607844 -271
10 377.65033 1296.1526 0.019607844 -305
11 376.65125 1350.6038 0.019607844 -338
12 376.65125 1376.1926 0.019607844 -371
13 376.65125 1384.2056 0.01764706 -404
14 376.65125 1384.2789 0.01764706 -437
15 376.65125 1385.2784 0.01764706 -437
0 659.38947 1035.4607 0.01764706 -18
1 659.38947 1035.4607 0.01764706 -18
2 531.5079 547.7147 0.01764706 -126
3 515.29596 549.8772 0.01764706 -126
4 463.08743 557.56885 0.01764706 -135
5 427.45013 574.54706 0.01764706 -168
6 393.15598 607.52356 0.01764706 -201
7 369.74948 674.28143 0.01764706 -234
8 361.40686 757.0341 0.01764706 -267
9 359.667 831.2019 0.01764706 -300
10 358.6679 896.1369 0.01764706 -333
11 358.6679 927.65027 0.01764706 -366
12 358.6679 941.9939 0.01764706 -399
13 358.6679 945.5075 0.015686275 -432
14 358.6679 945.5075 0.013725491 -465
15 358.6679 945.5075 0.013725491 -468
0 756.29974 619.67725 0.019607844 -109
1 684.79913 619.67725 0.019607844 -109
2 651.70734 631.7791 0.019607844 -157
3 629.94727 650.1308 0.019607844 -190
4 607.7028 697.39966 0.01764706 -223
5 593.3335 798.04803 0.019607844 -256
6 591.4524 873.5388 0.019607844 -289
7 592.4514 935.3132 0.019607844 -322
8 592.4514 961.5276 0.01764706 -356
9 594.4496 990.12933 0.019607844 -389
10 594.4496 1000.72736 0.019607844 -422
11 594.4496 1001.4784 0.019607844 -455
12 594.4496 1002.47784 0.019607844 -458
0 684.36633 1086.4341 0.019607844 0
1 680.1049 1085.4347 0.019607844 -14
2 655.8624 1087.5396 0.019607844 -64
3 610.4805 1094.8842 0.019607844 -97
4 548.81604 1102.4708 0.019607844 -130
5 478.85806 1108.187 0.019607844 -163
6 432.73117 1117.3654 0.019607844 -196
7 403.6904 1137.067 0.019607844 -229
8 376.19595 1201.2267 0.019607844 -262
9 364.6062 1304.4446 0.019607844 -295
10 359.76205 1367.0509 0.019607844 -328
11 355.86398 1403.9144 0.019607844 -361
12 355.6707 1421.5461 0.019607844 -394
13 355.6707 1428.2561 0.01764706 -427
14 355.6707 1431.2545 0.01764706 -454
0 627.41907 1077.4388 0.019607844 0
1 619.14215 1074.3456 0.01764706 -5
2 585.4255 1071.4419 0.019607844 -40
3 530.7724 1071.4419 0.019607844 -73
4 473.67477 1071.4419 0.019607844 -106
5 425.00818 1076.3723 0.019607844 -139
6 389.94623 1092.114 0.019607844 -172
7 357.93 1132.4528 0.019607844 -205
8 330.4169 1243.8489 0.019607844 -238
9 318.93497 1338.4604 0.019607844 -272
10 310.90863 1416.9215 0.019607844 -305
11 306.03122 1463.4064 0.019607844 -338
12 303.71878 1483.9052 0.019607844 -371
13 303.71878 1492.5912 0.019607844 -404
14 303.71878 1492.2228 0.01764706 -454
15 303.71878 1492.2228 0.01764706 -467
0 649.3987 1072.4414 0.019607844 0
1 631.7373 1069.3462 0.019607844 -15
2 581.2786 1067.4309 0.019607844 -50
3 518.5145 1062.7124 0.019607844 -83
4 459.187 1056.7274 0.019607844 -116
5 415.5607 1059.549 0.019607844 -149
6 387.00873 1073.1963 0.019607844 -183
7 354.50784 1139.7476 0.019607844 -216
8 335.88187 1252.4014 0.019607844 -249
9 322.45245 1350.1227 0.019607844 -282
10 312.85477 1422.1758 0.019607844 -315
11 305.88437 1464.8962 0.019607844 -348
12 303.71878 1483.537 0.019607844 -381
13 303.71878 1489.9647 0.019607844 -414
14 303.71878 1491.2233 0.01764706 -447
15 303.71878 1492.2228 0.01764706 -457
0 664.3848 1039.4586 0.01764706 -8
1 653.5069 1035.1648 0.01764706 -17
2 611.6472 1028.352 0.01764706 -53
3 553.8395 1025.5503 0.01764706 -86
4 504.19485 1027.0295 0.019607844 -119
5 460.4354 1035.3167 0.019607844 -150
6 426.57715 1058.0261 0.019607844 -183
7 385.16382 1143.7363 0.019607844 -216
8 362.80478 1239.679 0.019607844 -250
9 351.19656 1325.0054 0.019607844 -283
10 341.20657 1380.4073 0.019607844 -316
11 336.04242 1412.4966 0.019607844 -349
12 335.68918 1424.368 0.019607844 -382
13 335.68918 1429.7583 0.01764706 -415
14 335.68918 1430.255 0.01764706 -448
15 335.68918 1431.2545 0.01764706 -453
0 674.3756 1108.4227 0.019607844 -8
1 674.3756 1108.4227 0.01764706 -8
2 649.11426 1101.5692 0.01764706 -35
3 597.30444 1097.4283 0.019607844 -68
4 543.68713 1098.0288 0.019607844 -101
5 498.40433 1104.8248 0.019607844 -134
6 460.17752 1119.7482 0.019607844 -167
7 423.55215 1155.6648 0.019607844 -200
8 391.924 1217.6484 0.019607844 -233
9 367.4777 1304.558 0.019607844 -267
10 349.76773 1397.2684 0.019607844 -300
11 335.9244 1469.6454 0.019607844 -333
12 327.71588 1515.6237 0.019607844 -366
13 323.29788 1539.8091 0.019607844 -399
14 322.7012 1548.5586 0.01764706 -432
15 322.7012 1550.1926 0.01764706 -465
16 322.7012 1551.192 0.01764706 -488
0 676.3737 1072.4414 0.01764706 -7
1 675.37463 1071.4419 0.01764706 -15
2 675.37463 1071.4419 0.01764706 -23
3 587.45605 1071.4419 0.01764706 -73
4 574.4453 1070.4425 0.01764706 -73
5 526.0439 1070.4425 0.01764706 -94
6 480.24295 1076.6779 0.01764706 -127
7 449.34753 1088.5681 0.01764706 -160
8 423.2151 1113.7263 0.01764706 -193
9 396.5171 1175.0278 0.01764706 -227
10 380.40216 1271.0514 0.019607844 -260
11 369.27164 1365.233 0.019607844 -293
12 361.33264 1436.5812 0.019607844 -326
13 354.13196 1484.008 0.019607844 -359
14 350.6753 1500.2444 0.019607844 -393
15 350.6753 1504.2166 0.019607844 -426
16 350.6753 1505.216 0.01764706 -446
0 827.2341 675.6481 0.019607844 -107
1 803.65784 675.6481 0.019607844 -107
2 731.8393 677.64703 0.019607844 -125
3 692.284 687.57245 0.019607844 -174
4 656.03894 714.6873 0.01764706 -207
5 622.9649 774.2006 0.01764706 -240
6 604.50134 881.62506 0.01764706 -273
7 600.0538 990.54565 0.01764706 -307
8 600.44403 1064.2892 0.01764706 -340
9 600.44403 1104.8032 0.019607844 -373
10 600.44403 1125.3035 0.019607844 -406
11 600.44403 1131.552 0.019607844 -439
12 600.44403 1131.552 0.019607844 -472
0 666.383 1083.4357 0.019607844 0
1 661.2715 1081.6576 0.01764706 -9
2 627.3809 1077.7988 0.019607844 -50
3 575.37177 1073.4409 0.019607844 -83
4 525.6903 1071.1854 0.019607844 -116
5 485.83737 1075.5823 0.019607844 -149
6 449.4626 1093.5247 0.019607844 -183
7 415.5514 1149.295 0.019607844 -216
8 394.5274 1242.104 0.019607844 -249
9 386.95776 1346.3975 0.019607844 -282
10 384.03214 1423.0553 0.019607844 -315
11 383.64478 1470.0493 0.019607844 -348
12 383.64478 1490.7773 0.01764706 -381
13 383.64478 1495.2212 0.01764706 -414
14 383.64478 1496.2207 0.01764706 -434
0 608.43665 1036.4602 0.019607844 -19
1 601.00653 1035.5544 0.019607844 -19
2 559.04376 1030.5065 0.01764706 -34
3 510.6934 1026.5625 0.01764706 -69
4 470.0611 1024.4664 0.01764706 -102
5 434.9537 1026.9414 0.01764706 -135
6 405.58023 1044.1744 0.01764706 -168
7 379.1512 1093.5065 0.01764706 -201
8 361.21152 1239.6129 0.01764706 -234
9 358.6679 1337.4176 0.019607844 -284
10 356.66974 1411.415 0.019607844 -317
11 355.6707 1448.1025 0.019607844 -350
12 355.6707 1462.9799 0.019607844 -383
13 355.6707 1464.2373 0.01764706 -416
14 355.6707 1464.2373 0.01764706 -446
0 691.35986 1088.4331 0.019607844 0
1 677.10455 1088.4331 0.019607844 -18
2 632.9224 1090.3958 0.019607844 -52
3 568.43854 1090.432 0.019607844 -85
4 508.04755 1087.8013 0.019607844 -118
5 460.46518 1086.4341 0.019607844 -151
6 428.49655 1090.7085 0.019607844 -184
7 404.66534 1103.392 0.019607844 -217
8 378.69983 1145.7771 0.019607844 -250
9 361.0561 1222.0211 0.019607844 -283
10 351.13293 1313.6793 0.019607844 -316
11 343.92062 1400.6404 0.019607844 -350
12 339.3972 1462.567 0.019607844 -383
13 338.6864 1496.5405 0.019607844 -416
14 338.6864 1510.5522 0.019607844 -449
15 338.6864 1515.2847 0.01764706 -482
16 338.6864 1515.2108 0.01764706 -515
17 338.6864 1516.2103 0.01764706 -531
0 685.3654 582.6965 0.01764706 0
1 683.36725 582.6965 0.01764706 -7
2 653.27106 582.6965 0.019607844 -25
3 596.0067 582.6965 0.01764706 -58
4 536.0672 576.9847 0.019607844 -91
5 482.41324 574.7007 0.019607844 -124
6 450.35236 582.312 0.019607844 -157
7 426.36447 612.16266 0.019607844 -190
8 409.0292 682.7889 0.019607844 -223
9 402.90845 768.84357 0.019607844 -256
10 401.6281 859.8755 0.019607844 -289
11 400.62906 934.6389 0.019607844 -322
12 398.27444 986.7674 0.019607844 -355
13 396.39355 1011.67017 0.019607844 -388
14 396.63275 1020.7132 0.019607844 -421
15 396.63275 1024.475 0.019607844 -455
16 396.63275 1025.4658 0.01764706 -488
17 396.63275 1025.4658 0.01764706 -504
0 665.3839 573.7012 0.019607844 -8
1 665.3839 573.7012 0.01764706 -8
2 655.9003 572.9529 0.019607844 -41
3 620.4369 570.70276 0.019607844 -74
4 538.29156 569.70325 0.019607844 -107
5 490.26697 570.72424 0.019607844 -157
6 445.29318 579.05884 0.019607844 -190
7 422.72485 593.15155 0.019607844 -223
8 402.93927 638.9958 0.019607844 -256
9 399.62997 722.734 0.019607844 -289
10 405.79404 816.6492 0.019607844 -322
11 412.64212 917.0548 0.019607844 -355
12 414.6161 977.25275 0.019607844 -389
13 414.6161 1010.74347 0.019607844 -422
14 414.6161 1023.9394 0.019607844 -455
15 414.6161 1031.1187 0.01764706 -488
16 414.6161 1033.4617 0.01764706 -521
17 414.6161 1033.4617 0.01764706 -540
0 735.31915 1085.4347 0.019607844 -7
1 735.31915 1085.4347 0.019607844 -7
2 727.89825 1085.4347 0.019607844 -32
3 697.0506 1088.8242 0.019607844 -65
4 647.8611 1090.432 0.019607844 -98
5 588.2559 1089.4326 0.019607844 -131
6 564.3503 1089.4326 0.019607844 -164
7 528.51514 1090.8063 0.019607844 -180
8 502.87378 1096.649 0.019607844 -213
9 473.88922 1124.9767 0.019607844 -246
10 443.71588 1188.7981 0.019607844 -280
11 419.8603 1277.0896 0.019607844 -313
12 404.37628 1370.6968 0.019607844 -346
13 396.08447 1450.4581 0.019607844 -379
14 393.63553 1505.8038 0.019607844 -412
15 393.63553 1537.705 0.019607844 -445
16 394.6346 1550.0585 0.019607844 -478
17 394.6346 1554.0088 0.019607844 -511
18 395.63367 1554.1904 0.01764706 -544
19 396.63275 1554.1904 0.01764706 -570
0 697.3543 1039.4586 0.019607844 -6
1 692.69855 1037.5729 0.01764706 -6
2 657.3882 1032.9231 0.01764706 -40
3 595.6969 1027.8812 0.019607844 -73
4 518.25793 1024.4664 0.019607844 -106
5 482.86032 1025.4274 0.019607844 -156
6 462.09036 1030.8557 0.019607844 -189
7 445.93408 1043.3494 0.019607844 -222
8 428.46722 1084.389 0.019607844 -255
9 418.26385 1190.5317 0.019607844 -288
10 413.5777 1297.3477 0.019607844 -321
11 407.84088 1393.8702 0.019607844 -354
12 403.83612 1464.2966 0.019607844 -387
13 403.62628 1502.4824 0.019607844 -421
14 403.62628 1517.524 0.019607844 -454
15 403.62628 1521.2076 0.01764706 -487
16 403.62628 1522.2072 0.01764706 -520
17 403.62628 1522.2072 0.01764706 -539
0 671.37836 1040.4581 0.01764706 -8
1 665.7657 1038.2533 0.01764706 -17
2 635.02875 1039.5969 0.01764706 -43
3 579.1099 1044.5526 0.019607844 -76
4 522.2909 1045.4554 0.019607844 -109
5 476.522 1048.2755 0.019607844 -142
6 446.77313 1056.3564 0.019607844 -175
7 423.81525 1073.2334 0.019607844 -208
8 395.16016 1125.129 0.019607844 -241
9 370.92676 1223.3955 0.01764706 -275
10 356.93933 1331.7826 0.01764706 -308
11 344.281 1439.5852 0.019607844 -341
12 335.57053 1494.8745 0.019607844 -374
13 333.69104 1518.1967 0.019607844 -407
14 333.69104 1526.1473 0.01764706 -440
15 333.69104 1529.2035 0.01764706 -473
16 333.69104 1529.2035 0.01764706 -498
0 717.3358 1086.4341 0.019607844 -6
1 715.32025 1085.426 0.01764706 -6
2 685.7023 1079.4684 0.01764706 -41
3 630.8556 1077.4388 0.01764706 -74
4 565.39417 1078.4382 0.01764706 -107
5 510.49048 1080.4373 0.01764706 -140
6 468.3409 1084.8185 0.01764706 -173
7 441.13834 1091.1583 0.01764706 -206
8 418.74603 1107.2896 0.01764706 -239
9 393.7847 1151.9159 0.01764706 -272
10 374.1268 1231.687 0.01764706 -306
11 361.2759 1331.0337 0.01764706 -339
12 343.16888 1449.4011 0.019607844 -372
13 331.57468 1513.7637 0.019607844 -405
14 325.79782 1547.597 0.019607844 -438
15 323.7003 1563.8514 0.019607844 -471
16 324.54178 1570.7087 0.01764706 -504
17 324.69934 1571.1816 0.01764706 -537
18 324.69934 1571.1816 0.01764706 -538
0 866.198 671.65015 0.019607844 0
1 864.27673 670.68915 0.019607844 -7
2 846.17596 670.6507 0.019607844 -40
3 802.7842 674.24084 0.01764706 -73
4 750.62634 677.0373 0.01764706 -107
5 698.9087 676.6476 0.01764706 -140
6 651.25146 676.6476 0.019607844 -173
7 629.1724 677.2962 0.01764706 -206
8 610.0158 701.0703 0.01764706 -239
9 586.70483 752.1132 0.01764706 -272
10 568.27966 869.165 0.01764706 -305
11 561.52814 970.0528 0.01764706 -338
12 556.62134 1046.8566 0.01764706 -371
13 552.65686 1082.5933 0.01764706 -404
14 551.4894 1105.444 0.019607844 -437
15 551.4894 1120.6986 0.019607844 -470
16 551.4894 1121.4159 0.01764706 -503
17 551.4894 1121.4159 0.013725491 -537
18 551.4894 1121.4159 0.013725491 -540
0 659.38947 549.7137 0.019607844 0
1 659.38947 549.7137 0.019607844 0
2 638.3866 551.57306 0.019607844 -38
3 587.9952 555.4384 0.019607844 -71
4 509.85886 556.71 0.019607844 -105
5 461.25714 558.0108 0.019607844 -154
6 433.53043 566.7438 0.019607844 -187
7 410.7944 591.92957 0.019607844 -220
8 373.44574 696.44025 0.019607844 -253
9 366.18793 789.8869 0.019607844 -303
10 364.66235 874.3588 0.019607844 -336
11 363.66327 930.4815 0.01764706 -369
12 362.6642 957.31323 0.019607844 -402
13 362.6642 967.69055 0.019607844 -435
14 362.6642 972.5504 0.01764706 -468
15 362.6642 974.49243 0.015686275 -501
16 362.6642 974.49243 0.015686275 -517
0 689.3617 994.482 0.019607844 -8
1 689.3617 994.482 0.01764706 -16
2 684.59735 994.482 0.019607844 -42
3 653.18115 996.22784 0.019607844 -75
4 595.8435 997.48047 0.019607844 -108
5 536.9198 998.4799 0.019607844 -141
6 489.47946 999.47943 0.019607844 -175
7 450.69724 1010.9654 0.019607844 -208
8 415.93594 1053.8732 0.01764706 -241
9 391.16028 1158.4781 0.019607844 -274
10 379.39603 1274.8628 0.019607844 -307
11 371.32874 1362.5736 0.019607844 -340
12 365.03882 1416.8706 0.01764706 -373
13 362.6642 1437.9653 0.019607844 -406
14 362.6642 1445.74 0.019607844 -439
15 362.6642 1449.2451 0.01764706 -472
16 362.6642 1449.2451 0.01764706 -501
