0 925.1434 565.7053 0.01764706 -183
1 923.3483 565.7053 0.01764706 -183
2 919.657 565.7053 0.01764706 -216
3 906.9643 565.7053 0.01764706 -248
4 895.13275 566.354 0.01764706 -281
5 855.29816 568.853 0.01764706 -298
6 826.2443 574.2355 0.01764706 -331
7 797.30194 570.2801 0.01764706 -347
8 767.26013 578.9272 0.01764706 -365
9 714.01013 580.11304 0.01764706 -381
10 685.3842 573.27686 0.01764706 -414
11 661.7963 570.7342 0.01764706 -431
12 627.0878 566.14984 0.01764706 -447
13 617.17163 564.7059 0.01764706 -480
14 609.3318 564.7059 0.01764706 -497
15 605.2005 564.7059 0.01764706 -513
16 601.5833 564.7059 0.01764706 -530
17 598.9293 564.7059 0.01764706 -546
18 596.8423 564.7059 0.01764706 -563
19 594.98914 564.7059 0.01764706 -579
20 590.8575 571.5955 0.01764706 -595
21 586.98584 577.4052 0.01764706 -612
22 583.389 586.0492 0.01764706 -628
23 579.56244 593.49274 0.015686275 -645
24 573.3823 609.1257 0.015686275 -661
25 566.09845 633.9342 0.01764706 -678
26 559.72815 672.1714 0.01764706 -694
27 558.4829 679.646 0.01764706 -711
28 558.4829 679.646 0.01764706 -715
29 549.4912 785.5908 0.01764706 -741
30 548.2817 859.0832 0.01764706 -741
31 548.2817 859.0832 0.01764706 -777
32 545.49493 982.4883 0.01764706 -801
33 545.49493 982.4883 0.01764706 -801
34 553.4875 1001.4784 0.013725491 -819
35 552.48846 1005.4763 0.01764706 -819
36 552.48846 1005.4763 0.01764706 -827
37 553.4875 1064.4456 0.013725491 -861
38 547.0694 1084.707 0.01764706 -861
39 547.0694 1084.707 0.01764706 -925
0 955.11566 500.7392 0.01764706 -16
1 955.11566 500.7392 0.01764706 -16
2 955.11566 500.7392 0.01764706 -41
3 955.11566 500.7392 0.01764706 -57
4 947.08826 500.7392 0.015686275 -90
5 884.1709 498.33975 0.01764706 -123
6 851.9576 498.74023 0.015686275 -173
7 815.289 497.74075 0.01764706 -189
8 734.05634 499.8029 0.015686275 -206
9 672.07556 498.74023 0.015686275 -239
10 635.79645 498.74023 0.01764706 -272
11 615.3397 498.74023 0.01764706 -305
12 608.9748 498.74023 0.01764706 -338
13 605.4765 498.74023 0.01764706 -354
14 601.8014 498.74023 0.01764706 -371
15 596.4413 503.24756 0.01764706 -387
16 592.5583 511.41284 0.015686275 -420
17 585.2692 546.92554 0.015686275 -437
18 579.9574 579.05786 0.015686275 -470
19 582.2639 677.1617 0.015686275 -486
20 586.62225 748.20984 0.013725491 -503
21 592.4596 848.779 0.01764706 -519
22 594.77405 987.4265 0.01764706 -536
23 590.0024 1063.1544 0.015686275 -569
24 586.00226 1078.8035 0.015686275 -602
25 580.85724 1091.6412 0.015686275 -618
26 579.46344 1094.4299 0.015686275 -651
27 579.46344 1094.4299 0.015686275 -662
0 700.3515 937.5117 0.019607844 0
1 700.3515 937.5117 0.019607844 0
2 696.6924 937.5117 0.019607844 -20
3 690.1091 939.3237 0.019607844 -70
4 663.25867 944.8037 0.019607844 -86
5 613.1449 949.0237 0.019607844 -119
6 583.3744 950.97705 0.019607844 -152
7 552.80756 952.8379 0.019607844 -169
8 520.7844 953.50336 0.019607844 -185
9 488.4016 953.50336 0.019607844 -202
10 448.0727 954.50287 0.019607844 -218
11 416.27966 955.458 0.019607844 -235
12 394.49426 955.5023 0.019607844 -251
13 374.4706 957.21967 0.019607844 -268
14 344.08737 960.87006 0.019607844 -284
15 325.89227 964.69904 0.019607844 -317
16 313.10168 968.3651 0.019607844 -350
17 304.71786 974.49243 0.019607844 -383
18 301.72064 979.4898 0.019607844 -411
19 295.7262 991.4836 0.019607844 -436
20 286.95303 1031.1039 0.019607844 -436
21 281.47125 1115.7704 0.019607844 -466
22 277.74283 1160.3956 0.019607844 -498
23 275.7447 1194.3779 0.019607844 -506
24 270.7493 1253.3472 0.019607844 -532
25 268.75116 1281.3326 0.019607844 -532
26 266.75302 1308.3186 0.019607844 -549
27 264.75485 1334.305 0.019607844 -549
28 262.7567 1358.2925 0.019607844 -566
29 261.75763 1382.28 0.019607844 -566
30 259.7595 1402.2697 0.019607844 -583
31 258.7604 1421.2598 0.019607844 -583
32 257.76132 1437.2513 0.019607844 -592
33 256.76227 1452.2435 0.019607844 -609
34 256.76227 1475.2316 0.019607844 -609
35 256.76227 1483.2274 0.019607844 -626
0 967.10455 739.61475 0.01764706 -6
1 967.10455 739.61475 0.01764706 -6
2 967.10455 739.61475 0.01764706 -32
3 967.10455 739.61475 0.01764706 -65
4 962.31384 737.684 0.01764706 -82
5 953.6364 736.61633 0.01764706 -98
6 939.43866 734.1083 0.01764706 -115
7 917.61487 730.44104 0.01764706 -131
8 891.1296 722.67816 0.01764706 -148
9 858.93884 717.30096 0.01764706 -164
10 825.3359 712.41785 0.01764706 -181
11 791.7385 708.62756 0.01764706 -197
12 762.4631 706.24347 0.01764706 -214
13 704.9464 707.6314 0.01764706 -230
14 675.7162 708.6696 0.01764706 -263
15 652.43665 708.6309 0.01764706 -279
16 635.15594 708.6309 0.01764706 -296
17 623.0601 708.6309 0.01764706 -312
18 614.3392 708.6309 0.01764706 -329
19 606.9318 708.6309 0.01764706 -345
20 601.90955 708.6309 0.019607844 -362
21 596.17633 711.81036 0.01764706 -378
22 592.51404 715.56464 0.01764706 -395
23 588.7744 718.3063 0.01764706 -411
24 578.3801 738.82605 0.01764706 -428
25 572.0418 764.6491 0.01764706 -461
26 566.30566 809.32794 0.01764706 -477
27 564.1726 853.18176 0.01764706 -494
28 563.1708 910.14343 0.01764706 -510
29 560.99603 989.97546 0.01764706 -527
30 551.45575 1106.7599 0.01764706 -543
31 551.45575 1106.7599 0.01764706 -576
32 544.49585 1173.3888 0.01764706 -602
33 542.4977 1191.3795 0.01764706 -602
34 539.5005 1208.3706 0.01764706 -610
35 537.5023 1225.3618 0.01764706 -627
36 534.50507 1242.3529 0.01764706 -627
37 532.50696 1256.3456 0.01764706 -636
38 525.5134 1292.3269 0.01764706 -670
39 521.5171 1323.3108 0.01764706 -670
40 521.5171 1331.3065 0.01764706 -695
0 1008.0666 492.74335 0.015686275 -9
1 998.7465 492.74335 0.01764706 -9
2 992.76904 492.74335 0.01764706 -35
3 986.88654 492.74335 0.01764706 -51
4 965.4242 493.69742 0.015686275 -68
5 924.5097 495.6443 0.015686275 -100
6 859.743 497.54425 0.015686275 -133
7 856.2072 497.74075 0.015686275 -166
8 856.2072 497.74075 0.015686275 -168
9 759.29694 499.73972 0.015686275 -193
10 758.29785 499.73972 0.015686275 -193
11 758.29785 499.73972 0.015686275 -201
12 702.3497 499.73972 0.015686275 -218
13 637.7763 499.73972 0.01764706 -218
14 612.7677 499.73972 0.015686275 -282
15 601.7837 503.46503 0.015686275 -315
16 594.26904 508.3256 0.01764706 -331
17 588.5078 512.0315 0.01764706 -348
18 584.4623 515.7279 0.01764706 -364
19 580.6913 519.5004 0.01764706 -381
20 580.4625 522.7277 0.015686275 -397
21 580.4625 522.7277 0.015686275 -403
22 564.47736 563.70636 0.015686275 -428
23 558.4756 585.7609 0.013725491 -428
24 555.48566 627.4219 0.01764706 -463
25 553.4875 659.65643 0.01764706 -480
26 553.4875 659.65643 0.01764706 -489
27 552.48846 783.59186 0.01764706 -515
28 552.48846 783.59186 0.01764706 -515
29 551.4894 846.5591 0.01764706 -532
30 551.4894 846.5591 0.01764706 -532
31 550.4903 909.52625 0.01764706 -549
32 550.4903 909.52625 0.01764706 -549
33 547.49304 970.4945 0.01764706 -566
34 547.49304 970.4945 0.01764706 -566
35 547.49304 1003.47736 0.013725491 -584
36 534.50507 1090.432 0.013725491 -584
37 534.50507 1090.432 0.013725491 -668
0 983.0897 742.6132 0.01764706 -6
1 983.0897 742.6132 0.019607844 -6
2 983.0897 742.6132 0.01764706 -20
3 983.0897 742.6132 0.01764706 -38
4 983.0897 742.6132 0.01764706 -73
5 981.086 741.6109 0.01764706 -89
6 964.64404 738.6153 0.01764706 -106
7 929.21436 736.714 0.01764706 -139
8 903.4497 736.61633 0.01764706 -172
9 874.2666 736.61633 0.01764706 -188
10 841.95514 733.26154 0.015686275 -205
11 806.70636 732.6184 0.01764706 -221
12 734.51624 732.6184 0.015686275 -238
13 669.25085 734.15955 0.01764706 -271
14 644.2216 734.6174 0.01764706 -304
15 621.75275 734.6174 0.01764706 -320
16 602.6007 735.9008 0.01764706 -337
17 586.92896 735.6168 0.01764706 -353
18 573.1156 736.6605 0.01764706 -370
19 562.8839 737.6158 0.01764706 -386
20 556.1567 739.391 0.01764706 -403
21 550.6075 741.2415 0.01764706 -419
22 546.50366 743.1081 0.01764706 -436
23 542.783 744.9692 0.01764706 -452
24 539.109 749.0017 0.01764706 -469
25 534.1778 759.3688 0.01764706 -485
26 528.61383 782.1793 0.01764706 -502
27 521.97015 818.0043 0.01764706 -518
28 518.0513 857.1819 0.01764706 -535
29 515.0414 963.8759 0.01764706 -551
30 512.2653 1076.2084 0.01764706 -584
31 508.0467 1133.2043 0.01764706 -617
32 503.78983 1189.5609 0.01764706 -634
33 500.53653 1225.3618 0.01764706 -650
34 498.5384 1247.3503 0.01764706 -657
35 494.54208 1284.331 0.01764706 -682
36 492.54395 1314.3154 0.01764706 -682
37 491.54486 1324.3102 0.01764706 -699
38 490.5458 1346.2988 0.01764706 -732
39 490.5458 1350.2966 0.01764706 -732
0 980.0925 746.61115 0.019607844 0
1 980.0925 746.61115 0.01764706 0
2 980.0925 746.61115 0.01764706 -23
3 980.0925 746.61115 0.01764706 -40
4 972.9108 743.8155 0.01764706 -73
5 941.87103 739.8889 0.01764706 -106
6 885.73883 737.6158 0.01764706 -139
7 851.527 737.6158 0.01764706 -172
8 816.5335 737.6158 0.01764706 -188
9 743.3651 737.6158 0.01764706 -205
10 675.9625 737.6158 0.01764706 -238
11 648.40894 737.6158 0.01764706 -271
12 610.8581 737.6158 0.01764706 -287
13 597.64355 738.2493 0.01764706 -320
14 588.1469 739.0767 0.01764706 -337
15 580.0976 739.61475 0.01764706 -353
16 573.88116 739.61475 0.01764706 -370
17 569.3873 739.61475 0.01764706 -386
18 562.11365 743.9784 0.01764706 -403
19 554.5642 755.4512 0.01764706 -436
20 544.1363 793.0265 0.01764706 -469
21 539.11664 830.0012 0.01764706 -502
22 537.5023 902.1562 0.01764706 -518
23 536.50323 974.0769 0.01764706 -535
24 535.50415 1092.9595 0.01764706 -551
25 530.3955 1195.7382 0.01764706 -584
26 525.4962 1243.5244 0.01764706 -617
27 521.19464 1278.8297 0.01764706 -634
28 516.7924 1310.7853 0.01764706 -650
29 512.87396 1337.536 0.01764706 -667
30 511.2652 1354.6472 0.01764706 -683
31 509.27097 1369.6042 0.01764706 -700
32 508.52914 1376.2832 0.01764706 -716
33 508.52914 1381.2805 0.01764706 -722
0 1012.0629 484.74753 0.01764706 -9
1 1012.0629 484.74753 0.01764706 -19
2 1006.03827 482.7385 0.01764706 -44
3 999.2267 481.74908 0.01764706 -60
4 990.63544 480.86008 0.01764706 -77
5 964.9317 482.74857 0.015686275 -93
6 915.81885 485.747 0.015686275 -126
7 884.8586 486.84314 0.01764706 -159
8 851.319 489.7449 0.015686275 -176
9 812.7164 491.12076 0.01764706 -192
10 770.5051 491.74387 0.01764706 -209
11 734.3418 494.7423 0.015686275 -225
12 654.1593 496.74127 0.01764706 -242
13 634.25586 496.74127 0.015686275 -275
14 593.89594 499.73972 0.013725491 -291
15 570.8575 499.73972 0.01764706 -324
16 564.72406 499.73972 0.01764706 -357
17 556.55566 506.66513 0.01764706 -374
18 548.9221 516.87 0.01764706 -407
19 541.94794 546.8682 0.01764706 -440
20 541.4986 579.06805 0.01764706 -473
21 541.4986 626.73883 0.01764706 -489
22 545.8249 686.2291 0.01764706 -506
23 552.4117 754.5307 0.013725491 -522
24 558.6652 845.04266 0.01764706 -539
25 566.47546 940.7398 0.013725491 -555
26 566.47546 940.7398 0.013725491 -572
27 564.47736 1062.4467 0.013725491 -596
28 564.47736 1062.4467 0.013725491 -596
29 560.481 1124.4143 0.013725491 -613
30 559.48193 1128.4122 0.01764706 -613
31 559.48193 1128.4122 0.01764706 -621
32 557.4838 1187.3816 0.013725491 -638
33 548.6676 1210.8424 0.01764706 -638
34 548.4921 1211.369 0.01764706 -687
35 548.4921 1211.369 0.01764706 -689
0 967.10455 738.6153 0.01764706 -4
1 967.10455 738.6153 0.01764706 -4
2 967.10455 738.6153 0.01764706 -22
3 967.10455 738.6153 0.01764706 -38
4 965.32477 737.72504 0.01764706 -55
5 945.5978 737.6158 0.01764706 -71
6 927.1431 735.8668 0.01764706 -104
7 899.4474 735.6168 0.01764706 -121
8 868.0641 735.6168 0.01764706 -137
9 831.11304 734.6174 0.01764706 -154
10 791.4331 731.76776 0.01764706 -170
11 753.6487 728.5882 0.01764706 -187
12 679.0587 729.3514 0.01764706 -203
13 650.2034 731.89844 0.01764706 -236
14 602.1967 734.6363 0.01764706 -253
15 572.68604 735.6168 0.01764706 -286
16 565.4127 735.6168 0.01764706 -319
17 559.8788 737.1503 0.01764706 -335
18 555.7295 737.6158 0.01764706 -352
19 552.01587 738.8517 0.01764706 -368
20 548.2147 740.753 0.01764706 -385
21 539.8324 756.7199 0.01764706 -401
22 534.209 772.2524 0.01764706 -434
23 527.86993 798.79065 0.01764706 -451
24 521.87823 833.94305 0.01764706 -467
25 517.5715 877.9342 0.01764706 -484
26 513.8262 932.3347 0.01764706 -500
27 510.9587 992.14246 0.01764706 -517
28 508.12906 1050.8601 0.01764706 -533
29 505.20728 1112.7821 0.01764706 -550
30 501.44504 1194.0979 0.01764706 -566
31 498.50262 1242.2123 0.01764706 -583
32 496.5561 1282.031 0.01764706 -599
33 493.60696 1316.2904 0.01764706 -616
34 493.54303 1343.864 0.01764706 -632
35 493.54303 1367.1621 0.01764706 -649
36 493.54303 1384.7542 0.01764706 -665
37 493.54303 1386.278 0.01764706 -681
38 493.54303 1392.2748 0.01764706 -683
0 959.11194 501.73868 0.01764706 0
1 957.2132 501.83817 0.019607844 -7
2 955.28296 503.57025 0.01764706 -41
3 953.3567 504.7371 0.01764706 -58
4 953.1175 503.0527 0.01764706 -74
5 949.083 501.73868 0.015686275 -91
6 931.66626 505.79556 0.01764706 -124
7 886.79865 507.61166 0.01764706 -157
8 855.5364 503.4542 0.015686275 -190
9 766.8064 500.59317 0.015686275 -206
10 704.1915 500.7392 0.01764706 -239
11 654.9875 504.58566 0.013725491 -272
12 635.02057 512.3799 0.01764706 -305
13 621.8929 517.99585 0.01764706 -322
14 611.9039 522.3398 0.01764706 -338
15 598.91394 526.23645 0.01764706 -355
16 590.02264 529.8964 0.01764706 -371
17 582.646 533.6293 0.01764706 -388
18 570.4361 541.0753 0.01764706 -404
19 554.4563 572.77747 0.01764706 -437
20 546.82446 603.6145 0.01764706 -470
21 541.8742 636.97253 0.015686275 -487
22 537.8856 693.0351 0.01764706 -503
23 538.5014 796.5588 0.01764706 -520
24 537.5023 864.30927 0.01764706 -536
25 539.5005 929.70026 0.01764706 -553
26 539.51544 990.1107 0.01764706 -569
27 540.31116 1091.398 0.01764706 -585
28 539.68365 1123.2148 0.01764706 -618
29 537.72845 1139.822 0.01764706 -635
30 537.5023 1149.2706 0.01764706 -651
31 537.5023 1155.4288 0.01764706 -668
32 537.5023 1158.3966 0.01764706 -684
33 516.5217 1154.3987 0.019607844 -696
0 958.11285 519.7293 0.019607844 0
1 958.11285 519.7293 0.01764706 -5
2 958.11285 519.7293 0.01764706 -32
3 953.3982 514.8723 0.01764706 -65
4 938.0119 512.4644 0.013725491 -98
5 903.72046 515.56 0.015686275 -131
6 878.25024 517.7974 0.01764706 -164
7 849.2401 522.03564 0.01764706 -180
8 785.2636 527.0386 0.01764706 -197
9 752.8034 532.2477 0.015686275 -230
10 692.38116 538.56226 0.01764706 -246
11 648.4438 542.4903 0.01764706 -279
12 633.0047 544.39264 0.01764706 -312
13 621.54 546.29236 0.01764706 -329
14 612.06885 548.1874 0.01764706 -345
15 606.32764 550.0838 0.01764706 -362
16 601.8023 549.7137 0.01764706 -378
17 598.1379 550.8672 0.01764706 -395
18 591.21704 555.94604 0.01764706 -411
19 585.5357 568.3924 0.01764706 -428
20 585.4579 568.7038 0.015686275 -444
21 585.4579 568.7038 0.015686275 -444
22 571.4709 624.6746 0.015686275 -470
23 566.47546 658.6569 0.01764706 -470
24 566.47546 658.6569 0.01764706 -496
25 562.4792 752.608 0.013725491 -521
26 562.4792 752.608 0.013725491 -521
27 565.47644 813.57623 0.015686275 -539
28 565.47644 841.56165 0.01764706 -539
29 565.47644 841.56165 0.01764706 -556
30 564.47736 963.49817 0.01764706 -573
31 564.47736 963.49817 0.01764706 -573
32 565.47644 1030.4633 0.01764706 -589
33 565.47644 1030.4633 0.01764706 -589
34 565.47644 1088.4331 0.01764706 -606
35 564.47736 1105.4242 0.01764706 -606
36 564.47736 1105.4242 0.01764706 -623
37 563.4783 1185.3826 0.013725491 -648
38 559.48193 1195.3773 0.01764706 -648
39 537.5023 1183.3837 0.021568628 -698
0 774.2831 383.8001 0.019607844 0
1 770.5715 382.80063 0.019607844 0
2 767.6667 382.80063 0.019607844 -56
3 763.86743 382.80063 0.019607844 -73
4 752.2976 382.80063 0.019607844 -89
5 731.04224 382.80063 0.019607844 -122
6 692.88306 383.8001 0.019607844 -155
7 660.22504 385.077 0.019607844 -188
8 579.5903 388.90656 0.019607844 -205
9 512.65814 392.64444 0.019607844 -238
10 457.31155 397.2958 0.019607844 -271
11 434.3182 399.79178 0.019607844 -304
12 414.0096 401.4139 0.019607844 -320
13 400.46176 403.31784 0.019607844 -336
14 390.41937 405.23276 0.019607844 -353
15 382.43945 407.08957 0.019607844 -369
16 376.76382 409.0827 0.019607844 -386
17 368.69293 413.75018 0.019607844 -402
18 363.10483 422.89767 0.019607844 -435
19 356.66974 490.53864 0.019607844 -468
20 357.07562 536.8767 0.019607844 -518
21 360.35086 591.95905 0.019607844 -534
22 363.66327 643.66473 0.01764706 -551
23 405.62442 723.6231 0.023529414 -565
24 391.6374 774.59656 0.01764706 -591
25 418.6124 848.55804 0.023529414 -591
26 411.61887 855.5544 0.01764706 -599
27 425.60593 909.52625 0.023529414 -616
28 416.61426 916.52264 0.01764706 -616
29 408.62164 925.51794 0.01764706 -633
30 388.64014 976.4914 0.01764706 -633
31 412.61795 1033.4617 0.023529414 -658
32 404.62534 1039.4586 0.01764706 -683
33 393.01407 1053.8842 0.01764706 -683
34 390.6383 1057.4492 0.01764706 -716
35 389.63922 1059.4481 0.01764706 -725
0 963.1082 496.74127 0.01764706 0
1 963.1082 496.74127 0.01764706 0
2 960.7404 496.74127 0.01764706 -24
3 948.18384 496.74127 0.015686275 -90
4 918.6517 495.7418 0.01764706 -123
5 891.6722 495.7418 0.01764706 -156
6 831.13794 496.74127 0.01764706 -172
7 794.89923 498.03864 0.015686275 -205
8 743.7932 497.74075 0.015686275 -221
9 685.6862 497.74075 0.01764706 -238
10 662.01843 498.67712 0.015686275 -271
11 629.9752 498.74023 0.01764706 -287
12 615.1053 498.74023 0.015686275 -320
13 604.90796 498.74023 0.015686275 -337
14 596.77936 498.74023 0.015686275 -353
15 589.49036 505.45956 0.01764706 -370
16 583.9068 511.28625 0.01764706 -386
17 577.19916 519.08484 0.01764706 -403
18 577.19916 519.08484 0.01764706 -419
19 558.4829 567.7043 0.013725491 -445
20 553.3113 675.6682 0.01764706 -445
21 555.5647 737.72296 0.01764706 -502
22 570.9523 884.7188 0.015686275 -518
23 576.46625 1003.2125 0.015686275 -551
24 577.46533 1060.5771 0.015686275 -584
25 576.7025 1102.8112 0.015686275 -601
26 576.46625 1128.8911 0.015686275 -617
27 576.46625 1128.8911 0.015686275 -634
0 954.1166 700.6351 0.019607844 -6
1 954.1166 700.6351 0.019607844 -6
2 954.1166 700.6351 0.019607844 -33
3 954.1166 700.6351 0.01764706 -49
4 954.1166 700.6351 0.01764706 -66
5 950.35754 698.7548 0.01764706 -82
6 942.7236 697.63666 0.01764706 -99
7 929.62695 696.63715 0.01764706 -115
8 909.6175 696.63715 0.01764706 -131
9 883.82434 695.6377 0.01764706 -148
10 852.69885 693.9614 0.01764706 -164
11 784.2709 693.63873 0.01764706 -181
12 750.8305 693.63873 0.01764706 -214
13 717.84467 695.57404 0.01764706 -230
14 659.82983 701.14325 0.01764706 -247
15 636.39746 705.1806 0.01764706 -280
16 610.2972 709.98645 0.01764706 -296
17 593.8983 717.833 0.01764706 -313
18 582.5446 721.5906 0.01764706 -329
19 575.0346 723.48145 0.01764706 -346
20 569.22797 725.37054 0.01764706 -362
21 565.203 726.6215 0.01764706 -379
22 561.9678 726.6215 0.01764706 -395
23 558.7235 728.00037 0.01764706 -412
24 551.02563 740.7746 0.01764706 -428
25 547.2668 763.8478 0.01764706 -461
26 543.4167 792.22864 0.01764706 -478
27 540.54614 837.39636 0.01764706 -494
28 538.6384 890.55927 0.01764706 -511
29 537.5023 952.883 0.01764706 -527
30 536.50323 1016.0487 0.01764706 -544
31 529.89374 1126.9537 0.01764706 -560
32 523.9436 1180.384 0.01764706 -593
33 517.1307 1221.4875 0.01764706 -610
34 511.24478 1256.7548 0.01764706 -626
35 506.73788 1284.8811 0.01764706 -643
36 502.82672 1310.2712 0.01764706 -659
37 500.53653 1327.3087 0.01764706 -676
38 500.53653 1333.3055 0.01764706 -698
0 982.09064 542.71735 0.01764706 -6
1 982.09064 542.71735 0.01764706 -6
2 982.09064 542.71735 0.01764706 -59
3 982.09064 542.71735 0.01764706 -75
4 976.503 540.854 0.01764706 -92
5 953.1585 539.7189 0.01764706 -125
6 935.6677 541.46454 0.01764706 -158
7 911.86835 543.7168 0.015686275 -175
8 883.3209 545.89716 0.01764706 -191
9 851.2822 549.2891 0.015686275 -208
10 767.40234 554.1165 0.01764706 -224
11 736.6102 555.7106 0.015686275 -258
12 681.5424 557.85 0.015686275 -274
13 658.4018 557.70953 0.01764706 -307
14 640.2275 557.70953 0.01764706 -324
15 625.8233 557.70953 0.01764706 -340
16 606.4496 557.70953 0.01764706 -357
17 593.66223 557.70953 0.015686275 -390
18 579.10425 571.515 0.01764706 -423
19 564.4121 603.9468 0.01764706 -457
20 555.1224 668.68195 0.01764706 -490
21 551.3875 720.88696 0.01764706 -523
22 549.4912 776.8689 0.01764706 -539
23 548.4854 819.4391 0.01764706 -556
24 545.6262 871.2321 0.01764706 -573
25 542.7393 926.0991 0.01764706 -589
26 538.75757 966.03534 0.01764706 -606
27 535.6925 1002.64954 0.01764706 -622
28 531.9916 1044.0986 0.01764706 -639
29 528.06195 1069.6885 0.01764706 -655
30 527.20514 1082.2095 0.01764706 -672
31 527.5116 1089.5217 0.015686275 -689
32 527.5116 1090.432 0.013725491 -705
33 527.5116 1105.4242 0.015686275 -708
0 744.31085 923.519 0.019607844 -48
1 742.0685 923.519 0.019607844 -48
2 731.4877 924.47723 0.019607844 -57
3 700.2817 931.3083 0.019607844 -90
4 648.24274 936.32275 0.019607844 -124
5 614.2161 937.5117 0.01764706 -157
6 578.6745 936.7726 0.01764706 -173
7 540.8205 935.51276 0.019607844 -190
8 470.3514 935.51276 0.019607844 -206
9 405.3616 941.2057 0.019607844 -240
10 363.89386 948.8989 0.019607844 -273
11 351.17267 950.57666 0.019607844 -306
12 342.89664 952.4504 0.019607844 -322
13 336.24518 954.31744 0.019607844 -339
14 332.34207 954.50287 0.019607844 -355
15 328.60757 956.0461 0.019607844 -372
16 324.76273 958.4374 0.019607844 -389
17 317.2269 971.9319 0.019607844 -405
18 308.41766 1014.85626 0.019607844 -438
19 304.54297 1053.2897 0.019607844 -471
20 302.67386 1106.7084 0.019607844 -488
21 300.72156 1139.4065 0.01764706 -505
22 298.72342 1175.3878 0.019607844 -513
23 296.72525 1252.3477 0.019607844 -538
24 295.7262 1288.329 0.019607844 -538
25 293.72803 1323.3108 0.019607844 -547
26 290.7308 1356.2936 0.019607844 -564
27 272.74747 1522.2072 0.01764706 -564
28 270.7493 1539.1982 0.01764706 -614
29 268.75116 1573.1805 0.01764706 -640
30 269.75024 1599.1671 0.01764706 -640
31 269.75024 1599.1671 0.01764706 -664
0 966.10547 738.6153 0.01764706 -5
1 966.10547 738.6153 0.01764706 -5
2 966.10547 738.6153 0.01764706 -25
3 966.10547 738.6153 0.01764706 -41
4 956.1294 736.61633 0.01764706 -74
5 930.6834 736.61633 0.01764706 -108
6 882.92004 736.61633 0.01764706 -141
7 851.48645 736.61633 0.01764706 -174
8 786.1741 739.15015 0.01764706 -190
9 751.2209 742.0592 0.01764706 -224
10 713.11774 743.6127 0.01764706 -240
11 665.09393 749.0263 0.01764706 -257
12 646.9839 749.60956 0.01764706 -290
13 635.11334 749.60956 0.01764706 -306
14 625.6964 749.60956 0.01764706 -323
15 618.9179 750.609 0.01764706 -339
16 614.96045 750.609 0.01764706 -356
17 607.9312 750.609 0.01764706 -373
18 604.5276 752.5207 0.01764706 -406
19 600.6815 756.36835 0.01764706 -422
20 595.5873 765.324 0.01764706 -439
21 585.05273 799.2058 0.01764706 -455
22 579.1933 835.3674 0.01764706 -488
23 574.4445 882.85846 0.01764706 -505
24 570.5478 938.3705 0.01764706 -522
25 564.867 1058.2087 0.01764706 -538
26 560.0781 1120.8522 0.01764706 -571
27 554.91785 1185.5552 0.01764706 -588
28 550.3434 1248.4081 0.01764706 -604
29 545.84357 1302.3893 0.01764706 -621
30 545.49493 1308.3186 0.01764706 -637
31 543.49677 1323.3108 0.01764706 -640
32 539.5005 1353.2952 0.01764706 -674
33 537.5023 1366.7708 0.01764706 -674
34 537.5023 1368.2874 0.01764706 -704
35 536.50323 1370.2863 0.01764706 -708
0 965.1064 759.6044 0.019607844 0
1 965.1064 759.6044 0.01764706 -6
2 965.1064 759.6044 0.01764706 -31
3 965.1064 759.6044 0.01764706 -49
4 963.12756 758.61456 0.01764706 -61
5 948.498 752.68317 0.01764706 -99
6 919.2668 747.0345 0.01764706 -132
7 873.81323 743.6127 0.01764706 -165
8 843.35114 741.9557 0.01764706 -198
9 811.9305 741.6137 0.01764706 -214
10 748.20557 741.6137 0.01764706 -231
11 692.0139 743.8699 0.01764706 -263
12 644.7631 749.7161 0.01764706 -296
13 626.29706 751.6222 0.01764706 -329
14 611.8592 752.608 0.01764706 -346
15 601.13324 752.608 0.01764706 -362
16 583.9871 753.2257 0.01764706 -379
17 577.74475 754.60693 0.01764706 -412
18 572.56104 756.0606 0.01764706 -428
19 562.4685 765.86444 0.01764706 -445
20 555.9327 783.24976 0.01764706 -478
21 548.3211 817.43 0.01764706 -494
22 543.6322 862.72034 0.01764706 -511
23 540.64966 919.71106 0.01764706 -527
24 537.199 1050.9182 0.01764706 -544
25 529.0813 1178.7694 0.01764706 -576
26 514.15906 1269.8452 0.01764706 -609
27 507.41394 1308.7598 0.01764706 -642
28 502.88876 1331.1802 0.01764706 -659
29 499.02048 1350.6252 0.01764706 -675
30 496.25323 1361.7273 0.01764706 -692
31 495.54117 1367.2878 0.01764706 -708
32 495.54117 1367.2878 0.01764706 -723
0 964.1073 694.6382 0.019607844 0
1 964.1073 694.6382 0.01764706 -5
2 964.1073 694.6382 0.01764706 -57
3 956.13275 692.3121 0.01764706 -96
4 931.60767 692.8303 0.01764706 -129
5 908.7677 694.83734 0.01764706 -162
6 882.88196 696.73 0.01764706 -178
7 849.9333 699.786 0.01764706 -195
8 804.6547 704.6901 0.01764706 -211
9 767.2021 706.53595 0.01764706 -228
10 732.7745 708.4947 0.01764706 -244
11 702.1082 707.6314 0.01764706 -261
12 653.6228 709.2078 0.01764706 -277
13 634.5147 712.80554 0.01764706 -310
14 619.1045 718.57495 0.01764706 -327
15 607.0858 722.4078 0.01764706 -343
16 590.63074 725.8276 0.01764706 -360
17 582.4621 728.6198 0.01764706 -393
18 577.53955 732.5442 0.01764706 -426
19 564.00354 764.02484 0.01764706 -442
20 557.9356 801.9644 0.01764706 -476
21 554.65985 860.0026 0.01764706 -493
22 555.26086 929.1914 0.01764706 -509
23 555.48566 1004.7553 0.01764706 -526
24 554.86273 1174.1984 0.01764706 -542
25 552.48846 1229.3596 0.01764706 -575
26 550.4903 1265.341 0.01764706 -586
27 546.494 1323.3108 0.01764706 -611
28 544.49585 1353.2952 0.01764706 -611
29 542.4977 1373.2847 0.01764706 -628
30 539.5005 1392.2748 0.01764706 -628
31 535.50415 1425.2577 0.01764706 -653
32 531.5079 1452.431 0.01764706 -653
33 531.5079 1454.2426 0.01764706 -691
34 530.5088 1456.2415 0.01764706 -696
0 773.284 383.8001 0.019607844 0
1 773.284 383.8001 0.019607844 0
2 768.6926 382.93533 0.019607844 -18
3 762.72003 382.80063 0.019607844 -54
4 754.3767 382.80063 0.019607844 -70
5 743.92834 383.53073 0.019607844 -87
6 724.9749 385.46774 0.01764706 -103
7 679.8705 390.79645 0.019607844 -120
8 644.0935 392.77307 0.019607844 -152
9 606.51385 395.21124 0.01764706 -169
10 529.6254 397.79282 0.019607844 -186
11 469.37994 398.7923 0.019607844 -219
12 422.03802 400.79126 0.01764706 -252
13 400.35654 400.79126 0.019607844 -285
14 394.5101 400.79126 0.019607844 -318
15 390.43008 400.79126 0.019607844 -334
16 387.142 400.79126 0.019607844 -351
17 385.28412 400.79126 0.019607844 -367
18 383.3592 402.07642 0.01764706 -384
19 380.0773 405.35965 0.019607844 -400
20 376.37128 421.1818 0.01764706 -417
21 371.506 446.51743 0.019607844 -433
22 368.68143 487.2446 0.01764706 -450
23 368.65866 543.61005 0.01764706 -466
24 373.1348 615.75 0.01764706 -483
25 376.1998 686.60535 0.01764706 -499
26 379.64847 761.4784 0.019607844 -516
27 380.0073 827.79443 0.01764706 -532
28 373.0812 934.1003 0.019607844 -548
29 365.81265 1008.2638 0.01764706 -581
30 362.3467 1050.6772 0.01764706 -614
31 361.66513 1055.4503 0.01764706 -647
32 361.66513 1060.4476 0.01764706 -653
0 691.35986 959.50024 0.019607844 -25
1 691.35986 959.50024 0.019607844 -25
2 691.35986 959.50024 0.019607844 -34
3 691.35986 959.50024 0.019607844 -51
4 691.35986 959.50024 0.019607844 -67
5 691.35986 959.50024 0.01764706 -84
6 691.35986 959.50024 0.01764706 -100
7 691.35986 959.50024 0.01764706 -117
8 689.8584 958.7492 0.01764706 -133
9 684.54834 956.7972 0.01764706 -150
10 674.56836 955.5023 0.01764706 -166
11 659.21796 955.5023 0.01764706 -183
12 612.98505 958.961 0.01764706 -199
13 583.5913 960.8907 0.01764706 -232
14 515.98376 964.4976 0.01764706 -249
15 439.2831 965.49713 0.01764706 -282
16 410.47052 965.49713 0.01764706 -315
17 399.62997 965.49713 0.01764706 -331
18 386.642 965.49713 0.01764706 -339
19 364.66235 966.4966 0.01764706 -365
20 338.06708 967.4961 0.019607844 -365
21 330.13748 967.4961 0.019607844 -397
22 323.10477 968.49554 0.019607844 -413
23 317.49237 969.8994 0.019607844 -430
24 314.28937 970.7042 0.019607844 -446
25 310.39642 972.6515 0.019607844 -463
26 305.59952 977.6083 0.019607844 -479
27 299.923 984.2197 0.019607844 -496
28 294.24786 997.0931 0.019607844 -512
29 286.82214 1016.9353 0.019607844 -529
30 279.191 1048.5687 0.019607844 -545
31 273.10986 1090.0759 0.019607844 -562
32 261.6566 1202.4862 0.019607844 -578
33 256.09857 1267.5331 0.019607844 -611
34 250.08954 1331.548 0.019607844 -628
35 241.25325 1413.8462 0.019607844 -644
36 237.77983 1436.252 0.019607844 -661
37 234.78261 1460.2394 0.019607844 -668
38 229.78723 1499.2191 0.019607844 -693
39 225.79094 1527.2046 0.01764706 -693
40 223.79279 1538.1989 0.01764706 -710
0 966.10547 494.7423 0.01764706 0
1 966.10547 494.7423 0.01764706 0
2 966.10547 494.7423 0.01764706 -23
3 965.0946 493.73108 0.01764706 -35
4 960.1104 493.74283 0.015686275 -56
5 949.24567 493.74283 0.015686275 -73
6 914.9144 495.58173 0.01764706 -89
7 859.59534 497.5148 0.01764706 -122
8 828.61414 501.986 0.01764706 -155
9 764.0256 519.9337 0.01764706 -171
10 701.13873 531.4997 0.01764706 -204
11 648.1976 537.9033 0.01764706 -237
12 584.649 541.71783 0.01764706 -270
13 573.18823 541.71783 0.01764706 -320
14 565.3792 541.71783 0.01764706 -336
15 555.48566 541.71783 0.01764706 -353
16 551.53296 541.71783 0.01764706 -386
17 550.1723 541.71783 0.01764706 -402
18 546.94507 543.9909 0.015686275 -419
19 537.3893 624.503 0.01764706 -435
20 537.5023 697.3215 0.01764706 -468
21 537.5023 697.3215 0.01764706 -485
22 301.72064 1522.2072 0.01764706 -549
23 296.72128 1539.9628 0.01764706 -549
24 293.72803 1551.192 0.01764706 -567
25 287.73358 1573.1805 0.01764706 -574
26 274.7456 1621.1556 0.019607844 -599
27 261.75763 1661.1348 0.01764706 -599
28 261.75763 1661.1348 0.01764706 -640
0 959.11194 687.64185 0.01764706 -9
1 958.11285 687.64185 0.01764706 -9
2 951.8035 687.64185 0.01764706 -52
3 941.9142 688.6769 0.01764706 -68
4 906.0887 695.48315 0.01764706 -85
5 879.0699 699.3845 0.01764706 -118
6 813.46893 705.34247 0.01764706 -134
7 743.36273 708.6309 0.01764706 -167
8 711.6558 711.0313 0.01764706 -200
9 682.60834 713.6283 0.01764706 -217
10 636.8581 718.0493 0.01764706 -233
11 615.15875 722.8778 0.01764706 -266
12 601.11926 725.66833 0.01764706 -283
13 592.70734 727.557 0.01764706 -299
14 580.9709 727.62103 0.01764706 -316
15 577.1936 727.62103 0.01764706 -349
16 574.93787 727.62103 0.01764706 -365
17 572.602 729.0542 0.01764706 -382
18 562.42236 744.72595 0.01764706 -398
19 548.2532 803.8369 0.01764706 -431
20 542.4243 845.14703 0.01764706 -464
21 536.6225 897.86084 0.01764706 -481
22 531.7467 955.91614 0.01764706 -497
23 527.7038 1019.31274 0.01764706 -514
24 523.0346 1079.173 0.01764706 -530
25 519.11725 1135.3365 0.01764706 -547
26 511.36044 1226.7711 0.01764706 -563
27 507.05862 1284.0502 0.01764706 -596
28 505.091 1303.1758 0.019607844 -629
29 503.1493 1318.2374 0.01764706 -646
30 502.5347 1330.3071 0.01764706 -662
31 502.5347 1332.306 0.01764706 -692
0 728.3256 910.52576 0.019607844 0
1 728.3256 910.52576 0.01764706 0
2 728.3256 910.52576 0.019607844 -24
3 728.3256 910.52576 0.01764706 -41
4 726.26385 910.52576 0.01764706 -52
5 706.53046 910.52576 0.01764706 -74
6 688.1951 910.52576 0.01764706 -107
7 662.5275 910.52576 0.01764706 -123
8 591.3609 909.52625 0.01764706 -140
9 549.83856 906.5987 0.01764706 -173
10 510.191 906.52783 0.01764706 -189
11 439.571 907.25085 0.01764706 -206
12 410.7852 910.8847 0.01764706 -239
13 390.31418 914.49176 0.019607844 -255
14 358.26666 921.9203 0.019607844 -271
15 347.32486 924.789 0.019607844 -304
16 340.3206 927.699 0.019607844 -320
17 335.78027 929.4703 0.019607844 -337
18 332.00897 931.3567 0.019607844 -353
19 328.2377 933.2431 0.019607844 -370
20 324.463 936.7487 0.019607844 -386
21 317.0569 948.80493 0.019607844 -403
22 309.29105 970.9733 0.019607844 -436
23 303.1794 988.1049 0.019607844 -469
24 295.47787 1024.647 0.019607844 -485
25 287.84018 1066.8575 0.019607844 -502
26 282.18768 1115.3783 0.019607844 -518
27 277.39023 1172.7026 0.019607844 -535
28 272.5882 1230.9529 0.019607844 -551
29 267.8388 1287.186 0.019607844 -568
30 262.04892 1343.3848 0.019607844 -584
31 256.26102 1389.2888 0.019607844 -600
32 244.53075 1473.3467 0.019607844 -617
33 240.98282 1506.3619 0.019607844 -650
34 236.07918 1541.1664 0.019607844 -666
35 233.45949 1570.7228 0.019607844 -683
36 231.78539 1593.991 0.019607844 -699
37 231.78539 1625.5922 0.019607844 -716
38 232.98639 1630.757 0.019607844 -749
39 234.93886 1633.3058 0.01764706 -765
40 234.93886 1633.3058 0.01764706 -782
0 975.09717 701.6345 0.019607844 0
1 975.09717 701.6345 0.01764706 0
2 969.84283 701.6345 0.01764706 -21
3 961.35516 702.3851 0.01764706 -64
4 947.03485 704.30963 0.01764706 -80
5 900.7536 706.63196 0.01764706 -97
6 835.5543 703.781 0.01764706 -130
7 799.72003 705.63245 0.01764706 -163
8 788.27014 704.633 0.01764706 -179
9 766.29047 676.6476 0.023529414 -185
10 731.3229 689.6408 0.01764706 -210
11 663.5984 701.7536 0.01764706 -210
12 614.43115 718.2925 0.01764706 -245
13 586.3793 725.4377 0.01764706 -278
14 579.30896 727.33936 0.01764706 -312
15 574.2534 728.6205 0.01764706 -329
16 571.9914 728.6205 0.01764706 -345
17 570.1173 728.6205 0.01764706 -362
18 568.2731 728.6205 0.01764706 -378
19 566.31323 730.7817 0.01764706 -395
20 562.29816 737.97797 0.01764706 -411
21 558.4679 753.6901 0.01764706 -428
22 554.5979 772.04065 0.01764706 -444
23 550.78156 803.6664 0.01764706 -461
24 548.7107 844.7468 0.01764706 -477
25 546.78516 895.0819 0.01764706 -493
26 545.49493 962.3115 0.01764706 -510
27 545.49493 1027.765 0.01764706 -526
28 545.49493 1093.7813 0.01764706 -543
29 545.49493 1159.9443 0.01764706 -559
30 544.06744 1221.6565 0.01764706 -576
31 537.8598 1319.4137 0.01764706 -592
32 533.8939 1363.6301 0.01764706 -625
33 531.1821 1384.8654 0.01764706 -642
34 527.1083 1410.0912 0.01764706 -658
35 524.3479 1435.9178 0.01764706 -675
36 524.51434 1447.2462 0.01764706 -691
37 524.51434 1447.2462 0.01764706 -707
0 755.30066 910.52576 0.019607844 -79
1 749.2965 910.52576 0.019607844 -79
2 728.57184 915.36743 0.019607844 -96
3 686.7987 921.27484 0.01764706 -129
4 657.04944 924.03094 0.019607844 -162
5 589.32477 926.5174 0.01764706 -178
6 552.7938 926.5174 0.01764706 -211
7 518.74744 926.5174 0.01764706 -228
8 486.96616 927.9555 0.019607844 -244
9 433.18362 934.1442 0.019607844 -261
10 396.87106 939.6058 0.019607844 -294
11 384.37442 941.5545 0.019607844 -327
12 375.88318 943.45074 0.019607844 -343
13 366.2882 946.1935 0.019607844 -360
14 362.3954 948.1407 0.019607844 -392
15 358.61975 950.0293 0.019607844 -409
16 354.8285 953.34644 0.019607844 -425
17 349.77853 958.3984 0.019607844 -442
18 343.82944 967.91614 0.019607844 -458
19 335.866 989.78894 0.019607844 -475
20 328.29724 1025.4598 0.01764706 -491
21 323.58914 1068.7781 0.01764706 -508
22 319.68143 1117.7002 0.019607844 -524
23 315.7822 1179.155 0.01764706 -541
24 314.7771 1246.814 0.01764706 -557
25 312.819 1311.6228 0.01764706 -574
26 309.9651 1375.2504 0.01764706 -590
27 305.21317 1434.4606 0.01764706 -607
28 300.35095 1485.1938 0.01764706 -623
29 294.43988 1527.217 0.01764706 -640
30 287.5749 1561.7003 0.019607844 -656
31 275.44748 1610.9996 0.01764706 -673
32 272.74747 1623.1715 0.01764706 -706
33 271.74838 1632.1499 0.01764706 -722
34 271.74838 1632.1499 0.01764706 -734
0 978.09436 694.6382 0.01764706 -15
1 978.09436 694.6382 0.01764706 -15
2 978.09436 694.6382 0.01764706 -39
3 973.8533 694.6382 0.01764706 -58
4 965.7481 694.6382 0.01764706 -74
5 939.7333 696.56177 0.01764706 -91
6 894.7845 700.5199 0.01764706 -124
7 866.96326 702.46124 0.01764706 -157
8 800.5203 704.633 0.01764706 -173
9 765.25256 702.965 0.01764706 -206
10 700.13885 701.6345 0.01764706 -222
11 645.52747 701.98663 0.01764706 -255
12 607.99835 704.633 0.01764706 -288
13 594.25745 706.8022 0.01764706 -321
14 584.16693 708.68933 0.01764706 -338
15 577.6143 710.5802 0.01764706 -354
16 572.0449 711.62933 0.01764706 -371
17 568.0692 714.3303 0.01764706 -387
18 560.5934 718.06976 0.01764706 -404
19 555.3138 721.7961 0.01764706 -437
20 551.0963 725.0158 0.01764706 -470
21 547.31714 739.3191 0.01764706 -486
22 541.59406 760.2855 0.01764706 -503
23 536.8773 796.4651 0.01764706 -519
24 533.7158 836.1545 0.01764706 -536
25 531.79016 882.7593 0.01764706 -552
26 528.5106 997.9825 0.01764706 -569
27 529.02856 1063.0359 0.01764706 -602
28 529.5097 1120.3058 0.01764706 -618
29 529.5097 1168.0349 0.01764706 -635
30 527.13715 1212.2397 0.01764706 -651
31 525.2197 1245.0552 0.01764706 -668
32 522.27856 1293.9424 0.01764706 -684
33 519.519 1324.9026 0.01764706 -717
34 519.519 1327.3087 0.01764706 -750
35 519.519 1330.3071 0.01764706 -757
0 997.0768 695.6377 0.019607844 0
1 997.0768 695.6377 0.01764706 0
2 997.0768 695.6377 0.01764706 -35
3 992.18365 693.67285 0.01764706 -68
4 985.1963 692.6392 0.01764706 -101
5 970.62085 692.6392 0.01764706 -117
6 949.42 692.6392 0.01764706 -134
7 920.563 692.6392 0.01764706 -150
8 886.26105 692.6392 0.01764706 -167
9 848.4282 691.85034 0.01764706 -183
10 810.9452 691.6398 0.01764706 -200
11 774.17065 688.92865 0.01764706 -216
12 709.62756 689.1554 0.01764706 -233
13 662.7198 691.6398 0.01764706 -266
14 635.2252 693.8759 0.01764706 -299
15 626.9678 695.75055 0.01764706 -332
16 621.41394 697.6402 0.01764706 -348
17 617.6528 699.52325 0.01764706 -365
18 613.11255 703.7265 0.01764706 -381
19 605.3899 717.25024 0.01764706 -398
20 599.9445 730.1197 0.01764706 -431
21 594.0745 755.0253 0.01764706 -447
22 588.7129 789.49274 0.01764706 -464
23 580.9659 927.16174 0.01764706 -480
24 579.26965 990.2729 0.01764706 -513
25 575.2603 1051.765 0.01764706 -530
26 562.47943 1171.3877 0.01764706 -546
27 551.6498 1275.4895 0.01764706 -579
28 547.5973 1319.2692 0.01764706 -612
29 544.66595 1357.5049 0.01764706 -629
30 542.61096 1380.1473 0.01764706 -645
31 541.4986 1397.1772 0.01764706 -662
32 541.4986 1408.5455 0.01764706 -678
33 540.4995 1413.2639 0.01764706 -695
34 540.4995 1413.2639 0.01764706 -704
0 765.2914 915.52313 0.019607844 0
1 765.2914 915.52313 0.01764706 -5
2 765.2914 915.52313 0.01764706 -41
3 763.12805 914.44104 0.01764706 -52
4 758.05444 912.44354 0.01764706 -74
5 749.9865 912.5247 0.01764706 -90
6 733.82904 912.5247 0.01764706 -107
7 710.8689 911.5252 0.01764706 -123
8 680.8803 913.55676 0.015686275 -140
9 661.38763 911.5252 0.01764706 -156
10 661.38763 911.5252 0.01764706 -164
11 625.4209 497.74075 0.01764706 -278
12 615.0577 497.74075 0.015686275 -278
13 600.827 497.74075 0.01764706 -305
14 595.8895 497.74075 0.01764706 -338
15 591.50806 499.684 0.015686275 -354
16 588.4163 506.8137 0.015686275 -371
17 586.04877 513.36694 0.015686275 -387
18 580.11694 529.58887 0.015686275 -404
19 568.0755 563.9018 0.01764706 -437
20 561.57794 596.90546 0.01764706 -470
21 555.814 630.0284 0.01764706 -486
22 552.8516 678.64764 0.01764706 -503
23 551.02747 736.1646 0.01764706 -519
24 549.8214 795.3225 0.01764706 -536
25 548.9687 913.5994 0.01764706 -552
26 548.9864 961.66815 0.013725491 -585
27 547.49304 1011.8896 0.01764706 -602
28 545.49493 1109.0883 0.01764706 -618
29 545.7794 1158.7941 0.01764706 -651
30 544.49585 1193.3784 0.015686275 -668
31 544.49585 1193.3784 0.015686275 -690
0 998.07587 517.73035 0.015686275 -124
1 991.5909 518.8116 0.01764706 -124
2 952.9491 517.6742 0.01764706 -133
3 924.3069 521.70795 0.01764706 -166
4 861.77765 519.3229 0.01764706 -183
5 826.2142 518.0292 0.01764706 -216
6 788.9959 523.93933 0.015686275 -232
7 757.0914 527.0865 0.01764706 -249
8 698.3677 534.3179 0.01764706 -265
9 666.6484 539.1603 0.01764706 -299
10 643.15857 539.7189 0.01764706 -315
11 627.28644 542.1915 0.01764706 -332
12 615.5901 544.85626 0.01764706 -348
13 607.41113 546.7218 0.01764706 -365
14 600.6748 548.6372 0.015686275 -381
15 593.445 548.7142 0.015686275 -398
16 587.45605 550.21344 0.015686275 -431
17 583.1757 553.2804 0.015686275 -464
18 577.3817 564.8732 0.01764706 -481
19 567.3849 589.00726 0.013725491 -497
20 557.7547 664.1234 0.013725491 -530
21 556.43604 758.72754 0.01764706 -564
22 560.054 867.9861 0.01764706 -597
23 558.86035 909.2374 0.013725491 -630
24 559.48193 947.00256 0.015686275 -646
25 555.9849 987.7375 0.01764706 -663
26 553.4875 1021.9539 0.015686275 -680
27 553.4875 1044.2262 0.013725491 -713
28 552.56366 1057.9972 0.01764706 -741
29 550.4903 1076.1195 0.01764706 -757
30 550.4903 1083.8724 0.01764706 -790
31 549.4912 1087.4336 0.01764706 -807
32 549.4912 1087.4336 0.01764706 -817
