0 728.3256 858.5528 0.023529414 -206
1 681.37054 854.66614 0.023529414 -206
2 623.08014 849.17865 0.025490198 -230
3 568.093 844.6014 0.025490198 -263
4 547.863 843.5606 0.025490198 -296
5 532.3177 842.31805 0.025490198 -313
6 524.1598 841.6906 0.025490198 -329
7 517.5833 841.56165 0.025490198 -346
8 513.34576 841.56165 0.025490198 -362
9 510.13324 841.56165 0.025490198 -379
10 506.92166 841.56165 0.025490198 -395
11 503.00885 841.56165 0.025490198 -412
12 499.8209 841.56165 0.025490198 -445
13 498.18655 841.56165 0.025490198 -478
14 496.5975 841.56165 0.025490198 -494
15 495.04163 843.0609 0.025490198 -511
16 490.39862 861.2143 0.025490198 -527
17 486.692 883.1126 0.025490198 -544
18 485.5504 920.0562 0.025490198 -560
19 478.65125 964.41156 0.025490198 -577
20 476.55875 1011.7241 0.025490198 -593
21 470.96927 1072.9604 0.025490198 -610
22 466.80435 1122.254 0.025490198 -626
23 454.58148 1207.3545 0.025490198 -643
24 454.62418 1244.7426 0.025490198 -659
25 448.68005 1299.7207 0.025490198 -676
26 444.0492 1355.3889 0.025490198 -692
27 434.57474 1422.5598 0.025490198 -709
28 425.4829 1472.0337 0.025490198 -742
29 420.1348 1499.5521 0.025490198 -775
30 418.46954 1504.6453 0.025490198 -808
31 417.7051 1509.0302 0.025490198 -824
32 416.61426 1511.8031 0.025490198 -841
33 415.58932 1515.2367 0.025490198 -857
34 414.6161 1518.6448 0.025490198 -890
35 412.4994 1518.2092 0.025490198 -923
36 410.07242 1518.2092 0.025490198 -940
37 409.62073 1519.2087 0.025490198 -973
38 410.6198 1519.2087 0.025490198 -1006
39 412.61795 1519.2087 0.023529414 -1025
0 825.2359 834.5653 0.023529414 -72
1 814.3967 836.975 0.023529414 -72
2 772.7845 845.0598 0.023529414 -83
3 749.94525 847.7398 0.023529414 -116
4 725.2747 850.3105 0.023529414 -133
5 686.37585 850.557 0.023529414 -149
6 657.1904 850.557 0.023529414 -166
7 621.6481 850.557 0.025490198 -182
8 588.2776 849.44867 0.025490198 -199
9 530.09656 849.5575 0.025490198 -215
10 489.92587 850.557 0.025490198 -248
11 464.94012 852.0131 0.025490198 -281
12 461.36777 851.55646 0.025490198 -314
13 459.19504 850.557 0.025490198 -331
14 457.3352 850.3158 0.025490198 -347
15 454.1783 849.5575 0.025490198 -364
16 451.08234 851.05676 0.025490198 -397
17 448.48193 864.1669 0.025490198 -429
18 441.12924 931.9116 0.025490198 -446
19 437.18292 978.00507 0.025490198 -479
20 428.89197 1103.9558 0.025490198 -496
21 425.60596 1161.395 0.025490198 -529
22 413.7051 1255.4751 0.025490198 -545
23 395.3115 1380.1838 0.025490198 -562
24 395.3115 1380.1838 0.025490198 -595
0 748.3071 421.7803 0.023529414 -144
1 736.69385 421.7803 0.023529414 -144
2 716.2638 420.78082 0.023529414 -165
3 690.5896 423.45837 0.023529414 -182
4 661.3698 424.77875 0.023529414 -198
5 629.19257 427.36438 0.023529414 -215
6 589.6492 428.77667 0.023529414 -231
7 558.81244 430.53522 0.023529414 -248
8 513.8495 432.13077 0.023529414 -264
9 463.64044 435.2398 0.023529414 -281
10 435.5057 434.77356 0.023529414 -314
11 407.58768 434.77356 0.023529414 -330
12 400.1189 434.77356 0.025490198 -363
13 392.64627 434.77356 0.025490198 -380
14 389.46756 434.77356 0.023529414 -413
15 387.2596 434.77356 0.023529414 -446
16 387.64108 434.77356 0.023529414 -479
17 387.64108 434.77356 0.023529414 -486
18 514.5236 680.6455 0.023529414 -516
19 513.52454 684.6434 0.025490198 -516
20 492.54395 669.6512 0.03137255 -527
21 69.93524 1238.355 0.025490198 -547
22 62.94172 1276.3352 0.025490198 -547
23 62.94172 1276.3352 0.025490198 -558
0 756.29974 417.7824 0.023529414 -157
1 723.37384 412.09976 0.023529414 -157
2 685.98694 404.56024 0.023529414 -185
3 675.37463 401.7907 0.023529414 -202
4 668.3811 427.7772 0.03137255 -206
5 667.3821 526.72565 0.023529414 -247
6 651.2996 536.2195 0.023529414 -247
7 625.8889 542.77655 0.023529414 -268
8 589.5427 549.26373 0.023529414 -284
9 560.22833 551.74426 0.023529414 -301
10 541.8691 553.31445 0.023529414 -317
11 527.10254 554.86755 0.023529414 -334
12 517.467 554.71106 0.023529414 -350
13 510.79587 554.71106 0.023529414 -367
14 504.93497 554.71106 0.023529414 -383
15 500.79294 556.45355 0.023529414 -416
16 495.47137 579.25726 0.023529414 -449
17 490.99484 606.4142 0.023529414 -482
18 490.5458 659.99176 0.023529414 -499
19 486.51175 702.1442 0.023529414 -515
20 481.0404 828.30945 0.023529414 -532
21 480.61743 883.5418 0.023529414 -565
22 477.34756 953.39575 0.023529414 -581
23 476.46573 1071.6489 0.023529414 -598
24 480.61514 1220.6273 0.023529414 -631
25 480.55505 1250.2441 0.023529414 -680
26 480.55505 1267.3257 0.023529414 -697
27 480.55505 1282.9624 0.023529414 -713
28 480.55505 1290.9033 0.023529414 -730
29 480.55505 1296.035 0.023529414 -746
30 480.55505 1298.3237 0.023529414 -763
31 480.55505 1299.3232 0.023529414 -773
0 852.21094 806.5799 0.019607844 -88
1 847.42236 808.0274 0.021568628 -88
2 829.64905 814.171 0.021568628 -102
3 781.8025 822.63074 0.023529414 -135
4 748.31775 826.604 0.023529414 -168
5 712.45844 830.1278 0.023529414 -184
6 680.5438 832.35944 0.023529414 -201
7 646.20105 834.58075 0.023529414 -217
8 610.70306 836.64667 0.023529414 -234
9 585.4192 838.2804 0.023529414 -250
10 557.7403 841.2 0.023529414 -267
11 537.4506 842.4822 0.023529414 -283
12 521.40576 843.072 0.023529414 -300
13 509.0143 843.5606 0.023529414 -316
14 500.69476 843.5606 0.023529414 -333
15 495.61874 843.5606 0.025490198 -349
16 492.7263 843.5606 0.023529414 -366
17 489.54184 843.5606 0.025490198 -382
18 487.4671 843.5606 0.023529414 -399
19 479.86252 843.5606 0.025490198 -415
20 476.55878 843.5606 0.025490198 -465
21 469.3286 843.5606 0.025490198 -481
22 462.79782 842.86755 0.025490198 -498
23 455.1777 841.2816 0.025490198 -514
24 448.12253 840.5622 0.025490198 -531
25 441.71622 840.5622 0.025490198 -547
26 433.2719 840.5622 0.025490198 -564
27 428.7436 842.42065 0.025490198 -597
28 425.60596 851.5565 0.023529414 -630
29 426.605 887.2784 0.023529414 -646
30 429.2968 929.4274 0.023529414 -663
31 432.0984 1013.17725 0.023529414 -679
32 436.5017 1067.5851 0.023529414 -696
33 432.57092 1236.7844 0.023529414 -712
34 431.54794 1300.373 0.023529414 -745
35 424.18582 1396.7512 0.023529414 -762
36 419.90244 1437.1401 0.023529414 -778
37 415.5935 1480.0763 0.023529414 -795
38 405.57358 1522.4106 0.023529414 -811
39 401.70993 1531.0388 0.023529414 -844
40 399.39725 1536.0493 0.023529414 -861
41 395.72452 1541.1063 0.023529414 -877
42 393.63553 1544.5906 0.023529414 -910
43 393.63553 1546.4312 0.023529414 -943
44 393.63553 1546.1947 0.023529414 -960
45 393.63553 1546.1947 0.023529414 -976
46 396.22424 1546.1947 0.023529414 -993
47 397.63184 1546.1947 0.021568628 -1009
48 403.62628 1546.1947 0.019607844 -1014
0 793.2655 816.5747 0.021568628 -164
1 751.545 818.6067 0.021568628 -164
2 709.4094 818.9182 0.021568628 -183
3 662.98755 817.2513 0.021568628 -199
4 662.98755 817.2513 0.023529414 -216
5 610.4348 814.57574 0.023529414 -243
6 587.45605 815.5752 0.023529414 -243
7 570.4718 816.5747 0.023529414 -253
8 542.4977 818.57367 0.023529414 -283
9 531.5079 819.5731 0.023529414 -283
10 522.5162 819.5731 0.023529414 -293
11 492.54395 820.5726 0.023529414 -384
12 490.5458 820.5726 0.023529414 -384
13 486.5495 820.5726 0.023529414 -414
14 484.55133 820.5726 0.023529414 -414
15 456.57724 821.5721 0.025490198 -505
16 454.5791 822.57153 0.025490198 -505
17 452.58093 823.57104 0.025490198 -526
18 447.62027 828.52216 0.025490198 -526
19 436.19928 872.3313 0.025490198 -546
20 430.28494 909.9704 0.025490198 -579
21 417.7551 1026.4786 0.023529414 -595
22 408.82535 1097.8816 0.023529414 -628
23 404.52795 1157.3217 0.025490198 -645
24 398.9062 1211.6531 0.023529414 -661
25 384.81808 1330.7955 0.023529414 -678
26 383.14523 1360.7913 0.023529414 -711
27 377.18665 1410.9064 0.023529414 -726
28 375.83783 1437.6715 0.023529414 -744
29 373.1077 1461.4412 0.023529414 -760
30 371.45438 1480.2461 0.023529414 -777
31 371.65588 1491.7397 0.023529414 -793
32 371.65588 1499.1398 0.025490198 -810
33 371.65588 1504.0315 0.025490198 -826
34 370.6568 1508.2361 0.023529414 -843
35 368.65866 1513.2178 0.025490198 -859
36 368.65866 1513.2118 0.023529414 -909
37 372.65494 1513.2118 0.021568628 -942
38 377.65033 1513.2118 0.019607844 -966
0 795.2637 403.78967 0.019607844 -87
1 788.7643 405.2065 0.019607844 -87
2 754.453 406.5458 0.021568628 -100
3 708.1425 402.3213 0.023529414 -133
4 697.3543 399.79178 0.023529414 -149
5 686.3645 431.77512 0.03137255 -155
6 584.45886 384.79956 0.023529414 -185
7 529.29913 377.87183 0.023529414 -185
8 424.47275 368.44135 0.023529414 -215
9 342.44717 362.0271 0.023529414 -248
10 330.66922 360.80856 0.023529414 -281
11 322.24673 360.81207 0.023529414 -298
12 317.15363 359.62845 0.023529414 -314
13 314.90366 358.8131 0.023529414 -331
14 313.32697 358.8131 0.023529414 -347
15 311.71136 358.8131 0.023529414 -364
16 311.71136 358.8131 0.019607844 -396
17 317.7648 387.18182 0.019607844 -430
18 324.19852 429.5129 0.021568628 -463
19 330.09528 499.55087 0.019607844 -479
20 328.69565 551.3767 0.019607844 -496
21 326.44705 629.3304 0.023529414 -512
22 315.97275 747.4881 0.023529414 -529
23 298.63867 875.0531 0.023529414 -562
24 284.74142 961.46875 0.021568628 -595
25 278.72086 994.9273 0.019607844 -628
26 275.68298 1007.90735 0.021568628 -644
27 273.03012 1016.3389 0.019607844 -661
28 269.7502 1021.9678 0.019607844 -677
29 268.63528 1026.8131 0.023529414 -694
30 267.75208 1028.3889 0.021568628 -710
31 267.75208 1030.1345 0.019607844 -727
32 267.75208 1030.4633 0.019607844 -743
33 271.16495 1031.6013 0.019607844 -760
34 277.856 1033.4994 0.01764706 -776
35 277.856 1033.4994 0.01764706 -793
0 802.2572 383.8001 0.019607844 -78
1 780.6136 383.8001 0.019607844 -78
2 760.0039 383.8001 0.021568628 -108
3 743.31177 384.79956 0.021568628 -125
4 728.3256 428.77667 0.03137255 -134
5 684.36633 608.683 0.023529414 -194
6 682.36816 608.683 0.023529414 -194
7 650.0558 610.7021 0.023529414 -207
8 615.99084 612.0227 0.023529414 -224
9 578.7351 613.9861 0.023529414 -240
10 558.38086 613.68036 0.023529414 -257
11 545.33 613.68036 0.023529414 -273
12 536.89795 613.68036 0.023529414 -290
13 532.195 613.68036 0.023529414 -306
14 528.77527 613.68036 0.023529414 -323
15 526.49786 613.68036 0.023529414 -339
16 524.91156 613.68036 0.023529414 -356
17 523.2814 613.68036 0.023529414 -372
18 521.62787 613.68036 0.023529414 -389
19 520.51807 613.68036 0.023529414 -405
20 520.51807 613.68036 0.021568628 -422
21 518.7258 628.6114 0.023529414 -438
22 518.5199 681.7805 0.023529414 -455
23 520.6389 733.69745 0.021568628 -471
24 524.3919 798.90784 0.021568628 -488
25 524.51434 802.582 0.019607844 -504
26 508.52914 818.57367 0.029411767 -506
27 529.5097 992.48303 0.019607844 -534
28 528.5106 1003.47736 0.019607844 -534
29 248.76965 1493.2223 0.019607844 -544
30 211.85817 1677.3818 0.019607844 -544
31 207.83238 1694.0059 0.019607844 -603
32 201.29324 1711.1495 0.019607844 -620
33 199.48842 1714.7605 0.019607844 -653
34 197.80913 1716.1139 0.019607844 -669
35 197.81683 1716.1062 0.019607844 -686
36 197.81683 1716.1062 0.019607844 -702
37 197.81683 1716.1062 0.019607844 -735
38 197.81683 1716.1062 0.01764706 -752
39 197.81683 1716.1062 0.01764706 -768
40 197.81683 1716.1062 0.01764706 -769
0 757.2988 813.57623 0.021568628 -139
1 719.4875 813.57623 0.021568628 -139
2 624.31274 817.2026 0.021568628 -157
3 586.7943 819.7242 0.023529414 -189
4 547.8645 822.8362 0.021568628 -206
5 514.4063 826.424 0.023529414 -222
6 493.2012 829.7743 0.023529414 -239
7 475.53943 831.369 0.023529414 -255
8 462.202 832.98737 0.023529414 -272
9 454.24072 832.56635 0.023529414 -288
10 444.9823 832.56635 0.023529414 -305
11 442.51764 832.56635 0.023529414 -338
12 440.87064 832.56635 0.023529414 -354
13 439.15244 832.56635 0.023529414 -371
14 437.53238 832.56635 0.023529414 -387
15 436.59573 833.32587 0.023529414 -404
16 433.75812 847.7597 0.023529414 -420
17 432.52676 873.85443 0.023529414 -437
18 422.0883 972.22375 0.023529414 -453
19 411.3348 1093.6499 0.023529414 -486
20 403.21133 1199.7743 0.023529414 -519
21 397.05017 1254.0044 0.023529414 -536
22 391.93622 1317.3226 0.021568628 -552
23 380.7593 1437.3533 0.021568628 -569
24 379.32507 1458.506 0.023529414 -602
25 375.57242 1476.5901 0.023529414 -618
26 373.8478 1487.2555 0.023529414 -635
27 372.05716 1494.0168 0.023529414 -651
28 370.6568 1501.5886 0.023529414 -668
29 374.6041 1505.1996 0.021568628 -701
30 374.6531 1505.216 0.019607844 -734
31 379.64847 1505.216 0.019607844 -734
0 546.494 1063.446 0.01764706 -86
1 543.49677 1063.446 0.019607844 -86
2 536.0823 1063.446 0.019607844 -109
3 522.8479 1063.446 0.019607844 -126
4 497.8457 1064.2303 0.019607844 -142
5 466.94135 1064.4456 0.021568628 -159
6 437.1094 1067.7054 0.023529414 -175
7 360.69604 1069.443 0.023529414 -192
8 304.80353 1074.2349 0.023529414 -225
9 263.00864 1076.514 0.023529414 -258
10 250.80142 1076.4393 0.023529414 -291
11 243.96349 1076.4393 0.023529414 -307
12 238.45547 1075.3319 0.023529414 -324
13 235.1564 1073.6279 0.023529414 -340
14 231.8291 1071.9635 0.023529414 -357
15 229.65405 1070.3093 0.019607844 -373
16 227.09326 1068.5952 0.019607844 -390
17 220.55183 1065.3231 0.023529414 -406
18 213.9335 1065.879 0.023529414 -439
19 210.73314 1067.4799 0.023529414 -472
20 207.4245 1072.2085 0.023529414 -489
21 206.80852 1073.4409 0.023529414 -505
22 202.81221 1087.4336 0.023529414 -509
23 196.81776 1121.4159 0.023529414 -539
24 194.81961 1142.405 0.023529414 -539
25 191.82239 1187.3816 0.023529414 -549
26 184.82886 1327.3087 0.023529414 -598
27 181.83163 1391.2754 0.023529414 -598
28 177.83534 1431.2545 0.023529414 -607
29 171.84088 1495.2212 0.023529414 -637
30 168.84366 1523.2067 0.023529414 -637
31 384.64386 893.5346 0.019607844 -646
32 385.22708 951.58545 0.019607844 -646
33 385.22708 951.58545 0.027450982 -687
34 135.87419 1637.1473 0.021568628 -811
35 135.87419 1637.1473 0.019607844 -811
36 136.87326 1636.1478 0.01764706 -835
37 136.87326 1636.1478 0.01764706 -848
0 605.4394 1035.4607 0.019607844 -110
1 597.94183 1035.4607 0.019607844 -110
2 594.4496 1035.4607 0.019607844 -123
3 586.457 1035.4607 0.019607844 -129
4 557.4838 1037.4596 0.019607844 -157
5 443.21753 1041.4575 0.019607844 -157
6 406.45862 1040.8278 0.019607844 -205
7 394.6346 1040.4581 0.019607844 -222
8 373.65402 1039.4586 0.019607844 -226
9 286.7345 1030.4633 0.021568628 -285
10 265.33368 1026.5707 0.021568628 -285
11 253.41397 1024.8783 0.021568628 -304
12 244.71863 1022.1161 0.021568628 -321
13 238.17451 1020.6001 0.021568628 -337
14 236.29295 1020.4685 0.023529414 -354
15 233.62074 1019.3876 0.023529414 -370
16 232.03879 1019.469 0.023529414 -387
17 230.39732 1020.85767 0.023529414 -403
18 228.78816 1022.46747 0.023529414 -420
19 226.79001 1025.4658 0.021568628 -436
20 222.79372 1052.4518 0.023529414 -465
21 218.79741 1072.4414 0.021568628 -465
22 212.80296 1121.4159 0.019607844 -495
23 210.80481 1150.4008 0.021568628 -495
24 204.81036 1217.366 0.021568628 -515
25 200.81406 1256.3456 0.021568628 -515
26 482.5532 755.60645 0.019607844 -525
27 481.5541 793.5867 0.019607844 -525
28 468.56613 796.5851 0.027450982 -535
29 190.82332 1370.2863 0.021568628 -555
30 181.83163 1472.2332 0.023529414 -555
31 177.83534 1502.2175 0.023529414 -574
32 175.83719 1529.2035 0.023529414 -593
33 171.84088 1553.191 0.023529414 -593
34 167.84459 1581.1764 0.023529414 -612
35 149.86124 1645.1793 0.019607844 -612
36 149.86124 1648.4216 0.019607844 -686
37 150.75932 1650.1405 0.019607844 -717
38 152.49232 1650.1405 0.019607844 -750
39 154.85661 1650.1405 0.01764706 -766
40 154.85661 1650.1405 0.01764706 -779
0 788.27014 406.78812 0.019607844 -105
1 766.52655 407.37207 0.019607844 -105
2 738.96924 410.45453 0.021568628 -119
3 699.4816 410.87103 0.019607844 -136
4 653.0838 411.78552 0.021568628 -152
5 604.9889 408.27002 0.021568628 -169
6 567.45416 408.97842 0.021568628 -185
7 531.8665 405.9009 0.021568628 -202
8 492.744 402.2505 0.021568628 -218
9 464.82965 401.7907 0.021568628 -235
10 454.5791 401.7907 0.021568628 -251
11 453.58002 435.773 0.029411767 -259
12 439.59296 453.76364 0.029411767 -299
13 439.59296 461.7595 0.029411767 -299
14 421.60962 458.76105 0.021568628 -445
15 413.04727 451.33722 0.019607844 -445
16 409.62073 451.7647 0.019607844 -466
17 409.62073 451.7647 0.019607844 -474
18 498.5384 740.61426 0.019607844 -504
19 502.18094 794.629 0.019607844 -504
20 504.36078 914.9343 0.019607844 -532
21 503.53375 978.60095 0.019607844 -548
22 499.4821 1029.5156 0.019607844 -565
23 491.55374 1080.8527 0.019607844 -581
24 481.17526 1134.1156 0.019607844 -598
25 477.72708 1142.9811 0.019607844 -631
26 475.92017 1149.3188 0.019607844 -647
27 476.92133 1154.4875 0.019607844 -664
28 474.5606 1159.2147 0.019607844 -680
29 474.5606 1160.98 0.019607844 -713
30 474.5606 1161.8948 0.019607844 -730
31 474.5606 1161.395 0.019607844 -738
32 475.55966 1162.3945 0.019607844 -763
33 476.55875 1163.394 0.019607844 -771
0 750.3053 422.7798 0.019607844 -109
1 723.021 419.13733 0.019607844 -109
2 657.47156 413.79178 0.019607844 -122
3 538.8731 399.17584 0.021568628 -153
4 517.5208 394.79437 0.019607844 -186
5 509.52823 412.785 0.027450982 -192
6 449.5837 395.79385 0.021568628 -220
7 440.59204 411.78552 0.027450982 -220
8 409.62073 416.78293 0.027450982 -250
9 405.62442 425.77823 0.027450982 -250
10 391.6374 442.76938 0.019607844 -397
11 390.6383 441.7699 0.019607844 -397
12 401.6281 472.75375 0.027450982 -407
13 398.6309 475.7522 0.019607844 -435
14 394.10312 523.4743 0.019607844 -435
15 388.89282 641.36633 0.019607844 -451
16 388.43066 744.49927 0.019607844 -483
17 385.38065 808.5538 0.019607844 -500
18 384.61746 861.7056 0.019607844 -516
19 380.0452 917.90045 0.019607844 -533
20 375.87604 970.3574 0.019607844 -549
21 373.5423 998.49286 0.019607844 -566
22 371.83234 1014.0589 0.019607844 -582
23 366.09003 1031.3192 0.019607844 -599
24 366.6605 1035.5359 0.019607844 -632
25 365.8673 1038.0472 0.019607844 -648
26 366.2376 1040.035 0.019607844 -665
27 367.96265 1041.7607 0.019607844 -681
28 370.0874 1042.672 0.019607844 -698
29 371.65588 1043.4565 0.01764706 -714
30 371.65588 1043.4565 0.01764706 -721
0 685.3654 441.7699 0.019607844 -135
1 662.19934 440.2149 0.019607844 -135
2 560.1779 433.15643 0.019607844 -147
3 509.86096 428.67325 0.019607844 -180
4 482.69897 428.77667 0.023529414 -196
5 452.2724 428.08118 0.023529414 -213
6 425.0842 427.7772 0.023529414 -229
7 412.0928 427.7772 0.023529414 -246
8 403.8276 427.7772 0.023529414 -262
9 395.74377 427.7772 0.023529414 -279
10 392.28888 427.7772 0.021568628 -312
11 390.63544 427.7772 0.019607844 -345
12 389.63922 427.7772 0.019607844 -361
13 388.30865 431.7705 0.019607844 -378
14 388.64014 450.32797 0.019607844 -394
15 385.35608 491.18976 0.019607844 -411
16 386.072 561.175 0.019607844 -427
17 383.52097 616.26434 0.019607844 -444
18 378.5308 678.37244 0.019607844 -460
19 373.65402 779.4118 0.019607844 -477
20 370.994 838.49457 0.019607844 -493
21 370.58325 884.1588 0.019607844 -510
22 364.29916 930.2193 0.019607844 -526
23 362.50006 966.6466 0.019607844 -543
24 359.6397 996.6174 0.019607844 -559
25 357.66882 1006.58655 0.019607844 -592
26 358.6537 1013.42944 0.019607844 -625
27 358.6679 1014.4716 0.019607844 -658
28 359.86008 1015.66425 0.019607844 -675
29 366.90454 1016.4706 0.019607844 -691
30 367.65958 1016.4706 0.01764706 -724
31 367.65958 1016.4706 0.01764706 -731
0 850.21277 785.5908 0.019607844 -77
1 837.2088 788.59247 0.019607844 -77
2 785.0016 797.5037 0.021568628 -91
3 730.6032 801.2513 0.021568628 -124
4 683.4923 802.93445 0.021568628 -140
5 638.5201 803.5814 0.021568628 -157
6 542.97797 793.71893 0.023529414 -173
7 517.2714 790.6882 0.023529414 -206
8 502.5347 789.58875 0.023529414 -223
9 486.5495 792.58716 0.023529414 -233
10 457.57632 796.5851 0.023529414 -294
11 455.5782 796.5851 0.023529414 -294
12 453.58002 796.5851 0.023529414 -324
13 452.14822 796.5851 0.023529414 -324
14 450.50064 796.5851 0.023529414 -338
15 450.5828 796.5851 0.023529414 -355
16 450.5828 797.93756 0.023529414 -371
17 451.58188 829.1812 0.023529414 -388
18 443.56702 937.7009 0.023529414 -421
19 439.14172 1018.4833 0.023529414 -453
20 429.70505 1147.2362 0.021568628 -470
21 424.157 1218.8965 0.023529414 -503
22 417.821 1281.5656 0.023529414 -519
23 416.61426 1315.363 0.023529414 -536
24 408.8228 1374.2742 0.023529414 -552
25 406.6235 1393.5144 0.023529414 -585
26 405.0969 1397.3282 0.023529414 -618
27 401.7633 1402.9985 0.023529414 -635
28 400.02396 1404.8739 0.023529414 -668
29 396.58386 1406.2676 0.023529414 -684
30 394.88107 1406.2676 0.023529414 -717
31 394.6346 1406.2676 0.023529414 -734
32 396.63275 1407.267 0.019607844 -767
33 401.6281 1408.2665 0.019607844 -784
0 751.3043 384.79956 0.019607844 -58
1 741.2032 384.79956 0.019607844 -58
2 729.76373 385.19498 0.019607844 -83
3 682.6458 395.23615 0.021568628 -99
4 645.64124 401.9428 0.019607844 -132
5 578.7639 416.61346 0.023529414 -148
6 537.18475 423.68185 0.023529414 -181
7 506.63257 427.3217 0.023529414 -198
8 479.26074 429.73215 0.023529414 -214
9 439.7117 432.96262 0.023529414 -231
10 428.2687 433.77408 0.023529414 -264
11 420.53775 433.77408 0.023529414 -280
12 415.2382 433.77408 0.023529414 -297
13 411.03506 433.77408 0.023529414 -313
14 407.76486 433.77408 0.023529414 -330
15 404.4676 433.77408 0.023529414 -346
16 402.9262 433.77408 0.023529414 -363
17 399.6158 433.77408 0.023529414 -379
18 395.63367 433.77408 0.023529414 -412
19 404.62534 461.7595 0.027450982 -433
20 400.62906 484.74753 0.023529414 -483
21 397.02875 485.94812 0.021568628 -483
22 390.00003 503.47372 0.023529414 -495
23 383.51224 566.95984 0.019607844 -511
24 380.16428 626.38086 0.019607844 -528
25 380.64755 692.01447 0.019607844 -544
26 379.94684 784.3474 0.019607844 -561
27 377.65033 862.5507 0.019607844 -577
28 377.65033 862.5507 0.019607844 -600
29 475.55966 1172.3894 0.019607844 -629
30 475.55966 1172.3894 0.019607844 -629
31 205.80943 1611.1608 0.023529414 -648
32 202.03703 1622.9651 0.023529414 -648
33 194.15971 1639.1278 0.021568628 -660
34 192.34041 1643.107 0.021568628 -693
35 191.82239 1644.3368 0.021568628 -709
36 192.45026 1646.1426 0.019607844 -726
37 194.14818 1646.1426 0.019607844 -759
38 196.99312 1646.1426 0.019607844 -775
39 205.11832 1645.2583 0.019607844 -792
40 205.80943 1645.1431 0.01764706 -808
41 210.80481 1645.1431 0.01764706 -809
0 857.2063 565.7053 0.019607844 -103
1 849.7632 573.57623 0.019607844 -103
2 765.48834 599.11914 0.021568628 -117
3 690.23914 606.6896 0.019607844 -165
4 646.9818 607.6835 0.019607844 -198
5 607.2669 607.6835 0.019607844 -215
6 584.4989 605.62054 0.021568628 -231
7 563.8873 605.6845 0.019607844 -248
8 545.57056 604.2377 0.021568628 -264
9 525.5104 603.68555 0.021568628 -281
10 518.6669 603.68555 0.021568628 -314
11 515.3669 603.68555 0.021568628 -330
12 511.93924 603.68555 0.021568628 -347
13 508.5125 603.68555 0.021568628 -363
14 505.15906 603.68555 0.019607844 -396
15 505.53192 625.3572 0.021568628 -429
16 507.0861 676.7598 0.019607844 -462
17 508.77374 734.166 0.019607844 -479
18 509.52823 787.4263 0.019607844 -495
19 509.52823 843.0876 0.019607844 -512
20 507.1552 918.77606 0.019607844 -528
21 501.12326 1029.4375 0.019607844 -545
22 490.50708 1130.2588 0.019607844 -578
23 485.92004 1188.3462 0.019607844 -611
24 482.98987 1201.189 0.019607844 -643
25 481.29138 1208.4224 0.019607844 -660
26 479.4612 1212.5581 0.019607844 -676
27 478.5569 1215.9657 0.019607844 -693
28 478.5569 1219.5997 0.019607844 -709
29 478.5569 1221.4241 0.019607844 -742
30 479.16144 1222.9681 0.019607844 -759
31 481.614 1224.892 0.019607844 -792
32 482.5532 1225.3618 0.019607844 -808
33 483.55228 1225.3618 0.019607844 -812
0 768.28864 375.80426 0.019607844 -66
1 753.67645 377.38165 0.019607844 -66
2 718.4017 381.80115 0.019607844 -90
3 718.4017 381.80115 0.027450982 -123
4 675.37463 418.78186 0.027450982 -149
5 642.4052 409.78656 0.019607844 -149
6 618.42737 405.78864 0.021568628 -168
7 610.4348 420.78082 0.027450982 -168
8 553.4875 407.7876 0.021568628 -198
9 469.56522 401.7907 0.021568628 -198
10 463.57077 419.78134 0.027450982 -227
11 425.60593 410.78604 0.021568628 -256
12 398.91412 409.78656 0.021568628 -256
13 371.8879 410.78604 0.021568628 -271
14 362.13998 410.78604 0.021568628 -304
15 358.75858 410.78604 0.021568628 -337
16 357.04395 410.78604 0.019607844 -353
17 355.34824 410.78604 0.019607844 -370
18 353.6179 410.78604 0.019607844 -386
19 352.67346 423.72528 0.019607844 -403
20 354.6202 453.9164 0.019607844 -419
21 363.52963 502.06958 0.019607844 -436
22 370.1482 557.5532 0.019607844 -452
23 377.82797 650.8037 0.019607844 -469
24 380.97894 716.56744 0.019607844 -485
25 374.7782 853.0444 0.019607844 -502
26 373.65402 945.6176 0.019607844 -535
27 363.8348 996.85126 0.019607844 -568
28 360.3132 1012.74774 0.019607844 -601
29 355.24982 1028.7279 0.019607844 -617
30 352.66086 1035.4733 0.019607844 -650
31 354.41785 1039.2047 0.019607844 -683
32 357.66882 1040.4581 0.01764706 -716
33 357.66882 1040.4581 0.01764706 -726
0 754.3016 357.81363 0.019607844 -58
1 747.90173 359.69382 0.019607844 -58
2 720.16614 367.56616 0.019607844 -74
3 672.3498 370.7321 0.019607844 -107
4 631.85254 369.80737 0.019607844 -140
5 604.6078 369.80737 0.019607844 -157
6 570.6963 366.65482 0.019607844 -173
7 547.45966 366.80893 0.019607844 -190
8 511.7661 364.81 0.019607844 -206
9 489.71832 364.81 0.019607844 -223
10 477.01846 364.81 0.019607844 -239
11 456.5851 363.0423 0.019607844 -256
12 430.9903 362.81104 0.019607844 -272
13 423.2455 362.81104 0.019607844 -305
14 417.02878 362.81104 0.019607844 -322
15 412.03033 362.81104 0.019607844 -338
16 408.81024 362.81104 0.021568628 -355
17 405.4784 362.81104 0.021568628 -371
18 403.40823 362.81104 0.021568628 -388
19 401.68008 362.81104 0.021568628 -404
20 400.0168 362.81104 0.019607844 -421
21 398.38626 362.81104 0.019607844 -437
22 398.38626 362.81104 0.027450982 -454
23 331.69287 1069.443 0.019607844 -500
24 322.82306 1134.4941 0.019607844 -500
25 309.20126 1215.7585 0.019607844 -520
26 292.0491 1301.9883 0.019607844 -536
27 274.12003 1426.2478 0.019607844 -553
28 260.1431 1516.1118 0.019607844 -586
29 253.69589 1551.584 0.019607844 -619
30 250.15149 1576.88 0.019607844 -635
31 248.21097 1591.0858 0.019607844 -651
32 246.4192 1599.5774 0.019607844 -668
33 246.77151 1606.9825 0.019607844 -684
34 246.77151 1610.4644 0.019607844 -717
35 246.77151 1610.1614 0.019607844 -750
36 246.77151 1610.1614 0.019607844 -783
37 248.04527 1610.1614 0.01764706 -790
38 247.77058 1610.1614 0.015686275 -833
39 247.77058 1610.1614 0.015686275 -847
0 781.2766 370.80685 0.019607844 -60
1 771.2766 370.80685 0.019607844 -60
2 733.6628 369.80737 0.019607844 -83
3 655.79047 369.59354 0.019607844 -116
4 574.507 367.77145 0.019607844 -149
5 530.372 367.8084 0.019607844 -182
6 488.39047 367.8084 0.019607844 -198
7 452.7773 367.72647 0.019607844 -214
8 430.08838 368.53983 0.019607844 -231
9 401.35315 370.80685 0.023529414 -247
10 393.57 370.80685 0.023529414 -280
11 388.38617 370.80685 0.023529414 -296
12 385.53113 370.80685 0.023529414 -313
13 382.20786 370.80685 0.021568628 -329
14 380.54553 370.80685 0.019607844 -362
15 379.64847 370.80685 0.019607844 -379
16 394.6346 400.79126 0.027450982 -388
17 394.6346 415.78345 0.021568628 -427
18 387.3462 425.50964 0.019607844 -427
19 367.92743 539.1313 0.019607844 -445
20 367.92743 539.1313 0.019607844 -478
21 487.54858 866.54865 0.019607844 -504
22 492.54395 949.9693 0.019607844 -504
23 499.51743 1105.3602 0.019607844 -528
24 490.54578 1247.8501 0.019607844 -561
25 487.54858 1270.8948 0.019607844 -593
26 483.65167 1291.7634 0.019607844 -627
27 478.96786 1314.6698 0.019607844 -643
28 478.5569 1322.5497 0.019607844 -676
29 485.6236 1318.2401 0.019607844 -709
30 486.5495 1316.3143 0.019607844 -742
31 488.54764 1314.3154 0.019607844 -750
0 816.2442 379.8022 0.019607844 -50
1 812.5916 378.8027 0.019607844 -50
2 802.5803 378.8027 0.019607844 -67
3 785.72894 377.80322 0.019607844 -83
4 766.8454 377.80322 0.019607844 -100
5 733.74695 375.80426 0.019607844 -116
6 695.0364 373.50363 0.019607844 -133
7 663.11707 371.45825 0.019607844 -149
8 619.3702 369.80737 0.019607844 -166
9 574.125 369.80737 0.019607844 -182
10 523.9941 367.285 0.019607844 -199
11 495.35007 366.80893 0.019607844 -215
12 426.08398 364.81 0.019607844 -232
13 410.85263 364.81 0.021568628 -281
14 407.13232 364.81 0.021568628 -314
15 404.6614 364.81 0.021568628 -331
16 402.98822 364.81 0.019607844 -347
17 401.3486 364.81 0.019607844 -364
18 397.98383 364.81 0.019607844 -380
19 396.27896 364.81 0.019607844 -413
20 391.34085 388.22696 0.019607844 -430
21 386.3951 419.67987 0.019607844 -463
22 382.21442 469.92813 0.019607844 -479
23 382.6457 496.74127 0.019607844 -496
24 382.6457 496.74127 0.019607844 -504
25 489.54672 865.5492 0.019607844 -533
26 490.5458 872.54553 0.019607844 -533
27 292.72894 1300.3228 0.019607844 -543
28 271.94165 1449.6973 0.019607844 -543
29 259.36594 1532.3684 0.019607844 -579
30 257.90073 1561.0941 0.019607844 -611
31 256.13434 1579.8337 0.019607844 -628
32 255.76318 1592.0223 0.019607844 -644
33 254.50137 1597.9567 0.019607844 -661
34 254.76411 1602.1895 0.019607844 -677
35 254.76411 1603.9042 0.019607844 -694
36 254.76411 1605.164 0.019607844 -710
37 254.76411 1606.1635 0.019607844 -727
38 254.76411 1606.1635 0.019607844 -743
39 255.49786 1606.1635 0.019607844 -776
40 258.6538 1606.1635 0.01764706 -793
41 259.7595 1606.1635 0.01764706 -808
42 259.7595 1606.1635 0.01764706 -812
0 879.1859 727.62103 0.019607844 -66
1 869.64417 729.55585 0.019607844 -66
2 852.9003 733.08014 0.019607844 -83
3 831.3486 736.6015 0.019607844 -99
4 800.7731 738.9378 0.019607844 -116
5 755.56696 740.64355 0.019607844 -133
6 674.5595 741.6137 0.019607844 -149
7 637.735 741.6137 0.019607844 -182
8 591.98047 742.6132 0.021568628 -199
9 556.65564 742.6132 0.019607844 -215
10 513.5876 742.6132 0.021568628 -232
11 483.14255 742.6132 0.021568628 -265
12 475.6442 742.6132 0.021568628 -298
13 466.85132 742.6132 0.021568628 -314
14 462.0415 743.3782 0.021568628 -348
15 459.10812 745.0787 0.023529414 -381
16 457.37762 746.80994 0.023529414 -397
17 455.68234 749.4012 0.021568628 -414
18 455.5782 749.60956 0.021568628 -430
19 454.5791 753.6075 0.021568628 -431
20 451.58188 778.5945 0.021568628 -460
21 448.58466 910.0068 0.021568628 -460
22 447.13315 973.7951 0.021568628 -496
23 445.26373 1048.9053 0.019607844 -513
24 442.89706 1143.1045 0.019607844 -530
25 439.48117 1204.8995 0.021568628 -546
26 436.06537 1255.634 0.019607844 -563
27 432.1807 1308.0249 0.021568628 -579
28 428.72668 1335.6036 0.021568628 -596
29 425.29697 1354.8405 0.021568628 -612
30 421.74338 1376.9127 0.019607844 -629
31 419.45825 1384.8921 0.019607844 -645
32 416.02444 1395.4539 0.019607844 -662
33 414.22452 1399.0552 0.019607844 -695
34 413.61703 1401.6334 0.019607844 -712
35 413.61703 1404.7683 0.019607844 -741
36 413.61703 1404.2686 0.019607844 -770
37 417.6133 1406.2676 0.019607844 -807
38 420.61053 1407.267 0.019607844 -821
0 792.2664 423.77927 0.019607844 -62
1 763.0612 417.2854 0.019607844 -62
2 736.0431 418.8015 0.019607844 -83
3 692.6684 421.77206 0.019607844 -99
4 632.0561 425.7426 0.019607844 -116
5 601.248 429.1413 0.019607844 -132
6 556.48627 430.7256 0.019607844 -149
7 467.83713 434.06653 0.019607844 -165
8 438.27216 434.77356 0.019607844 -198
9 399.07675 437.1277 0.023529414 -215
10 386.642 436.7725 0.023529414 -248
11 390.6383 464.75793 0.027450982 -274
12 389.63922 476.75168 0.027450982 -304
13 391.6374 485.747 0.027450982 -304
14 393.63553 494.7423 0.027450982 -361
15 395.63367 499.73972 0.027450982 -361
16 393.63553 503.7376 0.019607844 -400
17 390.90643 507.66202 0.019607844 -400
18 389.63922 512.7329 0.019607844 -413
19 401.6281 583.696 0.027450982 -419
20 391.6374 603.68555 0.019607844 -448
21 373.02417 752.1588 0.019607844 -448
22 372.65494 755.60645 0.019607844 -495
23 372.65494 755.60645 0.019607844 -496
24 458.5754 1116.4185 0.019607844 -525
25 457.75192 1176.2239 0.019607844 -525
26 456.57724 1205.3491 0.019607844 -561
27 456.57724 1215.1879 0.019607844 -594
28 456.57724 1218.0424 0.019607844 -627
29 456.57724 1219.7881 0.019607844 -643
30 456.57724 1221.4991 0.019607844 -660
31 456.57724 1221.3639 0.019607844 -676
32 457.57632 1222.3633 0.019607844 -688
33 458.5754 1223.3628 0.019607844 -702
0 817.2433 375.80426 0.019607844 -50
1 805.51184 377.6461 0.019607844 -50
2 790.07324 380.6603 0.019607844 -66
3 741.8616 392.025 0.019607844 -83
4 650.9636 407.13858 0.019607844 -116
5 608.6072 413.2229 0.019607844 -149
6 531.6443 417.7824 0.019607844 -165
7 494.617 421.94788 0.019607844 -198
8 460.63806 421.4978 0.019607844 -215
9 430.27454 421.7803 0.019607844 -231
10 422.94492 421.7803 0.019607844 -264
11 415.1891 421.7803 0.019607844 -281
12 411.58304 421.7803 0.019607844 -314
13 408.19083 421.7803 0.019607844 -347
14 407.62256 422.7798 0.019607844 -380
15 428.60315 463.75845 0.027450982 -404
16 445.58743 523.72723 0.027450982 -432
17 442.5902 524.7267 0.019607844 -432
18 438.5939 537.7199 0.019607844 -452
19 438.89178 754.68005 0.019607844 -452
20 439.98816 820.99976 0.019607844 -496
21 444.6969 892.3382 0.019607844 -512
22 446.5865 952.1878 0.019607844 -528
23 448.58466 1007.394 0.019607844 -545
24 449.5837 1045.6774 0.019607844 -561
25 448.14044 1064.1134 0.019607844 -578
26 447.58557 1073.8418 0.019607844 -594
27 447.58557 1079.0048 0.019607844 -611
28 447.58557 1081.4225 0.019607844 -627
29 447.58557 1083.2563 0.019607844 -644
30 452.70932 1086.4341 0.019607844 -660
31 457.57632 1083.4357 0.013725491 -693
32 457.57632 1083.4357 0.013725491 -705
0 768.28864 377.80322 0.019607844 -69
1 755.0946 378.45367 0.019607844 -69
2 743.31177 379.8022 0.019607844 -93
3 738.3164 407.7876 0.027450982 -106
4 687.3635 404.78915 0.019607844 -142
5 679.371 419.78134 0.027450982 -142
6 584.45886 427.7772 0.027450982 -189
7 574.4681 434.77356 0.027450982 -189
8 503.53375 413.7845 0.019607844 -228
9 484.78006 407.3565 0.021568628 -228
10 479.55597 405.78864 0.021568628 -242
11 477.55783 420.78082 0.027450982 -247
12 469.56522 426.7777 0.027450982 -276
13 469.56522 433.77408 0.027450982 -276
14 464.56985 437.77197 0.027450982 -315
15 459.57446 431.77512 0.021568628 -315
16 455.5782 426.7777 0.021568628 -334
17 458.5754 434.77356 0.027450982 -334
18 452.58093 424.77875 0.021568628 -363
19 447.75735 418.12613 0.019607844 -363
20 443.15936 422.64044 0.019607844 -390
21 438.09717 530.1368 0.019607844 -423
22 436.94745 681.3338 0.019607844 -456
23 434.62964 764.19574 0.019607844 -489
24 434.0514 934.6462 0.019607844 -506
25 427.448 975.1637 0.019607844 -539
26 424.1162 1026.1398 0.019607844 -555
27 419.44043 1054.307 0.019607844 -588
28 417.57303 1060.5685 0.019607844 -621
29 414.6161 1066.0032 0.019607844 -638
30 413.61703 1069.5779 0.019607844 -670
31 413.61703 1069.443 0.019607844 -703
32 413.61703 1069.443 0.01764706 -736
33 413.61703 1068.4435 0.015686275 -765
0 770.2868 390.79645 0.019607844 -54
1 764.09106 390.79645 0.019607844 -54
2 760.296 391.79593 0.019607844 -85
3 761.2951 420.78082 0.025490198 -90
4 727.32654 412.785 0.019607844 -118
5 581.4591 405.78864 0.019607844 -118
6 540.7247 403.0386 0.019607844 -184
7 517.65247 401.33954 0.021568628 -201
8 494.80862 396.5046 0.019607844 -217
9 479.38278 395.79385 0.019607844 -234
10 462.7095 394.79437 0.019607844 -250
11 454.24185 394.79437 0.019607844 -283
12 450.77026 394.79437 0.019607844 -316
13 448.48608 394.79437 0.021568628 -333
14 446.0277 394.79437 0.021568628 -349
15 444.1246 394.79437 0.021568628 -366
16 441.43652 394.79437 0.021568628 -382
17 438.8683 394.79437 0.021568628 -399
18 435.05643 394.79437 0.021568628 -415
19 427.812 394.79437 0.021568628 -432
20 421.1964 397.9995 0.019607844 -465
21 416.84918 402.55518 0.019607844 -498
22 403.80054 486.10315 0.019607844 -514
23 400.62906 544.0513 0.019607844 -547
24 400.62906 544.7163 0.019607844 -564
25 400.62906 544.7163 0.019607844 -564
26 514.5236 924.51843 0.019607844 -592
27 503.918 1119.2635 0.019607844 -592
28 500.84802 1165.7161 0.019607844 -646
29 490.97888 1200.0745 0.019607844 -662
30 488.67752 1211.7588 0.019607844 -695
31 486.9598 1217.955 0.019607844 -728
32 485.5504 1221.4523 0.019607844 -761
33 485.5504 1222.3633 0.019607844 -794
34 487.16312 1223.9767 0.019607844 -827
35 487.54858 1224.3623 0.019607844 -844
36 487.54858 1224.3623 0.019607844 -847
0 725.3284 427.7772 0.019607844 -106
1 657.9703 425.30713 0.019607844 -106
2 625.1035 425.77823 0.019607844 -136
3 552.92596 426.28275 0.019607844 -152
4 527.79205 425.5304 0.019607844 -185
5 508.55942 425.77823 0.019607844 -202
6 493.04498 425.77823 0.019607844 -218
7 482.18127 425.77823 0.019607844 -235
8 475.03787 425.77823 0.019607844 -251
9 469.0563 425.77823 0.019607844 -268
10 464.0703 425.77823 0.019607844 -284
11 461.20343 425.77823 0.019607844 -301
12 458.65308 425.77823 0.019607844 -317
13 456.96237 425.77823 0.019607844 -334
14 455.27313 425.77823 0.019607844 -350
15 453.5546 425.77823 0.019607844 -367
16 451.8655 425.77823 0.019607844 -383
17 448.49878 425.77823 0.019607844 -400
18 444.2159 431.67752 0.019607844 -433
19 439.95367 455.143 0.019607844 -449
20 435.0035 486.5069 0.019607844 -466
21 437.48663 541.71436 0.019607844 -482
22 441.30896 685.5593 0.019607844 -498
23 439.59296 740.06854 0.019607844 -531
24 431.03305 849.1909 0.019607844 -548
25 419.50745 911.4625 0.019607844 -581
26 411.39178 951.7998 0.019607844 -614
27 406.43686 968.0563 0.019607844 -647
28 402.87387 975.2451 0.019607844 -680
29 400.62906 978.8658 0.019607844 -713
30 401.6361 979.4898 0.019607844 -746
31 404.40042 980.37683 0.019607844 -779
32 404.62534 980.4893 0.019607844 -795
33 409.62073 981.4888 0.019607844 -796
0 765.2914 423.77927 0.019607844 -86
1 742.2724 425.9835 0.019607844 -86
2 669.94653 431.84674 0.019607844 -100
3 556.34174 427.56528 0.019607844 -133
4 514.55444 424.44705 0.019607844 -166
5 480.03906 420.5643 0.019607844 -182
6 445.7833 419.78134 0.019607844 -199
7 412.54547 417.56802 0.019607844 -215
8 397.50357 413.2206 0.019607844 -248
9 393.67133 412.785 0.019607844 -281
10 391.6374 412.785 0.019607844 -314
11 391.6374 412.785 0.019607844 -347
12 391.6374 413.66937 0.019607844 -358
13 392.2347 427.14792 0.019607844 -380
14 396.79477 499.6049 0.019607844 -397
15 405.30594 653.39465 0.019607844 -430
16 408.0119 726.5993 0.019607844 -463
17 410.6198 784.4413 0.019607844 -479
18 408.95908 847.3798 0.019607844 -495
19 404.32135 896.0976 0.019607844 -512
20 402.2371 932.9327 0.019607844 -528
21 397.7471 958.9237 0.019607844 -545
22 392.22244 975.1496 0.019607844 -578
23 388.6683 984.4309 0.019607844 -611
24 388.64014 984.48724 0.019607844 -644
25 388.64014 984.48724 0.019607844 -660
26 388.64014 984.48724 0.019607844 -676
27 393.1839 984.48724 0.019607844 -692
28 395.63367 984.48724 0.01764706 -725
29 396.63275 984.48724 0.01764706 -736
0 772.2849 417.7824 0.019607844 -93
1 753.8002 417.7824 0.019607844 -93
2 701.7949 416.03726 0.019607844 -108
3 613.2089 407.0901 0.019607844 -141
4 576.7119 403.91406 0.019607844 -174
5 544.2168 400.09393 0.019607844 -190
6 517.9354 396.4963 0.019607844 -207
7 477.05826 392.29565 0.019607844 -223
8 468.3586 392.7954 0.019607844 -256
9 462.61716 392.7954 0.019607844 -273
10 458.1875 392.7954 0.019607844 -290
11 454.78143 392.7954 0.021568628 -306
12 451.2952 392.7954 0.019607844 -323
13 449.73666 392.7954 0.019607844 -339
14 448.03818 392.7954 0.021568628 -356
15 446.272 392.7954 0.021568628 -372
16 444.59946 392.7954 0.021568628 -389
17 441.17398 392.7954 0.019607844 -405
18 439.43777 393.95013 0.019607844 -438
19 436.1918 412.2536 0.019607844 -455
20 433.70117 452.9886 0.019607844 -471
21 434.09778 502.2342 0.019607844 -488
22 430.56787 565.84283 0.019607844 -504
23 424.9812 678.15295 0.019607844 -521
24 426.605 753.8657 0.019607844 -537
25 426.605 811.2654 0.019607844 -554
26 424.4647 868.58716 0.019607844 -570
27 418.11472 953.9754 0.019607844 -587
28 414.33636 980.969 0.019607844 -620
29 411.99942 992.1501 0.019607844 -636
30 410.07397 1000.6642 0.019607844 -651
31 409.62073 1006.3091 0.019607844 -667
32 408.62164 1011.33405 0.019607844 -684
33 413.61703 1011.47314 0.01764706 -717
34 413.61703 1011.47314 0.01764706 -744
0 797.2618 372.80582 0.019607844 -58
1 774.5622 375.19324 0.019607844 -58
2 712.1105 380.20486 0.019607844 -82
3 674.2966 380.80167 0.019607844 -115
4 610.0337 378.8027 0.019607844 -131
5 562.97876 375.80426 0.019607844 -148
6 526.8459 371.24667 0.019607844 -164
7 494.6933 370.80685 0.019607844 -181
8 454.87024 368.8079 0.019607844 -197
9 434.54767 368.8079 0.019607844 -214
10 424.18683 367.8084 0.019607844 -230
11 416.60364 367.8084 0.019607844 -247
12 411.30295 367.8084 0.019607844 -263
13 408.3472 367.8084 0.019607844 -280
14 406.80518 367.8084 0.019607844 -296
15 405.13742 367.8084 0.019607844 -313
16 403.475 367.8084 0.019607844 -329
17 401.74695 367.8084 0.019607844 -346
18 400.06754 367.8084 0.019607844 -362
19 398.40906 367.8084 0.019607844 -379
20 398.40906 367.8084 0.027450982 -395
21 402.6272 411.78552 0.019607844 -421
22 383.71762 535.211 0.019607844 -421
23 382.6457 639.72363 0.019607844 -461
24 383.64478 720.23615 0.019607844 -478
25 382.03 836.7268 0.019607844 -494
26 375.7397 919.808 0.019607844 -527
27 372.58337 952.93335 0.019607844 -560
28 372.65494 963.59247 0.019607844 -593
29 372.65494 967.03735 0.019607844 -626
30 374.8051 968.6476 0.019607844 -643
31 374.8051 968.6476 0.019607844 -659
