0 459.57446 1218.3654 0.019607844 -245
1 459.57446 1218.3654 0.023529414 -245
2 459.57446 1218.3654 0.023529414 -328
3 459.57446 1218.3654 0.021568628 -426
4 459.57446 1218.3654 0.019607844 -467
5 459.57446 1218.3654 0.019607844 -509
6 433.7362 1212.606 0.019607844 -542
7 379.57678 1201.9596 0.019607844 -592
8 312.96454 1194.3779 0.019607844 -641
9 280.17026 1192.3156 0.019607844 -691
10 243.38037 1189.0321 0.019607844 -724
11 231.16147 1188.381 0.019607844 -773
12 224.2305 1188.381 0.019607844 -806
13 219.01112 1188.381 0.019607844 -840
14 215.62186 1188.381 0.021568628 -873
15 210.47563 1191.7089 0.021568628 -906
16 206.92047 1198.0399 0.019607844 -955
17 205.80943 1218.4673 0.019607844 -988
18 205.80943 1289.5979 0.019607844 -1021
19 204.81627 1358.2157 0.021568628 -1071
20 200.16743 1421.9677 0.019607844 -1121
21 194.41298 1465.6787 0.021568628 -1154
22 183.53535 1549.5505 0.019607844 -1187
23 176.33119 1605.4498 0.019607844 -1236
24 170.9064 1638.6938 0.021568628 -1269
25 167.30904 1654.2826 0.021568628 -1302
26 162.84921 1667.0183 0.021568628 -1335
27 162.84921 1672.4395 0.023529414 -1385
28 161.85014 1674.128 0.023529414 -1435
29 161.85014 1674.128 0.023529414 -1468
30 161.85014 1674.128 0.023529414 -1491
31 161.85014 1674.128 0.023529414 -1523
0 489.54672 1213.368 0.021568628 -219
1 489.54672 1213.368 0.021568628 -219
2 489.54672 1213.368 0.023529414 -236
3 486.06415 1213.368 0.023529414 -285
4 482.55112 1213.368 0.023529414 -318
5 475.87726 1213.368 0.019607844 -351
6 462.04382 1209.4879 0.019607844 -418
7 429.61826 1200.2883 0.019607844 -467
8 385.65417 1189.6138 0.019607844 -500
9 317.5711 1175.1989 0.019607844 -533
10 266.7114 1167.6931 0.019607844 -566
11 222.25041 1165.1617 0.019607844 -599
12 186.28467 1165.393 0.019607844 -632
13 174.55559 1165.393 0.019607844 -682
14 171.22713 1165.393 0.019607844 -731
15 167.87706 1165.393 0.019607844 -764
16 163.8483 1170.5881 0.021568628 -797
17 158.63564 1199.8975 0.021568628 -847
18 152.60294 1229.5221 0.021568628 -897
19 146.8129 1268.9017 0.021568628 -930
20 142.27759 1309.406 0.021568628 -963
21 136.29639 1364.7537 0.021568628 -996
22 122.388695 1464.054 0.019607844 -1045
23 117.461006 1519.8014 0.019607844 -1111
24 114.83657 1562.8141 0.019607844 -1144
25 111.27938 1612.336 0.019607844 -1177
26 109.89824 1648.6719 0.019607844 -1210
27 107.9953 1688.2631 0.019607844 -1244
28 107.90009 1707.0096 0.021568628 -1277
29 107.90009 1714.3141 0.021568628 -1310
30 107.90009 1718.1051 0.021568628 -1343
31 110.92725 1719.1046 0.021568628 -1392
32 112.89547 1719.1046 0.019607844 -1425
33 112.89547 1718.1051 0.019607844 -1458
34 112.89547 1718.1051 0.019607844 -1478
0 542.4977 1130.4113 0.019607844 -121
1 542.4977 1130.4113 0.019607844 -121
2 542.4977 1130.4113 0.021568628 -152
3 542.4977 1130.4113 0.023529414 -185
4 540.4843 1130.4113 0.023529414 -235
5 537.1703 1130.4113 0.023529414 -268
6 533.723 1130.4113 0.021568628 -300
7 526.50354 1130.4113 0.019607844 -333
8 493.11542 1126.6514 0.019607844 -382
9 412.93018 1111.997 0.019607844 -432
10 320.3453 1101.3414 0.019607844 -481
11 265.54178 1098.4279 0.019607844 -531
12 225.50848 1098.4279 0.019607844 -564
13 211.1135 1098.4279 0.021568628 -613
14 205.95535 1100.2809 0.021568628 -663
15 200.88663 1106.2784 0.021568628 -713
16 197.44379 1117.5381 0.021568628 -762
17 194.0232 1132.1932 0.021568628 -795
18 188.4219 1155.2147 0.021568628 -828
19 184.82886 1230.5552 0.019607844 -861
20 188.82516 1341.6232 0.019607844 -910
21 187.66676 1399.663 0.019607844 -960
22 182.29292 1453.0111 0.019607844 -993
23 175.19513 1492.4359 0.019607844 -1026
24 166.14612 1538.499 0.019607844 -1059
25 160.71835 1601.8925 0.019607844 -1108
26 157.85384 1658.7616 0.019607844 -1158
27 157.85384 1680.3392 0.019607844 -1207
28 157.85384 1684.1228 0.021568628 -1257
29 157.85384 1684.1228 0.019607844 -1306
30 159.78934 1684.1228 0.019607844 -1339
31 162.84921 1683.1233 0.01764706 -1372
32 162.84921 1683.1233 0.01764706 -1390
0 578.4644 1156.3977 0.019607844 -207
1 578.4644 1156.3977 0.019607844 -207
2 578.4644 1156.3977 0.019607844 -228
3 578.4644 1156.3977 0.019607844 -277
4 577.40936 1156.3977 0.019607844 -327
5 570.21564 1156.3977 0.019607844 -360
6 544.9109 1152.1359 0.019607844 -393
7 490.75125 1144.6952 0.019607844 -442
8 419.65637 1142.2748 0.019607844 -492
9 337.8805 1124.2532 0.019607844 -541
10 296.67496 1114.4095 0.019607844 -591
11 283.76096 1112.4205 0.019607844 -641
12 277.77075 1112.4205 0.019607844 -674
13 274.28354 1112.4205 0.019607844 -707
14 270.73276 1112.4205 0.019607844 -740
15 269.75024 1116.7411 0.019607844 -773
16 269.75024 1134.2097 0.019607844 -806
17 270.7493 1196.4354 0.019607844 -839
18 271.74838 1299.6882 0.019607844 -872
19 269.69458 1369.6237 0.019607844 -921
20 262.55908 1454.0286 0.019607844 -954
21 251.77708 1517.1587 0.019607844 -1004
22 236.69563 1582.0593 0.019607844 -1052
23 229.287 1607.6648 0.019607844 -1102
24 222.85883 1625.8273 0.019607844 -1135
25 217.2846 1641.1736 0.019607844 -1168
26 214.80112 1649.2405 0.019607844 -1217
27 214.80112 1651.8743 0.019607844 -1267
28 214.80112 1652.1395 0.019607844 -1300
29 214.80112 1652.1395 0.019607844 -1333
30 214.80112 1652.1395 0.019607844 -1346
0 568.47363 1151.4003 0.019607844 -242
1 568.47363 1151.4003 0.019607844 -242
2 564.196 1151.4003 0.023529414 -285
3 559.9324 1151.4003 0.023529414 -334
4 556.612 1151.4003 0.023529414 -367
5 551.72955 1151.4003 0.023529414 -400
6 548.4927 1151.4003 0.023529414 -450
7 545.12177 1151.4003 0.023529414 -483
8 543.49677 1151.4003 0.021568628 -516
9 541.2152 1151.4003 0.019607844 -549
10 536.7218 1151.4003 0.019607844 -582
11 523.5858 1152.3998 0.019607844 -615
12 501.17905 1155.4491 0.019607844 -648
13 440.0673 1153.9739 0.019607844 -681
14 393.45642 1149.3738 0.019607844 -730
15 316.07028 1137.8479 0.019607844 -763
16 280.63055 1133.4097 0.019607844 -812
17 251.35196 1132.4102 0.019607844 -845
18 234.31868 1132.4102 0.021568628 -878
19 227.48251 1131.4106 0.021568628 -928
20 224.29231 1131.4106 0.021568628 -977
21 224.79185 1131.4106 0.021568628 -1009
22 224.79185 1132.8594 0.019607844 -1043
23 229.1671 1153.1234 0.019607844 -1076
24 239.89388 1209.3219 0.019607844 -1126
25 246.80032 1271.7413 0.019607844 -1159
26 240.88463 1347.5444 0.019607844 -1192
27 232.77263 1391.3267 0.019607844 -1241
28 217.82788 1463.0605 0.019607844 -1274
29 209.84592 1517.8474 0.019607844 -1324
30 206.19525 1567.5496 0.019607844 -1373
31 201.72151 1614.8009 0.019607844 -1406
32 201.81314 1632.015 0.019607844 -1456
33 201.81314 1642.579 0.019607844 -1490
34 201.81314 1646.2505 0.019607844 -1540
35 201.81314 1646.1426 0.019607844 -1573
36 201.81314 1646.1426 0.019607844 -1606
37 201.81314 1646.1426 0.019607844 -1639
38 201.81314 1646.1426 0.01764706 -1652
0 589.4542 1209.3701 0.019607844 -147
1 589.4542 1209.3701 0.019607844 -147
2 589.4542 1209.3701 0.021568628 -169
3 587.6681 1209.3701 0.023529414 -219
4 584.36017 1209.3701 0.023529414 -252
5 581.0252 1209.3701 0.023529414 -285
6 577.74426 1209.3701 0.023529414 -318
7 574.41345 1209.3701 0.023529414 -351
8 571.0557 1209.3701 0.023529414 -384
9 568.52203 1209.3701 0.021568628 -417
10 566.05304 1209.3701 0.019607844 -450
11 562.49475 1209.3701 0.019607844 -483
12 550.7717 1211.369 0.019607844 -516
13 503.45313 1212.3685 0.019607844 -549
14 456.58124 1212.3685 0.019607844 -598
15 407.7949 1209.4539 0.019607844 -631
16 348.08923 1204.9998 0.019607844 -664
17 306.47348 1200.5344 0.019607844 -697
18 272.4471 1198.2134 0.019607844 -730
19 250.31789 1196.3768 0.019607844 -763
20 236.89444 1194.3779 0.019607844 -796
21 230.16693 1194.3779 0.019607844 -829
22 226.16974 1194.3779 0.021568628 -862
23 222.8861 1194.3779 0.021568628 -895
24 220.79556 1194.3779 0.021568628 -928
25 220.79556 1195.877 0.021568628 -961
26 219.79648 1202.2838 0.021568628 -994
27 218.39275 1214.9873 0.021568628 -1027
28 217.93022 1237.4314 0.021568628 -1060
29 213.80386 1296.3009 0.021568628 -1093
30 209.80574 1386.3082 0.019607844 -1143
31 203.70605 1466.9733 0.019607844 -1192
32 197.58043 1506.2802 0.021568628 -1242
33 191.38333 1582.7676 0.019607844 -1275
34 184.12813 1635.1033 0.021568628 -1324
35 177.61168 1654.8097 0.021568628 -1374
36 174.83812 1661.9631 0.021568628 -1423
37 174.83812 1665.5148 0.023529414 -1456
38 174.83812 1669.1306 0.023529414 -1489
39 174.83812 1669.1306 0.023529414 -1539
40 174.83812 1669.1306 0.023529414 -1588
41 174.83812 1669.1306 0.019607844 -1621
42 174.83812 1669.1306 0.019607844 -1654
0 607.43756 1154.3987 0.019607844 -228
1 607.43756 1154.3987 0.019607844 -228
2 604.953 1154.3987 0.023529414 -244
3 599.11304 1155.0645 0.023529414 -294
4 594.5988 1157.2479 0.023529414 -327
5 591.4455 1158.3966 0.023529414 -360
6 588.1675 1159.3961 0.023529414 -393
7 584.8633 1159.3961 0.023529414 -426
8 581.4383 1159.3961 0.019607844 -459
9 575.7752 1159.3961 0.019607844 -492
10 558.68994 1161.395 0.019607844 -525
11 489.3779 1165.762 0.019607844 -558
12 420.31186 1171.0543 0.019607844 -607
13 351.1468 1175.626 0.019607844 -640
14 296.0888 1176.3873 0.019607844 -673
15 252.03731 1176.3873 0.019607844 -706
16 231.76483 1176.3873 0.021568628 -739
17 223.32129 1176.3873 0.019607844 -772
18 218.7845 1176.3873 0.021568628 -805
19 214.80112 1176.3873 0.021568628 -838
20 214.80112 1177.2131 0.021568628 -888
21 214.80112 1183.4786 0.021568628 -937
22 214.80112 1196.9506 0.019607844 -987
23 218.4987 1243.2698 0.019607844 -1020
24 222.01656 1300.3209 0.019607844 -1069
25 220.79556 1393.1075 0.021568628 -1102
26 217.68231 1440.5271 0.021568628 -1152
27 214.21318 1486.8756 0.021568628 -1185
28 208.82364 1550.0057 0.019607844 -1218
29 205.2398 1590.3031 0.019607844 -1267
30 201.71579 1615.8405 0.021568628 -1300
31 192.87283 1645.5144 0.021568628 -1333
32 189.80621 1658.1904 0.021568628 -1383
33 186.21419 1669.9703 0.021568628 -1416
34 182.71051 1679.3658 0.021568628 -1449
35 179.8335 1689.6582 0.021568628 -1482
36 178.83441 1693.2476 0.023529414 -1531
37 178.83441 1694.1176 0.021568628 -1564
38 178.83441 1694.1176 0.021568628 -1597
39 178.83441 1694.1176 0.019607844 -1600
0 591.4524 1188.381 0.019607844 -224
1 591.4524 1188.381 0.019607844 -224
2 591.4524 1188.381 0.021568628 -234
3 591.4524 1188.381 0.021568628 -284
4 591.4524 1188.381 0.021568628 -317
5 591.4524 1188.381 0.021568628 -350
6 588.2264 1188.381 0.021568628 -383
7 584.78064 1188.381 0.021568628 -416
8 581.20856 1188.381 0.019607844 -449
9 572.13855 1189.247 0.019607844 -482
10 547.1611 1191.3795 0.019607844 -515
11 513.08044 1195.3269 0.019607844 -548
12 434.0057 1195.3773 0.019607844 -581
13 380.1865 1195.3773 0.019607844 -631
14 329.40277 1195.3773 0.019607844 -664
15 288.0384 1194.0404 0.019607844 -697
16 252.56857 1191.3795 0.019607844 -730
17 242.62299 1191.3795 0.021568628 -779
18 237.71518 1191.3795 0.021568628 -812
19 236.78076 1192.5326 0.021568628 -862
20 236.78076 1195.6443 0.019607844 -911
21 236.78076 1209.8606 0.019607844 -944
22 233.37248 1259.2814 0.019607844 -977
23 233.04141 1341.386 0.019607844 -1027
24 230.47281 1398.6646 0.019607844 -1076
25 218.56349 1479.8893 0.019607844 -1109
26 211.12463 1525.2848 0.021568628 -1159
27 202.31226 1596.172 0.019607844 -1192
28 195.59805 1658.1239 0.021568628 -1241
29 190.17287 1692.7224 0.021568628 -1291
30 186.82701 1704.1738 0.019607844 -1340
31 186.82701 1706.1113 0.019607844 -1390
32 187.64983 1706.1113 0.019607844 -1423
33 190.82332 1705.1119 0.01764706 -1456
34 190.82332 1705.1119 0.01764706 -1477
0 609.4357 1187.3816 0.019607844 -202
1 609.4357 1187.3816 0.021568628 -225
2 608.7992 1187.3816 0.021568628 -268
3 605.50653 1187.3816 0.023529414 -301
4 600.60406 1187.3816 0.023529414 -334
5 597.2983 1187.3816 0.023529414 -384
6 593.8708 1187.3816 0.021568628 -417
7 590.3213 1187.3816 0.019607844 -450
8 585.8653 1187.3816 0.019607844 -483
9 574.214 1188.8317 0.019607844 -516
10 549.69525 1191.3795 0.019607844 -549
11 495.5221 1187.9121 0.019607844 -582
12 437.96002 1180.6478 0.019607844 -615
13 367.03296 1175.4165 0.019607844 -648
14 312.10733 1171.8817 0.019607844 -681
15 278.67856 1170.3904 0.019607844 -714
16 258.86417 1170.3904 0.019607844 -747
17 249.37576 1170.3904 0.019607844 -780
18 244.76993 1170.3904 0.021568628 -813
19 241.46606 1171.7001 0.021568628 -846
20 240.07407 1172.0931 0.019607844 -879
21 238.55763 1179.0503 0.019607844 -912
22 233.39743 1196.5361 0.019607844 -945
23 228.58176 1219.8108 0.019607844 -978
24 222.99622 1261.5051 0.021568628 -1011
25 220.79556 1310.8436 0.019607844 -1044
26 220.79556 1402.6152 0.019607844 -1077
27 217.5295 1453.0105 0.019607844 -1127
28 209.08513 1528.1381 0.019607844 -1160
29 203.65163 1578.4562 0.019607844 -1209
30 200.01862 1610.7343 0.019607844 -1259
31 198.81592 1642.4475 0.019607844 -1292
32 198.81592 1658.9045 0.019607844 -1341
33 198.81592 1669.8801 0.019607844 -1375
34 198.81592 1676.5671 0.019607844 -1408
35 198.81592 1678.126 0.019607844 -1441
36 198.81592 1678.126 0.019607844 -1474
37 198.81592 1678.126 0.01764706 -1489
38 198.81592 1678.126 0.01764706 -1520
0 627.41907 1167.392 0.01764706 -291
1 627.41907 1167.392 0.019607844 -291
2 627.41907 1167.392 0.019607844 -319
3 627.41907 1167.392 0.021568628 -368
4 627.41907 1167.392 0.021568628 -401
5 627.41907 1167.392 0.021568628 -417
6 627.41907 1167.392 0.021568628 -434
7 627.41907 1167.392 0.021568628 -467
8 623.8286 1167.392 0.023529414 -500
9 618.7998 1167.392 0.021568628 -533
10 613.53424 1167.392 0.019607844 -582
11 603.151 1170.9628 0.019607844 -632
12 581.19 1174.7126 0.019607844 -665
13 540.1365 1176.3873 0.019607844 -699
14 482.06403 1172.796 0.019607844 -732
15 423.60715 1168.0582 0.019607844 -765
16 357.20123 1163.6324 0.019607844 -798
17 309.19196 1162.3945 0.019607844 -831
18 274.0302 1162.6799 0.019607844 -863
19 254.34885 1162.3945 0.019607844 -896
20 244.82175 1162.3945 0.019607844 -929
21 239.97491 1162.3945 0.021568628 -962
22 236.66148 1162.3945 0.019607844 -995
23 233.284 1162.3945 0.019607844 -1028
24 233.78354 1170.5549 0.019607844 -1061
25 232.32317 1179.1561 0.019607844 -1111
26 228.83412 1207.9108 0.019607844 -1128
27 225.33835 1275.9427 0.019607844 -1161
28 224.79185 1330.8007 0.021568628 -1194
29 224.79185 1404.013 0.019607844 -1227
30 221.71255 1465.4689 0.019607844 -1260
31 219.91797 1494.033 0.019607844 -1293
32 218.12439 1518.293 0.021568628 -1309
33 216.328 1536.9163 0.021568628 -1326
34 214.52467 1553.6809 0.021568628 -1342
35 214.80112 1569.3406 0.019607844 -1359
36 215.80019 1611.2803 0.019607844 -1375
37 217.37602 1629.347 0.019607844 -1408
38 219.17116 1644.1364 0.019607844 -1425
39 221.79463 1675.611 0.019607844 -1441
40 219.50774 1691.6969 0.021568628 -1491
41 219.79648 1698.0999 0.021568628 -1540
42 219.79648 1699.115 0.019607844 -1573
43 221.09927 1699.115 0.019607844 -1605
44 223.79279 1699.115 0.01764706 -1639
45 224.79185 1699.115 0.01764706 -1663
0 601.4431 1187.3816 0.019607844 -199
1 601.4431 1187.3816 0.019607844 -199
2 601.4431 1187.3816 0.021568628 -210
3 601.4431 1187.3816 0.023529414 -260
4 601.4431 1187.3816 0.023529414 -293
5 599.93066 1187.3816 0.023529414 -326
6 595.5768 1187.3816 0.023529414 -342
7 592.17426 1187.3816 0.023529414 -375
8 588.63446 1187.3816 0.021568628 -408
9 583.60046 1187.3816 0.019607844 -442
10 558.1167 1191.1981 0.019607844 -475
11 517.75073 1189.9364 0.019607844 -524
12 462.87347 1181.2539 0.019607844 -557
13 386.64908 1165.7274 0.019607844 -590
14 329.5048 1157.2386 0.019607844 -623
15 289.03946 1153.3993 0.019607844 -656
16 271.90857 1152.3998 0.021568628 -689
17 265.47955 1152.3998 0.019607844 -722
18 262.04697 1152.3998 0.021568628 -755
19 258.66245 1152.3998 0.019607844 -788
20 257.76132 1154.8984 0.019607844 -821
21 257.76132 1166.684 0.021568628 -854
22 257.76132 1227.979 0.019607844 -887
23 254.1102 1286.0115 0.021568628 -937
24 246.55856 1371.884 0.021568628 -970
25 237.61568 1427.7993 0.021568628 -1019
26 226.58804 1505.6309 0.021568628 -1052
27 220.09897 1564.9462 0.021568628 -1102
28 215.52232 1612.4977 0.021568628 -1135
29 209.115 1674.7328 0.019607844 -1168
30 204.43927 1698.9723 0.021568628 -1217
31 200.8386 1711.0597 0.021568628 -1250
32 200.81406 1716.606 0.021568628 -1283
33 200.81406 1719.1046 0.021568628 -1316
34 201.81314 1719.1046 0.019607844 -1349
35 202.81221 1719.1046 0.019607844 -1383
0 589.4542 1161.395 0.019607844 -197
1 589.4542 1161.395 0.019607844 -197
2 589.4542 1161.395 0.019607844 -218
3 589.4542 1161.395 0.021568628 -251
4 586.26953 1161.395 0.021568628 -285
5 584.547 1161.395 0.021568628 -318
6 581.17523 1161.395 0.021568628 -334
7 577.70276 1161.395 0.021568628 -367
8 574.1159 1161.395 0.019607844 -400
9 566.64514 1161.395 0.019607844 -433
10 545.91864 1162.3945 0.019607844 -466
11 493.54303 1157.3971 0.019607844 -499
12 487.398 1156.366 0.019607844 -543
13 401.5764 1138.3245 0.019607844 -549
14 332.7325 1128.1879 0.019607844 -598
15 292.6834 1125.4138 0.019607844 -648
16 280.15936 1125.4138 0.021568628 -697
17 273.17883 1125.4138 0.021568628 -730
18 269.87372 1125.4138 0.021568628 -763
19 266.52487 1125.4138 0.021568628 -796
20 264.75485 1128.912 0.021568628 -829
21 264.75485 1137.7203 0.021568628 -861
22 264.75485 1152.9713 0.021568628 -895
23 264.75485 1183.0332 0.019607844 -928
24 265.75394 1241.3387 0.019607844 -961
25 266.75302 1300.4163 0.019607844 -994
26 265.01028 1368.4298 0.019607844 -1027
27 260.4356 1430.1036 0.019607844 -1060
28 252.93398 1489.0472 0.019607844 -1093
29 245.71033 1546.6918 0.019607844 -1126
30 238.54266 1606.2916 0.019607844 -1159
31 233.98409 1671.7168 0.019607844 -1192
32 227.64915 1724.0825 0.021568628 -1225
33 224.79185 1736.7977 0.021568628 -1275
34 224.79185 1740.5376 0.021568628 -1308
35 227.55595 1740.0936 0.021568628 -1341
36 231.34738 1740.0936 0.019607844 -1390
37 233.78354 1738.0947 0.01764706 -1423
38 233.78354 1738.0947 0.01764706 -1444
0 619.42645 1136.4081 0.01764706 -205
1 619.42645 1136.4081 0.01764706 -205
2 619.42645 1136.4081 0.019607844 -219
3 615.7615 1136.4081 0.021568628 -269
4 612.3653 1136.4081 0.021568628 -318
5 608.97296 1136.4081 0.021568628 -351
6 605.5827 1136.4081 0.021568628 -385
7 602.1079 1136.4081 0.021568628 -418
8 598.66876 1136.4081 0.021568628 -451
9 597.7752 1136.4081 0.019607844 -484
10 594.44275 1136.4081 0.019607844 -517
11 582.27716 1138.0441 0.019607844 -550
12 559.65546 1141.6663 0.019607844 -583
13 519.3347 1145.2968 0.019607844 -616
14 464.16302 1145.4034 0.019607844 -649
15 407.67786 1145.4034 0.019607844 -682
16 350.3155 1146.0002 0.019607844 -715
17 310.7987 1149.4927 0.019607844 -748
18 288.1854 1151.9095 0.021568628 -781
19 275.92978 1153.3993 0.021568628 -814
20 270.45108 1153.3993 0.021568628 -847
21 267.05298 1153.3993 0.021568628 -880
22 263.6916 1153.3993 0.021568628 -913
23 260.26303 1153.895 0.021568628 -946
24 259.7595 1154.651 0.021568628 -979
25 259.7595 1158.9738 0.021568628 -995
26 259.7595 1162.5161 0.021568628 -1028
27 259.7595 1172.7675 0.021568628 -1045
28 259.7595 1197.5366 0.019607844 -1078
29 260.75854 1245.0209 0.019607844 -1111
30 262.5201 1307.6355 0.021568628 -1144
31 264.75485 1375.5507 0.021568628 -1177
32 262.8437 1442.2463 0.021568628 -1210
33 259.24185 1501.9893 0.021568628 -1243
34 254.52904 1554.8373 0.021568628 -1276
35 249.01945 1615.4082 0.019607844 -1309
36 244.0597 1664.7759 0.021568628 -1342
37 239.74486 1696.3485 0.021568628 -1375
38 235.1383 1718.6808 0.021568628 -1408
39 231.54193 1728.5869 0.021568628 -1441
40 230.78632 1733.9963 0.021568628 -1474
41 230.78632 1736.0957 0.019607844 -1507
42 231.88675 1736.0957 0.019607844 -1540
43 232.78445 1736.0957 0.01764706 -1573
44 232.78445 1736.0957 0.01764706 -1588
0 595.44867 1186.3821 0.01764706 -238
1 595.44867 1186.3821 0.01764706 -238
2 595.44867 1186.3821 0.019607844 -252
3 595.44867 1186.3821 0.021568628 -301
4 595.44867 1186.3821 0.021568628 -334
5 595.44867 1186.3821 0.021568628 -339
6 595.44867 1186.3821 0.019607844 -417
7 589.84503 1186.3821 0.019607844 -450
8 580.9859 1186.3821 0.019607844 -483
9 562.4267 1187.3816 0.019607844 -516
10 517.0708 1182.6053 0.019607844 -549
11 462.65228 1172.8053 0.019607844 -582
12 407.03287 1164.0483 0.019607844 -615
13 344.5878 1157.3972 0.019607844 -648
14 306.31976 1156.2426 0.019607844 -681
15 286.3993 1156.3977 0.021568628 -714
16 276.6878 1156.3977 0.021568628 -747
17 272.32733 1156.3977 0.019607844 -780
18 268.8923 1156.3977 0.021568628 -813
19 268.75116 1156.3977 0.019607844 -846
20 268.75116 1161.8899 0.019607844 -879
21 267.75208 1181.6224 0.019607844 -912
22 265.55444 1198.1729 0.019607844 -945
23 261.93997 1255.0613 0.019607844 -961
24 257.43878 1318.4784 0.019607844 -994
25 253.37361 1350.6266 0.019607844 -1027
26 248.8387 1390.6768 0.019607844 -1044
27 237.15842 1451.8131 0.021568628 -1060
28 227.2059 1500.7478 0.021568628 -1093
29 218.27701 1555.8358 0.019607844 -1126
30 212.06091 1604.3636 0.021568628 -1159
31 210.80481 1654.3604 0.019607844 -1192
32 214.4825 1704.923 0.019607844 -1225
33 215.80019 1733.1046 0.021568628 -1258
34 213.86847 1743.9586 0.021568628 -1291
35 210.30527 1747.5896 0.021568628 -1324
36 208.47516 1747.09 0.021568628 -1357
37 207.80759 1747.09 0.021568628 -1374
38 207.80759 1747.09 0.019607844 -1390
39 208.80666 1747.09 0.019607844 -1440
40 208.80666 1747.09 0.01764706 -1473
41 208.80666 1747.09 0.01764706 -1479
0 596.44775 1179.3857 0.019607844 -238
1 596.44775 1179.3857 0.019607844 -238
2 596.44775 1179.3857 0.019607844 -260
3 596.44775 1179.3857 0.021568628 -293
4 592.2788 1179.3857 0.021568628 -326
5 586.3939 1179.3857 0.021568628 -359
6 582.9646 1179.3857 0.021568628 -392
7 579.3961 1179.3857 0.019607844 -425
8 572.1932 1179.3857 0.019607844 -458
9 560.6077 1179.6039 0.019607844 -491
10 535.6373 1183.2578 0.019607844 -524
11 475.05246 1180.1924 0.019607844 -557
12 387.78214 1171.8657 0.019607844 -607
13 343.25912 1168.3562 0.019607844 -656
14 304.62292 1166.3925 0.019607844 -689
15 286.11197 1166.3925 0.019607844 -722
16 276.13068 1166.3925 0.019607844 -755
17 272.07504 1165.393 0.019607844 -788
18 268.68054 1165.393 0.019607844 -821
19 265.36172 1165.393 0.019607844 -854
20 265.75394 1167.2788 0.019607844 -887
21 265.75394 1173.0968 0.021568628 -920
22 265.75394 1185.8431 0.021568628 -953
23 265.75394 1209.2362 0.019607844 -986
24 270.6851 1275.3716 0.019607844 -1019
25 272.74747 1346.8348 0.019607844 -1052
26 270.61865 1410.7495 0.019607844 -1085
27 265.9845 1477.7686 0.019607844 -1118
28 259.96466 1523.3715 0.019607844 -1151
29 254.83029 1558.8237 0.019607844 -1184
30 247.49387 1590.6409 0.019607844 -1217
31 242.36119 1613.4028 0.019607844 -1250
32 238.8277 1630.9552 0.019607844 -1283
33 235.21973 1641.8323 0.019607844 -1316
34 232.78445 1649.6182 0.021568628 -1349
35 231.78539 1652.9603 0.021568628 -1382
36 231.78539 1655.138 0.021568628 -1415
37 231.78539 1655.138 0.019607844 -1448
38 232.78445 1655.138 0.019607844 -1481
39 232.78445 1655.138 0.019607844 -1498
0 600.44403 1183.3837 0.019607844 -187
1 600.44403 1183.3837 0.019607844 -187
2 600.44403 1183.3837 0.019607844 -211
3 599.33954 1183.3837 0.019607844 -228
4 596.8415 1183.3837 0.021568628 -244
5 594.93555 1183.3837 0.021568628 -261
6 593.26776 1183.3837 0.021568628 -277
7 591.5216 1183.3837 0.023529414 -294
8 588.14813 1183.3837 0.023529414 -310
9 584.738 1183.3837 0.023529414 -343
10 581.3115 1183.3837 0.021568628 -376
11 577.72766 1183.3837 0.019607844 -409
12 574.12866 1183.3837 0.019607844 -442
13 572.3048 1183.3837 0.019607844 -475
14 567.3043 1183.3837 0.019607844 -491
15 555.1814 1184.383 0.019607844 -508
16 538.29926 1183.6632 0.019607844 -524
17 517.74695 1182.2552 0.019607844 -541
18 493.23987 1178.1257 0.019607844 -557
19 465.98755 1172.673 0.01764706 -574
20 402.86563 1163.5488 0.01764706 -590
21 378.52063 1161.6342 0.019607844 -623
22 338.90686 1159.0183 0.019607844 -640
23 306.25113 1158.4501 0.01764706 -673
24 274.8782 1153.9155 0.01764706 -706
25 260.36374 1150.269 0.019607844 -739
26 252.73248 1149.4014 0.019607844 -772
27 246.90996 1149.4014 0.021568628 -805
28 243.55608 1149.4014 0.021568628 -838
29 241.77614 1154.7013 0.021568628 -871
30 241.77614 1162.7897 0.021568628 -904
31 240.06529 1176.9491 0.021568628 -937
32 238.5467 1198.0029 0.021568628 -970
33 240.4525 1255.6355 0.019607844 -1003
34 246.21426 1334.592 0.019607844 -1036
35 247.86266 1411.2003 0.019607844 -1069
36 243.32288 1495.0137 0.019607844 -1102
37 236.02202 1550.129 0.019607844 -1135
38 228.76329 1586.2858 0.021568628 -1168
39 222.08305 1615.715 0.021568628 -1201
40 218.47684 1630.1136 0.021568628 -1234
41 216.79926 1638.2091 0.021568628 -1267
42 216.79926 1644.4727 0.021568628 -1300
43 216.79926 1648.4382 0.021568628 -1333
44 215.81984 1653.1193 0.021568628 -1366
45 214.00894 1656.7229 0.023529414 -1399
46 212.19888 1658.7407 0.021568628 -1416
47 211.8039 1660.5514 0.021568628 -1432
48 211.8039 1662.3317 0.021568628 -1449
49 211.8039 1663.1338 0.019607844 -1465
50 211.8039 1663.1338 0.019607844 -1482
51 213.39264 1663.1338 0.019607844 -1498
52 213.80203 1663.1338 0.019607844 -1531
53 214.80112 1663.1338 0.019607844 -1535
0 590.4533 1182.3842 0.019607844 -183
1 590.4533 1182.3842 0.019607844 -183
2 590.4533 1182.3842 0.019607844 -196
3 590.4533 1182.3842 0.021568628 -229
4 590.4533 1182.3842 0.021568628 -269
5 588.6777 1182.3842 0.023529414 -286
6 585.37756 1182.3842 0.023529414 -319
7 581.89514 1182.3842 0.021568628 -352
8 578.36084 1182.3842 0.021568628 -385
9 573.09595 1182.3842 0.019607844 -418
10 565.4342 1184.3971 0.019607844 -468
11 542.21454 1188.0416 0.019607844 -501
12 510.0182 1191.6304 0.019607844 -534
13 464.5674 1194.2354 0.019607844 -567
14 421.30414 1194.3779 0.019607844 -600
15 384.12265 1195.243 0.019607844 -633
16 363.24524 1197.3763 0.021568628 -666
17 353.27643 1197.3763 0.021568628 -699
18 349.59424 1197.3763 0.021568628 -732
19 346.19635 1197.3763 0.021568628 -765
20 344.68085 1197.3763 0.021568628 -798
21 344.68085 1197.3763 0.021568628 -831
22 344.68085 1200.8234 0.021568628 -876
23 344.68085 1206.3196 0.019607844 -913
24 343.18222 1224.3623 0.021568628 -946
25 340.62054 1252.924 0.019607844 -979
26 335.34177 1311.4248 0.019607844 -1012
27 333.22842 1341.173 0.021568628 -1045
28 328.6629 1396.5347 0.021568628 -1062
29 325.00455 1429.8115 0.021568628 -1095
30 317.97772 1473.8716 0.021568628 -1112
31 312.6146 1514.8826 0.021568628 -1145
32 309.06726 1552.3638 0.021568628 -1178
33 307.28894 1568.5952 0.021568628 -1211
34 305.4404 1583.3894 0.021568628 -1227
35 301.84586 1623.901 0.021568628 -1244
36 299.22943 1654.5927 0.021568628 -1277
37 295.59 1674.5369 0.021568628 -1310
38 292.72894 1684.6646 0.021568628 -1343
39 292.72894 1688.1207 0.021568628 -1376
40 293.77393 1689.1202 0.019607844 -1409
41 295.7262 1689.1202 0.019607844 -1442
42 295.7262 1689.1202 0.019607844 -1459
0 637.4098 1170.3904 0.019607844 -213
1 637.4098 1170.3904 0.019607844 -213
2 637.4098 1170.3904 0.019607844 -236
3 637.4098 1170.3904 0.019607844 -269
4 636.42285 1170.3904 0.021568628 -285
5 633.0029 1170.3904 0.019607844 -318
6 629.48444 1170.3904 0.019607844 -351
7 624.2912 1170.3904 0.019607844 -384
8 615.9054 1172.5641 0.019607844 -417
9 595.82855 1176.3398 0.019607844 -450
10 563.852 1180.0105 0.019607844 -483
11 524.9228 1182.3842 0.019607844 -516
12 501.77493 1182.3842 0.019607844 -549
13 470.19507 1181.4623 0.019607844 -566
14 437.75006 1180.6882 0.019607844 -582
15 407.91885 1180.3851 0.019607844 -599
16 384.21182 1179.3857 0.019607844 -615
17 364.03873 1179.3857 0.019607844 -632
18 345.84857 1178.7382 0.019607844 -648
19 331.9441 1179.7291 0.021568628 -665
20 324.71506 1179.3857 0.021568628 -681
21 320.36487 1179.3857 0.021568628 -698
22 317.0848 1179.3857 0.021568628 -714
23 314.11493 1179.3857 0.021568628 -731
24 310.88495 1179.3857 0.021568628 -764
25 309.71323 1179.3857 0.021568628 -797
26 309.71323 1179.3857 0.021568628 -813
27 309.71323 1180.3029 0.021568628 -830
28 309.71323 1182.0074 0.021568628 -846
29 309.71323 1183.7205 0.021568628 -863
30 309.71323 1185.5204 0.021568628 -879
31 309.71323 1189.8702 0.021568628 -896
32 308.1484 1196.6418 0.021568628 -912
33 304.67624 1212.5768 0.021568628 -929
34 301.72064 1253.9208 0.021568628 -962
35 301.72064 1280.0858 0.021568628 -995
36 300.87552 1343.4475 0.021568628 -1011
37 299.09555 1379.5769 0.021568628 -1044
38 297.3162 1410.2101 0.021568628 -1061
39 295.5811 1437.4302 0.021568628 -1078
40 291.73465 1466.2029 0.021568628 -1094
41 287.22525 1501.2883 0.021568628 -1111
42 283.67038 1527.6731 0.021568628 -1127
43 280.0812 1550.1493 0.021568628 -1144
44 276.44757 1571.96 0.021568628 -1160
45 273.9 1599.7074 0.021568628 -1177
46 272.03024 1624.2043 0.019607844 -1193
47 270.7493 1641.3413 0.019607844 -1210
48 269.4444 1655.5868 0.021568628 -1226
49 267.57343 1669.3822 0.019607844 -1243
50 265.77954 1683.9178 0.021568628 -1259
51 263.9878 1694.724 0.021568628 -1276
52 262.1828 1704.41 0.021568628 -1292
53 260.34695 1711.7562 0.021568628 -1309
54 258.61456 1717.5433 0.021568628 -1325
55 256.74704 1722.1487 0.021568628 -1342
56 255.76318 1725.7512 0.021568628 -1358
57 255.76318 1728.7295 0.021568628 -1375
58 255.76318 1730.5515 0.021568628 -1391
59 255.76318 1732.3552 0.021568628 -1408
60 255.76318 1733.0973 0.021568628 -1424
61 255.76318 1733.0973 0.019607844 -1441
62 255.76318 1733.0973 0.019607844 -1457
63 255.76318 1733.0973 0.019607844 -1474
64 255.76318 1733.0973 0.01764706 -1475
0 624.4218 1170.3904 0.01764706 -198
1 624.4218 1170.3904 0.019607844 -198
2 624.4218 1170.3904 0.019607844 -218
3 624.4218 1170.3904 0.019607844 -235
4 623.15576 1170.3904 0.021568628 -251
5 620.4323 1170.3904 0.021568628 -268
6 618.73944 1170.3904 0.021568628 -284
7 617.028 1170.3904 0.023529414 -301
8 615.33936 1170.3904 0.023529414 -317
9 613.5798 1170.3904 0.023529414 -334
10 611.8624 1170.3904 0.021568628 -350
11 610.1662 1170.3904 0.021568628 -367
12 606.59845 1170.3904 0.021568628 -383
13 604.78516 1170.3904 0.019607844 -416
14 602.9707 1170.3904 0.019607844 -433
15 599.8192 1170.3904 0.019607844 -449
16 585.3465 1172.4053 0.019607844 -466
17 552.73566 1176.0627 0.019607844 -499
18 532.3301 1176.3873 0.019607844 -532
19 509.4892 1176.3873 0.019607844 -548
20 453.00925 1176.3873 0.019607844 -565
21 423.98627 1176.3873 0.019607844 -598
22 395.13126 1176.3873 0.019607844 -614
23 372.05045 1176.3873 0.019607844 -631
24 352.749 1175.3878 0.019607844 -647
25 328.9209 1174.657 0.019607844 -664
26 302.754 1174.3883 0.021568628 -680
27 290.04068 1174.3883 0.021568628 -713
28 283.00513 1174.3883 0.021568628 -746
29 281.25314 1174.3883 0.023529414 -779
30 277.94937 1174.3883 0.021568628 -796
31 276.74374 1175.9398 0.021568628 -829
32 276.74374 1179.1987 0.021568628 -895
33 273.984 1194.4762 0.019607844 -912
34 272.2113 1211.2722 0.021568628 -945
35 270.47812 1227.8033 0.019607844 -961
36 266.6482 1252.0298 0.021568628 -978
37 258.17117 1315.3236 0.021568628 -994
38 252.75847 1344.6729 0.021568628 -1027
39 247.36502 1374.4491 0.023529414 -1044
40 242.19136 1413.4584 0.021568628 -1060
41 236.6982 1451.8223 0.023529414 -1077
42 232.29529 1484.1716 0.021568628 -1093
43 221.67036 1539.8198 0.021568628 -1110
44 216.24826 1569.3423 0.021568628 -1143
45 211.52187 1596.1445 0.021568628 -1159
46 207.9187 1621.3768 0.021568628 -1176
47 204.33125 1649.977 0.021568628 -1192
48 201.72707 1676.247 0.021568628 -1209
49 199.02289 1700.5604 0.021568628 -1225
50 196.42833 1719.6635 0.021568628 -1242
51 194.31802 1731.1106 0.021568628 -1258
52 190.70914 1744.4342 0.023529414 -1275
53 187.82608 1750.8114 0.023529414 -1308
54 187.82608 1753.0869 0.023529414 -1341
55 187.82608 1753.0869 0.021568628 -1374
56 188.29573 1753.0869 0.021568628 -1390
57 192.13126 1752.0874 0.019607844 -1407
58 194.81961 1752.0874 0.01764706 -1440
59 194.81961 1752.0874 0.01764706 -1451
0 625.4209 1172.3894 0.01764706 -221
1 625.4209 1172.3894 0.019607844 -221
2 625.4209 1172.3894 0.019607844 -243
3 625.4209 1172.3894 0.021568628 -275
4 624.71564 1172.3894 0.021568628 -308
5 623.03394 1172.3894 0.021568628 -325
6 621.3198 1172.3894 0.021568628 -341
7 619.53436 1172.3894 0.021568628 -358
8 617.74023 1172.3894 0.021568628 -374
9 615.9671 1172.3894 0.021568628 -391
10 612.33466 1172.3894 0.019607844 -407
11 609.6141 1173.2996 0.019607844 -440
12 604.22125 1174.3883 0.019607844 -457
13 596.5644 1175.9642 0.019607844 -473
14 569.43787 1176.3873 0.019607844 -490
15 549.03156 1175.2551 0.019607844 -523
16 519.95776 1172.5332 0.019607844 -539
17 489.163 1169.0151 0.019607844 -556
18 428.82867 1165.1572 0.019607844 -572
19 369.2696 1163.394 0.019607844 -605
20 332.57727 1163.394 0.019607844 -639
21 307.2139 1163.394 0.021568628 -655
22 289.22946 1163.394 0.021568628 -672
23 273.5145 1163.394 0.021568628 -688
24 262.80075 1163.394 0.021568628 -705
25 255.71437 1163.394 0.023529414 -721
26 251.44377 1163.394 0.023529414 -738
27 249.47664 1163.394 0.023529414 -754
28 246.25237 1163.394 0.023529414 -771
29 245.77243 1163.394 0.021568628 -804
30 245.77243 1163.394 0.021568628 -837
31 245.77243 1163.394 0.021568628 -853
32 245.77243 1164.329 0.021568628 -870
33 245.77243 1166.697 0.021568628 -886
34 245.77243 1171.4631 0.021568628 -903
35 245.77243 1182.7053 0.021568628 -919
36 245.77243 1194.3386 0.021568628 -952
37 245.77243 1210.7542 0.021568628 -969
38 245.77243 1234.1422 0.021568628 -985
39 245.77243 1261.7026 0.019607844 -1002
40 245.18071 1309.1251 0.019607844 -1018
41 244.77336 1348.1154 0.021568628 -1035
42 240.87067 1425.1964 0.019607844 -1051
43 237.39545 1476.5403 0.019607844 -1084
44 233.81543 1512.4089 0.021568628 -1101
45 228.999 1546.1915 0.019607844 -1117
46 225.61542 1575.6726 0.021568628 -1134
47 221.17938 1607.6016 0.021568628 -1150
48 216.46222 1633.1736 0.021568628 -1167
49 214.35428 1652.6117 0.021568628 -1183
50 210.77267 1685.3795 0.021568628 -1200
51 210.80481 1700.4786 0.019607844 -1233
52 210.80481 1711.641 0.021568628 -1249
53 210.80481 1719.149 0.021568628 -1266
54 210.80481 1725.0342 0.021568628 -1282
55 209.72339 1729.3466 0.021568628 -1299
56 209.80574 1732.0397 0.021568628 -1315
57 209.80574 1733.8525 0.021568628 -1332
58 209.80574 1735.0963 0.021568628 -1348
59 209.80574 1735.0963 0.019607844 -1365
60 209.80574 1735.0963 0.019607844 -1381
61 209.80574 1735.0963 0.019607844 -1398
62 210.80481 1735.0963 0.019607844 -1414
63 213.80203 1734.0968 0.01764706 -1422
0 635.4117 1185.3826 0.01764706 -303
1 635.4117 1185.3826 0.01764706 -303
2 635.4117 1185.3826 0.019607844 -317
3 635.4117 1185.3826 0.019607844 -334
4 635.4117 1185.3826 0.019607844 -350
5 634.49414 1185.3826 0.019607844 -383
6 630.93677 1185.3826 0.021568628 -416
7 628.98474 1185.3826 0.019607844 -449
8 621.9681 1185.3826 0.021568628 -465
9 618.3468 1185.3826 0.021568628 -498
10 613.4289 1185.3826 0.019607844 -515
11 602.8011 1185.3826 0.019607844 -531
12 583.0219 1188.872 0.019607844 -564
13 550.86053 1190.38 0.019607844 -597
14 531.01355 1189.4264 0.019607844 -630
15 501.03027 1186.6149 0.019607844 -647
16 475.23434 1184.8278 0.019607844 -663
17 448.69147 1183.0576 0.019607844 -680
18 402.9465 1179.4872 0.019607844 -696
19 375.77692 1179.3857 0.019607844 -729
20 340.53125 1178.2582 0.019607844 -746
21 326.09525 1177.3867 0.019607844 -779
22 314.70868 1177.3867 0.019607844 -795
23 305.81772 1177.3867 0.019607844 -812
24 300.48685 1177.3867 0.019607844 -828
25 297.02643 1177.3867 0.021568628 -845
26 293.64346 1177.3867 0.019607844 -861
27 291.50217 1177.3867 0.021568628 -878
28 288.1207 1177.3867 0.021568628 -894
29 286.37085 1177.7505 0.021568628 -927
30 282.91833 1182.0238 0.021568628 -944
31 277.25177 1193.3615 0.021568628 -977
32 270.06793 1215.2542 0.021568628 -1010
33 264.89093 1238.4315 0.021568628 -1043
34 259.61905 1261.2854 0.021568628 -1059
35 254.33961 1284.1722 0.021568628 -1076
36 249.03792 1309.0651 0.021568628 -1092
37 241.05801 1346.2131 0.021568628 -1109
38 234.06604 1378.0096 0.021568628 -1125
39 230.40067 1405.5491 0.021568628 -1142
40 224.76164 1434.404 0.021568628 -1158
41 220.42459 1463.8367 0.021568628 -1175
42 212.23505 1509.0562 0.021568628 -1191
43 208.53374 1526.4342 0.021568628 -1224
44 204.8723 1542.9174 0.021568628 -1241
45 203.0562 1558.7461 0.021568628 -1257
46 201.27827 1575.9974 0.021568628 -1274
47 199.47972 1592.1908 0.021568628 -1290
48 197.71806 1609.1504 0.021568628 -1307
49 196.81776 1627.5874 0.021568628 -1323
50 195.8187 1653.5502 0.021568628 -1340
51 192.49 1689.7739 0.021568628 -1356
52 190.67992 1700.8318 0.021568628 -1389
53 188.88225 1708.8813 0.021568628 -1405
54 187.08247 1714.34 0.021568628 -1422
55 186.82701 1723.2167 0.019607844 -1438
56 187.7707 1724.1019 0.019607844 -1488
57 190.82332 1724.1019 0.01764706 -1522
58 190.82332 1724.1019 0.01764706 -1540
0 612.4329 1172.3894 0.019607844 -281
1 612.4329 1172.3894 0.019607844 -281
2 612.4329 1172.3894 0.019607844 -305
3 612.4329 1172.3894 0.019607844 -338
4 612.4329 1172.3894 0.021568628 -355
5 608.6882 1172.3894 0.021568628 -371
6 606.99554 1172.3894 0.021568628 -404
7 603.51385 1172.3894 0.021568628 -421
8 597.92834 1172.3894 0.021568628 -454
9 596.0622 1172.3894 0.019607844 -487
10 593.0477 1172.3894 0.019607844 -504
11 584.5801 1173.6815 0.019607844 -520
12 573.7517 1175.6738 0.019607844 -550
13 561.3147 1176.408 0.019607844 -566
14 513.7885 1177.3867 0.019607844 -583
15 487.71808 1176.3873 0.019607844 -616
16 460.51804 1174.9177 0.019607844 -632
17 432.64172 1173.1251 0.019607844 -649
18 406.64105 1171.3245 0.019607844 -665
19 378.31577 1171.3899 0.019607844 -682
20 336.3274 1171.3899 0.019607844 -698
21 313.56323 1171.3899 0.019607844 -731
22 301.07443 1171.3899 0.019607844 -764
23 297.88266 1171.3899 0.019607844 -797
24 296.14777 1171.3899 0.021568628 -814
25 292.85025 1171.3899 0.019607844 -830
26 291.7299 1171.3899 0.019607844 -863
27 291.7299 1171.3899 0.019607844 -880
28 290.6625 1171.3899 0.019607844 -896
29 290.7308 1173.1937 0.019607844 -913
30 289.1671 1176.5175 0.019607844 -929
31 287.40817 1181.6873 0.019607844 -946
32 282.07083 1201.8799 0.019607844 -962
33 278.478 1219.0537 0.021568628 -995
34 274.92078 1236.8915 0.019607844 -1012
35 268.80527 1278.9818 0.021568628 -1028
36 261.7044 1339.7283 0.019607844 -1061
37 256.76797 1367.2592 0.021568628 -1094
38 253.46844 1392.3528 0.021568628 -1111
39 247.12798 1422.5643 0.021568628 -1127
40 242.36148 1449.1439 0.021568628 -1144
41 238.3356 1473.9696 0.021568628 -1160
42 234.16689 1496.9181 0.021568628 -1177
43 230.51453 1516.5703 0.021568628 -1193
44 226.91838 1540.234 0.021568628 -1210
45 222.31633 1564.0522 0.021568628 -1226
46 218.79265 1586.7046 0.021568628 -1243
47 215.13115 1606.5116 0.021568628 -1259
48 212.44185 1632.4991 0.021568628 -1276
49 210.84343 1657.5181 0.021568628 -1292
50 209.02621 1677.9283 0.021568628 -1309
51 207.80759 1690.6741 0.021568628 -1325
52 206.40103 1700.1537 0.021568628 -1342
53 206.80852 1706.5941 0.021568628 -1358
54 206.80852 1711.1188 0.023529414 -1375
55 206.80852 1713.9242 0.023529414 -1391
56 206.80852 1715.7192 0.021568628 -1408
57 206.80852 1717.5084 0.021568628 -1424
58 206.80852 1718.263 0.021568628 -1441
59 206.80852 1718.1051 0.019607844 -1457
60 207.66603 1718.1051 0.019607844 -1474
61 209.80574 1718.1051 0.019607844 -1507
62 210.80481 1717.1056 0.019607844 -1527
0 586.457 1213.368 0.019607844 -222
1 586.457 1213.368 0.019607844 -222
2 586.457 1213.368 0.019607844 -248
3 586.457 1213.368 0.021568628 -265
4 586.457 1213.368 0.021568628 -277
5 586.457 1213.368 0.023529414 -310
6 586.457 1213.368 0.023529414 -330
7 585.38586 1213.368 0.023529414 -347
8 583.72797 1213.368 0.023529414 -364
9 582.0982 1213.368 0.023529414 -380
10 580.3756 1214.4543 0.023529414 -397
11 576.9617 1214.3674 0.021568628 -413
12 575.17084 1214.3674 0.021568628 -446
13 573.40027 1214.3674 0.019607844 -463
14 570.77136 1215.217 0.019607844 -479
15 565.6007 1216.9913 0.019607844 -496
16 559.005 1218.7345 0.019607844 -512
17 549.64594 1220.5333 0.019607844 -529
18 535.93695 1222.3152 0.019607844 -545
19 519.1121 1222.3633 0.019607844 -562
20 500.11484 1222.3633 0.019607844 -578
21 482.8662 1221.3639 0.019607844 -595
22 437.9724 1217.5911 0.019607844 -611
23 413.11685 1215.825 0.019607844 -644
24 393.64102 1214.0953 0.019607844 -661
25 373.14188 1212.3219 0.019607844 -677
26 350.79807 1211.5771 0.019607844 -694
27 313.31915 1211.369 0.019607844 -710
28 290.0487 1209.7561 0.019607844 -743
29 274.6308 1209.3701 0.021568628 -776
30 270.40186 1209.3701 0.021568628 -809
31 267.0701 1209.3701 0.021568628 -826
32 263.78796 1209.3701 0.023529414 -842
33 260.54327 1209.3701 0.023529414 -859
34 257.28317 1213.3252 0.023529414 -892
35 255.48804 1219.1912 0.021568628 -925
36 254.76411 1223.3308 0.021568628 -941
37 254.76411 1229.8367 0.021568628 -958
38 254.31178 1239.5237 0.021568628 -974
39 252.59332 1255.0743 0.019607844 -991
40 252.76596 1280.8029 0.021568628 -1007
41 250.35703 1348.6985 0.021568628 -1024
42 249.76874 1416.1354 0.021568628 -1057
43 241.91837 1489.9427 0.021568628 -1090
44 236.89105 1515.6586 0.021568628 -1123
45 233.62675 1539.2184 0.021568628 -1139
46 225.61989 1587.6146 0.023529414 -1156
47 219.67154 1621.156 0.021568628 -1189
48 216.0991 1653.745 0.021568628 -1222
49 214.25368 1666.9674 0.021568628 -1255
50 212.50024 1676.6416 0.023529414 -1272
51 209.80574 1690.6857 0.021568628 -1288
52 208.42677 1699.875 0.021568628 -1321
53 208.80666 1703.1129 0.021568628 -1354
54 209.4064 1703.1129 0.021568628 -1387
55 211.22449 1703.1129 0.019607844 -1420
56 214.25116 1703.1129 0.019607844 -1437
57 214.25116 1703.1129 0.019607844 -1453
0 637.4098 1180.3851 0.019607844 -128
1 637.4098 1180.3851 0.019607844 -128
2 637.4098 1180.3851 0.019607844 -140
3 636.4606 1180.3851 0.021568628 -173
4 634.1574 1180.3851 0.021568628 -190
5 632.0958 1180.3851 0.023529414 -206
6 626.10626 1181.0417 0.023529414 -223
7 620.34357 1183.4247 0.023529414 -256
8 616.02277 1186.7887 0.023529414 -289
9 614.27997 1187.3816 0.023529414 -322
10 610.84674 1187.3816 0.023529414 -338
11 609.1233 1187.3816 0.023529414 -371
12 605.66187 1187.3816 0.023529414 -388
13 602.1499 1187.3816 0.021568628 -421
14 598.56 1187.3816 0.021568628 -454
15 596.7391 1187.3816 0.021568628 -487
16 594.94336 1187.3816 0.019607844 -503
17 591.823 1187.3816 0.019607844 -520
18 585.7427 1188.5596 0.019607844 -536
19 568.7282 1190.3605 0.019607844 -553
20 524.689 1191.3795 0.019607844 -569
21 497.9624 1189.9819 0.019607844 -602
22 475.15695 1188.1962 0.019607844 -619
23 443.32584 1184.4531 0.019607844 -635
24 414.41443 1180.8596 0.019607844 -652
25 388.6734 1177.3151 0.019607844 -668
26 368.46136 1175.0973 0.019607844 -685
27 351.09955 1173.3313 0.019607844 -701
28 336.7391 1172.3894 0.019607844 -718
29 325.01996 1172.3894 0.021568628 -734
30 311.0945 1170.3904 0.021568628 -751
31 306.53873 1170.3904 0.021568628 -784
32 304.4299 1169.1028 0.021568628 -800
33 302.7521 1169.3909 0.021568628 -817
34 299.4185 1169.3909 0.021568628 -833
35 296.03433 1170.0822 0.021568628 -866
36 292.64673 1174.5527 0.021568628 -899
37 290.81396 1179.1361 0.021568628 -932
38 289.09573 1184.293 0.021568628 -949
39 287.36246 1189.4948 0.021568628 -966
40 285.60425 1198.0327 0.021568628 -982
41 283.88538 1209.1844 0.021568628 -999
42 282.1485 1222.0856 0.021568628 -1015
43 280.38205 1238.9379 0.021568628 -1032
44 277.49158 1260.978 0.021568628 -1048
45 275.8745 1287.9899 0.021568628 -1065
46 273.11514 1314.1633 0.021568628 -1081
47 269.93393 1341.83 0.021568628 -1098
48 268.60538 1367.4763 0.021568628 -1114
49 266.76556 1394.0853 0.021568628 -1131
50 263.2135 1429.3693 0.021568628 -1147
51 260.19077 1461.332 0.021568628 -1164
52 258.41083 1489.8226 0.021568628 -1180
53 254.36531 1512.6072 0.021568628 -1197
54 249.7554 1542.2813 0.021568628 -1213
55 246.17241 1575.3762 0.021568628 -1230
56 242.37077 1634.2208 0.021568628 -1246
57 240.5963 1660.8488 0.021568628 -1279
58 238.94853 1702.4156 0.021568628 -1296
59 237.10277 1716.1722 0.021568628 -1329
60 233.49265 1729.9724 0.023529414 -1345
61 231.68793 1734.2917 0.023529414 -1378
62 231.78539 1735.9861 0.023529414 -1395
63 231.78539 1737.7634 0.021568628 -1411
64 231.78539 1738.0947 0.021568628 -1428
65 231.78539 1738.0947 0.021568628 -1444
66 231.78539 1738.0947 0.019607844 -1454
67 231.78539 1738.0947 0.01764706 -1494
68 231.78539 1738.0947 0.01764706 -1511
0 628.41815 1192.3789 0.019607844 -206
1 628.41815 1192.3789 0.019607844 -206
2 626.91956 1192.3789 0.021568628 -219
3 623.04877 1192.3789 0.023529414 -268
4 620.5627 1192.3789 0.023529414 -285
5 617.89813 1192.3789 0.023529414 -301
6 615.08484 1193.5511 0.023529414 -318
7 613.5468 1193.3784 0.023529414 -334
8 611.87836 1193.3784 0.023529414 -351
9 610.20874 1193.3784 0.023529414 -367
10 608.47266 1193.3784 0.023529414 -384
11 605.00226 1193.3784 0.021568628 -400
12 601.4753 1193.3784 0.021568628 -433
13 597.8887 1193.3784 0.019607844 -466
14 587.58466 1193.3784 0.019607844 -499
15 550.90424 1192.4877 0.019607844 -532
16 498.1558 1188.8885 0.019607844 -565
17 442.23825 1185.2981 0.019607844 -598
18 408.21735 1182.529 0.019607844 -631
19 379.31412 1181.3846 0.019607844 -648
20 358.59122 1181.3846 0.019607844 -664
21 341.8239 1181.3846 0.019607844 -681
22 326.33014 1180.3851 0.019607844 -697
23 314.10532 1180.3851 0.019607844 -714
24 304.74625 1180.3851 0.019607844 -730
25 299.24146 1180.3851 0.021568628 -747
26 294.07562 1180.3851 0.021568628 -763
27 291.20294 1180.3851 0.021568628 -780
28 289.56308 1180.3851 0.021568628 -796
29 287.87027 1180.3851 0.021568628 -813
30 286.23495 1180.3851 0.021568628 -829
31 286.7345 1182.2959 0.021568628 -846
32 286.7345 1185.7261 0.021568628 -879
33 286.7345 1189.1461 0.021568628 -896
34 286.7345 1194.8622 0.021568628 -912
35 286.7345 1218.0227 0.021568628 -929
36 284.66394 1253.1445 0.021568628 -962
37 280.37646 1312.9553 0.021568628 -995
38 275.40048 1372.0415 0.021568628 -1028
39 268.21783 1438.5887 0.021568628 -1061
40 259.90997 1494.4683 0.021568628 -1094
41 255.39383 1517.4279 0.021568628 -1127
42 249.93181 1542.3805 0.021568628 -1143
43 245.29787 1564.2977 0.021568628 -1160
44 238.18791 1595.5352 0.021568628 -1176
45 233.95259 1625.4612 0.021568628 -1209
46 232.10818 1640.5607 0.021568628 -1242
47 230.32971 1653.3381 0.023529414 -1259
48 228.51044 1666.078 0.021568628 -1275
49 226.69254 1677.7115 0.021568628 -1292
50 226.79001 1685.64 0.021568628 -1308
51 225.79094 1692.152 0.023529414 -1325
52 224.3275 1696.0461 0.021568628 -1341
53 224.79185 1697.3258 0.021568628 -1358
54 224.79185 1699.13 0.021568628 -1374
55 224.79185 1700.1145 0.021568628 -1391
56 224.79185 1700.1145 0.021568628 -1407
57 226.79001 1700.1145 0.019607844 -1424
58 227.7891 1700.1145 0.01764706 -1444
0 643.40424 1206.3717 0.019607844 -223
1 643.40424 1206.3717 0.019607844 -223
2 643.40424 1206.3717 0.019607844 -243
3 643.40424 1206.3717 0.021568628 -259
4 643.40424 1206.3717 0.021568628 -276
5 643.40424 1206.3717 0.023529414 -292
6 642.758 1206.3717 0.023529414 -325
7 641.07495 1206.3717 0.023529414 -358
8 639.4242 1206.3717 0.023529414 -375
9 637.7311 1206.3717 0.023529414 -391
10 636.01556 1206.3717 0.021568628 -408
11 632.5406 1206.3717 0.021568628 -424
12 630.7234 1206.3717 0.021568628 -457
13 628.94165 1206.3717 0.019607844 -474
14 627.1723 1206.3717 0.019607844 -490
15 612.29315 1208.2273 0.019607844 -507
16 580.1445 1206.9282 0.019607844 -540
17 531.19495 1202.1987 0.019607844 -573
18 453.23975 1192.228 0.019607844 -606
19 422.17865 1188.3273 0.019607844 -639
20 391.06622 1186.0726 0.019607844 -655
21 367.56778 1186.3821 0.019607844 -672
22 343.80115 1185.3826 0.019607844 -688
23 324.1413 1186.8883 0.021568628 -705
24 301.28055 1187.3816 0.021568628 -721
25 289.73627 1187.3816 0.021568628 -754
26 286.6617 1187.3816 0.021568628 -788
27 285.00778 1187.3816 0.019607844 -804
28 283.31198 1187.3816 0.019607844 -821
29 281.56293 1187.3816 0.019607844 -837
30 280.74005 1187.9263 0.021568628 -854
31 280.74005 1191.3499 0.019607844 -887
32 278.96307 1200.0468 0.019607844 -920
33 275.5111 1225.2322 0.021568628 -936
34 272.61832 1246.1266 0.019607844 -969
35 268.25162 1316.3145 0.019607844 -986
36 264.6862 1382.5172 0.021568628 -1018
37 255.80502 1457.6422 0.021568628 -1052
38 245.26317 1512.591 0.021568628 -1085
39 239.65872 1538.7556 0.021568628 -1118
40 235.12407 1564.7925 0.021568628 -1134
41 231.54909 1585.3568 0.021568628 -1151
42 229.35718 1603.4695 0.021568628 -1167
43 227.60767 1619.7908 0.021568628 -1184
44 225.74098 1634.4987 0.021568628 -1200
45 225.79094 1650.206 0.021568628 -1217
46 225.79094 1661.1498 0.019607844 -1233
47 225.79094 1668.9999 0.021568628 -1250
48 225.79094 1674.9958 0.021568628 -1266
49 225.79094 1679.2837 0.021568628 -1283
50 225.79094 1682.0175 0.021568628 -1299
51 225.79094 1683.815 0.021568628 -1316
52 225.79094 1686.1218 0.021568628 -1332
53 225.79094 1686.1218 0.021568628 -1365
54 226.77547 1686.1218 0.021568628 -1377
55 228.78816 1686.1218 0.019607844 -1398
56 229.78723 1686.1218 0.019607844 -1407
0 617.4283 1223.3628 0.019607844 -223
1 617.4283 1223.3628 0.019607844 -223
2 617.4283 1223.3628 0.019607844 -236
3 617.4283 1223.3628 0.021568628 -269
4 617.4283 1223.3628 0.021568628 -302
5 617.4283 1223.3628 0.021568628 -335
6 617.4283 1223.3628 0.021568628 -346
7 617.4283 1223.3628 0.021568628 -368
8 617.4283 1223.3628 0.021568628 -384
9 617.4283 1223.3628 0.019607844 -393
10 615.13 1223.3628 0.019607844 -415
11 608.034 1223.3628 0.019607844 -450
12 600.7716 1223.3628 0.019607844 -483
13 573.3251 1221.5957 0.019607844 -500
14 555.57196 1218.7367 0.019607844 -533
15 532.5338 1215.448 0.019607844 -549
16 484.408 1208.2073 0.019607844 -566
17 419.95694 1203.7695 0.019607844 -599
18 368.6467 1201.2306 0.019607844 -632
19 340.0035 1201.3743 0.019607844 -665
20 316.57813 1201.3743 0.019607844 -681
21 296.78134 1201.3743 0.019607844 -698
22 271.5512 1201.3743 0.019607844 -715
23 256.53433 1201.3743 0.019607844 -748
24 252.72821 1201.3743 0.021568628 -781
25 250.11023 1201.3743 0.021568628 -797
26 248.45215 1201.3743 0.021568628 -814
27 246.74849 1201.3743 0.021568628 -830
28 245.06497 1201.3743 0.021568628 -847
29 243.35417 1201.3743 0.021568628 -863
30 242.66255 1203.4858 0.021568628 -880
31 242.20872 1208.5045 0.019607844 -896
32 240.51764 1211.8881 0.021568628 -929
33 238.996 1225.2754 0.019607844 -946
34 238.25311 1238.0392 0.021568628 -979
35 236.54747 1251.2163 0.019607844 -995
36 237.54059 1306.5303 0.019607844 -1012
37 238.32062 1341.0446 0.019607844 -1045
38 238.77892 1373.9415 0.019607844 -1061
39 238.77892 1405.2177 0.019607844 -1078
40 229.6556 1478.5992 0.019607844 -1094
41 221.26929 1531.8828 0.019607844 -1127
42 216.54424 1554.7218 0.019607844 -1160
43 211.9923 1578.0466 0.019607844 -1177
44 208.41327 1596.1375 0.019607844 -1193
45 206.33662 1610.9395 0.019607844 -1210
46 204.5572 1623.9279 0.019607844 -1226
47 203.69014 1636.9962 0.019607844 -1243
48 203.81128 1649.6997 0.019607844 -1259
49 203.81128 1659.891 0.019607844 -1276
50 203.81128 1668.3962 0.019607844 -1292
51 203.81128 1675.6096 0.019607844 -1309
52 203.81128 1680.7638 0.019607844 -1325
53 203.81128 1684.1418 0.021568628 -1342
54 202.81221 1689.7177 0.021568628 -1358
55 202.81221 1691.557 0.021568628 -1391
56 202.81221 1693.3855 0.019607844 -1408
57 202.81221 1694.1176 0.019607844 -1424
58 202.81221 1694.1176 0.019607844 -1441
59 202.81221 1694.1176 0.019607844 -1474
60 202.81221 1694.1176 0.019607844 -1476
0 607.43756 1210.3696 0.019607844 -205
1 607.43756 1210.3696 0.019607844 -215
2 607.43756 1210.3696 0.019607844 -235
3 607.43756 1210.3696 0.021568628 -251
4 607.43756 1210.3696 0.021568628 -283
5 607.43756 1210.3696 0.023529414 -309
6 607.43756 1210.3696 0.021568628 -332
7 607.43756 1210.3696 0.021568628 -367
8 604.22516 1210.3696 0.019607844 -400
9 597.04034 1211.1714 0.019607844 -433
10 589.1946 1212.3685 0.019607844 -466
11 580.1983 1213.8207 0.019607844 -482
12 567.8022 1215.6057 0.019607844 -499
13 551.7857 1215.367 0.019607844 -515
14 524.89746 1214.4662 0.019607844 -532
15 499.40686 1211.9215 0.019607844 -548
16 473.1202 1208.3075 0.019607844 -565
17 446.6795 1203.3918 0.019607844 -581
18 420.26 1200.0391 0.019607844 -598
19 392.34555 1195.5571 0.019607844 -614
20 351.64832 1191.9764 0.019607844 -631
21 339.64124 1192.3789 0.019607844 -664
22 330.4491 1192.3789 0.019607844 -680
23 319.13602 1192.3789 0.021568628 -697
24 314.2091 1192.3789 0.021568628 -730
25 312.4672 1192.3789 0.021568628 -762
26 310.75125 1192.3789 0.021568628 -780
27 309.02234 1192.3789 0.021568628 -796
28 307.30832 1192.3789 0.021568628 -813
29 305.57608 1192.3789 0.021568628 -829
30 303.8343 1195.1462 0.021568628 -846
31 303.11224 1200.1962 0.019607844 -862
32 301.42206 1206.567 0.019607844 -879
33 303.5384 1243.1027 0.019607844 -895
34 307.00406 1284.7231 0.019607844 -928
35 310.62036 1340.8295 0.019607844 -945
36 317.81714 1408.8247 0.019607844 -961
37 325.03232 1491.2227 0.019607844 -978
38 321.4063 1558.9089 0.019607844 -994
39 317.7058 1585.1743 0.021568628 -1027
40 312.03766 1605.6329 0.021568628 -1044
41 305.53104 1622.6509 0.021568628 -1060
42 299.26923 1634.2383 0.021568628 -1077
43 295.60495 1642.3873 0.021568628 -1093
44 291.9575 1648.2997 0.023529414 -1110
45 290.5707 1653.6194 0.023529414 -1126
46 288.81674 1656.9686 0.023529414 -1143
47 288.73267 1658.8394 0.021568628 -1159
48 288.73267 1660.5989 0.021568628 -1176
49 288.73267 1662.3693 0.021568628 -1192
50 288.73267 1663.1338 0.021568628 -1209
51 288.73267 1663.7238 0.021568628 -1225
52 288.73267 1664.1332 0.021568628 -1258
53 288.73267 1664.1332 0.021568628 -1275
54 288.73267 1664.1332 0.021568628 -1291
55 288.73267 1664.1332 0.019607844 -1308
56 291.7299 1664.1332 0.019607844 -1350
57 293.72803 1664.1332 0.019607844 -1372
0 631.41534 1222.3633 0.019607844 -204
1 631.41534 1222.3633 0.019607844 -204
2 631.41534 1222.3633 0.019607844 -217
3 631.41534 1222.3633 0.021568628 -249
4 631.41534 1222.3633 0.021568628 -282
5 631.41534 1222.3633 0.021568628 -315
6 629.9641 1222.3633 0.021568628 -348
7 627.94196 1222.3633 0.019607844 -365
8 626.2133 1222.3633 0.019607844 -381
9 622.4301 1222.3633 0.019607844 -398
10 618.1327 1222.3633 0.019607844 -414
11 611.271 1222.3633 0.019607844 -431
12 602.97797 1222.3633 0.019607844 -447
13 593.9386 1222.3633 0.019607844 -464
14 581.8036 1222.3633 0.019607844 -480
15 560.3496 1223.3628 0.019607844 -497
16 539.2316 1222.8406 0.019607844 -513
17 517.9272 1221.0647 0.019607844 -530
18 493.29547 1217.1879 0.019607844 -546
19 466.40555 1211.7363 0.019607844 -563
20 428.8688 1203.6923 0.019607844 -579
21 398.89456 1196.5804 0.019607844 -596
22 372.23697 1191.9233 0.019607844 -612
23 353.1456 1189.4664 0.019607844 -629
24 333.94373 1188.7352 0.021568628 -645
25 319.21896 1188.381 0.021568628 -662
26 309.66864 1188.381 0.021568628 -678
27 303.61545 1188.381 0.021568628 -695
28 300.03314 1188.381 0.021568628 -711
29 296.79694 1188.381 0.021568628 -728
30 293.44678 1188.381 0.021568628 -744
31 291.74908 1188.381 0.021568628 -777
32 290.0459 1188.381 0.021568628 -794
33 288.35562 1189.7577 0.021568628 -810
34 288.73267 1191.4069 0.021568628 -827
35 287.31403 1198.6355 0.021568628 -843
36 283.89645 1215.411 0.021568628 -876
37 282.07758 1232.2933 0.021568628 -909
38 280.3699 1254.1631 0.021568628 -925
39 280.74005 1277.1417 0.021568628 -942
40 279.74097 1303.9177 0.021568628 -958
41 279.74097 1338.0809 0.021568628 -975
42 278.39063 1366.9138 0.021568628 -991
43 274.27713 1412.5465 0.021568628 -1008
44 267.1985 1467.3916 0.021568628 -1041
45 263.544 1489.4962 0.021568628 -1074
46 260.8526 1504.4631 0.021568628 -1090
47 258.08163 1518.9645 0.023529414 -1107
48 256.32086 1530.8535 0.021568628 -1123
49 255.76318 1539.1803 0.021568628 -1140
50 254.76411 1550.2356 0.021568628 -1156
51 253.93593 1561.1605 0.021568628 -1173
52 253.76503 1573.0326 0.021568628 -1189
53 253.76503 1583.7627 0.021568628 -1206
54 253.76503 1597.8959 0.021568628 -1222
55 253.73418 1613.4066 0.021568628 -1239
56 250.16255 1641.1742 0.021568628 -1255
57 248.36885 1650.1465 0.023529414 -1288
58 244.67673 1660.3286 0.023529414 -1305
59 242.7752 1665.8325 0.023529414 -1339
60 242.7752 1667.6603 0.023529414 -1372
61 242.7752 1668.1311 0.023529414 -1388
62 242.7752 1668.1311 0.023529414 -1405
63 242.7752 1668.1311 0.023529414 -1416
64 242.7752 1668.1311 0.021568628 -1438
65 243.3203 1668.1311 0.019607844 -1454
66 245.77243 1668.1311 0.01764706 -1471
67 245.77243 1668.1311 0.01764706 -1493
0 636.4107 1200.3748 0.019607844 -220
1 636.4107 1200.3748 0.019607844 -220
2 636.4107 1200.3748 0.019607844 -241
3 636.4107 1200.3748 0.021568628 -257
4 636.4107 1200.3748 0.021568628 -274
5 636.4107 1200.3748 0.021568628 -290
6 636.4107 1200.3748 0.023529414 -307
7 635.6254 1200.3748 0.023529414 -340
8 634.02545 1200.3748 0.023529414 -356
9 632.355 1200.3748 0.023529414 -373
10 627.71027 1200.3748 0.023529414 -389
11 624.7175 1200.3748 0.023529414 -422
12 622.9424 1200.3748 0.021568628 -455
13 621.2536 1200.3748 0.021568628 -472
14 619.45483 1200.3748 0.021568628 -488
15 616.95557 1201.111 0.019607844 -505
16 612.8885 1202.8882 0.019607844 -521
17 607.5393 1204.6719 0.019607844 -538
18 599.82434 1206.5267 0.019607844 -554
19 586.06915 1208.3094 0.019607844 -571
20 568.2235 1210.0948 0.019607844 -588
21 548.993 1211.8687 0.019607844 -604
22 528.772 1212.3685 0.019607844 -621
23 504.88037 1212.3685 0.019607844 -637
24 472.85577 1211.369 0.019607844 -654
25 423.03345 1210.3696 0.019607844 -670
26 379.3228 1207.6536 0.019607844 -703
27 349.12573 1207.3711 0.019607844 -736
28 339.18564 1207.3711 0.019607844 -769
29 331.36923 1207.3711 0.019607844 -786
30 325.8464 1207.3711 0.019607844 -802
31 318.34387 1206.3717 0.019607844 -819
32 313.6981 1206.3717 0.021568628 -852
33 310.32666 1206.3717 0.021568628 -885
34 308.61407 1205.2721 0.021568628 -918
35 306.9324 1205.3722 0.021568628 -934
36 303.6831 1205.3722 0.021568628 -951
37 301.9369 1205.3722 0.021568628 -984
38 298.65637 1208.4376 0.021568628 -1000
39 295.19797 1213.4254 0.021568628 -1033
40 291.78815 1220.2478 0.021568628 -1066
41 290.01944 1225.2098 0.021568628 -1099
42 288.30814 1233.4822 0.021568628 -1116
43 286.58185 1245.4209 0.021568628 -1132
44 283.80106 1262.7039 0.021568628 -1149
45 281.08044 1294.5338 0.021568628 -1165
46 277.98663 1320.9819 0.021568628 -1182
47 274.4413 1346.4307 0.023529414 -1198
48 271.91724 1378.5074 0.023529414 -1215
49 268.43213 1411.1388 0.023529414 -1231
50 264.9017 1440.0741 0.023529414 -1248
51 261.4255 1465.5638 0.023529414 -1264
52 256.80008 1492.0463 0.023529414 -1281
53 248.71355 1553.5841 0.023529414 -1297
54 243.6672 1597.3469 0.023529414 -1330
55 238.1542 1633.7767 0.023529414 -1363
56 234.81744 1649.0016 0.023529414 -1396
57 233.57884 1659.5698 0.023529414 -1413
58 231.74312 1670.3839 0.023529414 -1429
59 229.9663 1682.0485 0.023529414 -1446
60 228.78816 1691.2415 0.023529414 -1462
61 228.78816 1714.9423 0.023529414 -1479
62 227.97362 1725.1779 0.023529414 -1528
63 227.7891 1732.5182 0.023529414 -1545
64 226.41447 1739.5974 0.023529414 -1561
65 225.79094 1745.8209 0.023529414 -1578
66 224.79185 1755.5455 0.023529414 -1594
67 224.79185 1762.8094 0.023529414 -1627
68 224.79185 1764.2736 0.023529414 -1660
69 224.79185 1766.0693 0.023529414 -1677
70 224.79185 1767.8632 0.023529414 -1693
71 224.79185 1768.6454 0.023529414 -1710
72 224.79185 1769.0786 0.023529414 -1726
73 224.79185 1769.0786 0.023529414 -1743
74 224.79185 1769.0786 0.023529414 -1759
75 224.79185 1769.0786 0.023529414 -1776
76 224.79185 1769.0786 0.021568628 -1781
77 224.79185 1768.0791 0.019607844 -1814
