0 969.10266 636.6684 0.019607844 -94
1 947.2954 630.3062 0.019607844 -94
2 923.9825 628.67255 0.019607844 -166
3 879.5135 626.6736 0.019607844 -199
4 852.5417 627.3179 0.019607844 -232
5 823.7288 628.67255 0.019607844 -249
6 766.59686 631.2579 0.019607844 -267
7 735.4714 632.82025 0.019607844 -300
8 650.76434 636.43866 0.019607844 -316
9 613.4282 636.6684 0.019607844 -349
10 553.67096 635.6689 0.019607844 -366
11 525.3883 633.661 0.019607844 -398
12 481.55414 631.1712 0.019607844 -415
13 471.80984 631.3205 0.019607844 -447
14 458.65268 629.6978 0.019607844 -464
15 451.5266 629.67206 0.019607844 -497
16 449.23743 629.67206 0.019607844 -530
17 447.44263 629.67206 0.019607844 -547
18 444.7633 630.584 0.019607844 -563
19 439.52524 641.11237 0.019607844 -580
20 427.72992 685.4502 0.019607844 -596
21 426.30737 789.5448 0.019607844 -629
22 430.81775 860.10736 0.019607844 -662
23 447.60693 1005.0518 0.019607844 -679
24 456.65738 1068.0851 0.019607844 -712
25 464.80655 1131.543 0.019607844 -728
26 474.3041 1254.9817 0.019607844 -745
27 476.26074 1289.4684 0.019607844 -777
28 476.55875 1313.194 0.019607844 -794
29 476.55875 1324.3976 0.019607844 -810
30 476.55875 1330.2067 0.019607844 -827
31 476.55875 1334.0503 0.019607844 -843
32 476.55875 1338.3956 0.019607844 -860
33 476.55875 1341.3014 0.01764706 -893
34 476.55875 1341.3014 0.01764706 -926
35 476.55875 1341.3014 0.01764706 -934
0 977.0953 792.58716 0.015686275 -8
1 979.09344 824.0537 0.015686275 -8
2 979.09344 832.1178 0.01764706 -34
3 979.09344 834.06555 0.019607844 -50
4 979.09344 832.56635 0.019607844 -56
5 976.85394 832.56635 0.019607844 -100
6 972.2788 833.4764 0.019607844 -132
7 944.59906 837.178 0.019607844 -165
8 924.5234 840.0734 0.019607844 -198
9 900.144 841.9202 0.019607844 -215
10 873.11646 842.75323 0.019607844 -231
11 800.9749 847.396 0.019607844 -248
12 721.33203 851.55646 0.019607844 -281
13 685.66534 853.17065 0.019607844 -314
14 651.6192 854.8633 0.01764706 -330
15 588.051 857.9935 0.019607844 -347
16 531.5104 852.10187 0.019607844 -380
17 499.48074 848.5499 0.019607844 -413
18 482.61862 845.5596 0.019607844 -446
19 477.56256 844.5601 0.019607844 -479
20 473.96378 844.5601 0.019607844 -495
21 470.459 844.5601 0.019607844 -511
22 468.6514 846.47375 0.01764706 -528
23 464.4081 852.6003 0.01764706 -544
24 458.9686 870.5079 0.019607844 -561
25 454.89343 889.9634 0.01764706 -577
26 455.52658 987.788 0.019607844 -594
27 460.9347 1074.7026 0.019607844 -627
28 466.18988 1146.1721 0.01764706 -643
29 471.33597 1203.3126 0.01764706 -660
30 477.48743 1278.1086 0.019607844 -676
31 484.18185 1335.6606 0.019607844 -693
32 489.8438 1391.2489 0.019607844 -709
33 492.46472 1432.9847 0.01764706 -726
34 495.54117 1492.6218 0.019607844 -742
35 495.54117 1506.8776 0.01764706 -775
36 495.54117 1518.632 0.01764706 -792
37 495.54117 1522.4597 0.01764706 -825
38 495.54117 1524.4618 0.01764706 -841
39 495.54117 1524.206 0.019607844 -859
40 495.54117 1524.206 0.015686275 -882
0 935.13416 420.78082 0.019607844 -8
1 935.13416 420.78082 0.019607844 -8
2 935.13416 420.78082 0.019607844 -36
3 935.13416 420.78082 0.021568628 -52
4 935.13416 420.78082 0.021568628 -69
5 935.13416 420.78082 0.021568628 -85
6 932.9635 419.1953 0.021568628 -102
7 916.06525 415.43588 0.021568628 -135
8 888.0991 413.47092 0.021568628 -168
9 857.0227 414.98285 0.019607844 -184
10 824.3087 417.87515 0.019607844 -201
11 790.101 419.6796 0.019607844 -218
12 749.56537 421.51962 0.019607844 -234
13 710.96265 423.34216 0.019607844 -251
14 670.6713 425.24078 0.019607844 -267
15 618.32007 427.02325 0.019607844 -284
16 575.37305 427.87234 0.019607844 -300
17 544.3319 428.77667 0.019607844 -317
18 514.4557 428.77667 0.019607844 -333
19 489.91498 428.77667 0.019607844 -350
20 468.425 428.77667 0.019607844 -366
21 454.8942 428.77667 0.019607844 -383
22 438.60715 428.77667 0.019607844 -399
23 431.7806 428.77667 0.019607844 -432
24 428.851 428.77667 0.019607844 -462
25 427.076 428.77667 0.019607844 -479
26 425.2751 428.77667 0.019607844 -495
27 423.43427 428.77667 0.019607844 -511
28 416.76666 440.42734 0.021568628 -528
29 405.09418 492.7658 0.021568628 -544
30 401.76617 538.923 0.021568628 -577
31 406.7899 651.1181 0.021568628 -594
32 413.2254 727.15875 0.019607844 -627
33 419.98572 797.74756 0.021568628 -643
34 424.89343 857.6387 0.021568628 -660
35 427.8683 964.43146 0.021568628 -676
36 431.60037 1046.6029 0.019607844 -709
37 430.6013 1094.4548 0.021568628 -742
38 429.60223 1103.9069 0.021568628 -775
39 428.83728 1109.719 0.021568628 -792
40 428.60315 1113.6298 0.021568628 -808
41 428.60315 1115.9033 0.021568628 -825
42 428.60315 1117.7471 0.021568628 -841
43 428.60315 1121.6521 0.021568628 -858
44 428.60315 1121.6521 0.023529414 -890
0 963.1082 426.7777 0.019607844 -103
1 954.3654 426.7777 0.019607844 -103
2 888.24493 426.7777 0.019607844 -115
3 853.61847 426.7777 0.019607844 -165
4 796.665 426.7777 0.019607844 -181
5 767.28955 426.7777 0.019607844 -198
6 747.30804 447.76678 0.027450982 -208
7 691.35986 433.77408 0.019607844 -234
8 569.43 419.68207 0.021568628 -234
9 498.9273 416.20917 0.021568628 -280
10 455.3865 414.78397 0.021568628 -313
11 443.72687 414.78397 0.021568628 -346
12 434.75647 413.82422 0.021568628 -362
13 421.2029 413.7845 0.021568628 -379
14 418.5291 413.7845 0.021568628 -428
15 413.1539 415.51535 0.019607844 -445
16 408.4064 429.85327 0.021568628 -479
17 404.79782 449.3164 0.019607844 -495
18 397.9237 487.2293 0.021568628 -512
19 397.56097 530.7096 0.021568628 -528
20 403.2707 608.8865 0.021568628 -545
21 409.42612 669.2878 0.021568628 -561
22 423.72217 796.5011 0.019607844 -577
23 435.76276 919.015 0.019607844 -610
24 443.5618 1001.5438 0.019607844 -643
25 446.34045 1078.2668 0.019607844 -660
26 446.96362 1109.1375 0.021568628 -693
27 446.09256 1129.4564 0.019607844 -709
28 445.14258 1140.6324 0.019607844 -726
29 445.58743 1147.3932 0.019607844 -742
30 445.58743 1156.3367 0.021568628 -759
31 445.58743 1159.3961 0.019607844 -775
32 444.65634 1159.3961 0.019607844 -792
33 444.58835 1159.3961 0.019607844 -808
34 444.58835 1159.3961 0.019607844 -825
35 444.58835 1160.4375 0.019607844 -840
36 444.58835 1160.4375 0.019607844 -891
0 947.12305 427.7772 0.019607844 0
1 947.12305 427.7772 0.021568628 0
2 944.7629 426.0969 0.021568628 -52
3 930.4476 423.77927 0.019607844 -101
4 899.5547 423.77927 0.019607844 -134
5 874.8758 423.77927 0.019607844 -167
6 836.44794 425.71713 0.019607844 -184
7 800.2989 426.7777 0.019607844 -200
8 721.7858 427.7772 0.019607844 -217
9 680.2506 427.7772 0.019607844 -250
10 638.51514 427.7772 0.019607844 -266
11 588.6441 427.7772 0.019607844 -283
12 551.643 427.7772 0.019607844 -299
13 521.3876 427.7772 0.019607844 -316
14 496.91034 427.7772 0.019607844 -332
15 477.33646 427.7772 0.019607844 -349
16 461.47983 427.7772 0.019607844 -365
17 450.08325 427.7772 0.019607844 -382
18 434.9013 427.7772 0.019607844 -397
19 431.46686 427.7772 0.019607844 -431
20 428.75073 427.7772 0.019607844 -448
21 426.9549 427.7772 0.019607844 -464
22 423.41656 427.7772 0.019607844 -481
23 413.137 450.20697 0.019607844 -514
24 411.11932 456.2624 0.019607844 -547
25 403.62625 533.722 0.021568628 -553
26 437.39072 1038.7389 0.021568628 -590
27 438.09436 1058.4486 0.019607844 -728
28 423.33023 1209.9254 0.019607844 -734
29 423.6078 1212.6404 0.019607844 -860
30 423.6078 1214.6232 0.019607844 -876
31 423.6078 1216.5105 0.019607844 -893
32 423.6078 1217.366 0.019607844 -909
33 423.6078 1218.3654 0.019607844 -926
34 423.6078 1219.3649 0.019607844 -1001
0 954.1166 423.77927 0.019607844 -9
1 954.1166 423.77927 0.019607844 -9
2 954.1166 423.77927 0.019607844 -35
3 954.1166 423.77927 0.019607844 -52
4 952.78674 423.1141 0.019607844 -68
5 941.37354 420.78082 0.019607844 -101
6 912.90906 420.78082 0.019607844 -134
7 852.9867 422.61655 0.019607844 -167
8 818.0595 422.7798 0.019607844 -200
9 785.73224 422.7798 0.019607844 -216
10 749.7674 424.156 0.019607844 -233
11 672.9185 426.7777 0.019607844 -249
12 613.9263 427.7772 0.019607844 -282
13 574.20355 427.7772 0.019607844 -299
14 541.7477 427.7772 0.019607844 -315
15 512.5291 427.7772 0.019607844 -332
16 489.47287 426.58926 0.019607844 -348
17 473.74506 426.7777 0.019607844 -365
18 463.6948 426.7777 0.019607844 -381
19 451.57953 425.77823 0.019607844 -398
20 448.1348 425.77823 0.019607844 -431
21 445.49026 425.77823 0.019607844 -447
22 442.85953 425.77823 0.019607844 -464
23 439.2587 432.11142 0.021568628 -480
24 430.07083 457.88522 0.019607844 -497
25 424.19205 497.50873 0.019607844 -530
26 426.4176 566.10974 0.021568628 -546
27 432.7892 693.2478 0.019607844 -563
28 438.13498 759.43774 0.019607844 -595
29 443.3284 834.34265 0.021568628 -612
30 450.08496 894.5545 0.021568628 -628
31 455.66177 953.45154 0.021568628 -645
32 456.57724 1030.6727 0.021568628 -661
33 457.57632 1072.4204 0.019607844 -678
34 457.3086 1106.5674 0.021568628 -694
35 457.0829 1128.3633 0.019607844 -711
36 456.57724 1140.3969 0.019607844 -727
37 455.5782 1146.849 0.019607844 -744
38 455.5782 1151.4148 0.019607844 -760
39 455.5782 1154.239 0.019607844 -777
40 455.5782 1160.3956 0.023529414 -793
41 454.5791 1160.3956 0.019607844 -810
42 454.5791 1160.3956 0.019607844 -826
43 453.45047 1160.3956 0.019607844 -843
44 453.58002 1161.6715 0.019607844 -859
45 454.5791 1162.3945 0.019607844 -892
46 454.5791 1162.3945 0.019607844 -910
0 942.1277 391.79593 0.019607844 -16
1 941.1286 390.79645 0.019607844 -16
2 938.13135 387.798 0.019607844 -49
3 937.2761 386.79852 0.019607844 -49
4 932.915 386.79852 0.021568628 -66
5 927.10065 388.30795 0.021568628 -99
6 916.9743 390.15955 0.021568628 -115
7 901.4129 394.1841 0.021568628 -132
8 877.80536 397.9901 0.021568628 -148
9 838.82446 402.6378 0.021568628 -165
10 800.9322 405.38065 0.021568628 -181
11 762.5803 407.39322 0.021568628 -198
12 721.60144 409.27457 0.021568628 -214
13 677.87695 409.78656 0.021568628 -231
14 630.68384 409.78656 0.021568628 -247
15 541.22595 411.78552 0.021568628 -264
16 508.2171 411.78552 0.021568628 -297
17 483.8987 413.14276 0.021568628 -313
18 469.26495 412.785 0.021568628 -330
19 460.5848 412.785 0.021568628 -346
20 454.22626 412.785 0.021568628 -363
21 450.42896 412.785 0.021568628 -379
22 447.21606 412.785 0.021568628 -396
23 442.59598 413.7816 0.019607844 -412
24 438.15775 420.46628 0.019607844 -445
25 432.77454 435.85544 0.021568628 -462
26 428.76242 453.96655 0.019607844 -478
27 427.58185 547.0927 0.021568628 -495
28 432.97452 638.953 0.019607844 -528
29 438.32315 705.96924 0.019607844 -544
30 441.16425 778.21344 0.021568628 -561
31 446.89804 911.06433 0.021568628 -577
32 448.47925 1008.7408 0.021568628 -610
33 445.6499 1047.3914 0.021568628 -643
34 442.8135 1065.6567 0.019607844 -659
35 438.30984 1076.0082 0.019607844 -676
36 434.42703 1082.1924 0.019607844 -692
37 432.07877 1086.4764 0.019607844 -709
38 430.1441 1088.8905 0.019607844 -725
39 429.60223 1092.6077 0.019607844 -742
40 429.60223 1094.6194 0.019607844 -775
41 429.60223 1094.6194 0.019607844 -791
0 947.12305 428.77667 0.019607844 -180
1 904.2736 428.77667 0.019607844 -180
2 870.2724 428.77667 0.019607844 -208
3 817.3631 429.77615 0.019607844 -225
4 771.1176 430.62836 0.019607844 -241
5 728.25696 430.77563 0.019607844 -258
6 686.0511 434.72034 0.019607844 -274
7 645.4968 436.4724 0.019607844 -291
8 645.4968 436.4724 0.027450982 -307
9 560.481 465.75742 0.023529414 -341
10 522.084 452.95322 0.019607844 -341
11 506.531 447.76678 0.019607844 -357
12 495.54117 472.75375 0.027450982 -368
13 480.55505 480.7496 0.027450982 -396
14 476.55875 489.7449 0.027450982 -396
15 454.5791 497.74075 0.023529414 -514
16 450.9374 493.0981 0.021568628 -514
17 444.04205 511.1943 0.019607844 -538
18 440.59204 626.3482 0.023529414 -571
19 444.37515 692.7435 0.021568628 -604
20 447.23163 754.8535 0.019607844 -621
21 451.58597 816.1508 0.019607844 -637
22 453.98087 876.5855 0.019607844 -654
23 458.5754 982.9071 0.019607844 -670
24 458.5754 1064.466 0.019607844 -703
25 456.57724 1102.7765 0.021568628 -736
26 455.09723 1115.3075 0.021568628 -769
27 454.2979 1120.2609 0.021568628 -785
28 452.35025 1124.8759 0.021568628 -802
29 451.58188 1127.4893 0.021568628 -818
30 452.54733 1131.3434 0.019607844 -835
31 452.58093 1133.4097 0.019607844 -851
32 462.5717 1180.3851 0.023529414 -860
0 959.11194 391.79593 0.021568628 -143
1 947.4822 393.31076 0.021568628 -143
2 898.57294 398.03235 0.021568628 -156
3 847.95557 400.9281 0.021568628 -188
4 800.9089 402.72675 0.021568628 -205
5 756.62683 402.7902 0.021568628 -221
6 666.5742 402.7902 0.021568628 -238
7 603.4413 401.7907 0.021568628 -271
8 586.457 423.77927 0.027450982 -294
9 544.49585 429.77615 0.027450982 -321
10 533.50604 438.77145 0.027450982 -321
11 490.5458 426.7777 0.021568628 -357
12 478.0633 419.35638 0.021568628 -357
13 462.5717 411.78552 0.021568628 -371
14 459.57446 427.7772 0.027450982 -394
15 448.58466 436.7725 0.021568628 -450
16 444.17197 431.35855 0.021568628 -450
17 442.5216 429.70752 0.019607844 -469
18 438.8758 436.926 0.021568628 -485
19 437.59482 459.36096 0.019607844 -502
20 437.9733 501.52728 0.019607844 -518
21 443.49374 554.1521 0.019607844 -535
22 450.059 615.5952 0.019607844 -551
23 460.4167 712.1486 0.021568628 -568
24 472.30023 786.27814 0.021568628 -584
25 480.8398 850.58124 0.021568628 -601
26 487.45346 911.8586 0.021568628 -617
27 493.74002 974.06055 0.021568628 -634
28 496.54025 1023.9212 0.021568628 -650
29 498.5384 1058.7284 0.019607844 -667
30 498.59534 1090.6342 0.021568628 -683
31 495.8308 1107.2637 0.021568628 -699
32 493.72464 1116.6913 0.021568628 -716
33 492.54395 1122.5166 0.021568628 -732
34 491.9455 1126.0126 0.021568628 -749
35 491.54486 1127.9313 0.021568628 -765
36 491.54486 1129.8759 0.021568628 -782
37 491.54486 1131.7965 0.019607844 -798
38 491.54486 1133.4097 0.019607844 -815
39 499.53748 1168.3915 0.023529414 -828
0 956.1147 397.79282 0.021568628 -135
1 915.7741 397.79282 0.021568628 -135
2 881.39594 399.00262 0.021568628 -164
3 822.90533 400.85104 0.021568628 -180
4 776.6633 400.79126 0.021568628 -197
5 730.0638 402.5311 0.021568628 -213
6 685.0525 403.78967 0.021568628 -230
7 639.4713 403.78967 0.021568628 -246
8 600.73083 405.9573 0.021568628 -263
9 561.6107 405.82483 0.021568628 -279
10 499.60312 409.3802 0.021568628 -296
11 482.63272 409.78656 0.021568628 -329
12 474.7137 410.9553 0.021568628 -345
13 466.50134 410.78604 0.021568628 -362
14 457.38333 411.38232 0.021568628 -378
15 453.67548 412.23752 0.019607844 -411
16 450.10355 414.0242 0.019607844 -428
17 445.3131 421.32968 0.021568628 -444
18 438.89423 444.56604 0.019607844 -461
19 434.89777 482.13934 0.021568628 -477
20 434.07706 531.7902 0.023529414 -494
21 434.9511 588.0164 0.021568628 -510
22 442.1633 647.81696 0.023529414 -527
23 448.59744 711.79144 0.021568628 -543
24 457.9208 816.0712 0.019607844 -560
25 461.3065 879.0173 0.019607844 -576
26 461.57263 926.56116 0.019607844 -593
27 461.57263 1000.3429 0.019607844 -609
28 460.57355 1024.3813 0.021568628 -642
29 459.3727 1041.2654 0.021568628 -658
30 459.57446 1051.9448 0.021568628 -675
31 458.5754 1057.6569 0.021568628 -691
32 457.57632 1061.7118 0.021568628 -708
33 457.57632 1063.9524 0.021568628 -724
34 458.91275 1065.7826 0.019607844 -741
35 459.7702 1069.8346 0.019607844 -757
36 459.7702 1069.8346 0.019607844 -774
0 964.1073 404.78915 0.021568628 -95
1 958.6634 403.17776 0.021568628 -95
2 935.34247 401.7907 0.021568628 -108
3 880.61163 402.8151 0.021568628 -141
4 840.43854 404.64938 0.021568628 -174
5 801.9697 404.78915 0.021568628 -191
6 765.43286 405.30594 0.021568628 -207
7 724.09406 408.50336 0.021568628 -224
8 685.2083 408.78708 0.021568628 -240
9 646.46063 409.78656 0.021568628 -256
10 597.00226 412.67398 0.021568628 -273
11 562.01624 412.785 0.021568628 -289
12 532.5069 412.785 0.021568628 -306
13 506.92096 412.785 0.021568628 -322
14 487.96747 412.785 0.021568628 -339
15 473.90332 412.785 0.021568628 -355
16 463.76193 412.785 0.021568628 -372
17 449.388 412.785 0.021568628 -388
18 440.53546 413.81277 0.019607844 -421
19 435.87872 415.6894 0.019607844 -454
20 424.604 431.78223 0.021568628 -471
21 412.13547 478.2863 0.021568628 -504
22 410.33014 586.25726 0.019607844 -537
23 419.12912 688.10657 0.019607844 -570
24 430.7445 828.4048 0.021568628 -603
25 436.7546 971.8171 0.021568628 -636
26 439.24008 1012.9354 0.019607844 -669
27 436.51416 1051.5648 0.019607844 -685
28 434.15826 1084.5914 0.021568628 -702
29 430.86105 1106.1238 0.021568628 -718
30 426.96597 1118.3335 0.021568628 -735
31 425.33652 1126.4918 0.021568628 -751
32 423.33807 1130.9509 0.021568628 -768
33 422.6087 1134.7059 0.021568628 -784
34 422.6087 1136.5182 0.019607844 -800
35 422.6087 1138.4945 0.019607844 -817
36 422.6087 1138.4945 0.023529414 -833
0 939.13043 408.78708 0.021568628 -18
1 939.13043 408.78708 0.021568628 -18
2 939.13043 408.78708 0.021568628 -44
3 939.13043 408.78708 0.021568628 -60
4 937.6683 408.0557 0.021568628 -77
5 932.66864 407.7876 0.021568628 -93
6 921.3687 407.7876 0.021568628 -110
7 903.7526 407.7876 0.021568628 -126
8 878.8041 408.95715 0.021568628 -143
9 843.8215 411.8631 0.019607844 -159
10 783.4408 414.74234 0.019607844 -176
11 732.9255 418.36697 0.019607844 -192
12 681.8652 420.40115 0.019607844 -209
13 635.3297 422.20633 0.019607844 -225
14 555.7761 424.81607 0.019607844 -242
15 491.24484 425.77823 0.019607844 -275
16 472.6288 425.77823 0.019607844 -308
17 468.56613 425.77823 0.019607844 -324
18 460.57355 449.76575 0.027450982 -329
19 452.58093 459.76053 0.027450982 -356
20 450.5828 468.75586 0.027450982 -356
21 443.58926 458.76105 0.019607844 -383
22 434.848 449.01675 0.019607844 -383
23 426.37512 458.33652 0.019607844 -423
24 414.23145 529.88434 0.019607844 -456
25 412.1557 581.0406 0.019607844 -489
26 407.2339 631.35254 0.019607844 -505
27 412.80002 710.91943 0.021568628 -522
28 428.9868 874.33514 0.021568628 -538
29 432.39313 935.6979 0.021568628 -571
30 432.59946 984.60284 0.021568628 -588
31 435.2707 1030.7372 0.021568628 -604
32 435.73727 1061.1732 0.019607844 -621
33 433.27158 1089.9951 0.021568628 -637
34 429.1467 1108.7023 0.021568628 -654
35 426.43008 1120.4669 0.021568628 -670
36 423.5265 1126.6573 0.021568628 -687
37 422.6087 1131.4651 0.021568628 -703
38 422.6087 1136.1982 0.021568628 -720
39 422.6087 1138.1902 0.019607844 -753
40 422.6087 1138.4071 0.019607844 -769
41 434.5976 1179.3857 0.023529414 -771
0 987.08606 900.53094 0.01764706 -9
1 989.08417 874.40753 0.019607844 -9
2 989.08417 867.71686 0.019607844 -35
3 989.08417 862.8445 0.019607844 -51
4 989.08417 856.9587 0.019607844 -67
5 987.4231 852.8932 0.019607844 -100
6 971.8403 846.13934 0.019607844 -133
7 946.5274 842.491 0.019607844 -166
8 914.23834 840.6719 0.019607844 -183
9 879.91315 840.5622 0.019607844 -199
10 841.8917 840.5622 0.019607844 -216
11 801.25366 840.5622 0.019607844 -232
12 759.98376 841.84845 0.019607844 -249
13 716.2897 841.56165 0.019607844 -265
14 664.7703 841.56165 0.019607844 -282
15 618.9733 841.56165 0.019607844 -298
16 584.4413 841.56165 0.019607844 -315
17 553.9594 841.56165 0.019607844 -331
18 531.42377 841.56165 0.019607844 -348
19 515.35944 841.56165 0.019607844 -364
20 504.5593 841.56165 0.019607844 -381
21 497.73743 841.56165 0.019607844 -397
22 492.39557 841.56165 0.019607844 -414
23 489.28238 843.6928 0.019607844 -430
24 486.56848 845.5406 0.019607844 -447
25 484.77734 847.33246 0.019607844 -463
26 477.89276 850.8892 0.01764706 -480
27 473.37344 875.86163 0.01764706 -513
28 469.74713 902.7089 0.01764706 -529
29 468.56613 1011.98773 0.01764706 -546
30 469.93146 1063.3439 0.01764706 -579
31 472.69998 1124.1678 0.01764706 -595
32 474.5606 1185.0054 0.01764706 -611
33 477.4813 1289.4938 0.019607844 -628
34 477.55783 1342.2821 0.01764706 -644
35 477.55783 1390.3119 0.01764706 -661
36 476.9101 1432.3304 0.01764706 -677
37 475.55966 1475.1481 0.019607844 -694
38 474.12817 1514.3754 0.01764706 -710
39 473.56152 1521.4637 0.01764706 -743
40 473.56152 1525.8561 0.01764706 -760
41 473.56152 1528.4689 0.01764706 -776
42 473.56152 1530.3787 0.01764706 -793
43 473.56152 1532.4025 0.01764706 -809
44 473.56152 1534.349 0.01764706 -826
45 473.56152 1534.2009 0.01764706 -842
46 472.56244 1573.1805 0.023529414 -849
0 1004.0703 918.5216 0.01764706 -9
1 1006.0685 888.323 0.019607844 -9
2 1006.0685 874.9954 0.019607844 -35
3 1006.0685 871.18256 0.019607844 -68
4 1006.0685 867.9968 0.019607844 -85
5 1005.64685 865.7051 0.019607844 -101
6 996.68475 858.3567 0.019607844 -117
7 980.80133 853.4762 0.019607844 -150
8 954.756 847.88635 0.019607844 -167
9 924.6295 843.0593 0.019607844 -183
10 891.0362 841.56165 0.019607844 -200
11 854.3132 839.1393 0.019607844 -216
12 815.9571 837.3121 0.019607844 -233
13 774.83075 836.5643 0.019607844 -249
14 672.0773 829.28894 0.019607844 -266
15 598.66125 826.92633 0.019607844 -299
16 574.5703 818.136 0.01764706 -332
17 554.3753 814.55347 0.01764706 -348
18 538.9279 819.16565 0.019607844 -365
19 530.0789 822.1793 0.019607844 -381
20 524.3096 823.97253 0.019607844 -398
21 520.1679 824.5705 0.019607844 -414
22 512.02966 829.7282 0.019607844 -431
23 504.74634 841.7411 0.01764706 -464
24 497.71454 873.4927 0.01764706 -496
25 492.28452 900.08923 0.019607844 -513
26 488.7962 970.15063 0.01764706 -529
27 484.55133 1076.6042 0.01764706 -546
28 484.55133 1128.6195 0.01764706 -579
29 485.5504 1245.907 0.01764706 -595
30 484.55133 1329.6838 0.01764706 -628
31 482.81613 1370.3384 0.01764706 -645
32 482.5532 1413.8309 0.019607844 -661
33 481.12576 1441.8225 0.01764706 -678
34 479.22678 1452.2206 0.01764706 -694
35 477.4127 1458.6761 0.01764706 -711
36 476.55875 1463.3423 0.01764706 -727
37 476.55875 1466.1344 0.01764706 -744
38 476.55875 1467.9719 0.01764706 -760
39 476.55875 1469.8169 0.01764706 -777
40 476.55875 1471.6458 0.01764706 -793
41 476.55875 1472.2332 0.01764706 -810
42 476.55875 1472.2332 0.01764706 -826
43 476.55875 1473.2327 0.01764706 -842
44 476.55875 1474.2322 0.01764706 -849
0 963.1082 495.7418 0.01764706 -10
1 960.0085 472.83 0.019607844 -10
2 958.07513 463.6075 0.019607844 -27
3 956.15063 456.8699 0.019607844 -44
4 955.11566 452.9832 0.019607844 -60
5 955.11566 449.9859 0.019607844 -76
6 955.11566 448.08838 0.019607844 -93
7 955.11566 446.2212 0.019607844 -109
8 953.67737 444.32895 0.019607844 -126
9 946.94354 440.18088 0.019607844 -142
10 933.952 436.47684 0.019607844 -159
11 914.90546 432.72964 0.019607844 -175
12 877.64026 430.90466 0.019607844 -192
13 841.49695 430.07486 0.019607844 -208
14 801.84906 429.77615 0.019607844 -225
15 759.39606 429.77615 0.019607844 -241
16 672.1802 427.7772 0.019607844 -258
17 614.64746 425.09738 0.019607844 -291
18 568.72577 423.12497 0.019607844 -307
19 506.12335 419.53802 0.021568628 -324
20 488.23032 417.75067 0.021568628 -357
21 475.3067 417.7824 0.021568628 -373
22 466.79678 417.7824 0.021568628 -390
23 461.57645 417.7824 0.021568628 -406
24 457.99503 417.7824 0.021568628 -422
25 454.47272 417.7824 0.021568628 -439
26 447.50076 425.25333 0.021568628 -455
27 441.9715 440.16827 0.021568628 -488
28 437.91864 456.80353 0.019607844 -505
29 433.11472 499.58206 0.019607844 -521
30 436.11746 632.4897 0.021568628 -539
31 441.54138 705.2343 0.019607844 -572
32 449.61734 842.8301 0.021568628 -588
33 453.04465 912.69806 0.021568628 -621
34 456.8911 970.49023 0.021568628 -638
35 455.3696 1021.5226 0.021568628 -654
36 453.3756 1060.1304 0.019607844 -671
37 452.59235 1102.2203 0.021568628 -687
38 452.58093 1121.7455 0.019607844 -704
39 452.00787 1132.2782 0.019607844 -720
40 449.38828 1143.7954 0.019607844 -737
41 448.58466 1146.5297 0.019607844 -770
42 448.58466 1148.3164 0.019607844 -786
43 448.58466 1150.167 0.019607844 -803
44 448.58466 1151.9 0.019607844 -819
45 448.58466 1151.9 0.023529414 -835
0 960.111 433.77408 0.019607844 -8
1 960.111 433.77408 0.019607844 -8
2 960.111 433.77408 0.019607844 -42
3 958.419 432.92773 0.019607844 -59
4 947.77856 429.1905 0.019607844 -75
5 923.16095 425.4468 0.019607844 -108
6 876.23834 425.77823 0.019607844 -141
7 829.8716 425.77823 0.019607844 -174
8 791.22174 427.51657 0.019607844 -191
9 751.0083 428.35498 0.019607844 -207
10 694.35706 428.77667 0.019607844 -224
11 673.3765 458.76105 0.027450982 -246
12 626.42 445.76782 0.019607844 -272
13 573.4269 438.8585 0.019607844 -272
14 500.84448 433.26157 0.019607844 -290
15 493.54303 432.7746 0.019607844 -323
16 480.55505 453.76364 0.027450982 -327
17 453.58002 444.76834 0.019607844 -354
18 427.55652 437.01047 0.019607844 -354
19 418.03513 433.48532 0.019607844 -389
20 414.47675 431.6357 0.019607844 -422
21 411.61887 430.77563 0.019607844 -438
22 415.61517 473.75323 0.027450982 -465
23 412.61795 472.75375 0.021568628 -491
24 409.46655 495.5937 0.021568628 -491
25 421.9848 605.0239 0.021568628 -521
26 438.3423 727.937 0.021568628 -554
27 451.5076 840.1276 0.021568628 -587
28 457.67813 930.165 0.019607844 -620
29 460.57016 973.4283 0.021568628 -653
30 461.74667 996.5645 0.019607844 -669
31 460.57355 1010.82404 0.019607844 -685
32 461.01184 1019.7141 0.019607844 -702
33 459.06622 1025.4833 0.019607844 -718
34 458.5754 1028.8899 0.019607844 -735
35 458.5754 1030.7972 0.019607844 -751
36 458.5754 1032.607 0.019607844 -768
37 458.5754 1034.5999 0.019607844 -784
38 460.63916 1036.5259 0.01764706 -801
39 460.63916 1036.5259 0.01764706 -817
0 997.0768 1021.46796 0.01764706 -113
1 986.7927 1026.5631 0.01764706 -113
2 953.9604 1035.9995 0.01764706 -134
3 928.5416 1039.6716 0.01764706 -167
4 874.9799 1043.319 0.01764706 -184
5 830.7674 1045.2148 0.01764706 -200
6 788.5392 1045.4554 0.01764706 -217
7 748.6146 1045.4554 0.019607844 -233
8 707.02606 1045.4554 0.01764706 -250
9 660.45404 1045.4554 0.01764706 -266
10 609.50616 1045.4554 0.01764706 -283
11 577.16394 1045.4554 0.01764706 -299
12 549.9957 1045.4554 0.01764706 -316
13 526.8754 1045.4554 0.01764706 -332
14 512.36096 1045.4554 0.01764706 -349
15 501.02185 1045.4554 0.01764706 -365
16 492.7951 1045.4554 0.019607844 -382
17 487.05728 1045.4554 0.019607844 -398
18 482.93835 1045.4554 0.019607844 -415
19 478.26688 1045.4554 0.019607844 -431
20 472.8407 1047.3153 0.019607844 -448
21 465.32953 1058.2214 0.019607844 -464
22 442.15076 1116.3481 0.01764706 -481
23 434.98956 1146.2894 0.019607844 -513
24 425.904 1221.7283 0.019607844 -530
25 420.111 1368.2874 0.01764706 -546
26 419.30652 1423.8575 0.01764706 -578
27 418.29697 1495.1672 0.019607844 -596
28 416.46585 1558.6049 0.019607844 -612
29 412.47858 1656.0432 0.01764706 -629
30 410.64423 1690.6793 0.019607844 -645
31 407.81104 1735.2666 0.01764706 -662
32 405.95398 1758.126 0.019607844 -678
33 403.08078 1794.1636 0.01764706 -695
34 401.19452 1811.5283 0.01764706 -711
35 401.6281 1818.9702 0.01764706 -728
36 401.6281 1824.8512 0.01764706 -744
37 401.6281 1828.3024 0.01764706 -761
38 401.6281 1830.1487 0.01764706 -777
39 401.6281 1831.0463 0.01764706 -794
40 402.6634 1828.975 0.01764706 -810
41 402.6634 1828.975 0.023529414 -827
0 970.10175 1050.4529 0.01764706 0
1 970.10175 1050.4529 0.01764706 0
2 970.10175 1050.4529 0.019607844 -18
3 970.10175 1050.4529 0.019607844 -51
4 970.10175 1050.4529 0.01764706 -84
5 955.5016 1049.4534 0.019607844 -117
6 914.7297 1049.4534 0.01764706 -150
7 885.4596 1049.4534 0.019607844 -183
8 854.36786 1049.4534 0.01764706 -199
9 817.0185 1049.4534 0.019607844 -216
10 776.38605 1049.4534 0.019607844 -232
11 674.48083 1047.4545 0.01764706 -249
12 598.44836 1040.9078 0.01764706 -282
13 571.50684 1041.4575 0.01764706 -315
14 553.0227 1031.2767 0.019607844 -331
15 536.7278 1026.7714 0.019607844 -347
16 517.0584 1031.8282 0.01764706 -364
17 506.41525 1034.4612 0.019607844 -397
18 497.76752 1038.6401 0.019607844 -430
19 491.06754 1048.2355 0.019607844 -463
20 474.51385 1106.6855 0.01764706 -479
21 465.62708 1161.1993 0.019607844 -512
22 459.8317 1215.6964 0.019607844 -529
23 457.1687 1269.7627 0.019607844 -545
24 456.57724 1416.0999 0.01764706 -562
25 457.57632 1582.2823 0.019607844 -595
26 456.88107 1642.6755 0.019607844 -628
27 455.02878 1680.2738 0.01764706 -644
28 453.16995 1705.8577 0.019607844 -661
29 447.9363 1744.6339 0.01764706 -677
30 445.21613 1758.6855 0.019607844 -694
31 441.50055 1773.3484 0.019607844 -710
32 440.59204 1779.0193 0.019607844 -743
33 440.59204 1780.0729 0.019607844 -776
34 440.59204 1780.0729 0.019607844 -793
35 440.59204 1780.0729 0.019607844 -809
36 440.59204 1780.0729 0.01764706 -826
37 440.59204 1780.0729 0.01764706 -843
0 950.12024 428.77667 0.019607844 -103
1 936.39856 428.77667 0.019607844 -103
2 897.3624 428.77667 0.019607844 -125
3 865.9029 428.77667 0.019607844 -158
4 830.79065 428.77667 0.019607844 -175
5 764.5868 429.77615 0.019607844 -191
6 717.7658 429.77615 0.019607844 -208
7 672.49207 429.77615 0.019607844 -224
8 627.3208 428.25092 0.019607844 -241
9 582.9956 426.4393 0.019607844 -257
10 548.5311 424.57037 0.021568628 -274
11 515.63043 422.78546 0.021568628 -290
12 494.4859 422.7798 0.021568628 -307
13 481.966 422.7798 0.021568628 -323
14 472.56287 422.7798 0.021568628 -340
15 466.915 422.7798 0.021568628 -356
16 461.66946 422.7798 0.021568628 -373
17 458.07776 422.7798 0.019607844 -389
18 453.49203 422.7798 0.019607844 -406
19 448.51263 424.13644 0.019607844 -422
20 441.77136 436.00232 0.021568628 -439
21 433.73422 466.15958 0.019607844 -455
22 426.47272 545.3048 0.021568628 -472
23 426.9963 597.4386 0.021568628 -505
24 430.50812 709.9513 0.019607844 -521
25 436.4515 798.3465 0.021568628 -554
26 437.59482 859.116 0.021568628 -571
27 442.0076 917.6494 0.021568628 -587
28 445.71695 970.05066 0.021568628 -604
29 445.58743 1007.90027 0.019607844 -620
30 444.1909 1043.2197 0.021568628 -637
31 443.58926 1064.2006 0.019607844 -653
32 443.58926 1076.0398 0.019607844 -670
33 442.5902 1083.2643 0.019607844 -686
34 442.5902 1087.9423 0.019607844 -703
35 442.5902 1092.8778 0.019607844 -719
36 442.5902 1096.429 0.019607844 -752
37 442.5902 1096.429 0.019607844 -783
0 945.1249 486.74646 0.019607844 -10
1 940.9739 459.83145 0.019607844 -10
2 939.0707 453.5843 0.019607844 -36
3 938.13135 448.83566 0.019607844 -52
4 938.13135 445.01462 0.019607844 -69
5 936.5852 442.22205 0.019607844 -85
6 932.17285 438.46225 0.019607844 -102
7 923.39294 434.70157 0.019607844 -118
8 908.84015 430.94598 0.019607844 -135
9 889.71796 429.5528 0.019607844 -151
10 863.16113 427.63156 0.019607844 -168
11 820.5665 428.76184 0.019607844 -184
12 785.82574 428.77667 0.019607844 -201
13 746.58594 429.41248 0.019607844 -217
14 665.34406 432.10992 0.019607844 -234
15 627.4099 431.77512 0.019607844 -267
16 627.4099 431.77512 0.027450982 -283
17 533.50604 582.6965 0.019607844 -327
18 524.51434 592.6913 0.019607844 -327
19 524.51434 592.6913 0.019607844 -336
20 455.5782 636.6684 0.019607844 -363
21 452.58093 636.6684 0.019607844 -363
22 452.58093 636.6684 0.019607844 -391
23 430.6013 678.64655 0.019607844 -482
24 430.6013 678.64655 0.019607844 -482
25 429.11057 685.0564 0.019607844 -498
26 427.30048 701.06586 0.019607844 -514
27 427.50787 798.2512 0.019607844 -531
28 430.14035 859.786 0.019607844 -564
29 435.36935 933.2388 0.019607844 -580
30 440.96844 998.0013 0.019607844 -596
31 447.70538 1063.8053 0.019607844 -613
32 452.93674 1131.0408 0.019607844 -629
33 456.66266 1202.6824 0.019607844 -646
34 457.57632 1250.1915 0.019607844 -662
35 456.66257 1280.2229 0.019607844 -679
36 455.7538 1310.3839 0.019607844 -695
37 453.84882 1322.9657 0.019607844 -712
38 451.9611 1330.1685 0.019607844 -728
39 451.02563 1335.418 0.019607844 -745
40 450.5828 1337.804 0.019607844 -761
41 450.5828 1339.7332 0.019607844 -778
42 450.5828 1341.7235 0.01764706 -794
43 450.5828 1342.3009 0.01764706 -811
44 450.5828 1342.3009 0.01764706 -816
0 947.12305 433.77408 0.019607844 -112
1 908.3296 430.77563 0.019607844 -112
2 884.0691 430.77563 0.019607844 -168
3 852.7752 430.77563 0.019607844 -184
4 814.8518 431.88904 0.019607844 -201
5 754.8962 440.34525 0.019607844 -217
6 704.7645 444.36414 0.019607844 -234
7 617.3802 457.8113 0.021568628 -250
8 533.1356 463.83057 0.021568628 -283
9 486.7638 466.52393 0.021568628 -316
10 457.91595 466.7569 0.021568628 -333
11 438.2072 466.7569 0.021568628 -349
12 423.8645 466.7569 0.023529414 -365
13 407.401 466.7569 0.023529414 -382
14 399.91873 466.7569 0.021568628 -415
15 390.99442 474.12927 0.019607844 -448
16 385.37225 493.82648 0.021568628 -481
17 380.948 521.1897 0.019607844 -497
18 379.64847 563.7729 0.019607844 -514
19 386.35077 721.6931 0.021568628 -530
20 392.61978 785.34625 0.019607844 -563
21 403.5342 912.6034 0.021568628 -580
22 410.0742 1011.7279 0.019607844 -613
23 410.32272 1072.4153 0.019607844 -646
24 406.45917 1088.9263 0.019607844 -679
25 406.6235 1101.882 0.021568628 -712
26 409.62073 1114.4196 0.019607844 -745
27 420.61053 1162.3945 0.023529414 -769
0 931.1378 429.77615 0.019607844 0
1 931.1378 429.77615 0.019607844 -6
2 931.1378 429.77615 0.021568628 -25
3 931.1378 429.77615 0.021568628 -107
4 914.8812 425.5664 0.019607844 -140
5 892.0972 423.631 0.019607844 -173
6 861.44696 423.77927 0.019607844 -189
7 828.5048 423.77927 0.019607844 -206
8 793.2041 425.46585 0.019607844 -222
9 713.87933 429.1443 0.019607844 -239
10 669.6221 429.9923 0.019607844 -272
11 609.16614 430.78256 0.019607844 -288
12 560.4253 430.77563 0.019607844 -305
13 520.65955 430.77563 0.019607844 -321
14 459.87213 430.77563 0.019607844 -338
15 438.5871 430.77563 0.019607844 -371
16 424.83792 430.77563 0.019607844 -387
17 411.6221 430.77563 0.019607844 -404
18 403.77365 430.77563 0.019607844 -437
19 398.54654 435.85742 0.021568628 -470
20 393.18167 443.67746 0.021568628 -486
21 387.96335 455.34344 0.019607844 -503
22 383.5137 482.6669 0.021568628 -519
23 383.86584 583.06866 0.019607844 -536
24 394.80258 689.48157 0.019607844 -569
25 415.389 854.6306 0.021568628 -602
26 422.98874 914.18646 0.021568628 -635
27 427.99176 965.7924 0.021568628 -651
28 432.63574 1006.43 0.019607844 -668
29 436.27362 1046.5695 0.019607844 -684
30 435.8833 1070.5979 0.019607844 -701
31 433.23016 1104.3741 0.021568628 -717
32 430.51096 1122.1389 0.019607844 -733
33 428.56927 1132.5796 0.019607844 -750
34 426.6599 1139.2417 0.019607844 -766
35 425.7449 1144.1259 0.019607844 -783
36 424.60684 1147.2006 0.019607844 -799
37 424.60684 1151.0477 0.019607844 -816
38 424.60684 1152.3998 0.019607844 -849
39 424.60684 1152.3998 0.019607844 -868
0 923.14526 433.77408 0.019607844 0
1 923.14526 433.77408 0.019607844 0
2 923.14526 433.77408 0.019607844 -37
3 922.324 432.95248 0.019607844 -47
4 906.0031 429.18246 0.019607844 -137
5 886.3998 428.77667 0.019607844 -170
6 853.9837 428.77667 0.019607844 -186
7 820.203 428.77667 0.019607844 -203
8 782.69104 428.77667 0.019607844 -220
9 740.6602 428.77667 0.019607844 -236
10 697.7329 428.77667 0.019607844 -253
11 651.69696 428.77667 0.019607844 -269
12 575.46716 429.77615 0.019607844 -286
13 557.4838 451.7647 0.027450982 -307
14 514.5236 441.7699 0.019607844 -334
15 486.36496 436.88892 0.019607844 -334
16 485.5504 436.7725 0.019607844 -352
17 473.56152 456.7621 0.027450982 -353
18 454.5791 447.76678 0.019607844 -379
19 429.70932 439.54785 0.019607844 -379
20 424.3563 437.68842 0.019607844 -419
21 421.68478 435.8482 0.019607844 -435
22 418.88455 434.04636 0.019607844 -452
23 417.06976 433.77408 0.019607844 -468
24 410.13803 441.41306 0.021568628 -485
25 403.72522 454.5322 0.019607844 -518
26 393.5949 503.94086 0.019607844 -535
27 395.77585 636.37195 0.019607844 -562
28 403.43887 749.4843 0.019607844 -595
29 408.87625 830.282 0.021568628 -628
30 410.6198 910.14307 0.019607844 -644
31 415.444 971.6969 0.021568628 -661
32 414.6161 1016.5386 0.019607844 -677
33 413.92273 1055.8602 0.019607844 -694
34 412.61795 1081.1296 0.019607844 -710
35 412.06503 1103.8525 0.021568628 -727
36 410.1238 1117.8931 0.021568628 -743
37 408.62164 1125.6954 0.021568628 -760
38 407.62256 1130.1741 0.021568628 -776
39 407.62256 1132.702 0.021568628 -793
40 407.62256 1136.6305 0.021568628 -809
41 407.62256 1138.4071 0.019607844 -842
42 416.61426 1167.392 0.023529414 -857
0 928.1406 397.79282 0.019607844 -8
1 928.1406 395.79385 0.019607844 -8
2 926.25476 395.79385 0.021568628 -33
3 925.3981 394.79437 0.021568628 -49
4 923.53174 394.79437 0.021568628 -66
5 921.65704 394.79437 0.021568628 -82
6 917.7433 394.09125 0.021568628 -99
7 899.0138 394.8163 0.021568628 -115
8 844.607 401.24237 0.021568628 -148
9 808.665 405.00864 0.021568628 -181
10 771.95337 408.23175 0.021568628 -198
11 732.3573 410.05753 0.021568628 -214
12 686.45435 411.90186 0.021568628 -231
13 574.37476 412.785 0.021568628 -247
14 495.4362 411.78552 0.021568628 -280
15 469.56522 411.78552 0.021568628 -313
16 458.5754 432.7746 0.027450982 -328
17 435.59668 424.77875 0.021568628 -355
18 419.00287 419.1294 0.021568628 -355
19 412.24957 417.32642 0.021568628 -379
20 408.12592 415.5355 0.021568628 -395
21 400.9159 415.78345 0.019607844 -412
22 389.75232 436.64996 0.021568628 -445
23 384.7266 500.31305 0.019607844 -478
24 386.6683 580.409 0.021568628 -511
25 395.64902 648.6055 0.019607844 -527
26 405.1186 710.6839 0.019607844 -544
27 422.11957 851.02045 0.021568628 -560
28 429.4799 909.84454 0.021568628 -593
29 431.60037 1030.9067 0.021568628 -610
30 431.6705 1062.5339 0.019607844 -643
31 429.9442 1092.206 0.021568628 -659
32 427.87668 1110.2388 0.021568628 -676
33 425.92593 1123.4929 0.021568628 -692
34 423.97037 1132.9583 0.019607844 -709
35 422.6087 1138.528 0.019607844 -725
36 422.6087 1141.9355 0.019607844 -742
37 422.6087 1143.881 0.019607844 -758
38 422.6087 1145.8112 0.019607844 -775
39 422.6087 1147.7842 0.019607844 -791
40 422.6087 1148.6577 0.019607844 -808
41 422.6087 1148.6577 0.023529414 -841
0 986.087 811.5773 0.019607844 -9
1 986.087 809.46857 0.01764706 -9
2 986.087 809.5894 0.019607844 -27
3 986.087 811.47174 0.019607844 -43
4 986.087 813.338 0.019607844 -60
5 982.5902 817.07446 0.019607844 -76
6 979.2771 817.98206 0.019607844 -109
7 975.6946 819.774 0.019607844 -126
8 967.54694 822.7943 0.019607844 -142
9 945.73334 828.41626 0.019607844 -158
10 918.3143 832.97284 0.019607844 -175
11 888.68756 842.64624 0.01764706 -191
12 851.1809 851.5621 0.01764706 -208
13 811.85974 857.60876 0.01764706 -224
14 811.85974 857.60876 0.01764706 -241
15 748.3071 860.55176 0.01764706 -264
16 685.3654 862.5507 0.01764706 -264
17 656.3922 863.55023 0.01764706 -282
18 630.41626 863.55023 0.01764706 -301
19 585.4579 863.55023 0.01764706 -301
20 565.47644 863.55023 0.01764706 -319
21 532.50696 863.55023 0.01764706 -345
22 519.519 863.55023 0.01764706 -345
23 487.54858 863.55023 0.019607844 -391
24 481.48093 863.55023 0.01764706 -391
25 473.083 863.55023 0.019607844 -406
26 467.75174 863.55023 0.01764706 -439
27 463.5852 870.85565 0.019607844 -472
28 455.0214 911.26263 0.019607844 -488
29 454.5791 944.2362 0.01764706 -521
30 460.37823 1035.626 0.01764706 -538
31 464.89685 1102.0265 0.019607844 -554
32 468.73233 1162.8893 0.019607844 -571
33 477.86826 1300.6044 0.01764706 -587
34 480.65482 1363.0858 0.01764706 -620
35 480.55505 1443.4596 0.019607844 -637
36 478.63818 1484.518 0.019607844 -653
37 476.74344 1505.5521 0.01764706 -670
38 472.9527 1540.4634 0.019607844 -686
39 471.56335 1550.5323 0.019607844 -719
40 471.56335 1556.2059 0.019607844 -736
41 471.56335 1560.0563 0.019607844 -752
42 471.56335 1561.5134 0.019607844 -769
43 471.56335 1563.3993 0.019607844 -785
44 471.56335 1561.9895 0.01764706 -801
45 471.56335 1560.0402 0.01764706 -818
46 471.56335 1559.1879 0.01764706 -834
47 470.5643 1558.1884 0.027450982 -842
0 914.15356 390.79645 0.019607844 -9
1 914.15356 390.79645 0.021568628 -9
2 912.6549 390.79645 0.021568628 -26
3 911.7575 390.79645 0.021568628 -39
4 911.5126 388.15436 0.019607844 -59
5 909.6577 386.29877 0.019607844 -75
6 906.0499 382.68958 0.019607844 -92
7 897.63715 382.68362 0.021568628 -125
8 888.87604 386.23245 0.021568628 -158
9 875.33484 390.41486 0.021568628 -174
10 855.6602 396.03394 0.021568628 -191
11 834.3993 399.2634 0.021568628 -207
12 804.1704 403.0507 0.021568628 -224
13 759.8898 409.57883 0.021568628 -240
14 721.4242 413.3218 0.019607844 -257
15 680.9904 415.9623 0.021568628 -273
16 637.74506 418.22653 0.019607844 -290
17 597.5513 421.03702 0.019607844 -306
18 555.802 421.7803 0.019607844 -323
19 506.68616 420.88956 0.021568628 -339
20 469.36636 419.087 0.021568628 -356
21 426.10968 415.5063 0.021568628 -372
22 405.38977 412.785 0.021568628 -405
23 396.77875 412.785 0.021568628 -438
24 394.39392 412.785 0.021568628 -471
25 392.581 412.785 0.021568628 -488
26 388.96143 418.81708 0.019607844 -504
27 384.34943 434.89435 0.021568628 -521
28 380.64755 497.44366 0.019607844 -537
29 388.48703 639.7971 0.021568628 -570
30 414.3762 785.89655 0.021568628 -603
31 439.57642 930.0029 0.019607844 -636
32 449.1323 984.4539 0.019607844 -669
33 451.05942 1024.2832 0.021568628 -685
34 448.47433 1053.2794 0.019607844 -702
35 447.6643 1068.8916 0.019607844 -718
36 445.7567 1077.7607 0.019607844 -735
37 443.834 1082.946 0.019607844 -751
38 443.58926 1086.068 0.019607844 -768
39 442.5902 1087.9586 0.019607844 -784
40 442.5902 1089.8547 0.019607844 -801
41 442.5902 1090.9316 0.019607844 -817
42 442.5902 1091.8882 0.019607844 -827
43 442.5902 1091.4315 0.019607844 -848
44 442.5902 1091.4315 0.019607844 -867
0 959.11194 431.77512 0.019607844 -93
1 959.11194 430.02493 0.019607844 -93
2 948.54956 426.26355 0.019607844 -108
3 917.8691 425.77823 0.019607844 -141
4 885.5492 425.77823 0.019607844 -174
5 830.89056 426.7777 0.019607844 -191
6 785.2112 427.7772 0.019607844 -207
7 754.3016 427.7772 0.019607844 -224
8 735.31915 449.76575 0.027450982 -235
9 683.36725 438.77145 0.019607844 -262
10 607.93097 430.65018 0.019607844 -262
11 514.6333 421.49927 0.021568628 -290
12 488.19366 418.29333 0.021568628 -323
13 468.52167 416.47864 0.021568628 -339
14 455.5696 414.63995 0.021568628 -356
15 447.9245 412.86978 0.021568628 -372
16 443.0899 412.785 0.021568628 -389
17 439.4754 412.785 0.021568628 -405
18 436.2335 412.785 0.021568628 -421
19 429.68057 418.90607 0.019607844 -438
20 425.60593 476.38602 0.021568628 -487
21 435.2918 582.10284 0.019607844 -520
22 448.04196 676.93134 0.021568628 -553
23 455.42108 755.32355 0.019607844 -570
24 460.77292 820.76447 0.019607844 -586
25 463.55548 880.7732 0.019607844 -603
26 467.3603 936.2183 0.019607844 -619
27 467.56708 1023.2103 0.021568628 -636
28 466.568 1056.7848 0.019607844 -669
29 464.5358 1073.7134 0.019607844 -685
30 462.6298 1082.2037 0.019607844 -702
31 460.71555 1088.007 0.019607844 -718
32 459.57446 1092.0222 0.019607844 -735
33 459.57446 1094.1323 0.019607844 -751
34 459.57446 1096.0952 0.019607844 -768
35 459.57446 1098.9276 0.019607844 -784
36 460.57355 1099.999 0.019607844 -808
37 460.57355 1100.4269 0.01764706 -834
38 460.57355 1100.4269 0.01764706 -837
0 989.08417 619.67725 0.01764706 0
1 989.08417 619.67725 0.01764706 0
2 987.9665 619.11816 0.01764706 -33
3 978.59393 618.67773 0.019607844 -83
4 957.7997 620.7159 0.019607844 -116
5 936.8385 623.8045 0.019607844 -149
6 901.5254 626.65356 0.019607844 -166
7 901.1656 626.6736 0.019607844 -182
8 901.1656 626.6736 0.019607844 -182
9 811.24884 632.6705 0.019607844 -209
10 809.2507 632.6705 0.019607844 -209
11 809.2507 632.6705 0.019607844 -217
12 753.3025 631.67096 0.019607844 -236
13 644.9964 620.19556 0.019607844 -236
14 592.60596 618.0188 0.019607844 -297
15 553.3904 617.6783 0.019607844 -314
16 515.2691 616.6788 0.019607844 -330
17 494.38788 616.6788 0.019607844 -347
18 480.2666 616.6788 0.019607844 -363
19 465.1937 616.6788 0.019607844 -380
20 457.5481 616.6788 0.019607844 -413
21 453.3274 617.93097 0.019607844 -446
22 449.6813 633.2794 0.019607844 -479
23 446.07315 650.2304 0.019607844 -495
24 444.58835 684.3508 0.019607844 -512
25 454.6202 813.30743 0.019607844 -528
26 469.7619 948.8786 0.019607844 -561
27 480.62985 1072.4894 0.019607844 -594
28 485.3499 1159.1816 0.019607844 -627
29 486.35797 1195.9263 0.019607844 -644
30 487.30124 1229.9128 0.019607844 -660
31 487.54858 1252.7034 0.019607844 -677
32 487.54858 1263.5414 0.019607844 -693
33 487.54858 1272.4187 0.019607844 -710
34 487.54858 1278.661 0.019607844 -726
35 487.54858 1283.008 0.019607844 -743
36 487.54858 1285.5709 0.019607844 -759
37 487.54858 1287.508 0.019607844 -776
38 487.54858 1288.329 0.01764706 -792
39 487.54858 1288.329 0.01764706 -809
40 487.54858 1288.329 0.01764706 -825
