0 918.14984 433.77408 0.019607844 -94
1 902.7022 426.41238 0.019607844 -94
2 880.00006 419.7582 0.021568628 -166
3 836.5533 415.03983 0.021568628 -199
4 810.58057 414.78397 0.021568628 -232
5 783.11194 415.4381 0.021568628 -249
6 726.6339 419.07504 0.019607844 -267
7 693.6599 420.93063 0.019607844 -300
8 608.26337 424.77875 0.019607844 -316
9 571.4671 426.3781 0.019607844 -349
10 507.60678 426.7777 0.019607844 -366
11 480.42993 426.7777 0.019607844 -398
12 431.10083 424.279 0.021568628 -415
13 422.20645 424.77875 0.021568628 -447
14 410.67133 423.77927 0.021568628 -464
15 403.571 423.77927 0.021568628 -497
16 401.28183 423.77927 0.021568628 -530
17 399.48703 423.77927 0.021568628 -547
18 397.7193 423.77927 0.021568628 -563
19 393.56778 430.22223 0.023529414 -580
20 381.77246 468.47067 0.021568628 -596
21 382.90067 573.6572 0.021568628 -629
22 388.59573 643.9588 0.019607844 -662
23 403.2437 785.3576 0.021568628 -679
24 411.699 851.63007 0.021568628 -712
25 423.08212 917.1285 0.019607844 -728
26 438.08087 1039.3236 0.021568628 -745
27 439.29498 1069.6707 0.019607844 -777
28 439.98285 1091.3096 0.021568628 -794
29 439.0716 1103.0347 0.021568628 -810
30 438.5939 1109.7714 0.021568628 -827
31 438.5939 1115.5367 0.021568628 -843
32 438.5939 1119.5096 0.021568628 -860
33 438.5939 1123.3411 0.021568628 -893
34 438.5939 1124.4143 0.019607844 -926
35 438.5939 1124.4143 0.019607844 -934
0 929.1397 423.77927 0.019607844 -8
1 929.1397 423.77927 0.019607844 -8
2 929.1397 423.77927 0.019607844 -34
3 929.1397 423.77927 0.019607844 -50
4 929.1397 423.77927 0.021568628 -56
5 929.1397 423.77927 0.021568628 -100
6 923.41364 419.96033 0.021568628 -132
7 896.02997 414.17026 0.021568628 -165
8 874.5477 413.7845 0.021568628 -198
9 849.19116 413.7845 0.021568628 -215
10 821.16455 413.7845 0.021568628 -231
11 751.0212 415.62088 0.021568628 -248
12 669.87976 416.78293 0.021568628 -281
13 631.3306 417.7824 0.021568628 -314
14 596.5159 418.78186 0.021568628 -330
15 530.22363 419.78134 0.019607844 -347
16 471.65717 419.78134 0.021568628 -380
17 435.53995 416.7748 0.021568628 -413
18 418.0336 415.78345 0.021568628 -446
19 412.62268 415.78345 0.021568628 -479
20 409.0239 415.78345 0.021568628 -495
21 406.57086 415.78345 0.021568628 -511
22 404.7106 415.78345 0.021568628 -528
23 401.4664 420.10495 0.019607844 -544
24 397.02594 434.12872 0.021568628 -561
25 394.29224 452.1914 0.019607844 -577
26 396.58115 546.01807 0.021568628 -594
27 409.86453 628.414 0.021568628 -627
28 420.5429 699.19574 0.019607844 -643
29 432.70102 768.66486 0.023529414 -660
30 443.13895 833.4106 0.021568628 -676
31 451.52716 891.5769 0.021568628 -693
32 457.77438 936.3955 0.019607844 -709
33 466.09262 988.34406 0.021568628 -726
34 468.56613 1049.689 0.021568628 -742
35 468.03415 1061.5769 0.021568628 -775
36 467.56708 1072.8641 0.021568628 -792
37 467.56708 1075.566 0.021568628 -825
38 467.56708 1077.6946 0.019607844 -841
39 468.56613 1082.4362 0.019607844 -859
40 477.55783 1116.4185 0.023529414 -882
0 974.0981 616.6788 0.01764706 -8
1 974.0981 616.6788 0.01764706 -8
2 974.0981 616.6788 0.01764706 -36
3 974.0981 616.6788 0.01764706 -52
4 974.0981 616.6788 0.01764706 -69
5 974.0981 616.6788 0.019607844 -85
6 970.92834 616.6788 0.019607844 -102
7 951.33716 616.6788 0.019607844 -135
8 925.06494 616.6788 0.019607844 -168
9 893.9885 616.6788 0.019607844 -184
10 862.31995 616.6788 0.019607844 -201
11 827.0668 619.5755 0.019607844 -218
12 788.0082 623.1538 0.019607844 -234
13 748.36536 625.23706 0.019607844 -251
14 707.6371 627.1356 0.019607844 -267
15 655.2858 628.9181 0.019607844 -284
16 615.2409 630.76666 0.019607844 -300
17 583.1879 632.5625 0.019607844 -317
18 554.4187 632.6705 0.019607844 -333
19 529.878 632.6705 0.019607844 -350
20 509.73187 632.6705 0.019607844 -366
21 498.96747 631.55695 0.019607844 -383
22 486.2253 630.6715 0.019607844 -399
23 479.7362 630.6715 0.019607844 -432
24 477.8057 630.6715 0.019607844 -462
25 476.03064 630.6715 0.019607844 -479
26 472.89984 630.6715 0.019607844 -495
27 469.21814 631.84454 0.019607844 -511
28 462.7241 647.3196 0.019607844 -528
29 449.5223 704.65546 0.019607844 -544
30 446.5865 750.3819 0.019607844 -577
31 450.666 860.96716 0.019607844 -594
32 457.24997 942.78516 0.019607844 -627
33 462.15515 1011.63617 0.019607844 -643
34 465.21265 1070.8145 0.019607844 -660
35 468.83035 1177.5848 0.019607844 -676
36 469.56522 1255.2795 0.019607844 -709
37 469.56522 1311.3444 0.019607844 -742
38 469.56522 1322.6633 0.019607844 -775
39 469.56522 1329.6045 0.019607844 -792
40 469.56522 1333.5153 0.019607844 -808
41 469.56522 1335.7888 0.019607844 -825
42 469.56522 1337.6326 0.019607844 -841
43 469.56522 1340.3019 0.01764706 -858
44 469.56522 1340.3019 0.01764706 -890
0 999.07495 626.6736 0.019607844 -103
1 990.86743 626.6736 0.019607844 -103
2 927.2671 626.6736 0.019607844 -115
3 890.54956 626.6736 0.019607844 -165
4 834.4991 626.6736 0.019607844 -181
5 804.2553 625.67413 0.019607844 -198
6 804.2553 625.67413 0.019607844 -208
7 693.35803 618.67773 0.019607844 -234
8 629.47363 617.6783 0.019607844 -234
9 543.73773 616.6788 0.019607844 -280
10 503.97986 616.6788 0.019607844 -313
11 492.68155 616.6788 0.019607844 -346
12 484.7102 616.6788 0.019607844 -362
13 471.15665 616.6788 0.019607844 -379
14 469.48193 616.6788 0.019607844 -428
15 464.10672 619.14105 0.019607844 -445
16 457.753 635.5307 0.019607844 -479
17 452.34012 655.6226 0.019607844 -495
18 448.1132 692.9424 0.019607844 -512
19 447.58557 740.6003 0.019607844 -528
20 451.34482 817.89624 0.019607844 -545
21 456.68106 878.58136 0.019607844 -561
22 468.1238 1005.1634 0.019607844 -577
23 475.6427 1129.4896 0.019607844 -610
24 479.50104 1222.0442 0.019607844 -643
25 480.55505 1292.4166 0.019607844 -660
26 480.55505 1317.7838 0.019607844 -693
27 480.55505 1336.3486 0.019607844 -709
28 480.55505 1348.9692 0.019607844 -726
29 480.55505 1356.2844 0.019607844 -742
30 480.55505 1372.1632 0.01764706 -759
31 480.55505 1377.2826 0.019607844 -775
32 480.55505 1377.2826 0.019607844 -792
33 480.55505 1377.2826 0.019607844 -808
34 480.55505 1377.2826 0.019607844 -825
35 480.55505 1377.2826 0.019607844 -840
36 480.55505 1377.2826 0.03529412 -891
0 991.08234 617.6783 0.01764706 0
1 991.08234 617.6783 0.01764706 0
2 987.72314 617.6783 0.019607844 -52
3 974.40686 617.6783 0.019607844 -101
4 940.33777 620.8558 0.019607844 -134
5 916.93066 621.77 0.019607844 -167
6 877.41003 623.6141 0.019607844 -184
7 839.4752 626.46106 0.019607844 -200
8 763.13306 627.6731 0.019607844 -217
9 720.65686 628.95056 0.019607844 -250
10 680.47626 628.67255 0.019607844 -266
11 633.3213 627.6731 0.019607844 -283
12 596.3153 625.53314 0.019607844 -299
13 569.3594 624.6746 0.019607844 -316
14 545.86505 624.6746 0.019607844 -332
15 526.2912 623.5531 0.019607844 -349
16 512.332 621.7769 0.019607844 -365
17 502.5347 620.17694 0.019607844 -382
18 489.85043 618.44586 0.019607844 -397
19 486.416 618.67773 0.019607844 -431
20 484.6989 618.67773 0.019607844 -448
21 482.9031 618.67773 0.019607844 -464
22 478.1744 620.868 0.019607844 -481
23 468.08612 651.7557 0.019607844 -514
24 466.06848 659.1567 0.019607844 -547
25 456.57727 750.609 0.019607844 -553
26 475.35556 1247.2432 0.019607844 -590
27 476.0592 1264.8411 0.019607844 -728
28 469.56522 1413.8192 0.019607844 -734
29 469.56522 1416.5342 0.019607844 -860
30 469.56522 1418.517 0.019607844 -876
31 469.56522 1419.2607 0.019607844 -893
32 469.56522 1419.2607 0.019607844 -909
33 469.56522 1419.2607 0.019607844 -926
34 469.56522 1419.2607 0.01764706 -1001
0 999.07495 619.67725 0.019607844 -9
1 999.07495 619.67725 0.01764706 -9
2 999.07495 619.67725 0.01764706 -35
3 999.07495 619.67725 0.01764706 -52
4 996.74603 618.0126 0.01764706 -68
5 983.3348 617.6783 0.019607844 -101
6 953.5946 617.6783 0.019607844 -134
7 893.9488 618.67773 0.019607844 -167
8 861.58594 620.3935 0.019607844 -200
9 827.80286 620.2317 0.019607844 -216
10 792.7276 622.0529 0.019607844 -233
11 715.85583 625.67413 0.019607844 -249
12 658.6077 623.85986 0.019607844 -282
13 619.7349 624.6746 0.019607844 -299
14 587.73456 622.67566 0.019607844 -315
15 562.1077 622.67566 0.019607844 -332
16 538.23914 620.4883 0.019607844 -348
17 522.6793 618.6981 0.019607844 -365
18 512.6495 618.67773 0.019607844 -381
19 501.86713 618.67773 0.019607844 -398
20 498.08853 618.67773 0.019607844 -431
21 496.49167 618.67773 0.019607844 -447
22 492.81326 620.542 0.019607844 -464
23 488.21338 635.34015 0.019607844 -480
24 479.7594 664.30865 0.019607844 -497
25 476.28223 704.26263 0.019607844 -530
26 475.55966 784.43335 0.019607844 -546
27 478.74667 904.13794 0.019607844 -563
28 482.07803 968.8206 0.019607844 -595
29 486.28857 1055.5522 0.019607844 -612
30 489.8809 1109.9441 0.019607844 -628
31 491.57272 1167.4237 0.019607844 -645
32 494.44916 1242.3066 0.019607844 -661
33 494.54208 1286.105 0.019607844 -678
34 494.54208 1316.1903 0.019607844 -694
35 494.54208 1336.7487 0.019607844 -711
36 493.21155 1350.6191 0.019607844 -727
37 491.3962 1357.888 0.019607844 -744
38 491.54486 1363.3116 0.019607844 -760
39 491.54486 1366.1287 0.019607844 -777
40 491.54486 1375.2837 0.019607844 -793
41 491.54486 1375.2837 0.019607844 -810
42 491.54486 1375.2837 0.019607844 -826
43 491.54486 1375.2837 0.019607844 -843
44 491.54486 1375.2837 0.019607844 -859
45 491.54486 1375.2837 0.019607844 -892
46 491.54486 1380.2811 0.01764706 -910
0 990.08325 608.683 0.019607844 -16
1 990.08325 607.6835 0.019607844 -16
2 990.08325 604.68506 0.019607844 -49
3 988.22894 602.6861 0.019607844 -49
4 981.25964 603.2964 0.01764706 -66
5 973.5474 605.195 0.019607844 -99
6 961.5702 607.04663 0.019607844 -115
7 942.1804 608.8776 0.019607844 -132
8 920.9628 610.7806 0.019607844 -148
9 881.6323 612.6047 0.019607844 -165
10 842.3021 613.68036 0.019607844 -181
11 804.7251 614.28546 0.019607844 -198
12 764.0499 614.6798 0.019607844 -214
13 719.2738 614.6798 0.019607844 -231
14 675.6422 614.6798 0.019607844 -247
15 587.6103 614.6798 0.019607844 -264
16 558.17084 614.6798 0.019607844 -297
17 533.8525 614.6798 0.019607844 -313
18 519.3631 614.6798 0.019607844 -330
19 509.5423 614.6798 0.019607844 -346
20 503.18094 614.6798 0.019607844 -363
21 499.38364 614.6798 0.019607844 -379
22 496.17075 614.6798 0.019607844 -396
23 492.54684 614.6798 0.019607844 -412
24 488.1115 626.4199 0.019607844 -445
25 483.33597 642.7477 0.019607844 -462
26 479.71524 662.2783 0.019607844 -478
27 475.55966 757.07227 0.019607844 -495
28 477.40182 847.53204 0.019607844 -528
29 479.92014 914.49615 0.019607844 -544
30 483.1254 993.66473 0.019607844 -561
31 486.86108 1118.0209 0.019607844 -577
32 483.49957 1228.2595 0.01764706 -610
33 479.6809 1255.5331 0.019607844 -643
34 477.78113 1270.7734 0.019607844 -659
35 475.91718 1279.902 0.019607844 -676
36 473.9758 1286.0862 0.019607844 -692
37 472.04175 1290.3702 0.019607844 -709
38 471.56335 1292.7843 0.019607844 -725
39 471.56335 1296.5015 0.019607844 -742
40 470.37488 1296.3248 0.01764706 -775
41 470.37488 1296.3248 0.029411767 -791
0 987.08606 1046.455 0.01764706 -180
1 942.0323 1046.455 0.01764706 -180
2 908.5446 1046.455 0.01764706 -208
3 856.3226 1047.4501 0.01764706 -225
4 814.6352 1048.4539 0.019607844 -241
5 773.5451 1049.4534 0.019607844 -258
6 732.04407 1050.4529 0.019607844 -274
7 692.0542 1050.4529 0.019607844 -291
8 692.0542 1050.4529 0.019607844 -307
9 610.4348 1051.4524 0.019607844 -341
10 581.02936 1051.4524 0.019607844 -341
11 565.47644 1051.4524 0.019607844 -357
12 554.4866 1051.4524 0.019607844 -368
13 539.5005 1051.4524 0.019607844 -396
14 534.50507 1051.4524 0.019607844 -396
15 513.52454 1051.4524 0.019607844 -514
16 504.59763 1073.956 0.019607844 -514
17 493.9958 1127.2405 0.019607844 -538
18 488.54764 1242.0714 0.019607844 -571
19 488.54764 1313.4872 0.019607844 -604
20 489.19278 1388.2097 0.019607844 -621
21 489.54672 1450.8284 0.019607844 -637
22 489.14587 1510.2615 0.019607844 -654
23 484.49463 1613.1815 0.019607844 -670
24 478.7367 1691.4993 0.019607844 -703
25 472.01907 1741.4438 0.01764706 -736
26 470.08334 1752.4943 0.01764706 -769
27 469.56522 1757.9287 0.01764706 -785
28 469.56522 1761.5443 0.01764706 -802
29 468.56613 1764.1577 0.01764706 -818
30 468.56613 1766.0465 0.01764706 -835
31 468.56613 1767.0796 0.01764706 -851
32 468.56613 1766.0801 0.019607844 -860
0 1001.07306 606.684 0.01764706 -143
1 989.44336 608.19885 0.01764706 -143
2 938.536 611.92096 0.019607844 -156
3 890.05347 612.7493 0.019607844 -188
4 840.8085 613.68036 0.019607844 -205
5 796.0965 613.68036 0.019607844 -221
6 708.24036 613.68036 0.019607844 -238
7 646.4015 613.68036 0.019607844 -271
8 646.4015 613.68036 0.019607844 -294
9 539.5005 614.6798 0.019607844 -321
10 539.5005 614.6798 0.019607844 -321
11 488.54764 614.6798 0.019607844 -357
12 488.54764 614.6798 0.019607844 -357
13 488.54764 614.6798 0.019607844 -371
14 488.54764 614.6798 0.019607844 -394
15 479.55597 615.6793 0.019607844 -450
16 479.55597 615.6793 0.019607844 -450
17 479.55597 615.6793 0.019607844 -469
18 478.5569 635.3994 0.019607844 -485
19 479.21945 666.5584 0.019607844 -502
20 481.93262 712.63464 0.019607844 -518
21 486.15277 765.1379 0.019607844 -535
22 493.01923 825.8514 0.019607844 -551
23 506.3293 920.0852 0.019607844 -568
24 516.80005 999.0691 0.019607844 -584
25 522.8299 1062.157 0.019607844 -601
26 527.464 1120.7023 0.019607844 -617
27 531.30615 1182.5529 0.019607844 -634
28 532.80865 1240.62 0.019607844 -650
29 533.50604 1270.504 0.019607844 -667
30 533.50604 1307.5782 0.019607844 -683
31 533.50604 1321.442 0.019607844 -699
32 532.50696 1328.7626 0.019607844 -716
33 532.50696 1333.7062 0.019607844 -732
34 532.50696 1336.9027 0.019607844 -749
35 532.50696 1338.8215 0.019607844 -765
36 532.50696 1340.766 0.019607844 -782
37 532.50696 1341.3014 0.01764706 -798
38 532.50696 1341.3014 0.01764706 -815
39 532.50696 1341.3014 0.01764706 -828
0 995.0786 610.68195 0.01764706 -135
1 953.4265 611.6814 0.019607844 -135
2 920.14954 612.89124 0.01764706 -164
3 863.98694 613.7401 0.019607844 -180
4 816.72156 613.68036 0.019607844 -197
5 771.2479 613.68036 0.019607844 -213
6 726.5687 613.68036 0.019607844 -230
7 684.22485 613.68036 0.019607844 -246
8 645.0274 613.68036 0.019607844 -263
9 605.64233 613.68036 0.019607844 -279
10 546.3729 613.68036 0.019607844 -296
11 528.5902 613.68036 0.019607844 -329
12 518.50385 613.68036 0.019607844 -345
13 510.46063 613.68036 0.019607844 -362
14 502.3417 613.68036 0.019607844 -378
15 498.63385 614.1323 0.019607844 -411
16 495.06192 615.91907 0.019607844 -428
17 490.27148 629.6788 0.019607844 -444
18 484.85165 649.25903 0.019607844 -461
19 480.15628 690.9319 0.019607844 -477
20 479.55597 743.5539 0.019607844 -494
21 480.90857 807.73267 0.019607844 -510
22 483.83838 862.1348 0.019607844 -527
23 488.56042 920.6699 0.019607844 -543
24 498.0147 1032.0414 0.019607844 -560
25 503.00143 1093.5735 0.019607844 -576
26 504.53284 1139.0844 0.019607844 -593
27 503.20978 1208.9099 0.019607844 -609
28 499.17346 1241.1792 0.019607844 -642
29 497.43845 1257.1528 0.019607844 -658
30 495.64252 1264.9353 0.019607844 -675
31 493.80685 1269.8104 0.019607844 -691
32 492.54395 1273.6014 0.019607844 -708
33 492.54395 1275.842 0.019607844 -724
34 492.54395 1277.6722 0.019607844 -741
35 492.54395 1279.5294 0.01764706 -757
36 492.54395 1279.5294 0.023529414 -774
0 1001.07306 1006.47577 0.019607844 -95
1 995.0175 1005.4763 0.019607844 -95
2 969.31104 1005.4763 0.019607844 -108
3 912.58203 1012.44775 0.019607844 -141
4 875.8463 1018.7491 0.01764706 -174
5 838.93555 1022.6635 0.019607844 -191
6 802.3645 1024.5687 0.019607844 -207
7 764.13116 1032.8943 0.01764706 -224
8 724.6982 1033.0934 0.01764706 -240
9 688.4665 1037.5492 0.01764706 -256
10 644.6249 1041.2355 0.01764706 -273
11 609.2801 1043.149 0.01764706 -289
12 580.96204 1043.4565 0.01764706 -306
13 559.85974 1036.8136 0.019607844 -322
14 541.91754 1040.6161 0.01764706 -339
15 527.8534 1040.4581 0.01764706 -355
16 516.7129 1040.4581 0.01764706 -372
17 504.33713 1040.4581 0.01764706 -388
18 497.48273 1040.4581 0.019607844 -421
19 493.73105 1040.4581 0.019607844 -454
20 482.55032 1061.9534 0.01764706 -471
21 470.08182 1113.4384 0.01764706 -504
22 463.86044 1217.3488 0.019607844 -537
23 463.57077 1325.5504 0.019607844 -570
24 464.56985 1471.2611 0.01764706 -603
25 461.78268 1608.1676 0.01764706 -636
26 459.2812 1649.8375 0.019607844 -669
27 455.49658 1683.613 0.019607844 -685
28 451.70227 1704.5096 0.019607844 -702
29 447.84534 1721.0636 0.019607844 -718
30 443.95026 1747.2833 0.01764706 -735
31 442.3208 1756.4333 0.01764706 -751
32 441.59113 1761.8922 0.01764706 -768
33 440.59204 1765.3774 0.01764706 -784
34 440.59204 1764.9706 0.019607844 -800
35 440.59204 1762.9943 0.01764706 -817
36 440.59204 1762.9943 0.01764706 -833
0 989.08417 614.6798 0.01764706 -18
1 989.08417 614.6798 0.01764706 -18
2 989.08417 614.6798 0.01764706 -44
3 988.22833 614.6798 0.01764706 -60
4 983.89374 614.6798 0.01764706 -77
5 977.0107 614.6798 0.01764706 -93
6 963.8571 614.6798 0.019607844 -110
7 944.37396 614.6798 0.019607844 -126
8 920.7653 614.6798 0.019607844 -143
9 885.86017 614.6798 0.019607844 -159
10 824.3612 615.6793 0.019607844 -176
11 774.4719 615.6793 0.019607844 -192
12 725.82446 615.6793 0.019607844 -209
13 679.289 615.6793 0.019607844 -225
14 598.69904 615.6793 0.019607844 -242
15 537.20233 615.6793 0.019607844 -275
16 520.0766 615.6793 0.019607844 -308
17 516.5217 615.6793 0.019607844 -324
18 516.5217 615.6793 0.019607844 -329
19 476.55875 618.67773 0.019607844 -356
20 476.55875 618.67773 0.019607844 -356
21 475.55966 618.67773 0.019607844 -383
22 473.18716 621.0512 0.019607844 -383
23 470.44937 650.8115 0.019607844 -423
24 468.56613 737.3137 0.019607844 -456
25 468.56613 790.0959 0.019607844 -489
26 469.91214 851.0579 0.019607844 -505
27 471.74542 923.7198 0.019607844 -522
28 478.35175 1091.4767 0.019607844 -538
29 481.14148 1152.3135 0.019607844 -571
30 481.5541 1193.12 0.019607844 -588
31 481.5541 1238.7234 0.019607844 -604
32 481.12488 1266.496 0.019607844 -621
33 479.22903 1305.1736 0.019607844 -637
34 477.33008 1319.1367 0.019607844 -654
35 475.38474 1327.0092 0.019607844 -670
36 475.55966 1332.55 0.019607844 -687
37 475.55966 1336.3584 0.019607844 -703
38 475.55966 1340.092 0.019607844 -720
39 475.55966 1342.084 0.01764706 -753
40 475.55966 1342.3009 0.01764706 -769
41 475.55966 1342.3009 0.01764706 -771
0 938.13135 424.77875 0.019607844 -9
1 938.13135 424.77875 0.019607844 -9
2 938.13135 424.77875 0.019607844 -35
3 938.13135 424.77875 0.019607844 -51
4 938.13135 424.77875 0.019607844 -67
5 935.47125 423.44815 0.019607844 -100
6 915.6823 419.57147 0.021568628 -133
7 887.47687 418.78186 0.019607844 -166
8 855.0737 417.7824 0.021568628 -183
9 819.2182 417.7824 0.019607844 -199
10 779.36255 419.36865 0.019607844 -216
11 737.74744 420.2161 0.019607844 -232
12 694.4706 420.78082 0.019607844 -249
13 648.9545 421.7803 0.019607844 -265
14 593.10944 423.71112 0.019607844 -282
15 546.04083 423.77927 0.019607844 -298
16 506.95648 423.77927 0.019607844 -315
17 476.03156 423.77927 0.019607844 -331
18 452.3233 423.77927 0.019607844 -348
19 436.43253 423.77927 0.019607844 -364
20 424.6333 423.77927 0.019607844 -381
21 416.21234 423.77927 0.019607844 -397
22 411.853 423.77927 0.019607844 -414
23 408.3573 423.77927 0.019607844 -430
24 405.6434 423.77927 0.019607844 -447
25 402.8532 423.77927 0.019607844 -463
26 395.96866 437.43396 0.021568628 -480
27 392.44836 452.51736 0.019607844 -513
28 390.72928 482.29208 0.023529414 -529
29 393.66983 581.79767 0.019607844 -546
30 394.6346 630.1033 0.019607844 -579
31 402.17825 687.9456 0.019607844 -595
32 408.6544 766.84576 0.021568628 -611
33 413.46396 854.02704 0.021568628 -628
34 417.18423 911.5127 0.021568628 -644
35 417.6133 966.0269 0.021568628 -661
36 418.26105 1008.0348 0.019607844 -677
37 419.61148 1044.8496 0.021568628 -694
38 420.61053 1090.76 0.021568628 -710
39 420.61053 1107.7732 0.021568628 -743
40 420.61053 1115.7207 0.021568628 -760
41 420.61053 1121.2109 0.021568628 -776
42 420.61053 1124.7656 0.021568628 -793
43 420.61053 1127.6133 0.021568628 -809
44 420.61053 1129.5598 0.021568628 -826
45 420.61053 1130.4113 0.019607844 -842
46 421.60962 1131.4106 0.019607844 -849
0 955.11566 430.77563 0.019607844 -9
1 955.11566 430.77563 0.019607844 -9
2 955.11566 430.77563 0.019607844 -35
3 955.11566 430.77563 0.019607844 -68
4 955.11566 430.77563 0.019607844 -85
5 952.27423 429.35437 0.019607844 -101
6 940.7366 425.68018 0.019607844 -117
7 921.8031 422.727 0.021568628 -150
8 894.81146 419.9999 0.021568628 -167
9 860.9377 418.03146 0.021568628 -183
10 825.924 416.197 0.021568628 -200
11 789.7965 416.78293 0.021568628 -216
12 750.7657 416.78293 0.021568628 -233
13 708.7805 416.78293 0.021568628 -249
14 601.4218 417.7824 0.019607844 -266
15 524.373 415.78345 0.021568628 -299
16 498.49472 414.78397 0.021568628 -332
17 477.44656 414.78397 0.021568628 -348
18 461.99918 414.78397 0.021568628 -365
19 451.54404 414.78397 0.021568628 -381
20 445.38263 414.78397 0.021568628 -398
21 441.24097 414.78397 0.021568628 -414
22 433.93405 414.78397 0.019607844 -431
23 426.81848 418.17535 0.019607844 -464
24 420.78577 442.06818 0.019607844 -496
25 416.4413 470.4861 0.021568628 -513
26 413.7413 529.25104 0.019607844 -529
27 414.6161 640.30054 0.019607844 -546
28 417.43427 713.2227 0.021568628 -579
29 428.6957 826.6195 0.021568628 -595
30 431.60037 904.49567 0.021568628 -628
31 434.5976 948.3998 0.019607844 -645
32 436.1674 985.19794 0.021568628 -661
33 435.16837 1009.61884 0.019607844 -678
34 434.5976 1034.0859 0.021568628 -694
35 433.5985 1046.4719 0.021568628 -711
36 432.59946 1054.6595 0.021568628 -727
37 432.59946 1059.2443 0.021568628 -744
38 432.59946 1062.1833 0.021568628 -760
39 432.59946 1064.0282 0.021568628 -777
40 432.59946 1065.8573 0.021568628 -793
41 432.59946 1067.7972 0.021568628 -810
42 432.59946 1069.6908 0.019607844 -826
43 432.59946 1070.4425 0.019607844 -842
44 439.59296 1109.4221 0.023529414 -849
0 994.0796 987.48566 0.015686275 -10
1 991.9789 1008.2959 0.01764706 -10
2 992.0814 1016.6215 0.01764706 -27
3 992.0814 1022.3596 0.01764706 -44
4 992.0814 1026.2463 0.01764706 -60
5 992.0814 1028.2441 0.01764706 -76
6 992.0814 1030.1416 0.01764706 -93
7 990.9896 1032.0089 0.01764706 -109
8 987.2066 1033.901 0.01764706 -126
9 979.913 1035.7555 0.019607844 -142
10 965.9224 1038.7548 0.019607844 -159
11 945.8768 1041.48 0.019607844 -175
12 907.74146 1044.3269 0.019607844 -192
13 871.4692 1046.1563 0.019607844 -208
14 831.8213 1046.9979 0.019607844 -225
15 790.7379 1047.4545 0.019607844 -241
16 710.1622 1047.4545 0.019607844 -258
17 659.64935 1047.4545 0.019607844 -291
18 612.031 1047.4545 0.01764706 -307
19 555.3212 1046.2117 0.01764706 -324
20 538.2158 1046.455 0.01764706 -357
21 526.2595 1046.455 0.01764706 -373
22 517.74963 1046.455 0.01764706 -390
23 512.5293 1046.455 0.01764706 -406
24 508.94785 1046.455 0.01764706 -422
25 505.47873 1046.455 0.019607844 -439
26 500.14697 1048.8436 0.019607844 -455
27 493.9234 1066.3024 0.01764706 -488
28 488.53384 1083.815 0.019607844 -505
29 482.8266 1128.5281 0.019607844 -521
30 477.6774 1273.3953 0.01764706 -539
31 477.55783 1340.0638 0.019607844 -572
32 478.5569 1479.4312 0.01764706 -588
33 478.5569 1552.6854 0.01764706 -621
34 475.931 1608.4146 0.01764706 -638
35 473.14435 1663.2762 0.01764706 -654
36 469.15643 1688.78 0.019607844 -671
37 461.60687 1735.9131 0.01764706 -687
38 457.99353 1750.6266 0.01764706 -704
39 456.00418 1758.8047 0.01764706 -720
40 452.3855 1767.4706 0.01764706 -737
41 452.58093 1769.2056 0.01764706 -770
42 452.58093 1770.9921 0.01764706 -786
43 452.58093 1772.077 0.01764706 -803
44 452.58093 1772.077 0.01764706 -819
45 452.58093 1772.077 0.01764706 -835
0 1006.0685 1050.4529 0.01764706 -8
1 1006.0685 1050.4529 0.01764706 -8
2 1006.0685 1050.4529 0.01764706 -42
3 1003.3774 1048.607 0.01764706 -59
4 991.15247 1047.4545 0.01764706 -75
5 962.1249 1047.4545 0.01764706 -108
6 913.201 1047.4545 0.01764706 -141
7 868.6062 1047.4545 0.01764706 -174
8 830.44617 1047.4545 0.01764706 -191
9 791.1274 1047.4545 0.01764706 -207
10 737.3173 1047.4545 0.019607844 -224
11 716.33673 1047.4545 0.019607844 -246
12 674.3756 1048.4539 0.019607844 -272
13 622.35254 1048.4539 0.019607844 -272
14 556.28033 1048.4539 0.019607844 -290
15 548.4921 1048.4539 0.019607844 -323
16 534.50507 1048.4539 0.019607844 -327
17 513.52454 1048.4539 0.019607844 -354
18 491.4973 1048.4539 0.019607844 -354
19 481.97592 1048.4539 0.019607844 -389
20 478.41754 1048.4539 0.019607844 -422
21 475.55966 1048.4539 0.019607844 -438
22 474.5606 1049.4534 0.019607844 -465
23 472.56244 1063.446 0.019607844 -491
24 470.5643 1114.2776 0.01764706 -491
25 477.1419 1240.1501 0.01764706 -521
26 484.71664 1361.1108 0.01764706 -554
27 489.855 1457.7205 0.019607844 -587
28 491.54486 1559.4297 0.019607844 -620
29 490.5492 1601.0742 0.019607844 -653
30 488.7217 1622.5869 0.01764706 -669
31 487.54858 1634.7739 0.019607844 -685
32 485.9887 1641.8287 0.019607844 -702
33 485.5504 1647.1595 0.019607844 -718
34 485.5504 1650.5662 0.019607844 -735
35 485.5504 1652.4735 0.019607844 -751
36 485.5504 1654.2832 0.019607844 -768
37 485.5504 1655.138 0.019607844 -784
38 485.5504 1655.138 0.01764706 -801
39 485.5504 1655.138 0.01764706 -817
0 999.07495 616.6788 0.019607844 -113
1 988.3403 616.6788 0.019607844 -113
2 955.9586 616.6788 0.019607844 -134
3 929.64716 616.6788 0.019607844 -167
4 879.83777 616.6788 0.019607844 -184
5 834.52313 616.6788 0.019607844 -200
6 788.94183 616.6788 0.019607844 -217
7 745.82697 619.4675 0.019607844 -233
8 702.0307 618.67773 0.019607844 -250
9 656.75507 618.67773 0.019607844 -266
10 602.2672 617.801 0.019607844 -283
11 567.4259 617.6783 0.019607844 -299
12 537.507 617.6783 0.019607844 -316
13 516.1884 617.6783 0.019607844 -332
14 499.22748 617.6783 0.019607844 -349
15 486.03574 616.7481 0.019607844 -365
16 477.809 616.6788 0.019607844 -382
17 471.07208 616.6788 0.019607844 -398
18 465.6471 616.6788 0.019607844 -415
19 461.28265 617.82336 0.019607844 -431
20 455.7869 620.53754 0.019607844 -448
21 447.75897 635.6152 0.019607844 -464
22 431.07596 687.3516 0.019607844 -481
23 423.99973 738.7805 0.019607844 -513
24 419.76053 792.3497 0.019607844 -530
25 418.6124 938.5112 0.019607844 -546
26 419.91644 994.47076 0.019607844 -578
27 421.60962 1071.9662 0.019607844 -596
28 422.6087 1135.5679 0.019607844 -612
29 422.6087 1227.2665 0.019607844 -629
30 422.6087 1267.8506 0.019607844 -645
31 422.6087 1309.9222 0.019607844 -662
32 422.6087 1346.3927 0.019607844 -678
33 422.0632 1374.1982 0.019607844 -695
34 421.60962 1386.8815 0.019607844 -711
35 421.60962 1391.9633 0.019607844 -728
36 421.60962 1396.8069 0.019607844 -744
37 421.60962 1399.3984 0.019607844 -761
38 421.60962 1401.3721 0.019607844 -777
39 421.60962 1403.3136 0.01764706 -794
40 421.60962 1404.2686 0.01764706 -810
41 421.60962 1404.2686 0.01764706 -827
0 988.0851 863.55023 0.01764706 0
1 988.0851 863.55023 0.019607844 0
2 988.0851 860.82245 0.019607844 -18
3 987.47955 856.9475 0.019607844 -51
4 983.7622 853.2287 0.019607844 -84
5 973.6383 853.6321 0.01764706 -117
6 936.19885 857.298 0.01764706 -150
7 907.4393 859.1831 0.01764706 -183
8 877.80743 859.5523 0.01764706 -199
9 838.68726 861.86237 0.01764706 -216
10 796.0138 856.8455 0.019607844 -232
11 691.46515 844.04877 0.019607844 -249
12 617.3306 832.56635 0.019607844 -282
13 589.4902 832.56635 0.019607844 -315
14 567.9624 822.38556 0.01764706 -331
15 550.71484 817.8802 0.01764706 -347
16 533.0436 822.9371 0.019607844 -364
17 522.4004 826.6274 0.019607844 -397
18 510.7555 837.3355 0.01764706 -430
19 504.46808 846.1019 0.01764706 -463
20 488.51025 901.7175 0.019607844 -479
21 481.40085 967.3373 0.01764706 -512
22 477.9766 1023.0245 0.01764706 -529
23 476.15112 1068.1957 0.01764706 -545
24 479.79172 1230.4945 0.01764706 -562
25 484.55133 1383.0852 0.01764706 -595
26 484.55133 1442.1252 0.01764706 -628
27 484.55133 1488.4734 0.01764706 -644
28 483.1422 1509.3182 0.01764706 -661
29 481.22992 1555.004 0.01764706 -677
30 479.18466 1571.1549 0.01764706 -694
31 475.4691 1583.4473 0.01764706 -710
32 474.5606 1589.1182 0.01764706 -743
33 474.5606 1591.1248 0.01764706 -776
34 474.5606 1593.09 0.01764706 -793
35 474.5606 1594.0381 0.01764706 -809
36 474.5606 1594.1697 0.01764706 -826
37 474.5606 1594.1697 0.01764706 -843
0 997.0768 623.6752 0.019607844 -103
1 980.3579 622.67566 0.019607844 -103
2 938.88696 626.1109 0.019607844 -125
3 906.5537 627.98444 0.019607844 -158
4 871.92456 629.844 0.019607844 -175
5 808.5461 629.67206 0.019607844 -191
6 761.47125 629.67206 0.019607844 -208
7 716.14233 624.60266 0.019607844 -224
8 672.2792 621.15045 0.019607844 -241
9 634.6407 619.33887 0.019607844 -257
10 596.4867 617.4699 0.019607844 -274
11 566.58325 617.6783 0.019607844 -290
12 543.63477 617.6783 0.019607844 -307
13 529.92163 617.6783 0.019607844 -323
14 520.51843 617.6783 0.019607844 -340
15 513.6542 617.6783 0.019607844 -356
16 508.62598 617.6783 0.019607844 -373
17 505.03427 617.6783 0.019607844 -389
18 501.44763 619.76526 0.019607844 -406
19 496.46823 624.7467 0.019607844 -422
20 489.93167 641.1004 0.019607844 -439
21 483.66083 673.8341 0.019607844 -455
22 475.99307 752.763 0.019607844 -472
23 475.55966 810.89404 0.019607844 -505
24 477.51123 918.8425 0.019607844 -521
25 478.5569 1006.1661 0.019607844 -554
26 480.3909 1069.5135 0.019607844 -571
27 482.26187 1128.2482 0.019607844 -587
28 482.5532 1180.8113 0.019607844 -604
29 482.5532 1220.159 0.019607844 -620
30 482.5532 1252.5194 0.019607844 -637
31 481.3039 1271.842 0.019607844 -653
32 479.456 1282.932 0.019607844 -670
33 478.5569 1290.1565 0.019607844 -686
34 478.5569 1294.8345 0.019607844 -703
35 478.5569 1299.7701 0.019607844 -719
36 478.5569 1303.3212 0.019607844 -752
37 476.55875 1286.33 0.023529414 -783
0 981.0916 979.4898 0.01764706 -10
1 981.0916 1009.4033 0.01764706 -10
2 981.0916 1015.6504 0.01764706 -36
3 981.0916 1020.3991 0.01764706 -52
4 981.0916 1023.3438 0.01764706 -69
5 977.54724 1025.2397 0.01764706 -85
6 973.13495 1027.1196 0.01764706 -102
7 963.8915 1030.5353 0.01764706 -118
8 951.21576 1034.2908 0.01764706 -135
9 930.68005 1037.9063 0.01764706 -151
10 905.12225 1041.7488 0.01764706 -168
11 864.511 1043.4418 0.019607844 -184
12 827.97375 1045.2686 0.019607844 -201
13 791.5443 1047.0908 0.019607844 -217
14 715.30273 1050.7877 0.019607844 -234
15 678.1625 1051.4524 0.019607844 -267
16 678.1625 1051.4524 0.019607844 -283
17 570.4718 1051.4524 0.019607844 -327
18 552.48846 1051.4524 0.019607844 -327
19 538.5014 1051.4524 0.019607844 -336
20 514.5236 1051.4524 0.019607844 -363
21 489.54672 1050.4529 0.019607844 -363
22 483.55228 1050.4529 0.019607844 -391
23 463.57077 1051.4524 0.019607844 -482
24 457.52322 1066.2352 0.01764706 -482
25 453.10413 1079.3746 0.019607844 -498
26 446.3712 1116.0157 0.01764706 -514
27 440.68823 1217.2626 0.019607844 -531
28 440.59204 1281.5663 0.019607844 -564
29 442.18143 1343.7516 0.019607844 -580
30 442.5902 1430.7418 0.01764706 -596
31 443.869 1486.1453 0.019607844 -613
32 443.58926 1546.427 0.019607844 -629
33 442.5902 1619.209 0.019607844 -646
34 439.60123 1673.9791 0.01764706 -662
35 437.68015 1696.1771 0.019607844 -679
36 434.12537 1724.4103 0.019607844 -695
37 430.8701 1745.9382 0.01764706 -712
38 428.98236 1755.5674 0.01764706 -728
39 427.60406 1761.1962 0.01764706 -745
40 427.60406 1764.5817 0.01764706 -761
41 427.60406 1766.5109 0.01764706 -778
42 427.60406 1768.5012 0.01764706 -794
43 427.60406 1769.0786 0.01764706 -811
44 428.60315 1768.0791 0.01764706 -816
0 989.08417 630.6715 0.019607844 -112
1 948.7779 629.67206 0.019607844 -112
2 925.03125 631.0646 0.019607844 -168
3 891.3102 634.0991 0.019607844 -184
4 852.70276 636.78235 0.019607844 -201
5 791.80884 649.077 0.019607844 -217
6 743.528 655.0537 0.019607844 -234
7 657.6431 669.7009 0.019607844 -250
8 581.09125 673.7212 0.019607844 -283
9 534.7194 674.6486 0.019607844 -316
10 507.58063 674.6486 0.019607844 -333
11 486.67487 674.6486 0.019607844 -349
12 471.8201 674.6486 0.019607844 -365
13 456.16132 674.6486 0.019607844 -382
14 447.87433 674.6486 0.019607844 -415
15 438.03995 686.484 0.019607844 -448
16 432.32877 701.93317 0.019607844 -481
17 427.47137 730.2137 0.019607844 -497
18 425.2285 769.5325 0.019607844 -514
19 430.16852 923.7376 0.019607844 -530
20 436.57352 996.24194 0.019607844 -563
21 446.85815 1122.8579 0.019607844 -580
22 453.0344 1223.2561 0.019607844 -613
23 453.58002 1280.6042 0.019607844 -646
24 449.41937 1300.9803 0.019607844 -679
25 448.58466 1315.8357 0.019607844 -712
26 448.58466 1327.3087 0.01764706 -745
27 448.58466 1327.3087 0.01764706 -769
0 989.08417 841.56165 0.01764706 0
1 989.08417 841.56165 0.019607844 -6
2 989.08417 841.56165 0.019607844 -25
3 989.08417 841.56165 0.019607844 -107
4 974.0384 838.56323 0.019607844 -140
5 950.8945 838.56323 0.019607844 -173
6 923.3625 839.5627 0.019607844 -189
7 890.44745 841.4355 0.019607844 -206
8 854.77216 842.2488 0.019607844 -222
9 778.18756 853.0269 0.01764706 -239
10 733.69763 852.12366 0.019607844 -272
11 678.1023 858.57355 0.01764706 -288
12 632.3587 856.34503 0.01764706 -305
13 595.7758 858.14594 0.01764706 -321
14 538.26227 851.09393 0.019607844 -338
15 520.5124 854.5554 0.019607844 -371
16 508.7602 856.34875 0.019607844 -387
17 495.5444 856.55383 0.019607844 -404
18 488.695 856.55383 0.019607844 -437
19 485.16113 856.55383 0.019607844 -470
20 479.61688 860.4604 0.01764706 -486
21 472.65915 879.4774 0.019607844 -503
22 466.30585 903.6444 0.019607844 -519
23 461.57263 1010.2355 0.01764706 -536
24 466.8014 1125.0864 0.01764706 -569
25 476.44565 1289.291 0.019607844 -602
26 478.40213 1349.1853 0.019607844 -635
27 479.2339 1390.604 0.01764706 -651
28 480.55505 1437.2056 0.01764706 -668
29 480.55505 1476.007 0.019607844 -684
30 480.55505 1503.6593 0.01764706 -701
31 480.55505 1529.5215 0.019607844 -717
32 478.46655 1546.9177 0.019607844 -733
33 478.5569 1565.422 0.01764706 -750
34 478.5569 1573.9603 0.01764706 -766
35 478.5569 1578.8994 0.01764706 -783
36 478.5569 1582.7717 0.01764706 -799
37 477.55783 1583.1754 0.019607844 -816
38 477.55783 1583.1754 0.019607844 -849
39 477.55783 1605.164 0.023529414 -868
0 988.0851 848.55804 0.01764706 0
1 988.0851 848.55804 0.01764706 0
2 988.0851 848.55804 0.019607844 -37
3 986.44257 847.73645 0.019607844 -47
4 969.9439 845.5596 0.019607844 -137
5 948.97174 847.18866 0.019607844 -170
6 917.9245 848.55804 0.019607844 -186
7 884.6736 851.352 0.01764706 -203
8 847.50183 855.8127 0.01764706 -220
9 806.5992 854.6 0.01764706 -236
10 766.4789 857.36304 0.01764706 -253
11 721.63617 854.8907 0.019607844 -269
12 651.39685 858.5528 0.01764706 -286
13 627.41907 854.5549 0.019607844 -307
14 591.4524 857.55334 0.01764706 -334
15 562.35284 855.729 0.01764706 -334
16 561.4801 855.5544 0.019607844 -352
17 549.4912 853.5554 0.019607844 -353
18 532.50696 855.5544 0.01764706 -379
19 511.63348 857.55334 0.01764706 -379
20 507.36304 857.55334 0.01764706 -419
21 503.6841 857.55334 0.019607844 -435
22 500.8087 857.55334 0.019607844 -452
23 498.45035 857.55334 0.019607844 -468
24 490.06403 862.1939 0.019607844 -485
25 483.68417 879.146 0.019607844 -518
26 474.5335 929.81396 0.01764706 -535
27 471.56335 1066.8632 0.01764706 -562
28 473.56152 1186.4442 0.01764706 -595
29 475.68695 1264.6735 0.019607844 -628
30 476.55875 1347.9006 0.01764706 -644
31 475.55966 1403.902 0.01764706 -661
32 474.80795 1449.056 0.01764706 -677
33 473.86722 1491.9391 0.01764706 -694
34 471.93402 1508.9879 0.01764706 -710
35 470.01138 1518.4229 0.01764706 -727
36 468.0701 1536.661 0.019607844 -743
37 467.56708 1544.9043 0.019607844 -760
38 467.56708 1550.955 0.019607844 -776
39 467.56708 1554.774 0.019607844 -793
40 466.568 1551.9691 0.01764706 -809
41 466.568 1551.192 0.01764706 -842
42 466.568 1551.192 0.01764706 -857
0 971.1008 613.68036 0.01764706 -8
1 970.10175 609.68243 0.019607844 -8
2 969.21497 609.68243 0.01764706 -33
3 967.35925 609.68243 0.01764706 -49
4 965.49286 609.68243 0.01764706 -66
5 963.61816 609.68243 0.01764706 -82
6 960.4073 609.3309 0.01764706 -99
7 941.97406 609.7044 0.019607844 -115
8 885.56903 611.6814 0.019607844 -148
9 850.01685 613.2904 0.019607844 -181
10 813.0266 613.68036 0.019607844 -198
11 772.32025 613.68036 0.019607844 -214
12 727.3002 614.79614 0.019607844 -231
13 617.16394 614.6798 0.019607844 -247
14 539.6473 614.6798 0.019607844 -280
15 517.5208 614.6798 0.019607844 -313
16 517.5208 614.6798 0.019607844 -328
17 438.5939 616.6788 0.019607844 -355
18 438.5939 616.6788 0.019607844 -355
19 438.5939 616.6788 0.019607844 -379
20 438.5939 616.6788 0.019607844 -395
21 438.5939 616.6788 0.019607844 -412
22 431.71347 641.1001 0.019607844 -445
23 427.60406 705.95746 0.019607844 -478
24 431.653 791.29913 0.019607844 -511
25 437.93808 853.64746 0.019607844 -527
26 446.3273 917.83545 0.019607844 -544
27 462.59253 1053.6388 0.019607844 -560
28 466.9187 1113.212 0.019607844 -593
29 469.56522 1240.962 0.019607844 -610
30 468.63626 1271.355 0.019607844 -643
31 467.73807 1307.0941 0.019607844 -659
32 466.568 1321.6744 0.019607844 -676
33 464.88986 1329.3467 0.019607844 -692
34 463.57077 1334.579 0.019607844 -709
35 463.57077 1337.8636 0.019607844 -725
36 463.57077 1339.8324 0.019607844 -742
37 463.57077 1341.778 0.019607844 -758
38 463.57077 1343.708 0.019607844 -775
39 463.57077 1344.2998 0.019607844 -791
40 463.57077 1344.2998 0.01764706 -808
41 463.57077 1344.2998 0.01764706 -841
0 982.09064 1022.46747 0.01764706 -9
1 982.09064 1020.35876 0.019607844 -9
2 982.09064 1021.4902 0.01764706 -27
3 981.1971 1023.3614 0.01764706 -43
4 980.3307 1025.2275 0.01764706 -60
5 976.5957 1028.9641 0.01764706 -76
6 974.68945 1029.4637 0.01764706 -109
7 969.4993 1031.6637 0.01764706 -126
8 960.5534 1033.573 0.01764706 -142
9 937.7408 1037.3582 0.01764706 -158
10 911.1231 1040.2605 0.01764706 -175
11 880.0785 1043.0737 0.01764706 -191
12 841.6911 1044.9572 0.01764706 -208
13 801.51746 1046.8066 0.019607844 -224
14 801.51746 1046.8066 0.019607844 -241
15 741.3136 1049.4534 0.019607844 -264
16 678.3719 1050.4529 0.019607844 -264
17 652.39594 1050.4529 0.019607844 -282
18 627.41907 1051.4524 0.019607844 -301
19 582.4607 1051.4524 0.019607844 -301
20 561.4801 1051.4524 0.019607844 -319
21 528.5106 1051.4524 0.019607844 -345
22 515.52264 1051.4524 0.019607844 -345
23 486.5495 1051.4524 0.019607844 -391
24 480.48184 1051.4524 0.019607844 -391
25 472.08392 1051.4524 0.019607844 -406
26 467.9364 1052.2671 0.019607844 -439
27 462.58615 1067.0771 0.01764706 -472
28 455.0214 1115.3856 0.01764706 -488
29 455.5782 1142.5032 0.019607844 -521
30 459.42798 1222.6752 0.01764706 -538
31 464.12183 1299.7174 0.01764706 -554
32 468.73233 1364.2012 0.01764706 -571
33 474.71582 1494.9497 0.01764706 -587
34 476.6585 1558.4847 0.01764706 -620
35 474.5538 1652.4939 0.01764706 -637
36 472.64374 1682.1473 0.01764706 -653
37 469.93457 1702.2649 0.019607844 -670
38 464.96008 1745.3567 0.01764706 -686
39 462.9863 1755.4257 0.01764706 -719
40 462.5717 1761.0992 0.01764706 -736
41 462.5717 1764.9497 0.01764706 -752
42 462.5717 1766.4066 0.01764706 -769
43 462.5717 1768.2926 0.01764706 -785
44 462.5717 1767.8823 0.019607844 -801
45 462.5717 1765.9329 0.01764706 -818
46 462.5717 1765.0807 0.01764706 -834
47 462.5717 1765.0807 0.01764706 -842
0 979.09344 993.48254 0.01764706 -9
1 979.09344 993.48254 0.01764706 -9
2 979.09344 993.48254 0.01764706 -26
3 979.09344 993.48254 0.01764706 -39
4 979.09344 993.48254 0.01764706 -59
5 979.09344 993.48254 0.019607844 -75
6 977.98334 993.48254 0.019607844 -92
7 965.69116 994.482 0.019607844 -125
8 952.3836 996.19794 0.019607844 -158
9 936.7386 998.5587 0.019607844 -174
10 918.016 1002.30475 0.019607844 -191
11 894.10834 1003.7129 0.019607844 -207
12 868.3716 1005.60657 0.019607844 -224
13 822.6931 1023.98175 0.01764706 -240
14 783.90344 1032.5363 0.01764706 -257
15 744.3423 1037.6385 0.01764706 -273
16 705.0158 1041.3464 0.01764706 -290
17 662.2349 1042.7133 0.01764706 -306
18 623.659 1037.6199 0.01764706 -323
19 582.28973 1025.2277 0.019607844 -339
20 546.68414 1017.38605 0.019607844 -356
21 505.0366 1007.9204 0.019607844 -372
22 488.16013 1004.62976 0.019607844 -405
23 480.70102 1003.47736 0.019607844 -438
24 478.3162 1003.47736 0.019607844 -471
25 473.45065 1013.694 0.019607844 -488
26 469.8865 1022.6633 0.019607844 -504
27 463.981 1044.4031 0.019607844 -521
28 458.36185 1115.1907 0.019607844 -537
29 464.44736 1278.7594 0.019607844 -570
30 474.81366 1420.926 0.01764706 -603
31 485.7403 1552.4722 0.019607844 -636
32 487.80637 1608.9348 0.01764706 -669
33 487.54858 1637.6914 0.019607844 -685
34 485.49527 1676.8994 0.01764706 -702
35 483.631 1690.6465 0.01764706 -718
36 481.72342 1697.6074 0.01764706 -735
37 481.5541 1702.6233 0.01764706 -751
38 481.5541 1705.7452 0.01764706 -768
39 481.5541 1707.6359 0.01764706 -784
40 481.5541 1709.5317 0.01764706 -801
41 481.5541 1709.1097 0.01764706 -817
42 481.5541 1709.1097 0.01764706 -827
43 481.5541 1709.1097 0.01764706 -848
44 481.5541 1709.1097 0.01764706 -867
0 1003.0712 616.6788 0.01764706 -93
1 1001.57043 616.6788 0.01764706 -93
2 989.51166 616.6788 0.019607844 -108
3 956.6003 616.6788 0.019607844 -141
4 927.6914 616.6788 0.019607844 -174
5 871.9802 616.6788 0.019607844 -191
6 826.4878 618.2212 0.019607844 -207
7 795.2637 618.67773 0.019607844 -224
8 795.2637 618.67773 0.019607844 -235
9 687.3635 618.67773 0.019607844 -262
10 663.5071 617.61554 0.019607844 -262
11 581.2904 616.6788 0.019607844 -290
12 542.1661 615.6793 0.019607844 -323
13 520.1694 615.6793 0.019607844 -339
14 508.66455 615.6793 0.019607844 -356
15 501.87454 615.6793 0.019607844 -372
16 497.03995 615.6793 0.019607844 -389
17 493.42545 615.6793 0.019607844 -405
18 491.18262 615.6793 0.019607844 -421
19 483.6306 624.36115 0.019607844 -438
20 477.3233 682.9827 0.019607844 -487
21 481.40167 791.68854 0.019607844 -520
22 491.18304 885.2796 0.019607844 -553
23 501.08948 964.1896 0.019607844 -570
24 507.3296 1028.0568 0.019607844 -586
25 511.51108 1087.6654 0.019607844 -603
26 513.9207 1143.1105 0.019607844 -619
27 512.4945 1234.1624 0.019607844 -636
28 510.36063 1262.5107 0.019607844 -669
29 506.46292 1280.6056 0.019607844 -685
30 504.59094 1289.0961 0.019607844 -702
31 502.6767 1294.8992 0.019607844 -718
32 502.5347 1298.9144 0.019607844 -735
33 502.5347 1301.0245 0.019607844 -751
34 502.5347 1302.9874 0.019607844 -768
35 502.5347 1304.3207 0.019607844 -784
36 502.5347 1304.3207 0.019607844 -808
37 502.5347 1304.3207 0.01764706 -834
38 502.5347 1304.3207 0.01764706 -837
0 946.12396 430.77563 0.019607844 0
1 946.12396 430.77563 0.019607844 0
2 945.0062 430.21655 0.019607844 -33
3 937.13226 429.77615 0.019607844 -83
4 915.8777 429.77615 0.019607844 -116
5 895.87646 429.77615 0.019607844 -149
6 859.5643 429.77615 0.019607844 -166
7 859.20447 429.77615 0.019607844 -182
8 842.22015 461.7595 0.027450982 -182
9 808.25165 449.76575 0.019607844 -209
10 792.2664 469.7553 0.027450982 -209
11 769.2877 458.76105 0.019607844 -217
12 748.3071 450.76523 0.019607844 -236
13 568.99243 429.29498 0.019607844 -236
14 523.0111 426.11874 0.019607844 -297
15 489.28555 424.32 0.021568628 -314
16 459.62964 421.4714 0.021568628 -330
17 440.5427 418.67697 0.021568628 -347
18 428.21317 417.7824 0.021568628 -363
19 414.24088 417.7824 0.021568628 -380
20 406.59528 417.7824 0.021568628 -413
21 403.00043 417.7824 0.019607844 -446
22 399.72757 428.83707 0.021568628 -479
23 397.37518 447.59286 0.019607844 -495
24 395.63367 481.82547 0.021568628 -512
25 410.02225 606.4152 0.021568628 -528
26 431.99374 745.1764 0.019607844 -561
27 447.73514 865.5971 0.019607844 -594
28 456.2765 947.89374 0.019607844 -627
29 455.5782 991.033 0.019607844 -644
30 453.82736 1019.7651 0.019607844 -660
31 453.58002 1045.8195 0.021568628 -677
32 453.58002 1062.2959 0.019607844 -693
33 452.58093 1072.5228 0.019607844 -710
34 452.58093 1078.7651 0.019607844 -726
35 452.58093 1083.1122 0.019607844 -743
36 452.58093 1085.675 0.019607844 -759
37 452.58093 1087.6122 0.019607844 -776
38 452.58093 1089.535 0.019607844 -792
39 453.6439 1091.4954 0.019607844 -809
40 453.6439 1091.4954 0.023529414 -825
