0 917.1508 1107.4232 0.015686275 -94
1 902.7022 1097.3319 0.01764706 -94
2 879.001 1085.3654 0.019607844 -166
3 838.5514 1074.2085 0.019607844 -199
4 812.8676 1070.1534 0.019607844 -232
5 783.8023 1067.7893 0.019607844 -249
6 730.9232 1067.444 0.019607844 -267
7 699.95386 1067.444 0.019607844 -300
8 618.4837 1067.444 0.019607844 -316
9 583.0566 1067.444 0.019607844 -349
10 525.01807 1066.3378 0.019607844 -366
11 498.4222 1064.4366 0.019607844 -398
12 459.07495 1060.9474 0.019607844 -415
13 450.18054 1059.0977 0.019607844 -447
14 439.64447 1057.4492 0.019607844 -464
15 433.07135 1057.4492 0.019607844 -497
16 431.25406 1057.4492 0.019607844 -530
17 429.4593 1057.4492 0.019607844 -547
18 425.78088 1058.3612 0.019607844 -563
19 418.54465 1070.578 0.01764706 -580
20 404.31458 1115.6631 0.01764706 -596
21 397.63184 1217.322 0.01764706 -629
22 398.37003 1298.7955 0.01764706 -662
23 403.435 1430.022 0.01764706 -679
24 405.84027 1496.4055 0.019607844 -712
25 408.70053 1556.9265 0.019607844 -728
26 412.36145 1680.044 0.01764706 -745
27 412.61795 1700.4299 0.019607844 -777
28 412.61795 1733.4141 0.01764706 -794
29 411.61887 1748.6984 0.01764706 -810
30 411.61887 1756.4344 0.01764706 -827
31 411.61887 1760.828 0.01764706 -843
32 411.61887 1766.1727 0.01764706 -860
33 411.61887 1767.2273 0.01764706 -893
34 411.61887 1765.0807 0.01764706 -926
35 422.6087 1732.0978 0.021568628 -934
0 956.1147 1049.4534 0.01764706 -8
1 956.1147 1049.4534 0.01764706 -8
2 956.1147 1049.4534 0.01764706 -34
3 956.1147 1049.4534 0.01764706 -50
4 956.1147 1049.4534 0.01764706 -56
5 956.1147 1049.4534 0.01764706 -100
6 948.4799 1047.4545 0.01764706 -132
7 918.39526 1047.4545 0.01764706 -165
8 896.03876 1047.4545 0.01764706 -198
9 872.5284 1047.4545 0.01764706 -215
10 844.1433 1047.4545 0.01764706 -231
11 774.6741 1047.4545 0.01764706 -248
12 696.3553 1047.4545 0.01764706 -281
13 657.6912 1047.4545 0.019607844 -314
14 625.48914 1047.4545 0.01764706 -330
15 562.9136 1047.4545 0.01764706 -347
16 509.53073 1047.4545 0.01764706 -380
17 475.50293 1047.4545 0.01764706 -413
18 457.99658 1047.4545 0.019607844 -446
19 452.5857 1047.4545 0.019607844 -479
20 448.98688 1047.4545 0.019607844 -495
21 446.53384 1047.4545 0.019607844 -511
22 444.6736 1047.4545 0.019607844 -528
23 440.7094 1056.3766 0.019607844 -544
24 435.52576 1071.1904 0.01764706 -561
25 431.9147 1090.5442 0.019607844 -577
26 428.60315 1184.8403 0.01764706 -594
27 432.121 1274.0778 0.01764706 -627
28 435.90714 1340.2065 0.019607844 -643
29 440.92102 1400.3358 0.019607844 -660
30 446.5161 1483.4099 0.01764706 -676
31 451.05496 1539.6571 0.01764706 -693
32 454.77716 1597.1328 0.01764706 -709
33 457.41788 1628.6449 0.01764706 -726
34 457.57632 1686.612 0.01764706 -742
35 457.57632 1696.2463 0.01764706 -775
36 457.57632 1705.5348 0.01764706 -792
37 457.57632 1707.237 0.01764706 -825
38 457.57632 1709.3655 0.01764706 -841
39 457.57632 1710.1093 0.01764706 -859
40 457.57632 1710.1093 0.01764706 -882
0 959.11194 1046.455 0.01764706 -8
1 959.11194 1046.455 0.01764706 -8
2 959.11194 1046.455 0.01764706 -36
3 959.11194 1046.455 0.01764706 -52
4 959.11194 1046.455 0.01764706 -69
5 959.11194 1046.455 0.01764706 -85
6 954.35736 1045.4554 0.01764706 -102
7 935.04767 1045.4554 0.01764706 -135
8 904.77 1045.4554 0.01764706 -168
9 876.2039 1045.4554 0.01764706 -184
10 842.33844 1045.4554 0.01764706 -201
11 808.2878 1046.3531 0.01764706 -218
12 772.24036 1047.4545 0.019607844 -234
13 733.50446 1048.4539 0.019607844 -251
14 693.65 1049.9154 0.019607844 -267
15 644.0333 1049.4534 0.019607844 -284
16 603.3471 1051.5475 0.019607844 -300
17 573.1972 1051.4524 0.019607844 -317
18 546.1181 1052.4518 0.019607844 -333
19 523.39594 1052.4518 0.019607844 -350
20 505.08127 1052.4518 0.019607844 -366
21 494.0861 1052.4518 0.019607844 -383
22 481.56738 1051.4524 0.019607844 -399
23 474.74084 1051.4524 0.019607844 -432
24 472.8103 1051.4524 0.019607844 -462
25 470.50717 1051.4524 0.019607844 -479
26 466.9054 1051.4524 0.019607844 -495
27 463.2237 1052.6254 0.019607844 -511
28 455.80682 1065.9872 0.019607844 -528
29 440.53064 1129.9646 0.019607844 -544
30 435.7347 1177.8666 0.01764706 -577
31 433.5985 1291.8676 0.01764706 -594
32 434.53232 1367.7598 0.019607844 -627
33 434.5976 1438.7883 0.019607844 -643
34 434.5976 1496.5927 0.019607844 -660
35 430.33707 1607.6832 0.01764706 -676
36 427.49677 1678.6294 0.019607844 -709
37 426.605 1712.1207 0.019607844 -742
38 426.605 1718.7161 0.019607844 -775
39 426.605 1722.6342 0.019607844 -792
40 426.605 1724.7065 0.019607844 -808
41 426.605 1726.5853 0.019607844 -825
42 426.605 1727.1005 0.019607844 -841
43 426.605 1727.1005 0.019607844 -858
44 426.605 1727.1005 0.01764706 -890
0 1013.062 863.55023 0.01764706 -103
1 1001.78564 863.55023 0.01764706 -103
2 935.2597 863.55023 0.01764706 -115
3 899.5412 863.55023 0.01764706 -165
4 844.62054 863.55023 0.01764706 -181
5 816.2442 863.55023 0.01764706 -198
6 790.26825 858.5528 0.019607844 -208
7 739.3154 852.55597 0.019607844 -234
8 624.3791 842.4619 0.019607844 -234
9 559.87085 838.98895 0.019607844 -280
10 518.64703 838.56323 0.019607844 -313
11 507.66766 838.56323 0.019607844 -346
12 499.69635 838.56323 0.019607844 -362
13 489.34335 838.56323 0.019607844 -379
14 487.4653 838.56323 0.019607844 -428
15 481.091 844.0239 0.01764706 -445
16 476.7354 854.45526 0.01764706 -479
17 471.32254 880.7464 0.01764706 -495
18 466.8599 915.42194 0.019607844 -512
19 465.49805 965.7667 0.019607844 -528
20 466.44946 1044.5409 0.019607844 -545
21 469.26678 1106.0603 0.019607844 -561
22 476.1164 1238.6143 0.01764706 -577
23 481.63715 1359.9515 0.01764706 -610
24 483.55228 1429.7056 0.01764706 -643
25 483.55228 1515.7927 0.01764706 -660
26 482.5532 1547.1544 0.019607844 -693
27 482.04807 1566.723 0.01764706 -709
28 480.1102 1577.4049 0.01764706 -726
29 480.55505 1582.9187 0.01764706 -742
30 480.55505 1586.4867 0.01764706 -759
31 480.55505 1588.1818 0.01764706 -775
32 480.55505 1590.1038 0.01764706 -792
33 480.55505 1591.92 0.01764706 -808
34 480.55505 1593.6699 0.01764706 -825
35 480.55505 1593.1702 0.01764706 -840
36 480.55505 1593.1702 0.01764706 -891
0 979.09344 1045.4554 0.015686275 0
1 979.09344 1045.4554 0.015686275 0
2 976.7333 1045.4554 0.01764706 -52
3 960.97076 1045.4554 0.01764706 -101
4 927.17084 1045.4554 0.01764706 -134
5 902.94366 1045.4554 0.01764706 -167
6 863.423 1046.455 0.01764706 -184
7 829.05963 1046.455 0.01764706 -200
8 755.60187 1046.9165 0.019607844 -217
9 714.9403 1047.4545 0.01764706 -250
10 678.7295 1047.4545 0.01764706 -266
11 633.1339 1047.4545 0.01764706 -283
12 597.3144 1047.4545 0.019607844 -299
13 572.8642 1047.4545 0.019607844 -316
14 551.13934 1047.4545 0.019607844 -332
15 532.28564 1047.4545 0.019607844 -349
16 519.2248 1047.4545 0.019607844 -365
17 509.52823 1047.4545 0.019607844 -382
18 497.84302 1047.4545 0.019607844 -397
19 494.40857 1047.4545 0.019607844 -431
20 492.69153 1047.4545 0.019607844 -448
21 490.8957 1047.4545 0.019607844 -464
22 487.35736 1047.4545 0.019607844 -481
23 474.42657 1069.711 0.019607844 -514
24 471.06384 1076.4392 0.019607844 -547
25 456.0777 1147.9021 0.019607844 -553
26 441.79523 1669.0449 0.01764706 -590
27 441.09158 1683.1233 0.01764706 -728
28 425.60593 1833.6006 0.019607844 -734
29 425.60593 1835.316 0.019607844 -860
30 425.60593 1837.299 0.019607844 -876
31 425.60593 1839.1862 0.019607844 -893
32 425.60593 1839.0421 0.019607844 -909
33 425.60593 1839.0421 0.01764706 -926
34 425.60593 1839.0421 0.01764706 -1001
0 991.08234 1046.455 0.015686275 -9
1 991.08234 1046.455 0.015686275 -9
2 991.08234 1046.455 0.015686275 -35
3 991.08234 1046.455 0.015686275 -52
4 987.7544 1046.455 0.01764706 -68
5 974.343 1046.455 0.01764706 -101
6 941.74396 1046.455 0.01764706 -134
7 883.6317 1046.455 0.01764706 -167
8 852.0281 1046.455 0.01764706 -200
9 819.256 1046.455 0.01764706 -216
10 785.1116 1046.455 0.01764706 -233
11 710.90625 1046.455 0.01764706 -249
12 656.6096 1046.455 0.019607844 -282
13 617.45026 1046.455 0.01764706 -299
14 586.7355 1046.455 0.01764706 -315
15 561.1087 1046.455 0.019607844 -332
16 540.42566 1046.455 0.01764706 -348
17 525.6766 1046.455 0.01764706 -365
18 516.64575 1046.455 0.019607844 -381
19 506.86246 1046.455 0.019607844 -398
20 503.0839 1046.455 0.019607844 -431
21 500.48795 1046.455 0.019607844 -447
22 496.80957 1046.455 0.019607844 -464
23 491.8754 1055.4578 0.019607844 -480
24 483.02185 1085.8236 0.019607844 -497
25 476.14395 1126.6274 0.019607844 -530
26 471.84445 1213.9282 0.01764706 -546
27 472.15778 1330.2958 0.019607844 -563
28 473.0701 1393.0914 0.019607844 -595
29 473.56152 1484.8064 0.01764706 -612
30 473.56152 1538.5571 0.01764706 -628
31 471.5355 1594.3129 0.01764706 -645
32 468.65906 1669.2704 0.01764706 -661
33 466.80862 1711.1611 0.019607844 -678
34 464.93552 1741.4329 0.01764706 -694
35 463.07733 1756.0486 0.019607844 -711
36 461.24115 1765.7393 0.019607844 -727
37 460.57355 1772.5232 0.019607844 -744
38 460.57355 1777.0889 0.019607844 -760
39 460.57355 1779.9132 0.019607844 -777
40 460.57355 1781.7068 0.019607844 -793
41 460.57355 1782.0718 0.019607844 -810
42 460.57355 1782.0718 0.019607844 -826
43 460.57355 1782.0718 0.019607844 -843
44 460.57355 1782.0718 0.019607844 -859
45 460.57355 1782.0718 0.01764706 -892
46 460.57355 1782.0718 0.01764706 -910
0 982.09064 1000.4789 0.015686275 -16
1 982.09064 1000.4789 0.015686275 -16
2 976.0962 998.4799 0.01764706 -49
3 976.0962 998.4799 0.01764706 -49
4 969.6598 998.4799 0.01764706 -66
5 960.0497 999.9894 0.01764706 -99
6 947.5831 1001.841 0.019607844 -115
7 930.1915 1014.63983 0.01764706 -132
8 906.87714 1012.47266 0.019607844 -148
9 867.6453 1020.54474 0.01764706 -165
10 830.31323 1029.6472 0.01764706 -181
11 793.341 1030.4904 0.019607844 -198
12 754.54645 1036.9231 0.01764706 -214
13 712.8446 1035.5902 0.01764706 -231
14 670.078 1039.7456 0.01764706 -247
15 586.03906 1042.457 0.01764706 -264
16 558.17084 1037.5679 0.019607844 -297
17 535.20917 1039.8164 0.01764706 -313
18 520.3621 1040.4581 0.01764706 -330
19 511.54044 1040.4581 0.01764706 -346
20 505.17908 1040.4581 0.019607844 -363
21 501.38177 1040.4581 0.01764706 -379
22 497.79938 1040.4581 0.019607844 -396
23 493.54593 1040.4581 0.019607844 -412
24 490.92108 1043.8928 0.019607844 -445
25 484.72644 1063.92 0.01764706 -462
26 480.7143 1083.0591 0.019607844 -478
27 472.58466 1179.963 0.01764706 -495
28 472.56244 1275.0602 0.019607844 -528
29 473.24408 1339.2749 0.019607844 -544
30 473.56152 1419.1521 0.01764706 -561
31 469.94116 1548.0443 0.01764706 -577
32 461.46722 1627.8907 0.019607844 -610
33 452.76834 1674.19 0.01764706 -643
34 448.0322 1689.7787 0.01764706 -659
35 444.94586 1698.6838 0.019607844 -676
36 443.00446 1704.2831 0.019607844 -692
37 441.07043 1707.6317 0.019607844 -709
38 439.13577 1709.567 0.019607844 -725
39 439.59296 1712.1083 0.01764706 -742
40 439.59296 1712.1083 0.01764706 -775
41 439.59296 1712.1083 0.01764706 -791
0 1010.06476 855.5544 0.01764706 -180
1 965.8039 858.75903 0.01764706 -180
2 933.5215 860.70544 0.01764706 -208
3 881.295 862.54626 0.01764706 -225
4 838.46576 862.5507 0.01764706 -241
5 796.8536 863.22034 0.01764706 -258
6 756.0041 863.55023 0.01764706 -274
7 715.73206 863.55023 0.01764706 -291
8 715.73206 863.55023 0.01764706 -307
9 633.4135 863.55023 0.01764706 -341
10 601.2485 863.55023 0.01764706 -341
11 585.4579 863.55023 0.01764706 -357
12 575.46716 863.55023 0.01764706 -368
13 560.481 863.55023 0.01764706 -396
14 555.48566 863.55023 0.01764706 -396
15 533.50604 863.55023 0.01764706 -514
16 526.5773 878.99274 0.019607844 -514
17 515.7023 935.52747 0.01764706 -538
18 509.57205 1041.2638 0.01764706 -571
19 511.52637 1116.1508 0.01764706 -604
20 514.1697 1189.9183 0.01764706 -621
21 516.02423 1252.9232 0.01764706 -637
22 516.5217 1314.561 0.01764706 -654
23 516.5217 1421.7921 0.01764706 -670
24 509.70804 1502.5977 0.01764706 -703
25 502.99042 1536.007 0.019607844 -736
26 501.05466 1546.6014 0.019607844 -769
27 499.2563 1552.0359 0.019607844 -785
28 498.5384 1555.6515 0.019607844 -802
29 498.5384 1558.2649 0.019607844 -818
30 498.5384 1560.1538 0.019607844 -835
31 498.5384 1561.1869 0.019607844 -851
32 498.5384 1560.1874 0.01764706 -860
0 1018.0574 806.5799 0.01764706 -143
1 1003.9143 806.5799 0.01764706 -143
2 952.2835 815.53394 0.019607844 -156
3 903.97217 810.441 0.01764706 -188
4 856.7936 815.1945 0.01764706 -205
5 813.5741 812.0832 0.01764706 -221
6 724.1685 807.2272 0.01764706 -238
7 666.383 807.57935 0.01764706 -271
8 647.4006 807.57935 0.01764706 -294
9 602.4422 805.5804 0.01764706 -321
10 587.45605 805.5804 0.01764706 -321
11 556.48474 805.5804 0.01764706 -357
12 546.3563 805.5804 0.01764706 -357
13 533.50604 805.5804 0.01764706 -371
14 529.5097 805.5804 0.01764706 -394
15 517.5208 805.5804 0.01764706 -450
16 513.10815 809.20374 0.019607844 -450
17 508.32336 822.18964 0.01764706 -469
18 503.95657 844.8796 0.01764706 -485
19 502.5347 886.4439 0.01764706 -502
20 504.45215 938.2998 0.01764706 -518
21 509.43268 994.8269 0.01764706 -535
22 513.9998 1053.3671 0.01764706 -551
23 523.3584 1158.7141 0.019607844 -568
24 527.9701 1219.8881 0.01764706 -584
25 531.1652 1288.3822 0.019607844 -601
26 533.98175 1349.2023 0.019607844 -617
27 535.90283 1414.0286 0.019607844 -634
28 535.50415 1442.476 0.01764706 -650
29 535.39026 1495.1592 0.01764706 -667
30 533.563 1509.8147 0.01764706 -683
31 531.6527 1518.6293 0.01764706 -699
32 531.5079 1524.6605 0.01764706 -716
33 531.5079 1527.9045 0.01764706 -732
34 531.5079 1529.8022 0.01764706 -749
35 531.5079 1531.7211 0.01764706 -765
36 531.5079 1533.6655 0.01764706 -782
37 531.5079 1534.2009 0.01764706 -798
38 531.5079 1535.2004 0.01764706 -815
39 531.5079 1535.2004 0.01764706 -828
0 1011.06384 806.5799 0.01764706 -135
1 969.41174 806.5799 0.01764706 -135
2 935.34595 806.5799 0.01764706 -164
3 881.0907 806.5799 0.01764706 -180
4 832.6115 806.5799 0.01764706 -197
5 786.752 806.5799 0.01764706 -213
6 743.44366 810.4609 0.01764706 -230
7 701.6062 810.7828 0.01764706 -246
8 661.67444 821.2473 0.019607844 -263
9 626.5868 813.79346 0.01764706 -279
10 569.5384 813.3895 0.01764706 -296
11 554.00226 816.8813 0.019607844 -329
12 543.4807 820.9111 0.019607844 -345
13 536.4366 823.5877 0.019607844 -362
14 526.3195 827.1658 0.019607844 -378
15 522.15985 830.3764 0.019607844 -411
16 516.80194 836.284 0.01764706 -428
17 512.3426 841.83606 0.01764706 -444
18 503.93417 871.84247 0.019607844 -461
19 498.13962 916.41095 0.019607844 -477
20 496.54025 960.86084 0.01764706 -494
21 496.54025 1023.7894 0.019607844 -510
22 500.8226 1086.4453 0.019607844 -527
23 504.54138 1149.5635 0.019607844 -543
24 511.26453 1257.3656 0.01764706 -560
25 513.25836 1317.7887 0.01764706 -576
26 513.52454 1366.4304 0.01764706 -593
27 510.2033 1439.4657 0.01764706 -609
28 506.167 1451.3372 0.01764706 -642
29 502.33298 1473.1414 0.019607844 -658
30 500.63788 1482.8218 0.019607844 -675
31 498.80225 1489.4319 0.019607844 -691
32 497.5393 1493.4868 0.019607844 -708
33 497.5393 1495.7275 0.019607844 -724
34 497.5393 1497.5577 0.019607844 -741
35 497.5393 1499.4149 0.019607844 -757
36 497.5393 1499.4149 0.01764706 -774
0 1018.0574 806.5799 0.01764706 -95
1 1012.61346 806.5799 0.01764706 -95
2 987.60425 806.5799 0.01764706 -108
3 933.5626 809.5534 0.01764706 -141
4 895.9675 812.8563 0.019607844 -174
5 858.5187 814.07275 0.01764706 -191
6 821.89764 816.1602 0.01764706 -207
7 782.39813 824.00305 0.019607844 -224
8 746.1519 823.20264 0.019607844 -240
9 708.4928 828.70276 0.019607844 -256
10 660.83203 833.3438 0.019607844 -273
11 628.647 834.5653 0.019607844 -289
12 599.44495 836.0646 0.019607844 -306
13 575.187 827.5934 0.01764706 -322
14 558.0606 831.7249 0.019607844 -339
15 543.83856 831.5669 0.019607844 -355
16 533.6972 831.5669 0.019607844 -372
17 520.32227 831.5669 0.019607844 -388
18 512.4689 833.5942 0.019607844 -421
19 506.81305 838.3751 0.01764706 -454
20 495.5383 861.06366 0.019607844 -471
21 484.18945 909.82007 0.019607844 -504
22 479.55597 1027.708 0.01764706 -537
23 480.55505 1127.3262 0.01764706 -570
24 484.5752 1267.1523 0.019607844 -603
25 485.5504 1411.957 0.019607844 -636
26 483.90515 1450.7074 0.01764706 -669
27 482.01285 1491.2542 0.01764706 -685
28 480.11572 1508.8525 0.01764706 -702
29 478.18723 1519.0587 0.01764706 -718
30 476.2397 1544.389 0.019607844 -735
31 474.2912 1553.5391 0.019607844 -751
32 472.29272 1559.9973 0.019607844 -768
33 472.56244 1562.3346 0.019607844 -784
34 472.56244 1562.0762 0.01764706 -800
35 472.56244 1560.1 0.01764706 -817
36 472.56244 1560.1 0.01764706 -833
0 1018.0574 809.5783 0.01764706 -18
1 1018.0574 809.5783 0.01764706 -18
2 1018.0574 809.5783 0.01764706 -44
3 1013.4918 808.57886 0.01764706 -60
4 1006.14136 812.0406 0.019607844 -77
5 996.3758 813.9591 0.019607844 -93
6 981.84045 813.99286 0.01764706 -110
7 962.3573 819.5963 0.019607844 -126
8 935.58136 826.0802 0.019607844 -143
9 900.6912 831.7996 0.019607844 -159
10 840.38806 836.481 0.019607844 -176
11 791.8709 839.14777 0.019607844 -192
12 744.1873 839.5627 0.019607844 -209
13 698.69727 840.9882 0.019607844 -225
14 623.7132 842.56116 0.019607844 -242
15 564.8152 842.56116 0.019607844 -275
16 547.55945 842.56116 0.019607844 -308
17 543.49677 842.56116 0.019607844 -324
18 537.5023 842.56116 0.019607844 -329
19 528.5106 842.56116 0.019607844 -356
20 525.5134 842.56116 0.019607844 -356
21 520.51807 842.56116 0.019607844 -383
22 511.77673 846.9336 0.01764706 -383
23 500.1917 876.57886 0.01764706 -423
24 489.85394 971.3469 0.019607844 -456
25 488.54764 1015.12787 0.01764706 -489
26 489.89365 1076.5933 0.019607844 -505
27 491.72693 1141.2373 0.019607844 -522
28 495.4386 1304.1113 0.019607844 -538
29 495.54117 1358.3363 0.019607844 -571
30 495.54117 1414.1273 0.019607844 -588
31 493.9847 1460.3975 0.019607844 -604
32 492.11472 1493.3778 0.01764706 -621
33 490.2189 1510.8309 0.01764706 -637
34 487.09305 1529.1674 0.019607844 -654
35 485.3755 1542.2472 0.019607844 -670
36 483.47098 1549.5184 0.019607844 -687
37 482.5532 1554.2449 0.019607844 -703
38 482.5532 1556.9791 0.01764706 -720
39 482.5532 1558.971 0.019607844 -753
40 482.5532 1559.1879 0.019607844 -769
41 482.5532 1558.1884 0.01764706 -771
0 978.09436 616.6788 0.01764706 -9
1 978.09436 616.6788 0.01764706 -9
2 978.09436 616.6788 0.01764706 -35
3 978.09436 616.6788 0.01764706 -51
4 978.09436 616.6788 0.019607844 -67
5 975.4342 616.6788 0.019607844 -100
6 954.22656 616.6788 0.019607844 -133
7 928.54407 616.6788 0.019607844 -166
8 894.1472 616.6788 0.019607844 -183
9 857.6803 615.6793 0.019607844 -199
10 820.91113 615.6793 0.019607844 -216
11 779.1441 615.6793 0.019607844 -232
12 735.146 615.6793 0.019607844 -249
13 694.4423 615.6793 0.019607844 -265
14 637.9316 616.61066 0.019607844 -282
15 592.2746 616.6788 0.019607844 -298
16 555.35516 616.6788 0.019607844 -315
17 525.39386 616.6788 0.019607844 -331
18 504.44873 616.6788 0.019607844 -348
19 486.36588 616.6788 0.019607844 -364
20 474.58704 616.6788 0.019607844 -381
21 467.16516 616.6788 0.019607844 -397
22 461.42422 616.6788 0.019607844 -414
23 458.31107 617.8105 0.019607844 -430
24 455.59717 617.6783 0.019607844 -447
25 452.03387 620.2245 0.019607844 -463
26 443.92426 644.32623 0.019607844 -480
27 440.40396 655.4116 0.019607844 -513
28 437.6858 690.4568 0.019607844 -529
29 439.11057 788.07007 0.019607844 -546
30 442.3236 839.82697 0.019607844 -579
31 447.9982 899.3862 0.019607844 -595
32 456.7082 979.9314 0.019607844 -611
33 462.4186 1063.2246 0.019607844 -628
34 465.35437 1122.2618 0.019607844 -644
35 466.568 1176.6063 0.019607844 -661
36 466.568 1219.8143 0.019607844 -677
37 466.568 1251.9803 0.019607844 -694
38 466.568 1304.0818 0.019607844 -710
39 466.568 1320.2437 0.019607844 -743
40 466.568 1327.6104 0.019607844 -760
41 466.568 1333.1006 0.019607844 -776
42 466.568 1335.4801 0.019607844 -793
43 466.568 1337.504 0.019607844 -809
44 466.568 1339.4504 0.01764706 -826
45 466.568 1340.3019 0.01764706 -842
46 466.568 1340.3019 0.01764706 -849
0 996.0777 618.67773 0.01764706 -9
1 996.0777 618.67773 0.01764706 -9
2 996.0777 618.67773 0.01764706 -35
3 996.0777 618.67773 0.01764706 -68
4 996.0777 618.67773 0.01764706 -85
5 993.2363 617.6783 0.019607844 -101
6 981.6986 617.6783 0.019607844 -117
7 961.73975 617.6783 0.019607844 -150
8 936.6634 616.6788 0.019607844 -167
9 903.6489 616.6788 0.019607844 -183
10 870.469 616.6788 0.019607844 -200
11 833.17993 616.6788 0.019607844 -216
12 792.2237 616.6788 0.019607844 -233
13 751.85205 616.6788 0.019607844 -249
14 647.5417 616.6788 0.019607844 -266
15 573.3988 616.6788 0.019607844 -299
16 545.3054 616.6788 0.019607844 -332
17 524.4031 616.6788 0.019607844 -348
18 511.74924 616.6788 0.019607844 -365
19 503.10388 616.6788 0.019607844 -381
20 497.33453 616.6788 0.019607844 -398
21 494.1919 616.6788 0.019607844 -414
22 487.71634 616.6788 0.019607844 -431
23 479.37668 626.6394 0.019607844 -464
24 473.73676 646.412 0.019607844 -496
25 469.39227 681.7223 0.019607844 -513
26 466.69226 736.2676 0.019607844 -529
27 466.0719 847.6891 0.019607844 -546
28 469.3861 934.2113 0.019607844 -579
29 472.5933 1041.6311 0.019607844 -595
30 473.56152 1116.1725 0.019607844 -628
31 473.56152 1161.2361 0.019607844 -645
32 473.56152 1191.9479 0.019607844 -661
33 473.56152 1215.5116 0.019607844 -678
34 473.56152 1250.3029 0.019607844 -694
35 471.4182 1261.2147 0.019607844 -711
36 471.56335 1267.4963 0.019607844 -727
37 471.56335 1272.1334 0.019607844 -744
38 471.56335 1275.0724 0.019607844 -760
39 471.56335 1276.9174 0.019607844 -777
40 471.56335 1278.7465 0.019607844 -793
41 471.56335 1279.3336 0.019607844 -810
42 471.56335 1280.3331 0.01764706 -826
43 470.5643 1280.3331 0.01764706 -842
44 470.5643 1280.3331 0.01764706 -849
0 1016.0592 865.5492 0.01764706 -10
1 1016.0592 865.5492 0.01764706 -10
2 1016.0592 865.5492 0.01764706 -27
3 1016.0592 865.5492 0.01764706 -44
4 1016.0592 865.5492 0.01764706 -60
5 1016.0592 865.5492 0.01764706 -76
6 1016.0592 865.5492 0.01764706 -93
7 1015.5133 865.00305 0.01764706 -109
8 1012.1836 864.5497 0.01764706 -126
9 1002.59705 864.5497 0.01764706 -142
10 990.048 864.5497 0.01764706 -159
11 971.8527 864.5497 0.01764706 -175
12 935.5866 864.5497 0.01764706 -192
13 898.8461 861.25256 0.019607844 -208
14 860.708 861.5513 0.01764706 -225
15 821.4512 861.5513 0.01764706 -241
16 733.1152 854.5291 0.019607844 -258
17 680.2679 849.1953 0.019607844 -291
18 636.66284 844.251 0.019607844 -307
19 578.2999 840.3189 0.019607844 -324
20 561.1945 838.5315 0.019607844 -357
21 549.2382 837.5637 0.019607844 -373
22 540.72833 837.5637 0.019607844 -390
23 535.0104 837.5637 0.019607844 -406
24 530.9275 837.5637 0.019607844 -422
25 527.4052 837.5637 0.019607844 -439
26 520.1285 842.95087 0.01764706 -455
27 513.36566 862.72644 0.019607844 -488
28 507.51627 885.2562 0.01764706 -505
29 500.80994 932.5671 0.01764706 -521
30 497.5393 1063.5046 0.019607844 -539
31 499.3277 1138.2188 0.01764706 -572
32 504.0417 1279.1112 0.019607844 -588
33 505.99564 1348.0071 0.019607844 -621
34 505.53192 1403.9502 0.019607844 -638
35 502.11752 1453.8799 0.019607844 -654
36 498.1296 1496.2894 0.01764706 -671
37 492.5782 1534.0183 0.019607844 -687
38 489.7553 1559.1001 0.01764706 -704
39 487.97458 1571.0497 0.01764706 -720
40 484.3559 1581.5674 0.01764706 -737
41 484.55133 1584.3019 0.01764706 -770
42 484.55133 1586.0884 0.01764706 -786
43 484.55133 1586.1738 0.019607844 -803
44 484.55133 1586.1738 0.019607844 -819
45 484.55133 1586.1738 0.015686275 -835
0 1018.0574 864.5497 0.01764706 -8
1 1016.0611 862.5526 0.01764706 -8
2 1014.09155 860.58234 0.019607844 -42
3 1012.216 857.7065 0.019607844 -59
4 1003.7268 853.96924 0.019607844 -75
5 980.4395 852.22455 0.019607844 -108
6 935.1745 854.54865 0.01764706 -141
7 890.5858 858.32336 0.01764706 -174
8 852.68634 860.29114 0.01764706 -191
9 813.95 861.5513 0.01764706 -207
10 759.29694 862.5507 0.01764706 -224
11 736.31824 862.5507 0.01764706 -246
12 693.35803 862.5507 0.01764706 -272
13 643.24615 862.5507 0.01764706 -272
14 575.7751 862.5507 0.01764706 -290
15 568.47363 862.5507 0.01764706 -323
16 553.4875 859.5523 0.019607844 -327
17 530.5088 859.5523 0.01764706 -354
18 508.4816 859.5523 0.01764706 -354
19 498.9602 859.5523 0.01764706 -389
20 495.40182 859.5523 0.01764706 -422
21 492.54395 859.5523 0.01764706 -438
22 491.54486 859.5523 0.01764706 -465
23 488.54764 873.545 0.01764706 -491
24 486.5495 926.30145 0.01764706 -491
25 491.92004 1039.3813 0.019607844 -521
26 504.28125 1162.7106 0.019607844 -554
27 512.83374 1255.9742 0.01764706 -587
28 516.5217 1365.0403 0.01764706 -620
29 516.5217 1401.185 0.01764706 -653
30 516.5217 1432.1633 0.01764706 -669
31 515.7973 1446.597 0.01764706 -685
32 514.5236 1453.9266 0.01764706 -702
33 513.0163 1459.2573 0.01764706 -718
34 512.52545 1462.6641 0.01764706 -735
35 512.52545 1464.5713 0.01764706 -751
36 512.52545 1466.3811 0.01764706 -768
37 512.52545 1468.3739 0.01764706 -784
38 512.52545 1470.2999 0.01764706 -801
39 512.52545 1470.2999 0.015686275 -817
0 1018.0574 826.56946 0.019607844 -113
1 1006.77423 829.6657 0.019607844 -113
2 975.12054 835.924 0.019607844 -134
3 946.52496 838.66974 0.019607844 -167
4 895.8917 842.4235 0.019607844 -184
5 852.22894 843.32 0.019607844 -200
6 808.3269 844.5601 0.019607844 -217
7 767.59705 851.532 0.01764706 -233
8 722.6189 846.36285 0.019607844 -250
9 679.6594 845.5596 0.019607844 -266
10 626.4904 842.80664 0.019607844 -283
11 591.7769 840.87524 0.019607844 -299
12 564.48206 839.0633 0.019607844 -316
13 541.8616 837.2608 0.019607844 -332
14 524.20435 837.5637 0.019607844 -349
15 512.9414 836.6336 0.019607844 -365
16 504.784 835.5648 0.019607844 -382
17 499.04617 835.5648 0.019607844 -398
18 494.92725 835.5648 0.019607844 -415
19 490.25583 837.8538 0.01764706 -431
20 485.75912 841.4225 0.01764706 -448
21 478.3175 852.03546 0.01764706 -464
22 457.74628 909.93066 0.019607844 -481
23 449.97568 943.6354 0.01764706 -513
24 440.84042 1021.8324 0.019607844 -530
25 436.59573 1158.8965 0.019607844 -546
26 436.59573 1225.5714 0.019607844 -578
27 436.59573 1304.3182 0.01764706 -596
28 435.44827 1362.8951 0.01764706 -612
29 433.45914 1448.872 0.019607844 -629
30 431.6248 1494.8302 0.01764706 -645
31 429.79068 1540.4817 0.019607844 -662
32 427.93362 1565.2161 0.01764706 -678
33 427.05856 1590.7235 0.019607844 -695
34 426.605 1609.0679 0.019607844 -711
35 425.60593 1618.3041 0.019607844 -728
36 425.60593 1623.9558 0.019607844 -744
37 425.60593 1627.407 0.019607844 -761
38 425.60593 1629.2534 0.019607844 -777
39 425.60593 1630.1509 0.019607844 -794
40 425.60593 1629.1152 0.01764706 -810
41 425.60593 1629.1152 0.01764706 -827
0 968.10364 628.67255 0.019607844 0
1 968.10364 628.67255 0.01764706 0
2 968.10364 628.67255 0.01764706 -18
3 968.10364 628.67255 0.019607844 -51
4 968.10364 628.67255 0.019607844 -84
5 955.57825 626.6736 0.019607844 -117
6 916.7278 626.6736 0.019607844 -150
7 888.71783 626.6736 0.019607844 -183
8 856.9043 626.6736 0.019607844 -199
9 819.32764 625.36304 0.019607844 -216
10 775.2101 622.1448 0.019607844 -232
11 669.7295 616.92285 0.019607844 -249
12 591.45483 616.6788 0.019607844 -282
13 566.5115 616.6788 0.019607844 -315
14 540.8944 616.6788 0.019607844 -331
15 522.8937 616.6788 0.019607844 -347
16 505.06952 616.6788 0.019607844 -364
17 496.4245 616.6788 0.019607844 -397
18 486.77768 619.8582 0.019607844 -430
19 478.90472 634.97296 0.019607844 -463
20 464.53247 681.83203 0.019607844 -479
21 458.9983 749.3186 0.019607844 -512
22 455.99695 796.3341 0.019607844 -529
23 455.5782 872.49756 0.019607844 -545
24 462.80743 991.96686 0.019607844 -562
25 473.99478 1158.2024 0.019607844 -595
26 476.2549 1219.0249 0.019607844 -628
27 476.55875 1260.7917 0.019607844 -644
28 476.55875 1305.9913 0.019607844 -661
29 476.55875 1326.5272 0.019607844 -677
30 474.1893 1343.2736 0.019607844 -694
31 472.56244 1380.8247 0.019607844 -710
32 472.56244 1393.1661 0.019607844 -743
33 472.56244 1396.2262 0.01764706 -776
34 472.56244 1398.1915 0.01764706 -793
35 472.56244 1400.139 0.01764706 -809
36 472.56244 1400.2706 0.01764706 -826
37 472.56244 1400.2706 0.01764706 -843
0 1015.0601 862.5507 0.01764706 -103
1 998.3412 860.55176 0.01764706 -103
2 958.4319 860.55176 0.01764706 -125
3 928.15674 860.55176 0.01764706 -158
4 891.90607 861.7232 0.01764706 -175
5 831.5953 862.5507 0.01764706 -191
6 784.45 862.5507 0.01764706 -208
7 739.04913 854.7921 0.019607844 -224
8 696.25696 848.97974 0.019607844 -241
9 657.28107 844.88275 0.019607844 -257
10 623.67004 842.1444 0.019607844 -274
11 593.54694 840.5679 0.019607844 -290
12 573.2186 839.5627 0.019607844 -307
13 560.89294 839.5627 0.019607844 -323
14 551.48975 839.5627 0.019607844 -340
15 545.842 839.5627 0.019607844 -356
16 540.5963 839.5627 0.019607844 -373
17 537.0047 841.06 0.019607844 -389
18 533.418 843.1049 0.01764706 -406
19 529.79474 844.9173 0.01764706 -422
20 521.4926 856.19324 0.019607844 -439
21 512.66113 878.1623 0.019607844 -455
22 498.4061 975.34564 0.019607844 -472
23 496.14896 1029.2136 0.019607844 -505
24 496.54025 1139.914 0.01764706 -521
25 496.54025 1231.049 0.019607844 -554
26 496.54025 1294.7249 0.019607844 -571
27 496.54025 1352.423 0.019607844 -587
28 496.54025 1406.0829 0.019607844 -604
29 495.06772 1443.1996 0.01764706 -620
30 493.14557 1475.199 0.019607844 -637
31 492.29373 1500.973 0.01764706 -653
32 490.44586 1510.7134 0.01764706 -670
33 488.60477 1517.0383 0.01764706 -686
34 486.7948 1521.7163 0.01764706 -703
35 486.5495 1526.652 0.01764706 -719
36 486.5495 1530.203 0.01764706 -752
37 486.5495 1531.2025 0.01764706 -783
0 999.07495 845.5596 0.01764706 -10
1 999.07495 845.5596 0.019607844 -10
2 999.07495 845.5596 0.019607844 -36
3 999.07495 845.5596 0.019607844 -52
4 999.07495 845.5596 0.019607844 -69
5 996.52966 844.5601 0.019607844 -85
6 990.4642 843.5606 0.019607844 -102
7 981.8748 843.0249 0.019607844 -118
8 967.7856 842.56116 0.019607844 -135
9 948.88666 846.2296 0.01764706 -151
10 925.24927 851.9933 0.01764706 -168
11 883.4786 856.5242 0.01764706 -184
12 845.9571 859.36536 0.01764706 -201
13 809.89124 861.18756 0.01764706 -217
14 733.2861 863.55023 0.01764706 -234
15 695.34705 864.5497 0.01764706 -267
16 695.34705 864.5497 0.01764706 -283
17 585.4579 864.5497 0.01764706 -327
18 568.47363 864.5497 0.01764706 -327
19 553.4875 864.5497 0.01764706 -336
20 528.5106 864.5497 0.01764706 -363
21 503.53375 864.5497 0.01764706 -363
22 497.5393 864.5497 0.01764706 -391
23 475.55966 864.5497 0.01764706 -482
24 471.51028 871.9677 0.019607844 -482
25 466.58374 885.98334 0.01764706 -498
26 461.6609 910.3878 0.019607844 -514
27 456.57724 1031.8777 0.01764706 -531
28 457.34586 1091.2813 0.01764706 -564
29 458.7569 1147.9894 0.01764706 -580
30 461.03204 1227.6351 0.019607844 -596
31 464.13022 1300.042 0.01764706 -613
32 466.9238 1358.1277 0.01764706 -629
33 468.56613 1429.9655 0.01764706 -646
34 467.56708 1482.0046 0.019607844 -662
35 465.65424 1504.4476 0.01764706 -679
36 462.92294 1525.393 0.01764706 -695
37 460.84235 1544.0435 0.019607844 -712
38 458.95462 1553.6725 0.019607844 -728
39 457.57632 1559.8578 0.019607844 -745
40 457.57632 1564.1868 0.019607844 -761
41 457.57632 1566.615 0.019607844 -778
42 457.57632 1568.6053 0.019607844 -794
43 457.57632 1569.1827 0.019607844 -811
44 457.57632 1568.1832 0.01764706 -816
0 1018.0574 1026.4653 0.01764706 -112
1 960.7952 1047.9115 0.019607844 -112
2 934.629 1053.631 0.019607844 -168
3 903.2991 1059.0925 0.019607844 -184
4 866.9176 1062.6746 0.019607844 -201
5 806.795 1067.3376 0.019607844 -217
6 761.3109 1070.0414 0.019607844 -234
7 677.6743 1074.7902 0.019607844 -250
8 597.93134 1090.7925 0.01764706 -283
9 554.7009 1098.0784 0.01764706 -316
10 528.27216 1096.8754 0.01764706 -333
11 510.62762 1090.9695 0.019607844 -349
12 498.0137 1086.998 0.019607844 -365
13 484.1354 1082.6306 0.019607844 -382
14 474.49417 1086.1454 0.01764706 -415
15 465.92502 1093.9846 0.019607844 -448
16 456.54938 1122.499 0.01764706 -481
17 449.75146 1155.3907 0.019607844 -497
18 444.83258 1194.5555 0.019607844 -514
19 441.59113 1355.7959 0.019607844 -530
20 444.5828 1419.0607 0.019607844 -563
21 445.58743 1550.4554 0.01764706 -580
22 444.1349 1648.85 0.019607844 -613
23 440.29492 1699.7911 0.019607844 -646
24 436.4314 1718.5983 0.019607844 -679
25 436.59573 1726.166 0.019607844 -712
26 436.59573 1728.0999 0.019607844 -745
27 436.59573 1728.0999 0.01764706 -769
0 984.0888 1046.455 0.015686275 0
1 984.0888 1046.455 0.013725491 -6
2 984.0888 1046.455 0.015686275 -25
3 981.1523 1044.9861 0.01764706 -107
4 964.83496 1045.4554 0.01764706 -140
5 943.19824 1045.4554 0.01764706 -173
6 912.3998 1045.4554 0.01764706 -189
7 880.3306 1045.4554 0.01764706 -206
8 844.4692 1045.4554 0.01764706 -222
9 766.19867 1046.8226 0.019607844 -239
10 721.9248 1046.455 0.019607844 -272
11 667.1125 1046.455 0.019607844 -288
12 623.97095 1046.455 0.019607844 -305
13 588.37555 1046.455 0.019607844 -321
14 532.2678 1046.455 0.019607844 -338
15 514.51794 1046.455 0.019607844 -371
16 501.76666 1046.455 0.019607844 -387
17 488.55087 1046.455 0.019607844 -404
18 481.70148 1046.455 0.019607844 -437
19 478.16763 1047.1494 0.019607844 -470
20 473.6224 1055.7825 0.019607844 -486
21 466.6647 1071.2485 0.019607844 -503
22 460.3114 1107.1943 0.01764706 -519
23 458.1864 1210.7948 0.019607844 -536
24 463.0385 1322.8524 0.019607844 -569
25 469.50867 1486.0375 0.01764706 -602
26 470.5643 1546.2513 0.01764706 -635
27 471.56335 1589.8553 0.019607844 -651
28 471.56335 1637.8373 0.019607844 -668
29 471.56335 1678.8849 0.01764706 -684
30 471.56335 1696.9847 0.019607844 -701
31 470.38013 1731.3381 0.01764706 -717
32 468.4758 1748.8125 0.01764706 -733
33 466.53412 1757.2203 0.01764706 -750
34 465.6238 1762.9169 0.01764706 -766
35 465.5689 1766.8015 0.01764706 -783
36 465.5689 1768.8768 0.01764706 -799
37 465.5689 1772.077 0.01764706 -816
38 465.5689 1772.077 0.01764706 -849
39 465.5689 1772.077 0.01764706 -868
0 985.0879 1047.4545 0.01764706 0
1 985.0879 1047.4545 0.01764706 0
2 985.0879 1047.4545 0.01764706 -37
3 980.4481 1046.455 0.01764706 -47
4 962.9504 1046.455 0.01764706 -137
5 941.43536 1046.455 0.01764706 -170
6 909.93195 1046.455 0.01764706 -186
7 875.6818 1046.455 0.01764706 -203
8 835.38385 1046.455 0.01764706 -220
9 796.5934 1046.455 0.01764706 -236
10 755.489 1046.455 0.01764706 -253
11 712.98016 1046.455 0.01764706 -269
12 642.4052 1046.455 0.01764706 -286
13 619.42645 1046.455 0.01764706 -307
14 583.4598 1046.455 0.019607844 -334
15 556.242 1046.455 0.019607844 -334
16 555.48566 1046.455 0.019607844 -352
17 544.49585 1046.455 0.019607844 -353
18 528.5106 1046.455 0.019607844 -379
19 507.63718 1046.455 0.019607844 -379
20 503.36673 1046.455 0.019607844 -419
21 499.68784 1046.455 0.019607844 -435
22 497.81146 1046.455 0.019607844 -452
23 495.45313 1046.455 0.019607844 -468
24 485.74652 1061.3761 0.01764706 -485
25 479.6549 1075.1759 0.01764706 -518
26 471.53625 1127.6431 0.019607844 -535
27 469.56522 1269.7555 0.019607844 -562
28 470.5643 1385.1687 0.019607844 -595
29 470.5643 1473.8579 0.01764706 -628
30 469.57245 1534.8539 0.01764706 -644
31 467.73825 1593.3452 0.019607844 -661
32 465.06454 1648.229 0.019607844 -677
33 462.87738 1682.4519 0.01764706 -694
34 460.9442 1703.7734 0.019607844 -710
35 459.02155 1717.4261 0.019607844 -727
36 457.0803 1741.0438 0.01764706 -743
37 455.15134 1750.7971 0.01764706 -760
38 453.58002 1758.2284 0.01764706 -776
39 453.58002 1762.6658 0.01764706 -793
40 453.58002 1760.8604 0.01764706 -809
41 453.58002 1759.0837 0.01764706 -842
42 458.5754 1720.1041 0.023529414 -857
0 989.08417 993.48254 0.01764706 -8
1 989.08417 993.48254 0.01764706 -8
2 989.08417 993.48254 0.01764706 -33
3 989.08417 993.48254 0.01764706 -49
4 988.47156 993.48254 0.01764706 -66
5 984.61957 993.48254 0.019607844 -82
6 978.0392 993.48254 0.019607844 -99
7 955.9172 997.52435 0.019607844 -115
8 897.5579 1003.2032 0.019607844 -148
9 863.0048 1006.69525 0.019607844 -181
10 825.2372 1016.0264 0.01764706 -198
11 786.0365 1014.2006 0.019607844 -214
12 740.28815 1023.5145 0.01764706 -231
13 637.76355 1016.29944 0.019607844 -247
14 567.1177 1009.7262 0.019607844 -280
15 543.49677 1008.47473 0.019607844 -313
16 530.5088 1007.4752 0.019607844 -328
17 510.52728 1007.4752 0.019607844 -355
18 495.93164 1007.4752 0.019607844 -355
19 489.63416 1007.4752 0.019607844 -379
20 486.05377 1007.4752 0.019607844 -395
21 474.84744 1021.03754 0.019607844 -412
22 464.23993 1054.7714 0.01764706 -445
23 457.4936 1123.9054 0.019607844 -478
24 460.61304 1220.1284 0.01764706 -511
25 464.24194 1280.4406 0.019607844 -527
26 467.8137 1341.9911 0.019607844 -544
27 472.8174 1483.4359 0.01764706 -560
28 473.56152 1542.6904 0.01764706 -593
29 468.6279 1659.4144 0.019607844 -610
30 465.70917 1688.2081 0.01764706 -643
31 463.74176 1708.3986 0.019607844 -659
32 460.84616 1738.0931 0.01764706 -676
33 458.89542 1752.4857 0.01764706 -692
34 456.93982 1759.9945 0.01764706 -709
35 455.5782 1764.202 0.01764706 -725
36 455.5782 1767.6096 0.01764706 -742
37 455.5782 1769.555 0.01764706 -758
38 455.5782 1771.4852 0.01764706 -775
39 455.5782 1772.077 0.01764706 -791
40 455.5782 1772.077 0.01764706 -808
41 455.5782 1772.077 0.01764706 -841
0 968.10364 616.6788 0.01764706 -9
1 968.10364 616.6788 0.01764706 -9
2 968.10364 616.6788 0.01764706 -27
3 968.10364 616.6788 0.01764706 -43
4 968.10364 616.6788 0.01764706 -60
5 968.10364 616.6788 0.019607844 -76
6 966.69684 616.6788 0.019607844 -109
7 961.5068 616.6788 0.019607844 -126
8 949.3408 616.6788 0.019607844 -142
9 926.80164 616.6788 0.019607844 -158
10 898.33276 616.6788 0.019607844 -175
11 866.8567 620.5279 0.019607844 -191
12 828.7031 624.17633 0.019607844 -208
13 785.82837 627.3769 0.019607844 -224
14 785.82837 627.3769 0.019607844 -241
15 687.3635 636.6684 0.019607844 -264
16 678.3719 636.6684 0.019607844 -264
17 678.3719 636.6684 0.019607844 -282
18 564.47736 638.66736 0.019607844 -301
19 555.48566 641.6658 0.019607844 -301
20 555.48566 641.6658 0.019607844 -319
21 465.5689 640.6663 0.019607844 -345
22 465.5689 640.6663 0.019607844 -345
23 424.60684 675.6481 0.01764706 -391
24 424.60684 675.6481 0.01764706 -391
25 424.60684 675.6481 0.019607844 -406
26 424.60684 675.6481 0.019607844 -439
27 424.60684 675.6481 0.019607844 -472
28 422.6087 700.1433 0.019607844 -488
29 423.7311 741.06995 0.019607844 -521
30 429.3581 804.2352 0.019607844 -538
31 437.6978 876.0412 0.019607844 -554
32 445.91977 938.1726 0.019607844 -571
33 462.03824 1074.101 0.019607844 -587
34 467.7666 1136.204 0.019607844 -620
35 470.5711 1225.6617 0.019607844 -637
36 470.5643 1257.9615 0.019607844 -653
37 468.75082 1291.8907 0.019607844 -670
38 464.96008 1324.7476 0.019607844 -686
39 464.56985 1331.0616 0.019607844 -719
40 464.56985 1335.321 0.019607844 -736
41 464.56985 1337.7377 0.019607844 -752
42 464.56985 1339.6289 0.019607844 -769
43 464.56985 1341.5149 0.019607844 -785
44 464.56985 1342.3009 0.019607844 -801
45 464.56985 1342.3009 0.01764706 -818
46 464.56985 1342.3009 0.01764706 -834
47 464.56985 1342.3009 0.01764706 -842
0 959.11194 612.6809 0.01764706 -9
1 958.11285 608.683 0.01764706 -9
2 958.11285 608.683 0.01764706 -26
3 958.11285 608.683 0.01764706 -39
4 956.4709 603.7551 0.019607844 -59
5 954.61615 598.18835 0.019607844 -75
6 951.0083 594.57916 0.019607844 -92
7 942.5955 595.45575 0.019607844 -125
8 932.8353 599.1216 0.019607844 -158
9 919.2941 602.76483 0.019607844 -174
10 898.20746 606.51086 0.019607844 -191
11 876.3604 608.9185 0.019607844 -207
12 847.1306 610.8122 0.019607844 -224
13 803.91833 612.61163 0.019607844 -240
14 765.9201 614.4485 0.019607844 -257
15 724.3608 614.6798 0.019607844 -273
16 683.5913 614.6798 0.019607844 -290
17 642.0227 614.6798 0.019607844 -306
18 600.6803 614.6798 0.019607844 -323
19 554.8592 614.6798 0.019607844 -339
20 520.40314 614.6798 0.019607844 -356
21 474.78732 614.6798 0.019607844 -372
22 455.19064 614.6798 0.019607844 -405
23 445.7334 614.6798 0.019607844 -438
24 443.34857 614.6798 0.019607844 -471
25 441.53568 614.6798 0.019607844 -488
26 437.07767 625.74457 0.019607844 -504
27 433.3041 639.55096 0.019607844 -521
28 428.60315 701.69604 0.019607844 -537
29 438.37955 849.7797 0.019607844 -570
30 460.70663 996.90674 0.019607844 -603
31 477.7477 1136.1188 0.019607844 -636
32 482.06967 1192.0557 0.019607844 -669
33 483.71115 1236.8086 0.019607844 -685
34 483.55228 1260.0614 0.019607844 -702
35 481.63284 1273.8636 0.019607844 -718
36 481.5541 1280.8246 0.019607844 -735
37 481.5541 1285.8403 0.019607844 -751
38 481.5541 1288.9624 0.019607844 -768
39 481.5541 1290.3279 0.019607844 -784
40 481.5541 1290.3279 0.019607844 -801
41 481.5541 1290.3279 0.019607844 -817
42 481.5541 1290.3279 0.01764706 -827
43 481.5541 1290.3279 0.01764706 -848
44 481.5541 1290.3279 0.01764706 -867
0 1016.0592 1045.4554 0.01764706 -93
1 1016.0592 1045.4554 0.01764706 -93
2 1006.46704 1045.4554 0.01764706 -108
3 971.70276 1045.4554 0.01764706 -141
4 942.768 1045.4554 0.01764706 -174
5 891.6428 1045.4554 0.01764706 -191
6 844.1566 1045.4554 0.01764706 -207
7 816.2442 1045.4554 0.01764706 -224
8 790.26825 1045.4554 0.01764706 -235
9 744.31085 1045.4554 0.01764706 -262
10 675.05707 1045.4554 0.01764706 -262
11 590.84393 1032.6185 0.019607844 -290
12 568.0749 1023.5117 0.019607844 -323
13 551.749 1017.5567 0.019607844 -339
14 540.6349 1014.1836 0.019607844 -356
15 533.845 1012.55743 0.019607844 -372
16 529.0103 1010.72363 0.019607844 -389
17 525.3959 1008.91565 0.019607844 -405
18 522.7908 1008.47473 0.019607844 -421
19 510.60565 1027.9482 0.019607844 -438
20 502.30017 1086.6595 0.019607844 -487
21 505.4557 1216.4755 0.019607844 -520
22 511.34546 1309.6019 0.01764706 -553
23 514.9446 1390.2318 0.019607844 -570
24 517.121 1452.6338 0.019607844 -586
25 517.5208 1512.9056 0.019607844 -603
26 516.12555 1562.513 0.019607844 -619
27 508.4363 1660.1263 0.01764706 -636
28 504.19955 1685.7899 0.01764706 -669
29 500.46844 1698.3198 0.019607844 -685
30 498.5965 1705.937 0.019607844 -702
31 496.68225 1709.8252 0.019607844 -718
32 496.54025 1712.9032 0.019607844 -735
33 496.54025 1714.8091 0.019607844 -751
34 496.54025 1716.1062 0.019607844 -768
35 496.54025 1716.1062 0.01764706 -784
36 496.54025 1716.1062 0.01764706 -808
37 496.54025 1716.1062 0.01764706 -834
38 496.54025 1716.1062 0.01764706 -837
0 1007.0675 1047.4545 0.01764706 0
1 1007.0675 1047.4545 0.01764706 0
2 1004.95074 1047.4545 0.01764706 -33
3 993.08044 1047.4545 0.01764706 -83
4 970.78766 1047.4545 0.01764706 -116
5 948.6981 1047.4545 0.01764706 -149
6 914.51337 1047.4545 0.01764706 -166
7 914.15356 1047.4545 0.01764706 -182
8 896.1702 1047.4545 0.01764706 -182
9 861.2026 1047.4545 0.01764706 -209
10 841.22107 1047.4545 0.01764706 -209
11 824.2368 1047.4545 0.01764706 -217
12 802.2572 1047.4545 0.01764706 -236
13 634.67236 1045.7146 0.01764706 -236
14 591.5848 1040.1837 0.01764706 -297
15 559.2208 1038.9178 0.01764706 -314
16 534.1787 1024.9209 0.019607844 -330
17 518.68024 1019.15436 0.019607844 -347
18 507.1401 1016.57214 0.019607844 -363
19 494.16687 1013.0138 0.019607844 -380
20 486.493 1015.55585 0.01764706 -413
21 479.9292 1025.3452 0.019607844 -446
22 476.2056 1041.0299 0.019607844 -479
23 472.0491 1066.5273 0.019607844 -495
24 470.44135 1108.991 0.01764706 -512
25 472.2431 1236.685 0.01764706 -528
26 479.35406 1367.4481 0.01764706 -561
27 482.5532 1495.082 0.019607844 -594
28 481.65436 1584.9564 0.01764706 -627
29 480.74658 1618.8563 0.01764706 -644
30 480.55505 1638.6708 0.019607844 -660
31 478.88712 1672.1627 0.01764706 -677
32 477.00845 1687.4204 0.01764706 -693
33 476.55875 1695.6779 0.01764706 -710
34 476.55875 1700.9987 0.01764706 -726
35 476.55875 1704.7885 0.01764706 -743
36 476.55875 1706.3517 0.01764706 -759
37 476.55875 1708.289 0.01764706 -776
38 476.55875 1710.2117 0.01764706 -792
39 476.55875 1710.1093 0.01764706 -809
40 476.55875 1710.1093 0.01764706 -825
