0 886.17944 604.68506 0.019607844 -52
1 886.17944 604.68506 0.019607844 -52
2 886.17944 604.68506 0.019607844 -86
3 882.1157 602.6861 0.019607844 -135
4 872.35333 602.6861 0.019607844 -168
5 863.8191 602.6861 0.019607844 -201
6 846.18787 603.8912 0.01764706 -218
7 832.4723 605.7926 0.01764706 -251
8 818.05493 607.71027 0.01764706 -267
9 779.3112 611.5121 0.01764706 -284
10 758.1014 613.42566 0.01764706 -317
11 738.00183 613.68036 0.01764706 -333
12 717.3995 613.68036 0.01764706 -350
13 699.4054 613.68036 0.01764706 -366
14 665.05493 614.6798 0.01764706 -383
15 648.43744 614.6798 0.01764706 -416
16 632.4803 614.6798 0.01764706 -432
17 619.29877 614.6798 0.01764706 -449
18 607.83466 614.6798 0.01764706 -465
19 597.2747 614.6798 0.01764706 -482
20 588.39 614.6798 0.01764706 -498
21 573.5843 614.6798 0.01764706 -515
22 566.9886 614.6798 0.01764706 -548
23 559.26404 614.6798 0.01764706 -564
24 552.7015 614.6798 0.01764706 -581
25 547.05896 614.6798 0.01764706 -597
26 541.3537 614.6798 0.01764706 -614
27 535.78613 614.6798 0.01764706 -630
28 530.0742 614.6798 0.01764706 -647
29 524.44116 614.6798 0.01764706 -663
30 518.81647 614.6798 0.01764706 -680
31 514.2277 614.6798 0.01764706 -696
32 509.44305 614.6798 0.01764706 -713
33 501.93454 614.6798 0.01764706 -729
34 499.87427 614.6798 0.01764706 -762
35 498.04877 614.6798 0.01764706 -779
36 496.20386 614.6798 0.01764706 -795
37 492.4126 614.6798 0.01764706 -812
38 490.52658 614.6798 0.01764706 -845
39 488.65182 614.6798 0.01764706 -861
40 486.77548 614.6798 0.01764706 -878
41 484.90637 614.6798 0.01764706 -894
42 484.55133 616.17596 0.01764706 -911
43 479.7451 638.9101 0.01764706 -927
44 478.28845 648.0059 0.01764706 -944
45 476.3855 654.1795 0.01764706 -960
46 475.55966 680.8527 0.01764706 -977
47 475.55966 701.02185 0.01764706 -993
48 475.55966 712.569 0.01764706 -1010
49 475.55966 765.4847 0.01764706 -1026
50 475.55966 777.1355 0.01764706 -1059
51 475.55966 818.2352 0.01764706 -1076
52 475.55966 824.5705 0.01764706 -1092
53 475.55966 831.5669 0.01764706 -1099
54 475.55966 875.54395 0.01764706 -1125
55 475.55966 886.53827 0.01764706 -1125
56 475.55966 903.5294 0.01764706 -1133
57 476.55875 940.51013 0.01764706 -1159
58 476.55875 949.50543 0.01764706 -1159
59 476.55875 1001.4784 0.01764706 -1194
60 476.55875 1010.4737 0.01764706 -1194
61 477.55783 1062.4467 0.01764706 -1228
62 477.55783 1072.4414 0.01764706 -1228
63 478.5569 1122.4154 0.01764706 -1262
64 478.5569 1132.4102 0.01764706 -1262
65 481.5541 1191.3795 0.01764706 -1304
66 481.5541 1199.3752 0.01764706 -1304
67 482.5532 1257.3451 0.01764706 -1371
68 480.22168 1267.6746 0.01764706 -1371
69 479.55597 1276.6257 0.01764706 -1389
70 479.55597 1279.4384 0.01764706 -1422
71 479.55597 1279.4384 0.01764706 -1438
0 892.1739 584.69543 0.01764706 -80
1 889.5016 584.69543 0.01764706 -80
2 856.09503 584.683 0.01764706 -92
3 815.4159 581.8943 0.01764706 -141
4 795.9432 581.697 0.01764706 -174
5 777.5874 582.9132 0.01764706 -191
6 756.7996 585.1952 0.01764706 -207
7 732.30115 585.521 0.01764706 -224
8 683.95605 588.5849 0.01764706 -240
9 641.4345 590.48956 0.01764706 -273
10 600.62946 588.17816 0.01764706 -306
11 579.91925 590.14703 0.01764706 -340
12 556.4496 586.46106 0.01764706 -356
13 539.77844 584.6153 0.01764706 -373
14 519.3739 584.7666 0.01764706 -389
15 491.33603 582.6965 0.01764706 -406
16 467.26212 583.984 0.01764706 -439
17 450.03702 587.5805 0.01764706 -472
18 444.34393 588.4417 0.01764706 -505
19 439.5264 588.69336 0.01764706 -522
20 435.86243 588.69336 0.01764706 -538
21 419.62106 595.685 0.019607844 -555
22 406.2072 615.5627 0.01764706 -588
23 395.67163 666.1782 0.019607844 -621
24 399.46182 730.06604 0.01764706 -651
25 405.62442 797.5846 0.019607844 -667
26 408.62164 827.569 0.019607844 -686
27 414.6161 887.5377 0.019607844 -712
28 422.79648 980.80493 0.01764706 -712
29 431.98932 1076.9429 0.019607844 -733
30 436.5911 1187.4374 0.019607844 -766
31 432.72565 1242.7108 0.01764706 -799
32 431.60037 1265.1742 0.019607844 -832
33 431.60037 1273.3368 0.019607844 -865
34 431.60037 1274.3363 0.019607844 -893
0 763.2933 366.80893 0.01764706 -91
1 727.9233 367.8084 0.019607844 -91
2 659.091 364.87674 0.019607844 -108
3 588.78406 359.03494 0.019607844 -141
4 552.8416 355.08572 0.019607844 -174
5 525.4529 351.26605 0.019607844 -191
6 507.8733 349.4117 0.019607844 -207
7 455.16455 345.8199 0.019607844 -224
8 401.99545 343.82092 0.019607844 -257
9 381.88257 345.173 0.019607844 -290
10 376.07184 344.8204 0.019607844 -323
11 359.15396 348.94662 0.019607844 -339
12 346.40726 351.69547 0.019607844 -356
13 329.01694 355.2346 0.019607844 -372
14 319.43246 357.81363 0.019607844 -405
15 312.23337 360.28986 0.01764706 -438
16 307.04013 375.3897 0.019607844 -471
17 302.98593 392.0967 0.01764706 -488
18 299.4268 428.32828 0.019607844 -504
19 298.72342 475.40674 0.019607844 -521
20 300.5849 555.1547 0.019607844 -537
21 306.83765 616.6529 0.019607844 -554
22 307.7151 623.6752 0.01764706 -570
23 291.7299 653.65955 0.023529414 -573
24 249.76874 796.5851 0.023529414 -624
25 255.76318 830.5674 0.023529414 -624
26 282.73822 884.5393 0.023529414 -650
27 306.716 917.5221 0.01764706 -650
28 318.7049 935.51276 0.01764706 -667
29 306.716 954.50287 0.023529414 -667
30 320.70306 981.4888 0.01764706 -675
31 180.83257 1066.4446 0.01764706 -734
32 180.83257 1066.4446 0.01764706 -734
0 864.1998 436.7725 0.01764706 -39
1 859.949 436.7725 0.01764706 -39
2 856.0753 436.7725 0.01764706 -57
3 852.2398 436.7725 0.01764706 -73
4 815.7018 442.60757 0.01764706 -90
5 779.4984 444.76834 0.019607844 -123
6 743.5236 442.32437 0.01764706 -139
7 709.1573 438.45932 0.01764706 -156
8 639.99524 433.3163 0.01764706 -172
9 600.3393 431.45398 0.019607844 -205
10 576.93317 430.77563 0.01764706 -222
11 516.2056 429.77615 0.01764706 -238
12 462.17932 429.77615 0.019607844 -271
13 448.5081 429.77615 0.01764706 -304
14 430.1299 429.77615 0.019607844 -321
15 414.35236 429.77615 0.019607844 -337
16 404.2172 429.77615 0.019607844 -354
17 396.1955 429.77615 0.019607844 -370
18 389.72934 429.77615 0.019607844 -387
19 383.20914 430.77563 0.019607844 -403
20 375.7491 436.1273 0.019607844 -420
21 370.36676 456.63312 0.019607844 -453
22 368.38434 494.78323 0.019607844 -469
23 369.83585 536.5346 0.019607844 -486
24 386.2676 614.29535 0.01764706 -502
25 393.63553 678.64655 0.01764706 -519
26 372.65494 703.6335 0.023529414 -536
27 366.6605 767.6002 0.023529414 -561
28 382.6457 801.5825 0.01764706 -561
29 394.6346 845.5596 0.01764706 -578
30 406.6235 930.5153 0.01764706 -578
31 406.6235 930.5153 0.01764706 -604
32 413.61703 1055.4503 0.01764706 -629
33 413.61703 1055.4503 0.01764706 -629
34 412.61795 1112.4205 0.01764706 -655
35 396.09625 1131.1006 0.019607844 -655
36 389.8675 1141.9482 0.019607844 -684
37 385.6429 1150.4008 0.01764706 -700
38 383.64478 1152.3998 0.019607844 -722
0 721.3321 754.60693 0.019607844 0
1 720.333 754.60693 0.019607844 -12
2 715.58466 754.60693 0.019607844 -30
3 709.1288 756.40967 0.019607844 -46
4 696.90454 758.9672 0.019607844 -63
5 676.8815 762.7553 0.019607844 -79
6 622.0929 769.95435 0.019607844 -96
7 584.46875 770.59863 0.019607844 -129
8 540.8256 772.5976 0.019607844 -145
9 471.19073 770.7445 0.019607844 -162
10 442.15945 769.8369 0.019607844 -195
11 415.58264 768.98157 0.019607844 -211
12 375.281 768.2253 0.019607844 -228
13 345.66837 766.6007 0.019607844 -261
14 328.43604 766.6007 0.019607844 -294
15 323.2722 766.6007 0.019607844 -327
16 319.55774 768.1731 0.019607844 -343
17 315.8464 770.0295 0.019607844 -360
18 312.11313 771.89685 0.019607844 -376
19 308.28488 775.026 0.019607844 -393
20 301.3767 785.1075 0.019607844 -409
21 293.95572 804.0115 0.019607844 -426
22 281.6163 864.77905 0.019607844 -442
23 278.7419 912.6979 0.019607844 -475
24 277.33084 968.8662 0.019607844 -492
25 278.7419 1029.2246 0.019607844 -508
26 278.7419 1088.1593 0.019607844 -525
27 278.7419 1088.1593 0.019607844 -541
28 268.75116 1295.3253 0.019607844 -598
29 266.75302 1315.315 0.019607844 -598
30 262.7567 1351.2961 0.019607844 -622
31 257.49966 1380.7213 0.019607844 -622
32 252.82285 1414.8645 0.019607844 -640
33 252.76596 1427.2566 0.019607844 -673
34 252.76596 1430.255 0.019607844 -698
0 820.24054 373.8053 0.01764706 -33
1 815.1703 374.98383 0.01764706 -33
2 778.0046 384.60632 0.01764706 -42
3 706.6447 397.73306 0.019607844 -75
4 623.25653 397.79282 0.01764706 -108
5 587.3844 397.03424 0.019607844 -141
6 548.05676 396.79333 0.01764706 -157
7 483.69476 396.79333 0.019607844 -174
8 460.02155 396.6829 0.019607844 -207
9 435.83987 395.79385 0.01764706 -223
10 416.17865 397.13675 0.019607844 -240
11 392.6853 400.98138 0.019607844 -256
12 385.2286 402.8938 0.019607844 -289
13 380.6497 402.7902 0.019607844 -306
14 376.8722 403.67917 0.019607844 -322
15 373.0974 405.56732 0.019607844 -339
16 369.97498 407.4702 0.019607844 -355
17 368.08868 409.3573 0.019607844 -372
18 366.18976 411.25696 0.01764706 -388
19 364.26218 413.18533 0.01764706 -405
20 361.37656 429.9534 0.019607844 -421
21 360.66605 452.001 0.01764706 -438
22 361.76392 504.61584 0.01764706 -454
23 363.67804 561.0481 0.01764706 -471
24 369.3772 619.3376 0.019607844 -487
25 373.65402 658.6569 0.019607844 -504
26 357.66882 678.64655 0.023529414 -513
27 288.73267 752.608 0.01764706 -547
28 258.36462 823.5277 0.01764706 -547
29 243.80247 921.20984 0.01764706 -570
30 240.77705 999.53827 0.01764706 -603
31 239.77798 1029.7986 0.01764706 -636
32 239.77798 1056.1527 0.01764706 -652
33 239.77798 1077.6521 0.01764706 -669
34 239.77798 1103.2322 0.01764706 -685
35 239.77798 1103.2322 0.01764706 -718
0 684.36633 755.60645 0.019607844 -24
1 681.99133 754.60693 0.019607844 -24
2 664.2597 756.6215 0.019607844 -33
3 642.62744 760.5482 0.019607844 -66
4 582.6736 770.3979 0.019607844 -83
5 545.83093 772.3695 0.019607844 -116
6 439.9709 776.5955 0.019607844 -132
7 406.12793 779.20483 0.019607844 -182
8 378.55627 779.59393 0.019607844 -198
9 321.79886 784.4302 0.019607844 -215
10 283.96112 788.0615 0.019607844 -248
11 271.17328 790.1036 0.019607844 -281
12 261.85574 791.9679 0.019607844 -297
13 255.96527 793.8525 0.019607844 -314
14 250.4237 795.7004 0.019607844 -330
15 244.9059 798.49567 0.019607844 -347
16 238.32547 804.0351 0.019607844 -363
17 232.02129 811.0324 0.019607844 -379
18 223.82397 828.2874 0.019607844 -396
19 217.41667 859.8442 0.019607844 -412
20 217.79834 874.5445 0.019607844 -429
21 217.79834 895.53357 0.019607844 -434
22 224.79185 1004.4768 0.019607844 -476
23 228.26718 1106.3013 0.019607844 -476
24 228.78816 1167.6228 0.019607844 -495
25 229.78723 1226.7733 0.019607844 -511
26 224.93257 1336.4026 0.019607844 -528
27 215.32655 1429.3987 0.019607844 -561
28 210.06186 1498.6304 0.019607844 -594
29 208.06383 1524.8716 0.019607844 -627
30 206.80852 1555.5902 0.019607844 -643
31 206.80852 1564.0815 0.019607844 -676
32 208.41559 1568.4003 0.019607844 -693
33 208.80666 1569.1827 0.01764706 -709
34 208.80666 1569.1827 0.01764706 -713
0 711.3414 748.6101 0.019607844 -66
1 709.03766 748.6101 0.019607844 -66
2 693.2917 750.62225 0.019607844 -75
3 651.32043 757.9787 0.019607844 -108
4 618.5545 761.3471 0.019607844 -141
5 580.6531 764.29236 0.019607844 -157
6 507.43146 763.12164 0.019607844 -174
7 435.56107 763.6023 0.019607844 -207
8 377.6895 764.60175 0.019607844 -240
9 344.2956 767.6553 0.019607844 -273
10 323.6225 770.59863 0.019607844 -289
11 306.65738 770.59863 0.019607844 -306
12 280.47772 774.0493 0.019607844 -322
13 270.58716 776.02826 0.019607844 -355
14 262.65076 777.87134 0.019607844 -372
15 257.15863 779.7949 0.019607844 -388
16 251.65279 781.6309 0.019607844 -405
17 248.02827 783.46295 0.019607844 -421
18 243.321 790.0422 0.019607844 -438
19 238.89641 796.72235 0.019607844 -454
20 233.284 807.57935 0.019607844 -471
21 231.78539 813.57623 0.019607844 -487
22 229.78723 827.569 0.019607844 -493
23 226.79001 862.5507 0.019607844 -518
24 226.79001 917.3338 0.019607844 -518
25 231.04591 986.6436 0.019607844 -537
26 233.78865 1052.6002 0.019607844 -553
27 236.78076 1172.681 0.019607844 -570
28 237.77983 1275.4216 0.019607844 -603
29 237.77983 1306.3196 0.019607844 -636
30 237.77983 1327.3087 0.019607844 -647
31 235.78168 1367.2878 0.019607844 -672
32 235.78168 1398.2717 0.019607844 -672
33 234.78261 1413.2639 0.019607844 -689
34 231.78539 1440.2499 0.019607844 -722
35 231.78539 1453.9092 0.019607844 -722
36 231.78539 1459.24 0.019607844 -751
37 231.78539 1461.2389 0.019607844 -764
0 623.4227 674.6486 0.019607844 -58
1 608.09674 671.98193 0.019607844 -58
2 577.3047 667.2573 0.019607844 -68
3 537.2535 663.4403 0.019607844 -84
4 496.71265 658.40784 0.019607844 -101
5 454.7318 653.68036 0.019607844 -117
6 370.96222 644.2516 0.019607844 -134
7 332.493 640.1719 0.019607844 -167
8 273.2245 634.66943 0.019607844 -183
9 231.48868 632.4409 0.019607844 -216
10 206.35785 633.5785 0.019607844 -249
11 191.54997 634.66943 0.019607844 -282
12 186.31375 634.66943 0.019607844 -315
13 182.5873 635.2909 0.019607844 -332
14 178.80536 636.6684 0.019607844 -348
15 171.61436 643.0052 0.019607844 -365
16 162.1103 671.2182 0.019607844 -398
17 155.21037 737.1801 0.019607844 -431
18 154.85661 783.9185 0.019607844 -464
19 156.35522 837.06396 0.019607844 -480
20 157.33713 901.97974 0.019607844 -496
21 161.50925 963.7095 0.019607844 -513
22 165.33017 1033.6768 0.019607844 -530
23 165.84644 1117.307 0.019607844 -546
24 164.79906 1173.7908 0.019607844 -563
25 159.84198 1220.441 0.019607844 -579
26 155.11917 1260.5914 0.019607844 -596
27 151.16113 1289.221 0.019607844 -612
28 145.2313 1330.3809 0.019607844 -629
29 143.18823 1343.3755 0.019607844 -662
30 141.86864 1351.7358 0.019607844 -678
31 141.86864 1358.2925 0.019607844 -695
32 142.86772 1359.292 0.01764706 -715
0 806.2535 373.8053 0.01764706 -9
1 803.9013 372.62875 0.01764706 -17
2 797.88715 372.80582 0.01764706 -36
3 769.5699 372.80582 0.01764706 -52
4 751.43585 373.78885 0.01764706 -69
5 682.093 374.80478 0.01764706 -85
6 617.2344 374.80478 0.01764706 -118
7 568.6171 371.4891 0.01764706 -151
8 492.04315 369.80737 0.019607844 -184
9 449.07596 365.80948 0.01764706 -217
10 417.2689 364.4309 0.019607844 -250
11 397.8172 362.2664 0.019607844 -267
12 386.3029 361.81155 0.01764706 -283
13 378.53772 361.81155 0.01764706 -300
14 344.4218 364.71744 0.019607844 -316
15 333.65558 366.61612 0.019607844 -349
16 326.05243 367.8084 0.019607844 -366
17 320.18008 368.31598 0.019607844 -382
18 312.3101 370.00763 0.01764706 -399
19 303.84055 399.06082 0.01764706 -432
20 300.86414 433.34818 0.019607844 -465
21 300.44806 473.36218 0.01764706 -481
22 302.32813 520.5787 0.01764706 -498
23 305.17712 574.8704 0.01764706 -514
24 309.84213 631.2088 0.01764706 -531
25 309.84213 631.2088 0.023529414 -547
26 215.80019 747.6106 0.019607844 -578
27 201.81314 779.59393 0.01764706 -578
28 222.79372 825.57 0.023529414 -587
29 222.79372 870.5466 0.023529414 -613
30 211.8039 886.53827 0.019607844 -613
31 202.81221 904.5289 0.019607844 -629
32 172.38498 992.42957 0.019607844 -629
33 169.84274 995.4815 0.015686275 -679
34 169.84274 995.4815 0.015686275 -681
35 351.67438 1108.4227 0.01764706 -714
36 351.67438 1108.4227 0.01764706 -714
0 671.37836 402.7902 0.01764706 -124
1 650.50507 404.37613 0.01764706 -124
2 582.0328 401.7479 0.01764706 -133
3 524.9215 403.58914 0.01764706 -166
4 508.413 401.7907 0.01764706 -199
5 483.2794 403.31268 0.01764706 -216
6 463.9653 405.14948 0.01764706 -232
7 444.0214 406.78812 0.01764706 -248
8 434.79294 406.78812 0.01764706 -281
9 430.94858 406.78812 0.01764706 -314
10 428.8966 406.78812 0.01764706 -331
11 425.15768 409.2355 0.01764706 -347
12 421.46332 412.93137 0.01764706 -380
13 393.39072 431.7685 0.01764706 -413
14 392.16507 488.2704 0.015686275 -446
15 400.93784 537.03656 0.01764706 -479
16 406.30807 591.2719 0.01764706 -496
17 413.21143 665.9694 0.01764706 -512
18 419.05566 735.71893 0.01764706 -529
19 449.83075 829.5844 0.015686275 -545
20 466.07474 959.5756 0.01764706 -562
21 469.56522 1051.1704 0.01764706 -595
22 469.56522 1121.951 0.01764706 -628
23 469.56522 1146.0765 0.01764706 -661
24 469.56522 1194.719 0.01764706 -677
25 469.56522 1210.9352 0.01764706 -710
26 469.56522 1212.3685 0.01764706 -743
27 459.57446 1215.367 0.019607844 -749
0 820.24054 378.8027 0.01764706 -41
1 811.07916 379.9692 0.01764706 -41
2 739.3616 384.87582 0.01764706 -50
3 661.23975 384.97455 0.01764706 -83
4 601.1251 383.2047 0.01764706 -116
5 577.16125 381.80115 0.01764706 -149
6 520.5669 382.80063 0.01764706 -166
7 492.77216 385.76642 0.01764706 -199
8 469.48462 389.44818 0.01764706 -215
9 453.04977 388.7975 0.01764706 -232
10 435.6784 388.7975 0.01764706 -248
11 418.19897 392.16708 0.01764706 -281
12 402.6696 394.78906 0.01764706 -298
13 392.51828 396.6171 0.01764706 -314
14 384.93555 398.46948 0.01764706 -331
15 379.68332 400.27408 0.01764706 -347
16 376.0427 402.0951 0.01764706 -364
17 372.25394 403.99026 0.01764706 -380
18 368.63452 405.80072 0.01764706 -397
19 365.81342 409.48248 0.01764706 -413
20 362.28375 417.2347 0.01764706 -430
21 360.1505 439.47925 0.01764706 -446
22 358.32874 468.52707 0.01764706 -463
23 359.667 521.3122 0.01764706 -479
24 395.89035 616.86 0.01764706 -496
25 408.8989 687.1407 0.01764706 -512
26 442.65 825.3617 0.015686275 -529
27 456.53467 930.9118 0.015686275 -562
28 445.49518 1007.70593 0.01764706 -595
29 436.7329 1042.3049 0.01764706 -628
30 430.39087 1069.2855 0.01764706 -644
31 425.44464 1089.0786 0.01764706 -661
32 423.6078 1097.6832 0.01764706 -694
33 423.6078 1099.5702 0.01764706 -727
34 423.6078 1101.5247 0.01764706 -743
35 423.6078 1102.4258 0.01764706 -760
36 423.6078 1103.4253 0.01764706 -767
0 815.2451 366.80893 0.01764706 -15
1 816.7438 366.80893 0.01764706 -15
2 810.10956 367.63657 0.01764706 -27
3 802.13135 369.589 0.01764706 -66
4 785.75183 374.1935 0.015686275 -82
5 758.88855 379.96732 0.01764706 -99
6 721.71295 388.71283 0.01764706 -115
7 688.24414 392.8795 0.015686275 -132
8 605.0597 397.03943 0.01764706 -148
9 553.31494 401.46777 0.015686275 -181
10 521.4494 403.78967 0.01764706 -198
11 460.5124 412.99713 0.01764706 -214
12 419.1925 417.72964 0.015686275 -247
13 385.69373 423.3693 0.01764706 -280
14 378.29083 423.77927 0.01764706 -313
15 372.90485 423.77927 0.015686275 -330
16 369.44827 423.77927 0.015686275 -346
17 346.59775 426.57367 0.01764706 -363
18 335.10196 428.4944 0.01764706 -379
19 327.46378 430.3341 0.01764706 -396
20 321.93643 432.15765 0.01764706 -412
21 313.4893 442.13715 0.01764706 -429
22 307.89145 477.63287 0.01764706 -462
23 307.7151 524.84045 0.01764706 -478
24 325.06226 578.1723 0.015686275 -495
25 339.39673 643.85834 0.01764706 -511
26 347.72208 715.11176 0.01764706 -528
27 356.0611 807.96375 0.01764706 -544
28 355.83105 887.5266 0.01764706 -560
29 372.46893 942.27783 0.01764706 -577
30 372.46893 942.27783 0.01764706 -593
31 362.6642 1059.4481 0.01764706 -619
32 359.83783 1078.4124 0.01764706 -619
33 357.89 1087.548 0.01764706 -643
34 356.66974 1125.7041 0.01764706 -659
35 356.66974 1134.4092 0.01764706 -692
36 340.68454 1138.4071 0.021568628 -704
0 856.2072 387.798 0.01764706 -27
1 856.2072 387.798 0.01764706 -27
2 854.1329 387.798 0.01764706 -53
3 850.30646 387.798 0.01764706 -70
4 846.5909 388.6102 0.015686275 -86
5 825.0258 395.77942 0.01764706 -103
6 798.1988 400.3482 0.015686275 -119
7 765.5641 405.82355 0.01764706 -136
8 744.12146 406.78812 0.015686275 -152
9 702.6874 410.78604 0.01764706 -169
10 608.74866 415.76395 0.015686275 -185
11 580.3542 419.46625 0.01764706 -218
12 524.7856 424.29977 0.01764706 -235
13 499.70407 427.94376 0.01764706 -268
14 478.73074 429.8733 0.01764706 -301
15 460.5845 432.66232 0.01764706 -317
16 450.10086 434.47018 0.01764706 -334
17 443.06396 434.77356 0.01764706 -350
18 437.5751 434.77356 0.01764706 -367
19 434.21722 434.77356 0.01764706 -383
20 431.58838 434.77356 0.01764706 -400
21 429.78302 434.77356 0.01764706 -416
22 426.27472 438.4328 0.01764706 -433
23 422.41367 453.73965 0.01764706 -449
24 419.38477 469.88986 0.01764706 -482
25 418.6124 530.35114 0.01764706 -499
26 417.997 631.06995 0.01764706 -515
27 420.95184 754.905 0.01764706 -548
28 422.6087 840.5622 0.01764706 -581
29 422.6087 840.5622 0.01764706 -604
30 423.6078 996.48096 0.01764706 -638
31 423.52866 1007.29736 0.01764706 -638
32 422.6087 1028.4644 0.01764706 -648
33 422.6087 1028.4644 0.01764706 -656
34 420.61053 1120.4164 0.01764706 -681
35 420.61053 1141.8875 0.01764706 -681
36 420.61053 1155.482 0.01764706 -713
37 420.61053 1160.3956 0.01764706 -746
38 420.61053 1161.395 0.01764706 -767
0 710.3423 773.59705 0.019607844 -14
1 710.3423 773.59705 0.019607844 -14
2 710.3423 773.59705 0.019607844 -32
3 707.4224 771.6368 0.019607844 -49
4 699.0551 769.7395 0.019607844 -65
5 687.07 767.8438 0.019607844 -82
6 644.90283 762.6028 0.019607844 -98
7 609.43567 760.10406 0.019607844 -131
8 568.42944 754.87555 0.019607844 -147
9 526.1903 748.74786 0.019607844 -164
10 473.72015 745.31836 0.019607844 -181
11 432.2979 745.59576 0.019607844 -197
12 370.33984 745.1942 0.019607844 -214
13 342.30478 745.61163 0.019607844 -247
14 299.46185 747.81604 0.019607844 -263
15 279.9943 748.6101 0.019607844 -296
16 265.45035 748.6101 0.019607844 -313
17 253.5611 750.47644 0.019607844 -329
18 244.45483 751.27246 0.019607844 -346
19 237.02768 753.19196 0.019607844 -362
20 231.47005 755.0452 0.019607844 -379
21 226.14194 756.822 0.019607844 -395
22 221.61774 758.69336 0.019607844 -412
23 215.94397 765.4095 0.019607844 -428
24 211.19199 776.433 0.019607844 -445
25 207.52286 791.6552 0.019607844 -461
26 205.80943 819.5767 0.019607844 -478
27 205.80943 857.3079 0.019607844 -494
28 209.20921 906.56445 0.019607844 -511
29 212.88055 987.9221 0.019607844 -527
30 215.70505 1049.8821 0.019607844 -544
31 215.80019 1085.4347 0.019607844 -560
32 216.79926 1119.417 0.019607844 -570
33 216.79926 1181.3846 0.019607844 -595
34 215.80019 1213.368 0.019607844 -595
35 213.80203 1243.3524 0.019607844 -613
36 211.8039 1269.3389 0.019607844 -613
37 209.80574 1296.3248 0.019607844 -630
38 196.14201 1414.9977 0.019607844 -630
39 192.2139 1451.1093 0.019607844 -676
40 189.61684 1492.5441 0.019607844 -692
41 189.61684 1492.5441 0.019607844 -709
42 186.82701 1525.2056 0.019607844 -732
43 186.82701 1546.4044 0.019607844 -732
44 186.82701 1552.1748 0.019607844 -758
45 188.77441 1558.0868 0.01764706 -775
46 188.82516 1558.1884 0.01764706 -791
47 188.82516 1558.1884 0.01764706 -792
0 836.2257 372.80582 0.01764706 -8
1 836.2257 372.80582 0.01764706 -18
2 818.5953 375.7258 0.01764706 -52
3 804.1693 379.5412 0.01764706 -69
4 770.763 390.63766 0.01764706 -85
5 734.3411 398.07385 0.015686275 -102
6 700.7014 404.4072 0.01764706 -118
7 658.76917 411.3071 0.01764706 -135
8 633.98303 415.5219 0.01764706 -151
9 592.8138 420.9122 0.01764706 -168
10 548.1407 428.56802 0.01764706 -184
11 519.4046 432.80002 0.01764706 -201
12 465.05112 444.50064 0.01764706 -217
13 433.5635 449.6418 0.015686275 -250
14 400.25656 459.2184 0.01764706 -283
15 392.35577 462.89935 0.01764706 -316
16 386.76898 464.71558 0.01764706 -333
17 382.04358 466.55835 0.01764706 -349
18 378.3346 469.07077 0.01764706 -366
19 374.65784 472.749 0.01764706 -382
20 367.25122 483.5656 0.01764706 -399
21 362.3162 515.0539 0.01764706 -432
22 361.66513 559.8678 0.01764706 -448
23 374.51364 614.4008 0.01764706 -465
24 392.57217 672.65027 0.015686275 -481
25 403.50235 740.99646 0.01764706 -498
26 410.11533 816.50244 0.01764706 -515
27 414.5378 880.90466 0.01764706 -531
28 418.29013 950.74744 0.01764706 -548
29 421.60962 1048.4539 0.01764706 -564
30 396.63275 1075.4398 0.023529414 -587
31 411.61887 1148.4019 0.01764706 -612
32 417.00104 1193.8301 0.01764706 -612
33 419.61148 1233.3575 0.01764706 -630
34 419.61148 1233.3575 0.01764706 -646
35 426.605 1305.3201 0.01764706 -671
36 426.605 1305.3201 0.01764706 -671
0 837.2248 406.78812 0.019607844 -7
1 837.2248 406.78812 0.01764706 -16
2 837.2248 406.78812 0.015686275 -42
3 806.674 413.09314 0.01764706 -75
4 771.9961 420.6387 0.01764706 -108
5 739.0286 425.87973 0.015686275 -124
6 702.083 429.21536 0.01764706 -141
7 633.40125 431.77512 0.015686275 -157
8 586.86053 434.8674 0.01764706 -190
9 544.59247 436.76627 0.015686275 -207
10 503.62668 441.1722 0.015686275 -223
11 472.55127 446.36826 0.01764706 -256
12 453.33258 448.2305 0.01764706 -273
13 441.5686 450.10266 0.01764706 -289
14 428.53723 453.7856 0.015686275 -306
15 407.2896 460.53787 0.01764706 -339
16 396.71082 464.3269 0.01764706 -355
17 389.0877 467.39456 0.01764706 -372
18 383.69788 469.22903 0.01764706 -388
19 380.00345 471.07697 0.01764706 -405
20 375.0527 475.35242 0.01764706 -421
21 371.58133 481.89822 0.01764706 -438
22 381.69647 532.36 0.015686275 -454
23 394.05273 579.46967 0.015686275 -487
24 404.67136 642.64276 0.01764706 -504
25 409.62073 684.6434 0.01764706 -520
26 389.63922 710.6299 0.023529414 -532
27 426.605 796.5851 0.015686275 -557
28 444.83496 846.1492 0.015686275 -557
29 468.87488 983.9232 0.01764706 -570
30 470.86536 1011.6916 0.01764706 -603
31 472.56244 1105.9249 0.01764706 -619
32 472.56244 1129.7473 0.01764706 -652
33 472.56244 1148.7115 0.01764706 -669
34 472.56244 1153.6073 0.01764706 -702
35 472.56244 1155.3982 0.01764706 -718
36 459.57446 1158.3966 0.019607844 -726
0 665.3839 309.83862 0.01764706 -5
1 649.7387 314.28894 0.019607844 -39
2 634.69794 318.03845 0.019607844 -65
3 602.03375 325.08682 0.019607844 -82
4 577.2501 330.87738 0.019607844 -98
5 534.4269 338.63928 0.019607844 -115
6 508.90735 342.50446 0.019607844 -131
7 438.03842 351.48364 0.019607844 -148
8 404.33286 356.7823 0.019607844 -181
9 376.9057 360.57825 0.019607844 -197
10 343.5651 364.03302 0.019607844 -214
11 317.03372 365.9289 0.019607844 -230
12 283.94202 370.7776 0.019607844 -247
13 262.5772 373.6399 0.019607844 -263
14 240.62627 376.15753 0.019607844 -280
15 222.21187 379.3142 0.019607844 -296
16 212.11516 381.1392 0.019607844 -313
17 205.20973 382.95062 0.019607844 -329
18 200.66978 384.87173 0.019607844 -346
19 193.27939 389.33887 0.019607844 -362
20 185.83278 400.78156 0.019607844 -395
21 179.59528 425.8512 0.019607844 -428
22 177.71118 454.62738 0.019607844 -461
23 177.83534 515.0355 0.019607844 -478
24 177.83534 567.19617 0.019607844 -494
25 178.56902 622.2381 0.019607844 -511
26 180.48712 685.2328 0.019607844 -527
27 180.83257 747.2344 0.019607844 -544
28 181.83163 808.8725 0.019607844 -560
29 181.83163 864.41943 0.01764706 -577
30 181.83163 953.80945 0.019607844 -593
31 181.83163 997.75543 0.019607844 -626
32 181.83163 1028.3883 0.019607844 -643
33 181.83163 1052.287 0.01764706 -659
34 181.83163 1060.4476 0.01764706 -676
35 181.83163 1060.4476 0.01764706 -683
0 838.2239 373.8053 0.01764706 -24
1 818.1807 375.91037 0.01764706 -33
2 791.4247 379.93515 0.01764706 -58
3 772.2849 379.8022 0.01764706 -75
4 772.2849 379.8022 0.01764706 -83
5 368.65866 344.8204 0.015686275 -157
6 368.65866 344.8204 0.01764706 -157
7 367.7084 344.8204 0.01764706 -174
8 362.0959 344.8204 0.019607844 -190
9 345.84036 347.54892 0.019607844 -207
10 327.967 351.24936 0.019607844 -223
11 322.7534 353.132 0.019607844 -256
12 315.7228 356.80658 0.019607844 -273
13 306.57953 362.23572 0.019607844 -306
14 300.99402 366.53635 0.019607844 -339
15 292.8329 372.97015 0.019607844 -355
16 280.11755 380.88367 0.019607844 -372
17 271.11676 387.27243 0.019607844 -388
18 263.8127 394.7232 0.019607844 -405
19 257.38037 403.75858 0.019607844 -421
20 251.88773 413.5427 0.019607844 -438
21 246.38557 424.55142 0.019607844 -454
22 241.01407 438.80548 0.019607844 -471
23 236.56209 457.85593 0.019607844 -487
24 232.92921 497.63992 0.019607844 -504
25 231.78539 548.7125 0.019607844 -520
26 236.61497 665.2497 0.019607844 -537
27 240.86008 800.5749 0.019607844 -570
28 241.77614 831.5669 0.019607844 -603
29 241.77614 831.5669 0.019607844 -610
30 424.60684 1056.4497 0.01764706 -644
31 423.6078 1057.4492 0.01764706 -644
32 423.6078 1057.4492 0.01764706 -653
33 419.61148 1121.4159 0.01764706 -670
34 419.61148 1126.4133 0.01764706 -670
35 419.61148 1126.4133 0.01764706 -679
36 417.6133 1180.3851 0.01764706 -704
37 416.61426 1192.3789 0.01764706 -704
38 403.62628 1195.3773 0.019607844 -755
0 787.27106 431.77512 0.01764706 -41
1 786.2679 431.77512 0.015686275 -49
2 765.0415 431.77512 0.01764706 -66
3 747.4335 432.7746 0.01764706 -83
4 708.7368 432.7746 0.01764706 -99
5 674.0092 432.10712 0.015686275 -116
6 593.8738 428.90927 0.01764706 -132
7 574.1941 427.12268 0.01764706 -165
8 514.1077 425.77823 0.01764706 -182
9 470.92328 425.77823 0.01764706 -215
10 453.08533 425.77823 0.01764706 -231
11 425.38907 424.32117 0.015686275 -248
12 401.20563 424.77875 0.01764706 -281
13 390.6416 427.11032 0.01764706 -297
14 382.91193 427.96048 0.01764706 -314
15 377.34964 429.87643 0.01764706 -330
16 373.67654 431.76385 0.01764706 -347
17 369.9734 433.61618 0.01764706 -363
18 366.24417 443.14444 0.01764706 -380
19 362.50647 459.5501 0.01764706 -396
20 359.20184 485.98932 0.01764706 -413
21 358.6679 497.74075 0.01764706 -429
22 358.6679 497.74075 0.01764706 -434
23 306.716 643.66473 0.01764706 -485
24 288.3775 663.1573 0.01764706 -485
25 265.56323 726.67053 0.01764706 -495
26 259.7595 756.6059 0.01764706 -512
27 259.7595 756.6059 0.01764706 -519
28 467.56708 998.4799 0.013725491 -544
29 466.568 1013.4721 0.015686275 -544
30 466.568 1013.4721 0.015686275 -561
31 423.6078 1120.4164 0.01764706 -604
32 421.60962 1134.4092 0.01764706 -604
33 421.60962 1134.4092 0.01764706 -638
34 422.6087 1170.3904 0.01764706 -663
35 422.6087 1170.3904 0.01764706 -663
0 833.2285 335.82507 0.015686275 -49
1 833.2285 335.82507 0.015686275 -49
2 749.3062 354.8152 0.015686275 -125
3 706.92914 359.94128 0.01764706 -125
4 650.63837 361.5956 0.01764706 -143
5 629.63385 362.13306 0.01764706 -175
6 593.3843 364.88547 0.01764706 -192
7 537.5877 368.04144 0.01764706 -208
8 482.51846 373.57733 0.015686275 -241
9 445.24155 376.80374 0.01764706 -274
10 436.91965 377.22247 0.015686275 -307
11 415.2905 380.2176 0.01764706 -324
12 397.66824 381.80115 0.01764706 -340
13 386.94894 381.80115 0.01764706 -357
14 379.56686 381.80115 0.01764706 -373
15 374.44135 381.80115 0.01764706 -390
16 370.75974 381.80115 0.01764706 -406
17 367.0989 381.80115 0.01764706 -423
18 362.74313 388.5606 0.01764706 -439
19 359.06406 401.205 0.01764706 -472
20 356.66974 425.52567 0.01764706 -489
21 356.66974 453.37445 0.01764706 -505
22 357.01358 502.37485 0.01764706 -522
23 357.9866 557.11694 0.01764706 -538
24 398.7547 724.17163 0.015686275 -555
25 408.99707 855.2546 0.015686275 -588
26 412.2594 926.622 0.01764706 -621
27 412.61795 1031.0833 0.01764706 -637
28 412.61795 1066.2014 0.01764706 -670
29 410.6198 1121.5043 0.01764706 -687
30 410.6198 1146.9696 0.01764706 -720
31 410.6198 1146.9696 0.019607844 -753
0 837.2248 330.8277 0.01764706 -33
1 837.2248 330.8277 0.01764706 -33
2 829.224 333.82916 0.01764706 -51
3 814.0517 340.47748 0.01764706 -67
4 770.48627 351.43036 0.01764706 -84
5 707.17444 360.53818 0.01764706 -117
6 651.13 364.8257 0.01764706 -150
7 612.5262 365.80948 0.015686275 -183
8 582.82056 366.80893 0.01764706 -199
9 558.2584 367.8084 0.01764706 -216
10 526.1105 369.14536 0.01764706 -232
11 487.3362 372.8308 0.01764706 -249
12 460.85617 372.80582 0.01764706 -282
13 447.44843 372.80582 0.01764706 -298
14 438.5974 373.3047 0.01764706 -315
15 432.64117 373.8053 0.01764706 -331
16 428.2059 373.8053 0.01764706 -348
17 415.61166 376.8047 0.01764706 -364
18 402.54068 381.49683 0.01764706 -381
19 394.861 383.49362 0.01764706 -397
20 389.06094 385.32556 0.01764706 -414
21 383.5983 388.49533 0.01764706 -430
22 377.9629 393.4822 0.01764706 -447
23 372.5429 405.08804 0.01764706 -463
24 365.66144 467.00525 0.01764706 -480
25 365.66144 475.7522 0.01764706 -513
26 365.66144 475.7522 0.01764706 -516
27 293.72803 660.6559 0.019607844 -585
28 294.7271 698.6361 0.023529414 -585
29 277.74283 723.6231 0.019607844 -602
30 259.8511 780.6807 0.019607844 -602
31 243.00085 899.3697 0.019607844 -612
32 240.94975 945.5317 0.019607844 -645
33 238.03246 997.9174 0.019607844 -661
34 235.78168 1042.457 0.019607844 -678
35 254.76411 1070.4425 0.023529414 -697
36 247.77058 1089.4326 0.019607844 -722
37 242.7752 1109.4221 0.01764706 -722
38 257.76132 1129.4117 0.023529414 -739
0 834.2276 395.79385 0.01764706 -26
1 834.2276 395.79385 0.015686275 -43
2 814.4056 404.60715 0.01764706 -62
3 779.4034 414.95386 0.01764706 -78
4 779.4034 414.95386 0.01764706 -95
5 662.38666 431.77512 0.01764706 -142
6 630.8985 434.89023 0.015686275 -142
7 585.90735 436.7444 0.01764706 -161
8 551.475 441.15704 0.015686275 -177
9 521.443 443.4419 0.01764706 -194
10 504.97263 446.7844 0.015686275 -210
11 456.9679 458.11893 0.01764706 -227
12 445.1971 459.76053 0.01764706 -260
13 437.0348 459.76053 0.015686275 -276
14 431.44598 459.76053 0.015686275 -293
15 427.5363 459.76053 0.015686275 -309
16 423.91965 459.76053 0.015686275 -326
17 420.18887 466.39017 0.01764706 -342
18 418.59576 471.8042 0.01764706 -359
19 413.61703 499.98724 0.015686275 -375
20 413.61703 520.48346 0.015686275 -408
21 411.61887 564.4374 0.01764706 -425
22 413.61703 695.15985 0.01764706 -441
23 414.6161 758.77185 0.01764706 -474
24 416.8975 825.59863 0.01764706 -491
25 417.6133 839.5627 0.01764706 -507
26 395.63367 857.55334 0.023529414 -511
0 709.3432 302.84225 0.019607844 -6
1 702.3497 302.84225 0.019607844 -14
2 691.11865 303.88998 0.019607844 -32
3 674.8804 305.7902 0.019607844 -49
4 646.5507 310.48007 0.019607844 -65
5 611.8188 315.69937 0.019607844 -82
6 579.07227 320.05582 0.019607844 -98
7 536.06573 325.823 0.019607844 -115
8 460.72098 332.04108 0.019607844 -131
9 413.73846 334.88223 0.019607844 -164
10 372.581 336.69162 0.019607844 -181
11 339.40427 338.4873 0.019607844 -197
12 305.82312 339.31793 0.019607844 -214
13 262.34326 340.82248 0.019607844 -230
14 246.09961 340.82248 0.019607844 -263
15 230.97617 341.60306 0.019607844 -280
16 218.2424 344.4132 0.019607844 -296
17 210.56174 346.2341 0.019607844 -313
18 205.12837 348.04596 0.019607844 -329
19 201.55544 349.9467 0.019607844 -346
20 197.87975 354.72076 0.019607844 -362
21 194.22255 365.40134 0.019607844 -379
22 191.82239 375.80426 0.019607844 -395
23 213.80203 398.7923 0.023529414 -406
24 229.78723 445.76782 0.023529414 -433
25 227.7891 465.75742 0.019607844 -433
26 226.79001 496.74127 0.019607844 -450
27 233.47299 621.8652 0.019607844 -450
28 238.80544 744.2494 0.019607844 -479
29 240.66205 829.388 0.019607844 -494
30 274.33035 924.2098 0.019607844 -511
31 281.73914 935.51276 0.023529414 -527
32 271.74838 956.5018 0.019607844 -529
33 262.7567 983.48773 0.019607844 -546
34 242.40082 1108.7952 0.019607844 -546
35 240.41031 1123.9841 0.019607844 -610
36 239.77798 1132.7557 0.019607844 -626
37 239.77798 1142.405 0.01764706 -643
38 239.77798 1142.405 0.01764706 -674
0 895.17114 432.7746 0.01764706 -5
1 895.17114 432.7746 0.01764706 -23
2 883.0213 433.87958 0.01764706 -41
3 866.9399 435.80518 0.015686275 -57
4 826.7065 439.59787 0.01764706 -74
5 787.41895 442.57736 0.015686275 -90
6 702.8118 450.26797 0.01764706 -107
7 649.19196 449.36575 0.01764706 -140
8 580.0686 452.80563 0.015686275 -156
9 510.70346 461.40674 0.015686275 -189
10 463.8656 469.4793 0.01764706 -222
11 443.69873 474.72534 0.01764706 -255
12 434.34433 478.3776 0.01764706 -288
13 431.13495 479.75012 0.01764706 -321
14 429.3286 479.75012 0.01764706 -338
15 425.31387 481.89517 0.01764706 -354
16 421.65283 486.68164 0.01764706 -371
17 417.96225 493.04468 0.01764706 -387
18 414.97083 506.47528 0.015686275 -404
19 413.15363 533.1435 0.01764706 -420
20 413.721 620.7988 0.01764706 -437
21 415.61517 672.64966 0.01764706 -470
22 388.64014 700.6351 0.023529414 -478
23 380.64755 768.5997 0.023529414 -504
24 364.66235 801.5825 0.023529414 -504
25 324.69934 850.557 0.019607844 -529
26 294.58456 989.9107 0.019607844 -529
27 290.7308 1084.9246 0.019607844 -569
28 289.73172 1121.5963 0.019607844 -602
29 288.73267 1146.4028 0.019607844 -619
30 307.7151 1176.3873 0.023529414 -633
0 873.19147 390.79645 0.01764706 -14
1 873.19147 390.79645 0.015686275 -14
2 870.2438 391.77942 0.015686275 -40
3 862.80646 394.49185 0.01764706 -57
4 818.14813 402.7902 0.01764706 -73
5 743.8763 407.461 0.015686275 -106
6 651.3383 403.62442 0.015686275 -139
7 568.35095 406.78812 0.015686275 -172
8 529.8718 409.42926 0.01764706 -205
9 508.0074 408.78708 0.015686275 -221
10 454.40106 413.91534 0.01764706 -237
11 442.90918 415.91953 0.01764706 -270
12 433.7199 415.78345 0.015686275 -287
13 427.94678 417.611 0.015686275 -303
14 423.55176 421.83636 0.015686275 -320
15 420.61053 426.7777 0.015686275 -336
16 420.61053 426.7777 0.015686275 -348
17 409.62073 500.7392 0.015686275 -392
18 409.62073 500.7392 0.015686275 -392
19 410.6198 564.7059 0.015686275 -417
20 412.85153 617.1208 0.01764706 -417
21 413.572 676.06964 0.01764706 -436
22 413.61703 677.64703 0.01764706 -452
23 392.63644 702.63403 0.023529414 -452
24 385.6429 766.6007 0.023529414 -478
25 398.6309 803.5814 0.01764706 -478
26 421.60962 1098.4279 0.01764706 -554
27 421.60962 1098.4279 0.01764706 -554
28 419.61148 1166.3925 0.01764706 -579
29 419.61148 1166.3925 0.01764706 -579
30 418.6124 1184.383 0.01764706 -596
31 418.6124 1189.3805 0.01764706 -596
32 396.63275 1192.3789 0.023529414 -605
33 301.72064 1190.38 0.01764706 -646
34 301.72064 1190.38 0.01764706 -646
0 880.185 349.81778 0.01764706 -48
1 868.704 351.915 0.01764706 -48
2 860.1884 353.8195 0.015686275 -65
3 815.5989 363.33994 0.01764706 -82
4 759.84796 370.88156 0.01764706 -115
5 698.8269 379.13934 0.015686275 -148
6 658.3952 386.33362 0.01764706 -181
7 609.2418 392.67337 0.015686275 -197
8 553.40204 398.55313 0.015686275 -214
9 506.3209 402.54474 0.015686275 -247
10 463.1978 405.74045 0.01764706 -280
11 446.31317 403.0059 0.015686275 -313
12 435.56293 402.7902 0.015686275 -329
13 410.382 404.24182 0.01764706 -346
14 396.2732 406.08347 0.01764706 -362
15 386.8567 405.78864 0.01764706 -379
16 380.70337 407.76898 0.01764706 -395
17 376.05237 409.58636 0.01764706 -412
18 372.41797 411.40433 0.01764706 -428
19 368.76602 413.23102 0.01764706 -445
20 365.14075 416.30435 0.01764706 -461
21 361.40646 428.94162 0.01764706 -478
22 358.7253 478.96942 0.01764706 -494
23 358.6679 501.73868 0.01764706 -511
24 336.68826 521.7283 0.023529414 -520
25 293.72803 643.66473 0.023529414 -564
26 278.7419 663.65436 0.019607844 -564
27 266.75302 690.64026 0.019607844 -582
28 255.75902 729.6387 0.019607844 -582
29 242.53671 830.1482 0.019607844 -594
30 238.84082 890.7305 0.019607844 -626
31 235.11552 930.1833 0.019607844 -659
32 233.78354 947.9652 0.019607844 -692
33 233.78354 963.5329 0.019607844 -709
34 233.78354 993.7014 0.019607844 -725
35 233.78354 1008.5576 0.019607844 -758
36 233.78354 1008.5576 0.023529414 -775
37 247.77058 1032.4623 0.019607844 -799
38 243.79285 1042.4014 0.019607844 -799
39 241.8855 1046.2361 0.019607844 -824
40 239.77798 1051.0771 0.019607844 -841
41 239.77798 1054.9442 0.019607844 -874
42 239.77798 1055.4503 0.01764706 -907
43 239.77798 1055.4503 0.01764706 -912
