0 767.28955 301.84277 0.019607844 -235
1 761.977 301.84277 0.019607844 -235
2 752.0385 301.84277 0.019607844 -258
3 740.84686 301.84277 0.019607844 -290
4 722.7326 305.76038 0.019607844 -323
5 700.10876 308.83914 0.019607844 -356
6 671.9164 313.33252 0.01764706 -389
7 638.5757 317.1496 0.019607844 -422
8 602.5437 320.91452 0.01764706 -455
9 551.4406 324.8308 0.01764706 -488
10 528.72833 324.8308 0.01764706 -521
11 507.05438 325.8303 0.019607844 -537
12 484.84708 325.8303 0.01764706 -554
13 466.00504 325.8303 0.019607844 -570
14 426.337 326.82977 0.01764706 -587
15 379.48642 330.53262 0.019607844 -619
16 357.37082 330.8277 0.01764706 -652
17 316.521 332.82663 0.01764706 -669
18 277.26636 332.82663 0.01764706 -702
19 238.23044 334.8256 0.01764706 -735
20 209.94731 335.82507 0.019607844 -768
21 197.92462 336.82455 0.019607844 -801
22 172.57616 337.82404 0.01764706 -817
23 153.8289 337.82404 0.019607844 -850
24 146.2876 337.82404 0.019607844 -883
25 137.95412 337.82404 0.019607844 -899
26 134.2432 337.82404 0.019607844 -932
27 130.68979 337.82404 0.019607844 -949
28 128.43321 337.82404 0.019607844 -965
29 126.66283 337.82404 0.019607844 -982
30 123.84323 338.82352 0.019607844 -998
31 121.04719 341.5036 0.019607844 -1015
32 119.24589 345.10764 0.019607844 -1031
33 117.44905 348.7028 0.019607844 -1047
34 114.893616 358.99338 0.019607844 -1064
35 112.99193 365.4235 0.019607844 -1097
36 109.38614 384.36267 0.01764706 -1113
37 108.89917 396.7158 0.019607844 -1146
38 108.89917 411.80783 0.01764706 -1163
39 106.76803 430.1071 0.01764706 -1179
40 107.862915 458.05438 0.019607844 -1196
41 107.90009 496.09442 0.019607844 -1212
42 108.56847 534.1016 0.01764706 -1229
43 110.43165 574.5144 0.019607844 -1245
44 112.30442 615.256 0.01764706 -1261
45 114.17385 659.6454 0.01764706 -1278
46 115.89269 702.7566 0.01764706 -1294
47 117.848045 806.5946 0.01764706 -1311
48 117.89084 889.10565 0.019607844 -1344
49 117.36864 971.94745 0.01764706 -1377
50 116.89177 1010.45966 0.01764706 -1410
51 114.098206 1047.0181 0.01764706 -1426
52 111.64612 1119.1768 0.01764706 -1442
53 109.89824 1209.6677 0.01764706 -1475
54 109.89824 1255.5356 0.01764706 -1508
55 108.86264 1290.9857 0.01764706 -1525
56 104.87443 1321.5109 0.01764706 -1541
57 104.87443 1321.5109 0.01764706 -1558
0 798.26086 859.5523 0.019607844 -255
1 782.9753 860.9182 0.019607844 -255
2 749.6908 863.752 0.019607844 -275
3 728.7148 863.55023 0.019607844 -308
4 686.7574 863.55023 0.019607844 -325
5 640.33386 861.9989 0.019607844 -358
6 595.09393 861.5513 0.019607844 -390
7 552.42487 861.5513 0.019607844 -423
8 522.7623 861.5513 0.019607844 -456
9 499.754 861.5513 0.019607844 -473
10 478.27896 862.11084 0.019607844 -489
11 455.67868 862.5507 0.019607844 -506
12 438.12582 862.5507 0.019607844 -522
13 417.33405 862.5507 0.019607844 -539
14 396.31772 862.5507 0.019607844 -555
15 376.3012 862.5507 0.019607844 -572
16 356.73883 863.128 0.019607844 -588
17 337.5556 862.13776 0.019607844 -604
18 322.86447 862.5507 0.019607844 -621
19 307.989 862.5507 0.019607844 -637
20 291.4906 862.5507 0.019607844 -654
21 276.449 862.5507 0.019607844 -670
22 265.72952 862.5507 0.019607844 -687
23 256.64935 862.5507 0.019607844 -703
24 240.60008 862.5507 0.019607844 -720
25 227.71027 862.5507 0.019607844 -753
26 222.14954 862.5507 0.019607844 -786
27 213.43985 862.5507 0.019607844 -802
28 211.75795 862.5507 0.019607844 -835
29 209.95583 863.4001 0.019607844 -851
30 206.34157 863.55023 0.019607844 -868
31 201.72304 872.7258 0.019607844 -901
32 199.86673 878.3354 0.019607844 -934
33 198.05174 886.5977 0.019607844 -950
34 196.22542 893.906 0.019607844 -967
35 193.36066 901.37177 0.019607844 -983
36 189.76605 929.0402 0.019607844 -999
37 186.9986 978.5706 0.019607844 -1032
38 186.07755 1012.4759 0.019607844 -1065
39 185.82794 1048.7458 0.019607844 -1082
40 185.82794 1087.1758 0.019607844 -1098
41 184.49208 1129.1649 0.019607844 -1115
42 184.82886 1173.4144 0.019607844 -1131
43 184.82886 1219.3394 0.019607844 -1148
44 181.84286 1281.0182 0.019607844 -1164
45 174.25291 1370.3151 0.019607844 -1181
46 170.26454 1453.1104 0.019607844 -1213
47 166.84552 1539.7657 0.019607844 -1246
48 166.84552 1586.551 0.019607844 -1279
49 169.84274 1684.0135 0.019607844 -1296
50 170.84181 1731.2986 0.019607844 -1329
51 172.83997 1796.0057 0.019607844 -1345
52 175.83719 1844.0396 0.019607844 -1362
53 175.83719 1844.0396 0.019607844 -1378
0 738.3164 347.81885 0.019607844 -250
1 719.0409 351.47858 0.019607844 -250
2 701.4783 353.3573 0.019607844 -273
3 668.68915 358.1518 0.019607844 -290
4 646.7437 360.96268 0.019607844 -322
5 619.45325 362.8091 0.019607844 -339
6 594.93665 364.81 0.019607844 -355
7 570.65814 365.4876 0.019607844 -372
8 546.9935 367.30865 0.019607844 -388
9 523.8351 367.8084 0.019607844 -405
10 495.86584 370.05225 0.019607844 -421
11 463.1121 370.80685 0.019607844 -438
12 435.1375 371.80634 0.019607844 -454
13 412.23087 371.80634 0.019607844 -471
14 387.7733 371.80634 0.019607844 -487
15 365.72006 371.80634 0.019607844 -504
16 346.792 371.80634 0.019607844 -520
17 321.04138 372.78326 0.019607844 -536
18 282.1461 372.80582 0.019607844 -553
19 265.40555 371.43445 0.019607844 -586
20 234.90475 372.80582 0.019607844 -602
21 219.76608 371.80634 0.019607844 -635
22 208.30278 371.80634 0.019607844 -652
23 196.93317 371.80634 0.019607844 -668
24 187.08907 370.80685 0.019607844 -685
25 178.21333 370.80685 0.019607844 -701
26 171.70117 370.80685 0.019607844 -718
27 163.37881 370.80685 0.019607844 -734
28 159.70213 370.80685 0.019607844 -767
29 158.01265 370.80685 0.019607844 -783
30 156.24078 370.80685 0.019607844 -800
31 152.72052 370.80685 0.019607844 -816
32 150.92003 371.7466 0.019607844 -849
33 149.13104 373.53632 0.019607844 -866
34 147.34686 375.32123 0.019607844 -882
35 145.57854 377.09027 0.019607844 -899
36 144.86586 383.13116 0.019607844 -915
37 144.86586 391.19507 0.019607844 -932
38 144.86586 400.08276 0.019607844 -948
39 144.86586 409.53598 0.019607844 -965
40 143.62773 420.2168 0.01764706 -981
41 142.86772 429.29932 0.01764706 -997
42 142.86772 447.77634 0.019607844 -1014
43 141.15948 465.85547 0.019607844 -1030
44 139.33209 487.213 0.01764706 -1047
45 138.87141 515.6705 0.019607844 -1063
46 139.87048 545.4015 0.01764706 -1080
47 144.98175 603.8165 0.019607844 -1096
48 149.49487 655.114 0.01764706 -1113
49 154.86647 701.199 0.01764706 -1129
50 159.85199 795.0136 0.019607844 -1146
51 162.21854 894.7521 0.019607844 -1179
52 164.84737 1031.9586 0.019607844 -1211
53 163.8483 1089.4065 0.01764706 -1244
54 161.27133 1184.1765 0.019607844 -1261
55 157.08972 1223.1891 0.01764706 -1294
56 151.73582 1257.6713 0.019607844 -1310
57 144.86586 1290.3279 0.01764706 -1327
58 143.86679 1306.3196 0.019607844 -1346
0 774.2831 926.5174 0.019607844 -212
1 762.8337 927.7901 0.019607844 -212
2 720.48456 929.56573 0.019607844 -223
3 670.1456 932.31683 0.019607844 -256
4 615.20746 933.5138 0.019607844 -289
5 586.76044 933.5138 0.019607844 -322
6 560.8948 933.5138 0.019607844 -338
7 532.5902 934.51324 0.019607844 -355
8 500.3358 936.4742 0.019607844 -371
9 469.49585 938.3159 0.019607844 -388
10 445.4483 939.1369 0.019607844 -404
11 421.66733 939.96747 0.019607844 -421
12 399.49896 941.7704 0.019607844 -437
13 380.5953 941.5096 0.019607844 -454
14 356.67648 943.3744 0.019607844 -470
15 335.62604 945.24066 0.019607844 -487
16 316.53085 945.5075 0.019607844 -503
17 298.04895 946.8743 0.019607844 -519
18 281.3734 948.6577 0.019607844 -536
19 267.63742 948.506 0.019607844 -552
20 240.16486 949.50543 0.019607844 -569
21 229.43633 949.50543 0.019607844 -602
22 221.7492 949.50543 0.019607844 -618
23 215.50471 949.50543 0.019607844 -635
24 211.04808 949.50543 0.019607844 -651
25 207.44312 949.50543 0.019607844 -668
26 203.82503 949.50543 0.019607844 -684
27 200.78639 949.50543 0.019607844 -701
28 197.17934 949.50543 0.019607844 -733
29 195.34982 949.50543 0.019607844 -766
30 193.57527 950.7503 0.019607844 -783
31 193.82054 953.6471 0.019607844 -799
32 193.82054 956.3958 0.019607844 -816
33 193.82054 961.67365 0.019607844 -832
34 192.4909 974.8156 0.019607844 -849
35 188.73863 1002.25745 0.019607844 -882
36 186.84099 1034.1257 0.019607844 -915
37 185.97678 1064.9127 0.019607844 -931
38 184.82886 1099.9983 0.019607844 -948
39 183.82979 1136.8428 0.019607844 -964
40 183.37697 1176.9052 0.019607844 -980
41 182.83072 1216.2152 0.019607844 -997
42 179.41042 1254.5813 0.019607844 -1013
43 176.63673 1295.5221 0.019607844 -1030
44 171.86307 1352.0219 0.019607844 -1046
45 169.93259 1404.7502 0.019607844 -1063
46 167.03975 1454.3821 0.019607844 -1079
47 164.38625 1505.2162 0.019607844 -1096
48 163.19069 1555.6449 0.019607844 -1112
49 162.28006 1607.1141 0.019607844 -1129
50 159.85199 1657.4412 0.019607844 -1145
51 157.45578 1711.4677 0.019607844 -1162
52 156.85477 1763.4163 0.019607844 -1178
53 155.85568 1806.0912 0.019607844 -1194
54 156.85477 1842.0405 0.019607844 -1211
55 156.85477 1842.0405 0.019607844 -1225
0 744.31085 375.80426 0.019607844 -186
1 727.3987 377.52408 0.019607844 -186
2 688.91376 380.29724 0.019607844 -200
3 645.447 382.9635 0.019607844 -233
4 618.0332 383.8001 0.019607844 -266
5 582.9355 385.8299 0.019607844 -282
6 548.3828 384.79956 0.019607844 -299
7 523.8373 385.5436 0.019607844 -315
8 494.49832 384.79956 0.019607844 -332
9 469.41803 384.79956 0.019607844 -348
10 445.4311 386.1186 0.019607844 -365
11 419.2355 385.79904 0.019607844 -381
12 387.6286 385.79904 0.019607844 -398
13 361.74432 385.79904 0.019607844 -414
14 339.28445 385.79904 0.019607844 -431
15 316.12946 385.2933 0.019607844 -447
16 281.49896 382.64566 0.019607844 -464
17 244.36575 380.80167 0.019607844 -497
18 215.7476 377.36737 0.019607844 -530
19 206.43434 377.80322 0.019607844 -563
20 193.98393 376.6644 0.019607844 -579
21 184.12088 376.80374 0.019607844 -595
22 175.70581 376.80374 0.019607844 -612
23 170.03078 376.80374 0.019607844 -628
24 160.57527 376.80374 0.019607844 -645
25 154.06458 376.80374 0.019607844 -678
26 151.22455 376.80374 0.019607844 -711
27 149.4374 376.80374 0.019607844 -727
28 147.71085 376.80374 0.019607844 -744
29 145.84023 376.80374 0.019607844 -760
30 144.05501 377.80322 0.019607844 -777
31 142.25533 378.41586 0.019607844 -793
32 140.46046 380.21146 0.019607844 -810
33 137.87234 389.14816 0.019607844 -826
34 137.87234 400.12915 0.019607844 -859
35 137.87234 410.93213 0.019607844 -876
36 137.87234 421.1928 0.01764706 -892
37 137.87234 430.87473 0.01764706 -908
38 136.63664 443.42685 0.01764706 -925
39 136.87326 466.01016 0.01764706 -941
40 135.87419 521.8345 0.01764706 -958
41 134.20697 548.7456 0.01764706 -991
42 135.41113 583.8165 0.01764706 -1007
43 135.87419 612.6747 0.01764706 -1024
44 139.1119 650.23474 0.01764706 -1040
45 141.18733 687.14075 0.019607844 -1057
46 145.96555 744.8707 0.01764706 -1073
47 147.71489 782.9603 0.01764706 -1090
48 151.47069 864.6013 0.019607844 -1106
49 155.09651 913.4057 0.01764706 -1139
50 158.45242 955.29553 0.01764706 -1156
51 163.14517 998.4177 0.01764706 -1172
52 166.21059 1042.8402 0.019607844 -1189
53 171.40923 1089.2479 0.01764706 -1205
54 176.68108 1133.6036 0.01764706 -1222
55 180.2195 1202.101 0.01764706 -1238
56 185.05516 1242.7311 0.01764706 -1254
57 188.9077 1283.8182 0.01764706 -1271
58 189.86012 1318.0317 0.01764706 -1287
59 189.86012 1318.0317 0.01764706 -1304
0 731.3229 362.81104 0.019607844 -208
1 723.01654 362.81104 0.019607844 -208
2 701.3719 365.80948 0.019607844 -223
3 689.68695 365.80948 0.019607844 -256
4 676.11926 367.34048 0.019607844 -273
5 659.9097 369.24258 0.019607844 -289
6 643.07983 371.1761 0.019607844 -306
7 627.6348 372.15414 0.019607844 -322
8 602.4444 374.00504 0.019607844 -339
9 580.25055 374.80478 0.019607844 -355
10 557.696 376.78857 0.019607844 -372
11 533.93384 378.68375 0.019607844 -388
12 513.1738 380.56097 0.019607844 -404
13 465.5689 384.29987 0.019607844 -421
14 442.36237 386.201 0.019607844 -454
15 415.50385 387.11462 0.019607844 -470
16 388.32898 388.94186 0.019607844 -487
17 360.51675 390.80713 0.019607844 -503
18 318.5378 392.7954 0.019607844 -520
19 296.15964 392.7954 0.019607844 -553
20 259.8145 395.98825 0.019607844 -569
21 216.1472 394.79437 0.019607844 -602
22 181.63036 395.144 0.01764706 -635
23 156.63824 394.79437 0.019607844 -668
24 147.53717 394.79437 0.019607844 -701
25 133.26772 394.79437 0.019607844 -717
26 123.82972 394.79437 0.019607844 -750
27 120.125916 394.79437 0.019607844 -783
28 117.67463 394.79437 0.019607844 -800
29 114.91014 394.79437 0.019607844 -816
30 111.39685 394.79437 0.019607844 -833
31 107.73343 396.96005 0.019607844 -865
32 105.076584 403.4421 0.01764706 -899
33 104.90287 417.42923 0.019607844 -932
34 104.90287 426.7464 0.01764706 -965
35 104.90287 436.1691 0.01764706 -981
36 103.792274 452.88034 0.01764706 -998
37 103.90379 501.1703 0.01764706 -1014
38 103.90379 561.6738 0.01764706 -1047
39 106.361336 599.80365 0.01764706 -1080
40 114.41217 690.1168 0.019607844 -1096
41 123.86843 808.3428 0.01764706 -1129
42 130.66986 906.71735 0.01764706 -1162
43 132.4627 1002.4529 0.01764706 -1195
44 133.40454 1050.7106 0.01764706 -1228
45 133.87604 1094.8108 0.01764706 -1245
46 133.87604 1139.6205 0.01764706 -1261
47 132.60854 1182.2953 0.01764706 -1278
48 130.65742 1236.0042 0.01764706 -1294
49 128.88066 1275.8389 0.01764706 -1311
50 128.88066 1288.329 0.01764706 -1327
51 127.88159 1304.3207 0.01764706 -1334
0 784.2738 924.51843 0.019607844 -217
1 772.6941 926.63544 0.01764706 -217
2 734.62384 933.2768 0.019607844 -226
3 690.3788 937.2375 0.019607844 -259
4 665.8784 939.16504 0.019607844 -293
5 641.5223 941.03937 0.019607844 -309
6 612.20276 942.97034 0.01764706 -326
7 581.1069 943.50854 0.019607844 -342
8 551.1981 943.50854 0.01764706 -359
9 524.6356 941.3651 0.019607844 -375
10 500.12277 940.51013 0.019607844 -392
11 473.52686 940.51013 0.019607844 -408
12 451.0222 940.51013 0.019607844 -425
13 427.15094 940.51013 0.019607844 -441
14 404.78384 940.51013 0.019607844 -458
15 377.65326 939.136 0.019607844 -474
16 353.78165 938.2704 0.019607844 -491
17 334.6149 937.40424 0.019607844 -508
18 316.03308 936.5122 0.019607844 -524
19 297.56445 936.5122 0.019607844 -541
20 280.62012 936.5122 0.019607844 -557
21 265.13492 936.5122 0.019607844 -574
22 247.6279 937.8608 0.019607844 -590
23 230.94673 937.5117 0.019607844 -607
24 219.54617 937.5117 0.019607844 -623
25 208.4486 938.51117 0.019607844 -640
26 199.85875 938.51117 0.019607844 -656
27 191.25517 938.51117 0.019607844 -673
28 183.83093 938.51117 0.019607844 -689
29 173.40489 938.51117 0.019607844 -706
30 166.08247 938.51117 0.019607844 -739
31 164.7062 938.51117 0.019607844 -767
32 162.8323 938.51117 0.019607844 -784
33 161.02922 938.51117 0.019607844 -800
34 159.222 940.14087 0.019607844 -817
35 157.42055 941.94305 0.019607844 -833
36 155.60094 945.01776 0.019607844 -850
37 151.97363 954.16 0.019607844 -866
38 148.24103 973.2234 0.019607844 -899
39 146.38269 983.3785 0.019607844 -932
40 144.53705 995.78516 0.019607844 -949
41 142.69312 1009.69745 0.019607844 -965
42 141.77357 1027.4163 0.019607844 -982
43 142.84468 1057.1035 0.019607844 -998
44 143.72406 1089.004 0.019607844 -1015
45 146.34923 1124.2617 0.019607844 -1031
46 150.36317 1196.9222 0.019607844 -1047
47 150.86032 1235.6091 0.019607844 -1080
48 149.5404 1274.0801 0.019607844 -1097
49 148.86217 1311.4636 0.019607844 -1113
50 147.8631 1354.7013 0.019607844 -1130
51 142.9678 1459.0879 0.019607844 -1146
52 140.08614 1538.8816 0.019607844 -1179
53 137.22737 1624.3563 0.019607844 -1212
54 136.87326 1666.2455 0.019607844 -1245
55 135.87419 1706.6255 0.019607844 -1261
56 135.87419 1744.1924 0.019607844 -1278
57 135.87419 1781.4991 0.019607844 -1294
58 135.87419 1811.0104 0.019607844 -1311
59 136.87326 1853.0348 0.019607844 -1327
60 136.87326 1853.0348 0.019607844 -1349
0 774.2831 921.52 0.019607844 -249
1 731.85626 923.519 0.019607844 -249
2 691.7181 923.519 0.019607844 -290
3 670.76904 923.0092 0.019607844 -322
4 649.77277 922.5195 0.019607844 -339
5 628.8122 922.5195 0.019607844 -355
6 605.24335 921.2538 0.019607844 -372
7 552.41174 921.52 0.019607844 -388
8 506.0408 921.52 0.019607844 -421
9 458.98322 923.9489 0.019607844 -454
10 437.81985 923.519 0.019607844 -487
11 415.14053 923.519 0.019607844 -503
12 389.64813 924.51843 0.019607844 -520
13 364.56262 923.519 0.019607844 -536
14 324.46954 922.9962 0.019607844 -553
15 290.14606 922.5195 0.019607844 -586
16 272.276 922.5195 0.019607844 -619
17 238.3709 924.51843 0.019607844 -635
18 213.4257 924.51843 0.019607844 -668
19 195.17134 925.51794 0.019607844 -701
20 179.74284 925.51794 0.019607844 -734
21 173.90866 925.51794 0.019607844 -767
22 169.90071 925.51794 0.019607844 -783
23 166.22292 925.51794 0.019607844 -800
24 163.51244 925.51794 0.019607844 -816
25 161.8741 925.51794 0.019607844 -833
26 158.29071 928.07935 0.019607844 -849
27 154.6394 932.9489 0.019607844 -882
28 152.73573 937.88 0.019607844 -915
29 150.90224 945.3398 0.019607844 -932
30 149.02882 952.6698 0.019607844 -948
31 147.2025 961.80505 0.019607844 -965
32 145.86494 972.63416 0.019607844 -981
33 144.50523 982.2932 0.019607844 -998
34 144.86586 997.0899 0.019607844 -1014
35 143.86679 1017.96564 0.019607844 -1031
36 143.86679 1038.3297 0.019607844 -1047
37 143.86679 1060.6947 0.019607844 -1064
38 143.86679 1085.4315 0.019607844 -1080
39 146.31656 1146.9913 0.019607844 -1096
40 150.13666 1225.1511 0.019607844 -1129
41 150.86032 1314.2821 0.019607844 -1162
42 149.07959 1388.3595 0.019607844 -1195
43 148.86217 1424.766 0.019607844 -1228
44 147.8631 1459.804 0.019607844 -1245
45 148.46025 1498.5759 0.019607844 -1261
46 147.8631 1537.5122 0.019607844 -1278
47 149.30418 1576.0276 0.019607844 -1294
48 151.23862 1619.4865 0.019607844 -1311
49 151.85939 1662.3064 0.019607844 -1327
50 153.85754 1707.1727 0.019607844 -1344
51 158.92474 1817.9518 0.019607844 -1360
52 162.95578 1859.0984 0.019607844 -1393
53 162.95578 1859.0984 0.019607844 -1410
0 736.31824 336.82455 0.01764706 -160
1 731.2004 338.86435 0.01764706 -160
2 723.5441 340.76898 0.01764706 -177
3 713.1431 342.6876 0.01764706 -193
4 700.6175 344.6095 0.01764706 -210
5 687.80634 346.51413 0.01764706 -226
6 671.6906 348.45047 0.01764706 -243
7 652.9224 349.81778 0.01764706 -259
8 632.8975 351.26868 0.01764706 -276
9 612.59845 353.1646 0.019607844 -292
10 589.9695 353.8157 0.01764706 -309
11 562.84503 356.01718 0.019607844 -325
12 539.3396 355.81467 0.019607844 -342
13 518.44525 354.8152 0.019607844 -358
14 497.11328 354.8152 0.019607844 -375
15 475.4086 354.8152 0.019607844 -391
16 455.1576 355.4333 0.019607844 -408
17 434.28625 356.81415 0.019607844 -424
18 413.48618 357.81363 0.019607844 -441
19 393.9802 357.81363 0.019607844 -457
20 366.95837 358.8131 0.019607844 -474
21 346.07306 357.81363 0.019607844 -490
22 312.30942 358.8131 0.019607844 -506
23 293.59827 359.8126 0.019607844 -539
24 261.0486 360.81207 0.019607844 -556
25 222.81369 362.81104 0.019607844 -589
26 211.33998 363.55472 0.019607844 -622
27 199.31721 365.39273 0.019607844 -638
28 188.21541 365.80948 0.019607844 -655
29 178.17345 365.80948 0.019607844 -671
30 171.41893 365.80948 0.019607844 -688
31 164.97212 365.80948 0.019607844 -704
32 161.24387 365.80948 0.019607844 -721
33 154.43625 365.80948 0.019607844 -737
34 150.82048 365.80948 0.019607844 -770
35 148.95308 366.718 0.019607844 -803
36 147.12096 368.55084 0.01764706 -820
37 145.32828 370.34424 0.01764706 -836
38 143.4438 373.65213 0.01764706 -852
39 142.86772 392.04425 0.019607844 -869
40 141.10423 415.1396 0.01764706 -902
41 139.208 429.4181 0.01764706 -935
42 137.87234 444.1592 0.01764706 -951
43 137.87234 465.029 0.01764706 -968
44 136.5889 488.16116 0.01764706 -984
45 136.98573 524.86566 0.01764706 -1001
46 150.07132 647.8712 0.01764706 -1017
47 153.50554 686.9481 0.01764706 -1067
48 156.94786 726.1003 0.01764706 -1083
49 158.6201 805.7071 0.019607844 -1100
50 157.85384 849.54376 0.01764706 -1133
51 153.58153 896.29596 0.01764706 -1149
52 151.71397 935.89526 0.019607844 -1165
53 146.01411 1002.93933 0.01764706 -1182
54 143.0849 1032.2017 0.01764706 -1215
55 142.86772 1068.337 0.019607844 -1231
56 141.29796 1099.9951 0.01764706 -1248
57 141.86864 1137.5432 0.01764706 -1264
58 142.72076 1171.9187 0.01764706 -1281
59 143.86679 1209.3351 0.01764706 -1297
60 145.2021 1253.7708 0.01764706 -1314
61 143.56447 1285.4746 0.01764706 -1330
62 144.86586 1313.3159 0.01764706 -1347
63 143.86679 1326.3092 0.01764706 -1361
0 794.2646 910.52576 0.019607844 -227
1 788.25336 911.5252 0.019607844 -227
2 778.854 912.20984 0.019607844 -241
3 768.6526 913.1303 0.019607844 -257
4 757.2988 915.02344 0.019607844 -273
5 745.74615 916.94965 0.019607844 -289
6 722.58136 919.62805 0.019607844 -306
7 702.03217 921.75165 0.019607844 -339
8 682.38196 922.5195 0.019607844 -356
9 662.2317 923.5345 0.019607844 -372
10 623.8686 927.2724 0.019607844 -389
11 604.1885 929.2037 0.019607844 -421
12 583.6649 931.0945 0.019607844 -438
13 564.38635 931.51483 0.019607844 -454
14 542.60846 932.8382 0.019607844 -471
15 519.71313 933.5138 0.019607844 -487
16 494.14975 934.59515 0.019607844 -504
17 469.6698 935.4278 0.019607844 -520
18 449.86386 935.51276 0.019607844 -537
19 431.61533 935.51276 0.019607844 -553
20 412.04504 936.9693 0.019607844 -570
21 395.04886 937.5117 0.019607844 -586
22 361.5704 937.5117 0.019607844 -603
23 343.1859 936.5122 0.019607844 -636
24 329.01154 937.5117 0.019607844 -652
25 315.29218 937.5117 0.019607844 -668
26 302.2251 936.15594 0.019607844 -685
27 277.8498 935.49493 0.019607844 -701
28 259.05157 935.51276 0.019607844 -734
29 252.1761 935.51276 0.019607844 -767
30 246.6579 935.51276 0.019607844 -784
31 242.45456 935.51276 0.019607844 -800
32 238.75523 935.51276 0.019607844 -817
33 235.18417 935.51276 0.019607844 -833
34 233.39058 935.51276 0.019607844 -866
35 231.64162 935.51276 0.019607844 -883
36 229.81906 935.51276 0.019607844 -899
37 226.2619 940.03894 0.019607844 -915
38 224.37115 943.3508 0.019607844 -948
39 223.79279 946.8413 0.019607844 -965
40 222.72484 953.779 0.019607844 -981
41 222.79372 962.89813 0.019607844 -998
42 222.79372 971.65186 0.019607844 -1014
43 221.79463 984.4674 0.019607844 -1031
44 221.79463 997.9721 0.019607844 -1047
45 221.79463 1013.73865 0.019607844 -1064
46 220.7327 1032.0917 0.019607844 -1080
47 222.7295 1066.352 0.019607844 -1097
48 224.37982 1102.3016 0.019607844 -1113
49 226.44394 1137.1334 0.019607844 -1129
50 228.30936 1176.3229 0.019607844 -1146
51 230.1867 1218.7618 0.019607844 -1162
52 232.04546 1257.8114 0.019607844 -1179
53 231.78539 1349.1628 0.019607844 -1195
54 228.8043 1395.8689 0.019607844 -1228
55 228.78816 1434.1295 0.019607844 -1245
56 226.97945 1475.8704 0.019607844 -1261
57 226.79001 1516.3357 0.019607844 -1278
58 226.79001 1558.027 0.019607844 -1294
59 227.16154 1637.5847 0.019607844 -1311
60 225.79094 1719.7136 0.019607844 -1344
61 225.79094 1791.6171 0.019607844 -1376
62 225.79094 1823.6654 0.019607844 -1409
63 228.37529 1860.605 0.019607844 -1426
64 228.37529 1860.605 0.019607844 -1442
0 789.2692 921.52 0.019607844 -292
1 768.02545 923.302 0.01764706 -292
2 754.2498 925.23975 0.019607844 -315
3 739.23663 925.51794 0.019607844 -331
4 722.0195 927.04834 0.019607844 -348
5 704.4678 928.94727 0.019607844 -364
6 670.7558 929.51587 0.019607844 -381
7 627.2555 930.5153 0.019607844 -414
8 586.03754 930.5153 0.019607844 -447
9 568.2102 930.5153 0.019607844 -480
10 551.0672 930.5153 0.019607844 -496
11 534.40686 930.5153 0.019607844 -512
12 517.1314 929.3615 0.019607844 -529
13 480.4809 928.51636 0.019607844 -545
14 460.67053 928.51636 0.019607844 -578
15 444.3366 927.5169 0.019607844 -595
16 429.59106 927.5169 0.019607844 -611
17 415.35303 926.5174 0.019607844 -628
18 400.23105 926.5174 0.019607844 -644
19 384.7094 926.5174 0.019607844 -661
20 370.16666 926.5174 0.019607844 -677
21 357.20865 926.5174 0.019607844 -694
22 342.42313 926.5174 0.019607844 -710
23 331.92612 925.51794 0.019607844 -727
24 322.89914 925.51794 0.019607844 -743
25 314.58673 925.51794 0.019607844 -759
26 306.28482 925.51794 0.019607844 -776
27 299.038 925.51794 0.019607844 -792
28 287.53006 925.51794 0.019607844 -809
29 280.43896 925.51794 0.019607844 -842
30 276.43365 925.51794 0.019607844 -875
31 269.9281 927.4279 0.019607844 -908
32 266.29572 932.4298 0.019607844 -941
33 264.22885 938.0909 0.019607844 -957
34 260.62756 947.89954 0.019607844 -974
35 256.95743 971.1267 0.019607844 -1006
36 254.76411 1000.6465 0.019607844 -1039
37 254.76411 1018.8756 0.019607844 -1072
38 252.60565 1041.5435 0.019607844 -1089
39 251.74167 1074.9952 0.019607844 -1105
40 252.61887 1116.3267 0.019607844 -1122
41 253.46944 1156.297 0.019607844 -1138
42 254.76411 1194.861 0.019607844 -1155
43 254.76411 1232.6754 0.019607844 -1171
44 253.44838 1268.9949 0.019607844 -1188
45 252.76596 1306.5642 0.019607844 -1204
46 249.66722 1353.3435 0.019607844 -1221
47 246.78629 1393.9634 0.019607844 -1237
48 244.91228 1425.033 0.019607844 -1253
49 243.03242 1456.1223 0.019607844 -1270
50 241.77614 1485.7235 0.019607844 -1286
51 240.77705 1519.0756 0.019607844 -1303
52 239.29216 1548.4875 0.019607844 -1319
53 239.77798 1580.101 0.019607844 -1336
54 239.77798 1609.2164 0.019607844 -1352
55 237.77983 1641.025 0.019607844 -1369
56 235.68933 1677.6051 0.019607844 -1385
57 232.78445 1737.5088 0.019607844 -1402
58 232.78445 1764.9277 0.019607844 -1435
59 232.78445 1792.7964 0.019607844 -1451
60 234.45224 1845.4093 0.019607844 -1468
61 234.78261 1850.0364 0.019607844 -1500
62 234.78261 1850.0364 0.019607844 -1503
0 795.2637 897.53253 0.01764706 -252
1 786.86975 899.09863 0.01764706 -252
2 760.8505 902.879 0.019607844 -265
3 731.5177 904.62946 0.01764706 -298
4 712.6294 906.5989 0.019607844 -331
5 688.47064 907.5273 0.019607844 -347
6 666.9106 909.399 0.019607844 -364
7 645.14435 911.2761 0.019607844 -380
8 623.3166 911.5252 0.019607844 -397
9 602.1292 911.5252 0.019607844 -413
10 579.2223 911.5252 0.019607844 -430
11 557.21423 912.5247 0.019607844 -446
12 533.88855 912.5247 0.019607844 -462
13 509.92303 913.4312 0.019607844 -479
14 462.5303 913.5242 0.019607844 -495
15 441.7648 913.5242 0.019607844 -528
16 400.98538 911.46674 0.019607844 -545
17 357.67764 907.7779 0.019607844 -578
18 323.1564 905.0855 0.019607844 -611
19 308.3761 904.5289 0.019607844 -644
20 296.27234 904.4642 0.019607844 -660
21 285.17294 904.5289 0.019607844 -677
22 274.94077 903.5294 0.019607844 -693
23 266.45932 903.5294 0.019607844 -710
24 260.59558 903.5294 0.019607844 -726
25 252.77028 901.53046 0.019607844 -742
26 249.88614 901.53046 0.019607844 -775
27 248.07417 901.53046 0.019607844 -792
28 246.30542 901.53046 0.019607844 -808
29 244.49274 901.53046 0.019607844 -825
30 242.72356 901.53046 0.019607844 -841
31 240.88043 902.4265 0.019607844 -858
32 239.09314 904.8996 0.019607844 -874
33 237.28738 908.5126 0.019607844 -891
34 233.70995 920.8887 0.019607844 -907
35 232.78445 932.42365 0.019607844 -940
36 230.94672 944.3843 0.019607844 -957
37 229.11052 957.9198 0.019607844 -973
38 226.7812 972.53754 0.019607844 -989
39 222.60245 1003.20056 0.019607844 -1006
40 219.73798 1021.11224 0.019607844 -1039
41 217.0286 1049.2728 0.019607844 -1055
42 214.80112 1109.4885 0.019607844 -1072
43 214.80112 1144.4596 0.019607844 -1106
44 214.80112 1176.9641 0.019607844 -1122
45 212.64107 1210.1245 0.019607844 -1139
46 211.73996 1247.566 0.019607844 -1155
47 209.84932 1297.3646 0.019607844 -1172
48 208.12996 1333.2402 0.019607844 -1188
49 205.80943 1406.2032 0.019607844 -1205
50 204.33362 1444.7913 0.019607844 -1237
51 202.43643 1482.7501 0.019607844 -1254
52 201.55734 1518.0741 0.019607844 -1270
53 201.81314 1554.2386 0.019607844 -1287
54 200.71811 1600.0479 0.019607844 -1303
55 199.81328 1636.182 0.019607844 -1320
56 199.0452 1697.6733 0.019607844 -1336
57 198.81592 1755.7222 0.019607844 -1369
58 198.81592 1783.2825 0.019607844 -1402
59 198.81592 1807.0648 0.019607844 -1419
60 198.81592 1829.8561 0.019607844 -1435
61 199.25603 1850.3225 0.019607844 -1452
62 199.81499 1857.0327 0.019607844 -1468
63 199.81499 1857.0327 0.019607844 -1473
0 805.2544 902.5299 0.019607844 -280
1 769.5142 906.5981 0.019607844 -280
2 749.57666 907.5273 0.019607844 -314
3 729.77264 908.5268 0.019607844 -330
4 709.06433 908.5268 0.019607844 -346
5 688.94305 908.5268 0.019607844 -363
6 645.4556 909.855 0.019607844 -379
7 621.2445 911.7697 0.019607844 -412
8 595.33026 912.5247 0.019607844 -429
9 564.4153 913.5281 0.019607844 -445
10 513.15405 916.1929 0.019607844 -462
11 468.91214 916.52264 0.019607844 -495
12 446.17963 915.52313 0.019607844 -527
13 425.0933 915.52313 0.019607844 -544
14 380.01523 917.18555 0.019607844 -560
15 347.63 918.5216 0.019607844 -593
16 333.40002 918.5216 0.019607844 -626
17 320.86768 919.49756 0.019607844 -643
18 308.81406 919.52106 0.019607844 -659
19 293.6943 919.52106 0.019607844 -676
20 283.7157 919.52106 0.019607844 -709
21 278.23022 919.52106 0.019607844 -742
22 276.39764 919.52106 0.019607844 -775
23 274.5938 920.6724 0.019607844 -791
24 272.8393 924.3347 0.019607844 -807
25 271.03973 928.6442 0.019607844 -824
26 269.23456 935.5774 0.019607844 -840
27 267.42728 942.80927 0.019607844 -857
28 263.73093 962.6727 0.019607844 -873
29 260.75854 993.72784 0.019607844 -906
30 260.75854 1010.7937 0.019607844 -939
31 260.75854 1030.4146 0.019607844 -956
32 258.46738 1054.2638 0.019607844 -972
33 258.7604 1078.6233 0.019607844 -989
34 258.7604 1118.4509 0.019607844 -1005
35 258.6462 1160.7668 0.019607844 -1022
36 260.518 1202.595 0.019607844 -1038
37 262.3872 1245.8448 0.019607844 -1055
38 262.7567 1288.3849 0.019607844 -1071
39 261.39548 1337.4532 0.019607844 -1088
40 259.5116 1373.7433 0.019607844 -1104
41 256.5789 1416.3008 0.019607844 -1120
42 251.62813 1474.0376 0.019607844 -1137
43 248.85 1514.3667 0.019607844 -1153
44 244.07828 1586.0885 0.019607844 -1170
45 242.7752 1658.61 0.019607844 -1203
46 244.15108 1730.8867 0.019607844 -1236
47 243.77429 1763.545 0.019607844 -1269
48 246.05775 1794.6346 0.019607844 -1285
49 248.07266 1818.9832 0.019607844 -1302
50 252.76596 1851.0359 0.019607844 -1318
51 252.76596 1851.0359 0.019607844 -1333
0 795.2637 909.52625 0.019607844 -254
1 762.2942 914.0239 0.019607844 -254
2 717.9983 921.2826 0.019607844 -282
3 628.2195 928.5708 0.019607844 -316
4 592.0934 930.42896 0.019607844 -365
5 563.24774 932.2339 0.019607844 -382
6 532.1711 935.0965 0.019607844 -398
7 503.9218 936.95276 0.019607844 -415
8 476.41653 936.5122 0.019607844 -431
9 450.84937 936.5122 0.019607844 -447
10 419.66614 937.459 0.019607844 -464
11 393.83994 937.5117 0.019607844 -480
12 370.347 937.5117 0.019607844 -497
13 350.00885 938.51117 0.019607844 -513
14 298.673 936.5122 0.019607844 -530
15 282.23306 935.94934 0.019607844 -579
16 269.27228 935.51276 0.019607844 -596
17 259.8001 935.51276 0.019607844 -612
18 250.92601 935.51276 0.019607844 -629
19 234.64763 935.51276 0.019607844 -645
20 224.4177 935.51276 0.019607844 -678
21 219.13524 935.51276 0.019607844 -711
22 215.6488 935.51276 0.019607844 -744
23 213.7631 939.5885 0.019607844 -777
24 211.15016 944.98926 0.019607844 -793
25 207.41261 958.4774 0.019607844 -810
26 203.82182 975.4286 0.019607844 -843
27 200.17946 1013.82385 0.019607844 -876
28 197.49292 1056.9884 0.019607844 -909
29 195.59966 1082.7246 0.019607844 -942
30 194.81961 1119.754 0.019607844 -958
31 190.82332 1185.1699 0.019607844 -975
32 189.26512 1217.4392 0.019607844 -1008
33 188.00645 1249.3147 0.019607844 -1024
34 184.82886 1310.9274 0.019607844 -1040
35 180.80582 1358.8545 0.019607844 -1073
36 178.04941 1391.2399 0.019607844 -1090
37 176.83626 1421.8147 0.019607844 -1106
38 175.83719 1454.7813 0.019607844 -1123
39 174.26804 1487.355 0.019607844 -1139
40 172.83997 1516.2404 0.019607844 -1156
41 172.83997 1545.9028 0.019607844 -1172
42 171.58105 1573.0817 0.019607844 -1189
43 173.90164 1649.5197 0.019607844 -1205
44 174.83812 1683.8489 0.019607844 -1238
45 174.83812 1715.097 0.019607844 -1255
46 175.83719 1744.0728 0.019607844 -1271
47 176.65294 1775.5887 0.019607844 -1288
48 176.83626 1801.3645 0.019607844 -1304
49 176.83626 1823.0269 0.019607844 -1320
50 178.48097 1844.5016 0.019607844 -1337
51 178.83441 1857.0327 0.019607844 -1353
52 178.83441 1857.0327 0.019607844 -1365
0 722.3312 360.81207 0.019607844 -238
1 700.8917 361.81155 0.019607844 -238
2 683.64264 363.08334 0.019607844 -258
3 664.57117 364.99124 0.019607844 -275
4 637.73175 366.86102 0.019607844 -291
5 611.39825 369.73853 0.019607844 -308
6 587.94214 370.80685 0.019607844 -324
7 540.8279 373.24185 0.019607844 -341
8 495.86108 374.93393 0.019607844 -374
9 468.8594 375.80426 0.019607844 -406
10 445.1185 375.80426 0.019607844 -423
11 421.25967 377.5226 0.019607844 -439
12 401.24603 377.80322 0.019607844 -456
13 381.48117 377.80322 0.019607844 -472
14 361.73453 377.80322 0.019607844 -489
15 322.07727 377.80322 0.019607844 -505
16 302.81 377.80322 0.019607844 -538
17 272.67392 376.80374 0.019607844 -555
18 257.2685 377.80322 0.019607844 -588
19 239.12361 377.80322 0.019607844 -604
20 223.51723 378.8027 0.019607844 -621
21 211.30464 378.8027 0.019607844 -637
22 200.34087 379.8022 0.019607844 -654
23 181.54324 379.8022 0.019607844 -670
24 167.78603 379.8022 0.019607844 -703
25 162.7301 379.8022 0.019607844 -736
26 159.07928 379.8022 0.019607844 -752
27 155.43143 379.8022 0.019607844 -769
28 152.82646 379.8022 0.019607844 -785
29 150.04433 379.8022 0.019607844 -802
30 148.24577 379.8022 0.019607844 -818
31 144.69331 382.97324 0.01764706 -835
32 141.07942 395.53372 0.019607844 -868
33 139.215 404.41373 0.019607844 -901
34 137.3937 412.18066 0.019607844 -917
35 135.52565 421.52475 0.01764706 -934
36 133.66145 432.0637 0.01764706 -950
37 131.83618 445.10217 0.01764706 -967
38 130.01349 466.01697 0.019607844 -983
39 129.87975 488.1078 0.01764706 -999
40 129.87975 535.69525 0.01764706 -1016
41 129.87975 561.5881 0.019607844 -1049
42 129.97453 594.39813 0.01764706 -1065
43 131.81796 636.97833 0.01764706 -1082
44 131.8779 668.67126 0.01764706 -1098
45 130.87881 729.073 0.01764706 -1115
46 128.88066 782.84216 0.01764706 -1148
47 128.88066 809.9499 0.01764706 -1181
48 128.99167 845.0043 0.01764706 -1197
49 129.87975 873.89435 0.01764706 -1214
50 131.79077 903.30853 0.01764706 -1230
51 131.8779 928.96857 0.01764706 -1247
52 134.58112 959.38055 0.01764706 -1263
53 135.87419 983.09 0.01764706 -1280
54 137.40819 1012.50397 0.01764706 -1296
55 137.87234 1037.9132 0.01764706 -1312
56 141.97142 1066.3265 0.01764706 -1329
57 143.10437 1090.5114 0.01764706 -1345
58 147.31677 1121.8146 0.01764706 -1362
59 150.14615 1161.247 0.01764706 -1378
60 152.92517 1188.2491 0.01764706 -1395
61 152.85846 1208.3043 0.01764706 -1411
62 152.78691 1231.356 0.01764706 -1428
63 153.85754 1254.9626 0.01764706 -1444
64 153.0333 1272.937 0.01764706 -1461
65 151.85939 1294.2432 0.01764706 -1477
66 151.85939 1309.318 0.01764706 -1494
67 151.85939 1319.3129 0.01764706 -1504
0 794.2646 905.5283 0.01764706 -258
1 786.3765 907.10657 0.019607844 -258
2 763.0227 910.904 0.019607844 -271
3 737.9342 914.75397 0.019607844 -304
4 718.118 916.70734 0.019607844 -337
5 698.5142 918.60547 0.019607844 -354
6 681.38025 920.51935 0.019607844 -370
7 662.1923 921.4395 0.019607844 -387
8 642.5218 923.32666 0.019607844 -403
9 624.4247 925.2178 0.019607844 -419
10 603.3922 925.51794 0.019607844 -436
11 581.32306 926.9843 0.019607844 -452
12 560.80646 927.5169 0.019607844 -469
13 538.3301 927.5169 0.019607844 -485
14 515.41254 929.61676 0.019607844 -502
15 487.23584 930.5153 0.019607844 -518
16 464.10062 931.51483 0.019607844 -535
17 444.08987 931.51483 0.019607844 -551
18 402.92917 931.51483 0.019607844 -568
19 384.11246 931.51483 0.019607844 -601
20 366.2086 930.4651 0.019607844 -617
21 343.66977 929.51587 0.019607844 -634
22 326.01312 927.7483 0.019607844 -650
23 308.41263 926.5174 0.019607844 -667
24 277.52557 926.5174 0.019607844 -683
25 265.6997 927.5169 0.019607844 -716
26 253.93823 928.4916 0.019607844 -732
27 241.96141 928.51636 0.019607844 -749
28 231.13815 929.51587 0.019607844 -765
29 221.62866 929.51587 0.019607844 -782
30 213.6381 929.51587 0.019607844 -798
31 207.39397 929.51587 0.019607844 -815
32 198.44774 930.5153 0.019607844 -831
33 191.34572 932.7527 0.019607844 -864
34 185.09914 938.1056 0.019607844 -897
35 181.43619 944.60175 0.019607844 -930
36 179.3372 951.4914 0.019607844 -947
37 177.55971 957.32904 0.019607844 -963
38 175.67545 966.3062 0.019607844 -980
39 173.88536 981.07166 0.019607844 -996
40 172.05754 996.5293 0.019607844 -1012
41 169.84274 1017.5131 0.019607844 -1029
42 170.29286 1043.1157 0.019607844 -1045
43 172.12547 1075.1372 0.019607844 -1062
44 175.88011 1161.1257 0.019607844 -1078
45 176.72337 1210.5448 0.019607844 -1111
46 176.83626 1251.4415 0.019607844 -1128
47 176.83626 1323.3057 0.019607844 -1144
48 176.83626 1392.4272 0.019607844 -1177
49 177.91835 1473.7247 0.019607844 -1210
50 179.86378 1522.9344 0.019607844 -1243
51 181.76158 1560.7847 0.019607844 -1260
52 183.70195 1601.4789 0.019607844 -1276
53 184.61783 1641.9202 0.019607844 -1293
54 186.54385 1683.8876 0.019607844 -1309
55 192.05243 1778.8365 0.019607844 -1325
56 198.81592 1854.0343 0.019607844 -1358
57 198.81592 1854.0343 0.019607844 -1387
0 796.2627 914.5237 0.019607844 -238
1 781.8845 917.0069 0.019607844 -238
2 753.22736 920.77985 0.019607844 -259
3 714.7974 924.55444 0.019607844 -292
4 692.28503 926.44025 0.019607844 -325
5 669.81647 926.5174 0.019607844 -341
6 646.6314 928.19116 0.019607844 -358
7 625.89453 930.01794 0.019607844 -374
8 580.05023 933.7762 0.019607844 -391
9 534.0759 935.4204 0.019607844 -424
10 509.8968 936.3149 0.019607844 -457
11 486.91318 937.5117 0.019607844 -473
12 465.54626 937.5117 0.019607844 -489
13 447.89005 937.5117 0.019607844 -506
14 428.30417 938.64105 0.019607844 -522
15 406.10068 938.51117 0.019607844 -539
16 386.73767 938.51117 0.019607844 -555
17 368.6919 938.51117 0.019607844 -572
18 334.2466 937.3514 0.019607844 -588
19 318.98468 937.5117 0.019607844 -621
20 302.70966 936.63586 0.019607844 -638
21 287.8829 936.5122 0.019607844 -654
22 276.82144 936.5122 0.019607844 -671
23 267.19244 936.5122 0.019607844 -687
24 259.13654 936.5122 0.019607844 -704
25 247.6682 937.5117 0.019607844 -720
26 243.64687 937.5117 0.019607844 -753
27 239.99634 937.5117 0.019607844 -769
28 236.489 937.5117 0.019607844 -786
29 233.78223 938.51184 0.019607844 -802
30 226.69563 942.60345 0.019607844 -819
31 222.983 947.7222 0.019607844 -852
32 220.64975 953.941 0.019607844 -868
33 214.42822 969.6147 0.019607844 -885
34 210.59831 982.7116 0.019607844 -918
35 208.37704 994.06226 0.019607844 -934
36 202.61382 1023.3606 0.019607844 -951
37 197.81685 1053.951 0.019607844 -984
38 192.43726 1127.5654 0.019607844 -1005
39 189.25574 1156.6652 0.019607844 -1050
40 186.68626 1188.7758 0.019607844 -1066
41 181.93343 1229.4426 0.019607844 -1082
42 176.46306 1266.1643 0.019607844 -1099
43 167.85106 1328.25 0.019607844 -1115
44 164.11035 1361.9298 0.019607844 -1148
45 161.60452 1390.2095 0.019607844 -1165
46 158.68217 1422.9934 0.019607844 -1181
47 153.9109 1503.2021 0.019607844 -1198
48 151.99141 1544.1563 0.019607844 -1231
49 151.85939 1581.2805 0.019607844 -1247
50 151.546 1621.8818 0.019607844 -1264
51 151.85939 1664.505 0.019607844 -1280
52 152.35928 1703.6052 0.019607844 -1297
53 150.86032 1742.1941 0.019607844 -1313
54 151.15292 1814.3268 0.019607844 -1330
55 150.86032 1847.9753 0.019607844 -1362
56 150.86032 1847.9753 0.019607844 -1379
0 798.26086 905.5283 0.019607844 -275
1 763.1591 909.98535 0.019607844 -275
2 745.1762 911.98425 0.019607844 -313
3 726.12555 912.8157 0.019607844 -329
4 688.3163 916.63885 0.019607844 -346
5 658.5563 918.51056 0.019607844 -379
6 636.57776 920.4145 0.019607844 -395
7 569.9922 924.51843 0.019607844 -412
8 548.1948 924.51843 0.019607844 -461
9 526.7233 925.51794 0.019607844 -478
10 506.01385 925.51794 0.019607844 -494
11 454.268 926.5174 0.019607844 -511
12 432.59946 926.5174 0.019607844 -544
13 408.18716 925.177 0.019607844 -560
14 367.58945 924.51843 0.019607844 -577
15 340.53775 922.6619 0.019607844 -609
16 319.12845 921.52 0.019607844 -626
17 302.04895 921.52 0.019607844 -642
18 286.94373 921.52 0.019607844 -659
19 273.7997 921.52 0.019607844 -675
20 261.7385 921.52 0.019607844 -692
21 250.00113 921.52 0.019607844 -708
22 240.81924 921.52 0.019607844 -725
23 229.59174 921.52 0.019607844 -741
24 225.8253 921.52 0.019607844 -774
25 223.03896 921.52 0.019607844 -791
26 218.50163 921.52 0.019607844 -807
27 216.69049 921.62885 0.019607844 -840
28 213.14223 925.8386 0.019607844 -857
29 209.56367 937.4809 0.019607844 -889
30 206.61925 945.88617 0.019607844 -922
31 203.9264 954.9265 0.019607844 -939
32 201.11722 966.3726 0.019607844 -955
33 196.85031 979.39215 0.019607844 -972
34 194.51607 990.3071 0.019607844 -988
35 191.66203 1006.92017 0.019607844 -1005
36 188.87091 1029.1206 0.019607844 -1021
37 186.24156 1083.8115 0.019607844 -1038
38 185.28763 1117.6017 0.019607844 -1071
39 184.53976 1156.7632 0.019607844 -1087
40 185.92273 1194.2754 0.019607844 -1104
41 185.82794 1236.1514 0.019607844 -1120
42 183.82979 1297.1183 0.019607844 -1137
43 182.3232 1338.1368 0.019607844 -1153
44 175.83719 1404.7683 0.019607844 -1170
45 166.35788 1461.8992 0.019607844 -1202
46 163.68362 1492.695 0.019607844 -1235
47 160.74034 1530.5327 0.019607844 -1252
48 157.96527 1566.2361 0.019607844 -1268
49 157.85384 1599.2993 0.019607844 -1285
50 157.85384 1630.9216 0.019607844 -1301
51 157.85384 1664.1177 0.019607844 -1318
52 157.85384 1729.7509 0.019607844 -1334
53 158.85292 1797.9707 0.019607844 -1367
54 160.13623 1826.3163 0.019607844 -1400
55 162.08478 1853.3225 0.019607844 -1417
56 162.08478 1853.3225 0.019607844 -1433
0 773.284 923.519 0.019607844 -194
1 750.97626 927.30804 0.019607844 -194
2 718.6926 932.64264 0.019607844 -218
3 676.4013 939.2211 0.019607844 -251
4 630.1591 942.5091 0.019607844 -284
5 607.0711 942.5091 0.019607844 -317
6 584.3277 942.5091 0.019607844 -334
7 541.86725 942.5091 0.019607844 -350
8 505.48685 942.5091 0.019607844 -383
9 457.95593 941.7258 0.019607844 -413
10 419.61893 940.01117 0.019607844 -446
11 400.18802 940.51013 0.019607844 -479
12 384.63922 940.51013 0.019607844 -495
13 367.58478 939.5106 0.019607844 -512
14 345.70422 938.51117 0.019607844 -528
15 328.66376 938.51117 0.019607844 -545
16 314.21136 938.51117 0.019607844 -561
17 300.96548 936.2615 0.019607844 -577
18 289.08282 936.5122 0.019607844 -594
19 276.44434 936.5122 0.019607844 -611
20 264.45175 936.5122 0.019607844 -627
21 255.18225 936.5122 0.019607844 -644
22 238.28157 936.5122 0.019607844 -660
23 230.02026 936.5122 0.019607844 -693
24 223.79126 936.5122 0.019607844 -709
25 218.13881 936.5122 0.019607844 -726
26 212.81467 936.5122 0.019607844 -742
27 209.502 936.5122 0.019607844 -759
28 205.969 937.4319 0.019607844 -775
29 204.10341 937.5117 0.019607844 -792
30 201.8245 939.49927 0.019607844 -808
31 199.55908 943.0211 0.019607844 -825
32 197.70413 945.733 0.019607844 -841
33 191.34175 965.4215 0.019607844 -858
34 186.68484 985.48285 0.019607844 -907
35 182.80908 1000.5871 0.019607844 -940
36 179.96872 1016.2525 0.019607844 -957
37 176.40926 1033.8849 0.019607844 -973
38 172.69495 1054.7489 0.019607844 -990
39 169.0314 1076.3119 0.019607844 -1006
40 161.72249 1124.245 0.019607844 -1023
41 156.26488 1201.8926 0.019607844 -1056
42 154.14444 1236.1871 0.019607844 -1088
43 152.2766 1269.4045 0.019607844 -1105
44 150.86032 1304.6691 0.019607844 -1121
45 147.7316 1369.5242 0.019607844 -1138
46 143.90836 1451.786 0.019607844 -1171
47 140.05203 1520.1191 0.019607844 -1204
48 138.10544 1554.2242 0.019607844 -1237
49 136.18204 1589.6257 0.019607844 -1253
50 135.87419 1624.1676 0.019607844 -1270
51 135.87419 1658.5485 0.019607844 -1286
52 135.87419 1693.7368 0.019607844 -1303
53 135.87419 1727.1874 0.019607844 -1319
54 138.87141 1794.9753 0.019607844 -1336
55 143.23746 1842.8158 0.019607844 -1369
56 144.86586 1855.0338 0.019607844 -1385
57 144.86586 1855.0338 0.019607844 -1392
0 780.77704 890.03644 0.01764706 -223
1 665.3839 892.5351 0.01764706 -219
2 451.64413 897.53253 0.019607844 -328
3 420.98315 899.5082 0.019607844 -465
4 399.4783 899.5315 0.019607844 -481
5 382.0088 898.532 0.019607844 -498
6 365.92944 898.532 0.019607844 -514
7 352.33823 898.532 0.019607844 -531
8 341.45828 898.532 0.019607844 -547
9 331.43613 898.532 0.019607844 -564
10 323.13535 898.532 0.019607844 -580
11 315.89868 898.532 0.019607844 -597
12 310.05896 898.532 0.019607844 -613
13 304.61978 899.58057 0.019607844 -630
14 301.04892 899.5315 0.019607844 -646
15 297.47742 901.15424 0.019607844 -663
16 290.42313 904.68274 0.019607844 -679
17 283.0359 913.9281 0.019607844 -712
18 276.25546 930.9588 0.019607844 -745
19 273.0775 940.1843 0.019607844 -778
20 269.38132 952.7962 0.019607844 -794
21 266.76917 967.4234 0.019607844 -811
22 261.12714 1004.4185 0.019607844 -827
23 255.45697 1051.7432 0.019607844 -860
24 253.69058 1129.7958 0.019607844 -893
25 251.84123 1166.8292 0.019607844 -926
26 250.9555 1204.4271 0.019607844 -943
27 249.13034 1247.4077 0.019607844 -959
28 247.77058 1295.8728 0.019607844 -976
29 246.3484 1344.3109 0.019607844 -992
30 242.48515 1436.7355 0.019607844 -1009
31 238.54747 1503.5759 0.019607844 -1042
32 234.74843 1546.6051 0.019607844 -1058
33 231.8732 1587.1515 0.019607844 -1074
34 228.09552 1677.072 0.019607844 -1091
35 225.43483 1720.0249 0.01764706 -1124
36 222.55678 1761.0729 0.019607844 -1140
37 220.79556 1799.1759 0.019607844 -1157
38 220.33403 1837.2659 0.019607844 -1173
39 220.79556 1846.0385 0.019607844 -1190
40 220.79556 1846.0385 0.019607844 -1194
0 704.34784 300.8433 0.019607844 -243
1 672.2677 306.45135 0.019607844 -243
2 653.54364 308.32452 0.019607844 -273
3 635.0036 310.1793 0.019607844 -289
4 611.4977 312.1402 0.019607844 -306
5 588.72107 314.08496 0.019607844 -322
6 560.9658 315.9364 0.019607844 -339
7 538.0666 317.7874 0.019607844 -355
8 518.2525 317.83444 0.019607844 -372
9 477.8858 319.8334 0.019607844 -388
10 459.53992 319.8334 0.019607844 -421
11 442.1948 321.07233 0.019607844 -437
12 415.71716 320.8329 0.019607844 -454
13 370.2622 321.83237 0.01764706 -470
14 348.60684 321.83237 0.019607844 -503
15 330.35648 322.31735 0.019607844 -520
16 308.99667 322.83185 0.01764706 -536
17 269.75833 325.82956 0.019607844 -553
18 250.33833 327.68658 0.01764706 -586
19 231.67548 328.82874 0.01764706 -602
20 218.19128 330.3432 0.019607844 -619
21 206.8004 330.8277 0.019607844 -635
22 196.50664 332.04562 0.019607844 -652
23 188.89848 332.81195 0.019607844 -668
24 181.68428 332.82663 0.019607844 -685
25 167.02824 334.8256 0.01764706 -701
26 156.82813 334.8256 0.019607844 -734
27 153.0543 334.8256 0.019607844 -767
28 151.14766 334.8256 0.01764706 -783
29 149.33806 336.34845 0.019607844 -800
30 147.50641 338.18088 0.019607844 -816
31 145.65749 342.23706 0.019607844 -833
32 143.8681 347.8149 0.019607844 -849
33 139.3261 362.53564 0.01764706 -866
34 137.3728 372.30606 0.01764706 -899
35 134.38083 384.5314 0.01764706 -915
36 132.75684 407.23087 0.01764706 -932
37 132.87697 443.3399 0.01764706 -948
38 132.87697 471.21936 0.01764706 -965
39 132.87697 499.7493 0.01764706 -981
40 132.87697 530.3633 0.01764706 -998
41 131.51791 556.7545 0.01764706 -1014
42 132.87697 590.4138 0.01764706 -1031
43 132.87697 631.2754 0.019607844 -1047
44 132.87697 665.0758 0.01764706 -1064
45 132.74411 698.9763 0.01764706 -1080
46 132.87697 723.6762 0.01764706 -1097
47 132.51408 754.7058 0.019607844 -1113
48 132.87697 787.68524 0.01764706 -1129
49 135.83632 822.71124 0.01764706 -1146
50 137.21121 850.6309 0.01764706 -1162
51 140.1327 887.2622 0.01764706 -1179
52 144.05525 933.72034 0.01764706 -1195
53 145.86494 994.4776 0.01764706 -1212
54 144.97093 1021.1011 0.01764706 -1245
55 142.86772 1048.4017 0.01764706 -1261
56 142.29929 1074.2678 0.01764706 -1277
57 140.3674 1096.9575 0.01764706 -1293
58 137.62338 1145.8918 0.01764706 -1310
59 136.87326 1200.0363 0.019607844 -1343
60 134.73695 1230.1572 0.01764706 -1376
61 133.87604 1258.0648 0.01764706 -1392
62 132.87697 1279.635 0.01764706 -1409
63 132.87697 1279.635 0.01764706 -1425
0 798.26086 896.533 0.019607844 -226
1 780.4515 899.36383 0.019607844 -226
2 753.0954 903.1307 0.019607844 -250
3 712.8545 903.5294 0.019607844 -283
4 692.9243 903.5294 0.019607844 -317
5 676.9488 903.5294 0.019607844 -333
6 658.93414 903.5294 0.019607844 -350
7 641.0254 905.5706 0.019607844 -366
8 624.0611 906.52783 0.019607844 -383
9 606.35376 907.3359 0.019607844 -399
10 588.294 909.211 0.019607844 -416
11 571.6124 909.52625 0.019607844 -432
12 551.7082 910.0041 0.019607844 -449
13 531.8205 911.8602 0.019607844 -465
14 515.50323 912.5247 0.019607844 -482
15 501.15717 913.5715 0.019607844 -498
16 486.2427 914.5237 0.019607844 -515
17 471.63483 914.5237 0.019607844 -532
18 457.95142 915.18396 0.019607844 -548
19 424.6337 917.85223 0.019607844 -565
20 410.05954 918.5216 0.019607844 -598
21 389.80798 919.82605 0.019607844 -614
22 367.77026 923.50055 0.019607844 -643
23 357.537 925.3444 0.019607844 -676
24 349.23236 927.1282 0.019607844 -692
25 342.0031 928.9362 0.019607844 -709
26 331.53406 932.59375 0.019607844 -725
27 324.38046 937.83075 0.019607844 -758
28 319.65738 943.07874 0.019607844 -791
29 314.68036 949.8763 0.019607844 -807
30 310.19266 957.3682 0.019607844 -824
31 305.67947 967.5835 0.019607844 -840
32 298.43918 996.61896 0.019607844 -857
33 291.1772 1031.229 0.019607844 -890
34 284.7014 1083.9254 0.019607844 -923
35 278.22418 1154.3035 0.019607844 -956
36 270.90402 1213.1295 0.019607844 -989
37 265.54858 1268.2169 0.019607844 -1022
38 263.635 1299.6201 0.019607844 -1055
39 260.75854 1364.2692 0.019607844 -1071
40 259.0386 1393.8187 0.019607844 -1104
41 258.15753 1423.9132 0.019607844 -1121
42 257.28583 1452.3345 0.019607844 -1137
43 255.40485 1481.6084 0.019607844 -1153
44 251.5862 1539.9106 0.019607844 -1170
45 248.5673 1581.2018 0.019607844 -1203
46 246.76913 1613.198 0.019607844 -1219
47 244.00812 1646.9188 0.019607844 -1236
48 241.18459 1679.658 0.019607844 -1252
49 239.06339 1713.6974 0.019607844 -1269
50 236.15884 1745.4281 0.019607844 -1285
51 234.23212 1778.9916 0.019607844 -1302
52 232.78445 1810.0217 0.019607844 -1318
53 233.20714 1840.8104 0.019607844 -1335
54 233.78354 1850.0364 0.019607844 -1351
55 233.78354 1850.0364 0.019607844 -1356
0 802.2572 887.5377 0.01764706 -260
1 791.7045 888.8573 0.01764706 -260
2 731.9974 891.53564 0.019607844 -272
3 710.55115 893.5156 0.019607844 -321
4 671.1146 893.5346 0.019607844 -337
5 633.06586 893.04865 0.019607844 -370
6 612.2203 892.5351 0.019607844 -403
7 575.54346 892.5351 0.019607844 -420
8 550.5202 891.53564 0.019607844 -453
9 508.11383 889.7715 0.019607844 -469
10 485.78372 888.5372 0.019607844 -502
11 466.48242 888.5372 0.019607844 -519
12 448.2378 888.5372 0.019607844 -535
13 429.4158 888.5372 0.019607844 -552
14 393.443 888.5372 0.019607844 -568
15 377.90683 888.5372 0.019607844 -601
16 363.0827 887.5377 0.019607844 -617
17 348.42172 886.13153 0.019607844 -634
18 335.05563 887.5377 0.019607844 -650
19 323.96838 888.65906 0.019607844 -667
20 311.16937 890.4708 0.019607844 -683
21 299.219 892.2859 0.019607844 -700
22 290.90445 894.09955 0.019607844 -716
23 281.78802 895.9236 0.019607844 -733
24 270.85254 899.4971 0.019607844 -749
25 266.14145 901.3366 0.019607844 -782
26 262.55942 902.12885 0.019607844 -799
27 259.35855 903.5294 0.019607844 -815
28 254.77681 905.5283 0.019607844 -832
29 247.78326 911.5126 0.019607844 -865
30 244.64064 921.05164 0.019607844 -898
31 240.79707 931.4447 0.019607844 -931
32 238.10936 941.5201 0.019607844 -947
33 236.14876 952.9317 0.019607844 -963
34 234.32684 965.6903 0.019607844 -980
35 232.49742 982.0741 0.019607844 -996
36 228.49399 999.80426 0.019607844 -1013
37 221.33752 1051.9261 0.019607844 -1029
38 217.5471 1076.5739 0.019607844 -1062
39 214.8469 1103.1047 0.019607844 -1079
40 211.20068 1128.6385 0.019607844 -1095
41 209.63585 1162.6254 0.019607844 -1112
42 206.75714 1208.936 0.019607844 -1128
43 204.901 1244.7186 0.019607844 -1145
44 201.29388 1281.5298 0.019607844 -1161
45 197.41391 1347.5574 0.019607844 -1178
46 195.4343 1383.2053 0.019607844 -1211
47 193.51656 1420.6498 0.019607844 -1227
48 187.85217 1493.7518 0.019607844 -1244
49 185.82794 1529.5227 0.019607844 -1277
50 184.82886 1563.603 0.019607844 -1293
51 183.11646 1598.7332 0.019607844 -1309
52 182.19934 1629.6305 0.019607844 -1326
53 179.40874 1694.77 0.019607844 -1342
54 178.83441 1722.1719 0.019607844 -1375
55 178.83441 1751.8616 0.019607844 -1392
56 178.83441 1784.9269 0.019607844 -1408
57 179.85663 1831.2777 0.019607844 -1425
58 181.83163 1850.0364 0.019607844 -1458
59 181.83163 1850.0364 0.019607844 -1474
0 785.2729 876.54346 0.019607844 -260
1 769.4088 877.1963 0.019607844 -260
2 732.3475 879.5419 0.019607844 -274
3 710.79614 880.9544 0.019607844 -307
4 691.97424 881.77924 0.019607844 -323
5 640.5835 883.5398 0.019607844 -340
6 613.21576 884.5393 0.019607844 -373
7 565.94 886.53827 0.019607844 -389
8 522.306 887.7385 0.019607844 -422
9 497.71872 888.754 0.019607844 -455
10 476.16144 888.5372 0.019607844 -471
11 448.06152 890.5044 0.019607844 -488
12 422.9776 892.35297 0.019607844 -504
13 401.32486 893.5346 0.019607844 -521
14 381.36902 893.5346 0.019607844 -537
15 358.4574 893.5346 0.019607844 -554
16 342.26746 894.53406 0.019607844 -570
17 322.9428 894.53406 0.019607844 -587
18 303.7313 894.53406 0.019607844 -603
19 287.76642 895.15466 0.019607844 -620
20 274.7582 895.53357 0.019607844 -636
21 262.92825 895.53357 0.019607844 -653
22 251.23808 896.533 0.019607844 -669
23 232.18904 897.53253 0.019607844 -686
24 216.85886 898.8453 0.019607844 -718
25 212.39519 898.532 0.019607844 -751
26 208.81868 898.532 0.019607844 -768
27 205.19054 899.3413 0.019607844 -784
28 201.61023 899.5315 0.019607844 -801
29 197.9547 900.96173 0.019607844 -817
30 196.58823 901.7601 0.019607844 -834
31 188.6593 915.0214 0.019607844 -850
32 183.74623 932.9322 0.019607844 -900
33 181.72322 950.48157 0.019607844 -933
34 177.96207 976.2865 0.019607844 -949
35 175.09262 1000.1674 0.019607844 -966
36 172.83997 1026.5272 0.019607844 -982
37 172.83997 1057.1473 0.019607844 -998
38 172.83997 1089.7115 0.019607844 -1015
39 173.98494 1124.8967 0.019607844 -1031
40 175.83719 1222.1882 0.019607844 -1048
41 175.11578 1268.669 0.019607844 -1081
42 173.29803 1305.6917 0.019607844 -1097
43 171.38353 1347.3691 0.019607844 -1114
44 169.5376 1384.9979 0.019607844 -1130
45 167.57231 1419.1664 0.019607844 -1147
46 163.59575 1461.6512 0.019607844 -1163
47 159.83238 1496.3972 0.019607844 -1180
48 157.95575 1532.3657 0.019607844 -1196
49 158.85292 1571.0353 0.019607844 -1213
50 159.85199 1605.3927 0.019607844 -1229
51 159.85199 1639.6528 0.019607844 -1246
52 159.85199 1671.7617 0.019607844 -1262
53 159.85199 1701.408 0.019607844 -1279
54 158.53499 1728.5548 0.019607844 -1295
55 158.85292 1752.7598 0.019607844 -1311
56 157.85384 1779.2714 0.019607844 -1328
57 157.85384 1803.379 0.019607844 -1344
58 160.73405 1837.9886 0.019607844 -1361
59 163.77887 1855.7555 0.019607844 -1394
60 163.8483 1856.0333 0.019607844 -1410
61 163.8483 1856.0333 0.019607844 -1411
0 734.32007 331.82718 0.019607844 -256
1 727.8984 334.93243 0.019607844 -256
2 708.825 339.74283 0.019607844 -274
3 695.6547 341.6365 0.019607844 -307
4 680.5625 344.27252 0.019607844 -323
5 642.04236 349.30563 0.019607844 -340
6 592.3027 350.4983 0.019607844 -372
7 536.67633 351.76166 0.019607844 -405
8 470.5226 351.81674 0.019607844 -438
9 415.41058 351.81674 0.019607844 -471
10 389.76422 353.23563 0.019607844 -504
11 360.5311 352.55792 0.019607844 -521
12 333.78256 352.81622 0.019607844 -537
13 298.4088 352.859 0.019607844 -554
14 250.5163 354.4197 0.019607844 -570
15 230.6998 354.8152 0.019607844 -603
16 215.54182 356.09683 0.019607844 -620
17 199.65262 356.81415 0.019607844 -636
18 172.39253 358.8131 0.019607844 -652
19 156.1752 358.8131 0.019607844 -685
20 145.6696 358.8131 0.019607844 -718
21 138.56923 360.4635 0.019607844 -751
22 136.38597 361.29956 0.019607844 -784
23 129.61354 369.20734 0.019607844 -801
24 126.961464 376.40884 0.019607844 -834
25 125.173485 384.35287 0.019607844 -850
26 123.36765 395.4209 0.019607844 -867
27 118.7433 427.245 0.01764706 -883
28 117.869125 443.96436 0.019607844 -916
29 116.04402 469.78625 0.019607844 -933
30 115.89269 495.41153 0.019607844 -949
31 114.39448 519.7237 0.019607844 -965
32 112.515 544.667 0.019607844 -982
33 109.899055 596.6778 0.019607844 -998
34 106.209114 661.12146 0.019607844 -1031
35 104.90287 693.9918 0.019607844 -1064
36 104.90287 723.3286 0.01764706 -1081
37 104.90287 749.2124 0.01764706 -1097
38 104.90287 776.12646 0.019607844 -1114
39 106.02128 811.3246 0.019607844 -1130
40 107.898346 838.5388 0.01764706 -1147
41 107.90009 863.2637 0.01764706 -1163
42 109.67468 888.62823 0.019607844 -1180
43 111.563354 913.85724 0.01764706 -1196
44 113.46373 937.3372 0.019607844 -1213
45 113.89455 962.9646 0.019607844 -1229
46 119.316216 1025.5194 0.01764706 -1245
47 123.31784 1058.5529 0.01764706 -1278
48 130.8649 1152.1354 0.01764706 -1295
49 131.84064 1186.6362 0.01764706 -1328
50 132.87697 1212.8727 0.01764706 -1344
51 131.05144 1236.2826 0.01764706 -1361
52 129.87975 1259.1737 0.01764706 -1377
53 128.1742 1280.4043 0.01764706 -1394
54 126.882515 1292.3269 0.01764706 -1410
55 125.88344 1300.3228 0.01764706 -1421
0 771.2858 908.5268 0.01764706 -244
1 750.0598 911.1811 0.019607844 -244
2 714.4522 912.9687 0.019607844 -266
3 694.4893 913.5242 0.019607844 -299
4 675.6011 914.5237 0.019607844 -315
5 650.9645 914.5237 0.019607844 -332
6 619.6546 913.4356 0.01764706 -348
7 562.1388 912.73987 0.019607844 -365
8 504.37064 910.52576 0.01764706 -398
9 450.1057 908.27856 0.019607844 -430
10 419.19293 907.4122 0.019607844 -463
11 357.52002 905.5283 0.019607844 -480
12 335.5354 905.5283 0.019607844 -513
13 315.87708 905.5283 0.019607844 -529
14 296.69745 906.7305 0.019607844 -546
15 279.92352 906.52783 0.019607844 -562
16 266.46698 908.2821 0.019607844 -579
17 255.52617 908.5268 0.019607844 -595
18 245.0469 908.5268 0.019607844 -612
19 237.34264 909.63556 0.019607844 -628
20 230.344 911.386 0.019607844 -645
21 224.86736 911.5252 0.019607844 -661
22 220.94395 911.5252 0.019607844 -678
23 217.45108 911.5252 0.019607844 -694
24 214.82443 911.5252 0.019607844 -710
25 213.03825 912.2893 0.019607844 -727
26 211.26755 914.5973 0.019607844 -743
27 207.76103 919.6142 0.019607844 -760
28 205.93214 923.1507 0.019607844 -793
29 204.16995 930.0796 0.019607844 -809
30 202.3173 935.99854 0.019607844 -826
31 200.56834 942.4928 0.019607844 -842
32 198.72351 949.8752 0.019607844 -859
33 195.93959 959.89496 0.019607844 -875
34 193.43044 968.9715 0.019607844 -892
35 190.81297 979.5209 0.019607844 -908
36 188.25572 991.7633 0.019607844 -925
37 181.89441 1020.77716 0.019607844 -941
38 178.30775 1041.6204 0.019607844 -974
39 175.70851 1061.6555 0.019607844 -990
40 169.55664 1104.4293 0.019607844 -1007
41 166.73819 1131.9144 0.019607844 -1040
42 163.89865 1172.331 0.019607844 -1056
43 161.04567 1205.8658 0.019607844 -1073
44 158.59122 1239.7118 0.019607844 -1089
45 155.85568 1310.4227 0.019607844 -1106
46 153.57498 1348.9537 0.019607844 -1139
47 150.47856 1384.9087 0.019607844 -1155
48 145.65604 1432.345 0.019607844 -1172
49 141.95224 1472.4381 0.019607844 -1188
50 139.02634 1503.7356 0.019607844 -1205
51 136.14122 1537.6553 0.019607844 -1221
52 133.6217 1570.4731 0.019607844 -1238
53 131.31256 1605.3494 0.019607844 -1254
54 129.41902 1638.9857 0.019607844 -1271
55 127.52149 1673.9763 0.019607844 -1287
56 126.620445 1702.3103 0.019607844 -1303
57 124.63808 1732.7953 0.019607844 -1320
58 122.73865 1768.7374 0.019607844 -1336
59 120.78513 1798.4027 0.019607844 -1353
60 119.88899 1823.9298 0.019607844 -1369
61 119.88899 1846.4719 0.019607844 -1386
62 120.88807 1858.0322 0.019607844 -1402
63 120.88807 1858.0322 0.019607844 -1411
0 786.272 900.53094 0.019607844 -267
1 766.71906 901.53046 0.019607844 -267
2 739.7777 901.53046 0.019607844 -289
3 722.86237 901.53046 0.019607844 -322
4 703.53754 901.53046 0.019607844 -338
5 680.35 901.53046 0.019607844 -355
6 653.1416 901.53046 0.019607844 -371
7 628.7379 900.70935 0.019607844 -388
8 579.64484 900.53094 0.019607844 -404
9 529.1558 901.8413 0.019607844 -437
10 505.8156 902.7387 0.019607844 -470
11 476.17346 902.5299 0.019607844 -487
12 427.925 903.5294 0.019607844 -503
13 406.67163 903.5294 0.019607844 -536
14 386.25748 903.5294 0.019607844 -552
15 366.44537 903.5294 0.019607844 -569
16 347.7714 903.5294 0.019607844 -585
17 327.66412 903.5294 0.019607844 -602
18 312.07465 903.5294 0.019607844 -618
19 300.5357 905.0596 0.019607844 -635
20 290.9867 905.5283 0.019607844 -651
21 281.03067 905.5283 0.019607844 -668
22 274.76147 906.5225 0.019607844 -684
23 268.35757 908.3249 0.019607844 -701
24 263.60986 908.5268 0.019607844 -717
25 260.00732 908.9025 0.019607844 -734
26 252.82603 911.5252 0.019607844 -750
27 249.27315 914.01996 0.019607844 -783
28 245.7818 917.51276 0.019607844 -799
29 243.446 919.8495 0.019607844 -816
30 236.03651 930.8775 0.019607844 -832
31 233.33858 938.402 0.019607844 -865
32 230.76347 946.0644 0.019607844 -882
33 227.2023 956.264 0.019607844 -898
34 223.5208 965.3139 0.019607844 -915
35 220.88681 977.12573 0.019607844 -931
36 217.27655 995.093 0.019607844 -948
37 215.21877 1013.2919 0.019607844 -964
38 212.3861 1032.4694 0.019607844 -981
39 210.55424 1054.4603 0.019607844 -997
40 208.6882 1081.2153 0.019607844 -1014
41 205.91483 1122.0442 0.019607844 -1030
42 203.03134 1162.5691 0.019607844 -1047
43 199.58594 1200.6672 0.019607844 -1063
44 197.35239 1241.1863 0.019607844 -1079
45 196.81776 1279.4169 0.019607844 -1096
46 194.64536 1315.4542 0.019607844 -1112
47 191.72673 1357.3995 0.019607844 -1129
48 188.84875 1406.7004 0.019607844 -1145
49 186.96587 1442.6079 0.019607844 -1162
50 185.09457 1475.1785 0.019607844 -1178
51 184.82886 1505.8567 0.019607844 -1195
52 179.44542 1563.6238 0.019607844 -1211
53 176.29195 1591.5297 0.019607844 -1244
54 169.63751 1656.3969 0.019607844 -1261
55 166.84108 1688.1586 0.019607844 -1294
56 164.95493 1714.5999 0.019607844 -1310
57 161.15929 1768.4512 0.019607844 -1327
58 159.85199 1821.1143 0.019607844 -1359
59 159.85199 1844.0907 0.019607844 -1392
60 159.85199 1857.0327 0.019607844 -1409
61 159.85199 1857.0327 0.019607844 -1421
