0 1018.0574 635.6689 0.019607844 -235
1 1015.40106 635.6689 0.019607844 -235
2 1011.6416 635.6689 0.01764706 -258
3 1007.911 635.6689 0.01764706 -290
4 1000.3149 637.5875 0.01764706 -323
5 981.8479 641.3731 0.01764706 -356
6 956.6442 645.1597 0.01764706 -389
7 928.6218 652.28986 0.01764706 -422
8 889.4414 656.65796 0.01764706 -455
9 836.6191 660.79517 0.01764706 -488
10 816.26044 660.6559 0.01764706 -521
11 793.1375 660.6559 0.01764706 -537
12 773.0987 659.65643 0.01764706 -554
13 754.7377 659.65643 0.01764706 -570
14 711.1404 661.63306 0.01764706 -587
15 661.5205 665.0632 0.01764706 -619
16 639.537 667.22504 0.01764706 -652
17 597.26105 669.8192 0.01764706 -669
18 557.10236 669.6512 0.01764706 -702
19 519.96954 670.6507 0.01764706 -735
20 492.6855 670.6507 0.01764706 -768
21 479.5152 670.6507 0.01764706 -801
22 456.2084 670.6507 0.01764706 -817
23 440.56342 670.6507 0.01764706 -850
24 433.0221 670.6507 0.01764706 -883
25 423.68954 670.6507 0.01764706 -899
26 419.97864 670.6507 0.01764706 -932
27 416.4252 670.6507 0.01764706 -949
28 414.16864 670.6507 0.019607844 -965
29 412.39825 670.6507 0.019607844 -982
30 410.57776 670.6507 0.019607844 -998
31 408.78076 670.6507 0.019607844 -1015
32 406.97946 670.6507 0.019607844 -1031
33 405.18262 670.6507 0.019607844 -1047
34 402.6272 670.6507 0.019607844 -1064
35 402.6272 670.6507 0.019607844 -1097
36 399.62997 676.6979 0.019607844 -1113
37 399.62997 685.7303 0.019607844 -1146
38 397.37927 700.15204 0.01764706 -1163
39 395.50067 709.29614 0.019607844 -1179
40 393.6727 737.72266 0.019607844 -1196
41 392.81863 764.8662 0.019607844 -1212
42 391.96808 807.2834 0.01764706 -1229
43 393.63553 849.90485 0.01764706 -1245
44 393.63553 885.4816 0.019607844 -1261
45 396.91205 935.1041 0.019607844 -1278
46 395.8209 983.04846 0.01764706 -1294
47 396.58997 1092.146 0.019607844 -1311
48 393.63553 1171.2511 0.01764706 -1344
49 388.59482 1254.2777 0.01764706 -1377
50 385.1704 1298.4178 0.01764706 -1410
51 381.85028 1330.0746 0.019607844 -1426
52 378.6494 1415.0267 0.01764706 -1442
53 374.5562 1503.8354 0.01764706 -1475
54 371.55646 1553.8827 0.01764706 -1508
55 369.6212 1598.2644 0.01764706 -1525
56 367.64536 1624.3247 0.019607844 -1541
57 367.64536 1624.3247 0.01764706 -1558
0 1015.0601 629.67206 0.01764706 -255
1 999.8743 630.0385 0.01764706 -255
2 972.48456 633.8717 0.01764706 -275
3 949.5539 633.6699 0.01764706 -308
4 904.4261 635.1044 0.01764706 -325
5 862.1285 635.22125 0.01764706 -358
6 815.4061 633.6699 0.01764706 -390
7 770.21747 633.6699 0.01764706 -423
8 743.5579 635.57306 0.01764706 -456
9 721.0852 635.9368 0.01764706 -473
10 699.19415 634.66943 0.01764706 -489
11 678.8803 636.07697 0.01764706 -506
12 655.93677 635.4222 0.01764706 -522
13 637.24677 634.66943 0.01764706 -539
14 616.1712 636.6114 0.01764706 -555
15 592.1014 634.91016 0.01764706 -572
16 574.69214 634.66943 0.01764706 -588
17 559.17676 636.08185 0.01764706 -604
18 544.6592 636.8978 0.01764706 -621
19 528.4738 636.56476 0.01764706 -637
20 513.0953 635.6689 0.01764706 -654
21 500.2418 635.6689 0.01764706 -670
22 488.918 635.6689 0.01764706 -687
23 479.44305 637.09076 0.01764706 -703
24 458.30997 634.6252 0.01764706 -720
25 443.51047 634.66943 0.01764706 -753
26 438.49747 634.66943 0.01764706 -786
27 431.2382 634.66943 0.019607844 -802
28 428.5572 634.66943 0.019607844 -835
29 426.7551 634.66943 0.019607844 -851
30 423.14084 634.66943 0.019607844 -868
31 421.5195 640.8466 0.01764706 -901
32 417.7168 647.4556 0.01764706 -934
33 415.85007 652.19006 0.01764706 -950
34 414.02374 655.8442 0.019607844 -967
35 411.159 661.0366 0.019607844 -983
36 406.50714 687.39905 0.01764706 -999
37 401.97128 737.1811 0.01764706 -1032
38 399.1301 763.3545 0.01764706 -1065
39 397.63184 805.6839 0.01764706 -1082
40 397.63184 842.47845 0.019607844 -1098
41 397.63184 881.2715 0.019607844 -1115
42 399.62997 931.54034 0.01764706 -1131
43 398.6309 982.3212 0.01764706 -1148
44 398.64212 1045.1185 0.01764706 -1164
45 395.8406 1131.2681 0.01764706 -1181
46 393.63553 1219.5432 0.019607844 -1213
47 394.6346 1308.6902 0.01764706 -1246
48 395.30417 1358.659 0.01764706 -1279
49 399.78546 1450.5127 0.019607844 -1296
50 401.76132 1501.0184 0.019607844 -1329
51 403.62628 1566.0536 0.019607844 -1345
52 403.62628 1614.1593 0.01764706 -1362
53 402.6272 1632.1499 0.019607844 -1378
0 1016.0592 705.63245 0.01764706 -250
1 997.12177 710.2917 0.01764706 -250
2 979.6793 712.1704 0.01764706 -273
3 946.7701 716.7958 0.01764706 -290
4 921.18823 723.0754 0.01764706 -322
5 891.20166 727.6172 0.01764706 -339
6 867.50665 730.44183 0.01764706 -355
7 842.40656 732.2966 0.01764706 -372
8 820.24054 732.6184 0.01764706 -388
9 792.41644 734.0076 0.01764706 -405
10 767.10474 733.61786 0.01764706 -421
11 733.79193 734.6868 0.01764706 -438
12 707.6798 734.6174 0.01764706 -454
13 684.28 734.6174 0.01764706 -471
14 660.0495 734.6174 0.01764706 -487
15 639.7947 734.6174 0.01764706 -504
16 619.35095 734.6174 0.01764706 -520
17 594.7653 734.6174 0.01764706 -536
18 560.3782 732.6184 0.01764706 -553
19 540.4068 732.6184 0.01764706 -586
20 516.08325 731.73114 0.01764706 -602
21 505.2204 729.9012 0.01764706 -635
22 493.03915 728.6205 0.01764706 -652
23 480.35663 728.6205 0.01764706 -668
24 468.6808 728.6205 0.01764706 -685
25 463.79758 726.69714 0.019607844 -701
26 457.72305 725.6221 0.019607844 -718
27 452.3462 724.62256 0.019607844 -734
28 448.50974 724.5476 0.019607844 -767
29 445.90503 724.62256 0.019607844 -783
30 442.97528 724.62256 0.019607844 -800
31 439.45502 724.62256 0.019607844 -816
32 437.65454 724.62256 0.019607844 -849
33 435.86554 724.62256 0.019607844 -866
34 435.59668 724.62256 0.019607844 -882
35 435.59668 724.62256 0.019607844 -899
36 435.59668 724.62256 0.019607844 -915
37 435.59668 725.47186 0.019607844 -932
38 435.59668 727.2794 0.019607844 -948
39 435.1389 731.99335 0.019607844 -965
40 434.5976 738.5724 0.019607844 -981
41 433.5985 748.2378 0.01764706 -997
42 431.6993 762.90936 0.01764706 -1014
43 431.60037 779.692 0.01764706 -1030
44 431.06198 804.66437 0.01764706 -1047
45 430.6013 827.76117 0.019607844 -1063
46 428.38654 867.75116 0.01764706 -1080
47 429.6312 917.68207 0.01764706 -1096
48 431.60037 973.0927 0.01764706 -1113
49 433.35123 1014.28345 0.019607844 -1129
50 434.5976 1114.9424 0.01764706 -1146
51 433.5985 1217.9524 0.01764706 -1179
52 430.5853 1356.8374 0.01764706 -1211
53 428.6352 1415.2367 0.019607844 -1244
54 423.029 1511.0063 0.019607844 -1261
55 419.0823 1554.1925 0.01764706 -1294
56 414.49252 1593.5753 0.019607844 -1310
57 409.62073 1627.1525 0.019607844 -1327
58 407.62256 1640.1458 0.019607844 -1346
0 1014.06104 707.6314 0.01764706 -212
1 1005.15594 708.9041 0.01764706 -212
2 964.3087 710.6299 0.01764706 -223
3 908.9245 710.6299 0.01764706 -256
4 855.46906 711.62933 0.01764706 -289
5 827.5375 713.0355 0.01764706 -322
6 799.16187 712.37286 0.01764706 -338
7 773.6226 712.62885 0.01764706 -355
8 741.1508 713.6283 0.01764706 -371
9 711.0768 714.43256 0.01764706 -388
10 684.97437 716.8788 0.01764706 -404
11 656.5357 721.99524 0.01764706 -421
12 637.06177 723.6231 0.01764706 -437
13 612.06525 727.83136 0.01764706 -454
14 587.46277 729.5529 0.01764706 -470
15 566.41235 730.61945 0.01764706 -487
16 546.879 732.1801 0.01764706 -503
17 527.469 732.6184 0.01764706 -519
18 513.3105 732.6184 0.01764706 -536
19 498.40735 732.6184 0.01764706 -552
20 467.35236 732.6184 0.01764706 -569
21 456.22635 732.6184 0.01764706 -602
22 447.27902 732.6184 0.01764706 -618
23 441.29565 732.6184 0.01764706 -635
24 436.83902 732.6184 0.01764706 -651
25 433.23407 732.6184 0.01764706 -668
26 429.61594 732.6184 0.01764706 -684
27 426.57733 732.6184 0.019607844 -701
28 422.97028 732.6184 0.019607844 -733
29 421.14075 732.6184 0.019607844 -766
30 420.61053 732.6184 0.019607844 -783
31 420.61053 732.6184 0.019607844 -799
32 420.61053 732.6184 0.019607844 -816
33 420.61053 732.6184 0.019607844 -832
34 420.61053 738.6078 0.019607844 -849
35 417.6133 764.12164 0.01764706 -882
36 415.62915 796.1937 0.019607844 -915
37 414.6161 826.03723 0.01764706 -931
38 414.90155 862.1222 0.01764706 -948
39 414.74643 896.0987 0.019607844 -964
40 414.16327 934.7651 0.01764706 -980
41 416.2668 976.6445 0.01764706 -997
42 411.19577 1011.28455 0.019607844 -1013
43 408.52188 1058.1464 0.01764706 -1030
44 403.64847 1110.1553 0.019607844 -1046
45 401.71796 1167.8737 0.01764706 -1063
46 398.0203 1219.7544 0.019607844 -1079
47 395.63367 1267.8013 0.019607844 -1096
48 393.97702 1315.7698 0.01764706 -1112
49 393.06638 1369.0988 0.01764706 -1129
50 392.63644 1423.366 0.01764706 -1145
51 391.23932 1480.5958 0.01764706 -1162
52 393.32727 1530.8829 0.01764706 -1178
53 390.35132 1570.9266 0.019607844 -1194
54 387.64108 1615.1587 0.019607844 -1211
55 386.642 1631.1504 0.019607844 -1225
0 1012.0629 729.62 0.01764706 -186
1 998.30994 731.3398 0.01764706 -186
2 961.1664 732.114 0.01764706 -200
3 918.19446 732.6184 0.01764706 -233
4 888.942 733.61786 0.01764706 -266
5 851.62494 733.61786 0.01764706 -282
6 822.7951 733.61786 0.01764706 -299
7 795.84094 733.61786 0.01764706 -315
8 768.8472 733.61786 0.01764706 -332
9 742.69214 733.61786 0.01764706 -348
10 715.5415 733.61786 0.01764706 -365
11 693.1647 733.61786 0.01764706 -381
12 665.3708 732.619 0.01764706 -398
13 640.8461 730.93915 0.01764706 -414
14 620.3514 728.94745 0.01764706 -431
15 598.38605 726.60956 0.01764706 -447
16 566.0804 722.6236 0.01764706 -464
17 531.8116 717.91406 0.01764706 -497
18 502.60983 713.7561 0.01764706 -530
19 491.89514 711.35455 0.01764706 -563
20 482.85587 709.491 0.01764706 -579
21 475.75372 707.67993 0.01764706 -595
22 469.2169 707.6314 0.01764706 -612
23 464.36218 707.6314 0.01764706 -628
24 457.30054 707.6314 0.01764706 -645
25 453.78705 707.6314 0.01764706 -678
26 451.9461 707.6314 0.01764706 -711
27 450.15894 707.6314 0.01764706 -727
28 448.4324 707.6314 0.01764706 -744
29 446.56177 707.6314 0.01764706 -760
30 444.77655 707.6314 0.01764706 -777
31 442.9769 707.6314 0.01764706 -793
32 441.18204 710.4489 0.01764706 -810
33 437.50717 715.7149 0.01764706 -826
34 435.707 717.51587 0.019607844 -859
35 433.8631 721.8295 0.01764706 -876
36 432.03128 727.3273 0.01764706 -892
37 430.18185 735.7159 0.019607844 -908
38 429.36563 753.9756 0.01764706 -925
39 427.49026 766.2843 0.019607844 -941
40 424.60684 819.71277 0.01764706 -958
41 424.60684 851.27563 0.01764706 -991
42 424.60684 881.0522 0.01764706 -1007
43 428.8017 915.51483 0.01764706 -1024
44 427.60406 944.87775 0.019607844 -1040
45 429.44336 989.98303 0.01764706 -1057
46 428.55286 1044.9662 0.01764706 -1073
47 428.52905 1077.8809 0.019607844 -1090
48 431.60037 1164.4451 0.01764706 -1106
49 433.83844 1211.9706 0.01764706 -1139
50 434.5976 1252.0088 0.01764706 -1156
51 435.02927 1299.1007 0.01764706 -1172
52 436.95987 1336.5938 0.01764706 -1189
53 439.87665 1383.2428 0.01764706 -1205
54 444.15186 1434.321 0.01764706 -1222
55 452.35388 1498.3671 0.019607844 -1238
56 456.80353 1552.3434 0.01764706 -1254
57 461.90277 1593.153 0.01764706 -1271
58 461.57263 1623.6571 0.01764706 -1287
59 461.57263 1623.6571 0.01764706 -1304
0 1018.0574 694.6382 0.01764706 -208
1 1012.4741 695.50055 0.01764706 -208
2 994.4374 698.6361 0.01764706 -223
3 980.805 700.2477 0.01764706 -256
4 967.3814 702.1661 0.01764706 -273
5 953.63776 703.6335 0.01764706 -289
6 939.5442 705.00226 0.01764706 -306
7 919.32086 706.63196 0.01764706 -322
8 895.37305 707.8312 0.01764706 -339
9 873.86847 710.85016 0.01764706 -355
10 849.3955 709.6304 0.01764706 -372
11 829.4222 710.5109 0.01764706 -388
12 806.6246 711.62933 0.01764706 -404
13 760.296 714.12805 0.01764706 -421
14 734.6895 717.4306 0.01764706 -454
15 711.54596 716.6267 0.01764706 -470
16 680.4806 718.9144 0.01764706 -487
17 657.2633 717.6262 0.01764706 -503
18 612.2658 720.32996 0.01764706 -520
19 590.6777 723.0265 0.01764706 -553
20 555.34644 722.6236 0.01764706 -569
21 516.8372 720.62463 0.01764706 -602
22 479.7042 722.274 0.01764706 -635
23 457.72888 720.62463 0.01764706 -668
24 449.5228 720.62463 0.01764706 -701
25 435.1186 720.62463 0.01764706 -717
26 425.55035 720.62463 0.01764706 -750
27 421.84656 720.62463 0.01764706 -783
28 418.18 720.62463 0.01764706 -800
29 415.63168 720.62463 0.01764706 -816
30 409.62073 721.62415 0.01764706 -833
31 406.45685 721.62415 0.01764706 -865
32 402.8009 721.62415 0.019607844 -899
33 402.09836 725.1516 0.019607844 -932
34 400.2357 728.4081 0.019607844 -965
35 399.62997 736.0129 0.01764706 -981
36 398.51938 753.9467 0.01764706 -998
37 394.6346 796.6495 0.01764706 -1014
38 394.6346 856.2792 0.01764706 -1047
39 396.0128 893.9495 0.019607844 -1080
40 401.88693 990.9963 0.01764706 -1096
41 410.60297 1117.2493 0.01764706 -1129
42 413.61703 1221.2529 0.019607844 -1162
43 414.0313 1310.0245 0.01764706 -1195
44 411.0913 1361.8519 0.01764706 -1228
45 410.1735 1405.9889 0.01764706 -1245
46 408.29337 1449.8019 0.019607844 -1261
47 407.62256 1497.0565 0.01764706 -1278
48 404.18256 1549.2843 0.01764706 -1294
49 402.6272 1589.8506 0.01764706 -1311
50 400.62906 1607.1628 0.01764706 -1327
51 398.6309 1621.1556 0.01764706 -1334
0 1013.062 732.6184 0.01764706 -217
1 1003.53937 732.6184 0.01764706 -217
2 963.53046 732.6184 0.01764706 -226
3 920.4402 732.6184 0.01764706 -259
4 894.66656 733.61786 0.01764706 -293
5 871.3095 733.61786 0.01764706 -309
6 841.45197 734.6174 0.01764706 -326
7 808.1827 734.6174 0.01764706 -342
8 778.9873 734.6174 0.01764706 -359
9 753.42377 734.6174 0.01764706 -375
10 725.85004 734.6174 0.01764706 -392
11 701.24176 734.6174 0.01764706 -408
12 678.01526 734.6174 0.01764706 -425
13 653.59155 734.6174 0.01764706 -441
14 632.57294 734.6174 0.01764706 -458
15 606.81586 734.6174 0.01764706 -474
16 582.5698 734.6174 0.01764706 -491
17 563.4031 734.6174 0.01764706 -508
18 542.85565 734.6174 0.01764706 -524
19 524.1706 734.6174 0.01764706 -541
20 508.0895 734.6174 0.01764706 -557
21 491.92493 734.6174 0.01764706 -574
22 474.41794 734.6174 0.01764706 -590
23 459.93912 734.6174 0.01764706 -607
24 447.29355 734.6174 0.01764706 -623
25 436.23767 734.6174 0.01764706 -640
26 425.17206 734.6174 0.01764706 -656
27 415.4057 734.6174 0.01764706 -673
28 406.1254 734.6174 0.01764706 -689
29 394.20047 734.6174 0.01764706 -706
30 386.87805 734.6174 0.01764706 -739
31 385.50177 733.4766 0.01764706 -767
32 383.62787 733.61786 0.01764706 -784
33 381.8248 733.61786 0.01764706 -800
34 380.01755 733.61786 0.019607844 -817
35 378.21613 733.61786 0.019607844 -833
36 376.3965 733.61786 0.019607844 -850
37 375.76642 733.61786 0.019607844 -866
38 373.03287 739.48 0.01764706 -899
39 373.1727 750.9449 0.01764706 -932
40 371.3271 763.577 0.01764706 -949
41 369.4831 772.47144 0.01764706 -965
42 367.5645 788.4457 0.01764706 -982
43 366.6605 821.20325 0.01764706 -998
44 367.51685 855.55414 0.01764706 -1015
45 368.40128 886.1586 0.01764706 -1031
46 374.16074 964.0627 0.01764706 -1047
47 376.08612 1002.29626 0.01764706 -1080
48 376.65125 1052.0859 0.01764706 -1097
49 376.65125 1080.1693 0.01764706 -1113
50 376.65125 1126.2009 0.01764706 -1130
51 376.7013 1232.0057 0.01764706 -1146
52 376.86688 1313.9987 0.01764706 -1179
53 374.36224 1402.6364 0.01764706 -1212
54 373.65402 1441.5743 0.01764706 -1245
55 372.65494 1485.6378 0.01764706 -1261
56 372.65494 1524.6177 0.01764706 -1278
57 372.65494 1560.3037 0.01764706 -1294
58 371.86185 1591.9028 0.01764706 -1311
59 368.65866 1630.1509 0.019607844 -1327
60 368.65866 1641.1451 0.01764706 -1349
0 1011.06384 711.62933 0.01764706 -249
1 971.8873 713.88153 0.01764706 -249
2 932.9306 714.19214 0.01764706 -290
3 910.03754 712.1191 0.01764706 -322
4 888.9718 711.62933 0.01764706 -339
5 865.9371 708.97516 0.01764706 -355
6 843.2893 707.3652 0.01764706 -372
7 788.1934 706.63196 0.01764706 -388
8 741.4609 706.63196 0.01764706 -421
9 699.05133 708.06134 0.01764706 -454
10 673.28723 706.63196 0.01764706 -487
11 653.30084 706.63196 0.01764706 -503
12 626.4313 707.6314 0.01764706 -520
13 602.1964 707.6314 0.01764706 -536
14 558.25305 705.10974 0.01764706 -553
15 526.98535 704.633 0.01764706 -586
16 506.99966 702.5751 0.01764706 -619
17 474.828 703.3097 0.01764706 -635
18 451.20554 707.0279 0.01764706 -668
19 428.95486 706.63196 0.01764706 -701
20 411.52823 706.63196 0.01764706 -734
21 405.69403 706.63196 0.01764706 -767
22 401.6861 706.63196 0.01764706 -783
23 398.00827 706.63196 0.01764706 -800
24 396.4648 706.63196 0.01764706 -816
25 394.65857 706.63196 0.01764706 -833
26 388.5148 710.75525 0.01764706 -849
27 383.42755 715.84454 0.01764706 -882
28 381.52393 717.749 0.01764706 -915
29 379.6904 719.58325 0.01764706 -932
30 377.817 722.29016 0.01764706 -948
31 375.99066 726.60516 0.01764706 -965
32 374.13013 733.7117 0.019607844 -981
33 372.2943 742.41815 0.01764706 -998
34 372.3653 759.2138 0.01764706 -1014
35 370.54184 773.7476 0.01764706 -1031
36 371.6451 796.4449 0.01764706 -1047
37 370.6568 819.1127 0.01764706 -1064
38 372.0836 843.69965 0.01764706 -1080
39 371.65588 909.8271 0.01764706 -1096
40 376.203 991.3757 0.01764706 -1129
41 378.59506 1078.4049 0.01764706 -1162
42 380.4301 1158.1736 0.01764706 -1195
43 379.64847 1191.636 0.01764706 -1228
44 380.98596 1230.2461 0.01764706 -1245
45 381.84186 1266.2947 0.01764706 -1261
46 383.16086 1305.6017 0.01764706 -1278
47 387.96805 1347.4739 0.01764706 -1294
48 388.01938 1385.4725 0.01764706 -1311
49 390.6383 1430.977 0.01764706 -1327
50 391.6374 1482.5553 0.01764706 -1344
51 396.66867 1587.036 0.01764706 -1360
52 395.58038 1630.2709 0.01764706 -1393
53 395.58038 1630.2709 0.01764706 -1410
0 1018.0574 675.6481 0.01764706 -160
1 1014.97845 675.6481 0.01764706 -160
2 1009.27954 675.6481 0.01764706 -177
3 1001.6082 675.6481 0.01764706 -193
4 991.34827 675.6481 0.01764706 -210
5 979.2311 675.6481 0.01764706 -226
6 964.0519 675.6481 0.01764706 -243
7 946.1982 675.6481 0.01764706 -259
8 928.6237 675.6481 0.01764706 -276
9 908.3245 675.6481 0.01764706 -292
10 885.6957 675.6481 0.01764706 -309
11 856.37067 675.6481 0.01764706 -325
12 831.972 675.6481 0.01764706 -342
13 811.1742 675.6481 0.01764706 -358
14 790.7103 675.6481 0.01764706 -375
15 769.1366 675.6481 0.01764706 -391
16 750.1213 675.6481 0.01764706 -408
17 730.01245 675.6481 0.01764706 -424
18 708.2133 675.6481 0.01764706 -441
19 688.70734 675.6481 0.01764706 -457
20 661.6854 675.6481 0.01764706 -474
21 641.79926 675.6481 0.01764706 -490
22 608.0356 675.6481 0.01764706 -506
23 588.8379 675.6481 0.01764706 -539
24 556.9456 675.6481 0.01764706 -556
25 519.53894 675.6481 0.01764706 -589
26 508.06525 676.3918 0.01764706 -622
27 497.04153 676.6476 0.01764706 -638
28 487.37347 676.6476 0.01764706 -655
29 479.22702 676.6476 0.01764706 -671
30 472.14047 676.6476 0.01764706 -688
31 466.69275 676.6476 0.01764706 -704
32 462.9645 676.6476 0.01764706 -721
33 458.15503 676.6476 0.01764706 -737
34 454.53928 676.6476 0.019607844 -770
35 452.67184 676.6476 0.019607844 -803
36 450.83972 676.6476 0.019607844 -820
37 449.04706 676.6476 0.019607844 -836
38 448.58466 678.0702 0.019607844 -852
39 448.58466 693.9284 0.01764706 -869
40 444.82303 711.6898 0.01764706 -902
41 442.9268 721.6028 0.01764706 -935
42 442.5902 740.00507 0.01764706 -951
43 441.2032 759.48737 0.01764706 -968
44 439.3086 776.4417 0.019607844 -984
45 439.59296 809.82983 0.01764706 -1001
46 445.58743 928.7779 0.01764706 -1017
47 447.88065 968.6874 0.019607844 -1067
48 448.58466 1005.8614 0.01764706 -1083
49 449.81653 1090.0251 0.01764706 -1100
50 445.04373 1131.0367 0.01764706 -1133
51 440.316 1186.007 0.01764706 -1149
52 437.5221 1228.1797 0.01764706 -1165
53 433.04697 1296.3386 0.01764706 -1182
54 429.81943 1326.3962 0.019607844 -1215
55 426.94394 1364.5397 0.01764706 -1231
56 427.74637 1397.6962 0.01764706 -1248
57 426.605 1433.4275 0.01764706 -1264
58 426.17896 1469.6166 0.01764706 -1281
59 425.60593 1503.8542 0.019607844 -1297
60 424.2706 1552.615 0.01764706 -1314
61 422.3064 1585.9233 0.01764706 -1330
62 420.61053 1617.1577 0.01764706 -1347
63 419.61148 1627.1525 0.019607844 -1361
0 1016.0592 682.6444 0.01764706 -227
1 1007.2964 682.6444 0.01764706 -227
2 997.65137 684.3285 0.01764706 -241
3 989.65985 684.6434 0.01764706 -257
4 982.0907 686.14264 0.01764706 -273
5 971.5371 688.06885 0.01764706 -289
6 949.47833 692.7462 0.01764706 -306
7 930.05273 693.8704 0.01764706 -339
8 908.0744 697.8338 0.01764706 -356
9 890.0363 699.65106 0.01764706 -372
10 851.65765 702.3895 0.01764706 -389
11 832.35254 704.3208 0.01764706 -421
12 813.8723 707.7903 0.01764706 -438
13 791.17633 708.6309 0.01764706 -454
14 770.7213 709.9543 0.01764706 -471
15 749.50037 711.8843 0.01764706 -487
16 723.1016 711.71124 0.01764706 -504
17 702.2845 713.5434 0.01764706 -520
18 678.3364 715.39935 0.01764706 -537
19 658.6751 714.6278 0.01764706 -553
20 641.2901 714.6278 0.01764706 -570
21 623.55005 715.91437 0.01764706 -586
22 588.2097 714.6278 0.01764706 -603
23 570.97504 715.46027 0.01764706 -636
24 552.79694 717.29553 0.01764706 -652
25 538.0859 716.139 0.01764706 -668
26 525.01886 714.27155 0.01764706 -685
27 503.64072 714.6278 0.01764706 -701
28 478.84805 712.95154 0.01764706 -734
29 471.44296 711.0995 0.01764706 -767
30 465.4553 710.6299 0.01764706 -784
31 462.25104 710.6299 0.01764706 -800
32 458.55173 710.6299 0.01764706 -817
33 454.98065 710.6299 0.01764706 -833
34 453.18704 710.6299 0.01764706 -866
35 451.4381 710.6299 0.01764706 -883
36 449.61554 710.6299 0.01764706 -899
37 446.05838 713.6855 0.01764706 -915
38 444.16763 716.0481 0.01764706 -948
39 442.42313 717.7934 0.01764706 -965
40 440.52316 719.6941 0.01764706 -981
41 438.71387 723.3831 0.01764706 -998
42 436.90247 727.69995 0.019607844 -1014
43 436.09372 737.0987 0.019607844 -1031
44 436.59573 754.16705 0.01764706 -1047
45 434.43942 766.709 0.01764706 -1064
46 432.5366 783.2213 0.01764706 -1080
47 430.6655 816.6749 0.01764706 -1097
48 430.6013 852.6069 0.01764706 -1113
49 431.2543 885.3038 0.01764706 -1129
50 433.5985 928.4106 0.01764706 -1146
51 437.9943 970.291 0.01764706 -1162
52 438.5939 1007.4212 0.01764706 -1179
53 441.59113 1106.6364 0.01764706 -1195
54 443.55698 1148.9976 0.01764706 -1228
55 441.7028 1188.3693 0.01764706 -1245
56 442.5902 1231.1874 0.01764706 -1261
57 442.29675 1274.112 0.01764706 -1278
58 442.5902 1313.543 0.01764706 -1294
59 443.58926 1393.3401 0.01764706 -1311
60 443.844 1479.6036 0.01764706 -1344
61 440.19794 1552.1362 0.01764706 -1376
62 438.35312 1583.0317 0.01764706 -1409
63 436.00952 1619.5569 0.01764706 -1426
64 436.00952 1619.5569 0.01764706 -1442
0 1016.0592 700.6351 0.01764706 -292
1 998.378 703.4165 0.01764706 -292
2 984.59314 704.633 0.01764706 -315
3 967.3905 704.633 0.01764706 -331
4 950.87 705.1639 0.01764706 -348
5 936.6839 707.0628 0.01764706 -364
6 898.25366 707.6314 0.01764706 -381
7 855.01184 709.6304 0.01764706 -414
8 816.34033 708.14716 0.01764706 -447
9 795.99927 706.63196 0.01764706 -480
10 777.8572 706.63196 0.01764706 -496
11 762.53986 706.63196 0.01764706 -512
12 745.611 706.4776 0.01764706 -529
13 709.91833 704.633 0.01764706 -545
14 688.76904 702.94354 0.01764706 -578
15 670.59564 701.6345 0.01764706 -595
16 655.382 701.6345 0.01764706 -611
17 639.8296 699.3201 0.01764706 -628
18 625.0229 697.63666 0.01764706 -644
19 608.63525 697.63666 0.01764706 -661
20 594.64514 697.63666 0.01764706 -677
21 577.52155 696.143 0.01764706 -694
22 565.499 695.6377 0.01764706 -710
23 554.56665 695.6377 0.01764706 -727
24 543.7343 695.6377 0.01764706 -743
25 534.60254 695.6377 0.01764706 -759
26 527.0804 695.6377 0.01764706 -776
27 519.8335 695.6377 0.01764706 -792
28 506.25964 693.57086 0.01764706 -809
29 498.2373 693.63873 0.01764706 -842
30 493.23294 693.63873 0.01764706 -875
31 489.63565 696.54816 0.01764706 -908
32 487.81946 699.09357 0.01764706 -941
33 486.02347 701.68756 0.01764706 -957
34 481.42313 712.0224 0.01764706 -974
35 477.753 725.64526 0.01764706 -1006
36 474.09796 756.31067 0.01764706 -1039
37 472.2221 769.9834 0.01764706 -1072
38 470.404 792.51263 0.01764706 -1089
39 469.56522 830.1227 0.01764706 -1105
40 471.56335 867.89777 0.01764706 -1122
41 472.97034 906.72284 0.01764706 -1138
42 473.56152 943.9917 0.01764706 -1155
43 476.49054 987.6665 0.01764706 -1171
44 474.5606 1022.1235 0.01764706 -1188
45 474.2695 1061.6918 0.01764706 -1204
46 472.3594 1110.5717 0.01764706 -1221
47 471.57813 1148.1359 0.01764706 -1237
48 469.70413 1184.4364 0.01764706 -1253
49 470.30707 1217.4742 0.01764706 -1270
50 468.90973 1247.8792 0.01764706 -1286
51 467.51822 1281.9191 0.01764706 -1303
52 466.568 1314.1233 0.01764706 -1319
53 466.568 1342.2249 0.01764706 -1336
54 467.83713 1374.7979 0.01764706 -1352
55 470.3725 1410.5289 0.01764706 -1369
56 468.56613 1443.9116 0.01764706 -1385
57 465.67456 1505.841 0.01764706 -1402
58 466.41437 1535.7396 0.01764706 -1435
59 464.78763 1562.5704 0.01764706 -1451
60 462.90207 1619.519 0.01764706 -1468
61 462.5717 1623.1545 0.01764706 -1500
62 461.57263 1635.1483 0.01764706 -1503
0 1015.0601 676.6476 0.01764706 -252
1 1007.2327 676.6476 0.01764706 -252
2 986.99036 676.6476 0.01764706 -265
3 957.2081 676.6476 0.01764706 -298
4 939.4905 676.6476 0.01764706 -331
5 915.2697 677.638 0.01764706 -347
6 892.57434 677.64703 0.01764706 -364
7 872.9334 678.64655 0.01764706 -380
8 848.48456 679.2698 0.01764706 -397
9 825.4394 679.646 0.01764706 -413
10 804.01416 679.646 0.01764706 -430
11 777.82086 679.646 0.01764706 -446
12 758.7832 681.69635 0.01764706 -462
13 731.09033 681.64496 0.01764706 -479
14 685.22565 680.6455 0.01764706 -495
15 660.68463 680.6455 0.01764706 -528
16 622.78 679.5875 0.01764706 -545
17 579.2218 677.89764 0.01764706 -578
18 542.0676 677.64703 0.01764706 -611
19 524.88336 677.64703 0.01764706 -644
20 514.1354 676.5829 0.01764706 -660
21 502.97128 676.6476 0.01764706 -677
22 491.97888 676.6476 0.01764706 -693
23 483.25858 676.6476 0.01764706 -710
24 476.00842 676.6476 0.01764706 -726
25 466.5723 676.6476 0.01764706 -742
26 462.8065 676.6476 0.01764706 -775
27 460.87714 676.6476 0.01764706 -792
28 459.10837 676.6476 0.01764706 -808
29 457.2957 676.6476 0.019607844 -825
30 455.52652 676.6476 0.01764706 -841
31 454.5791 676.6476 0.01764706 -858
32 453.89426 676.6476 0.01764706 -874
33 452.0885 676.6476 0.019607844 -891
34 450.50922 677.72064 0.019607844 -907
35 450.5828 683.5986 0.01764706 -940
36 449.7441 696.5134 0.01764706 -957
37 447.90793 706.019 0.01764706 -973
38 445.5786 715.6537 0.01764706 -989
39 442.20767 751.7144 0.01764706 -1006
40 439.47595 767.06885 0.01764706 -1039
41 437.7095 795.06085 0.01764706 -1055
42 435.00507 857.2121 0.01764706 -1072
43 433.5985 889.116 0.01764706 -1106
44 433.5985 929.06165 0.01764706 -1122
45 432.59946 958.25574 0.01764706 -1139
46 431.53644 997.5682 0.01764706 -1155
47 431.68753 1047.4512 0.01764706 -1172
48 429.76343 1080.5332 0.01764706 -1188
49 428.60315 1159.0658 0.01764706 -1205
50 428.60315 1198.4424 0.01764706 -1237
51 428.60315 1238.6296 0.01764706 -1254
52 428.60315 1268.6919 0.01764706 -1270
53 428.60315 1309.9397 0.01764706 -1287
54 428.60315 1355.1754 0.01764706 -1303
55 428.60315 1391.3079 0.01764706 -1320
56 429.60223 1454.5704 0.01764706 -1336
57 428.60315 1514.8477 0.01764706 -1369
58 429.01624 1545.5793 0.01764706 -1402
59 427.10403 1568.1892 0.01764706 -1419
60 426.08957 1592.4637 0.01764706 -1435
61 425.1658 1616.5632 0.01764706 -1452
62 424.60684 1622.155 0.01764706 -1468
63 423.6078 1629.1515 0.01764706 -1473
0 1018.0574 672.64966 0.01764706 -280
1 984.3153 672.64966 0.01764706 -280
2 965.37683 673.6245 0.01764706 -314
3 944.5737 673.6491 0.01764706 -330
4 923.8654 673.6491 0.01764706 -346
5 904.1019 673.6491 0.01764706 -363
6 858.9291 673.6491 0.01764706 -379
7 834.0475 673.6491 0.01764706 -412
8 810.4136 673.6491 0.01764706 -429
9 775.2162 674.6486 0.01764706 -445
10 724.27826 675.6481 0.01764706 -462
11 678.33044 675.6481 0.01764706 -495
12 655.98535 675.6481 0.01764706 -527
13 636.9437 675.6481 0.01764706 -544
14 588.8219 675.6481 0.01764706 -560
15 560.6887 676.9035 0.01764706 -593
16 544.02057 676.6476 0.01764706 -626
17 527.72327 676.6476 0.01764706 -643
18 515.62256 676.6476 0.01764706 -659
19 501.5019 676.6476 0.01764706 -676
20 493.52145 676.6476 0.01764706 -709
21 489.03503 676.6476 0.01764706 -742
22 487.20248 676.6476 0.01764706 -775
23 485.39862 676.6476 0.01764706 -791
24 483.6441 676.6476 0.01764706 -807
25 481.84454 678.35596 0.019607844 -824
26 480.03937 681.6773 0.01764706 -840
27 478.2321 685.2932 0.019607844 -857
28 476.50903 703.7578 0.01764706 -873
29 473.56152 735.9439 0.01764706 -906
30 471.3813 754.92694 0.01764706 -939
31 469.1155 770.1998 0.01764706 -956
32 468.56613 797.9839 0.01764706 -972
33 467.38516 819.57605 0.01764706 -989
34 464.56717 860.5878 0.01764706 -1005
35 465.5689 901.1306 0.01764706 -1022
36 466.32745 943.2117 0.01764706 -1038
37 468.56613 985.4598 0.01764706 -1055
38 470.0673 1028.5253 0.01764706 -1071
39 467.8418 1066.3318 0.01764706 -1088
40 467.31918 1115.6221 0.01764706 -1104
41 468.7495 1162.9834 0.01764706 -1120
42 467.56708 1222.3076 0.01764706 -1137
43 464.61002 1260.499 0.01764706 -1153
44 459.57446 1331.5254 0.01764706 -1170
45 458.12708 1406.8436 0.01764706 -1203
46 462.3262 1481.1483 0.01764706 -1236
47 460.2324 1508.9949 0.01764706 -1269
48 462.857 1543.0513 0.01764706 -1285
49 461.27057 1566.51 0.01764706 -1302
50 464.56985 1600.1665 0.01764706 -1318
51 464.56985 1615.1587 0.01764706 -1333
0 1017.0583 677.64703 0.01764706 -254
1 990.5829 680.14575 0.01764706 -254
2 943.93274 683.02545 0.01764706 -282
3 856.9532 691.80316 0.01764706 -316
4 820.7952 692.55286 0.01764706 -365
5 791.47534 694.3578 0.01764706 -382
6 760.9592 695.22144 0.01764706 -398
7 732.70996 697.0777 0.01764706 -415
8 708.9779 701.4114 0.01764706 -431
9 678.37213 700.6351 0.01764706 -447
10 646.50885 700.6878 0.01764706 -464
11 618.8781 700.6351 0.01764706 -480
12 597.8233 701.1971 0.01764706 -497
13 576.4658 700.3019 0.01764706 -513
14 519.71204 696.1248 0.01764706 -530
15 505.58948 694.6382 0.01764706 -579
16 493.06506 694.6382 0.01764706 -596
17 482.40216 694.6382 0.01764706 -612
18 472.7523 695.606 0.01764706 -629
19 458.9737 696.63715 0.01764706 -645
20 445.2133 694.6382 0.019607844 -678
21 438.93173 695.29974 0.019607844 -711
22 435.4453 697.7881 0.01764706 -744
23 434.5587 699.6745 0.01764706 -777
24 432.77213 703.28796 0.01764706 -793
25 427.20908 712.4196 0.01764706 -810
26 423.61832 723.5704 0.01764706 -843
27 419.97595 758.6864 0.01764706 -876
28 419.9354 801.44574 0.01764706 -909
29 416.39523 822.76385 0.01764706 -942
30 413.58896 861.9304 0.019607844 -958
31 411.92523 929.6096 0.01764706 -975
32 412.17798 963.6907 0.01764706 -1008
33 409.8011 997.21686 0.01764706 -1024
34 408.527 1059.9634 0.01764706 -1040
35 405.57092 1109.0918 0.01764706 -1073
36 402.84128 1136.8009 0.01764706 -1090
37 401.8432 1175.7277 0.01764706 -1106
38 400.62906 1204.9114 0.019607844 -1123
39 401.05804 1237.9143 0.01764706 -1139
40 399.62997 1266.8427 0.019607844 -1156
41 401.00925 1301.1719 0.01764706 -1172
42 399.37015 1324.6908 0.019607844 -1189
43 401.69073 1398.5876 0.01764706 -1205
44 401.6281 1434.8878 0.019607844 -1238
45 402.56415 1466.1005 0.019607844 -1255
46 403.62628 1497.4703 0.01764706 -1271
47 404.44202 1526.269 0.019607844 -1288
48 404.62534 1556.2471 0.01764706 -1304
49 403.92834 1576.1555 0.019607844 -1320
50 404.2719 1599.5679 0.01764706 -1337
51 403.62628 1616.1582 0.01764706 -1353
52 402.6272 1625.1536 0.01764706 -1365
0 1016.0592 700.6351 0.01764706 -238
1 997.6169 700.6351 0.01764706 -238
2 981.9113 700.6351 0.01764706 -258
3 963.29456 701.8158 0.01764706 -275
4 936.35095 703.6335 0.01764706 -291
5 911.05194 703.6335 0.01764706 -308
6 889.45575 706.2178 0.01764706 -324
7 842.42114 706.63196 0.01764706 -341
8 796.58264 706.63196 0.01764706 -374
9 772.62524 707.67847 0.01764706 -406
10 747.0744 708.7486 0.01764706 -423
11 725.41656 707.6314 0.01764706 -439
12 706.96295 709.1689 0.01764706 -456
13 684.44324 706.8744 0.01764706 -472
14 666.4524 706.63196 0.01764706 -489
15 624.79694 705.63245 0.01764706 -505
16 607.21906 705.63245 0.01764706 -538
17 579.38995 707.9275 0.01764706 -555
18 560.98724 705.4666 0.01764706 -588
19 544.7779 704.633 0.01764706 -604
20 531.01697 704.633 0.01764706 -621
21 520.60156 705.21594 0.01764706 -637
22 507.64404 704.22095 0.01764706 -654
23 489.25833 702.63403 0.01764706 -670
24 478.18484 702.63403 0.01764706 -703
25 474.44147 702.63403 0.01764706 -736
26 470.79065 702.63403 0.01764706 -752
27 469.3531 702.63403 0.01764706 -769
28 467.53506 702.63403 0.01764706 -785
29 465.752 702.63403 0.019607844 -802
30 463.95346 702.63403 0.01764706 -818
31 460.401 702.63403 0.01764706 -835
32 457.78616 709.2105 0.01764706 -868
33 456.92084 712.94086 0.01764706 -901
34 455.09955 716.5849 0.01764706 -917
35 453.23148 720.3226 0.01764706 -934
36 451.3673 726.2661 0.019607844 -950
37 450.54108 741.98926 0.01764706 -967
38 447.85306 759.3996 0.01764706 -983
39 444.19504 776.56384 0.01764706 -999
40 440.88116 822.8351 0.01764706 -1016
41 441.7967 849.8495 0.01764706 -1049
42 440.49725 879.87 0.01764706 -1065
43 442.5902 926.8873 0.01764706 -1082
44 442.4041 961.4012 0.01764706 -1098
45 441.1239 1020.51825 0.01764706 -1115
46 439.06223 1071.6293 0.01764706 -1148
47 438.5939 1100.2804 0.01764706 -1181
48 437.48383 1133.5206 0.01764706 -1197
49 438.5939 1170.8053 0.01764706 -1214
50 437.59482 1195.3308 0.01764706 -1230
51 440.39624 1224.6185 0.01764706 -1247
52 439.88696 1250.8173 0.01764706 -1263
53 440.2259 1277.1044 0.01764706 -1280
54 440.0571 1304.7455 0.01764706 -1296
55 440.5011 1328.6708 0.01764706 -1312
56 442.9575 1355.4407 0.01764706 -1329
57 441.35446 1380.1235 0.01764706 -1345
58 442.8166 1409.8911 0.01764706 -1362
59 442.5902 1445.5286 0.01764706 -1378
60 443.58926 1480.4308 0.01764706 -1395
61 442.59683 1504.1437 0.01764706 -1411
62 442.51865 1528.2014 0.01764706 -1428
63 441.70633 1554.8065 0.01764706 -1444
64 439.7678 1572.606 0.01764706 -1461
65 439.373 1592.5283 0.01764706 -1477
66 438.5939 1608.1624 0.01764706 -1494
67 436.59573 1619.1566 0.01764706 -1504
0 1018.0574 677.64703 0.01764706 -258
1 1010.1693 677.64703 0.01764706 -258
2 991.18994 678.64655 0.01764706 -271
3 964.26385 679.646 0.01764706 -304
4 946.27625 681.8296 0.01764706 -337
5 929.38434 683.7278 0.01764706 -354
6 911.17004 684.6434 0.01764706 -370
7 890.98047 686.5618 0.01764706 -387
8 873.92267 689.25616 0.01764706 -403
9 856.2101 691.3396 0.01764706 -419
10 833.76636 691.6398 0.01764706 -436
11 813.10846 693.10614 0.01764706 -452
12 792.59174 694.97205 0.01764706 -469
13 769.9347 694.45734 0.01764706 -485
14 748.197 695.7386 0.01764706 -502
15 721.92694 698.54456 0.01764706 -518
16 697.0957 698.6361 0.01764706 -535
17 676.22504 699.28564 0.01764706 -551
18 634.71454 699.63556 0.01764706 -568
19 615.8978 699.63556 0.01764706 -601
20 598.99304 699.63556 0.01764706 -617
21 574.5458 698.6361 0.01764706 -634
22 555.56903 698.6361 0.01764706 -650
23 539.7875 698.6361 0.01764706 -667
24 507.31287 695.6377 0.01764706 -683
25 495.48694 695.6377 0.01764706 -716
26 483.72546 696.61237 0.01764706 -732
27 472.7477 698.43866 0.01764706 -749
28 462.31613 698.6361 0.01764706 -765
29 450.98306 698.6361 0.01764706 -782
30 442.1355 698.6361 0.01764706 -798
31 436.1821 698.6361 0.01764706 -815
32 428.235 698.6361 0.01764706 -831
33 423.36945 698.6361 0.01764706 -864
34 419.7466 700.3647 0.019607844 -897
35 417.91513 704.0291 0.01764706 -930
36 415.11887 709.1209 0.01764706 -947
37 413.3414 714.45557 0.01764706 -963
38 409.29724 719.1111 0.019607844 -980
39 407.66888 729.2492 0.019607844 -996
40 405.84106 745.4432 0.01764706 -1012
41 402.41876 763.6454 0.01764706 -1029
42 402.07825 791.24695 0.01764706 -1045
43 401.6281 818.8464 0.01764706 -1062
44 408.72897 911.4062 0.01764706 -1078
45 409.50784 955.7904 0.019607844 -1111
46 409.62073 998.6472 0.01764706 -1128
47 411.09277 1072.4363 0.019607844 -1144
48 413.61703 1140.1216 0.01764706 -1177
49 416.69727 1234.1819 0.01764706 -1210
50 421.7005 1283.0897 0.01764706 -1243
51 423.53772 1321.8391 0.01764706 -1260
52 425.60593 1362.7311 0.01764706 -1276
53 426.39398 1407.5637 0.01764706 -1293
54 427.32092 1446.0115 0.01764706 -1309
55 432.59946 1537.7318 0.01764706 -1325
56 434.5976 1611.1608 0.01764706 -1358
57 434.5976 1629.1515 0.01764706 -1387
0 1016.0592 678.64655 0.01764706 -238
1 1002.6492 678.64655 0.01764706 -238
2 982.5338 678.64655 0.01764706 -259
3 943.6936 680.6815 0.01764706 -292
4 921.15027 682.6444 0.01764706 -325
5 896.4192 682.6444 0.01764706 -341
6 875.76843 683.31866 0.01764706 -358
7 852.6799 683.6439 0.01764706 -374
8 810.6243 685.9053 0.01764706 -391
9 761.6804 689.54846 0.01764706 -424
10 737.6859 691.44244 0.01764706 -457
11 712.7041 691.6398 0.01764706 -473
12 692.7925 692.0961 0.01764706 -489
13 674.38086 693.93805 0.01764706 -506
14 653.8355 693.50885 0.01764706 -522
15 631.8916 694.60156 0.01764706 -539
16 612.5286 695.4282 0.01764706 -555
17 591.4856 693.04236 0.01764706 -572
18 560.1978 692.6392 0.01764706 -588
19 545.8646 693.63873 0.01764706 -621
20 526.6261 691.7634 0.01764706 -638
21 512.67474 691.6398 0.01764706 -654
22 502.0999 691.6398 0.01764706 -671
23 492.98337 691.6398 0.01764706 -687
24 484.92746 692.6392 0.01764706 -704
25 472.46005 693.63873 0.01764706 -720
26 468.43872 693.63873 0.01764706 -753
27 464.78818 693.63873 0.01764706 -769
28 462.4258 693.63873 0.01764706 -786
29 460.5729 694.63885 0.01764706 -802
30 457.0296 698.1836 0.01764706 -819
31 453.76932 700.0406 0.01764706 -852
32 451.29025 705.0706 0.01764706 -868
33 444.21545 715.6871 0.01764706 -885
34 440.38553 724.6393 0.019607844 -918
35 436.7356 733.7679 0.019607844 -934
36 431.40198 762.1987 0.019607844 -951
37 429.60223 798.5841 0.01764706 -984
38 418.8431 873.85126 0.01764706 -1005
39 417.32907 900.0834 0.01764706 -1050
40 416.33276 934.76715 0.01764706 -1066
41 414.6161 975.4731 0.019607844 -1082
42 411.03705 1007.1344 0.01764706 -1099
43 404.6318 1071.8932 0.01764706 -1115
44 403.62628 1109.5366 0.01764706 -1148
45 400.13782 1137.0955 0.01764706 -1165
46 400.62906 1173.4651 0.01764706 -1181
47 394.74133 1254.3318 0.01764706 -1198
48 393.76755 1297.417 0.01764706 -1231
49 393.35504 1336.1274 0.01764706 -1247
50 393.63553 1377.0094 0.01764706 -1264
51 394.6346 1419.6324 0.01764706 -1280
52 395.63297 1460.7303 0.01764706 -1297
53 395.22897 1498.9156 0.01764706 -1313
54 390.0531 1572.16 0.01764706 -1330
55 385.8198 1612.1954 0.01764706 -1362
56 385.8198 1612.1954 0.01764706 -1379
0 1018.0574 674.6486 0.01764706 -275
1 986.87067 674.6486 0.01764706 -275
2 968.969 674.6486 0.01764706 -313
3 950.5 674.6486 0.01764706 -329
4 912.992 674.6486 0.01764706 -346
5 885.32416 675.6481 0.01764706 -379
6 861.4756 675.6481 0.01764706 -395
7 793.7886 676.6476 0.01764706 -412
8 770.9885 676.6476 0.01764706 -461
9 751.6642 676.6476 0.01764706 -478
10 728.7135 676.6476 0.01764706 -494
11 678.4018 677.64703 0.01764706 -511
12 653.89453 677.64703 0.01764706 -544
13 633.66064 677.64703 0.01764706 -560
14 588.385 677.64703 0.01764706 -577
15 561.4757 677.64703 0.01764706 -609
16 538.9249 677.64703 0.01764706 -626
17 521.3649 677.64703 0.01764706 -642
18 506.74026 676.29895 0.01764706 -659
19 494.59528 676.6476 0.01764706 -675
20 481.5318 676.6476 0.01764706 -692
21 467.0056 676.6476 0.01764706 -708
22 458.2095 676.6476 0.01764706 -725
23 446.29324 676.6476 0.01764706 -741
24 441.6255 676.6476 0.01764706 -774
25 438.83914 676.6476 0.01764706 -791
26 435.3009 676.6476 0.019607844 -807
27 433.48975 676.6476 0.019607844 -840
28 429.9415 676.6476 0.019607844 -857
29 426.36295 679.8882 0.019607844 -889
30 424.5122 683.9279 0.019607844 -922
31 424.60684 693.0629 0.01764706 -939
32 421.91278 703.1166 0.01764706 -955
33 419.1282 711.0482 0.019607844 -972
34 417.30975 724.05347 0.019607844 -988
35 415.4548 736.9002 0.01764706 -1005
36 412.68655 757.3309 0.01764706 -1021
37 408.0362 813.78015 0.01764706 -1038
38 409.53918 848.2012 0.01764706 -1071
39 409.33163 882.74854 0.01764706 -1087
40 410.6198 925.88965 0.01764706 -1104
41 413.73053 971.5542 0.01764706 -1120
42 415.49652 1031.1381 0.01764706 -1137
43 414.6161 1071.7836 0.01764706 -1153
44 408.12213 1139.9063 0.019607844 -1170
45 403.13864 1200.7911 0.01764706 -1202
46 400.2997 1238.6515 0.01764706 -1235
47 398.6309 1274.7213 0.01764706 -1252
48 396.68848 1310.481 0.01764706 -1268
49 396.47357 1344.9537 0.01764706 -1285
50 395.63367 1376.5516 0.01764706 -1301
51 397.27832 1409.5426 0.01764706 -1318
52 397.63184 1474.7838 0.01764706 -1334
53 397.95972 1542.7599 0.01764706 -1367
54 395.34943 1568.8813 0.01764706 -1400
55 394.6346 1597.6906 0.01764706 -1417
56 394.6346 1597.6906 0.01764706 -1433
0 1011.06384 687.64185 0.01764706 -194
1 991.54456 690.4314 0.01764706 -194
2 961.59607 695.766 0.01764706 -218
3 919.1765 703.344 0.01764706 -251
4 874.9325 711.0401 0.01764706 -284
5 849.8463 710.6299 0.01764706 -317
6 828.07806 710.618 0.01764706 -334
7 784.12463 708.6309 0.01764706 -350
8 746.1595 707.6314 0.01764706 -383
9 696.951 704.84924 0.01764706 -413
10 659.8957 704.633 0.01764706 -446
11 637.9355 702.94556 0.01764706 -479
12 622.419 702.63403 0.01764706 -495
13 606.36365 702.63403 0.01764706 -512
14 583.4841 699.8195 0.01764706 -528
15 565.8152 699.63556 0.01764706 -545
16 550.99207 699.63556 0.01764706 -561
17 534.99634 697.13525 0.01764706 -577
18 521.75916 695.5295 0.01764706 -594
19 510.22787 695.6377 0.01764706 -611
20 499.23434 695.6377 0.01764706 -627
21 489.96487 695.6377 0.01764706 -644
22 475.16177 695.6377 0.01764706 -660
23 467.7535 696.5905 0.01764706 -693
24 460.07324 696.3877 0.01764706 -709
25 453.9205 696.63715 0.019607844 -726
26 448.59634 696.63715 0.019607844 -742
27 445.2837 696.63715 0.019607844 -759
28 442.7498 696.63715 0.01764706 -775
29 439.8851 697.3444 0.019607844 -792
30 438.10004 699.1301 0.01764706 -808
31 436.3398 700.8911 0.01764706 -825
32 434.4849 702.8595 0.01764706 -841
33 427.12344 715.5894 0.01764706 -858
34 422.46652 727.33264 0.01764706 -907
35 420.59973 742.73224 0.01764706 -940
36 415.88562 760.52106 0.01764706 -957
37 412.19092 775.01965 0.019607844 -973
38 407.9046 799.31744 0.01764706 -990
39 402.40927 823.44366 0.019607844 -1006
40 395.44217 873.4395 0.01764706 -1023
41 389.04935 950.0238 0.01764706 -1056
42 388.21487 985.03076 0.01764706 -1088
43 386.642 1016.37146 0.01764706 -1105
44 384.64386 1055.4075 0.01764706 -1121
45 385.5114 1119.7859 0.01764706 -1138
46 383.66556 1202.9365 0.01764706 -1171
47 383.28168 1277.7002 0.01764706 -1204
48 381.87973 1312.5834 0.01764706 -1237
49 379.9563 1349.9019 0.01764706 -1253
50 379.64847 1382.8905 0.01764706 -1270
51 380.64755 1417.169 0.01764706 -1286
52 381.49332 1451.1329 0.01764706 -1303
53 382.6457 1491.7423 0.01764706 -1319
54 384.64386 1555.9181 0.01764706 -1336
55 385.6429 1604.7548 0.01764706 -1369
56 385.6429 1616.1582 0.019607844 -1385
57 385.6429 1627.1525 0.019607844 -1392
0 1015.0601 666.6528 0.01764706 -223
1 899.667 662.15515 0.01764706 -219
2 687.42584 663.65436 0.01764706 -328
3 657.69403 663.6777 0.01764706 -465
4 638.2572 662.65485 0.01764706 -481
5 620.1619 662.65485 0.01764706 -498
6 602.29596 662.65485 0.01764706 -514
7 589.119 661.4647 0.01764706 -531
8 580.2748 660.6559 0.01764706 -547
9 570.215 659.65643 0.01764706 -564
10 562.9133 659.65643 0.01764706 -580
11 555.67664 659.65643 0.01764706 -597
12 548.62006 659.65643 0.01764706 -613
13 543.3496 659.65643 0.01764706 -630
14 538.82874 659.65643 0.01764706 -646
15 533.6352 661.2792 0.01764706 -663
16 526.20483 664.8077 0.01764706 -679
17 518.81757 666.5039 0.01764706 -712
18 511.54886 673.1156 0.019607844 -745
19 507.86017 678.6509 0.019607844 -778
20 505.163 688.5646 0.01764706 -794
21 499.5617 703.56885 0.01764706 -811
22 491.6516 743.44763 0.01764706 -827
23 485.2442 789.5731 0.01764706 -860
24 482.5532 864.5614 0.01764706 -893
25 481.62848 904.0405 0.01764706 -926
26 480.74277 944.56256 0.01764706 -943
27 480.91574 986.9044 0.01764706 -959
28 480.01364 1035.0925 0.01764706 -976
29 479.55597 1083.0236 0.01764706 -992
30 477.4128 1178.0154 0.01764706 -1009
31 474.4449 1245.8993 0.01764706 -1042
32 472.54535 1294.7875 0.01764706 -1058
33 470.5643 1336.1945 0.019607844 -1074
34 467.8735 1431.8132 0.01764706 -1091
35 466.21188 1475.8302 0.01764706 -1124
36 464.56985 1515.8191 0.01764706 -1140
37 461.40298 1556.1327 0.01764706 -1157
38 457.5003 1595.0823 0.01764706 -1173
39 456.57724 1606.1635 0.01764706 -1190
40 454.5791 1622.155 0.019607844 -1194
0 1010.06476 639.6668 0.01764706 -243
1 974.9874 642.2764 0.01764706 -243
2 956.74805 644.1496 0.01764706 -273
3 938.7224 647.34454 0.01764706 -289
4 915.21643 649.96423 0.01764706 -306
5 891.19244 650.6611 0.01764706 -322
6 863.68555 654.86084 0.01764706 -339
7 841.73834 654.659 0.01764706 -355
8 821.9713 655.48535 0.01764706 -372
9 783.0841 656.65796 0.01764706 -388
10 764.2578 656.65796 0.01764706 -421
11 745.9136 656.65796 0.01764706 -437
12 721.4341 654.659 0.01764706 -454
13 676.9783 651.9608 0.01764706 -470
14 655.965 651.6606 0.01764706 -503
15 637.5573 652.14557 0.01764706 -520
16 616.71173 651.351 0.01764706 -536
17 578.47253 652.6593 0.01764706 -553
18 558.0534 656.3726 0.01764706 -586
19 539.71136 659.0145 0.01764706 -602
20 525.9064 659.65643 0.01764706 -619
21 514.5155 659.65643 0.01764706 -635
22 506.6566 659.65643 0.01764706 -652
23 499.59613 659.65643 0.01764706 -668
24 492.39658 659.65643 0.01764706 -685
25 481.19162 660.6559 0.01764706 -701
26 472.5358 660.6559 0.01764706 -734
27 469.66315 660.6559 0.01764706 -767
28 466.1436 661.6554 0.01764706 -783
29 463.04758 662.65485 0.01764706 -800
30 461.21594 662.65485 0.01764706 -816
31 459.367 662.65485 0.01764706 -833
32 457.57764 664.65247 0.01764706 -849
33 452.03656 674.9178 0.019607844 -866
34 450.08325 686.64233 0.01764706 -899
35 446.0922 700.3669 0.01764706 -915
36 442.34995 715.7095 0.01764706 -932
37 437.63565 749.3236 0.01764706 -948
38 435.7776 777.5166 0.019607844 -965
39 434.93008 807.92004 0.01764706 -981
40 433.0897 834.7141 0.019607844 -998
41 431.2404 869.75336 0.01764706 -1014
42 429.35437 897.74994 0.019607844 -1031
43 428.41043 938.72943 0.019607844 -1047
44 427.5701 975.812 0.019607844 -1064
45 425.7388 1007.3476 0.01764706 -1080
46 425.3383 1038.637 0.019607844 -1097
47 423.97067 1067.359 0.01764706 -1113
48 422.0695 1100.3003 0.01764706 -1129
49 421.60962 1131.1454 0.019607844 -1146
50 424.2837 1166.496 0.01764706 -1162
51 423.6078 1197.3132 0.019607844 -1179
52 423.6078 1247.3684 0.01764706 -1195
53 423.6078 1312.3124 0.01764706 -1212
54 423.6078 1340.8293 0.01764706 -1245
55 421.90652 1369.7203 0.01764706 -1261
56 420.0421 1393.2396 0.019607844 -1277
57 419.6062 1422.296 0.01764706 -1293
58 413.36807 1469.7231 0.01764706 -1310
59 409.43082 1523.4875 0.019607844 -1343
60 407.48438 1560.1235 0.019607844 -1376
61 405.517 1584.4648 0.019607844 -1392
62 404.5952 1612.6425 0.01764706 -1409
63 404.5952 1612.6425 0.01764706 -1425
0 1016.0592 654.659 0.01764706 -226
1 999.91284 654.659 0.01764706 -226
2 975.6872 656.2592 0.01764706 -250
3 936.645 658.1561 0.01764706 -283
4 916.7171 660.0593 0.01764706 -317
5 897.47516 658.6569 0.01764706 -333
6 880.8742 658.6569 0.01764706 -350
7 863.8191 660.6982 0.01764706 -366
8 843.9286 661.6554 0.01764706 -383
9 825.9589 661.6554 0.01764706 -399
10 809.08954 663.3391 0.01764706 -416
11 788.5896 665.26074 0.01764706 -432
12 767.986 664.6538 0.01764706 -449
13 752.62164 664.6538 0.01764706 -465
14 735.29974 665.8775 0.01764706 -482
15 715.81635 667.6995 0.01764706 -498
16 698.1331 669.56464 0.01764706 -515
17 685.65985 670.6507 0.01764706 -532
18 673.7516 670.6507 0.01764706 -548
19 635.4385 672.97986 0.01764706 -565
20 620.8644 672.64966 0.01764706 -598
21 598.0048 672.64966 0.01764706 -614
22 577.55756 673.6491 0.01764706 -643
23 569.1674 675.47455 0.01764706 -676
24 562.6458 677.2583 0.01764706 -692
25 557.2239 679.06635 0.01764706 -709
26 548.3333 681.7244 0.01764706 -725
27 541.1797 685.3027 0.01764706 -758
28 537.9786 687.1654 0.01764706 -791
29 534.8193 690.3259 0.01764706 -807
30 531.16144 697.5036 0.01764706 -824
31 526.4751 705.6949 0.01764706 -840
32 517.2366 729.0428 0.019607844 -857
33 507.7001 765.36743 0.01764706 -890
34 500.46658 816.9945 0.01764706 -923
35 495.02344 885.92505 0.01764706 -956
36 492.12177 946.8455 0.01764706 -989
37 489.34137 1006.1479 0.01764706 -1022
38 490.42502 1036.9988 0.01764706 -1055
39 487.73718 1104.6493 0.01764706 -1071
40 486.5495 1133.2329 0.01764706 -1104
41 486.5495 1163.859 0.01764706 -1121
42 486.5495 1192.5178 0.01764706 -1137
43 486.5495 1222.1022 0.01764706 -1153
44 486.7302 1285.5856 0.01764706 -1170
45 483.4511 1325.3351 0.01764706 -1203
46 482.54843 1363.3352 0.01764706 -1219
47 480.67197 1392.2855 0.01764706 -1236
48 477.7616 1429.4001 0.01764706 -1252
49 475.84415 1459.3993 0.01764706 -1269
50 473.31677 1493.5593 0.01764706 -1285
51 472.56244 1526.674 0.01764706 -1302
52 470.56873 1558.1572 0.01764706 -1318
53 467.56708 1587.2118 0.01764706 -1335
54 467.56708 1598.1676 0.01764706 -1351
55 465.5689 1614.1593 0.01764706 -1356
0 1017.0583 647.66266 0.01764706 -260
1 1006.8256 647.9828 0.01764706 -260
2 949.82526 649.6616 0.01764706 -272
3 931.3277 651.6416 0.01764706 -321
4 888.6644 651.6606 0.01764706 -337
5 848.866 650.6611 0.01764706 -370
6 829.4404 650.6611 0.01764706 -403
7 790.91656 649.448 0.01764706 -420
8 768.46765 649.6616 0.01764706 -453
9 724.9131 648.6621 0.01764706 -469
10 705.8743 649.309 0.01764706 -502
11 683.77264 647.15436 0.01764706 -519
12 665.037 646.6632 0.01764706 -535
13 647.43256 646.6632 0.01764706 -552
14 610.0617 645.6637 0.01764706 -568
15 594.7061 646.3812 0.01764706 -601
16 582.0252 648.235 0.01764706 -617
17 569.62384 650.06836 0.01764706 -634
18 553.6198 647.4293 0.01764706 -650
19 540.6458 647.66266 0.01764706 -667
20 528.9024 649.5963 0.01764706 -683
21 519.76544 651.4114 0.01764706 -700
22 512.2647 652.66003 0.01764706 -716
23 504.97162 654.04956 0.01764706 -733
24 492.6472 654.659 0.01764706 -749
25 488.93515 656.4641 0.01764706 -782
26 485.9513 656.65796 0.01764706 -799
27 484.1504 656.65796 0.01764706 -815
28 479.58136 658.6442 0.01764706 -832
29 475.06647 662.1488 0.01764706 -865
30 470.29886 666.91833 0.019607844 -898
31 467.5871 676.5875 0.01764706 -931
32 465.73367 687.4875 0.01764706 -947
33 463.30585 697.79944 0.01764706 -963
34 459.66202 708.36816 0.019607844 -980
35 456.00317 720.6357 0.01764706 -996
36 455.4311 744.5261 0.01764706 -1013
37 449.85468 795.24615 0.01764706 -1029
38 445.33618 820.08167 0.01764706 -1062
39 442.5902 845.1932 0.019607844 -1079
40 441.28952 875.67596 0.01764706 -1095
41 439.59296 907.9281 0.01764706 -1112
42 434.5462 952.0698 0.01764706 -1128
43 433.7798 990.76013 0.01764706 -1145
44 433.3586 1025.1831 0.01764706 -1161
45 429.1993 1091.6907 0.01764706 -1178
46 427.21967 1129.5679 0.01764706 -1211
47 427.90805 1166.4779 0.01764706 -1227
48 425.63202 1248.9054 0.01764706 -1244
49 425.51263 1284.4635 0.01764706 -1277
50 423.80664 1316.9305 0.01764706 -1293
51 423.89352 1355.5739 0.01764706 -1309
52 422.9764 1386.3892 0.01764706 -1326
53 422.6087 1448.6228 0.01764706 -1342
54 422.94632 1480.9733 0.01764706 -1375
55 421.60962 1509.2574 0.01764706 -1392
56 420.41788 1547.629 0.01764706 -1408
57 420.61053 1592.4253 0.01764706 -1425
58 420.61053 1616.1582 0.01764706 -1458
59 419.61148 1625.1536 0.01764706 -1474
0 1010.06476 632.6705 0.01764706 -260
1 995.19977 632.6705 0.01764706 -260
2 961.04016 635.12146 0.01764706 -274
3 939.1714 635.6689 0.01764706 -307
4 919.2868 636.6684 0.01764706 -323
5 867.37354 638.5889 0.01764706 -340
6 840.893 640.61035 0.01764706 -373
7 793.7291 642.2452 0.01764706 -389
8 749.4928 644.66425 0.01764706 -422
9 725.94135 644.66425 0.01764706 -455
10 706.1814 646.7796 0.01764706 -471
11 673.8525 646.6632 0.01764706 -488
12 649.5856 648.48 0.01764706 -504
13 624.79004 647.66266 0.01764706 -521
14 604.1628 647.66266 0.01764706 -537
15 587.2982 649.0128 0.01764706 -554
16 567.74414 648.5049 0.01764706 -570
17 546.71704 647.66266 0.01764706 -587
18 530.11914 648.6621 0.01764706 -603
19 515.55554 650.9028 0.01764706 -620
20 498.27097 650.2345 0.01764706 -636
21 484.7229 649.6616 0.01764706 -653
22 474.03183 649.6616 0.01764706 -669
23 455.18124 649.6616 0.01764706 -686
24 441.65073 649.6616 0.01764706 -718
25 436.18796 649.6616 0.01764706 -751
26 432.61148 649.6616 0.01764706 -768
27 428.9833 649.6616 0.01764706 -784
28 426.00403 649.6616 0.01764706 -801
29 424.17624 649.6616 0.01764706 -817
30 422.37915 650.89075 0.01764706 -834
31 413.45117 657.24066 0.01764706 -850
32 408.5381 671.0686 0.01764706 -900
33 407.62256 689.61743 0.01764706 -933
34 403.753 707.93365 0.01764706 -949
35 403.62628 734.79614 0.01764706 -966
36 401.0623 760.5331 0.01764706 -982
37 402.02173 791.6796 0.01764706 -998
38 401.6281 826.8484 0.019607844 -1015
39 404.77124 868.7604 0.01764706 -1031
40 410.81415 967.9782 0.01764706 -1048
41 412.34027 1010.35944 0.01764706 -1081
42 414.0751 1051.8239 0.01764706 -1097
43 413.61703 1090.5874 0.01764706 -1114
44 413.3119 1125.6058 0.01764706 -1130
45 412.61795 1167.1151 0.01764706 -1147
46 409.3682 1208.6566 0.01764706 -1163
47 405.60483 1248.5066 0.01764706 -1180
48 406.52158 1287.1874 0.01764706 -1196
49 405.62442 1321.7574 0.01764706 -1213
50 408.31818 1360.8239 0.01764706 -1229
51 409.788 1396.1145 0.019607844 -1246
52 410.14322 1430.9331 0.01764706 -1262
53 409.62073 1458.115 0.019607844 -1279
54 409.62073 1489.952 0.01764706 -1295
55 408.31586 1510.5798 0.019607844 -1311
56 408.82135 1540.995 0.01764706 -1328
57 406.4918 1563.3722 0.019607844 -1344
58 406.5065 1602.7598 0.01764706 -1361
59 406.6235 1624.8411 0.01764706 -1394
60 406.6235 1625.1536 0.01764706 -1410
61 405.62442 1633.1494 0.019607844 -1411
0 1017.0583 676.6476 0.01764706 -256
1 1011.6357 676.6476 0.01764706 -256
2 994.48035 676.6476 0.01764706 -274
3 984.202 676.6476 0.01764706 -307
4 969.569 676.6476 0.01764706 -323
5 931.77405 677.64703 0.01764706 -340
6 882.03436 678.64655 0.01764706 -372
7 827.4622 678.64655 0.01764706 -405
8 761.40393 678.64655 0.01764706 -438
9 707.72595 678.64655 0.01764706 -471
10 681.0748 678.64655 0.01764706 -504
11 652.51917 677.38873 0.01764706 -521
12 626.6387 677.64703 0.01764706 -537
13 592.13684 677.64703 0.01764706 -554
14 545.84717 677.64703 0.01764706 -570
15 527.42505 677.64703 0.01764706 -603
16 512.26715 677.64703 0.01764706 -620
17 497.37695 677.64703 0.01764706 -636
18 471.11594 678.64655 0.01764706 -652
19 455.31827 678.64655 0.01764706 -685
20 445.3921 678.64655 0.01764706 -718
21 440.9405 678.64655 0.019607844 -751
22 439.10568 678.64655 0.019607844 -784
23 435.4636 681.77814 0.019607844 -801
24 432.75735 685.40594 0.019607844 -834
25 430.18045 695.612 0.01764706 -850
26 427.08643 704.70544 0.01764706 -867
27 422.4621 727.7949 0.01764706 -883
28 419.56805 748.9142 0.01764706 -916
29 417.76465 770.6296 0.01764706 -933
30 416.61426 794.9462 0.01764706 -949
31 413.61783 818.56885 0.01764706 -965
32 409.8589 841.1318 0.019607844 -982
33 405.62604 895.52295 0.019607844 -998
34 399.62997 965.6554 0.019607844 -1031
35 397.02338 999.00586 0.01764706 -1064
36 395.63367 1026.6075 0.01764706 -1081
37 392.97864 1059.3658 0.01764706 -1097
38 392.63644 1080.4636 0.01764706 -1114
39 391.51807 1114.9275 0.01764706 -1130
40 391.6374 1143.3783 0.01764706 -1147
41 392.63644 1174.7057 0.01764706 -1163
42 392.63644 1196.9152 0.01764706 -1180
43 393.3025 1220.6974 0.01764706 -1196
44 392.63644 1248.1753 0.01764706 -1213
45 392.63644 1272.3417 0.01764706 -1229
46 395.8468 1333.5057 0.019607844 -1245
47 399.06253 1375.172 0.019607844 -1278
48 406.59567 1474.8002 0.019607844 -1295
49 406.6235 1505.6564 0.01764706 -1328
50 406.6235 1539.7821 0.01764706 -1344
51 403.79892 1563.4579 0.01764706 -1361
52 401.87177 1583.7362 0.019607844 -1377
53 399.50873 1607.7694 0.01764706 -1394
54 396.63275 1621.1556 0.01764706 -1410
55 395.63367 1628.152 0.019607844 -1421
0 1018.0574 677.64703 0.01764706 -244
1 998.4855 677.64703 0.01764706 -244
2 964.6647 679.0905 0.01764706 -266
3 945.25714 681.0321 0.01764706 -299
4 925.0927 681.64496 0.01764706 -315
5 899.5316 681.64496 0.01764706 -332
6 868.42426 681.64496 0.01764706 -348
7 810.47833 680.6455 0.01764706 -365
8 751.0539 678.64655 0.01764706 -398
9 694.8791 678.64655 0.01764706 -430
10 665.19556 678.53143 0.01764706 -463
11 604.56635 677.64703 0.01764706 -480
12 582.3069 677.64703 0.01764706 -513
13 563.99554 677.64703 0.01764706 -529
14 543.26636 677.64703 0.01764706 -546
15 526.69507 677.64703 0.01764706 -562
16 512.23944 677.64703 0.01764706 -579
17 501.83765 677.64703 0.01764706 -595
18 493.1049 677.64703 0.01764706 -612
19 485.11322 677.64703 0.01764706 -628
20 478.1146 677.64703 0.01764706 -645
21 472.63794 677.64703 0.01764706 -661
22 467.29013 677.64703 0.019607844 -678
23 464.2226 677.64703 0.019607844 -694
24 462.595 677.64703 0.019607844 -710
25 460.80884 677.64703 0.019607844 -727
26 459.03815 677.64703 0.019607844 -743
27 455.53165 677.64703 0.019607844 -760
28 453.70273 678.5238 0.019607844 -793
29 451.94052 680.9273 0.019607844 -809
30 450.0879 684.63416 0.019607844 -826
31 449.5837 689.3787 0.01764706 -842
32 449.5837 696.00745 0.01764706 -859
33 445.82922 706.0272 0.01764706 -875
34 443.89374 714.10425 0.01764706 -892
35 442.0855 723.14923 0.01764706 -908
36 440.0226 732.3285 0.01764706 -925
37 434.66037 763.97375 0.01764706 -941
38 432.07278 784.9904 0.01764706 -974
39 430.47263 806.91693 0.01764706 -990
40 426.46198 848.2764 0.01764706 -1007
41 423.50046 878.83136 0.01764706 -1040
42 420.6609 922.2598 0.01764706 -1056
43 419.61148 954.80176 0.019607844 -1073
44 417.982 992.9473 0.01764706 -1089
45 416.2754 1065.5326 0.01764706 -1106
46 417.89587 1107.3623 0.01764706 -1139
47 415.4243 1140.8448 0.01764706 -1155
48 412.33942 1191.331 0.01764706 -1172
49 408.74707 1234.3529 0.01764706 -1188
50 404.93518 1264.86 0.019607844 -1205
51 400.8961 1303.3119 0.01764706 -1221
52 399.62997 1334.8505 0.019607844 -1238
53 398.06555 1371.3395 0.01764706 -1254
54 397.1711 1406.8734 0.01764706 -1271
55 395.27356 1439.6566 0.01764706 -1287
56 395.63367 1471.955 0.01764706 -1303
57 393.38922 1502.4222 0.019607844 -1320
58 390.34317 1546.7393 0.01764706 -1336
59 388.5372 1570.4185 0.019607844 -1353
60 385.5801 1596.9852 0.01764706 -1369
61 382.6063 1623.588 0.019607844 -1386
62 381.64664 1633.1494 0.019607844 -1402
63 380.64755 1643.1442 0.019607844 -1411
0 1018.0574 663.65436 0.01764706 -267
1 1002.6434 661.6554 0.01764706 -267
2 978.55664 661.6554 0.01764706 -289
3 959.3691 663.92847 0.01764706 -322
4 941.4982 661.47437 0.01764706 -338
5 915.99585 662.72284 0.01764706 -355
6 891.86725 661.7087 0.01764706 -371
7 868.5159 661.6554 0.01764706 -388
8 819.42285 659.65643 0.01764706 -404
9 766.9356 659.65643 0.01764706 -437
10 742.3876 660.8647 0.01764706 -470
11 712.9995 662.65485 0.01764706 -487
12 665.37274 663.9866 0.01764706 -503
13 644.4515 663.65436 0.01764706 -536
14 624.03735 663.65436 0.01764706 -552
15 602.227 663.45306 0.01764706 -569
16 584.6427 661.56476 0.01764706 -585
17 565.3561 662.56696 0.01764706 -602
18 549.15063 663.3591 0.01764706 -618
19 534.7878 664.18506 0.01764706 -635
20 522.0752 666.00183 0.01764706 -651
21 512.81604 665.65326 0.01764706 -668
22 504.554 666.6528 0.01764706 -684
23 498.1448 666.6528 0.01764706 -701
24 494.39618 666.6528 0.01764706 -717
25 490.79364 666.6528 0.01764706 -734
26 485.58044 666.6528 0.01764706 -750
27 483.80402 666.6528 0.01764706 -783
28 482.05832 666.6528 0.01764706 -799
29 480.22678 666.6528 0.01764706 -816
30 476.68616 670.2683 0.019607844 -832
31 474.83765 675.81604 0.01764706 -865
32 473.05057 682.179 0.01764706 -882
33 471.26996 687.5229 0.01764706 -898
34 469.42923 698.3169 0.01764706 -915
35 463.70764 708.3571 0.01764706 -931
36 458.29227 723.4733 0.019607844 -948
37 455.4144 742.5968 0.01764706 -964
38 450.74814 762.1929 0.01764706 -981
39 447.08444 783.6014 0.019607844 -997
40 443.35236 815.23535 0.01764706 -1014
41 438.75198 856.97125 0.019607844 -1030
42 435.8158 894.1475 0.019607844 -1047
43 432.98447 935.1909 0.01764706 -1063
44 431.13593 974.11456 0.01764706 -1079
45 430.6013 1014.2177 0.019607844 -1096
46 429.42798 1054.4622 0.01764706 -1112
47 429.60223 1091.251 0.01764706 -1129
48 429.60223 1141.8857 0.01764706 -1145
49 428.60315 1182.2993 0.01764706 -1162
50 430.06985 1218.0464 0.01764706 -1178
51 428.9856 1249.373 0.01764706 -1195
52 428.21506 1311.532 0.01764706 -1211
53 426.605 1339.2059 0.01764706 -1244
54 425.70856 1407.8345 0.01764706 -1261
55 422.60648 1438.282 0.01764706 -1294
56 420.61053 1465.6217 0.019607844 -1310
57 416.9225 1519.5807 0.019607844 -1327
58 413.029 1573.0663 0.019607844 -1359
59 410.05908 1593.9048 0.019607844 -1392
60 407.62256 1613.1598 0.01764706 -1409
61 406.6235 1622.155 0.01764706 -1421
