0 531.5079 412.785 0.021568628 -229
1 505.53232 411.78555 0.021568628 -229
2 480.62207 411.78552 0.021568628 -246
3 472.36734 413.83328 0.021568628 -279
4 465.66428 419.13852 0.019607844 -295
5 457.12103 435.68448 0.019607844 -312
6 450.63028 474.46777 0.019607844 -328
7 448.53183 536.62445 0.019607844 -345
8 449.41266 643.13196 0.019607844 -361
9 451.2066 711.8584 0.019607844 -378
10 451.58188 803.1675 0.019607844 -394
11 450.5828 832.9572 0.019607844 -427
12 450.5828 835.5648 0.019607844 -460
13 450.5828 838.56323 0.019607844 -471
0 688.3626 413.7845 0.019607844 -74
1 628.14453 411.13705 0.019607844 -74
2 550.8114 408.78708 0.019607844 -97
3 512.81836 405.69885 0.019607844 -130
4 479.16742 405.94214 0.019607844 -147
5 457.69934 405.78864 0.019607844 -163
6 443.1429 407.0938 0.019607844 -180
7 436.44348 409.88812 0.019607844 -196
8 431.92596 420.47736 0.019607844 -213
9 434.1261 462.24774 0.019607844 -229
10 457.43488 647.0655 0.019607844 -246
11 471.4046 767.1701 0.019607844 -279
12 486.5495 984.6482 0.019607844 -295
13 484.55133 1036.4681 0.019607844 -328
14 484.55133 1038.4591 0.01764706 -361
15 484.55133 1038.4591 0.01764706 -366
0 991.08234 572.7017 0.019607844 0
1 969.4922 573.4188 0.019607844 0
2 934.0913 575.2478 0.019607844 -39
3 894.9254 579.6862 0.019607844 -56
4 844.3892 583.0026 0.019607844 -72
5 770.92487 586.53296 0.019607844 -89
6 682.9039 593.0941 0.019607844 -105
7 617.93335 597.65497 0.019607844 -138
8 592.25995 599.45374 0.019607844 -171
9 575.9667 601.1869 0.019607844 -187
10 566.49194 601.6866 0.019607844 -204
11 559.9965 603.5568 0.019607844 -220
12 556.25806 604.2987 0.019607844 -237
13 552.6849 613.09064 0.019607844 -253
14 551.4894 662.1171 0.019607844 -270
15 558.8876 753.9155 0.019607844 -286
16 581.9485 997.3288 0.019607844 -303
17 584.41394 1066.2031 0.019607844 -336
18 585.4579 1113.7932 0.019607844 -352
19 584.3142 1139.4341 0.019607844 -368
20 584.3142 1139.4341 0.019607844 -385
0 499.53748 413.7845 0.019607844 -118
1 447.5536 411.12958 0.019607844 -118
2 363.9161 408.78708 0.019607844 -133
3 334.42453 407.0048 0.019607844 -165
4 313.00558 408.4211 0.019607844 -182
5 300.5217 410.10068 0.019607844 -198
6 293.6938 409.78656 0.019607844 -215
7 289.2533 409.78656 0.019607844 -231
8 288.9589 426.81567 0.019607844 -248
9 298.53577 512.97974 0.019607844 -280
10 313.798 685.5287 0.019607844 -313
11 318.488 754.6988 0.019607844 -346
12 324.1246 809.52405 0.019607844 -363
13 330.87735 854.9019 0.019607844 -379
14 332.69196 871.546 0.019607844 -396
15 336.68826 895.53357 0.01764706 -404
0 909.1582 812.5768 0.019607844 -82
1 884.0839 814.57574 0.019607844 -82
2 766.1448 810.99506 0.019607844 -91
3 721.566 810.5778 0.019607844 -124
4 687.0314 808.57886 0.019607844 -141
5 655.5589 807.6407 0.019607844 -157
6 633.5296 805.8635 0.019607844 -174
7 617.92755 804.0811 0.019607844 -190
8 607.1808 803.5814 0.021568628 -207
9 599.5751 803.5814 0.021568628 -223
10 594.3452 803.5814 0.021568628 -240
11 589.983 806.54095 0.019607844 -256
12 583.26764 825.4452 0.019607844 -273
13 577.46533 963.49817 0.019607844 -289
14 604.4403 956.5018 0.019607844 -313
15 618.42737 969.49506 0.01764706 -331
16 660.38855 1178.4435 0.019607844 -331
17 658.37994 1230.4115 0.019607844 -372
18 653.395 1258.3446 0.01764706 -388
19 652.39594 1262.3425 0.01764706 -411
0 926.14246 758.60486 0.021568628 0
1 920.235 758.60486 0.019607844 0
2 900.3131 762.24524 0.019607844 -35
3 864.5083 767.9845 0.019607844 -52
4 800.4632 780.59686 0.019607844 -68
5 694.6496 792.5647 0.019607844 -85
6 612.89777 798.7047 0.019607844 -118
7 552.58136 799.58356 0.019607844 -151
8 535.7644 799.58356 0.021568628 -184
9 526.85864 800.583 0.021568628 -200
10 521.0028 800.583 0.021568628 -217
11 517.28467 802.81824 0.019607844 -233
12 511.69067 816.37585 0.019607844 -250
13 509.68964 953.542 0.019607844 -266
14 515.52264 1220.8683 0.019607844 -299
15 509.6078 1368.1725 0.019607844 -332
16 505.99524 1411.1638 0.019607844 -365
17 505.53192 1439.0309 0.019607844 -381
18 505.53192 1444.2478 0.019607844 -398
19 505.53192 1449.2451 0.019607844 -405
0 754.3016 390.79645 0.019607844 -44
1 740.5249 389.31827 0.019607844 -44
2 721.8645 388.7975 0.019607844 -57
3 690.21625 386.73495 0.019607844 -74
4 636.2631 386.79852 0.019607844 -90
5 591.49414 384.49902 0.019607844 -107
6 520.4254 379.6395 0.019607844 -123
7 490.8483 378.8027 0.019607844 -156
8 465.76132 378.8027 0.019607844 -173
9 448.5485 377.29895 0.019607844 -189
10 435.3527 376.80374 0.019607844 -206
11 427.34668 376.80374 0.019607844 -222
12 415.20126 385.4207 0.019607844 -239
13 409.40277 404.66196 0.019607844 -272
14 407.59186 572.3958 0.019607844 -288
15 409.23648 745.68945 0.019607844 -321
16 410.6198 815.63806 0.019607844 -354
17 409.33167 863.49414 0.019607844 -370
18 409.62073 897.0087 0.019607844 -387
19 409.62073 921.52 0.019607844 -403
20 409.62073 924.51843 0.019607844 -429
0 789.2692 573.7012 0.019607844 -128
1 744.1158 573.7012 0.019607844 -128
2 675.9525 575.9139 0.019607844 -142
3 650.015 576.80597 0.019607844 -175
4 633.37915 579.5774 0.019607844 -192
5 619.06335 580.6975 0.019607844 -208
6 611.2788 592.0538 0.019607844 -241
7 608.96674 753.9328 0.01764706 -274
8 613.03406 859.2562 0.01764706 -307
9 609.9951 953.9482 0.019607844 -323
10 609.4357 1046.5313 0.019607844 -340
11 603.5124 1177.6395 0.01764706 -356
12 602.4422 1194.3779 0.019607844 -389
13 601.4431 1206.3717 0.01764706 -398
0 1016.0592 541.71783 0.019607844 -64
1 957.53455 550.06683 0.019607844 -64
2 829.61444 565.4638 0.019607844 -84
3 746.92053 567.7043 0.019607844 -117
4 715.923 568.7038 0.019607844 -150
5 694.00653 568.7038 0.019607844 -166
6 678.4584 568.7038 0.019607844 -183
7 668.2664 569.3264 0.019607844 -199
8 660.8743 569.70325 0.019607844 -216
9 656.9319 569.70325 0.019607844 -232
10 652.3148 577.8885 0.01764706 -248
11 647.6883 612.22546 0.019607844 -265
12 646.4015 673.6864 0.019607844 -281
13 648.3945 758.4652 0.01764706 -298
14 652.06946 860.4019 0.01764706 -314
15 654.77655 960.6431 0.01764706 -331
16 646.40625 1066.4004 0.019607844 -347
17 643.71204 1111.3401 0.019607844 -364
18 640.95667 1138.5559 0.019607844 -380
19 639.40796 1151.4003 0.019607844 -397
20 638.4089 1157.3972 0.019607844 -408
0 982.09064 601.6866 0.019607844 0
1 980.632 600.957 0.019607844 -5
2 971.7387 600.68713 0.019607844 -30
3 948.1215 602.115 0.019607844 -47
4 906.5962 605.16864 0.019607844 -63
5 851.66266 612.268 0.019607844 -80
6 776.0677 615.6793 0.019607844 -96
7 724.61 615.6793 0.019607844 -113
8 642.79596 615.6793 0.019607844 -129
9 613.49963 618.16956 0.019607844 -162
10 592.75977 620.7395 0.019607844 -179
11 575.96686 622.4882 0.019607844 -195
12 566.1706 624.25116 0.019607844 -212
13 558.98206 626.049 0.019607844 -228
14 550.5388 650.4427 0.019607844 -245
15 545.49493 757.99426 0.019607844 -278
16 542.19257 913.2684 0.019607844 -310
17 540.1074 990.54816 0.019607844 -343
18 540.4995 1069.0101 0.019607844 -360
19 538.5014 1107.4232 0.019607844 -376
20 538.5014 1119.417 0.019607844 -394
0 942.1277 525.7262 0.019607844 -8
1 928.4 527.58527 0.019607844 -8
2 901.86365 531.77325 0.019607844 -34
3 863.8779 538.68854 0.019607844 -50
4 824.5813 544.48755 0.019607844 -67
5 773.5545 552.1427 0.019607844 -83
6 671.3439 561.70746 0.019607844 -100
7 612.34155 563.979 0.019607844 -133
8 593.01636 563.70636 0.019607844 -166
9 580.4524 563.70636 0.019607844 -182
10 572.1175 563.70636 0.019607844 -199
11 567.8629 563.70636 0.019607844 -215
12 566.2196 565.47375 0.019607844 -232
13 570.5793 641.634 0.01764706 -248
14 587.07 802.073 0.01764706 -281
15 594.36316 918.8784 0.01764706 -314
16 593.2494 1047.0106 0.01764706 -331
17 590.5035 1110.9528 0.01764706 -347
18 588.6077 1161.036 0.01764706 -364
19 586.74756 1187.182 0.01764706 -380
20 586.457 1190.38 0.01764706 -397
21 586.457 1200.3748 0.019607844 -399
0 955.11566 532.72253 0.019607844 -49
1 919.673 533.55426 0.019607844 -49
2 876.3741 536.0142 0.019607844 -65
3 775.12225 545.4566 0.019607844 -81
4 673.9084 550.55963 0.019607844 -114
5 640.8912 555.1129 0.019607844 -147
6 620.4258 558.6181 0.019607844 -163
7 606.64453 560.96405 0.019607844 -180
8 598.2477 562.7565 0.019607844 -196
9 593.7128 564.57465 0.019607844 -213
10 589.4233 569.4114 0.019607844 -229
11 583.98083 590.0415 0.019607844 -246
12 581.7659 642.63025 0.019607844 -262
13 588.404 847.34344 0.019607844 -279
14 592.031 936.8328 0.019607844 -312
15 591.0713 1002.12665 0.019607844 -328
16 589.00055 1049.0812 0.019607844 -345
17 585.82294 1084.464 0.019607844 -361
18 586.457 1095.4294 0.01764706 -377
19 586.457 1107.4232 0.01764706 -384
0 978.09436 806.5799 0.019607844 -79
1 923.0333 809.81323 0.019607844 -79
2 792.51013 814.50775 0.019607844 -98
3 713.76276 816.04846 0.019607844 -131
4 685.6345 817.88934 0.019607844 -164
5 661.38635 819.727 0.019607844 -181
6 643.0088 821.5117 0.019607844 -197
7 628.2305 825.0525 0.019607844 -214
8 616.1706 828.6547 0.019607844 -230
9 598.06714 841.9405 0.019607844 -247
10 568.35 946.99835 0.019607844 -280
11 560.94196 1033.1318 0.019607844 -312
12 558.1242 1133.1583 0.019607844 -329
13 558.4829 1227.5502 0.019607844 -345
14 558.4829 1334.0769 0.019607844 -362
15 557.5968 1383.6786 0.019607844 -378
16 557.4838 1403.269 0.019607844 -395
17 557.4838 1415.2628 0.019607844 -405
0 765.2914 347.81885 0.019607844 -42
1 718.38586 353.9512 0.019607844 -42
2 676.166 357.23056 0.019607844 -63
3 615.7356 361.8446 0.019607844 -79
4 528.7612 358.19507 0.019607844 -96
5 474.09424 356.81415 0.019607844 -129
6 457.64728 356.81415 0.019607844 -162
7 447.77768 359.33594 0.019607844 -178
8 440.97946 363.96008 0.019607844 -194
9 435.5184 375.3206 0.019607844 -211
10 433.5985 420.09424 0.019607844 -227
11 456.35986 631.91547 0.019607844 -244
12 465.5689 794.5974 0.019607844 -277
13 464.35797 852.13055 0.019607844 -310
14 461.3284 894.1012 0.019607844 -326
15 457.6592 923.97943 0.019607844 -343
16 456.57724 935.56903 0.019607844 -359
17 456.57724 939.5106 0.01764706 -376
18 456.57724 939.5106 0.01764706 -386
0 912.1554 850.557 0.019607844 -4
1 899.39685 851.53094 0.019607844 -4
2 873.1888 852.55597 0.019607844 -21
3 834.0318 854.12885 0.019607844 -38
4 789.83154 857.3084 0.019607844 -54
5 743.5561 858.8229 0.019607844 -71
6 684.74347 858.5528 0.019607844 -87
7 644.70593 860.4367 0.019607844 -104
8 614.77814 860.55176 0.019607844 -120
9 577.715 860.55176 0.019607844 -136
10 567.0896 860.55176 0.019607844 -169
11 559.14435 860.55176 0.019607844 -186
12 552.7438 862.13245 0.019607844 -202
13 548.69525 865.34595 0.019607844 -219
14 541.64923 882.8755 0.019607844 -235
15 538.5014 949.0847 0.019607844 -252
16 548.397 1101.022 0.019607844 -268
17 553.8487 1312.2386 0.019607844 -285
18 543.08575 1452.1819 0.019607844 -318
19 534.50507 1495.2212 0.019607844 -351
20 532.50696 1505.216 0.01764706 -374
0 968.10364 811.5773 0.019607844 -6
1 953.70447 812.3182 0.019607844 -6
2 923.7273 815.34924 0.019607844 -40
3 883.1041 822.1505 0.019607844 -56
4 831.2132 831.496 0.019607844 -73
5 776.1327 838.79333 0.019607844 -89
6 706.0089 845.2053 0.019607844 -106
7 662.1831 847.91113 0.019607844 -122
8 629.5663 849.0196 0.019607844 -139
9 601.46594 850.822 0.019607844 -155
10 583.5451 852.65753 0.019607844 -172
11 570.0505 853.47284 0.019607844 -188
12 561.7998 855.22455 0.019607844 -205
13 556.1592 856.99554 0.019607844 -221
14 550.5676 862.396 0.019607844 -238
15 545.39746 1003.8916 0.019607844 -254
16 553.40845 1106.3374 0.019607844 -287
17 558.7084 1202.4039 0.019607844 -304
18 560.9257 1287.8053 0.019607844 -320
19 559.2109 1345.4387 0.019607844 -337
20 556.3421 1382.9921 0.019607844 -353
21 555.48566 1395.2733 0.019607844 -369
22 554.4866 1403.269 0.019607844 -377
0 1012.0629 550.71313 0.01764706 0
1 1009.14325 550.71313 0.019607844 0
2 1007.267 550.71313 0.019607844 -21
3 1007.0675 550.71313 0.019607844 -38
4 1002.07214 550.71313 0.019607844 -40
5 702.3497 564.7059 0.019607844 -139
6 665.5425 565.7053 0.019607844 -139
7 613.8002 568.85205 0.019607844 -153
8 600.2349 570.7376 0.019607844 -186
9 592.0719 572.54675 0.019607844 -203
10 587.155 574.3515 0.019607844 -219
11 583.5079 577.6028 0.019607844 -236
12 581.5654 641.6799 0.019607844 -252
13 599.13745 860.70294 0.01764706 -285
14 603.15356 951.392 0.01764706 -318
15 605.57935 1033.1233 0.01764706 -334
16 603.60803 1100.4214 0.019607844 -351
17 602.4422 1148.7867 0.01764706 -367
18 602.4422 1148.7867 0.01764706 -384
0 952.1184 796.5851 0.019607844 0
1 943.71344 799.3879 0.019607844 0
2 921.3848 807.7306 0.019607844 -24
3 884.0238 818.36316 0.019607844 -40
4 836.2345 830.6391 0.019607844 -57
5 783.0085 841.44446 0.019607844 -73
6 715.82806 849.28687 0.019607844 -90
7 661.39325 855.07416 0.019607844 -106
8 619.4649 858.7311 0.019607844 -123
9 585.3103 860.9486 0.019607844 -139
10 559.1249 862.7078 0.019607844 -156
11 538.6489 865.53577 0.019607844 -172
12 522.51013 868.2985 0.019607844 -189
13 511.9137 870.0693 0.019607844 -205
14 504.33643 871.84503 0.019607844 -222
15 496.8737 878.2088 0.019607844 -238
16 483.77173 933.3667 0.019607844 -254
17 480.55505 1017.33136 0.019607844 -271
18 486.07007 1223.9694 0.019607844 -287
19 487.92194 1318.9974 0.019607844 -320
20 486.36026 1388.4746 0.019607844 -337
21 486.5495 1409.266 0.019607844 -353
22 484.55133 1434.2529 0.019607844 -360
0 948.12213 749.60956 0.021568628 -6
1 948.12213 749.60956 0.019607844 -6
2 942.2857 751.0692 0.019607844 -30
3 922.2115 758.5831 0.019607844 -47
4 885.99335 768.88196 0.019607844 -63
5 815.33966 780.9911 0.019607844 -80
6 713.65717 790.4227 0.019607844 -96
7 668.7037 791.9074 0.019607844 -129
8 601.0615 799.7438 0.019607844 -146
9 550.965 809.4011 0.019607844 -178
10 538.5784 812.84033 0.019607844 -211
11 528.67505 816.5089 0.019607844 -228
12 519.7634 825.0766 0.019607844 -244
13 502.04843 873.8367 0.019607844 -261
14 499.5808 1009.4699 0.019607844 -294
15 507.3682 1155.1051 0.019607844 -327
16 510.27066 1241.3077 0.019607844 -343
17 510.52728 1308.927 0.019607844 -360
18 510.08594 1360.8933 0.019607844 -376
19 508.24554 1397.3817 0.019607844 -393
20 508.52914 1418.3403 0.019607844 -409
21 508.52914 1423.2587 0.019607844 -426
22 508.52914 1427.2566 0.01764706 -433
0 933.136 790.5882 0.019607844 -70
1 912.1554 791.5877 0.019607844 -70
2 720.333 779.59393 0.019607844 -137
3 652.0863 776.5955 0.019607844 -137
4 621.83673 777.33264 0.019607844 -163
5 603.2444 779.11884 0.019607844 -180
6 591.4881 780.92065 0.019607844 -196
7 583.9195 783.86163 0.019607844 -213
8 566.8294 822.1549 0.019607844 -229
9 556.5702 925.15045 0.019607844 -262
10 547.22626 1054.7438 0.019607844 -295
11 532.19995 1209.6733 0.019607844 -328
12 528.9832 1298.2574 0.019607844 -361
13 529.5097 1309.318 0.019607844 -394
14 530.5088 1329.3076 0.019607844 -399
0 954.1166 751.6085 0.019607844 -62
1 936.7227 753.3617 0.019607844 -62
2 902.09705 759.41797 0.019607844 -73
3 855.99915 764.85645 0.019607844 -90
4 794.2493 771.27844 0.019607844 -106
5 756.35583 776.5371 0.019607844 -123
6 723.199 780.49695 0.019607844 -139
7 699.0413 781.8475 0.019607844 -156
8 681.7569 782.66034 0.019607844 -172
9 667.4905 783.59186 0.019607844 -189
10 657.25464 784.5914 0.019607844 -205
11 649.7215 786.0098 0.019607844 -222
12 631.9816 799.0892 0.019607844 -238
13 597.44446 964.526 0.019607844 -271
14 592.17487 1059.6464 0.019607844 -304
15 584.03906 1225.9758 0.019607844 -320
16 580.177 1287.6158 0.019607844 -353
17 575.52875 1334.4731 0.019607844 -370
18 573.6325 1363.3256 0.019607844 -386
19 571.4709 1381.2805 0.019607844 -403
20 571.4709 1386.278 0.019607844 -422
0 1011.06384 578.6986 0.019607844 -9
1 1011.06384 578.6986 0.019607844 -9
2 1003.79987 578.6986 0.019607844 -27
3 987.2988 576.9916 0.019607844 -44
4 959.51666 577.2324 0.019607844 -60
5 921.27576 579.0562 0.019607844 -77
6 828.1216 583.696 0.019607844 -93
7 766.4141 584.80695 0.019607844 -126
8 729.3455 587.0605 0.019607844 -142
9 698.9669 588.69336 0.019607844 -159
10 659.97705 588.69336 0.019607844 -175
11 639.72955 589.6929 0.019607844 -208
12 628.5091 591.9947 0.019607844 -241
13 614.6167 664.2476 0.019607844 -274
14 617.0949 759.0962 0.01764706 -307
15 628.85364 942.44073 0.01764706 -324
16 629.2772 1076.5034 0.019607844 -357
17 628.41815 1133.0349 0.019607844 -390
18 627.41907 1139.4065 0.019607844 -422
19 626.42 1142.405 0.019607844 -432
0 969.10266 826.56946 0.019607844 -8
1 959.2553 827.21985 0.019607844 -8
2 933.14233 831.145 0.019607844 -50
3 894.2358 838.0065 0.019607844 -66
4 843.4725 841.9719 0.019607844 -83
5 722.8479 839.72394 0.019607844 -99
6 648.3125 834.62036 0.019607844 -132
7 622.2571 832.26886 0.019607844 -165
8 603.4913 830.4724 0.019607844 -182
9 590.8577 830.5674 0.019607844 -198
10 582.8013 829.56793 0.019607844 -215
11 577.2365 829.56793 0.021568628 -231
12 574.1761 829.56793 0.019607844 -248
13 571.4526 829.56793 0.019607844 -264
14 564.0777 853.00574 0.019607844 -281
15 557.37866 908.0882 0.019607844 -297
16 553.9484 980.2676 0.019607844 -314
17 552.09503 1065.559 0.019607844 -330
18 546.26166 1224.781 0.019607844 -346
19 539.5851 1293.6205 0.019607844 -379
20 536.50323 1313.3159 0.019607844 -396
21 534.50507 1326.3092 0.019607844 -405
0 961.1101 787.5898 0.019607844 -42
1 925.7609 794.1818 0.019607844 -42
2 887.6545 804.73047 0.019607844 -64
3 838.27203 814.7202 0.019607844 -81
4 769.1536 823.71893 0.019607844 -97
5 713.483 831.08905 0.019607844 -114
6 668.3634 835.87054 0.019607844 -130
7 631.8313 838.4668 0.019607844 -147
8 601.5698 842.04553 0.019607844 -163
9 579.5088 845.73303 0.019607844 -180
10 561.75397 850.274 0.019607844 -196
11 551.37933 853.7994 0.019607844 -213
12 543.9293 855.9459 0.019607844 -229
13 531.61676 885.9665 0.019607844 -245
14 538.01807 1024.5188 0.019607844 -278
15 550.3106 1196.8293 0.019607844 -311
16 549.2602 1272.818 0.019607844 -344
17 546.2481 1329.8762 0.019607844 -361
18 542.4977 1377.2826 0.019607844 -377
19 541.4986 1389.2764 0.019607844 -394
0 1000.07404 553.7116 0.019607844 0
1 991.0329 552.7121 0.019607844 0
2 963.7902 556.0789 0.019607844 -29
3 958.11285 556.71 0.019607844 -46
4 937.13226 559.7085 0.019607844 -48
5 659.38947 566.70483 0.019607844 -141
6 617.3998 568.98303 0.019607844 -141
7 591.9917 574.03796 0.019607844 -161
8 571.50037 578.4928 0.019607844 -177
9 559.9885 581.09454 0.019607844 -194
10 554.0746 584.6371 0.019607844 -210
11 548.8714 588.1073 0.019607844 -227
12 543.2621 599.4103 0.019607844 -243
13 543.72656 722.87006 0.019607844 -260
14 549.7312 802.1449 0.01764706 -293
15 555.5706 889.89716 0.019607844 -309
16 556.48474 970.2273 0.019607844 -326
17 554.38916 1063.2731 0.019607844 -342
18 549.7051 1105.3904 0.019607844 -359
19 548.2515 1132.2797 0.019607844 -375
20 547.49304 1150.712 0.019607844 -392
21 547.49304 1158.3966 0.019607844 -408
22 546.494 1161.395 0.01764706 -420
0 714.33856 385.79904 0.019607844 0
1 705.2991 385.79904 0.019607844 0
2 681.97754 387.47205 0.019607844 -22
3 644.354 391.88928 0.019607844 -39
4 596.8098 396.91922 0.019607844 -55
5 544.49396 400.72 0.019607844 -72
6 456.26883 401.7907 0.019607844 -88
7 386.65207 402.48187 0.019607844 -121
8 368.52682 404.3059 0.019607844 -154
9 357.11838 406.047 0.019607844 -171
10 349.25726 407.8924 0.019607844 -187
11 344.86398 410.60284 0.019607844 -204
12 341.22034 418.17334 0.019607844 -220
13 337.57477 436.00525 0.019607844 -237
14 335.3069 468.32208 0.019607844 -253
15 339.94562 620.7517 0.019607844 -270
16 341.68362 693.63153 0.019607844 -303
17 338.27167 756.6627 0.019607844 -319
18 334.60214 807.6361 0.019607844 -335
19 331.0023 845.4716 0.019607844 -352
20 322.6066 897.14825 0.019607844 -368
21 321.70212 906.52783 0.01764706 -401
22 322.7012 916.52264 0.01764706 -409
0 906.16095 777.595 0.021568628 0
1 906.16095 777.595 0.019607844 -4
2 875.33185 781.57513 0.019607844 -30
3 837.78015 783.9937 0.019607844 -63
4 792.65155 789.1747 0.019607844 -79
5 681.49603 792.47144 0.019607844 -96
6 642.1933 793.5867 0.019607844 -129
7 578.86346 796.8916 0.019607844 -145
8 556.5115 800.91174 0.019607844 -178
9 535.3375 807.27655 0.019607844 -194
10 520.62256 814.37317 0.019607844 -211
11 509.59528 822.50446 0.019607844 -227
12 471.98953 946.2652 0.019607844 -244
13 469.0653 1077.4259 0.019607844 -293
14 470.9056 1141.0205 0.019607844 -326
15 470.5643 1195.8279 0.019607844 -343
16 472.71402 1250.9276 0.019607844 -359
17 473.56152 1282.617 0.019607844 -376
18 473.56152 1283.3315 0.019607844 -392
19 473.56152 1295.3253 0.019607844 -393
0 929.1397 779.59393 0.019607844 -8
1 929.1397 779.59393 0.021568628 -8
2 926.9084 779.59393 0.019607844 -33
3 914.271 780.2193 0.019607844 -49
4 886.64514 783.0662 0.019607844 -66
5 784.93774 789.8489 0.019607844 -82
6 699.5515 799.1418 0.019607844 -115
7 666.7356 802.8344 0.019607844 -149
8 641.6082 807.9172 0.019607844 -165
9 623.23346 811.0641 0.019607844 -182
10 598.5701 816.35 0.019607844 -198
11 591.25653 818.12286 0.019607844 -231
12 577.8967 829.3635 0.019607844 -248
13 562.15814 910.83417 0.019607844 -281
14 559.48193 985.59534 0.019607844 -314
15 559.48193 1067.0442 0.019607844 -330
16 559.48193 1148.1965 0.019607844 -347
17 556.3287 1249.9718 0.019607844 -363
18 554.49005 1294.2499 0.019607844 -380
19 552.6379 1320.5175 0.019607844 -396
20 550.7531 1335.7257 0.019607844 -413
21 550.4903 1337.3035 0.019607844 -429
22 554.4866 1321.3118 0.023529414 -432
