0 729.3247 617.6783 0.019607844 -229
1 707.3454 615.6794 0.019607844 -229
2 678.12823 616.83417 0.021568628 -246
3 668.13727 618.7265 0.019607844 -279
4 661.483 622.5803 0.019607844 -295
5 654.42944 632.6174 0.019607844 -312
6 645.4499 668.8903 0.019607844 -328
7 639.3023 731.52295 0.019607844 -345
8 638.23785 837.8594 0.019607844 -361
9 641.4061 908.5072 0.019607844 -378
10 643.40424 996.6682 0.019607844 -394
11 641.4061 1028.703 0.019607844 -427
12 641.4061 1033.4617 0.021568628 -460
13 641.4061 1035.4607 0.019607844 -471
0 845.2174 854.5549 0.019607844 -74
1 784.3511 853.5554 0.019607844 -74
2 706.6671 853.5554 0.019607844 -97
3 671.85077 852.55597 0.019607844 -130
4 638.86597 854.40137 0.019607844 -147
5 618.5504 856.1417 0.021568628 -163
6 605.2986 857.8591 0.021568628 -180
7 598.24286 859.6031 0.021568628 -196
8 591.1045 864.8977 0.019607844 -213
9 582.9322 897.1252 0.019607844 -229
10 588.3844 1086.6042 0.019607844 -246
11 598.04706 1212.0585 0.019607844 -279
12 599.026 1422.0011 0.019607844 -295
13 593.0748 1468.867 0.019607844 -328
14 593.4505 1470.2343 0.019607844 -361
15 592.4514 1473.2327 0.01764706 -366
0 948.12213 822.57153 0.019607844 0
1 921.3842 824.28815 0.019607844 0
2 885.6836 828.21094 0.019607844 -39
3 842.9854 833.5539 0.019607844 -56
4 794.12946 837.8699 0.019607844 -72
5 728.7485 845.29047 0.019607844 -89
6 636.5437 854.9577 0.019607844 -105
7 571.01056 860.51807 0.019607844 -138
8 544.3043 861.3174 0.019607844 -171
9 528.0111 861.5513 0.021568628 -187
10 517.5373 860.55176 0.021568628 -204
11 510.04282 860.55176 0.021568628 -220
12 505.30527 862.16437 0.021568628 -237
13 501.73212 868.1545 0.019607844 -253
14 496.1882 914.8093 0.019607844 -270
15 497.76004 1007.7466 0.019607844 -286
16 509.15042 1247.7109 0.019607844 -303
17 509.52823 1316.1627 0.019607844 -336
18 509.52823 1360.3442 0.019607844 -352
19 508.52914 1386.1606 0.019607844 -368
20 508.52914 1386.1606 0.019607844 -385
0 681.3691 842.56116 0.019607844 -118
1 633.38153 839.90625 0.019607844 -118
2 553.7403 839.5627 0.019607844 -133
3 526.03033 839.5627 0.019607844 -165
4 504.1947 841.1957 0.021568628 -182
5 491.34503 842.8753 0.021568628 -198
6 484.5171 842.56116 0.021568628 -215
7 480.0766 843.3002 0.021568628 -231
8 473.10907 850.68915 0.019607844 -248
9 469.56522 937.50824 0.019607844 -280
10 472.56244 1113.3059 0.019607844 -313
11 473.9526 1182.4761 0.019607844 -346
12 474.77277 1237.5134 0.019607844 -363
13 476.61993 1278.62 0.019607844 -379
14 477.55783 1294.3258 0.019607844 -396
15 480.55505 1320.3123 0.01764706 -404
0 561.4801 1133.4097 0.019607844 -82
1 535.3093 1132.3126 0.019607844 -82
2 418.04962 1126.8306 0.019607844 -91
3 375.2935 1125.0071 0.019607844 -124
4 341.51788 1125.4138 0.019607844 -141
5 310.878 1123.4762 0.019607844 -157
6 287.8497 1122.4154 0.019607844 -174
7 273.74628 1121.4159 0.019607844 -190
8 263.49896 1121.4159 0.019607844 -207
9 254.89424 1121.4159 0.019607844 -223
10 250.3652 1123.1166 0.021568628 -240
11 246.79095 1130.3334 0.019607844 -256
12 243.17867 1159.06 0.019607844 -273
13 243.77429 1309.318 0.01764706 -289
14 247.77058 1471.2336 0.01764706 -313
15 247.77058 1523.2067 0.01764706 -331
16 233.40941 1735.7788 0.019607844 -331
17 225.78047 1780.4513 0.019607844 -372
18 217.79834 1804.0603 0.01764706 -388
19 217.79834 1804.0603 0.01764706 -411
0 599.44495 1086.4341 0.021568628 0
1 591.5393 1086.4341 0.019607844 0
2 570.61835 1090.0745 0.019607844 -35
3 532.68744 1095.8137 0.019607844 -52
4 470.6578 1104.7601 0.019607844 -68
5 363.95578 1114.397 0.019607844 -85
6 285.44232 1120.537 0.019607844 -118
7 227.5103 1121.4159 0.019607844 -151
8 212.47919 1121.4159 0.019607844 -184
9 202.02863 1121.4159 0.019607844 -200
10 196.30344 1122.2538 0.021568628 -217
11 192.5853 1125.8864 0.019607844 -233
12 189.36577 1145.581 0.019607844 -250
13 191.90309 1282.1285 0.01764706 -266
14 187.53366 1537.3539 0.019607844 -299
15 175.45699 1676.3925 0.019607844 -332
16 170.03818 1717.2001 0.019607844 -365
17 168.64525 1738.279 0.019607844 -381
18 168.84366 1743.092 0.01764706 -398
19 168.84366 1743.092 0.01764706 -405
0 943.1267 813.57623 0.019607844 -44
1 931.3482 812.5768 0.019607844 -44
2 910.24146 812.5768 0.019607844 -57
3 878.10583 812.5768 0.019607844 -74
4 820.389 812.5768 0.019607844 -90
5 776.9727 809.2778 0.019607844 -107
6 706.416 804.25555 0.019607844 -123
7 678.65546 803.5814 0.019607844 -156
8 650.5902 801.82794 0.019607844 -173
9 633.3774 800.583 0.019607844 -189
10 621.5009 800.583 0.019607844 -206
11 613.1746 799.58356 0.019607844 -222
12 598.032 804.995 0.019607844 -239
13 588.0192 819.2278 0.019607844 -272
14 566.55225 989.1173 0.019607844 -288
15 559.86615 1162.4724 0.019607844 -321
16 556.5433 1230.951 0.019607844 -354
17 554.1975 1279.5668 0.019607844 -370
18 552.33386 1307.4854 0.019607844 -387
19 552.48846 1330.3071 0.019607844 -403
20 552.48846 1333.3055 0.01764706 -429
0 538.5014 402.7902 0.019607844 -128
1 491.64972 402.09073 0.019607844 -128
2 419.97568 406.21613 0.019607844 -142
3 397.46167 406.89444 0.019607844 -175
4 381.4917 408.66644 0.019607844 -192
5 367.29645 412.23978 0.019607844 -208
6 361.56177 428.2425 0.019607844 -241
7 366.9561 586.1937 0.019607844 -274
8 372.46024 687.5406 0.019607844 -307
9 373.65402 784.9164 0.01764706 -323
10 374.88513 874.924 0.019607844 -340
11 369.69327 1005.65796 0.019607844 -356
12 369.6577 1020.4685 0.019607844 -389
13 369.6577 1029.4637 0.01764706 -398
0 910.1573 791.5877 0.019607844 -64
1 851.6326 801.93567 0.019607844 -64
2 723.8332 816.3332 0.019607844 -84
3 642.41675 818.9729 0.019607844 -117
4 612.0193 818.57367 0.019607844 -150
5 590.1028 818.57367 0.019607844 -166
6 574.55457 820.4368 0.019607844 -183
7 564.3626 820.5726 0.019607844 -199
8 556.9706 821.9503 0.021568628 -216
9 553.0281 823.80084 0.019607844 -232
10 547.3848 831.7563 0.019607844 -248
11 538.22156 862.67096 0.019607844 -265
12 529.8057 924.5557 0.019607844 -281
13 526.01556 1008.3402 0.019607844 -298
14 524.17804 1106.6005 0.019607844 -314
15 521.32587 1206.1324 0.019607844 -331
16 514.5272 1311.274 0.019607844 -347
17 509.83606 1354.2136 0.019607844 -364
18 506.80582 1380.2552 0.019607844 -380
19 505.53192 1391.2754 0.019607844 -397
20 505.53192 1396.2727 0.019607844 -408
0 944.1258 842.56116 0.021568628 0
1 941.93787 842.56116 0.019607844 -5
2 928.58716 844.75146 0.019607844 -30
3 899.8804 849.8432 0.019607844 -47
4 857.39984 856.2798 0.019607844 -63
5 804.0003 862.99066 0.019607844 -80
6 728.11206 866.55554 0.019607844 -96
7 675.8137 866.54865 0.019607844 -113
8 594.36035 867.54816 0.019607844 -129
9 568.7868 869.7928 0.019607844 -162
10 546.8023 871.6088 0.019607844 -179
11 532.63196 873.35754 0.019607844 -195
12 524.2095 875.1205 0.019607844 -212
13 517.02094 876.91833 0.019607844 -228
14 505.59256 898.35004 0.019607844 -245
15 490.62027 1011.22064 0.019607844 -278
16 479.63965 1163.5271 0.019607844 -310
17 474.16852 1241.2024 0.019607844 -343
18 466.60406 1309.9297 0.019607844 -360
19 463.57077 1349.2972 0.019607844 -376
20 462.5717 1360.2915 0.019607844 -394
0 893.173 779.59393 0.019607844 -8
1 883.3018 782.3126 0.019607844 -8
2 859.5862 786.6405 0.019607844 -34
3 822.4086 793.5558 0.019607844 -50
4 778.59564 801.8676 0.019607844 -67
5 731.7367 810.2951 0.019607844 -83
6 631.38086 818.3027 0.019607844 -100
7 574.92175 819.5731 0.019607844 -133
8 555.0515 818.4303 0.019607844 -166
9 543.34534 818.57367 0.019607844 -182
10 535.15173 818.57367 0.021568628 -199
11 529.5927 818.57367 0.021568628 -215
12 526.1287 819.34155 0.019607844 -232
13 520.51807 892.5033 0.019607844 -248
14 530.7994 1058.2305 0.019607844 -281
15 532.81116 1165.8363 0.019607844 -314
16 525.0106 1296.0823 0.019607844 -331
17 519.5524 1357.7571 0.019607844 -347
18 514.82874 1402.0631 0.019607844 -364
19 512.81604 1429.7646 0.019607844 -380
20 512.52545 1433.2534 0.019607844 -397
21 511.52637 1441.2493 0.019607844 -399
0 914.15356 775.596 0.019607844 -49
1 878.71094 776.4278 0.019607844 -49
2 832.4148 782.17944 0.019607844 -65
3 733.4077 793.32745 0.019607844 -81
4 633.0998 803.2744 0.019607844 -114
5 599.63043 807.9812 0.019607844 -147
6 579.46375 811.4864 0.019607844 -163
7 566.6815 812.8329 0.019607844 -180
8 558.23517 814.6253 0.019607844 -196
9 551.8829 816.4435 0.019607844 -213
10 546.4631 821.9568 0.019607844 -229
11 538.0378 842.43164 0.019607844 -246
12 530.8993 890.1968 0.019607844 -262
13 528.49786 1097.2133 0.019607844 -279
14 525.9339 1180.3373 0.019607844 -312
15 521.6614 1246.381 0.019607844 -328
16 517.61255 1296.3146 0.019607844 -345
17 515.2056 1330.7012 0.019607844 -361
18 513.52454 1339.3024 0.019607844 -377
19 512.52545 1349.2972 0.01764706 -384
0 650.39777 1111.4211 0.019607844 -79
1 590.8707 1113.655 0.019607844 -79
2 465.6768 1122.2115 0.019607844 -98
3 389.58942 1128.8855 0.019607844 -131
4 360.9352 1130.7264 0.019607844 -164
5 336.84082 1132.564 0.019607844 -181
6 318.36975 1134.2885 0.019607844 -197
7 305.2707 1138.6302 0.019607844 -214
8 295.0111 1144.0336 0.019607844 -230
9 276.42816 1171.1481 0.019607844 -247
10 253.32898 1284.1355 0.019607844 -280
11 246.74576 1368.4185 0.019607844 -312
12 243.05682 1466.9846 0.019607844 -329
13 239.37877 1555.7798 0.019607844 -345
14 236.69684 1653.8265 0.01764706 -362
15 233.0104 1704.3984 0.01764706 -378
16 230.78632 1726.101 0.01764706 -395
17 230.78632 1726.101 0.01764706 -405
0 962.1092 764.60175 0.019607844 -42
1 914.4473 774.1109 0.019607844 -42
2 872.19293 779.4273 0.019607844 -63
3 809.5561 781.60944 0.019607844 -79
4 725.1978 774.3599 0.019607844 -96
5 678.131 769.5991 0.019607844 -129
6 661.4586 768.5997 0.019607844 -162
7 650.58984 771.1214 0.019607844 -178
8 643.25476 775.20844 0.019607844 -194
9 635.9733 783.38916 0.019607844 -211
10 625.252 825.41547 0.019607844 -227
11 627.2163 1043.107 0.019607844 -244
12 625.5313 1206.3829 0.019607844 -277
13 621.99994 1263.9161 0.019607844 -310
14 617.06195 1302.6439 0.019607844 -326
15 612.5158 1332.7665 0.019607844 -343
16 609.62427 1345.3556 0.019607844 -359
17 608.43665 1349.2972 0.019607844 -376
18 608.43665 1349.2972 0.019607844 -386
0 958.11285 607.6835 0.019607844 -4
1 945.3543 607.6835 0.019607844 -4
2 917.383 606.919 0.019607844 -21
3 879.98926 608.25696 0.019607844 -38
4 835.789 610.0597 0.019607844 -54
5 787.24536 610.68195 0.019607844 -71
6 729.63293 611.75037 0.019607844 -87
7 686.66705 611.6814 0.019607844 -104
8 654.74115 611.6814 0.019607844 -120
9 617.4595 611.6814 0.019607844 -136
10 607.0526 611.6814 0.019607844 -169
11 600.1064 611.6814 0.019607844 -186
12 595.2859 612.2626 0.019607844 -202
13 591.65546 614.0785 0.019607844 -219
14 587.03186 633.21783 0.01764706 -235
15 590.79645 703.32715 0.01764706 -252
16 604.2976 850.0337 0.01764706 -268
17 617.70496 1064.2831 0.01764706 -285
18 617.07574 1209.6611 0.01764706 -318
19 612.4329 1254.3467 0.01764706 -351
20 610.4348 1266.3405 0.01764706 -374
0 1014.06104 574.7007 0.019607844 -6
1 1003.6582 572.9603 0.019607844 -6
2 973.0903 573.7012 0.019607844 -40
3 929.272 575.0952 0.019607844 -56
4 877.9841 580.0695 0.019607844 -73
5 824.0883 585.92505 0.019607844 -89
6 752.8474 593.33655 0.019607844 -106
7 709.4629 596.3658 0.019607844 -122
8 674.06323 598.15027 0.019607844 -139
9 647.9532 599.95264 0.019607844 -155
10 628.402 599.6876 0.019607844 -172
11 615.9254 601.604 0.019607844 -188
12 607.75726 603.3557 0.019607844 -205
13 602.11664 605.12683 0.019607844 -221
14 597.7546 610.75775 0.019607844 -238
15 603.24634 758.06836 0.01764706 -254
16 614.91986 859.466 0.019607844 -287
17 623.8738 954.146 0.019607844 -304
18 628.30853 1039.9344 0.019607844 -320
19 629.41724 1097.5679 0.019607844 -337
20 631.41534 1138.4048 0.019607844 -353
21 630.41626 1152.3998 0.019607844 -369
22 630.41626 1162.3945 0.019607844 -377
0 968.10364 796.5851 0.019607844 0
1 968.10364 796.5851 0.019607844 0
2 967.3041 796.5851 0.019607844 -21
3 967.10455 796.5851 0.019607844 -38
4 961.1101 796.5851 0.019607844 -40
5 662.38666 808.57886 0.019607844 -139
6 626.57855 811.8953 0.019607844 -139
7 576.8344 817.7224 0.019607844 -153
8 562.2353 819.608 0.019607844 -186
9 552.2638 821.4171 0.019607844 -203
10 546.19293 823.22186 0.019607844 -219
11 541.0713 827.94836 0.019607844 -236
12 534.50507 889.5508 0.019607844 -252
13 546.1865 1102.4232 0.019607844 -285
14 545.78265 1198.2634 0.019607844 -318
15 541.21875 1277.9957 0.019607844 -334
16 533.8396 1342.4622 0.019607844 -351
17 529.9104 1384.867 0.019607844 -367
18 529.9104 1384.867 0.01764706 -384
0 994.0796 555.7106 0.019607844 0
1 983.872 557.51385 0.019607844 0
2 960.7321 563.47406 0.019607844 -24
3 923.4522 572.02655 0.019607844 -40
4 873.608 582.4724 0.019607844 -57
5 824.41144 592.42706 0.019607844 -73
6 751.9571 600.4165 0.019607844 -90
7 697.83997 606.9632 0.019607844 -106
8 655.60974 609.27185 0.019607844 -123
9 619.48456 611.07886 0.019607844 -139
10 593.09344 612.838 0.019607844 -156
11 572.60406 614.6664 0.019607844 -172
12 556.47864 618.1795 0.019607844 -189
13 545.8822 620.1994 0.019607844 -205
14 538.305 621.9752 0.019607844 -222
15 533.00684 627.17303 0.019607844 -238
16 525.61096 679.5477 0.01764706 -254
17 528.00244 770.7816 0.01764706 -271
18 542.5781 979.1372 0.01764706 -287
19 549.9855 1077.8704 0.019607844 -320
20 552.48846 1149.7885 0.019607844 -337
21 553.4875 1172.3894 0.01764706 -353
22 552.48846 1200.3748 0.01764706 -360
0 650.39777 1057.4492 0.021568628 -6
1 645.29736 1058.6906 0.019607844 -6
2 630.2724 1065.2869 0.019607844 -30
3 602.52924 1075.907 0.019607844 -47
4 561.06824 1086.7728 0.019607844 -63
5 484.52554 1093.1897 0.019607844 -80
6 387.21106 1100.2614 0.019607844 -96
7 344.64352 1104.0647 0.019607844 -129
8 275.36307 1113.5803 0.019607844 -146
9 229.67387 1123.6488 0.019607844 -178
10 217.87537 1128.8075 0.019607844 -211
11 207.97203 1134.3104 0.019607844 -228
12 199.06036 1144.6611 0.019607844 -244
13 185.08528 1199.667 0.019607844 -261
14 185.87129 1332.1718 0.019607844 -294
15 187.74515 1467.2665 0.019607844 -327
16 186.34122 1550.6604 0.019607844 -343
17 182.6774 1614.4608 0.019607844 -360
18 180.39122 1660.8536 0.019607844 -376
19 178.55081 1694.9427 0.019607844 -393
20 177.62762 1716.6007 0.01764706 -409
21 174.83812 1722.103 0.01764706 -426
22 174.83812 1722.103 0.01764706 -433
0 600.44403 1098.4279 0.01764706 -70
1 600.44403 1098.4279 0.01764706 -70
2 344.68085 1074.4404 0.01764706 -137
3 325.77438 1072.4414 0.01764706 -137
4 291.66748 1075.9147 0.019607844 -163
5 273.54965 1080.0114 0.019607844 -180
6 261.7934 1084.0901 0.019607844 -196
7 255.22383 1088.8378 0.019607844 -213
8 244.31548 1144.4453 0.019607844 -229
9 236.86615 1245.6118 0.019607844 -262
10 224.43617 1372.4891 0.019607844 -295
11 204.7341 1518.5125 0.019607844 -328
12 198.81592 1607.4617 0.01764706 -361
13 198.81592 1621.1556 0.019607844 -394
14 198.81592 1621.1556 0.019607844 -399
0 632.4144 1061.4471 0.019607844 -62
1 606.52026 1061.824 0.01764706 -62
2 565.79834 1062.4467 0.01764706 -73
3 521.7333 1067.6986 0.019607844 -90
4 462.34344 1075.1202 0.019607844 -106
5 424.66293 1080.3789 0.019607844 -123
6 392.9565 1084.3386 0.019607844 -139
7 369.3466 1086.6886 0.019607844 -156
8 352.0622 1088.5011 0.019607844 -172
9 337.79572 1090.2738 0.019607844 -189
10 327.55988 1092.0586 0.019607844 -205
11 320.0268 1093.8494 0.019607844 -222
12 304.3572 1114.2139 0.019607844 -238
13 281.73676 1283.1083 0.019607844 -271
14 272.55548 1378.2036 0.019607844 -304
15 256.92166 1533.1854 0.019607844 -320
16 249.19772 1588.0308 0.019607844 -353
17 241.89925 1632.3796 0.019607844 -370
18 238.10692 1657.3362 0.019607844 -386
19 234.78261 1676.127 0.01764706 -403
20 234.78261 1676.127 0.01764706 -422
0 968.10364 815.5752 0.019607844 -9
1 968.10364 815.5752 0.019607844 -9
2 962.6921 815.5752 0.019607844 -27
3 946.33673 815.5752 0.019607844 -44
4 916.957 817.64026 0.019607844 -60
5 880.0294 819.9307 0.019607844 -77
6 786.16473 823.57965 0.019607844 -93
7 725.2291 826.34644 0.019607844 -126
8 688.7 825.8867 0.019607844 -142
9 658.49677 825.57 0.019607844 -159
10 622.058 826.56946 0.019607844 -175
11 601.09576 826.56946 0.019607844 -208
12 587.547 829.8708 0.019607844 -241
13 568.90674 905.0603 0.019607844 -274
14 564.64404 1001.9697 0.019607844 -307
15 566.47546 1185.4424 0.019607844 -324
16 563.19824 1313.2399 0.019607844 -357
17 558.4829 1367.0848 0.019607844 -390
18 558.4829 1372.2853 0.019607844 -422
19 558.4829 1375.2837 0.019607844 -432
0 1009.0657 599.6876 0.019607844 -8
1 999.5195 597.03827 0.019607844 -8
2 975.629 595.68976 0.019607844 -50
3 941.2745 598.4097 0.019607844 -66
4 889.22485 600.68713 0.019607844 -83
5 764.45465 599.1719 0.019607844 -99
6 687.80347 595.2175 0.019607844 -132
7 661.221 594.69025 0.019607844 -165
8 642.4552 594.69025 0.019607844 -182
9 628.0257 593.75824 0.019607844 -198
10 618.1038 592.6913 0.019607844 -215
11 610.79565 592.6913 0.021568628 -231
12 608.29065 591.69183 0.019607844 -248
13 606.42017 591.69183 0.019607844 -264
14 601.74286 609.5825 0.019607844 -281
15 600.44403 662.7072 0.019607844 -297
16 600.9822 737.4714 0.019607844 -314
17 601.83655 815.47675 0.01764706 -330
18 604.4403 979.32733 0.019607844 -346
19 601.4995 1050.7753 0.019607844 -379
20 601.4431 1074.4404 0.019607844 -396
21 601.4431 1089.4326 0.019607844 -405
0 637.4098 1099.4274 0.019607844 -42
1 599.0634 1106.5001 0.019607844 -42
2 559.6 1113.8528 0.019607844 -64
3 510.80414 1122.331 0.019607844 -81
4 438.41052 1130.5344 0.019607844 -97
5 384.26593 1136.0895 0.019607844 -114
6 341.31915 1141.3644 0.019607844 -130
7 304.58606 1145.307 0.019607844 -147
8 276.11322 1150.1272 0.019607844 -163
9 252.72458 1155.6584 0.019607844 -180
10 236.9132 1160.1127 0.019607844 -196
11 227.30142 1163.638 0.021568628 -213
12 221.61952 1167.1755 0.019607844 -229
13 213.80203 1202.8014 0.019607844 -245
14 223.60593 1342.5402 0.019607844 -278
15 230.19691 1509.2566 0.019607844 -311
16 226.32794 1577.2721 0.01764706 -344
17 218.18266 1634.5944 0.019607844 -361
18 212.80296 1680.1249 0.01764706 -377
19 212.80296 1680.1249 0.01764706 -394
0 973.099 790.5882 0.019607844 0
1 959.6193 793.02966 0.019607844 0
2 929.4534 799.32086 0.019607844 -29
3 923.14526 800.583 0.019607844 -46
4 902.1647 803.5814 0.019607844 -48
5 626.42 807.57935 0.019607844 -141
6 587.2658 812.13574 0.019607844 -141
7 562.0195 816.9115 0.019607844 -161
8 542.4243 823.2623 0.019607844 -177
9 530.3174 827.96594 0.019607844 -194
10 522.63293 831.5085 0.019607844 -210
11 516.901 836.1849 0.019607844 -227
12 509.21533 850.51447 0.019607844 -243
13 504.2764 970.97076 0.019607844 -260
14 506.09146 1051.7747 0.019607844 -293
15 506.531 1133.685 0.019607844 -309
16 504.09085 1218.0981 0.019607844 -326
17 496.29678 1305.001 0.019607844 -342
18 489.86755 1350.0488 0.019607844 -359
19 486.0316 1375.6345 0.019607844 -375
20 483.936 1388.3564 0.019607844 -392
21 482.5532 1393.2743 0.019607844 -408
22 481.5541 1396.2727 0.01764706 -420
0 952.1184 541.71783 0.019607844 0
1 942.0719 541.71783 0.019607844 0
2 918.7583 544.3904 0.019607844 -22
3 879.43854 548.1101 0.019607844 -39
4 831.59247 555.39966 0.019607844 -55
5 779.27655 561.1008 0.019607844 -72
6 695.0477 557.6047 0.019607844 -88
7 628.4282 556.71 0.019607844 -121
8 608.78784 558.22577 0.019607844 -154
9 596.8963 559.96686 0.019607844 -171
10 589.0353 561.81226 0.019607844 -187
11 583.73444 563.61475 0.019607844 -204
12 579.26807 566.90027 0.019607844 -220
13 572.2448 580.92975 0.01764706 -237
14 566.70996 613.629 0.01764706 -253
15 565.5632 774.84503 0.01764706 -270
16 564.58 847.55133 0.019607844 -303
17 561.7723 912.87384 0.01764706 -319
18 558.3949 966.0976 0.019607844 -335
19 554.7951 1003.04395 0.019607844 -352
20 547.44574 1056.0182 0.019607844 -368
21 546.494 1065.4451 0.01764706 -401
22 546.494 1073.4409 0.01764706 -409
0 940.1295 533.722 0.019607844 0
1 940.1295 533.722 0.019607844 -4
2 911.807 535.21234 0.019607844 -30
3 879.35 538.5237 0.019607844 -63
4 832.2007 543.3028 0.019607844 -79
5 717.99896 545.60004 0.019607844 -96
6 676.7401 545.71576 0.019607844 -129
7 613.5246 549.3273 0.019607844 -145
8 588.15326 552.0414 0.019607844 -178
9 568.2313 557.4824 0.019607844 -194
10 555.28973 562.8049 0.019607844 -211
11 544.56287 570.6356 0.019607844 -227
12 517.606 698.3943 0.019607844 -244
13 522.51544 832.05334 0.019607844 -293
14 524.85565 896.14813 0.019607844 -326
15 527.74176 951.18567 0.019607844 -343
16 532.7343 1010.2048 0.01764706 -359
17 536.40796 1043.6936 0.01764706 -376
18 536.50323 1044.4559 0.019607844 -392
19 537.5023 1056.4497 0.01764706 -393
0 621.4246 1098.4279 0.019607844 -8
1 621.4246 1098.4279 0.019607844 -8
2 615.70764 1095.9403 0.019607844 -33
3 595.0638 1092.8052 0.01764706 -49
4 563.52203 1089.9583 0.01764706 -66
5 464.75476 1092.8212 0.019607844 -82
6 382.06653 1105.761 0.019607844 -115
7 351.28024 1110.6741 0.019607844 -149
8 324.0103 1115.7568 0.019607844 -165
9 305.7707 1121.1459 0.019607844 -182
10 281.8633 1129.9618 0.021568628 -198
11 275.09827 1133.5076 0.021568628 -231
12 264.41425 1148.311 0.019607844 -248
13 253.21799 1235.4388 0.019607844 -281
14 250.15227 1307.8114 0.019607844 -314
15 246.87576 1383.9834 0.019607844 -330
16 241.88338 1462.7352 0.019607844 -347
17 232.31631 1553.1891 0.019607844 -363
18 226.80035 1593.1046 0.019607844 -380
19 223.9422 1616.513 0.019607844 -396
20 222.05748 1630.5721 0.019607844 -413
21 221.79463 1632.1499 0.01764706 -429
22 221.79463 1632.1499 0.01764706 -432
