0 656.3922 875.54395 0.021568628 -229
1 632.4148 874.5445 0.021568628 -229
2 602.19855 876.69885 0.021568628 -246
3 593.25543 878.5912 0.021568628 -279
4 586.5523 881.7192 0.021568628 -295
5 578.0091 889.9921 0.021568628 -312
6 568.0453 924.519 0.019607844 -328
7 560.26965 985.2849 0.019607844 -345
8 554.8287 1090.0704 0.019607844 -361
9 553.4875 1156.0027 0.019607844 -378
10 552.48846 1242.9384 0.019607844 -394
11 549.4912 1271.7286 0.019607844 -427
12 549.4912 1275.3357 0.019607844 -460
13 549.4912 1277.3347 0.019607844 -471
0 908.1591 605.6845 0.019607844 -74
1 845.9429 602.0376 0.019607844 -74
2 767.61066 598.6882 0.019607844 -97
3 731.88495 596.5994 0.019607844 -130
4 698.1183 597.68866 0.019607844 -147
5 677.0839 598.27606 0.019607844 -163
6 664.244 598.6882 0.019607844 -180
7 658.2381 599.7384 0.019607844 -196
8 652.88434 605.8697 0.019607844 -213
9 650.0301 642.15405 0.019607844 -229
10 668.00757 833.73596 0.019607844 -246
11 677.973 956.831 0.019607844 -279
12 687.3635 1175.2587 0.019607844 -295
13 685.3654 1226.3693 0.019607844 -328
14 684.36633 1228.3602 0.019607844 -361
15 683.36725 1232.3582 0.01764706 -366
0 776.28125 392.7954 0.019607844 0
1 752.2583 391.79593 0.019607844 0
2 715.2939 392.34308 0.019607844 -39
3 674.7998 396.78143 0.019607844 -56
4 624.43976 399.09845 0.019607844 -72
5 552.1812 401.68307 0.019607844 -89
6 463.30112 408.9961 0.019607844 -105
7 397.20517 413.7845 0.019607844 -138
8 367.7019 415.54953 0.019607844 -171
9 349.6762 417.28265 0.019607844 -187
10 339.70197 416.78293 0.021568628 -204
11 333.0779 417.7824 0.021568628 -220
12 329.46808 420.62122 0.019607844 -237
13 328.69565 435.78964 0.019607844 -253
14 336.3933 488.38385 0.019607844 -270
15 351.19034 577.7496 0.019607844 -286
16 379.75757 815.5579 0.019607844 -303
17 384.59894 882.2989 0.019607844 -336
18 385.6429 931.20886 0.019607844 -352
19 385.6429 956.3846 0.019607844 -368
20 385.6429 956.3846 0.019607844 -385
0 730.3238 593.6908 0.019607844 -118
1 679.65125 590.0364 0.019607844 -118
2 599.78503 587.6939 0.019607844 -133
3 568.0998 586.6944 0.019607844 -165
4 548.42145 586.6944 0.019607844 -182
5 536.3034 588.00806 0.021568628 -198
6 529.47546 587.6939 0.021568628 -215
7 525.035 587.6939 0.021568628 -231
8 521.29083 594.82245 0.019607844 -248
9 528.3855 680.89233 0.01764706 -280
10 540.06635 865.52356 0.01764706 -313
11 542.8888 932.4319 0.019607844 -346
12 544.708 988.2187 0.019607844 -363
13 548.6145 1033.8087 0.019607844 -379
14 550.4903 1049.4534 0.019607844 -396
15 555.48566 1074.4404 0.01764706 -404
0 729.3247 380.80167 0.019607844 -82
1 702.0574 381.80115 0.019607844 -82
2 580.31683 379.05496 0.019607844 -91
3 535.73804 377.80322 0.019607844 -124
4 499.2053 375.63773 0.019607844 -141
5 467.73276 374.86612 0.019607844 -157
6 443.70538 374.08844 0.019607844 -174
7 426.60464 372.80582 0.019607844 -190
8 415.35837 371.59692 0.019607844 -207
9 407.7527 370.80685 0.019607844 -223
10 403.22366 371.50797 0.019607844 -240
11 401.6281 379.72433 0.019607844 -256
12 402.92502 407.15347 0.019607844 -273
13 418.6124 543.7168 0.019607844 -289
14 440.59204 707.6314 0.019607844 -313
15 446.5865 765.60126 0.019607844 -331
16 452.8934 997.53784 0.019607844 -331
17 447.91162 1051.8413 0.019607844 -372
18 442.5902 1080.4373 0.019607844 -388
19 441.59113 1084.4352 0.01764706 -411
0 743.31177 336.82455 0.021568628 0
1 735.4061 335.82507 0.019607844 0
2 715.80505 338.4659 0.019607844 -35
3 677.8094 344.33325 0.019607844 -52
4 617.4112 353.9298 0.019607844 -68
5 503.84875 367.27493 0.019607844 -85
6 420.19687 372.0476 0.019607844 -118
7 359.1326 375.43237 0.019607844 -151
8 341.94382 377.21902 0.019607844 -184
9 330.9093 377.93387 0.019607844 -200
10 326.02158 378.64105 0.019607844 -217
11 323.08267 385.50836 0.019607844 -233
12 324.0766 404.9668 0.019607844 -250
13 346.2448 538.51587 0.019607844 -266
14 369.1866 799.0881 0.019607844 -299
15 371.65588 954.3084 0.019607844 -332
16 370.38892 999.64624 0.019607844 -365
17 369.6577 1024.8494 0.019607844 -381
18 369.6577 1030.4633 0.019607844 -398
19 370.6568 1033.4617 0.01764706 -405
0 611.43384 1122.4154 0.019607844 -44
1 598.65625 1122.8942 0.019607844 -44
2 577.5495 1124.6384 0.019607844 -57
3 543.2887 1126.4769 0.019607844 -74
4 487.69702 1126.4133 0.019607844 -90
5 444.28076 1124.1138 0.019607844 -107
6 373.72406 1122.4154 0.019607844 -123
7 346.96262 1120.4353 0.019607844 -156
8 319.65103 1118.663 0.019607844 -173
9 304.18668 1117.418 0.019607844 -189
10 292.8053 1116.098 0.019607844 -206
11 285.47806 1115.4191 0.019607844 -222
12 273.33264 1125.2424 0.019607844 -239
13 264.7246 1146.6815 0.019607844 -272
14 245.86453 1317.0233 0.019607844 -288
15 229.71028 1484.4585 0.019607844 -321
16 222.38194 1546.3746 0.019607844 -354
17 216.93115 1592.1146 0.019607844 -370
18 214.64651 1616.1699 0.019607844 -387
19 216.79926 1635.1483 0.01764706 -403
20 216.79926 1635.1483 0.01764706 -429
0 722.3312 820.5726 0.019607844 -128
1 678.876 821.27203 0.019607844 -128
2 609.7999 823.57104 0.019607844 -142
3 586.2868 825.67633 0.019607844 -175
4 570.43744 827.4483 0.019607844 -192
5 554.66846 831.0216 0.019607844 -208
6 544.2891 840.8724 0.019607844 -241
7 524.21875 996.276 0.019607844 -274
8 520.91595 1099.3262 0.019607844 -307
9 518.6396 1204.1381 0.019607844 -323
10 515.0586 1291.0105 0.019607844 -340
11 505.603 1419.4069 0.019607844 -356
12 503.53375 1435.2524 0.019607844 -389
13 501.5356 1445.2472 0.01764706 -398
0 717.3358 369.80737 0.019607844 -64
1 660.0807 378.88535 0.019607844 -64
2 534.009 396.55185 0.019607844 -84
3 452.5925 398.7923 0.019607844 -117
4 420.19684 398.53278 0.019607844 -150
5 398.28036 398.7923 0.019607844 -166
6 381.73312 399.79178 0.019607844 -183
7 370.54208 401.41388 0.019607844 -199
8 363.15002 401.7907 0.019607844 -216
9 360.2066 404.01947 0.019607844 -232
10 357.64178 419.10657 0.019607844 -248
11 356.66974 455.16327 0.019607844 -265
12 358.34415 513.0941 0.019607844 -281
13 361.65997 596.5599 0.019607844 -298
14 365.33493 691.1436 0.019607844 -314
15 370.04013 788.967 0.019607844 -331
16 366.66406 894.49347 0.019607844 -347
17 364.81625 941.27466 0.019607844 -364
18 362.93903 967.1953 0.019607844 -380
19 361.66513 977.49084 0.019607844 -397
20 361.66513 981.4888 0.01764706 -408
0 759.29694 421.7803 0.019607844 0
1 755.38055 422.50992 0.019607844 -5
2 741.7602 424.3747 0.019607844 -30
3 714.48065 427.6345 0.019607844 -47
4 672.3293 433.74182 0.019607844 -63
5 617.87915 439.06476 0.019607844 -80
6 541.27124 444.77524 0.019607844 -96
7 488.98672 445.76782 0.019607844 -113
8 405.49612 446.7673 0.019607844 -129
9 378.9626 449.0119 0.019607844 -162
10 356.91528 449.76575 0.019607844 -179
11 341.99597 451.5773 0.019607844 -195
12 333.38614 453.34015 0.019607844 -212
13 327.57144 455.138 0.019607844 -228
14 316.74313 488.49066 0.019607844 -245
15 316.3489 597.43616 0.019607844 -278
16 318.011 747.04944 0.019607844 -310
17 317.5098 822.6356 0.019607844 -343
18 318.6959 897.1177 0.019607844 -360
19 317.70584 935.51276 0.019607844 -376
20 317.70584 946.507 0.019607844 -394
0 696.3552 368.8079 0.019607844 -8
1 686.34424 368.8079 0.019607844 -8
2 662.76843 372.17294 0.019607844 -34
3 625.60626 376.28082 0.019607844 -50
4 585.8024 380.31604 0.019607844 -67
5 539.05853 387.22858 0.019607844 -83
6 434.5631 395.52283 0.019607844 -100
7 375.56076 395.79385 0.019607844 -133
8 352.9517 396.79333 0.019607844 -166
9 340.6744 396.79333 0.019607844 -182
10 332.92715 396.79333 0.019607844 -199
11 329.084 398.0983 0.019607844 -215
12 326.6975 404.198 0.019607844 -232
13 338.34808 483.16272 0.019607844 -248
14 361.60156 642.4789 0.019607844 -281
15 368.8765 748.4446 0.019607844 -314
16 369.6577 876.99854 0.019607844 -331
17 368.67538 941.97375 0.019607844 -347
18 367.65958 988.2786 0.019607844 -364
19 366.6605 1015.9802 0.019607844 -380
20 366.6605 1019.469 0.019607844 -397
21 366.6605 1027.4648 0.01764706 -399
0 717.3358 362.81104 0.019607844 -49
1 682.2285 363.64276 0.019607844 -49
2 638.9472 367.1022 0.019607844 -65
3 538.58813 376.2978 0.019607844 -81
4 436.43546 384.49255 0.019607844 -114
5 404.81082 388.19986 0.019607844 -147
6 384.64407 391.70502 0.019607844 -163
7 371.8619 395.3066 0.019607844 -180
8 363.4651 397.89194 0.019607844 -196
9 358.06235 402.3965 0.019607844 -213
10 354.31796 412.20117 0.019607844 -229
11 352.67346 435.64352 0.019607844 -246
12 353.9768 482.1047 0.019607844 -262
13 362.6131 681.46814 0.019607844 -279
14 365.4512 767.71045 0.019607844 -312
15 365.66144 832.5964 0.019607844 -328
16 365.20776 881.0768 0.019607844 -345
17 363.34625 914.91766 0.019607844 -361
18 363.66327 925.51794 0.019607844 -377
19 363.66327 937.5117 0.019607844 -384
0 794.2646 381.80115 0.019607844 -79
1 735.5017 386.26895 0.019607844 -79
2 602.618 392.7954 0.019607844 -98
3 521.9933 394.26816 0.019607844 -131
4 491.49893 396.10907 0.019607844 -164
5 468.71872 397.79282 0.019607844 -181
6 450.24762 400.6705 0.019607844 -197
7 435.4091 404.27164 0.019607844 -214
8 423.34912 409.4162 0.019607844 -230
9 405.30884 430.40756 0.019607844 -247
10 386.26776 535.5254 0.019607844 -280
11 386.66776 621.8332 0.019607844 -312
12 393.07233 717.2978 0.019607844 -329
13 401.4275 810.5675 0.019607844 -345
14 408.83145 915.33716 0.019607844 -362
15 411.5059 968.8946 0.019607844 -378
16 411.61887 988.48517 0.019607844 -395
17 412.61795 1002.47784 0.019607844 -405
0 625.4209 1082.4362 0.019607844 -42
1 578.5154 1089.5681 0.019607844 -42
2 534.2975 1093.8468 0.019607844 -63
3 475.91464 1095.4294 0.019607844 -79
4 392.8871 1088.1964 0.019607844 -96
5 345.43903 1085.4347 0.021568628 -129
6 326.77734 1086.4252 0.021568628 -162
7 315.13895 1089.9553 0.021568628 -178
8 307.56555 1094.5796 0.019607844 -194
9 300.2842 1107.2988 0.019607844 -211
10 294.0263 1148.0137 0.019607844 -227
11 295.1326 1363.7372 0.019607844 -244
12 280.96085 1517.8864 0.019607844 -277
13 273.89807 1570.1204 0.021568628 -310
14 268.3848 1607.4851 0.019607844 -326
15 264.83774 1629.7362 0.019607844 -343
16 263.7558 1638.5803 0.019607844 -359
17 263.7558 1644.1437 0.01764706 -376
18 263.7558 1644.1437 0.01764706 -386
0 722.3312 436.7725 0.019607844 -4
1 709.57263 436.7725 0.019607844 -4
2 681.0721 435.00858 0.019607844 -21
3 644.78076 434.77356 0.019607844 -38
4 601.0064 436.1503 0.019607844 -54
5 551.9228 437.04257 0.019607844 -71
6 494.8503 438.84042 0.019607844 -87
7 453.11356 438.77145 0.019607844 -104
8 419.95853 438.77145 0.019607844 -120
9 382.6769 439.98956 0.019607844 -136
10 371.19397 441.84692 0.019607844 -169
11 364.15933 443.60342 0.019607844 -186
12 360.50327 445.9307 0.019607844 -202
13 356.87286 452.3578 0.019607844 -219
14 355.4586 475.93665 0.019607844 -235
15 360.0101 537.9554 0.019607844 -252
16 377.46005 683.1206 0.019607844 -268
17 399.90662 890.735 0.019607844 -285
18 402.27466 1033.7528 0.019607844 -318
19 397.63184 1079.4377 0.019607844 -351
20 397.63184 1089.4326 0.01764706 -374
0 773.284 399.79178 0.019607844 -6
1 758.8849 398.7923 0.019607844 -6
2 728.90765 400.38278 0.019607844 -40
3 686.8911 403.57916 0.019607844 -56
4 634.0241 410.34372 0.019607844 -73
5 581.3898 418.0125 0.019607844 -89
6 509.66333 424.42447 0.019607844 -106
7 467.36346 427.45374 0.019607844 -122
8 431.74945 429.23825 0.019607844 -139
9 406.17706 431.04065 0.019607844 -155
10 386.62582 432.87616 0.019607844 -172
11 372.23367 434.69098 0.019607844 -188
12 363.98297 436.44266 0.019607844 -205
13 359.78293 438.2137 0.019607844 -221
14 356.4393 449.0726 0.019607844 -238
15 367.36716 592.1548 0.019607844 -254
16 380.9207 688.98645 0.019607844 -287
17 394.92435 783.23505 0.019607844 -304
18 403.40698 867.5791 0.019607844 -320
19 405.89548 926.65686 0.019607844 -337
20 406.6235 966.0664 0.019607844 -353
21 406.6235 978.49036 0.019607844 -369
22 406.6235 987.48566 0.019607844 -377
0 786.272 378.8027 0.019607844 0
1 786.272 378.8027 0.019607844 0
2 784.67285 378.8027 0.019607844 -21
3 784.2738 378.8027 0.019607844 -38
4 777.2803 378.8027 0.019607844 -40
5 469.56522 390.79645 0.019607844 -139
6 431.75894 391.79593 0.019607844 -139
7 378.86935 396.09033 0.019607844 -153
8 364.41843 399.8615 0.019607844 -186
9 357.1344 402.63525 0.019607844 -203
10 353.3715 405.0903 0.019607844 -219
11 351.19888 414.59137 0.019607844 -236
12 356.98126 481.65927 0.019607844 -252
13 382.03067 692.2524 0.019607844 -285
14 388.06467 781.7684 0.019607844 -318
15 391.20782 863.2118 0.019607844 -334
16 391.6374 927.6783 0.019607844 -351
17 390.6383 971.98047 0.019607844 -367
18 390.6383 971.98047 0.019607844 -384
0 764.2923 394.79437 0.019607844 0
1 755.8874 394.79437 0.019607844 0
2 732.5597 399.55945 0.019607844 -24
3 696.2678 406.57764 0.019607844 -40
4 649.9989 413.67245 0.019607844 -57
5 594.33026 423.36798 0.019607844 -73
6 524.0057 432.44986 0.019607844 -90
7 470.80994 437.29178 0.019607844 -106
8 425.82248 440.3598 0.019607844 -123
9 392.48892 442.16678 0.019607844 -139
10 361.99307 444.9254 0.019607844 -156
11 341.83118 446.75388 0.019607844 -172
12 327.4415 449.51663 0.019607844 -189
13 317.09406 451.2874 0.019607844 -205
14 310.81473 454.3616 0.019607844 -222
15 305.21768 463.7578 0.019607844 -238
16 300.77032 518.65594 0.019607844 -254
17 304.20966 602.5475 0.019607844 -271
18 326.85837 805.7074 0.019607844 -287
19 337.55588 903.96094 0.019607844 -320
20 343.0612 975.6897 0.019607844 -337
21 344.68085 1000.4789 0.019607844 -353
22 345.67993 1025.4658 0.019607844 -360
0 994.0796 496.74127 0.019607844 -6
1 991.46094 497.74075 0.019607844 -6
2 985.246 500.66013 0.019607844 -30
3 960.68677 510.20157 0.019607844 -47
4 925.95636 522.1235 0.019607844 -63
5 854.1832 537.9972 0.019607844 -80
6 754.2883 548.5487 0.019607844 -96
7 705.34985 551.03284 0.019607844 -129
8 635.23975 555.8708 0.019607844 -146
9 588.34174 566.9387 0.019607844 -178
10 575.5442 572.09753 0.019607844 -211
11 567.6061 575.63434 0.019607844 -228
12 560.47675 580.9506 0.019607844 -244
13 544.75226 627.45166 0.01764706 -261
14 548.6655 764.77094 0.01764706 -294
15 565.98987 908.90936 0.01764706 -327
16 572.21326 999.17694 0.01764706 -343
17 576.19666 1068.9355 0.01764706 -360
18 577.024 1122.0178 0.019607844 -376
19 577.74896 1163.639 0.01764706 -393
20 578.4644 1185.6694 0.019607844 -409
21 578.4644 1190.38 0.019607844 -426
22 579.46344 1195.3773 0.01764706 -433
0 742.3127 383.8001 0.019607844 -70
1 722.3312 384.79956 0.019607844 -70
2 522.5162 377.80322 0.019607844 -137
3 449.81165 374.91232 0.019607844 -137
4 417.28867 374.80478 0.019607844 -163
5 399.95724 376.3286 0.019607844 -180
6 388.6759 378.13043 0.019607844 -196
7 382.10635 381.07144 0.019607844 -213
8 372.92554 425.09085 0.01764706 -229
9 372.65494 524.5301 0.019607844 -262
10 372.65494 650.0435 0.019607844 -295
11 369.88843 806.11444 0.019607844 -328
12 371.1294 891.05054 0.019607844 -361
13 371.65588 900.53094 0.01764706 -394
14 374.6531 921.52 0.019607844 -399
0 770.2868 342.82144 0.019607844 -62
1 752.1395 345.951 0.019607844 -62
2 713.8646 349.0216 0.019607844 -73
3 665.2607 356.15424 0.019607844 -90
4 600.2158 361.59848 0.019607844 -106
5 561.8887 364.10474 0.019607844 -123
6 528.37933 366.261 0.019607844 -139
7 502.96817 368.063 0.019607844 -156
8 481.8061 368.8079 0.019607844 -172
9 467.67545 369.6491 0.019607844 -189
10 458.0664 371.4339 0.019607844 -205
11 450.9056 373.22482 0.019607844 -222
12 438.23325 392.5897 0.019607844 -238
13 427.60406 555.9906 0.019607844 -271
14 428.2419 652.8582 0.019607844 -304
15 431.60037 816.34875 0.019607844 -320
16 430.45853 879.6854 0.019607844 -353
17 427.63486 929.5916 0.019607844 -370
18 425.76947 958.3728 0.019607844 -386
19 425.60593 975.4919 0.019607844 -403
20 425.60593 979.4898 0.01764706 -422
0 786.272 399.79178 0.019607844 -9
1 784.2738 399.79178 0.019607844 -9
2 777.0099 399.79178 0.019607844 -27
3 759.50977 398.7923 0.019607844 -44
4 730.6625 400.8573 0.019607844 -60
5 692.845 404.50488 0.019607844 -77
6 599.3377 408.78708 0.019607844 -93
7 537.29156 410.78604 0.019607844 -126
8 498.55917 411.4688 0.019607844 -142
9 471.16263 412.785 0.019607844 -159
10 430.18982 414.8297 0.019607844 -175
11 408.94324 417.7824 0.019607844 -208
12 399.02457 422.38596 0.019607844 -241
13 393.4499 502.1463 0.019607844 -274
14 401.79382 595.68176 0.019607844 -307
15 415.57248 775.1347 0.019607844 -324
16 417.4733 904.4528 0.019607844 -357
17 416.61426 960.2967 0.019607844 -390
18 416.61426 966.4966 0.019607844 -422
19 415.61517 967.4961 0.01764706 -432
0 645.4024 1133.4097 0.019607844 -8
1 629.90955 1134.06 0.019607844 -8
2 599.925 1137.4595 0.019607844 -50
3 556.4663 1139.767 0.019607844 -66
4 503.58194 1139.2014 0.01764706 -83
5 387.31985 1134.5704 0.019607844 -99
6 315.62054 1131.9379 0.019607844 -132
7 290.86157 1130.1138 0.019607844 -165
8 273.8915 1128.3173 0.019607844 -182
9 262.16208 1128.4122 0.019607844 -198
10 254.76978 1128.4122 0.019607844 -215
11 249.53987 1128.4122 0.019607844 -231
12 246.47954 1129.5577 0.019607844 -248
13 242.73856 1135.4636 0.019607844 -264
14 240.77705 1178.3363 0.01764706 -281
15 238.3758 1239.6172 0.01764706 -297
16 236.62628 1313.0942 0.01764706 -314
17 231.99762 1389.7528 0.01764706 -330
18 223.44424 1538.0364 0.01764706 -346
19 213.88664 1599.3765 0.019607844 -379
20 212.80296 1616.1582 0.01764706 -396
21 212.80296 1616.1582 0.01764706 -405
0 767.28955 381.80115 0.019607844 -42
1 729.9422 386.35605 0.019607844 -42
2 691.8358 391.8707 0.019607844 -64
3 646.13666 401.93524 0.019607844 -81
4 570.2638 414.9811 0.019607844 -97
5 516.1438 420.30298 0.019607844 -114
6 470.54654 424.4319 0.019607844 -130
7 432.0163 427.6808 0.019607844 -147
8 404.23666 431.25952 0.019607844 -163
9 381.60526 433.94757 0.019607844 -180
10 363.79572 438.48846 0.019607844 -196
11 354.18393 442.01382 0.019607844 -213
12 348.50204 445.55145 0.019607844 -229
13 343.62732 483.09457 0.019607844 -245
14 363.88254 620.8064 0.019607844 -278
15 387.10196 786.633 0.019607844 -311
16 389.87024 859.3397 0.019607844 -344
17 391.6374 919.3361 0.019607844 -361
18 391.6374 968.49554 0.019607844 -377
19 391.6374 981.4888 0.019607844 -394
0 768.28864 389.79697 0.019607844 0
1 756.5287 390.51794 0.019607844 0
2 729.0076 393.47934 0.019607844 -29
3 723.33026 393.7949 0.019607844 -46
4 703.34875 395.79385 0.019607844 -48
5 424.60684 400.79126 0.019607844 -141
6 381.61807 405.62683 0.019607844 -141
7 356.21005 411.12283 0.019607844 -161
8 337.61395 414.5782 0.019607844 -177
9 326.205 418.17938 0.019607844 -194
10 318.8217 421.7219 0.019607844 -210
11 313.0897 428.60397 0.019607844 -227
12 308.63593 443.8828 0.019607844 -243
13 315.4246 567.1811 0.019607844 -260
14 322.50165 642.9876 0.019607844 -293
15 331.50146 726.259 0.019607844 -309
16 333.91205 805.6494 0.019607844 -326
17 334.6901 895.11694 0.019607844 -342
18 330.9077 939.36975 0.019607844 -359
19 328.69565 966.1254 0.019607844 -375
20 328.69565 980.5688 0.019607844 -392
21 328.69565 986.4862 0.019607844 -408
22 328.69565 988.48517 0.019607844 -420
0 906.16095 784.5914 0.019607844 0
1 899.12756 784.5914 0.019607844 0
2 878.3066 789.0998 0.019607844 -22
3 840.8699 794.6795 0.019607844 -39
4 793.0652 798.70996 0.01764706 -55
5 743.23865 802.51074 0.01764706 -72
6 658.082 801.5825 0.019607844 -88
7 594.8424 804.58093 0.019607844 -121
8 577.3335 806.0966 0.019607844 -154
9 565.925 807.8377 0.019607844 -171
10 558.06396 808.57886 0.019607844 -187
11 551.76404 810.4862 0.019607844 -204
12 546.2986 814.7712 0.019607844 -220
13 538.7195 828.2446 0.019607844 -237
14 529.97876 860.11804 0.019607844 -253
15 518.25977 1019.63074 0.019607844 -270
16 514.72894 1093.3206 0.019607844 -303
17 510.40475 1157.454 0.019607844 -319
18 504.90042 1207.9716 0.019607844 -335
19 499.5007 1246.263 0.019607844 -352
20 492.49664 1296.9874 0.019607844 -368
21 491.54486 1306.3196 0.019607844 -401
22 490.5458 1314.3154 0.019607844 -409
0 593.4505 1090.432 0.019607844 0
1 591.8482 1090.432 0.019607844 -4
2 552.6662 1090.432 0.01764706 -30
3 513.0807 1090.432 0.01764706 -63
4 466.83182 1090.432 0.01764706 -79
5 358.56342 1093.199 0.019607844 -96
6 320.49118 1096.8499 0.019607844 -129
7 259.1595 1104.0385 0.019607844 -145
8 236.97174 1107.752 0.019607844 -178
9 215.63354 1117.0394 0.019607844 -194
10 200.21985 1125.9103 0.019607844 -211
11 188.89221 1136.8296 0.019607844 -227
12 160.1077 1266.0134 0.019607844 -244
13 154.35744 1389.7643 0.019607844 -293
14 152.51715 1451.8586 0.019607844 -326
15 151.85939 1501.208 0.019607844 -343
16 152.93425 1550.3925 0.019607844 -359
17 152.85846 1586.5063 0.01764706 -376
18 152.85846 1587.1733 0.01764706 -392
19 152.85846 1587.1733 0.01764706 -393
0 965.1064 536.72046 0.019607844 -8
1 965.1064 536.72046 0.019607844 -8
2 962.8751 535.9764 0.01764706 -33
3 948.8646 534.7215 0.019607844 -49
4 920.66547 534.7215 0.019607844 -66
5 819.1663 537.98004 0.019607844 -82
6 732.7418 544.4954 0.019607844 -115
7 700.7041 547.96716 0.019607844 -149
8 672.68744 553.0499 0.019607844 -165
9 653.4488 558.43896 0.019607844 -182
10 628.54236 564.48114 0.019607844 -198
11 621.7773 566.254 0.019607844 -231
12 610.9797 575.2686 0.01764706 -248
13 601.4431 661.6426 0.01764706 -281
14 603.05774 736.725 0.01764706 -314
15 606.3342 816.17487 0.01764706 -330
16 610.0303 902.5147 0.01764706 -347
17 612.589 1005.72375 0.019607844 -363
18 613.4285 1050.3735 0.019607844 -380
19 613.432 1079.4935 0.019607844 -396
20 612.69574 1096.5873 0.019607844 -413
21 612.4329 1098.4279 0.01764706 -429
22 612.4329 1098.4279 0.01764706 -432
