0 528.5106 1089.4326 0.01764706 0
1 528.5106 1089.4326 0.01764706 -18
2 483.55228 1081.4368 0.01764706 -110
3 479.36475 1080.4373 0.01764706 -110
4 450.643 1079.4377 0.019607844 -134
5 378.38068 1076.617 0.019607844 -167
6 343.77228 1075.4398 0.019607844 -200
7 314.0139 1074.4404 0.019607844 -216
8 288.3407 1074.4404 0.019607844 -233
9 243.58688 1077.3229 0.019607844 -249
10 213.93257 1087.1554 0.019607844 -282
11 204.7416 1095.4982 0.019607844 -315
12 179.51202 1150.4121 0.01764706 -332
13 153.13394 1301.1371 0.01764706 -365
14 132.39746 1500.8975 0.019607844 -398
15 123.83612 1601.658 0.019607844 -447
16 119.001144 1640.3662 0.019607844 -480
17 114.20568 1668.1969 0.01764706 -497
18 111.89639 1672.129 0.01764706 -530
19 111.89639 1672.129 0.01764706 -550
0 620.42554 1160.3956 0.019607844 -9
1 620.42554 1160.3956 0.01764706 -9
2 616.7569 1160.3956 0.01764706 -34
3 585.9869 1168.2592 0.01764706 -51
4 518.57764 1178.2379 0.019607844 -84
5 440.76028 1182.5189 0.019607844 -117
6 392.5183 1181.3474 0.019607844 -150
7 358.45447 1179.5404 0.019607844 -167
8 327.528 1177.7086 0.019607844 -183
9 285.1898 1178.6407 0.019607844 -200
10 243.40137 1191.024 0.019607844 -233
11 219.3848 1247.4005 0.019607844 -282
12 208.20952 1301.5769 0.019607844 -315
13 197.96092 1369.4484 0.019607844 -332
14 187.64969 1455.919 0.019607844 -348
15 181.10765 1511.4594 0.019607844 -365
16 175.49933 1557.5559 0.019607844 -381
17 168.33568 1612.2449 0.019607844 -398
18 167.84459 1634.065 0.019607844 -431
19 167.84459 1639.1462 0.01764706 -464
20 167.84459 1639.1462 0.01764706 -487
0 623.4227 1136.4081 0.019607844 0
1 618.2683 1135.4086 0.01764706 -9
2 602.47485 1135.4086 0.01764706 -42
3 577.6002 1137.5681 0.01764706 -59
4 540.3825 1141.369 0.01764706 -75
5 494.0241 1143.7703 0.01764706 -92
6 448.74393 1145.4034 0.01764706 -108
7 337.78632 1142.5126 0.019607844 -125
8 291.2933 1137.7637 0.019607844 -158
9 253.2291 1136.748 0.019607844 -174
10 205.51581 1139.8234 0.01764706 -191
11 187.62079 1145.1387 0.019607844 -224
12 177.34212 1153.8927 0.019607844 -240
13 165.07321 1193.3451 0.01764706 -257
14 155.85568 1311.578 0.019607844 -273
15 155.85568 1438.1158 0.019607844 -306
16 154.6886 1541.8966 0.019607844 -339
17 152.73715 1583.7249 0.019607844 -373
18 148.16345 1640.3418 0.019607844 -389
19 144.86586 1665.3336 0.01764706 -422
20 144.86586 1668.1311 0.01764706 -455
21 144.86586 1670.1301 0.01764706 -465
0 649.3987 1105.4242 0.019607844 0
1 640.4995 1105.4242 0.01764706 -9
2 623.79456 1107.2076 0.019607844 -41
3 597.3691 1110.7651 0.019607844 -58
4 524.1426 1120.7552 0.019607844 -74
5 442.29742 1129.4484 0.019607844 -107
6 350.6053 1137.1414 0.019607844 -140
7 317.72446 1140.0038 0.019607844 -173
8 293.74307 1144.6738 0.019607844 -190
9 275.3608 1148.8629 0.019607844 -206
10 258.3204 1155.927 0.019607844 -223
11 231.53539 1197.3457 0.01764706 -239
12 209.9942 1356.7479 0.01764706 -273
13 206.80852 1428.5214 0.01764706 -306
14 206.80852 1491.1975 0.01764706 -322
15 204.3161 1589.5507 0.019607844 -339
16 202.32832 1623.9349 0.019607844 -372
17 200.4243 1647.0432 0.019607844 -388
18 196.64804 1671.8088 0.01764706 -405
19 195.8187 1676.127 0.01764706 -438
20 195.8187 1676.127 0.01764706 -452
0 656.3922 1083.4357 0.01764706 -9
1 643.8049 1083.4357 0.01764706 -18
2 618.3814 1083.4357 0.01764706 -44
3 583.6317 1083.4357 0.01764706 -60
4 542.55994 1082.8025 0.01764706 -77
5 454.29355 1078.7476 0.01764706 -93
6 411.96677 1076.0167 0.01764706 -126
7 333.40424 1073.4099 0.01764706 -143
8 302.2658 1075.3368 0.01764706 -176
9 282.98883 1079.6874 0.019607844 -192
10 269.16507 1085.825 0.019607844 -209
11 247.81615 1114.654 0.01764706 -225
12 236.61862 1171.3949 0.01764706 -258
13 233.78354 1195.3773 0.01764706 -275
14 233.78354 1195.3773 0.01764706 -281
15 237.77983 1504.2166 0.01764706 -332
16 237.77983 1508.2145 0.01764706 -332
17 236.98694 1589.0131 0.019607844 -341
18 233.16403 1659.3364 0.019607844 -374
19 231.78539 1680.0688 0.019607844 -407
20 231.78539 1683.1233 0.01764706 -440
21 231.78539 1683.1233 0.01764706 -461
0 650.39777 1047.4545 0.01764706 -10
1 644.0364 1047.4545 0.01764706 -10
2 623.3761 1048.4574 0.019607844 -26
3 592.7218 1049.3198 0.019607844 -43
4 551.46423 1050.2367 0.019607844 -59
5 505.97986 1050.4529 0.019607844 -76
6 418.37616 1050.4529 0.019607844 -93
7 346.05515 1052.7236 0.019607844 -126
8 290.59885 1059.4669 0.019607844 -159
9 271.53375 1064.184 0.019607844 -192
10 258.06882 1069.789 0.019607844 -208
11 236.20572 1094.317 0.019607844 -225
12 222.75026 1137.9436 0.019607844 -258
13 211.45168 1202.9396 0.019607844 -274
14 206.33856 1261.5172 0.019607844 -291
15 199.7556 1348.0111 0.019607844 -307
16 195.11317 1398.627 0.019607844 -324
17 186.61394 1478.1495 0.019607844 -340
18 179.43945 1526.1492 0.019607844 -373
19 176.83626 1546.8389 0.019607844 -406
20 176.83626 1550.1926 0.01764706 -439
21 176.83626 1551.192 0.01764706 -462
0 624.4218 1076.4393 0.019607844 -9
1 614.2268 1075.4398 0.019607844 -9
2 565.33453 1077.7064 0.019607844 -43
3 502.15414 1084.1443 0.019607844 -76
4 434.45297 1091.4476 0.019607844 -109
5 355.6915 1098.4268 0.019607844 -142
6 328.54938 1100.2946 0.019607844 -175
7 306.65646 1102.891 0.019607844 -191
8 288.4895 1105.5894 0.019607844 -208
9 273.16513 1109.3177 0.019607844 -224
10 249.24477 1124.9386 0.019607844 -241
11 229.79138 1164.8828 0.019607844 -274
12 216.09833 1226.67 0.019607844 -290
13 206.4594 1291.7972 0.019607844 -307
14 199.62721 1356.0903 0.019607844 -323
15 194.58084 1413.088 0.019607844 -340
16 189.25938 1465.2816 0.019607844 -356
17 185.01093 1511.0262 0.019607844 -373
18 176.24055 1572.0569 0.019607844 -390
19 173.67456 1589.4891 0.019607844 -423
20 171.79842 1601.3784 0.019607844 -439
21 171.84088 1607.122 0.019607844 -456
22 171.84088 1607.1628 0.019607844 -472
23 171.84088 1608.1624 0.01764706 -472
0 607.43756 1060.4476 0.019607844 -9
1 607.43756 1060.4476 0.01764706 -9
2 601.3092 1060.4476 0.01764706 -33
3 585.9381 1062.1711 0.019607844 -49
4 561.2693 1065.7213 0.019607844 -66
5 527.7525 1069.4702 0.019607844 -82
6 445.68396 1071.4419 0.019607844 -99
7 398.3262 1068.0693 0.019607844 -132
8 303.55453 1057.6786 0.019607844 -148
9 267.80463 1052.8108 0.019607844 -181
10 242.86996 1051.4524 0.019607844 -198
11 203.69322 1052.6635 0.019607844 -214
12 189.04774 1056.6716 0.019607844 -247
13 174.78069 1068.4945 0.019607844 -264
14 154.62065 1102.898 0.019607844 -281
15 136.13184 1165.668 0.019607844 -297
16 124.81878 1242.8778 0.019607844 -314
17 117.45237 1312.5828 0.019607844 -330
18 111.67215 1373.5293 0.019607844 -347
19 108.28772 1425.214 0.019607844 -363
20 104.541306 1461.8577 0.019607844 -380
21 97.85661 1512.6873 0.019607844 -396
22 94.1589 1530.4646 0.019607844 -429
23 92.91397 1533.8928 0.019607844 -462
24 92.91397 1534.2009 0.01764706 -479
25 92.91397 1534.2009 0.01764706 -480
0 599.44495 1084.4352 0.01764706 0
1 595.44867 1084.4352 0.01764706 -9
2 547.88794 1090.18 0.01764706 -27
3 466.99606 1097.5593 0.019607844 -60
4 419.4376 1100.9124 0.019607844 -93
5 370.2785 1102.8632 0.019607844 -109
6 328.4554 1102.4258 0.019607844 -126
7 245.25136 1101.4263 0.019607844 -142
8 193.94049 1106.7875 0.019607844 -176
9 179.23604 1113.0477 0.019607844 -209
10 167.9822 1121.2782 0.019607844 -225
11 155.21231 1140.9382 0.019607844 -242
12 142.76257 1257.2393 0.01764706 -258
13 141.86864 1416.0146 0.019607844 -291
14 140.04486 1471.5209 0.019607844 -324
15 137.41933 1511.7468 0.019607844 -341
16 134.2661 1542.7307 0.019607844 -357
17 130.51024 1582.496 0.019607844 -374
18 128.88066 1599.8661 0.019607844 -407
19 129.87975 1604.1644 0.01764706 -440
20 129.87975 1604.1644 0.01764706 -464
0 583.4598 1064.4456 0.019607844 -9
1 582.4607 1064.4456 0.019607844 -9
2 574.6126 1064.4456 0.019607844 -27
3 554.4782 1067.1377 0.019607844 -43
4 524.5464 1069.1636 0.019607844 -60
5 487.93253 1072.0223 0.019607844 -76
6 449.1488 1073.89 0.019607844 -93
7 408.80563 1075.7494 0.019607844 -110
8 369.96 1077.6237 0.019607844 -126
9 328.32187 1080.4506 0.019607844 -143
10 267.7452 1087.8191 0.019607844 -159
11 235.92203 1096.6543 0.019607844 -192
12 212.49286 1117.8169 0.019607844 -225
13 193.19397 1166.3485 0.019607844 -258
14 182.57492 1229.6638 0.019607844 -275
15 172.29025 1360.8269 0.019607844 -291
16 162.89023 1470.545 0.019607844 -324
17 159.43 1510.4371 0.019607844 -357
18 156.68036 1546.3369 0.019607844 -374
19 154.83826 1575.4368 0.019607844 -390
20 153.85754 1592.5837 0.019607844 -407
21 153.85754 1603.3142 0.019607844 -423
22 153.85754 1609.433 0.019607844 -440
23 153.85754 1611.1608 0.019607844 -456
24 153.85754 1612.1603 0.019607844 -467
0 578.4644 1062.4467 0.019607844 -9
1 562.1005 1064.2836 0.019607844 -9
2 499.73984 1073.2107 0.019607844 -42
3 418.33667 1082.1294 0.019607844 -75
4 342.5662 1089.55 0.019607844 -108
5 267.3875 1097.2104 0.019607844 -141
6 247.3169 1100.9174 0.019607844 -174
7 232.65988 1104.6031 0.019607844 -191
8 221.61049 1108.2965 0.019607844 -207
9 213.68597 1111.979 0.019607844 -224
10 206.06667 1119.1597 0.019607844 -240
11 187.09761 1226.2013 0.019607844 -257
12 181.50414 1361.8633 0.019607844 -290
13 172.43686 1479.2642 0.019607844 -323
14 166.7464 1523.3666 0.019607844 -356
15 162.4541 1558.945 0.019607844 -372
16 155.94427 1612.1848 0.019607844 -389
17 153.85754 1635.3546 0.019607844 -422
18 153.85754 1638.9745 0.019607844 -455
19 153.85754 1639.1462 0.01764706 -472
20 153.85754 1645.1431 0.01764706 -473
0 521.5171 1086.4341 0.01764706 -8
1 509.97018 1085.4347 0.01764706 -17
2 482.95825 1084.3981 0.01764706 -44
3 444.77252 1080.5402 0.01764706 -60
4 357.59467 1069.2511 0.01764706 -77
5 311.94272 1063.4323 0.01764706 -110
6 237.89246 1055.5737 0.01764706 -126
7 211.72217 1054.7908 0.019607844 -159
8 171.60568 1062.5055 0.019607844 -176
9 154.10416 1073.8821 0.019607844 -209
10 136.1104 1111.7117 0.019607844 -242
11 127.43591 1162.4326 0.019607844 -275
12 120.06848 1242.8121 0.019607844 -291
13 114.641945 1307.1741 0.019607844 -308
14 109.94074 1367.8622 0.019607844 -325
15 106.15975 1422.6464 0.019607844 -341
16 103.33038 1472.9071 0.019607844 -358
17 99.53782 1516.965 0.019607844 -374
18 96.321014 1552.6282 0.019607844 -391
19 92.94504 1579.9594 0.019607844 -407
20 88.59907 1611.0742 0.019607844 -424
21 87.67738 1619.1224 0.019607844 -457
22 87.918594 1621.3411 0.01764706 -473
23 87.918594 1622.155 0.01764706 -490
24 87.918594 1622.155 0.01764706 -497
0 618.42737 1101.4263 0.019607844 0
1 616.42926 1101.4263 0.019607844 -8
2 606.4115 1101.4263 0.019607844 -35
3 588.45746 1103.3342 0.019607844 -52
4 559.554 1105.1848 0.019607844 -68
5 522.9933 1107.0673 0.019607844 -85
6 481.73157 1108.4227 0.019607844 -101
7 437.65314 1106.9857 0.019607844 -118
8 394.4084 1103.7682 0.019607844 -134
9 301.54044 1093.4124 0.019607844 -151
10 271.23257 1092.431 0.019607844 -184
11 231.30667 1093.4304 0.019607844 -200
12 216.83542 1096.17 0.019607844 -233
13 206.07747 1099.6711 0.019607844 -250
14 195.9932 1105.3195 0.019607844 -265
15 186.79715 1116.8661 0.019607844 -282
16 172.34042 1184.383 0.019607844 -298
17 170.34953 1234.6752 0.019607844 -331
18 169.50754 1291.7281 0.019607844 -348
19 170.84181 1355.8414 0.01764706 -364
20 171.92288 1445.0079 0.019607844 -381
21 172.83997 1502.7747 0.019607844 -397
22 171.84088 1552.4785 0.019607844 -414
23 170.0519 1594.7732 0.019607844 -430
24 169.84274 1627.5221 0.019607844 -447
25 169.84274 1652.481 0.019607844 -463
26 169.84274 1669.7689 0.019607844 -480
27 170.84181 1680.9701 0.01764706 -496
28 170.84181 1686.1218 0.01764706 -513
29 170.84181 1686.1218 0.01764706 -526
0 1018.0574 718.6257 0.019607844 -52
1 975.0332 719.6252 0.019607844 -52
2 940.2005 720.2125 0.019607844 -74
3 867.7316 721.62415 0.019607844 -90
4 828.0831 719.33923 0.019607844 -123
5 791.53284 716.45593 0.019607844 -140
6 723.8655 709.8253 0.019607844 -156
7 703.1035 709.6304 0.019607844 -189
8 676.7309 713.0839 0.019607844 -206
9 658.02484 719.8995 0.019607844 -239
10 643.9817 745.6589 0.019607844 -272
11 639.40796 763.6023 0.019607844 -288
12 634.4126 813.57623 0.019607844 -296
13 636.4107 1040.4581 0.019607844 -355
14 638.3565 1102.5604 0.019607844 -355
15 640.1189 1156.9275 0.019607844 -371
16 640.775 1201.5829 0.01764706 -388
17 640.7345 1239.7661 0.019607844 -404
18 637.2613 1260.6609 0.019607844 -421
19 633.94934 1276.581 0.019607844 -437
20 630.07526 1293.3503 0.01764706 -454
21 630.07526 1293.3503 0.01764706 -487
0 1017.0583 821.5721 0.019607844 -60
1 995.60065 822.57153 0.019607844 -60
2 937.93744 827.2573 0.019607844 -74
3 816.5282 836.59406 0.019607844 -107
4 781.04926 834.65857 0.019607844 -156
5 746.1299 834.5653 0.019607844 -173
6 690.9458 833.56586 0.019607844 -189
7 654.33795 835.79315 0.019607844 -222
8 624.75323 855.22284 0.019607844 -255
9 596.9517 919.57654 0.019607844 -288
10 587.87445 969.834 0.019607844 -321
11 582.3383 1020.19714 0.019607844 -338
12 581.22504 1073.3081 0.019607844 -354
13 579.3053 1123.5305 0.019607844 -371
14 573.56 1223.7234 0.019607844 -387
15 569.814 1274.9197 0.019607844 -421
16 568.8668 1289.9667 0.019607844 -454
17 568.47363 1297.8467 0.019607844 -470
18 568.47363 1302.3217 0.019607844 -487
19 568.47363 1304.3207 0.01764706 -499
0 1006.0685 770.59863 0.019607844 -104
1 965.2833 769.3743 0.019607844 -104
2 877.47015 767.6002 0.019607844 -121
3 839.3555 766.8302 0.019607844 -154
4 807.3881 767.2169 0.019607844 -171
5 762.24457 771.77295 0.019607844 -187
6 739.02374 777.94714 0.019607844 -220
7 718.70435 786.44244 0.019607844 -237
8 688.48206 807.0702 0.01764706 -253
9 671.34546 832.0732 0.019607844 -286
10 655.8098 869.952 0.019607844 -303
11 644.7566 925.73785 0.019607844 -319
12 644.7566 925.73785 0.01764706 -336
13 636.4107 1077.4388 0.019607844 -376
14 636.4107 1109.0729 0.019607844 -376
15 635.4117 1171.1471 0.019607844 -385
16 635.4117 1205.6439 0.019607844 -402
17 635.4117 1236.3413 0.019607844 -418
18 634.4126 1256.6812 0.019607844 -435
19 633.8348 1271.3865 0.019607844 -451
20 633.4135 1282.7795 0.019607844 -468
21 633.4135 1291.3274 0.01764706 -484
22 633.4135 1294.3258 0.01764706 -506
0 1015.0601 634.66943 0.019607844 -61
1 986.08813 636.2839 0.019607844 -61
2 959.3024 638.70856 0.019607844 -84
3 925.7853 641.4834 0.019607844 -101
4 891.89276 645.2508 0.01764706 -117
5 845.7099 645.99194 0.019607844 -134
6 747.84216 631.2222 0.01764706 -150
7 709.4131 624.4887 0.01764706 -183
8 674.95294 616.7246 0.019607844 -200
9 648.4759 611.6923 0.019607844 -216
10 624.3902 608.06305 0.019607844 -233
11 606.84564 605.5076 0.019607844 -249
12 595.5925 608.635 0.019607844 -266
13 578.9685 628.91095 0.019607844 -282
14 572.42255 664.6992 0.019607844 -315
15 572.8787 720.7189 0.019607844 -332
16 585.30255 786.6031 0.01764706 -348
17 599.9365 862.43726 0.01764706 -365
18 619.49506 994.9168 0.01764706 -381
19 626.1961 1064.2052 0.01764706 -414
20 626.42 1085.0444 0.019607844 -447
21 626.42 1098.2769 0.019607844 -464
22 625.4209 1113.3971 0.019607844 -480
23 625.4209 1114.4196 0.019607844 -513
24 624.4218 1115.4191 0.019607844 -518
0 637.4098 1024.4664 0.01764706 0
1 633.9228 1024.4664 0.01764706 -7
2 617.6334 1022.39526 0.01764706 -26
3 587.674 1019.4963 0.01764706 -42
4 550.22797 1015.7316 0.01764706 -59
5 510.18607 1011.8964 0.01764706 -75
6 470.83997 1008.1025 0.019607844 -92
7 433.80618 1006.90753 0.019607844 -108
8 401.28903 1006.47577 0.019607844 -125
9 371.4643 1007.7995 0.019607844 -141
10 346.84528 1009.7102 0.019607844 -158
11 323.78088 1013.669 0.019607844 -174
12 305.5264 1018.2898 0.019607844 -191
13 276.7393 1038.7146 0.019607844 -207
14 261.6494 1067.2285 0.01764706 -240
15 251.76688 1097.4283 0.01764706 -257
16 251.76688 1097.4283 0.01764706 -270
17 228.78816 1288.329 0.01764706 -312
18 228.78816 1292.3269 0.01764706 -312
19 222.33809 1321.1361 0.019607844 -323
20 210.7342 1384.6321 0.019607844 -339
21 204.12729 1416.7859 0.019607844 -356
22 199.3097 1437.7799 0.019607844 -372
23 196.17169 1449.4784 0.019607844 -389
24 194.29503 1456.2916 0.019607844 -405
25 192.40907 1460.0651 0.019607844 -422
26 191.82239 1461.2389 0.01764706 -438
27 191.82239 1461.2389 0.01764706 -460
0 678.3719 1047.4545 0.01764706 -5
1 674.4807 1045.4905 0.01764706 -15
2 658.7073 1042.5204 0.01764706 -40
3 634.0051 1038.6713 0.01764706 -57
4 599.8901 1035.652 0.01764706 -73
5 560.8967 1033.7532 0.01764706 -90
6 522.0847 1035.1005 0.01764706 -106
7 483.96283 1038.518 0.019607844 -123
8 446.3366 1043.6938 0.019607844 -139
9 415.75116 1048.1786 0.019607844 -156
10 385.9242 1053.7733 0.019607844 -172
11 334.24847 1063.7991 0.019607844 -189
12 315.15942 1069.9088 0.01764706 -222
13 281.51068 1098.374 0.01764706 -238
14 263.14954 1132.363 0.01764706 -271
15 248.35194 1182.8538 0.01764706 -288
16 233.15646 1264.5692 0.01764706 -304
17 223.85252 1323.9277 0.019607844 -321
18 214.36412 1372.3596 0.019607844 -337
19 202.4024 1442.8293 0.019607844 -354
20 197.76631 1467.4885 0.019607844 -387
21 193.9759 1483.6052 0.019607844 -403
22 192.52892 1492.6866 0.019607844 -420
23 190.58177 1496.704 0.019607844 -436
24 190.82332 1497.2202 0.01764706 -453
25 190.82332 1497.2202 0.01764706 -459
0 628.41815 1033.4617 0.01764706 -16
1 626.04 1033.4617 0.01764706 -16
2 610.695 1032.4623 0.01764706 -33
3 584.69965 1032.4623 0.01764706 -50
4 549.76843 1033.3419 0.019607844 -66
5 478.5569 1036.96 0.019607844 -83
6 441.2596 1037.9506 0.019607844 -114
7 378.93088 1040.7059 0.019607844 -132
8 353.1328 1041.4575 0.019607844 -165
9 318.08856 1045.7744 0.019607844 -182
10 307.706 1048.0559 0.019607844 -214
11 298.55133 1051.3213 0.019607844 -230
12 293.83594 1055.0452 0.019607844 -247
13 288.2435 1066.5869 0.019607844 -263
14 280.2665 1098.3239 0.01764706 -280
15 280.2665 1098.3239 0.01764706 -296
16 253.76503 1408.2665 0.01764706 -363
17 252.77156 1419.2158 0.01764706 -363
18 248.19218 1445.8557 0.019607844 -379
19 239.3232 1483.1517 0.019607844 -395
20 224.68036 1529.4266 0.019607844 -412
21 217.459 1546.2136 0.019607844 -445
22 216.79926 1548.5201 0.01764706 -478
23 216.79926 1548.5201 0.01764706 -494
0 657.3913 1034.4612 0.019607844 0
1 650.47437 1034.4612 0.019607844 0
2 635.06244 1036.1953 0.019607844 -40
3 609.6494 1039.6818 0.019607844 -57
4 577.9201 1043.411 0.019607844 -73
5 538.682 1048.5709 0.019607844 -90
6 499.35922 1054.1571 0.019607844 -106
7 421.38013 1061.2256 0.019607844 -123
8 385.3847 1063.2261 0.019607844 -156
9 340.2146 1066.8914 0.019607844 -172
10 323.00693 1068.7427 0.019607844 -205
11 312.35803 1070.5012 0.019607844 -222
12 303.9249 1072.3899 0.019607844 -238
13 284.66537 1102.9602 0.019607844 -255
14 273.82144 1148.197 0.019607844 -288
15 264.89987 1207.6737 0.01764706 -304
16 258.61484 1269.5596 0.01764706 -321
17 250.33682 1329.4683 0.019607844 -337
18 243.34593 1378.1763 0.019607844 -354
19 233.64238 1421.8811 0.019607844 -370
20 222.26128 1465.3684 0.019607844 -387
21 215.4123 1489.981 0.019607844 -403
22 210.40761 1506.107 0.019607844 -420
23 204.32887 1521.1715 0.019607844 -436
24 202.37785 1524.6406 0.019607844 -469
25 201.81314 1525.2056 0.01764706 -486
26 201.81314 1525.2056 0.01764706 -491
0 624.4218 1056.4497 0.01764706 -7
1 622.4237 1055.4503 0.01764706 -16
2 608.6132 1054.4508 0.01764706 -34
3 583.59955 1054.4508 0.01764706 -51
4 546.47864 1056.3506 0.01764706 -67
5 505.66867 1059.0886 0.01764706 -84
6 423.79843 1067.5818 0.019607844 -101
7 387.46793 1071.4076 0.019607844 -134
8 354.68283 1075.1447 0.019607844 -150
9 320.22552 1081.6432 0.019607844 -167
10 284.62677 1089.2102 0.019607844 -183
11 273.75467 1093.0273 0.019607844 -217
12 265.0619 1099.1202 0.019607844 -233
13 247.7706 1150.4009 0.01764706 -250
14 236.78076 1218.3654 0.01764706 -283
15 236.78076 1218.3654 0.01764706 -296
16 235.78168 1376.2832 0.01764706 -330
17 233.53969 1389.473 0.019607844 -330
18 229.32071 1418.9071 0.019607844 -349
19 220.60121 1461.2115 0.019607844 -366
20 214.97757 1485.5786 0.019607844 -382
21 210.09525 1502.2034 0.019607844 -399
22 206.33432 1511.899 0.019607844 -415
23 204.16888 1517.4938 0.019607844 -432
24 202.81221 1521.45 0.019607844 -449
25 202.81221 1522.2072 0.01764706 -465
26 202.81221 1522.2072 0.01764706 -469
0 596.44775 1047.4545 0.01764706 0
1 577.1547 1043.3875 0.01764706 -6
2 545.67773 1039.3566 0.01764706 -41
3 510.90247 1036.5289 0.01764706 -58
4 472.1018 1033.6385 0.01764706 -74
5 401.34027 1033.4617 0.01764706 -91
6 345.00497 1036.589 0.019607844 -124
7 319.83148 1040.5026 0.019607844 -157
8 288.8411 1050.4167 0.019607844 -174
9 280.42038 1055.94 0.019607844 -207
10 265.6888 1081.6321 0.019607844 -224
11 257.4852 1111.5266 0.01764706 -257
12 248.89616 1164.9155 0.01764706 -273
13 233.53734 1294.5437 0.01764706 -290
14 226.15378 1348.2778 0.019607844 -323
15 217.56763 1392.3832 0.019607844 -339
16 202.79283 1457.8086 0.019607844 -356
17 195.47838 1483.0297 0.019607844 -389
18 191.43576 1497.3811 0.019607844 -406
19 189.20981 1506.0605 0.019607844 -422
20 185.82794 1513.2118 0.01764706 -439
21 185.82794 1513.2118 0.01764706 -467
0 623.4227 1080.4373 0.01764706 0
1 623.4227 1080.4373 0.01764706 -6
2 623.4227 1080.4373 0.01764706 -14
3 391.6374 1018.46954 0.01764706 -114
4 387.81366 1018.46954 0.01764706 -114
5 351.82043 1019.2545 0.01764706 -124
6 334.4455 1023.0284 0.019607844 -157
7 320.49268 1028.2689 0.019607844 -174
8 309.66837 1033.6886 0.019607844 -191
9 288.4417 1066.0687 0.019607844 -207
10 267.23633 1163.4913 0.01764706 -240
11 249.26918 1277.3347 0.019607844 -273
12 237.77982 1333.8054 0.019607844 -306
13 225.23207 1387.7944 0.019607844 -322
14 211.758 1451.9619 0.019607844 -340
15 203.16907 1491.2766 0.019607844 -356
16 194.77196 1519.3636 0.019607844 -373
17 188.0827 1538.4281 0.019607844 -389
18 180.22522 1557.0127 0.019607844 -406
19 178.83441 1564.6741 0.019607844 -439
20 178.83441 1565.1848 0.01764706 -472
21 178.83441 1565.1848 0.01764706 -484
0 678.3719 1056.4497 0.019607844 -8
1 667.93896 1057.2268 0.019607844 -8
2 646.1227 1059.2216 0.019607844 -50
3 615.5493 1064.022 0.019607844 -66
4 576.96576 1071.4419 0.019607844 -83
5 494.9657 1090.576 0.019607844 -99
6 446.21085 1101.9625 0.019607844 -132
7 409.48825 1110.9545 0.019607844 -149
8 380.14926 1117.61 0.021568628 -165
9 342.6419 1127.3251 0.021568628 -182
10 329.4051 1130.7797 0.021568628 -215
11 310.70657 1137.9103 0.019607844 -231
12 295.6106 1159.8008 0.019607844 -264
13 290.6952 1197.804 0.019607844 -297
14 288.32703 1248.7179 0.019607844 -314
15 285.15137 1303.0906 0.019607844 -330
16 282.29373 1360.9647 0.019607844 -347
17 276.59137 1433.4648 0.019607844 -363
18 272.80576 1476.6183 0.019607844 -380
19 266.17734 1535.1149 0.021568628 -397
20 264.13803 1554.1296 0.019607844 -430
21 262.7567 1565.8517 0.019607844 -446
22 262.7567 1574.0016 0.019607844 -463
23 262.7567 1578.0094 0.019607844 -479
24 262.7567 1581.8577 0.01764706 -496
25 262.7567 1583.1754 0.01764706 -512
26 262.7567 1583.1754 0.01764706 -517
0 598.44586 1027.4648 0.01764706 -8
1 589.71686 1027.4648 0.019607844 -8
2 561.46106 1031.4662 0.019607844 -25
3 523.72205 1038.8759 0.019607844 -41
4 487.51648 1046.1987 0.019607844 -58
5 442.68484 1055.5355 0.019607844 -74
6 386.7719 1071.7095 0.019607844 -91
7 362.44 1080.5188 0.019607844 -124
8 345.82065 1085.7208 0.019607844 -141
9 331.06113 1091.1688 0.019607844 -156
10 319.08246 1095.3035 0.019607844 -172
11 308.09476 1098.9675 0.019607844 -189
12 300.18225 1103.83 0.019607844 -206
13 291.9089 1111.2421 0.019607844 -222
14 283.5112 1123.061 0.019607844 -239
15 265.35886 1168.057 0.019607844 -255
16 252.56897 1250.9258 0.019607844 -288
17 247.52518 1309.8795 0.019607844 -321
18 240.85495 1400.2571 0.019607844 -338
19 237.10226 1457.5747 0.019607844 -354
20 233.35419 1504.6583 0.019607844 -371
21 229.57074 1545.362 0.019607844 -387
22 225.80807 1576.5674 0.019607844 -404
23 223.4162 1598.3138 0.019607844 -420
24 221.53616 1610.7133 0.019607844 -436
25 219.60637 1618.918 0.019607844 -453
26 219.79648 1622.3376 0.019607844 -469
27 219.79648 1624.154 0.01764706 -486
28 219.79648 1624.154 0.01764706 -502
0 684.36633 1074.4404 0.019607844 0
1 679.8266 1074.4404 0.019607844 -8
2 669.1624 1075.1854 0.019607844 -32
3 647.98584 1077.0863 0.019607844 -49
4 618.3556 1077.998 0.019607844 -65
5 582.67523 1079.8999 0.019607844 -82
6 503.1167 1082.6823 0.019607844 -98
7 391.91238 1089.1396 0.019607844 -131
8 366.00668 1091.0366 0.019607844 -181
9 332.85748 1094.659 0.019607844 -197
10 321.7276 1097.4241 0.019607844 -230
11 306.12317 1105.6659 0.019607844 -246
12 291.38763 1153.0072 0.019607844 -279
13 287.9249 1203.4796 0.019607844 -312
14 283.2976 1249.63 0.019607844 -329
15 279.55975 1299.7714 0.019607844 -345
16 274.73764 1352.3673 0.019607844 -362
17 267.10242 1424.9937 0.019607844 -378
18 257.1367 1507.9658 0.019607844 -395
19 252.74103 1538.3734 0.021568628 -428
20 248.94939 1559.2883 0.019607844 -444
21 245.0308 1572.7788 0.019607844 -461
22 243.53537 1577.8955 0.019607844 -477
23 241.6424 1582.4435 0.019607844 -494
24 241.77614 1583.2389 0.019607844 -510
25 241.77614 1583.1754 0.01764706 -527
26 241.77614 1583.1754 0.01764706 -534
0 671.37836 1125.4138 0.019607844 0
1 671.37836 1125.4138 0.01764706 -6
2 667.8372 1123.5667 0.01764706 -31
3 655.53656 1120.8925 0.01764706 -47
4 634.18286 1117.152 0.01764706 -64
5 602.44214 1113.4202 0.01764706 -80
6 563.2911 1110.4955 0.019607844 -97
7 486.37524 1105.3708 0.019607844 -113
8 443.2893 1101.996 0.019607844 -146
9 402.4201 1102.4258 0.019607844 -163
10 377.68332 1103.3392 0.019607844 -179
11 359.74557 1105.1934 0.019607844 -196
12 337.57565 1110.2664 0.019607844 -213
13 331.92255 1113.9332 0.019607844 -246
14 323.99838 1123.4673 0.019607844 -262
15 315.64697 1171.8959 0.01764706 -279
16 310.9493 1225.2268 0.01764706 -295
17 308.85107 1278.6332 0.01764706 -312
18 306.1397 1337.1672 0.01764706 -328
19 302.3602 1392.3129 0.019607844 -345
20 295.79828 1443.8871 0.019607844 -361
21 287.7526 1488.6248 0.019607844 -378
22 275.31268 1552.2095 0.019607844 -394
23 269.20108 1576.3776 0.019607844 -427
24 265.59607 1587.5681 0.019607844 -444
25 263.76282 1594.1486 0.019607844 -460
26 261.86902 1597.0566 0.019607844 -477
27 260.75854 1598.9929 0.019607844 -493
28 260.75854 1600.1665 0.01764706 -510
29 260.75854 1600.1665 0.01764706 -520
0 747.30804 584.69543 0.019607844 0
1 745.17456 583.6283 0.019607844 0
2 737.4821 582.6965 0.019607844 -30
3 716.4208 581.018 0.019607844 -47
4 687.9538 577.969 0.019607844 -63
5 650.3787 576.69965 0.019607844 -80
6 581.20184 572.5207 0.019607844 -96
7 540.5044 570.3348 0.019607844 -129
8 510.21924 569.70325 0.019607844 -146
9 465.46805 569.70325 0.019607844 -163
10 450.5894 569.70325 0.019607844 -196
11 436.409 573.82574 0.019607844 -212
12 417.5476 601.6625 0.019607844 -244
13 405.48407 634.2344 0.019607844 -277
14 395.117 673.5315 0.019607844 -293
15 387.16132 720.12616 0.019607844 -310
16 382.66022 770.39526 0.019607844 -326
17 377.43997 821.06384 0.019607844 -343
18 376.3707 877.1253 0.019607844 -359
19 373.65402 993.3135 0.019607844 -376
20 375.65216 1054.8429 0.019607844 -409
21 376.65125 1109.7384 0.019607844 -425
22 376.65125 1128.8384 0.019607844 -458
23 376.65125 1138.1805 0.019607844 -475
24 376.65125 1143.5957 0.019607844 -492
25 376.65125 1146.9606 0.019607844 -508
26 376.65125 1147.4023 0.019607844 -525
27 375.65216 1147.4023 0.01764706 -528
0 648.39966 1102.4258 0.019607844 0
1 646.53406 1101.4926 0.01764706 -6
2 637.49506 1099.4445 0.019607844 -32
3 620.6959 1099.4274 0.019607844 -49
4 594.73755 1100.1921 0.019607844 -65
5 531.6368 1103.9734 0.019607844 -82
6 493.50528 1104.4248 0.019607844 -115
7 459.16776 1105.4242 0.019607844 -131
8 400.26758 1105.4242 0.019607844 -148
9 369.81323 1106.484 0.019607844 -181
10 351.8244 1107.4232 0.019607844 -197
11 340.08752 1107.4232 0.019607844 -214
12 332.4644 1107.4232 0.019607844 -231
13 320.85196 1110.7051 0.019607844 -247
14 316.18802 1116.111 0.019607844 -280
15 307.61237 1137.6953 0.01764706 -297
16 299.95547 1176.2213 0.01764706 -313
17 294.14392 1228.6136 0.01764706 -330
18 289.73172 1292.2178 0.01764706 -346
19 289.41376 1354.1104 0.01764706 -363
20 289.73172 1415.7592 0.01764706 -379
21 289.24542 1475.8336 0.01764706 -396
22 285.97644 1528.4469 0.019607844 -412
23 278.4116 1595.8138 0.019607844 -429
24 275.56223 1610.4397 0.019607844 -462
25 273.68674 1617.3372 0.019607844 -478
26 271.75217 1621.1519 0.019607844 -495
27 271.74838 1622.155 0.01764706 -511
28 271.74838 1622.155 0.01764706 -528
29 271.74838 1622.155 0.01764706 -537
