0 834.2276 877.5429 0.019607844 0
1 834.2276 877.5429 0.019607844 -18
2 823.23773 877.5429 0.019607844 -110
3 806.3228 878.0905 0.019607844 -110
4 765.99835 878.5424 0.019607844 -134
5 693.0893 878.5424 0.019607844 -167
6 658.11755 877.8609 0.019607844 -200
7 628.2039 876.06274 0.019607844 -216
8 602.48444 875.54395 0.019607844 -233
9 556.1814 878.48444 0.019607844 -249
10 526.4954 887.25946 0.019607844 -282
11 515.0405 895.60236 0.019607844 -315
12 485.183 948.42535 0.019607844 -332
13 458.59598 1102.4751 0.019607844 -365
14 443.86908 1314.9542 0.019607844 -398
15 436.57114 1423.849 0.019607844 -447
16 431.7672 1466.1786 0.019607844 -480
17 423.23096 1500.6613 0.019607844 -497
18 420.61053 1511.2129 0.01764706 -530
19 420.61053 1511.2129 0.01764706 -550
0 914.15356 966.4966 0.019607844 -9
1 914.15356 966.4966 0.019607844 -9
2 908.59595 966.4966 0.019607844 -34
3 874.4747 971.3617 0.019607844 -51
4 809.16016 981.3405 0.019607844 -84
5 734.62305 985.4867 0.019607844 -117
6 689.31805 981.41425 0.019607844 -150
7 652.3371 977.8003 0.019607844 -167
8 622.9324 975.8138 0.019607844 -183
9 578.91785 974.7469 0.019607844 -200
10 536.8585 985.4023 0.019607844 -233
11 508.91068 1039.1171 0.019607844 -282
12 494.678 1099.481 0.019607844 -315
13 484.5244 1174.4058 0.019607844 -332
14 477.41086 1262.0786 0.019607844 -348
15 473.7449 1325.6478 0.019607844 -365
16 470.006 1373.6517 0.019607844 -381
17 465.06094 1436.3196 0.019607844 -398
18 463.57077 1456.1576 0.019607844 -431
19 463.57077 1462.2384 0.019607844 -464
20 463.57077 1463.2379 0.01764706 -487
0 905.16187 951.5044 0.019607844 0
1 903.5838 951.5044 0.019607844 -9
2 891.6557 951.5044 0.019607844 -42
3 867.9117 953.6639 0.019607844 -59
4 831.11334 957.4648 0.019607844 -75
5 788.84937 959.86615 0.019607844 -92
6 741.47284 962.49866 0.019607844 -108
7 633.5125 958.60834 0.019607844 -125
8 584.5562 954.85895 0.019607844 -158
9 547.6163 952.84393 0.019607844 -174
10 498.0364 953.7118 0.019607844 -191
11 480.59457 957.99115 0.019607844 -224
12 468.97336 965.89185 0.019607844 -240
13 453.90265 999.54285 0.019607844 -257
14 442.5902 1127.2406 0.019607844 -273
15 446.92572 1264.2437 0.019607844 -306
16 449.5837 1373.4799 0.019607844 -339
17 448.46335 1420.5385 0.019607844 -373
18 440.74222 1484.8215 0.019607844 -389
19 437.59482 1512.147 0.019607844 -422
20 437.59482 1516.2103 0.01764706 -455
21 437.59482 1516.2103 0.01764706 -465
0 934.1351 940.51013 0.019607844 0
1 929.7946 940.51013 0.019607844 -9
2 917.8753 940.51013 0.019607844 -41
3 894.76556 942.1811 0.019607844 -58
4 824.3109 948.3986 0.019607844 -74
5 743.0312 955.52673 0.019607844 -107
6 651.3269 965.69794 0.019607844 -140
7 617.648 972.8895 0.019607844 -173
8 593.83026 973.7628 0.019607844 -190
9 575.0833 977.46515 0.019607844 -206
10 558.04285 982.63495 0.019607844 -223
11 528.2606 1016.5022 0.019607844 -239
12 502.10098 1172.6552 0.019607844 -273
13 499.69662 1253.0907 0.019607844 -306
14 499.53748 1318.2876 0.019607844 -322
15 501.5356 1426.1516 0.019607844 -339
16 501.5356 1466.8601 0.019607844 -372
17 501.5356 1495.7319 0.019607844 -388
18 499.36774 1516.8895 0.019607844 -405
19 497.5393 1521.2076 0.019607844 -438
20 497.5393 1521.2076 0.019607844 -452
0 779.27844 553.7116 0.019607844 -9
1 768.6893 553.7116 0.019607844 -18
2 744.14996 550.828 0.019607844 -44
3 708.26996 548.20703 0.019607844 -60
4 664.1803 544.8156 0.019607844 -77
5 575.52655 540.02826 0.019607844 -93
6 530.43414 538.7194 0.019607844 -126
7 446.3926 538.6575 0.019607844 -143
8 415.95447 540.6154 0.019607844 -176
9 395.8843 541.4679 0.019607844 -192
10 383.0596 545.5087 0.019607844 -209
11 362.70975 571.611 0.019607844 -225
12 354.89655 613.3297 0.019607844 -258
13 352.67346 640.6663 0.019607844 -275
14 352.67346 676.6476 0.019607844 -281
15 369.6577 927.5169 0.019607844 -332
16 376.84134 974.74255 0.019607844 -332
17 392.0179 1089.6859 0.019607844 -341
18 394.25504 1143.4653 0.019607844 -374
19 395.63367 1170.8062 0.019607844 -407
20 395.63367 1177.3867 0.019607844 -440
21 395.63367 1177.3867 0.019607844 -461
0 767.28955 522.7277 0.019607844 -10
1 765.1446 522.7277 0.019607844 -10
2 751.27203 521.7283 0.019607844 -26
3 720.87024 520.86224 0.019607844 -43
4 677.7799 519.1622 0.019607844 -59
5 632.5377 519.40454 0.019607844 -76
6 539.00494 519.3097 0.019607844 -93
7 465.21686 519.7293 0.019607844 -126
8 410.47842 524.7361 0.019607844 -159
9 393.33374 527.5508 0.019607844 -192
10 381.9541 532.069 0.019607844 -208
11 360.45862 564.6967 0.019607844 -225
12 350.65356 609.87805 0.019607844 -258
13 345.00427 666.8662 0.019607844 -274
14 346.83566 734.94836 0.019607844 -291
15 350.6951 831.31995 0.019607844 -307
16 352.5756 888.5988 0.019607844 -324
17 354.2786 973.0192 0.019607844 -340
18 354.27756 1026.0153 0.019607844 -373
19 352.67346 1049.3126 0.019607844 -406
20 352.67346 1055.4503 0.01764706 -439
21 352.67346 1055.4503 0.01764706 -462
0 927.14154 925.51794 0.019607844 -9
1 915.94745 923.6515 0.01764706 -9
2 870.68567 921.52 0.019607844 -43
3 807.5169 922.8738 0.019607844 -76
4 741.16095 926.52545 0.019607844 -109
5 661.40845 931.51373 0.019607844 -142
6 634.2663 933.3815 0.019607844 -175
7 612.3734 935.2456 0.019607844 -191
8 594.2064 938.6763 0.019607844 -208
9 578.8821 942.4046 0.019607844 -224
10 555.9608 960.02435 0.019607844 -241
11 536.4245 999.9688 0.019607844 -274
12 519.8668 1066.0023 0.019607844 -290
13 511.17725 1132.0432 0.019607844 -307
14 503.88687 1205.462 0.019607844 -323
15 499.67883 1268.4023 0.019607844 -340
16 497.018 1319.3575 0.019607844 -356
17 495.13266 1369.3268 0.019607844 -373
18 491.247 1437.1271 0.019607844 -390
19 489.38223 1452.7251 0.019607844 -423
20 487.50613 1463.4503 0.019607844 -439
21 486.5495 1469.1938 0.019607844 -456
22 486.5495 1469.2347 0.019607844 -472
23 486.5495 1471.2336 0.01764706 -472
0 897.1693 922.5195 0.019607844 -9
1 896.35876 922.5195 0.01764706 -9
2 893.51904 922.5195 0.01764706 -33
3 884.8345 919.7966 0.019607844 -49
4 865.26416 921.1584 0.019607844 -66
5 832.9835 922.0334 0.019607844 -82
6 752.712 922.5195 0.019607844 -99
7 706.8534 912.7759 0.019607844 -132
8 608.27234 893.9168 0.019607844 -148
9 574.5207 887.07666 0.019607844 -181
10 547.27057 883.88086 0.019607844 -198
11 509.62177 884.75104 0.019607844 -214
12 494.65375 888.7591 0.019607844 -247
13 477.49402 903.59326 0.019607844 -264
14 456.34128 939.9827 0.019607844 -281
15 437.5705 1006.3154 0.019607844 -297
16 426.5394 1085.0256 0.019607844 -314
17 420.65128 1158.6223 0.019607844 -330
18 415.39093 1241.7201 0.019607844 -347
19 413.00558 1281.289 0.019607844 -363
20 410.43903 1319.5697 0.019607844 -380
21 403.57355 1377.7573 0.019607844 -396
22 399.87582 1393.5359 0.019607844 -429
23 399.62997 1397.1182 0.019607844 -462
24 399.62997 1397.2722 0.01764706 -479
25 399.62997 1397.2722 0.01764706 -480
0 724.32935 567.7043 0.019607844 0
1 722.3312 567.7043 0.019607844 -9
2 683.3843 568.5778 0.019607844 -27
3 600.87213 571.26794 0.019607844 -60
4 553.342 574.7007 0.019607844 -93
5 504.59174 576.1375 0.019607844 -109
6 458.59497 574.7007 0.019607844 -126
7 373.09286 573.6811 0.019607844 -142
8 325.8184 578.0629 0.019607844 -176
9 311.11392 582.66705 0.019607844 -209
10 299.86008 590.0779 0.019607844 -225
11 288.46664 611.96924 0.019607844 -242
12 279.95126 718.3096 0.019607844 -258
13 295.3206 883.88586 0.019607844 -291
14 299.37372 941.9241 0.019607844 -324
15 301.4476 990.65186 0.019607844 -341
16 302.32965 1026.219 0.019607844 -357
17 302.7197 1071.8687 0.019607844 -374
18 302.7197 1091.3639 0.019607844 -407
19 302.7197 1097.4283 0.01764706 -440
20 302.7197 1097.4283 0.01764706 -464
0 938.13135 674.6486 0.019607844 -9
1 938.13135 674.6486 0.019607844 -9
2 930.2833 674.6486 0.019607844 -27
3 912.84 674.6486 0.019607844 -43
4 885.3736 676.36816 0.019607844 -60
5 849.0174 677.228 0.01764706 -76
6 808.8158 678.0961 0.019607844 -93
7 769.78125 679.9556 0.019607844 -110
8 729.25757 679.646 0.019607844 -126
9 688.0022 679.646 0.01764706 -143
10 628.71814 684.33636 0.019607844 -159
11 590.7764 692.8647 0.019607844 -192
12 568.1635 717.1142 0.019607844 -225
13 551.7874 772.4418 0.019607844 -258
14 543.24097 836.6124 0.019607844 -275
15 542.0149 986.63904 0.019607844 -291
16 543.49677 1109.3724 0.019607844 -324
17 543.49677 1154.3121 0.019607844 -357
18 543.49677 1188.9994 0.019607844 -374
19 542.4793 1226.6367 0.019607844 -390
20 542.4977 1247.6901 0.019607844 -407
21 542.4977 1259.4933 0.019607844 -423
22 542.4977 1266.6115 0.019607844 -440
23 542.4977 1268.3394 0.01764706 -456
24 513.52454 1252.3477 0.023529414 -467
0 727.32654 529.72406 0.019607844 -9
1 713.63605 532.3985 0.019607844 -9
2 653.5974 538.3095 0.019607844 -42
3 572.80774 546.4083 0.019607844 -75
4 492.2513 552.7708 0.019607844 -108
5 416.14075 559.4906 0.019607844 -141
6 395.9247 563.19745 0.019607844 -174
7 381.1117 566.8832 0.019607844 -191
8 370.90912 570.57654 0.019607844 -207
9 363.5472 575.5374 0.019607844 -224
10 355.9279 584.62366 0.019607844 -240
11 342.6827 687.39166 0.019607844 -257
12 348.34137 822.4721 0.019607844 -290
13 354.6073 951.47473 0.019607844 -323
14 353.67252 1003.7364 0.019607844 -356
15 352.47592 1042.4117 0.019607844 -372
16 351.76297 1102.3617 0.019607844 -389
17 347.87628 1128.4203 0.019607844 -422
18 346.85068 1134.8933 0.019607844 -455
19 346.67902 1135.4086 0.019607844 -472
20 346.67902 1135.4086 0.019607844 -473
0 683.36725 557.70953 0.019607844 -8
1 668.54456 556.71 0.019607844 -17
2 640.84924 555.6734 0.019607844 -44
3 598.5787 552.8665 0.019607844 -60
4 505.07425 547.25366 0.019607844 -77
5 459.46353 542.3749 0.019607844 -110
6 380.8837 533.8456 0.019607844 -126
7 351.59265 530.3836 0.019607844 -159
8 310.4771 532.7814 0.019607844 -176
9 291.9765 540.0953 0.019607844 -209
10 274.98178 578.98914 0.019607844 -242
11 268.3055 631.3476 0.019607844 -275
12 268.75116 717.70087 0.019607844 -291
13 266.75302 780.86804 0.019607844 -308
14 266.73886 847.00574 0.019607844 -325
15 266.6241 904.2713 0.019607844 -341
16 266.5402 958.6837 0.019607844 -358
17 264.3852 1000.494 0.019607844 -374
18 264.75485 1041.6637 0.019607844 -391
19 263.2718 1068.7722 0.019607844 -407
20 260.75854 1105.9319 0.019607844 -424
21 260.75854 1115.6261 0.019607844 -457
22 261.75763 1119.6024 0.019607844 -473
23 261.75763 1119.417 0.01764706 -490
24 261.75763 1119.417 0.01764706 -497
0 749.3062 559.7085 0.019607844 0
1 749.3062 559.7085 0.019607844 -8
2 743.2938 559.7085 0.019607844 -35
3 729.14496 561.5253 0.019607844 -52
4 703.1815 563.467 0.019607844 -68
5 666.2168 565.3494 0.019607844 -85
6 622.4518 566.70483 0.019607844 -101
7 578.39813 568.1417 0.019607844 -118
8 532.2953 567.376 0.019607844 -134
9 432.41025 558.691 0.019607844 -151
10 401.21112 555.9083 0.019607844 -184
11 359.62796 554.71106 0.019607844 -200
12 344.717 556.0809 0.019607844 -233
13 336.07907 557.8314 0.019607844 -250
14 328.83524 563.6016 0.019607844 -265
15 320.6732 575.95386 0.019607844 -282
16 306.2165 639.6668 0.019607844 -298
17 302.73422 684.4836 0.019607844 -331
18 303.71878 736.6752 0.019607844 -348
19 305.9454 808.49884 0.019607844 -364
20 314.28354 910.43536 0.019607844 -381
21 319.64502 970.9484 0.019607844 -397
22 325.2467 1024.8491 0.019607844 -414
23 330.06638 1070.2091 0.019607844 -430
24 333.40192 1108.7922 0.019607844 -447
25 333.69104 1131.5287 0.019607844 -463
26 336.2085 1152.0781 0.019607844 -480
27 338.14832 1164.7004 0.019607844 -496
28 338.6864 1170.3904 0.019607844 -513
29 338.6864 1170.3904 0.019607844 -526
0 950.12024 942.5091 0.019607844 -52
1 920.7125 943.13776 0.019607844 -52
2 888.59894 944.50806 0.019607844 -74
3 818.0926 942.3517 0.019607844 -90
4 775.5595 938.93866 0.019607844 -123
5 741.2376 934.17163 0.019607844 -140
6 675.3006 928.7113 0.019607844 -156
7 652.34546 928.51636 0.019607844 -189
8 627.14276 931.4255 0.019607844 -206
9 607.8883 946.2389 0.019607844 -239
10 595.23 977.1477 0.019607844 -272
11 590.4533 998.4799 0.019607844 -288
12 584.45886 1057.4492 0.01764706 -296
13 580.4625 1269.3389 0.019607844 -355
14 580.4625 1329.5471 0.019607844 -355
15 578.60846 1378.8213 0.019607844 -371
16 576.09827 1419.6278 0.019607844 -388
17 573.12476 1454.9985 0.019607844 -404
18 569.898 1482.4171 0.019607844 -421
19 567.0113 1501.4639 0.019607844 -437
20 563.13727 1517.2339 0.01764706 -454
21 563.13727 1517.2339 0.01764706 -487
0 1005.0694 599.6876 0.019607844 -60
1 992.63104 599.6876 0.019607844 -60
2 943.2766 602.0305 0.019607844 -74
3 822.5524 609.68243 0.01764706 -107
4 785.1388 610.5887 0.01764706 -156
5 754.1225 610.90656 0.01764706 -173
6 697.93933 610.1888 0.01764706 -189
7 659.3334 609.68243 0.01764706 -222
8 630.70624 626.34204 0.019607844 -255
9 606.22754 687.6973 0.019607844 -288
10 599.9174 736.95526 0.019607844 -321
11 596.6992 788.6919 0.019607844 -338
12 597.44684 842.665 0.019607844 -354
13 597.44684 898.1228 0.019607844 -371
14 596.53876 1002.11206 0.019607844 -387
15 592.7927 1056.375 0.019607844 -421
16 592.4514 1073.0796 0.01764706 -454
17 592.4514 1082.4664 0.01764706 -470
18 591.4524 1087.4336 0.01764706 -487
19 591.4524 1087.4336 0.01764706 -499
0 675.37463 938.51117 0.019607844 -104
1 639.8096 937.5117 0.019607844 -104
2 554.22314 937.5117 0.019607844 -121
3 514.88556 939.2811 0.019607844 -154
4 484.30377 941.74255 0.019607844 -171
5 437.54523 948.76825 0.019607844 -187
6 416.43988 954.85504 0.019607844 -220
7 396.0031 964.3128 0.019607844 -237
8 368.77808 983.978 0.019607844 -253
9 352.2002 1013.6563 0.01764706 -286
10 338.55145 1054.3038 0.01764706 -303
11 327.72086 1106.3265 0.01764706 -319
12 327.72086 1106.3265 0.01764706 -336
13 313.70953 1289.3285 0.01764706 -376
14 313.70953 1291.3274 0.01764706 -376
15 314.69995 1321.1123 0.01764706 -385
16 314.70862 1368.1527 0.019607844 -402
17 313.70953 1397.3726 0.019607844 -418
18 312.0441 1417.931 0.019607844 -435
19 311.71136 1433.3021 0.019607844 -451
20 311.71136 1443.2064 0.01764706 -468
21 309.71323 1456.2415 0.019607844 -484
22 309.71323 1456.2415 0.019607844 -506
0 960.111 866.54865 0.019607844 -61
1 939.9767 866.1641 0.019607844 -61
2 914.823 869.5883 0.019607844 -84
3 883.8241 873.3626 0.019607844 -101
4 847.3472 875.8372 0.019607844 -117
5 804.8671 876.09595 0.019607844 -134
6 710.5461 863.10144 0.019607844 -150
7 671.44824 854.5724 0.019607844 -183
8 639.98535 845.95386 0.019607844 -200
9 611.5101 839.0793 0.019607844 -216
10 590.04224 834.9449 0.019607844 -233
11 575.05206 834.5653 0.019607844 -249
12 562.64703 835.54083 0.019607844 -266
13 545.37573 852.7944 0.019607844 -282
14 537.45496 886.1076 0.019607844 -315
15 536.50323 942.60333 0.019607844 -332
16 542.2883 1008.9603 0.019607844 -348
17 550.343 1082.8961 0.01764706 -365
18 567.54315 1216.9158 0.019607844 -381
19 572.2461 1278.6454 0.019607844 -414
20 572.4699 1307.6895 0.01764706 -447
21 571.4709 1320.5197 0.019607844 -464
22 570.4718 1333.2826 0.01764706 -480
23 570.4718 1334.305 0.01764706 -513
24 570.4718 1336.304 0.01764706 -518
0 954.1166 643.66473 0.019607844 0
1 950.6295 642.50195 0.019607844 -7
2 933.41327 639.5946 0.019607844 -26
3 900.4253 630.726 0.01764706 -42
4 862.33014 626.065 0.01764706 -59
5 820.8984 622.0995 0.01764706 -75
6 779.5541 619.67725 0.01764706 -92
7 741.3853 618.11005 0.01764706 -108
8 708.4633 617.6783 0.01764706 -125
9 680.5027 617.6783 0.01764706 -141
10 653.3253 617.6783 0.019607844 -158
11 633.691 618.74335 0.01764706 -174
12 612.42206 624.405 0.019607844 -191
13 583.0812 640.4198 0.01764706 -207
14 568.3654 664.4112 0.019607844 -240
15 557.4838 697.63666 0.019607844 -257
16 552.48846 722.6236 0.019607844 -270
17 542.4977 854.5549 0.019607844 -312
18 541.19824 898.7522 0.019607844 -312
19 539.2727 966.2852 0.019607844 -323
20 537.4882 1004.6887 0.01764706 -339
21 534.71576 1038.8774 0.019607844 -356
22 531.00256 1058.2247 0.019607844 -372
23 527.86456 1069.6761 0.019607844 -389
24 525.9879 1077.0142 0.019607844 -405
25 524.102 1081.2623 0.019607844 -422
26 521.5171 1084.4352 0.01764706 -438
27 520.51807 1084.4352 0.01764706 -460
0 760.296 535.72095 0.019607844 -5
1 756.4399 533.79205 0.019607844 -15
2 742.5979 529.7875 0.019607844 -40
3 715.0362 525.0449 0.019607844 -57
4 677.3926 522.7277 0.019607844 -73
5 639.24097 523.4357 0.019607844 -90
6 596.6553 523.367 0.019607844 -106
7 557.36536 526.78455 0.019607844 -123
8 522.0915 527.72516 0.019607844 -139
9 490.19922 531.723 0.019607844 -156
10 459.96304 532.8299 0.019607844 -172
11 405.18277 544.06976 0.019607844 -189
12 387.7088 548.56384 0.019607844 -222
13 356.4413 573.28876 0.019607844 -238
14 338.08014 605.6375 0.019607844 -271
15 323.28253 646.9174 0.019607844 -288
16 314.43988 734.2938 0.019607844 -304
17 311.72333 795.1673 0.019607844 -321
18 309.82565 842.8605 0.019607844 -337
19 308.24454 922.8606 0.019607844 -354
20 306.1912 954.2811 0.019607844 -387
21 304.29602 972.29376 0.019607844 -403
22 303.71878 981.95264 0.019607844 -420
23 302.7197 988.2106 0.019607844 -436
24 302.7197 990.4841 0.01764706 -453
25 302.7197 990.4841 0.01764706 -459
0 720.333 522.7277 0.019607844 -16
1 715.57666 522.7277 0.019607844 -16
2 697.6884 519.6554 0.019607844 -33
3 671.65356 519.7293 0.019607844 -50
4 635.6889 520.60895 0.019607844 -66
5 562.97864 522.228 0.019607844 -83
6 523.6745 523.70953 0.019607844 -114
7 457.85785 525.7262 0.019607844 -132
8 431.86447 527.9205 0.019607844 -165
9 393.67813 527.72516 0.019607844 -182
10 384.23694 529.3261 0.019607844 -214
11 378.34634 531.1578 0.019607844 -230
12 374.059 533.0197 0.019607844 -247
13 368.1695 543.6961 0.019607844 -263
14 362.30905 569.4808 0.019607844 -280
15 362.30905 569.4808 0.019607844 -296
16 356.66974 824.5705 0.019607844 -363
17 356.66974 883.3715 0.019607844 -363
18 354.81213 928.28125 0.019607844 -379
19 352.11533 969.08154 0.019607844 -395
20 345.93863 1016.4349 0.019607844 -412
21 339.34616 1036.4791 0.019607844 -445
22 337.3609 1039.7852 0.01764706 -478
23 337.3609 1039.7852 0.01764706 -494
0 727.32654 512.7329 0.019607844 0
1 725.75867 512.7329 0.019607844 0
2 715.4579 515.20154 0.019607844 -40
3 694.4058 518.5648 0.019607844 -57
4 662.3192 523.6817 0.019607844 -73
5 626.34546 530.2132 0.019607844 -90
6 584.51575 533.9572 0.019607844 -106
7 504.63547 541.38556 0.019607844 -123
8 469.86627 542.71735 0.019607844 -156
9 425.136 545.1631 0.019607844 -172
10 409.2264 547.0144 0.019607844 -205
11 397.27942 547.7147 0.019607844 -222
12 388.84625 549.6621 0.019607844 -238
13 374.2609 569.84534 0.019607844 -255
14 365.32172 605.72455 0.019607844 -288
15 359.73947 658.56854 0.019607844 -304
16 357.28726 718.8465 0.019607844 -321
17 356.66974 782.3259 0.019607844 -337
18 355.5636 838.886 0.019607844 -354
19 352.617 889.2715 0.019607844 -370
20 347.86472 939.5489 0.019607844 -387
21 343.29388 967.84503 0.019607844 -403
22 339.28827 986.0767 0.019607844 -420
23 333.20956 1006.9213 0.019607844 -436
24 331.2585 1011.3428 0.019607844 -469
25 330.69382 1012.47266 0.019607844 -486
26 330.69382 1012.47266 0.019607844 -491
0 711.3414 545.71576 0.019607844 -7
1 711.3414 545.71576 0.019607844 -16
2 701.7328 545.71576 0.019607844 -34
3 681.49884 545.70575 0.019607844 -51
4 647.2861 545.71576 0.019607844 -67
5 605.2168 548.5344 0.019607844 -84
6 523.7059 554.8488 0.019607844 -101
7 484.86053 557.19257 0.019607844 -134
8 453.9432 559.0611 0.019607844 -150
9 417.92856 562.91327 0.019607844 -167
10 382.42496 568.4813 0.019607844 -183
11 372.46164 572.2987 0.019607844 -217
12 364.96936 578.3914 0.019607844 -233
13 346.17947 618.17804 0.019607844 -250
14 342.6827 674.6486 0.019607844 -283
15 342.6827 707.6314 0.019607844 -296
16 343.68176 799.58356 0.019607844 -330
17 344.9247 861.89716 0.019607844 -330
18 343.52625 904.7974 0.019607844 -349
19 343.63318 938.3381 0.019607844 -366
20 340.8022 963.7327 0.019607844 -382
21 337.97684 982.18445 0.019607844 -399
22 334.95255 994.16876 0.019607844 -415
23 333.04956 1002.0464 0.019607844 -432
24 331.69287 1007.7175 0.019607844 -449
25 331.69287 1008.47473 0.019607844 -465
26 331.69287 1008.47473 0.019607844 -469
0 900.1665 665.65326 0.019607844 0
1 880.8735 661.62085 0.019607844 -6
2 852.3427 657.50433 0.019607844 -41
3 818.4801 655.72723 0.019607844 -58
4 776.81964 653.65955 0.019607844 -74
5 706.0581 651.6606 0.019607844 -91
6 646.72565 651.7894 0.019607844 -124
7 624.5493 654.1815 0.019607844 -157
8 592.5598 658.63885 0.019607844 -174
9 584.1392 661.31555 0.019607844 -207
10 567.4095 678.7768 0.019607844 -224
11 557.8879 704.41956 0.019607844 -257
12 548.1543 758.71844 0.01764706 -273
13 538.3373 900.324 0.019607844 -290
14 535.18604 963.4335 0.019607844 -323
15 533.4599 1003.21643 0.01764706 -339
16 522.7611 1080.0442 0.01764706 -356
17 518.9591 1109.7844 0.01764706 -389
18 515.13605 1126.2678 0.019607844 -406
19 511.911 1135.8684 0.019607844 -422
20 508.52914 1144.4039 0.01764706 -439
21 503.53375 1184.383 0.021568628 -467
0 914.15356 902.5299 0.019607844 0
1 912.1554 901.53046 0.01764706 -6
2 907.16003 899.5315 0.01764706 -14
3 707.34503 847.55853 0.01764706 -114
4 685.9134 843.1548 0.01764706 -114
5 637.5559 838.56323 0.019607844 -124
6 618.402 839.3434 0.019607844 -157
7 605.83 842.3658 0.019607844 -174
8 595.4038 846.3771 0.019607844 -191
9 572.0958 873.16925 0.019607844 -207
10 547.2738 969.81165 0.019607844 -240
11 531.50793 1085.4346 0.019607844 -273
12 525.0139 1145.9031 0.019607844 -306
13 515.81616 1204.8896 0.019607844 -322
14 505.99704 1272.5437 0.019607844 -340
15 497.89618 1314.2081 0.019607844 -356
16 491.50912 1341.4683 0.019607844 -373
17 484.80795 1370.3444 0.019607844 -389
18 478.9486 1390.0997 0.019607844 -406
19 475.07108 1398.7605 0.019607844 -439
20 474.5606 1400.2706 0.01764706 -472
21 474.5606 1400.2706 0.01764706 -484
0 957.1138 871.546 0.019607844 -8
1 948.4567 871.546 0.01764706 -8
2 930.63257 873.09174 0.019607844 -50
3 901.2169 876.83136 0.019607844 -66
4 866.6975 882.04065 0.019607844 -83
5 784.2403 901.36096 0.019607844 -99
6 737.0182 911.98486 0.019607844 -132
7 703.8422 918.24164 0.019607844 -149
8 677.1436 922.9806 0.019607844 -165
9 637.369 928.82025 0.019607844 -182
10 625.31537 931.69904 0.019607844 -215
11 605.682 938.7653 0.019607844 -231
12 586.2836 967.90076 0.019607844 -264
13 576.395 1007.9029 0.019607844 -297
14 571.6586 1060.2222 0.019607844 -314
15 570.17975 1117.7719 0.019607844 -330
16 570.4718 1179.949 0.019607844 -347
17 570.4718 1256.6332 0.019607844 -363
18 568.5028 1305.7947 0.019607844 -380
19 564.90076 1366.2029 0.019607844 -397
20 562.86145 1384.6006 0.019607844 -430
21 560.94714 1396.4734 0.019607844 -446
22 559.02704 1406.5441 0.019607844 -463
23 557.0685 1412.5114 0.019607844 -479
24 557.4838 1416.603 0.019607844 -496
25 557.4838 1417.2618 0.01764706 -512
26 557.4838 1417.2618 0.01764706 -517
0 666.383 518.7298 0.019607844 -8
1 648.0485 518.7298 0.019607844 -8
2 618.40717 521.7305 0.019607844 -25
3 582.0849 524.4353 0.019607844 -41
4 547.461 530.78125 0.019607844 -58
5 517.1799 535.8062 0.019607844 -74
6 464.7666 546.9159 0.019607844 -91
7 440.36783 554.7926 0.019607844 -124
8 423.7485 561.7559 0.019607844 -141
9 408.98898 566.8628 0.019607844 -156
10 395.57465 570.57684 0.019607844 -172
11 386.29236 574.2409 0.019607844 -189
12 380.24307 577.9689 0.019607844 -206
13 373.79724 582.589 0.019607844 -222
14 366.43442 593.337 0.019607844 -239
15 351.75793 637.85406 0.019607844 -255
16 343.68176 724.52856 0.019607844 -288
17 343.68176 782.27716 0.019607844 -321
18 347.6521 874.5569 0.019607844 -338
19 350.51456 935.364 0.019607844 -354
20 352.67346 986.35803 0.019607844 -371
21 354.2803 1030.2386 0.019607844 -387
22 354.18063 1062.3267 0.019607844 -404
23 352.29688 1087.3337 0.019607844 -420
24 351.4159 1102.4955 0.019607844 -436
25 349.48615 1111.1824 0.019607844 -453
26 348.67715 1115.6017 0.019607844 -469
27 348.67715 1119.417 0.019607844 -486
28 348.67715 1120.4164 0.01764706 -502
0 962.1092 898.532 0.019607844 0
1 960.4148 898.532 0.019607844 -8
2 951.64624 898.532 0.019607844 -32
3 934.01556 898.532 0.019607844 -49
4 905.0901 899.09125 0.019607844 -65
5 869.02295 900.9931 0.019607844 -82
6 787.8531 905.5283 0.019607844 -98
7 678.9397 911.64594 0.019607844 -131
8 651.7421 915.733 0.019607844 -181
9 620.8202 919.75024 0.019607844 -197
10 611.4551 919.52106 0.019607844 -230
11 596.854 924.4635 0.019607844 -246
12 576.7808 964.2105 0.019607844 -279
13 570.2593 1013.9613 0.019607844 -312
14 566.03577 1063.3871 0.019607844 -329
15 564.3868 1116.139 0.019607844 -345
16 562.47656 1171.4722 0.019607844 -362
17 559.5984 1248.9688 0.019607844 -378
18 553.4041 1332.599 0.019607844 -395
19 549.4663 1367.4375 0.019607844 -428
20 545.6747 1385.9686 0.019607844 -444
21 544.12506 1397.4991 0.019607844 -461
22 542.2588 1403.9861 0.019607844 -477
23 540.3658 1408.534 0.019607844 -494
24 539.5005 1411.3284 0.019607844 -510
25 538.5014 1412.2644 0.01764706 -527
26 539.5005 1384.2789 0.023529414 -534
0 723.33026 599.6876 0.019607844 0
1 723.33026 599.6876 0.019607844 -6
2 723.33026 599.6876 0.019607844 -31
3 718.5256 600.4491 0.019607844 -47
4 701.75336 601.6866 0.019607844 -64
5 674.8751 603.18585 0.019607844 -80
6 634.76184 601.6866 0.019607844 -97
7 558.3086 598.6348 0.019607844 -113
8 515.65234 596.6892 0.019607844 -146
9 470.35718 591.6248 0.019607844 -163
10 447.53253 591.69183 0.019607844 -179
11 429.68082 592.6913 0.019607844 -196
12 407.5109 596.11194 0.019607844 -213
13 401.8578 597.94525 0.019607844 -246
14 396.10703 604.3868 0.019607844 -262
15 385.54175 641.0509 0.019607844 -279
16 381.72565 694.42426 0.019607844 -295
17 381.5097 751.4966 0.019607844 -312
18 382.4343 811.22955 0.019607844 -328
19 380.28802 866.90656 0.019607844 -345
20 379.06345 922.1588 0.019607844 -361
21 378.15463 971.3798 0.019607844 -378
22 373.36603 1031.3365 0.019607844 -394
23 369.2916 1053.4668 0.019607844 -427
24 366.58157 1066.9183 0.019607844 -444
25 364.66937 1074.4124 0.019607844 -460
26 362.7756 1079.2148 0.019607844 -477
27 362.6642 1083.0873 0.019607844 -493
28 362.6642 1085.4347 0.019607844 -510
29 362.6642 1085.4347 0.01764706 -520
0 965.1064 705.63245 0.019607844 0
1 965.1064 705.63245 0.019607844 0
2 957.3115 703.6994 0.01764706 -30
3 939.73303 699.27704 0.019607844 -47
4 909.28894 692.44946 0.01764706 -63
5 874.72235 688.4171 0.01764706 -80
6 805.81274 683.4629 0.01764706 -96
7 768.39795 682.6444 0.019607844 -129
8 734.85736 681.49115 0.019607844 -146
9 694.3864 679.646 0.019607844 -163
10 682.04065 679.646 0.01764706 -196
11 662.0132 684.8302 0.019607844 -212
12 637.8107 714.1368 0.01764706 -244
13 624.28143 748.175 0.01764706 -277
14 614.6172 793.0624 0.019607844 -293
15 607.5773 845.54095 0.019607844 -310
16 603.45575 899.8061 0.019607844 -326
17 599.63776 944.9817 0.01764706 -343
18 595.88666 1002.65576 0.01764706 -359
19 592.4514 1135.951 0.019607844 -376
20 592.4514 1187.6593 0.01764706 -409
21 591.4524 1250.2319 0.01764706 -425
22 591.4524 1265.217 0.01764706 -458
23 591.4524 1272.4174 0.01764706 -475
24 591.4524 1277.5259 0.01764706 -492
25 589.8958 1280.8909 0.01764706 -508
26 589.4542 1281.3326 0.01764706 -525
27 588.45514 1282.332 0.01764706 -528
0 920.148 925.51794 0.019607844 0
1 919.2152 925.51794 0.01764706 -6
2 913.22266 924.53546 0.01764706 -32
3 896.5675 924.51843 0.01764706 -49
4 873.47943 924.51843 0.01764706 -65
5 808.8318 925.0665 0.01764706 -82
6 772.251 925.51794 0.01764706 -115
7 735.50037 925.51794 0.019607844 -131
8 675.64923 925.51794 0.019607844 -148
9 646.61725 925.51794 0.019607844 -181
10 629.56726 925.51794 0.019607844 -197
11 617.1115 925.51794 0.019607844 -214
12 609.2081 925.51794 0.019607844 -231
13 597.5957 925.51794 0.019607844 -247
14 592.93176 928.8623 0.019607844 -280
15 583.33655 944.7547 0.019607844 -297
16 571.8204 985.0294 0.019607844 -313
17 564.89325 1039.8794 0.019607844 -330
18 561.68353 1099.5037 0.019607844 -346
19 561.4801 1160.9379 0.019607844 -363
20 561.4801 1226.4017 0.019607844 -379
21 561.4801 1289.9304 0.019607844 -396
22 561.4801 1343.9225 0.019607844 -412
23 559.3168 1412.9092 0.019607844 -429
24 557.30133 1439.0769 0.019607844 -462
25 555.4259 1448.5448 0.019607844 -478
26 553.4913 1454.2312 0.019607844 -495
27 551.5442 1458.1309 0.019607844 -511
28 550.4903 1459.24 0.019607844 -528
29 549.4912 1460.2394 0.01764706 -537
