0 718.3349 442.76938 0.019607844 0
1 718.3349 442.76938 0.019607844 -18
2 698.3534 440.77042 0.019607844 -110
3 679.44025 442.31747 0.021568628 -110
4 634.76715 446.94354 0.019607844 -134
5 563.032 451.40955 0.019607844 -167
6 526.2397 451.7647 0.019607844 -200
7 494.40396 451.284 0.019607844 -216
8 466.89267 450.76523 0.019607844 -233
9 422.3633 455.5886 0.019607844 -249
10 393.19272 469.05118 0.019607844 -282
11 383.576 476.40692 0.019607844 -315
12 357.34735 532.6878 0.019607844 -332
13 341.68362 686.18164 0.019607844 -365
14 338.44666 898.7312 0.019607844 -398
15 336.68826 1008.11475 0.019607844 -447
16 332.8032 1052.5055 0.019607844 -480
17 325.32162 1084.8778 0.019607844 -497
18 322.7012 1093.4304 0.01764706 -530
19 322.7012 1093.4304 0.01764706 -550
0 749.3062 564.7059 0.019607844 -9
1 749.3062 564.7059 0.019607844 -9
2 744.6385 565.59607 0.019607844 -34
3 710.24927 572.5694 0.019607844 -51
4 644.3128 583.97327 0.019607844 -84
5 565.50995 589.82764 0.019607844 -117
6 516.36633 589.6929 0.019607844 -150
7 476.96393 588.00336 0.021568628 -167
8 445.41885 586.6944 0.019607844 -183
9 399.08435 583.696 0.019607844 -200
10 360.02225 598.5193 0.019607844 -233
11 339.67545 662.911 0.019607844 -282
12 334.15802 729.0053 0.019607844 -315
13 331.69287 796.60254 0.019607844 -332
14 335.77737 894.35846 0.019607844 -348
15 335.59747 957.38074 0.019607844 -365
16 336.46786 1003.96185 0.019607844 -381
17 335.18118 1062.023 0.019607844 -398
18 333.69104 1083.3517 0.019607844 -431
19 333.69104 1090.432 0.019607844 -464
20 333.69104 1091.4315 0.01764706 -487
0 735.31915 566.70483 0.019607844 0
1 733.741 565.9154 0.019607844 -9
2 721.08936 565.7053 0.019607844 -42
3 697.64966 568.44476 0.019607844 -59
4 659.7902 573.1468 0.019607844 -75
5 618.37335 578.7968 0.019607844 -92
6 569.40753 581.697 0.019607844 -108
7 458.6206 578.7524 0.019607844 -125
8 408.54102 574.8787 0.019607844 -158
9 371.4598 573.3817 0.019607844 -174
10 323.40665 574.9091 0.019607844 -191
11 305.75647 580.43286 0.019607844 -224
12 295.13434 588.0886 0.019607844 -240
13 281.03043 625.673 0.019607844 -257
14 285.4352 756.9999 0.019607844 -273
15 299.0812 892.1165 0.019607844 -306
16 307.88312 1006.17566 0.019607844 -339
17 308.83545 1050.367 0.019607844 -373
18 305.8671 1108.6188 0.019607844 -389
19 303.71878 1137.076 0.019607844 -422
20 302.7197 1142.405 0.01764706 -455
21 302.7197 1142.405 0.01764706 -465
0 769.2877 567.7043 0.019607844 0
1 762.38666 566.70483 0.019607844 -9
2 748.248 567.4888 0.019607844 -41
3 724.25165 570.37476 0.019607844 -58
4 652.0242 578.59125 0.019607844 -74
5 571.1781 589.7295 0.019607844 -107
6 479.48596 595.68976 0.019607844 -140
7 444.80804 597.48755 0.019607844 -173
8 420.99026 600.957 0.019607844 -190
9 402.24335 604.6593 0.019607844 -206
10 386.5839 609.8292 0.019607844 -223
11 359.417 649.31854 0.019607844 -239
12 345.49146 801.6597 0.019607844 -273
13 348.35886 879.17035 0.019607844 -306
14 353.1714 948.72766 0.019607844 -322
15 362.1594 1059.8372 0.019607844 -339
16 363.66327 1095.6945 0.019607844 -372
17 364.66235 1124.0958 0.019607844 -388
18 364.66235 1151.2498 0.019607844 -405
19 364.66235 1157.3972 0.019607844 -438
20 364.66235 1157.3972 0.019607844 -452
0 956.1147 926.5174 0.019607844 -9
1 944.5836 926.5174 0.019607844 -18
2 918.9881 925.51794 0.019607844 -44
3 883.1081 924.51843 0.019607844 -60
4 842.64856 920.52057 0.019607844 -77
5 754.36096 907.14655 0.019607844 -93
6 710.6902 903.10675 0.019607844 -126
7 629.1614 898.532 0.019607844 -143
8 597.8891 900.428 0.019607844 -176
9 577.71594 906.7774 0.019607844 -192
10 564.89124 911.3182 0.019607844 -209
11 540.8933 940.0707 0.019607844 -225
12 528.15497 989.68335 0.019607844 -258
13 526.5125 1015.47107 0.01764706 -275
14 524.51434 1054.4508 0.01764706 -281
15 533.50604 1309.318 0.019607844 -332
16 534.5322 1351.4104 0.019607844 -332
17 539.2943 1455.1147 0.019607844 -341
18 539.5005 1510.7937 0.019607844 -374
19 539.5005 1531.6182 0.019607844 -407
20 538.5014 1538.1989 0.01764706 -440
21 538.5014 1538.1989 0.01764706 -461
0 943.1267 884.5393 0.019607844 -10
1 939.90936 884.5393 0.01764706 -10
2 924.1084 885.54236 0.01764706 -26
3 894.4424 885.53876 0.01764706 -43
4 853.96783 885.53876 0.01764706 -59
5 807.7005 885.53876 0.01764706 -76
6 717.25977 885.53876 0.019607844 -93
7 647.04846 885.53876 0.019607844 -126
8 592.31946 890.555 0.019607844 -159
9 573.2544 897.09656 0.019607844 -192
10 559.7894 903.87537 0.019607844 -208
11 538.5578 928.7712 0.019607844 -225
12 524.4709 973.3699 0.019607844 -258
13 515.62085 1034.1257 0.019607844 -274
14 511.21304 1109.8507 0.019607844 -291
15 508.50934 1197.0502 0.019607844 -307
16 505.6298 1254.7019 0.019607844 -324
17 501.32254 1342.2866 0.019607844 -340
18 497.14526 1389.4315 0.019607844 -373
19 494.54208 1409.1252 0.019607844 -406
20 494.54208 1414.2634 0.01764706 -439
21 494.54208 1414.2634 0.01764706 -462
0 751.3043 558.709 0.019607844 -9
1 740.97687 555.8431 0.019607844 -9
2 695.8476 551.71265 0.019607844 -43
3 631.97046 554.0659 0.019607844 -76
4 564.3247 559.72455 0.019607844 -109
5 480.57587 564.7048 0.019607844 -142
6 455.29962 566.5725 0.019607844 -175
7 433.53897 570.1684 0.019607844 -191
8 415.78903 573.284 0.019607844 -208
9 400.04767 575.1482 0.019607844 -224
10 380.1236 590.47095 0.019607844 -241
11 364.91525 635.3247 0.019607844 -274
12 356.8685 694.947 0.019607844 -290
13 352.99844 761.4231 0.019607844 -307
14 352.67346 830.3642 0.019607844 -323
15 354.29144 895.35767 0.019607844 -340
16 355.6707 953.1137 0.019607844 -356
17 357.07825 1001.70056 0.019607844 -373
18 355.6707 1069.6167 0.019607844 -390
19 355.6707 1089.0791 0.019607844 -423
20 354.62912 1099.6398 0.019607844 -439
21 354.6716 1106.3828 0.019607844 -456
22 354.6716 1106.4237 0.019607844 -472
23 386.642 1144.4039 0.023529414 -472
0 724.32935 536.72046 0.019607844 -9
1 724.32935 536.72046 0.019607844 -9
2 722.67725 536.72046 0.019607844 -33
3 713.269 538.4439 0.019607844 -49
4 692.4242 540.99457 0.019607844 -66
5 659.6304 543.7168 0.019607844 -82
6 577.87384 545.71576 0.019607844 -99
7 528.64404 542.3432 0.019607844 -132
8 424.519 526.1849 0.019607844 -148
9 388.6927 520.2677 0.019607844 -181
10 361.44263 517.41296 0.019607844 -198
11 327.0027 516.9425 0.019607844 -214
12 315.0421 523.17163 0.019607844 -247
13 296.65506 543.8189 0.019607844 -264
14 278.21222 577.75934 0.019607844 -281
15 264.1666 650.243 0.019607844 -297
16 259.1469 724.98694 0.019607844 -314
17 260.75854 804.44934 0.019607844 -330
18 262.1654 875.462 0.019607844 -347
19 263.7558 930.0838 0.019607844 -363
20 264.93564 967.83875 0.019607844 -380
21 259.65402 1019.9438 0.019607844 -396
22 256.00903 1036.7217 0.019607844 -429
23 254.91809 1042.1489 0.019607844 -462
24 254.76411 1042.457 0.01764706 -479
25 254.76411 1042.457 0.01764706 -480
0 902.1647 931.51483 0.019607844 0
1 899.1674 931.51483 0.019607844 -9
2 853.47894 933.3878 0.019607844 -27
3 773.7121 938.0769 0.019607844 -60
4 724.6692 940.99567 0.019607844 -93
5 674.99634 942.94653 0.019607844 -109
6 632.43396 942.5091 0.019607844 -126
7 549.96924 940.51013 0.019607844 -142
8 500.6565 944.0843 0.019607844 -176
9 484.29672 949.476 0.019607844 -209
10 471.701 958.3631 0.019607844 -225
11 458.93112 976.6461 0.019607844 -242
12 441.38083 1091.2206 0.019607844 -258
13 444.48694 1261.892 0.019607844 -291
14 445.58743 1318.6006 0.019607844 -324
15 445.58743 1366.6423 0.019607844 -341
16 443.9793 1397.4159 0.019607844 -357
17 441.22253 1445.1986 0.019607844 -374
18 440.59204 1459.939 0.019607844 -407
19 440.59204 1463.2379 0.01764706 -440
20 444.58835 1440.2499 0.023529414 -464
0 897.1693 903.5294 0.019607844 -9
1 897.1693 903.5294 0.019607844 -9
2 888.3511 903.5294 0.019607844 -27
3 870.0328 903.5294 0.019607844 -43
4 839.255 903.5294 0.019607844 -60
5 803.05994 905.1093 0.019607844 -76
6 764.8565 905.9774 0.019607844 -93
7 724.51337 906.52783 0.019607844 -110
8 687.66583 907.71204 0.019607844 -126
9 645.0553 908.5268 0.019607844 -143
10 584.8373 914.9091 0.019607844 -159
11 551.22156 923.7443 0.019607844 -192
12 527.2015 947.94965 0.019607844 -225
13 508.82715 1000.39764 0.019607844 -258
14 497.28354 1068.1199 0.01764706 -275
15 489.51328 1211.9714 0.019607844 -291
16 486.23013 1324.3014 0.019607844 -324
17 484.34033 1367.1453 0.019607844 -357
18 483.55228 1400.064 0.019607844 -374
19 482.5532 1434.4917 0.019607844 -390
20 481.5541 1451.6571 0.019607844 -407
21 481.5541 1462.3877 0.019607844 -423
22 481.5541 1469.5059 0.019607844 -440
23 481.5541 1472.2332 0.019607844 -456
24 481.5541 1474.2322 0.01764706 -467
0 893.173 902.5299 0.019607844 -9
1 876.6472 906.0418 0.019607844 -9
2 816.4466 916.29236 0.019607844 -42
3 735.04346 921.86633 0.019607844 -75
4 658.2739 925.57666 0.019607844 -108
5 585.87463 930.2974 0.019607844 -141
6 566.0218 934.00433 0.019607844 -174
7 549.77704 937.69006 0.019607844 -191
8 538.3172 941.3834 0.019607844 -207
9 529.11487 946.3442 0.019607844 -224
10 519.59076 956.43 0.019607844 -240
11 497.90012 1059.0176 0.019607844 -257
12 492.87973 1208.2463 0.019607844 -290
13 489.0793 1327.472 0.019607844 -323
14 486.18344 1377.2443 0.019607844 -356
15 485.5504 1422.5979 0.019607844 -372
16 479.82175 1473.9021 0.019607844 -389
17 476.55875 1506.2235 0.01764706 -422
18 476.55875 1510.2134 0.01764706 -455
19 476.55875 1510.2134 0.01764706 -472
20 476.55875 1510.2134 0.01764706 -473
0 842.22015 929.51587 0.019607844 -8
1 826.39844 929.51587 0.019607844 -17
2 798.6288 929.51587 0.019607844 -44
3 759.37823 927.56836 0.019607844 -60
4 669.57513 920.8671 0.01764706 -77
5 625.30994 912.83936 0.019607844 -110
6 547.72925 900.2166 0.019607844 -126
7 522.4345 898.532 0.019607844 -159
8 482.318 901.5599 0.019607844 -176
9 462.81833 911.59 0.019607844 -209
10 444.47214 942.4472 0.019607844 -242
11 432.43048 994.60455 0.019607844 -275
12 423.37747 1074.105 0.019607844 -291
13 419.4437 1141.2605 0.019607844 -308
14 414.6586 1203.9049 0.019607844 -325
15 410.87762 1263.4712 0.019607844 -341
16 407.8354 1316.7754 0.019607844 -358
17 404.25568 1366.3036 0.019607844 -374
18 401.4487 1406.0128 0.019607844 -391
19 398.1469 1435.097 0.019607844 -407
20 395.63367 1465.1504 0.019607844 -424
21 395.63367 1473.1984 0.019607844 -457
22 395.63367 1477.6014 0.019607844 -473
23 395.63367 1479.2295 0.019607844 -490
24 395.63367 1480.229 0.01764706 -497
0 922.1462 940.51013 0.019607844 0
1 922.1462 940.51013 0.019607844 -8
2 916.1338 940.51013 0.019607844 -35
3 901.0769 940.51013 0.019607844 -52
4 874.26263 941.2702 0.019607844 -68
5 836.7028 943.15265 0.019607844 -85
6 794.90424 944.50806 0.019607844 -101
7 751.7999 943.0711 0.019607844 -118
8 709.117 939.8535 0.019607844 -134
9 612.25275 930.4973 0.019607844 -151
10 582.944 928.61523 0.019607844 -184
11 541.4596 928.51636 0.019607844 -200
12 527.91785 928.51636 0.019607844 -233
13 517.7888 930.6372 0.019607844 -250
14 508.70364 936.4075 0.019607844 -265
15 498.5085 950.147 0.019607844 -282
16 479.0564 1010.47375 0.019607844 -298
17 473.08377 1064.7493 0.019607844 -331
18 472.56244 1122.152 0.019607844 -348
19 472.79095 1188.6146 0.019607844 -364
20 474.7246 1288.1716 0.019607844 -381
21 475.54492 1350.7653 0.019607844 -397
22 476.55875 1396.5597 0.019607844 -414
23 476.55875 1439.8539 0.019607844 -430
24 477.55783 1477.1534 0.019607844 -447
25 477.55783 1503.5586 0.019607844 -463
26 477.55783 1521.366 0.019607844 -480
27 477.55783 1533.5083 0.019607844 -496
28 477.55783 1539.1982 0.01764706 -513
29 477.55783 1542.1968 0.01764706 -526
0 640.40704 1099.4274 0.019607844 -52
1 608.0021 1102.0549 0.019607844 -52
2 575.8885 1103.4253 0.019607844 -74
3 508.37933 1100.112 0.019607844 -90
4 468.41617 1095.857 0.01764706 -123
5 433.69324 1092.0894 0.01764706 -140
6 368.3897 1088.4331 0.019607844 -156
7 345.62946 1089.2378 0.019607844 -189
8 320.42676 1094.3406 0.019607844 -206
9 302.17136 1111.0616 0.01764706 -239
10 290.51212 1147.6683 0.01764706 -272
11 285.73544 1171.3899 0.01764706 -288
12 285.73544 1171.3899 0.01764706 -296
13 273.74652 1463.2379 0.01764706 -355
14 273.74652 1477.9156 0.01764706 -355
15 272.0365 1515.1827 0.019607844 -371
16 269.38226 1554.9255 0.019607844 -388
17 265.4097 1593.2711 0.019607844 -404
18 261.60913 1624.62 0.019607844 -421
19 258.29712 1642.9265 0.019607844 -437
20 254.42308 1658.8187 0.01764706 -454
21 254.42308 1658.8187 0.01764706 -487
0 669.3802 986.4862 0.019607844 -60
1 653.12885 988.0909 0.019607844 -60
2 599.93866 993.1709 0.019607844 -74
3 482.8968 1000.4789 0.019607844 -107
4 446.45233 1000.4789 0.019607844 -156
5 414.21246 998.7045 0.019607844 -173
6 358.7468 996.48096 0.019607844 -189
7 321.64603 1000.93555 0.019607844 -222
8 293.1018 1023.01105 0.019607844 -255
9 268.54025 1087.5624 0.01764706 -288
10 260.6504 1137.1656 0.019607844 -321
11 256.01462 1188.8577 0.019607844 -338
12 253.52846 1240.9839 0.019607844 -354
13 249.45244 1284.8134 0.019607844 -371
14 242.8662 1383.64 0.019607844 -387
15 237.12209 1432.1793 0.019607844 -421
16 235.78168 1446.2788 0.019607844 -454
17 235.78168 1453.7654 0.019607844 -470
18 235.78168 1457.241 0.01764706 -487
19 235.78168 1459.24 0.01764706 -499
0 998.07587 542.71735 0.019607844 -104
1 963.0606 539.26935 0.019607844 -104
2 881.64685 538.7194 0.019607844 -121
3 841.3537 537.4904 0.019607844 -154
4 812.00037 539.33563 0.019607844 -171
5 764.2427 543.89166 0.019607844 -187
6 743.0201 547.9495 0.019607844 -220
7 720.7394 553.6007 0.019607844 -237
8 692.08875 571.58276 0.019607844 -253
9 676.89954 594.5193 0.019607844 -286
10 661.8043 623.8409 0.019607844 -303
11 650.42206 675.55096 0.019607844 -319
12 650.42206 675.55096 0.019607844 -336
13 645.4024 829.56793 0.019607844 -376
14 645.4024 861.202 0.019607844 -376
15 651.37085 940.19794 0.019607844 -385
16 653.395 980.6595 0.019607844 -402
17 655.17035 1011.68134 0.019607844 -418
18 655.3932 1035.797 0.019607844 -435
19 655.3932 1050.9229 0.019607844 -451
20 654.3941 1060.4059 0.019607844 -468
21 653.395 1068.4435 0.01764706 -484
22 653.395 1071.4419 0.01764706 -506
0 662.38666 1032.4623 0.019607844 -61
1 639.2551 1035.6912 0.019607844 -61
2 614.6216 1039.4999 0.019607844 -84
3 584.1016 1044.2736 0.019607844 -101
4 547.62463 1046.7482 0.019607844 -117
5 505.14462 1046.7832 0.019607844 -134
6 413.71075 1033.9022 0.019607844 -150
7 375.5187 1025.4834 0.019607844 -183
8 345.90903 1016.8648 0.019607844 -200
9 317.78204 1011.4841 0.019607844 -216
10 295.0053 1009.1642 0.019607844 -233
11 281.5008 1009.4742 0.019607844 -249
12 269.89413 1013.40015 0.019607844 -266
13 255.26822 1035.5708 0.019607844 -282
14 250.7678 1074.5806 0.01764706 -315
15 250.7678 1132.5045 0.01764706 -332
16 257.81528 1202.3865 0.01764706 -348
17 263.60852 1265.1619 0.01764706 -365
18 281.80777 1393.7778 0.01764706 -381
19 286.51065 1452.5548 0.01764706 -414
20 285.97427 1472.5597 0.01764706 -447
21 284.09546 1484.4342 0.01764706 -464
22 280.25198 1496.1978 0.01764706 -480
23 279.74097 1497.2202 0.01764706 -513
24 279.74097 1497.2202 0.01764706 -518
0 935.13416 862.5507 0.01764706 0
1 928.48663 862.5507 0.01764706 -7
2 910.2902 862.5507 0.01764706 -26
3 881.40204 854.6094 0.01764706 -42
4 841.8277 845.0813 0.019607844 -59
5 799.13025 839.1981 0.01764706 -75
6 760.57166 835.19257 0.01764706 -92
7 724.1054 831.99866 0.019607844 -108
8 692.10236 830.5674 0.01764706 -125
9 661.19604 831.89124 0.019607844 -141
10 638.5752 833.8019 0.019607844 -158
11 614.4461 837.7606 0.019607844 -174
12 594.3489 845.2001 0.01764706 -191
13 566.0969 861.93 0.019607844 -207
14 551.3811 886.26855 0.01764706 -240
15 539.5005 922.5195 0.01764706 -257
16 533.50604 951.5044 0.01764706 -270
17 520.51807 1080.4373 0.019607844 -312
18 517.91925 1122.0347 0.019607844 -312
19 512.0698 1179.718 0.019607844 -323
20 507.50183 1221.6605 0.019607844 -339
21 502.74536 1251.9773 0.019607844 -356
22 499.03217 1270.3613 0.019607844 -372
23 495.89417 1283.2117 0.019607844 -389
24 494.01752 1290.9028 0.019607844 -405
25 492.13156 1296.5629 0.019607844 -422
26 491.54486 1300.3228 0.019607844 -438
27 491.54486 1301.3221 0.01764706 -460
0 968.10364 885.53876 0.019607844 -5
1 966.17554 884.57434 0.01764706 -15
2 951.40454 880.6048 0.01764706 -40
3 926.7341 875.7561 0.01764706 -57
4 891.61993 871.92865 0.01764706 -73
5 851.62756 869.1306 0.01764706 -90
6 812.81555 868.18744 0.01764706 -106
7 774.2235 869.5471 0.019607844 -123
8 737.0674 872.3706 0.019607844 -139
9 707.7223 875.78534 0.019607844 -156
10 679.75946 877.65027 0.019607844 -172
11 624.6265 886.8912 0.019607844 -189
12 602.66016 894.2334 0.019607844 -222
13 569.60266 916.03406 0.01764706 -238
14 550.14453 950.6757 0.019607844 -271
15 532.6835 1001.151 0.019607844 -288
16 516.98334 1081.5748 0.019607844 -304
17 508.57693 1142.0344 0.019607844 -321
18 502.87195 1195.4518 0.019607844 -337
19 495.60098 1272.3882 0.019607844 -354
20 492.01913 1305.0984 0.019607844 -387
21 490.12396 1321.6896 0.019607844 -403
22 488.2551 1329.4788 0.019607844 -420
23 486.30795 1333.7888 0.019607844 -436
24 485.5504 1335.3044 0.01764706 -453
25 485.5504 1335.3044 0.01764706 -459
0 926.14246 866.54865 0.01764706 -16
1 920.5771 866.54865 0.01764706 -16
2 904.42303 865.5492 0.01764706 -33
3 878.4277 865.5492 0.01764706 -50
4 843.49646 865.5492 0.01764706 -66
5 770.28674 867.04834 0.01764706 -83
6 731.9904 867.54816 0.01764706 -114
7 669.41406 868.5476 0.01764706 -132
8 644.05884 869.5471 0.01764706 -165
9 608.81934 872.20526 0.019607844 -182
10 597.43774 874.1465 0.019607844 -214
11 588.2831 875.97815 0.019607844 -230
12 582.5686 877.8401 0.019607844 -247
13 574.65186 887.6802 0.019607844 -263
14 564.8845 914.4196 0.01764706 -280
15 564.8845 914.4196 0.01764706 -296
16 549.4912 1197.3763 0.019607844 -363
17 544.5071 1250.231 0.019607844 -363
18 539.92206 1292.81 0.019607844 -379
19 534.94604 1325.7784 0.019607844 -395
20 524.773 1374.2485 0.019607844 -412
21 519.1796 1392.2938 0.01764706 -445
22 517.1944 1394.6003 0.019607844 -478
23 517.1944 1394.6003 0.021568628 -494
0 941.1286 865.5492 0.019607844 0
1 937.77765 865.5492 0.01764706 0
2 926.2627 866.28375 0.01764706 -40
3 902.60144 868.7708 0.01764706 -57
4 871.12585 872.5 0.019607844 -73
5 833.781 876.28827 0.019607844 -90
6 794.0863 880.0124 0.019607844 -106
7 717.9947 884.4285 0.019607844 -123
8 681.33075 886.3183 0.019607844 -156
9 637.3865 887.5377 0.019607844 -172
10 623.3275 887.5377 0.019607844 -205
11 612.0805 888.59595 0.019607844 -222
12 601.70074 890.48456 0.019607844 -238
13 577.0376 923.41077 0.019607844 -255
14 564.96686 969.2153 0.019607844 -288
15 556.62976 1030.2297 0.01764706 -304
16 550.3447 1095.4141 0.01764706 -321
17 546.921 1158.2714 0.019607844 -337
18 543.2826 1211.2632 0.019607844 -354
19 538.44495 1256.9669 0.019607844 -370
20 529.883 1304.8257 0.019607844 -387
21 524.12646 1328.269 0.019607844 -403
22 519.12177 1344.8898 0.019607844 -420
23 513.043 1363.7355 0.019607844 -436
24 511.092 1368.1569 0.01764706 -469
25 510.52728 1369.2867 0.01764706 -486
26 510.52728 1369.2867 0.01764706 -491
0 918.14984 887.5377 0.019607844 -7
1 916.15173 887.5377 0.01764706 -16
2 903.34033 887.5377 0.01764706 -34
3 879.3257 888.52716 0.019607844 -51
4 844.20294 891.43646 0.01764706 -67
5 802.3939 894.1745 0.01764706 -84
6 721.9534 901.9436 0.019607844 -101
7 684.1932 910.45703 0.01764706 -134
8 650.057 916.5794 0.01764706 -150
9 616.7445 919.7275 0.01764706 -167
10 580.24176 923.4078 0.019607844 -183
11 569.48083 927.1139 0.019607844 -217
12 561.11456 931.5343 0.019607844 -233
13 540.9991 975.49194 0.01764706 -250
14 534.50507 1040.4581 0.01764706 -283
15 532.50696 1076.4393 0.01764706 -296
16 527.5116 1169.3909 0.019607844 -330
17 524.0266 1236.4106 0.019607844 -330
18 520.20703 1268.1412 0.019607844 -349
19 516.42456 1301.2463 0.019607844 -366
20 512.64307 1321.7229 0.019607844 -382
21 508.81863 1338.1439 0.019607844 -399
22 505.0577 1349.9834 0.019607844 -415
23 502.89227 1357.2192 0.019607844 -432
24 500.91498 1361.5332 0.019607844 -449
25 500.53653 1362.2904 0.01764706 -465
26 500.53653 1355.2941 0.019607844 -469
0 890.1758 878.5424 0.019607844 0
1 868.8846 876.5089 0.01764706 -6
2 837.35657 872.4435 0.01764706 -41
3 801.70197 870.6153 0.019607844 -58
4 762.8326 868.9013 0.01764706 -74
5 693.0701 867.1435 0.01764706 -91
6 634.6079 867.54816 0.019607844 -124
7 610.3014 870.0691 0.019607844 -157
8 579.57184 877.5068 0.019607844 -174
9 571.15125 880.20154 0.019607844 -207
10 555.4206 898.6623 0.019607844 -224
11 543.2633 932.2155 0.01764706 -257
12 534.899 976.07 0.01764706 -273
13 518.19165 1112.9668 0.019607844 -290
14 510.89014 1175.164 0.019607844 -323
15 505.3935 1216.3824 0.019607844 -339
16 493.52362 1290.9343 0.019607844 -356
17 487.98776 1316.3362 0.019607844 -389
18 484.1647 1330.468 0.019607844 -406
19 481.93875 1339.7622 0.019607844 -422
20 478.5569 1349.2972 0.01764706 -439
21 478.5569 1349.2972 0.01764706 -467
0 711.3414 567.7043 0.019607844 0
1 708.3441 566.70483 0.019607844 -6
2 702.3497 564.7059 0.019607844 -14
3 490.5458 514.7319 0.019607844 -114
4 469.51984 511.3276 0.019607844 -114
5 418.61707 507.95004 0.019607844 -124
6 398.60547 507.73553 0.019607844 -157
7 387.6335 508.33673 0.019607844 -174
8 379.01315 511.55148 0.019607844 -191
9 360.41666 539.3016 0.019607844 -207
10 343.57214 629.7693 0.019607844 -240
11 334.69012 750.1093 0.019607844 -273
12 327.6966 808.57886 0.019607844 -306
13 323.4208 870.3436 0.019607844 -322
14 314.43015 932.9994 0.019607844 -340
15 309.23157 969.7089 0.019607844 -356
16 303.68304 997.64734 0.019607844 -373
17 299.89355 1020.6122 0.019607844 -389
18 295.11884 1045.887 0.019607844 -406
19 294.7271 1056.4279 0.019607844 -439
20 294.7271 1058.4487 0.01764706 -472
21 294.7271 1058.4487 0.01764706 -484
0 739.3154 541.71783 0.019607844 -8
1 733.211 539.7189 0.019607844 -8
2 713.2873 539.9455 0.019607844 -50
3 686.41583 543.649 0.019607844 -66
4 648.8992 546.21545 0.019607844 -83
5 572.12305 563.85034 0.019607844 -99
6 525.3675 574.1608 0.019607844 -132
7 487.32285 582.3232 0.019607844 -149
8 460.07526 585.15656 0.019607844 -165
9 420.266 594.29865 0.019607844 -182
10 406.33383 598.057 0.019607844 -215
11 390.38422 605.1876 0.019607844 -231
12 375.5366 634.13245 0.019607844 -264
13 369.6221 674.62994 0.019607844 -297
14 367.25394 719.9634 0.019607844 -314
15 372.532 787.52844 0.019607844 -330
16 377.318 848.1217 0.019607844 -347
17 384.8724 926.95734 0.019607844 -363
18 386.61285 969.8822 0.019607844 -380
19 383.64478 1023.5338 0.019607844 -397
20 383.64478 1047.6283 0.019607844 -430
21 382.11273 1062.6472 0.019607844 -446
22 381.64664 1072.718 0.019607844 -463
23 381.64664 1080.1002 0.019607844 -479
24 381.64664 1085.1165 0.019607844 -496
25 381.64664 1086.4341 0.01764706 -512
26 381.64664 1086.4341 0.01764706 -517
0 891.17487 861.5513 0.01764706 -8
1 876.0831 861.5513 0.019607844 -8
2 846.1963 861.5513 0.019607844 -25
3 811.16437 862.405 0.019607844 -41
4 775.93536 865.9208 0.019607844 -58
5 739.2822 871.1529 0.019607844 -74
6 680.43304 882.741 0.019607844 -91
7 651.1319 891.6172 0.019607844 -124
8 634.55334 899.57996 0.01764706 -141
9 620.37225 905.2656 0.019607844 -156
10 608.8142 909.4004 0.019607844 -172
11 599.09534 913.06445 0.019607844 -189
12 590.9131 916.7924 0.019607844 -206
13 582.6397 922.37616 0.019607844 -222
14 572.6304 937.3841 0.019607844 -239
15 554.09155 976.71936 0.019607844 -255
16 540.30255 1064.8256 0.019607844 -288
17 535.2587 1127.2377 0.019607844 -321
18 532.5589 1224.2189 0.019607844 -338
19 531.66864 1284.6993 0.019607844 -354
20 530.07947 1339.3229 0.019607844 -371
21 528.5106 1377.6244 0.019607844 -387
22 527.0206 1409.5857 0.019607844 -404
23 525.13684 1436.7749 0.019607844 -420
24 523.2568 1447.7981 0.019607844 -436
25 521.32697 1453.8136 0.019607844 -453
26 520.51807 1458.4231 0.019607844 -469
27 520.51807 1461.2389 0.01764706 -486
28 520.51807 1461.2389 0.01764706 -502
0 757.2988 565.7053 0.019607844 0
1 752.75903 563.85834 0.019607844 -8
2 743.8387 563.70636 0.019607844 -32
3 723.6214 563.70636 0.019607844 -49
4 695.8434 564.2656 0.019607844 -65
5 658.605 566.1675 0.019607844 -82
6 580.7835 570.9489 0.019607844 -98
7 468.54837 575.4072 0.019607844 -131
8 441.72668 577.30426 0.019607844 -181
9 407.78812 578.4694 0.019607844 -197
10 397.65308 578.6986 0.019607844 -230
11 383.69968 584.6405 0.019607844 -246
12 368.86838 623.388 0.019607844 -279
13 364.85367 669.949 0.019607844 -312
14 363.44342 719.34625 0.019607844 -329
15 363.66327 771.9556 0.019607844 -345
16 365.6641 829.6396 0.019607844 -362
17 366.6605 904.03186 0.019607844 -378
18 365.66144 991.85986 0.019607844 -395
19 365.14944 1025.6405 0.019607844 -428
20 363.25357 1046.5554 0.019607844 -444
21 361.2943 1060.0459 0.019607844 -461
22 359.42807 1067.4006 0.019607844 -477
23 358.6679 1073.8423 0.019607844 -494
24 357.60538 1077.5658 0.019607844 -510
25 356.66974 1078.4382 0.01764706 -527
26 356.66974 1078.4382 0.01764706 -534
0 944.1258 945.5075 0.019607844 0
1 944.1258 945.5075 0.019607844 -6
2 943.27844 944.65985 0.019607844 -31
3 935.56274 942.74713 0.019607844 -47
4 916.2886 940.2441 0.019607844 -64
5 887.1785 938.0115 0.019607844 -80
6 846.49194 933.5876 0.019607844 -97
7 771.21826 929.4625 0.019607844 -113
8 725.81274 927.302 0.019607844 -146
9 686.09033 926.5174 0.019607844 -163
10 661.4206 926.5174 0.019607844 -179
11 643.48285 926.5174 0.019607844 -196
12 623.3111 927.9391 0.019607844 -213
13 617.65796 929.77246 0.019607844 -246
14 610.73285 936.214 0.019607844 -262
15 597.30524 984.0747 0.019607844 -279
16 589.7702 1039.7699 0.019607844 -295
17 586.59393 1089.7316 0.019607844 -312
18 582.8835 1146.2667 0.019607844 -328
19 580.10297 1211.5662 0.019607844 -345
20 576.2953 1262.396 0.019607844 -361
21 572.47943 1307.7189 0.019607844 -378
22 565.1884 1375.1575 0.019607844 -394
23 559.9318 1398.4702 0.019607844 -427
24 556.3269 1411.7386 0.019607844 -444
25 554.4936 1419.2396 0.019607844 -460
26 552.59985 1424.0353 0.019607844 -477
27 550.6644 1427.0824 0.019607844 -493
28 549.4912 1428.2561 0.019607844 -510
29 549.4912 1429.2556 0.01764706 -520
0 686.3645 1099.4274 0.019607844 0
1 684.231 1098.3602 0.019607844 0
2 673.6072 1096.4619 0.019607844 -30
3 652.48 1093.7509 0.019607844 -47
4 622.2846 1091.7014 0.019607844 -63
5 586.2138 1089.2084 0.019607844 -80
6 517.08014 1085.2537 0.019607844 -96
7 480.2965 1084.4352 0.019607844 -129
8 448.27658 1085.5885 0.019607844 -146
9 407.23206 1089.1428 0.019607844 -163
10 391.9781 1091.0973 0.019607844 -196
11 373.34277 1097.5529 0.019607844 -212
12 351.7642 1127.3887 0.019607844 -244
13 338.54605 1163.672 0.019607844 -277
14 328.179 1205.2545 0.019607844 -293
15 318.60477 1252.8486 0.019607844 -310
16 309.74228 1300.6263 0.019607844 -326
17 302.1062 1353.5936 0.019607844 -343
18 295.88358 1406.1306 0.019607844 -359
19 283.02606 1520.2551 0.019607844 -376
20 278.70926 1572.5405 0.019607844 -409
21 275.0287 1626.3195 0.019607844 -425
22 272.97208 1642.7955 0.019607844 -458
23 272.74747 1651.913 0.019607844 -475
24 272.74747 1658.3275 0.019607844 -492
25 272.74747 1660.693 0.01764706 -508
26 272.74747 1661.1348 0.01764706 -525
27 272.74747 1661.1348 0.01764706 -528
0 706.346 587.6939 0.019607844 0
1 705.4132 586.7607 0.019607844 -6
2 697.4396 583.7301 0.019607844 -32
3 683.5107 582.6965 0.019607844 -49
4 657.91394 582.6965 0.019607844 -65
5 593.12823 585.2435 0.019607844 -82
6 554.94653 587.6939 0.019607844 -115
7 520.1113 588.5165 0.019607844 -131
8 457.03333 588.69336 0.019607844 -148
9 425.7012 589.7532 0.019607844 -181
10 405.90213 588.8211 0.019607844 -197
11 393.31873 587.6939 0.019607844 -214
12 385.41537 587.6939 0.019607844 -231
13 375.0854 587.6939 0.019607844 -247
14 371.31006 591.21124 0.019607844 -280
15 364.58017 605.89 0.019607844 -297
16 357.84357 638.55963 0.019607844 -313
17 354.81024 689.6169 0.019607844 -330
18 353.67252 747.7051 0.019607844 -346
19 355.35272 807.4403 0.019607844 -363
20 358.75586 872.1304 0.019607844 -379
21 361.15234 935.6018 0.019607844 -396
22 363.04324 987.34937 0.019607844 -412
23 363.66327 1065.7512 0.019607844 -429
24 363.66327 1086.0781 0.019607844 -462
25 361.60535 1093.6099 0.019607844 -478
26 361.66513 1099.416 0.019607844 -495
27 360.72086 1103.3157 0.019607844 -511
28 360.66605 1104.4248 0.019607844 -528
29 360.66605 1105.4242 0.019607844 -537
