0 919.1489 770.59863 0.019607844 -177
1 918.42474 769.87415 0.019607844 -177
2 907.61066 766.0912 0.019607844 -218
3 894.00305 763.1393 0.019607844 -251
4 877.1387 761.2647 0.019607844 -268
5 856.7947 760.6038 0.019607844 -284
6 799.25183 755.8058 0.019607844 -301
7 749.6261 749.0532 0.019607844 -334
8 725.46814 748.6101 0.019607844 -367
9 704.2655 746.33105 0.019607844 -384
10 685.8292 744.4587 0.019607844 -400
11 667.6372 743.6127 0.019607844 -417
12 653.77637 743.6127 0.019607844 -433
13 643.49854 742.6132 0.019607844 -450
14 635.6615 742.6132 0.019607844 -466
15 630.63873 741.6137 0.019607844 -483
16 625.0815 740.61426 0.01764706 -499
17 621.5506 739.6778 0.01764706 -516
18 617.9347 739.61475 0.019607844 -532
19 614.4058 739.10236 0.019607844 -549
20 612.0535 738.6153 0.019607844 -565
21 608.64935 738.6153 0.019607844 -582
22 602.42456 738.6153 0.019607844 -615
23 598.6872 738.6153 0.019607844 -648
24 595.1572 740.7601 0.019607844 -665
25 590.6769 743.46356 0.019607844 -681
26 582.1721 754.04047 0.019607844 -698
27 565.71075 783.4289 0.019607844 -714
28 554.5085 833.4562 0.019607844 -747
29 549.5024 914.2112 0.01764706 -764
30 549.4912 979.664 0.019607844 -780
31 548.7398 1036.7753 0.01764706 -797
32 546.85876 1080.7699 0.01764706 -813
33 543.49677 1124.4143 0.01764706 -830
34 538.6284 1160.997 0.01764706 -846
35 533.4687 1194.9102 0.01764706 -863
36 527.7488 1236.7102 0.01764706 -879
37 515.1667 1299.4609 0.01764706 -896
38 510.4313 1331.0753 0.01764706 -929
39 508.57324 1362.4957 0.01764706 -946
40 507.53006 1376.2832 0.01764706 -962
41 507.53006 1389.2764 0.01764706 -971
42 507.53006 1411.2649 0.01764706 -996
43 508.52914 1433.86 0.01764706 -996
44 510.2017 1446.6171 0.019607844 -1012
45 510.52728 1448.2457 0.019607844 -1028
46 510.52728 1453.243 0.019607844 -1031
0 949.1212 735.6168 0.019607844 -18
1 949.1212 735.6168 0.019607844 -27
2 949.1212 735.6168 0.019607844 -68
3 949.1212 735.6168 0.019607844 -84
4 947.82465 735.6168 0.019607844 -117
5 945.9971 735.6168 0.01764706 -134
6 942.0587 735.6168 0.01764706 -150
7 935.48627 735.6168 0.01764706 -167
8 923.9197 735.6168 0.01764706 -184
9 900.62085 735.6168 0.01764706 -200
10 871.67145 735.6168 0.01764706 -217
11 835.62506 735.6168 0.01764706 -233
12 797.57135 735.6168 0.01764706 -250
13 713.15936 722.0788 0.01764706 -266
14 676.94696 714.7234 0.01764706 -299
15 651.051 710.2425 0.01764706 -316
16 632.6633 707.99225 0.01764706 -332
17 607.4984 707.6314 0.01764706 -349
18 598.9384 707.6314 0.019607844 -382
19 593.76086 707.6314 0.019607844 -398
20 590.0859 707.6314 0.019607844 -415
21 586.5401 707.6314 0.019607844 -431
22 582.42896 709.6621 0.01764706 -448
23 580.4625 711.62933 0.01764706 -481
24 577.46533 716.6267 0.01764706 -488
25 568.47363 742.6132 0.01764706 -515
26 555.3671 846.1357 0.01764706 -515
27 554.4866 861.5513 0.01764706 -547
28 553.4875 912.5247 0.01764706 -551
29 553.4875 953.50336 0.01764706 -568
30 551.2338 1181.8491 0.01764706 -568
31 549.4912 1207.3711 0.01764706 -613
32 546.494 1240.354 0.01764706 -619
33 538.5014 1316.3143 0.01764706 -645
34 531.06287 1361.7407 0.01764706 -645
35 525.3796 1385.8141 0.019607844 -663
36 520.5297 1404.2162 0.01764706 -679
37 516.77374 1416.5055 0.01764706 -696
38 513.6771 1424.6471 0.01764706 -712
39 511.72925 1429.8491 0.019607844 -729
40 509.52823 1433.2534 0.01764706 -746
41 507.53006 1434.2529 0.01764706 -764
0 987.08606 721.62415 0.019607844 -8
1 984.97723 721.62415 0.019607844 -8
2 983.0353 721.62415 0.01764706 -25
3 982.09064 721.62415 0.01764706 -41
4 979.5145 721.62415 0.01764706 -74
5 972.5236 723.33844 0.01764706 -91
6 960.02216 725.25836 0.01764706 -107
7 941.1105 727.16833 0.01764706 -124
8 882.9708 730.92584 0.01764706 -141
9 840.45874 722.7025 0.01764706 -174
10 783.1646 719.93994 0.01764706 -190
11 735.6402 714.66797 0.01764706 -207
12 660.14465 705.0081 0.01764706 -223
13 627.1621 703.6335 0.01764706 -256
14 602.7807 701.691 0.01764706 -273
15 584.7702 700.6351 0.01764706 -289
16 572.5922 699.63556 0.019607844 -306
17 564.5751 699.63556 0.019607844 -322
18 559.2096 699.63556 0.019607844 -339
19 555.37683 699.63556 0.019607844 -355
20 553.11633 699.63556 0.019607844 -372
21 551.31165 699.63556 0.019607844 -388
22 547.64514 705.02374 0.019607844 -405
23 545.78357 710.7632 0.01764706 -438
24 543.93756 716.86194 0.01764706 -455
25 542.0741 728.58813 0.01764706 -471
26 537.82684 753.6716 0.01764706 -488
27 536.2855 802.3367 0.01764706 -504
28 536.50323 890.17944 0.01764706 -521
29 537.4839 977.5309 0.01764706 -537
30 538.40765 1072.5948 0.01764706 -554
31 538.5014 1157.9857 0.01764706 -570
32 537.5023 1206.3717 0.01764706 -587
33 534.50507 1246.3508 0.01764706 -597
34 528.5106 1312.3165 0.01764706 -622
35 524.51434 1334.305 0.01764706 -622
36 519.519 1358.2925 0.01764706 -639
37 508.07123 1401.1592 0.01764706 -639
38 502.51672 1414.808 0.01764706 -669
39 497.24716 1428.1333 0.01764706 -686
40 495.13245 1432.0723 0.01764706 -719
41 495.13245 1432.0723 0.01764706 -736
0 981.0916 743.6127 0.01764706 -94
1 981.0916 743.6127 0.01764706 -94
2 967.0726 740.11053 0.01764706 -108
3 925.90295 736.2135 0.01764706 -140
4 893.2679 736.61633 0.01764706 -173
5 858.7365 736.61633 0.01764706 -189
6 818.76105 736.61633 0.01764706 -206
7 763.706 735.6168 0.01764706 -222
8 720.9079 730.55096 0.01764706 -239
9 681.31274 727.60693 0.01764706 -255
10 647.51746 724.94275 0.01764706 -272
11 619.83167 721.1026 0.01764706 -288
12 580.9214 715.62726 0.01764706 -305
13 569.12634 713.6283 0.019607844 -338
14 560.9673 714.3846 0.019607844 -354
15 556.20087 717.26843 0.01764706 -371
16 552.5551 719.09204 0.019607844 -388
17 548.9764 720.88214 0.01764706 -404
18 547.373 722.74365 0.01764706 -421
19 541.092 732.13617 0.019607844 -437
20 535.5004 748.62494 0.01764706 -470
21 528.3301 773.865 0.01764706 -487
22 519.3816 814.40826 0.01764706 -503
23 512.2239 880.2586 0.01764706 -520
24 507.15448 963.01685 0.01764706 -536
25 507.69568 1064.6976 0.01764706 -553
26 508.52914 1265.7898 0.019607844 -569
27 507.54062 1325.0457 0.01764706 -602
28 504.58374 1368.523 0.01764706 -619
29 502.62286 1388.4825 0.019607844 -635
30 500.67432 1402.442 0.019607844 -652
31 500.53653 1409.777 0.019607844 -668
32 500.53653 1414.9296 0.01764706 -685
33 500.53653 1416.2623 0.01764706 -701
34 500.53653 1417.2618 0.01764706 -711
0 969.10266 739.61475 0.019607844 -8
1 969.10266 739.61475 0.01764706 -8
2 969.10266 739.61475 0.01764706 -83
3 969.10266 739.61475 0.01764706 -99
4 964.8856 738.20856 0.01764706 -116
5 952.62335 736.26013 0.01764706 -132
6 902.297 720.35364 0.01764706 -149
7 861.24835 713.03546 0.01764706 -182
8 802.95557 707.366 0.01764706 -198
9 759.44836 704.633 0.01764706 -215
10 720.74347 702.875 0.01764706 -231
11 652.63885 701.6345 0.01764706 -248
12 602.6158 701.37775 0.01764706 -281
13 582.95746 699.2466 0.01764706 -314
14 572.54736 698.6361 0.019607844 -330
15 564.3958 698.6361 0.019607844 -347
16 559.88354 698.6361 0.019607844 -363
17 556.272 698.6361 0.019607844 -380
18 554.0876 698.6361 0.019607844 -397
19 552.2551 698.6361 0.019607844 -413
20 549.2732 704.0697 0.01764706 -430
21 542.0011 728.1059 0.01764706 -446
22 536.3158 759.7301 0.01764706 -479
23 531.62396 813.1588 0.01764706 -496
24 529.5097 878.33984 0.01764706 -512
25 529.5097 960.1778 0.01764706 -529
26 530.88654 1058.5961 0.01764706 -545
27 531.5079 1096.429 0.01764706 -562
28 530.5088 1132.4102 0.01764706 -568
29 527.5116 1208.3706 0.01764706 -593
30 524.51434 1248.3497 0.01764706 -593
31 519.519 1307.3191 0.01764706 -602
32 515.52264 1348.2977 0.01764706 -619
33 504.7486 1433.9573 0.01764706 -619
34 502.55817 1451.0798 0.01764706 -661
35 500.5949 1461.9464 0.01764706 -677
36 499.53748 1469.0125 0.01764706 -694
37 499.53748 1471.2336 0.01764706 -710
38 499.53748 1472.2332 0.01764706 -719
0 966.10547 700.6351 0.019607844 0
1 966.10547 700.6351 0.019607844 0
2 966.10547 700.6351 0.01764706 -82
3 953.27405 700.6351 0.01764706 -115
4 896.89514 703.5908 0.01764706 -148
5 855.74 704.60767 0.01764706 -181
6 813.7198 704.633 0.01764706 -197
7 769.11194 702.63403 0.01764706 -214
8 724.3624 700.1599 0.01764706 -230
9 648.1305 689.0906 0.01764706 -247
10 617.9592 686.64233 0.01764706 -280
11 596.4155 685.2765 0.01764706 -296
12 584.2045 683.4648 0.019607844 -313
13 575.2733 683.6439 0.019607844 -329
14 568.86255 683.6439 0.019607844 -346
15 563.03436 683.6439 0.019607844 -363
16 561.0874 684.6434 0.019607844 -396
17 555.5213 696.5123 0.019607844 -412
18 551.5472 710.3985 0.01764706 -445
19 545.87274 739.22003 0.01764706 -462
20 540.9614 773.7427 0.01764706 -478
21 537.84485 840.1634 0.01764706 -495
22 538.06396 921.62714 0.01764706 -511
23 538.5014 943.50854 0.01764706 -528
24 539.5005 995.4815 0.01764706 -532
25 545.49493 1159.3961 0.01764706 -566
26 547.49304 1328.3081 0.01764706 -566
27 547.49304 1362.2904 0.01764706 -599
28 544.49585 1416.2623 0.01764706 -624
29 543.49677 1431.2545 0.01764706 -624
30 541.4986 1445.2472 0.019607844 -633
31 538.5014 1475.2316 0.019607844 -666
32 535.4556 1489.3701 0.019607844 -666
33 533.50604 1494.2217 0.01764706 -693
34 532.50696 1495.2212 0.01764706 -708
0 974.0981 694.6382 0.019607844 0
1 974.0981 694.6382 0.01764706 0
2 974.0981 694.6382 0.01764706 -42
3 970.3021 693.63873 0.01764706 -66
4 951.2937 694.6382 0.01764706 -83
5 895.6026 699.84534 0.01764706 -116
6 854.99146 704.1549 0.01764706 -149
7 752.7736 708.55743 0.01764706 -165
8 696.22156 715.9324 0.01764706 -198
9 658.0496 710.6992 0.01764706 -215
10 602.9482 724.03845 0.01764706 -231
11 584.11804 727.2888 0.01764706 -264
12 565.55743 730.84906 0.01764706 -281
13 559.89575 730.61945 0.01764706 -314
14 556.2623 730.61945 0.019607844 -330
15 554.4698 730.61945 0.019607844 -347
16 552.6049 730.61945 0.019607844 -364
17 549.1011 734.39844 0.01764706 -380
18 546.99023 743.63245 0.01764706 -413
19 545.0843 760.7142 0.01764706 -430
20 543.17847 784.052 0.01764706 -446
21 543.49677 835.5934 0.01764706 -463
22 543.49677 900.11554 0.01764706 -479
23 549.02234 1025.7428 0.01764706 -496
24 549.02234 1025.7428 0.01764706 -512
25 554.4866 1144.4039 0.01764706 -536
26 555.48566 1182.3842 0.01764706 -536
27 556.48474 1251.3483 0.01764706 -561
28 555.48566 1276.3352 0.01764706 -561
29 554.4866 1300.3228 0.01764706 -578
30 553.4875 1321.3118 0.01764706 -578
31 552.48846 1338.303 0.01764706 -586
32 551.4894 1350.2966 0.01764706 -603
33 548.4921 1380.2811 0.01764706 -603
34 547.49304 1384.2789 0.01764706 -628
0 967.10455 677.64703 0.019607844 -24
1 967.10455 677.64703 0.019607844 -32
2 967.10455 677.64703 0.019607844 -98
3 967.10455 677.64703 0.019607844 -131
4 958.88025 677.64703 0.01764706 -147
5 946.328 677.64703 0.01764706 -180
6 929.1645 677.64703 0.01764706 -197
7 873.7062 682.0913 0.01764706 -213
8 792.7166 680.2862 0.01764706 -246
9 714.37695 677.64703 0.01764706 -280
10 681.0296 677.64703 0.01764706 -313
11 652.3878 677.64703 0.01764706 -329
12 629.64856 677.64703 0.01764706 -346
13 614.4027 677.64703 0.01764706 -362
14 604.4871 677.64703 0.01764706 -379
15 592.5626 678.64655 0.019607844 -395
16 588.6148 681.0654 0.01764706 -428
17 584.9565 681.89575 0.01764706 -445
18 581.11865 687.157 0.01764706 -461
19 576.3435 697.9642 0.01764706 -478
20 570.69617 713.9544 0.01764706 -494
21 554.88293 785.4173 0.01764706 -511
22 545.495 910.026 0.01764706 -544
23 545.49493 1075.2058 0.01764706 -576
24 542.416 1233.1375 0.01764706 -610
25 540.23035 1301.6744 0.01764706 -643
26 540.23035 1301.6744 0.01764706 -660
27 532.50696 1368.2874 0.01764706 -683
28 528.449 1396.7045 0.01764706 -683
29 528.449 1396.7045 0.01764706 -709
0 733.321 942.5091 0.019607844 -8
1 733.321 942.5091 0.019607844 -8
2 733.321 942.5091 0.019607844 -32
3 733.321 942.5091 0.019607844 -49
4 733.321 942.5091 0.019607844 -65
5 733.321 942.5091 0.019607844 -82
6 733.321 942.5091 0.019607844 -98
7 733.321 942.5091 0.019607844 -115
8 732.06793 941.2555 0.019607844 -131
9 707.1816 941.52216 0.019607844 -148
10 678.0935 944.67847 0.01764706 -181
11 643.16406 946.5204 0.01764706 -198
12 601.8432 948.4424 0.01764706 -214
13 522.0486 946.101 0.01764706 -231
14 477.14127 941.1972 0.01764706 -264
15 379.56345 928.0095 0.01764706 -280
16 359.9532 927.0529 0.019607844 -330
17 347.65915 926.5174 0.019607844 -346
18 337.77505 926.5174 0.019607844 -363
19 331.51074 926.5174 0.019607844 -379
20 326.87405 928.42804 0.019607844 -396
21 323.2451 930.2433 0.019607844 -412
22 319.70398 932.0146 0.019607844 -429
23 315.82178 938.2829 0.019607844 -445
24 312.02563 947.2202 0.019607844 -462
25 308.235 961.41766 0.019607844 -478
26 304.32822 983.82764 0.019607844 -495
27 299.48447 1032.1622 0.019607844 -512
28 296.7377 1092.0325 0.019607844 -528
29 291.42166 1221.9164 0.019607844 -545
30 284.02625 1361.5392 0.019607844 -578
31 277.89636 1421.2612 0.019607844 -611
32 271.11157 1467.789 0.01764706 -627
33 265.1737 1508.7526 0.019607844 -644
34 259.30783 1543.9402 0.019607844 -660
35 254.90218 1575.0741 0.01764706 -677
36 252.31322 1602.0566 0.01764706 -693
37 253.7 1623.8287 0.01764706 -710
38 254.76411 1629.1515 0.01764706 -726
39 254.76411 1629.1515 0.01764706 -731
0 1005.0694 717.6262 0.019607844 -8
1 1002.26 720.4367 0.01764706 -8
2 1000.2681 720.62463 0.01764706 -32
3 998.38055 719.92993 0.01764706 -49
4 993.08057 716.12695 0.01764706 -66
5 987.7596 715.62726 0.01764706 -98
6 975.5871 720.34186 0.01764706 -115
7 956.3621 722.8987 0.01764706 -132
8 925.5972 727.03845 0.01764706 -148
9 888.93835 725.96277 0.01764706 -165
10 826.4389 714.30536 0.01764706 -181
11 737.75916 704.77026 0.01764706 -198
12 696.98615 702.63403 0.01764706 -231
13 664.9836 701.7969 0.01764706 -247
14 640.33655 703.33136 0.01764706 -264
15 619.1952 705.2558 0.01764706 -280
16 602.9283 707.1958 0.01764706 -297
17 589.7287 712.9913 0.01764706 -313
18 579.7645 717.3058 0.01764706 -330
19 573.7882 719.85187 0.01764706 -346
20 569.2654 721.72784 0.01764706 -363
21 562.05963 726.04175 0.01764706 -379
22 558.091 733.4907 0.01764706 -413
23 553.62213 749.071 0.01764706 -429
24 545.85297 811.315 0.01764706 -446
25 542.1972 927.7422 0.01764706 -479
26 540.22345 993.4293 0.01764706 -512
27 538.2351 1066.3071 0.01764706 -528
28 536.17786 1173.648 0.01764706 -545
29 533.294 1240.9615 0.01764706 -561
30 524.5733 1355.4972 0.01764706 -578
31 520.4938 1392.4812 0.01764706 -611
32 516.5837 1423.7004 0.01764706 -627
33 514.5472 1442.0603 0.01764706 -644
34 514.5236 1451.1805 0.01764706 -660
35 514.5236 1451.2441 0.01764706 -677
36 513.52454 1454.2426 0.01764706 -677
0 780.2775 933.5138 0.019607844 -8
1 780.2775 933.5138 0.019607844 -8
2 780.2775 933.5138 0.019607844 -24
3 780.2775 933.5138 0.019607844 -40
4 780.2775 933.5138 0.019607844 -57
5 775.86224 931.70825 0.01764706 -74
6 753.13824 932.0883 0.01764706 -90
7 729.03595 933.5138 0.01764706 -123
8 699.10657 935.13776 0.01764706 -140
9 661.205 936.5122 0.01764706 -156
10 621.581 938.04974 0.01764706 -173
11 580.8606 939.99225 0.01764706 -189
12 500.23627 943.2388 0.01764706 -206
13 437.5729 944.5094 0.019607844 -239
14 391.8387 948.37256 0.019607844 -272
15 378.24942 950.405 0.019607844 -305
16 369.4448 952.3073 0.019607844 -321
17 363.74393 952.5039 0.019607844 -338
18 359.59436 952.5039 0.019607844 -354
19 355.8703 953.90326 0.019607844 -371
20 348.57 959.6074 0.019607844 -387
21 342.2525 971.3553 0.019607844 -421
22 334.69876 991.4598 0.019607844 -437
23 318.71063 1056.9181 0.019607844 -454
24 305.96234 1172.4418 0.019607844 -487
25 299.9415 1311.3708 0.019607844 -520
26 295.82806 1379.6497 0.019607844 -553
27 290.5834 1435.9625 0.019607844 -569
28 284.66077 1479.1177 0.019607844 -586
29 278.81915 1507.8279 0.019607844 -602
30 275.2812 1524.8296 0.019607844 -619
31 271.2979 1542.9999 0.019607844 -635
32 270.7493 1550.4236 0.019607844 -652
33 270.7493 1552.1915 0.01764706 -668
34 270.7493 1554.1904 0.01764706 -676
0 997.0768 715.62726 0.019607844 0
1 997.0768 715.62726 0.01764706 -9
2 993.7959 711.3455 0.01764706 -90
3 978.1987 707.3156 0.01764706 -124
4 957.48193 707.6314 0.01764706 -157
5 929.4702 707.6314 0.01764706 -173
6 893.0545 707.6314 0.01764706 -190
7 839.6036 706.52234 0.01764706 -206
8 794.5515 708.6619 0.01764706 -223
9 756.38916 719.35297 0.01764706 -240
10 721.96967 725.15674 0.01764706 -256
11 695.76276 728.3586 0.01764706 -273
12 673.0874 730.2271 0.01764706 -289
13 651.89636 732.1187 0.01764706 -306
14 636.7155 732.6184 0.01764706 -322
15 626.7045 732.6184 0.01764706 -339
16 617.76025 732.6184 0.01764706 -355
17 610.17194 732.6184 0.01764706 -372
18 603.64026 732.6184 0.01764706 -388
19 597.89514 732.6184 0.01764706 -405
20 593.9922 734.34644 0.01764706 -421
21 589.6398 738.4296 0.01764706 -438
22 583.07465 747.3816 0.01764706 -454
23 574.81354 766.7362 0.01764706 -471
24 567.22394 793.59 0.01764706 -487
25 560.09955 841.9068 0.01764706 -504
26 552.5274 988.0422 0.01764706 -520
27 546.9836 1110.071 0.01764706 -553
28 543.6443 1170.2565 0.01764706 -587
29 539.91254 1224.1754 0.01764706 -603
30 536.06366 1264.7412 0.01764706 -620
31 532.22797 1304.5546 0.01764706 -636
32 528.90985 1335.3107 0.01764706 -653
33 526.9708 1366.7836 0.01764706 -669
34 525.5134 1384.2278 0.01764706 -686
35 525.5134 1401.2507 0.01764706 -702
36 525.5134 1410.2484 0.01764706 -719
37 525.5134 1416.2786 0.019607844 -735
38 525.5134 1422.278 0.019607844 -752
39 525.5134 1424.55 0.019607844 -768
40 525.5134 1425.2577 0.01764706 -785
41 525.5134 1426.2571 0.01764706 -791
0 793.2655 913.5242 0.019607844 0
1 793.2655 913.5242 0.019607844 0
2 793.2655 913.5242 0.019607844 -32
3 789.1667 913.5242 0.019607844 -38
4 780.9585 914.1875 0.019607844 -82
5 767.7028 916.22107 0.019607844 -98
6 749.20844 919.81146 0.01764706 -115
7 722.6082 923.7342 0.01764706 -131
8 688.30975 925.51794 0.01764706 -148
9 647.93085 923.4347 0.01764706 -165
10 604.44037 919.5211 0.01764706 -181
11 556.3259 916.0611 0.01764706 -197
12 512.7348 911.726 0.01764706 -214
13 408.60123 914.9262 0.019607844 -231
14 384.89276 918.6371 0.019607844 -280
15 368.02002 922.4293 0.019607844 -297
16 350.88696 928.1126 0.019607844 -313
17 345.60526 930.0529 0.019607844 -346
18 341.8559 931.9284 0.019607844 -363
19 338.0949 936.1045 0.019607844 -379
20 336.52808 939.8311 0.019607844 -396
21 334.5553 948.18066 0.019607844 -412
22 332.65158 969.9797 0.01764706 -429
23 330.75616 996.54504 0.019607844 -445
24 327.82764 1033.838 0.019607844 -462
25 325.08746 1081.1923 0.019607844 -479
26 322.9618 1139.5382 0.019607844 -495
27 321.70212 1209.688 0.01764706 -512
28 321.09448 1291.4803 0.01764706 -528
29 318.0112 1363.6218 0.019607844 -545
30 312.12485 1432.2303 0.019607844 -561
31 305.80508 1492.5609 0.019607844 -578
32 300.43173 1535.9407 0.01764706 -594
33 295.8832 1567.5048 0.019607844 -611
34 290.4086 1591.461 0.019607844 -627
35 287.00522 1606.0797 0.01764706 -644
36 286.7345 1614.5251 0.01764706 -660
37 286.7345 1620.1573 0.01764706 -677
38 286.7345 1620.1561 0.01764706 -693
39 286.7345 1620.1561 0.01764706 -699
0 1000.07404 712.62885 0.019607844 -6
1 1000.07404 712.62885 0.01764706 -6
2 999.0991 711.6535 0.01764706 -31
3 988.2537 708.6309 0.01764706 -47
4 979.5929 713.12854 0.01764706 -80
5 959.5478 714.6278 0.01764706 -95
6 935.25275 720.401 0.01764706 -114
7 900.94775 725.64386 0.01764706 -130
8 858.79895 726.5478 0.01764706 -147
9 815.1744 724.79144 0.01764706 -163
10 772.9408 721.1414 0.01764706 -180
11 692.25934 726.15857 0.01764706 -196
12 661.8935 717.9273 0.01764706 -229
13 636.8222 724.05426 0.01764706 -246
14 615.60486 726.704 0.01764706 -262
15 604.51227 728.6061 0.01764706 -279
16 596.73553 728.6205 0.01764706 -295
17 591.94696 728.6205 0.01764706 -312
18 588.7912 728.6205 0.01764706 -328
19 586.9201 728.6205 0.01764706 -345
20 585.0243 728.6205 0.01764706 -361
21 583.1728 728.9076 0.01764706 -378
22 575.8406 752.1133 0.01764706 -394
23 571.14014 799.4462 0.01764706 -427
24 571.14014 799.4462 0.01764706 -444
25 569.4727 893.5346 0.01764706 -468
26 569.4727 1010.5991 0.01764706 -468
27 569.4727 1015.47107 0.01764706 -494
28 569.4727 1059.4481 0.01764706 -495
29 566.47546 1140.406 0.01764706 -519
30 560.481 1250.3488 0.01764706 -519
31 556.48474 1287.3295 0.01764706 -544
32 554.4866 1307.3191 0.01764706 -561
33 533.25024 1411.0331 0.01764706 -561
34 529.81256 1421.0472 0.01764706 -626
35 527.833 1426.6135 0.01764706 -642
36 527.5116 1427.2566 0.01764706 -659
37 526.5125 1429.2556 0.01764706 -661
0 806.2535 398.7923 0.019607844 -76
1 793.10126 399.6526 0.019607844 -76
2 752.40295 402.06207 0.019607844 -99
3 671.611 404.44492 0.01764706 -132
4 625.3922 406.07895 0.019607844 -165
5 584.067 407.45737 0.019607844 -182
6 542.55115 406.41708 0.01764706 -198
7 477.50586 404.29312 0.01764706 -215
8 438.06635 406.78812 0.019607844 -248
9 418.86484 404.59512 0.01764706 -281
10 406.72403 403.78967 0.019607844 -297
11 398.575 403.78967 0.019607844 -314
12 392.11 403.78967 0.019607844 -330
13 388.44614 403.78967 0.019607844 -347
14 384.64383 403.78967 0.019607844 -363
15 383.33932 403.78967 0.019607844 -379
16 381.46512 403.78967 0.019607844 -396
17 377.47128 406.96722 0.019607844 -413
18 371.76196 427.35275 0.019607844 -429
19 366.91992 451.20694 0.019607844 -446
20 363.13275 487.05667 0.01764706 -462
21 359.99783 532.11926 0.019607844 -479
22 358.16837 586.6944 0.01764706 -496
23 358.6679 649.2443 0.019607844 -512
24 358.6679 710.2312 0.019607844 -529
25 359.667 772.2627 0.019607844 -545
26 359.667 831.727 0.01764706 -562
27 357.66882 956.95685 0.01764706 -578
28 353.44946 1001.82245 0.01764706 -611
29 351.67438 1034.4509 0.01764706 -628
30 350.6753 1049.4534 0.01764706 -644
31 375.65216 1093.4304 0.023529414 -652
0 802.2572 383.8001 0.019607844 -8
1 802.2572 383.8001 0.019607844 -8
2 799.3275 382.80063 0.019607844 -33
3 795.4751 382.80063 0.019607844 -50
4 787.3909 382.80063 0.019607844 -66
5 774.85675 383.8001 0.01764706 -83
6 754.7641 386.16922 0.019607844 -99
7 724.34106 389.0901 0.01764706 -116
8 686.8425 391.79593 0.01764706 -132
9 638.67706 392.7954 0.01764706 -149
10 585.70154 392.26868 0.01764706 -166
11 536.10095 388.88522 0.01764706 -182
12 489.07556 388.33887 0.01764706 -199
13 419.81763 388.7975 0.019607844 -215
14 376.30902 392.7954 0.019607844 -248
15 353.8711 392.7954 0.01764706 -281
16 348.63254 392.7954 0.01764706 -314
17 344.96695 392.7954 0.01764706 -331
18 343.55478 394.92142 0.019607844 -347
19 343.68176 396.79654 0.019607844 -364
20 342.7692 399.61874 0.019607844 -380
21 342.6827 404.23938 0.019607844 -397
22 342.6827 412.24442 0.019607844 -413
23 342.6827 424.17224 0.01764706 -430
24 341.72134 443.54248 0.019607844 -446
25 340.28854 474.68005 0.01764706 -463
26 338.37793 516.83203 0.01764706 -479
27 343.4454 581.0947 0.01764706 -496
28 349.51846 654.6588 0.01764706 -513
29 364.46713 838.2187 0.019607844 -529
30 365.80777 945.13904 0.01764706 -562
31 362.6642 1010.28564 0.019607844 -595
32 360.80518 1035.7894 0.01764706 -628
33 359.667 1056.8799 0.01764706 -645
34 359.36093 1085.5966 0.01764706 -661
35 360.66605 1093.4304 0.01764706 -694
36 360.66605 1093.4304 0.01764706 -704
0 806.2535 378.8027 0.019607844 -84
1 787.0121 378.8027 0.019607844 -84
2 729.2725 380.80167 0.01764706 -98
3 655.3736 385.46915 0.019607844 -131
4 612.9095 388.36694 0.01764706 -164
5 573.3514 390.79645 0.01764706 -181
6 535.90466 392.68948 0.019607844 -197
7 498.88052 393.7949 0.01764706 -214
8 446.38425 397.79282 0.019607844 -230
9 404.47687 398.68594 0.01764706 -263
10 392.06705 400.7053 0.019607844 -296
11 385.34293 402.55707 0.019607844 -313
12 380.40918 404.40866 0.019607844 -329
13 376.68314 406.27243 0.019607844 -346
14 372.8488 408.19037 0.019607844 -362
15 371.46826 409.97427 0.019607844 -379
16 367.3906 416.3216 0.019607844 -395
17 363.59448 437.1853 0.01764706 -412
18 361.74582 468.3023 0.019607844 -428
19 363.08755 578.32635 0.019607844 -445
20 366.9906 662.2805 0.019607844 -478
21 375.40436 752.6267 0.01764706 -495
22 382.6457 812.5768 0.01764706 -511
23 382.6457 812.5768 0.01764706 -522
24 564.47736 1097.4283 0.01764706 -547
25 557.4838 1161.395 0.01764706 -547
26 557.4838 1161.395 0.01764706 -580
27 542.4977 1241.3534 0.01764706 -606
28 542.4977 1252.3477 0.01764706 -606
29 542.4977 1254.3467 0.01764706 -639
0 769.2877 935.51276 0.019607844 -94
1 752.3924 935.51276 0.019607844 -94
2 730.98834 934.9488 0.019607844 -115
3 702.5148 932.9944 0.019607844 -131
4 667.68774 931.0321 0.019607844 -148
5 628.97125 929.0438 0.019607844 -164
6 590.8943 929.51587 0.019607844 -181
7 552.86566 929.51587 0.019607844 -197
8 516.58386 929.51587 0.019607844 -214
9 476.5821 931.61884 0.019607844 -231
10 419.28876 933.308 0.019607844 -247
11 398.33032 933.5138 0.019607844 -280
12 383.77362 933.5138 0.019607844 -297
13 372.40494 933.5138 0.019607844 -313
14 364.0947 933.5138 0.019607844 -330
15 358.09216 933.5138 0.019607844 -346
16 353.52 933.5138 0.019607844 -363
17 349.92538 933.5138 0.019607844 -379
18 342.50818 936.6868 0.019607844 -396
19 332.33374 948.98376 0.019607844 -429
20 326.2256 962.60077 0.019607844 -462
21 318.289 982.633 0.019607844 -478
22 306.72348 1024.435 0.019607844 -495
23 306.716 1024.4664 0.019607844 -511
24 300.72156 1047.4545 0.019607844 -511
25 290.7308 1098.4279 0.019607844 -537
26 281.73914 1159.3961 0.019607844 -537
27 277.74283 1191.3795 0.019607844 -555
28 272.74747 1225.3618 0.019607844 -572
29 268.75116 1261.343 0.019607844 -572
30 264.75485 1292.3269 0.019607844 -589
31 260.75854 1327.3087 0.019607844 -589
32 257.76132 1355.2941 0.019607844 -606
33 250.7678 1412.2644 0.019607844 -606
34 246.77151 1434.2529 0.019607844 -623
35 243.77429 1453.243 0.019607844 -640
36 234.9854 1540.6035 0.01764706 -640
37 234.9854 1540.6035 0.01764706 -743
0 792.2664 909.52625 0.019607844 -76
1 777.1571 911.16583 0.019607844 -76
2 760.04376 913.21906 0.019607844 -98
3 735.6267 913.5242 0.019607844 -114
4 704.87714 913.9081 0.01764706 -131
5 667.6411 911.3319 0.01764706 -147
6 626.4019 905.81134 0.01764706 -164
7 587.4564 900.4834 0.01764706 -180
8 545.5291 896.5365 0.01764706 -197
9 510.0109 894.53406 0.01764706 -214
10 479.0758 894.85394 0.01764706 -230
11 433.44037 899.76306 0.019607844 -247
12 415.50626 903.55664 0.019607844 -280
13 404.01852 905.4498 0.019607844 -296
14 397.29318 907.30707 0.019607844 -313
15 392.369 909.1603 0.019607844 -329
16 388.5254 911.0829 0.019607844 -346
17 384.776 912.9584 0.019607844 -362
18 381.0576 917.11194 0.019607844 -379
19 375.14966 925.35626 0.019607844 -395
20 370.4391 936.16614 0.019607844 -412
21 363.68103 960.4227 0.019607844 -428
22 356.15778 987.6573 0.019607844 -445
23 350.24838 1022.64954 0.019607844 -461
24 343.5102 1067.542 0.019607844 -478
25 336.76645 1119.3531 0.019607844 -494
26 331.19336 1175.8876 0.019607844 -511
27 327.702 1245.7612 0.019607844 -527
28 325.29544 1311.2247 0.019607844 -544
29 325.29544 1311.2247 0.019607844 -561
30 320.70306 1394.2738 0.019607844 -582
31 314.70862 1446.2467 0.019607844 -582
32 311.71136 1468.2352 0.019607844 -599
33 304.71786 1508.2145 0.019607844 -624
34 301.72064 1524.206 0.019607844 -624
35 298.72342 1539.1982 0.019607844 -633
36 292.72894 1563.1858 0.019607844 -657
37 285.6036 1597.9594 0.019607844 -657
38 285.73544 1606.4896 0.019607844 -693
39 285.73544 1609.1619 0.019607844 -709
40 285.73544 1611.1608 0.019607844 -717
0 983.0897 537.7199 0.01764706 0
1 983.0897 537.7199 0.01764706 0
2 982.1536 536.7835 0.01764706 -27
3 978.3339 534.8413 0.01764706 -48
4 972.6302 532.89935 0.01764706 -65
5 958.7974 532.72253 0.01764706 -81
6 938.94165 526.72565 0.01764706 -98
7 910.14166 524.0552 0.01764706 -114
8 873.60815 519.8542 0.01764706 -131
9 833.53503 511.982 0.01764706 -147
10 786.10834 506.67642 0.013725491 -164
11 737.8817 503.42297 0.015686275 -180
12 697.82983 501.73868 0.015686275 -197
13 661.0076 500.7392 0.01764706 -214
14 635.0467 500.7392 0.015686275 -230
15 597.9014 500.7392 0.015686275 -247
16 584.19244 500.7392 0.01764706 -280
17 575.4487 500.7392 0.01764706 -296
18 569.75635 500.7392 0.01764706 -313
19 566.0535 500.7392 0.01764706 -329
20 563.9442 500.7392 0.01764706 -346
21 561.69904 501.51965 0.01764706 -362
22 556.48456 510.73477 0.01764706 -379
23 550.6078 539.8369 0.01764706 -412
24 544.149 612.847 0.01764706 -445
25 542.8092 670.9204 0.01764706 -478
26 543.1196 735.0473 0.01764706 -494
27 546.15234 814.8934 0.01764706 -511
28 546.9613 881.31555 0.01764706 -527
29 545.5957 932.7072 0.01764706 -544
30 542.0884 977.50323 0.01764706 -561
31 537.06055 1044.9832 0.01764706 -577
32 536.50323 1067.738 0.01764706 -610
33 536.50323 1081.2587 0.01764706 -627
34 536.50323 1089.4419 0.015686275 -643
35 536.50323 1092.431 0.013725491 -660
36 536.50323 1092.431 0.013725491 -666
0 792.2664 910.52576 0.019607844 -77
1 771.07886 913.9034 0.019607844 -77
2 722.83075 921.52 0.019607844 -99
3 689.91144 925.512 0.019607844 -132
4 652.6188 925.51794 0.019607844 -149
5 613.86707 924.19037 0.01764706 -165
6 576.0504 921.2351 0.01764706 -182
7 494.67828 918.5216 0.019607844 -198
8 468.79483 919.5803 0.019607844 -232
9 418.27414 927.2401 0.019607844 -248
10 400.1112 932.52655 0.019607844 -298
11 388.8544 941.2953 0.019607844 -331
12 383.01578 949.55475 0.019607844 -364
13 376.3539 967.389 0.019607844 -380
14 370.80215 991.85284 0.019607844 -397
15 365.06146 1024.9362 0.019607844 -413
16 361.12222 1071.2782 0.019607844 -430
17 358.98083 1125.3309 0.019607844 -446
18 357.0431 1186.676 0.019607844 -463
19 355.10983 1253.5559 0.019607844 -479
20 351.67438 1320.3123 0.019607844 -496
21 351.67438 1320.3123 0.019607844 -512
22 345.67993 1398.2717 0.019607844 -533
23 342.6827 1424.2582 0.019607844 -533
24 339.6855 1449.2451 0.019607844 -550
25 321.78192 1536.88 0.019607844 -550
26 318.11707 1552.251 0.019607844 -595
27 314.70862 1566.6619 0.01764706 -612
28 314.70862 1566.6619 0.01764706 -645
0 782.2757 948.506 0.01764706 -130
1 745.4606 949.50543 0.01764706 -130
2 711.3521 947.92786 0.01764706 -150
3 674.82367 946.5518 0.01764706 -167
4 633.0749 944.07745 0.01764706 -183
5 589.2832 940.76715 0.01764706 -200
6 546.4016 938.2344 0.01764706 -216
7 509.24603 936.5122 0.01764706 -233
8 444.3005 939.4598 0.019607844 -249
9 423.46536 941.4239 0.019607844 -283
10 409.85104 943.3036 0.019607844 -299
11 401.0162 944.50806 0.019607844 -316
12 395.13956 944.50806 0.019607844 -332
13 389.56244 944.50806 0.019607844 -349
14 386.2975 944.50806 0.019607844 -365
15 384.61325 944.50806 0.019607844 -382
16 380.83984 947.3141 0.019607844 -398
17 377.09445 954.39386 0.019607844 -415
18 373.65405 964.4977 0.019607844 -431
19 369.5858 985.9185 0.019607844 -446
20 364.7202 1017.36194 0.019607844 -464
21 360.87137 1063.3776 0.019607844 -481
22 359.35342 1123.4584 0.019607844 -497
23 356.96796 1196.004 0.01764706 -514
24 352.02347 1307.0658 0.019607844 -530
25 346.2897 1369.5729 0.019607844 -547
26 331.1978 1456.9711 0.019607844 -563
27 324.74738 1482.0679 0.019607844 -596
28 320.74792 1495.109 0.019607844 -613
29 318.745 1502.0972 0.019607844 -630
30 317.70584 1506.0962 0.01764706 -646
31 317.70584 1506.2155 0.01764706 -663
32 317.70584 1507.215 0.01764706 -663
0 978.09436 704.633 0.019607844 0
1 978.09436 704.633 0.01764706 0
2 976.117 704.633 0.01764706 -24
3 968.44855 704.633 0.01764706 -41
4 927.7232 717.6709 0.01764706 -57
5 893.516 724.0656 0.01764706 -90
6 853.5248 716.4487 0.01764706 -107
7 810.6231 716.4599 0.015686275 -123
8 766.8558 708.2537 0.01764706 -140
9 725.7033 705.8511 0.01764706 -156
10 692.3507 705.63245 0.01764706 -173
11 663.43585 706.2955 0.01764706 -189
12 639.4139 713.80786 0.01764706 -206
13 620.2402 720.02014 0.01764706 -222
14 590.0507 726.8552 0.01764706 -239
15 581.86334 728.7699 0.01764706 -272
16 575.5086 728.6205 0.01764706 -288
17 571.8772 728.6205 0.01764706 -305
18 569.8401 728.6205 0.019607844 -322
19 568.0168 728.6205 0.01764706 -338
20 566.171 728.6205 0.01764706 -355
21 564.2861 728.6205 0.01764706 -371
22 560.7112 736.6947 0.01764706 -388
23 556.0016 773.8179 0.01764706 -421
24 552.36554 814.80585 0.01764706 -454
25 549.4912 869.1151 0.01764706 -470
26 548.1503 930.8303 0.01764706 -487
27 548.4921 1004.9923 0.01764706 -503
28 548.4921 1091.2535 0.01764706 -520
29 547.1408 1195.6595 0.01764706 -536
30 543.25287 1256.763 0.01764706 -553
31 540.4284 1308.6704 0.01764706 -569
32 536.4914 1342.4014 0.01764706 -586
33 530.5088 1400.021 0.01764706 -602
34 530.5088 1404.2686 0.01764706 -652
35 530.5088 1407.267 0.01764706 -661
0 760.296 922.5195 0.019607844 -52
1 752.49194 923.2814 0.019607844 -52
2 739.9532 925.85815 0.019607844 -66
3 718.5903 929.1118 0.01764706 -82
4 688.5942 929.97296 0.01764706 -99
5 653.0747 927.48486 0.01764706 -115
6 611.22266 923.1267 0.01764706 -132
7 566.3755 917.3847 0.01764706 -148
8 524.76776 912.7868 0.01764706 -165
9 484.2644 911.2316 0.01764706 -181
10 418.84976 914.0256 0.01764706 -198
11 381.06354 921.16614 0.019607844 -231
12 364.10464 925.0376 0.019607844 -264
13 359.72342 926.98895 0.019607844 -297
14 357.3825 927.5169 0.019607844 -313
15 355.49344 929.6932 0.019607844 -330
16 352.59222 936.7154 0.019607844 -347
17 348.78946 947.1694 0.019607844 -363
18 345.00333 963.8841 0.019607844 -380
19 341.1726 988.82117 0.01764706 -396
20 336.68826 1077.7655 0.019607844 -413
21 338.2008 1162.0094 0.01764706 -446
22 341.15662 1250.5013 0.01764706 -462
23 341.68362 1344.6908 0.01764706 -479
24 339.2782 1440.8176 0.019607844 -495
25 332.35052 1518.9619 0.01764706 -512
26 323.27487 1573.735 0.01764706 -528
27 323.27487 1573.735 0.01764706 -545
28 313.70953 1615.1587 0.019607844 -567
29 308.41858 1634.3322 0.019607844 -567
30 306.46872 1636.3953 0.01764706 -594
31 306.46872 1636.3953 0.01764706 -611
0 780.2775 373.8053 0.019607844 0
1 780.2775 373.8053 0.019607844 0
2 775.43585 373.8053 0.019607844 -32
3 763.02435 375.71295 0.019607844 -48
4 742.1532 379.5192 0.01764706 -65
5 672.63684 387.25397 0.01764706 -82
6 575.00934 394.79437 0.01764706 -115
7 522.9879 395.0931 0.01764706 -148
8 483.89667 396.08875 0.01764706 -164
9 455.3518 398.34842 0.019607844 -181
10 430.4621 397.79282 0.01764706 -197
11 400.19153 400.0313 0.019607844 -214
12 392.09494 401.92615 0.019607844 -247
13 387.719 402.7902 0.019607844 -263
14 383.04907 403.38614 0.01764706 -280
15 380.59546 405.84076 0.019607844 -313
16 376.8186 411.03467 0.019607844 -329
17 373.04425 422.6109 0.01764706 -346
18 367.8708 441.3987 0.01764706 -362
19 363.29858 478.79257 0.01764706 -379
20 359.75998 525.2137 0.019607844 -395
21 357.72845 582.9062 0.019607844 -412
22 357.66882 646.16797 0.019607844 -429
23 356.1018 712.0777 0.01764706 -445
24 356.66974 779.1534 0.01764706 -462
25 356.66974 843.5315 0.01764706 -478
26 356.03275 900.74634 0.01764706 -495
27 355.6707 943.5927 0.01764706 -511
28 355.12183 974.634 0.01764706 -528
29 353.1654 996.54156 0.01764706 -544
30 351.17484 1010.9734 0.01764706 -561
31 349.67624 1017.47003 0.01764706 -577
32 348.67715 1022.46747 0.01764706 -590
0 782.2757 865.5492 0.019607844 -6
1 780.743 865.5492 0.019607844 -6
2 771.33075 868.19946 0.019607844 -56
3 755.0823 872.711 0.019607844 -73
4 701.27893 885.05096 0.01764706 -89
5 621.6403 895.5139 0.01764706 -122
6 584.45886 899.5315 0.01764706 -156
7 548.0953 903.30817 0.019607844 -172
8 517.34 905.10425 0.01764706 -189
9 455.61124 909.63544 0.01764706 -205
10 413.56973 912.41895 0.019607844 -238
11 390.02274 916.24603 0.019607844 -271
12 381.77597 919.9561 0.019607844 -304
13 375.85574 925.9127 0.019607844 -321
14 369.72775 935.40765 0.019607844 -337
15 362.17755 949.4797 0.019607844 -354
16 354.6032 974.2322 0.019607844 -370
17 346.88925 1012.61774 0.019607844 -387
18 340.33167 1100.9004 0.019607844 -403
19 335.51196 1171.5183 0.019607844 -420
20 322.47757 1318.3577 0.019607844 -436
21 305.39844 1452.3047 0.019607844 -469
22 298.3777 1498.424 0.019607844 -503
23 289.0843 1558.6686 0.01764706 -519
24 288.73267 1575.4183 0.01764706 -552
25 288.73267 1577.1785 0.01764706 -569
26 288.73267 1577.1785 0.01764706 -571
0 789.2692 376.80374 0.019607844 0
1 789.2692 376.80374 0.019607844 0
2 789.2692 376.80374 0.019607844 -42
3 787.27106 376.80374 0.019607844 -43
4 778.27936 376.80374 0.01764706 -68
5 700.8145 379.8022 0.019607844 -68
6 666.40924 379.13733 0.019607844 -125
7 631.1237 380.3872 0.019607844 -141
8 592.4514 380.80167 0.019607844 -158
9 555.4979 382.80063 0.01764706 -174
10 522.7065 385.52536 0.019607844 -191
11 488.2887 386.0651 0.019607844 -207
12 461.76288 386.99893 0.019607844 -224
13 395.97458 389.60547 0.019607844 -240
14 383.49884 389.79697 0.019607844 -290
15 373.59396 389.79697 0.019607844 -307
16 366.71527 389.79697 0.019607844 -323
17 358.29486 389.79697 0.019607844 -340
18 356.47208 389.79697 0.019607844 -373
19 353.52063 392.94736 0.019607844 -389
20 348.68857 402.76736 0.01764706 -406
21 345.7931 422.53403 0.01764706 -422
22 337.51474 494.40182 0.019607844 -439
23 336.5105 553.38055 0.01764706 -472
24 335.68918 625.6741 0.01764706 -488
25 338.13086 705.167 0.01764706 -505
26 341.436 786.00977 0.01764706 -521
27 340.98544 853.3987 0.01764706 -538
28 335.65942 904.7671 0.01764706 -554
29 335.65942 904.7671 0.023529414 -571
30 352.67346 984.48724 0.01764706 -594
31 333.89142 1010.5928 0.01764706 -594
32 328.18918 1022.4813 0.01764706 -620
33 328.18918 1022.4813 0.021568628 -637
0 769.2877 901.53046 0.019607844 -52
1 761.09094 901.53046 0.019607844 -52
2 748.34216 902.2757 0.019607844 -66
3 724.5792 904.22546 0.019607844 -83
4 694.8958 907.8006 0.019607844 -99
5 656.10815 909.52625 0.01764706 -116
6 617.0237 909.52625 0.01764706 -132
7 572.61646 907.5273 0.01764706 -149
8 532.40314 907.5273 0.01764706 -165
9 496.2342 908.5268 0.01764706 -182
10 431.69098 911.68677 0.019607844 -198
11 397.7992 916.3281 0.019607844 -231
12 379.71616 919.52106 0.019607844 -264
13 374.59146 920.52057 0.019607844 -297
14 370.82825 920.52057 0.019607844 -314
15 367.12708 922.7858 0.019607844 -330
16 363.29163 930.2594 0.019607844 -347
17 356.35556 949.55365 0.019607844 -364
18 349.70074 976.3934 0.019607844 -380
19 344.83902 1013.7304 0.019607844 -397
20 340.86673 1064.3395 0.019607844 -413
21 336.48035 1126.4385 0.019607844 -430
22 333.01886 1196.9429 0.019607844 -446
23 330.466 1274.6683 0.01764706 -463
24 323.37207 1353.6694 0.019607844 -479
25 315.50125 1421.5675 0.019607844 -496
26 307.7301 1481.1232 0.019607844 -512
27 301.798 1529.429 0.019607844 -529
28 297.8979 1562.97 0.019607844 -545
29 294.7271 1596.1357 0.01764706 -562
30 294.7271 1600.1272 0.01764706 -595
31 294.7271 1600.1272 0.01764706 -611
0 780.2775 902.5299 0.019607844 0
1 780.2775 902.5299 0.01764706 0
2 771.9672 902.5299 0.019607844 -25
3 757.5287 903.5007 0.019607844 -42
4 738.2641 906.3556 0.019607844 -58
5 714.3206 911.06805 0.019607844 -75
6 655.14386 920.3294 0.019607844 -91
7 581.3369 927.32947 0.01764706 -125
8 538.7815 930.02716 0.01764706 -158
9 502.99002 931.9337 0.01764706 -174
10 470.7375 933.8778 0.019607844 -191
11 443.83267 935.8016 0.019607844 -207
12 402.36795 937.5117 0.019607844 -224
13 392.1815 937.5117 0.019607844 -257
14 379.3218 937.5117 0.019607844 -273
15 374.701 937.5117 0.019607844 -306
16 372.38443 937.5117 0.019607844 -323
17 368.4318 941.85004 0.019607844 -339
18 363.72073 949.4096 0.019607844 -356
19 358.10767 965.0332 0.019607844 -372
20 352.36325 991.5763 0.019607844 -389
21 348.99646 1036.5112 0.019607844 -405
22 349.27875 1097.9014 0.019607844 -422
23 351.1748 1168.3915 0.019607844 -438
24 350.6753 1245.4594 0.019607844 -455
25 349.26672 1319.8887 0.019607844 -472
26 344.91733 1381.7301 0.019607844 -488
27 339.5597 1428.5125 0.019607844 -505
28 329.61777 1473.0795 0.019607844 -521
29 325.22092 1494.6112 0.019607844 -538
30 322.5137 1507.341 0.019607844 -554
31 321.70212 1515.7443 0.019607844 -571
32 321.70212 1520.2081 0.01764706 -587
33 321.70212 1521.2076 0.01764706 -603
0 978.09436 716.6267 0.019607844 0
1 978.09436 716.6267 0.01764706 0
2 973.42474 716.51807 0.01764706 -49
3 964.0148 714.779 0.01764706 -66
4 943.92865 716.6925 0.01764706 -82
5 881.2702 720.47595 0.01764706 -99
6 839.34686 720.1478 0.01764706 -132
7 797.53076 720.75745 0.01764706 -148
8 724.6677 730.0052 0.01764706 -165
9 691.0011 731.9761 0.01764706 -198
10 639.45734 734.6174 0.01764706 -215
11 616.79956 734.6174 0.01764706 -248
12 606.2489 734.6174 0.01764706 -281
13 603.352 735.16174 0.01764706 -314
14 599.9179 736.8795 0.01764706 -330
15 596.091 742.14905 0.01764706 -345
16 591.28033 756.1803 0.01764706 -362
17 585.48944 782.4452 0.01764706 -378
18 579.83014 822.0027 0.01764706 -395
19 573.7881 925.6581 0.01764706 -411
20 570.4718 1067.594 0.01764706 -444
21 566.46783 1200.4667 0.01764706 -477
22 562.3961 1249.805 0.01764706 -510
23 552.9578 1322.8173 0.01764706 -527
24 549.028 1364.316 0.01764706 -560
25 547.0406 1385.8074 0.01764706 -576
26 545.09894 1405.2314 0.01764706 -593
27 544.07495 1418.7887 0.01764706 -609
28 543.49677 1422.2592 0.01764706 -626
29 543.49677 1422.2592 0.01764706 -631
