0 799.25995 410.78604 0.019607844 -177
1 788.0958 407.7876 0.019607844 -177
2 766.2123 406.78812 0.019607844 -218
3 749.6 406.78812 0.019607844 -251
4 731.9344 406.78812 0.019607844 -268
5 704.4971 405.78864 0.019607844 -284
6 643.1969 401.99008 0.019607844 -301
7 588.66187 399.79178 0.019607844 -334
8 566.5169 399.79178 0.019607844 -367
9 539.8573 396.51328 0.019607844 -384
10 518.98376 396.79333 0.019607844 -400
11 501.76755 396.79333 0.019607844 -417
12 486.32617 395.18893 0.019607844 -433
13 474.65488 393.21408 0.019607844 -450
14 465.38177 391.35867 0.019607844 -466
15 458.53903 391.79593 0.019607844 -483
16 452.2415 391.79593 0.019607844 -499
17 446.77548 391.79593 0.019607844 -516
18 442.09753 391.79593 0.019607844 -532
19 438.5686 391.79593 0.019607844 -549
20 434.83795 391.79593 0.019607844 -565
21 429.02856 391.79593 0.019607844 -582
22 421.08362 395.30295 0.019607844 -615
23 415.47766 397.17236 0.019607844 -648
24 410.18262 400.08337 0.019607844 -665
25 403.92438 405.49042 0.019607844 -681
26 396.05927 414.7876 0.019607844 -698
27 380.0358 453.36624 0.019607844 -714
28 372.06863 505.40955 0.019607844 -747
29 370.6568 577.4145 0.019607844 -764
30 377.08313 653.26624 0.019607844 -780
31 380.64755 704.6836 0.019607844 -797
32 382.6457 752.57574 0.019607844 -813
33 379.6485 789.089 0.01764706 -830
34 378.34036 829.55096 0.019607844 -846
35 372.61765 858.73944 0.019607844 -863
36 370.40286 895.1089 0.019607844 -879
37 362.57523 965.902 0.019607844 -896
38 360.61804 998.2006 0.019607844 -929
39 361.66513 1029.8014 0.019607844 -946
40 361.66513 1043.4565 0.019607844 -962
41 382.6457 1093.4304 0.021568628 -971
42 380.64755 1098.4279 0.019607844 -996
43 378.88852 1105.4669 0.019607844 -996
44 377.65033 1113.1167 0.01764706 -1012
45 377.65033 1114.4196 0.01764706 -1028
46 401.6281 1151.4003 0.023529414 -1031
0 962.1092 556.71 0.01764706 -18
1 962.1092 556.71 0.01764706 -27
2 962.1092 556.71 0.019607844 -68
3 962.1092 556.71 0.019607844 -84
4 962.1092 556.71 0.01764706 -117
5 962.1092 556.71 0.01764706 -134
6 955.9768 554.6421 0.01764706 -150
7 945.653 551.8007 0.01764706 -167
8 932.134 549.1577 0.01764706 -184
9 905.6162 547.03326 0.01764706 -200
10 875.8671 545.59564 0.01764706 -217
11 838.62225 545.16876 0.01764706 -233
12 798.17896 544.7163 0.01764706 -250
13 717.3113 521.94946 0.01764706 -266
14 678.9451 513.828 0.01764706 -299
15 654.2522 509.3471 0.015686275 -316
16 634.3838 506.0974 0.01764706 -332
17 608.4975 503.7376 0.01764706 -349
18 599.9375 503.7376 0.01764706 -382
19 593.76086 503.7376 0.01764706 -398
20 590.0859 503.7376 0.01764706 -415
21 586.5401 503.7376 0.01764706 -431
22 579.4159 507.79898 0.01764706 -448
23 576.46625 510.73398 0.01764706 -481
24 576.46625 510.73398 0.01764706 -488
25 558.4829 566.70483 0.013725491 -515
26 555.0454 618.10187 0.01764706 -515
27 555.48566 628.67255 0.015686275 -547
28 555.48566 628.67255 0.015686275 -551
29 554.4866 785.5908 0.01764706 -568
30 561.73566 940.6957 0.015686275 -568
31 559.48193 990.4841 0.013725491 -613
32 559.48193 990.4841 0.013725491 -619
33 554.4866 1186.3821 0.013725491 -645
34 552.2659 1193.0468 0.01764706 -645
35 546.36017 1204.6405 0.01764706 -663
36 543.50256 1215.332 0.01764706 -679
37 542.4977 1221.9851 0.013725491 -696
38 540.6521 1227.0554 0.013725491 -712
39 540.4995 1230.1561 0.013725491 -729
40 538.5014 1231.3586 0.013725491 -746
41 538.5014 1231.3586 0.013725491 -764
0 991.08234 539.7189 0.01764706 -8
1 991.08234 539.7189 0.01764706 -8
2 991.08234 539.7189 0.01764706 -25
3 989.50745 538.93115 0.01764706 -41
4 985.509 538.7194 0.01764706 -74
5 978.51807 538.7194 0.01764706 -91
6 962.3839 537.08417 0.01764706 -107
7 943.1086 536.17365 0.01764706 -124
8 882.66455 534.4151 0.01764706 -141
9 842.00616 524.8056 0.013725491 -174
10 782.82245 516.58923 0.01764706 -190
11 734.62775 510.76074 0.015686275 -207
12 659.5205 503.4884 0.015686275 -223
13 625.164 501.73868 0.01764706 -256
14 601.72516 501.73868 0.015686275 -273
15 582.1752 500.44064 0.01764706 -289
16 570.5941 498.59406 0.01764706 -306
17 563.576 498.74023 0.01764706 -322
18 558.96735 498.74023 0.01764706 -339
19 555.37683 498.74023 0.01764706 -355
20 553.11633 498.74023 0.01764706 -372
21 551.31165 498.74023 0.01764706 -388
22 547.64514 502.97678 0.01764706 -405
23 544.7845 511.578 0.01764706 -438
24 542.9385 518.96497 0.01764706 -455
25 541.075 527.84485 0.015686275 -471
26 537.82684 561.4725 0.01764706 -488
27 535.0688 601.7875 0.01764706 -504
28 536.50323 684.67926 0.015686275 -521
29 538.46454 781.596 0.01764706 -537
30 545.12 869.3574 0.01764706 -554
31 548.8741 962.5141 0.013725491 -570
32 548.4921 1001.4784 0.013725491 -587
33 548.4921 1001.4784 0.013725491 -597
34 543.49677 1165.393 0.01764706 -622
35 543.49677 1165.393 0.01764706 -622
36 542.4977 1191.3795 0.013725491 -639
37 536.5587 1206.2885 0.01764706 -639
38 530.49084 1214.8942 0.01764706 -669
39 524.2222 1223.9473 0.01764706 -686
40 522.1074 1225.7708 0.013725491 -719
41 522.1074 1225.7708 0.013725491 -736
0 821.2396 422.7798 0.019607844 -94
1 814.8457 419.0818 0.019607844 -94
2 797.23785 413.28076 0.019607844 -108
3 755.4638 406.38528 0.019607844 -140
4 718.9976 402.35886 0.019607844 -173
5 683.32324 400.21594 0.019607844 -189
6 641.65106 401.06516 0.019607844 -206
7 588.9418 398.7923 0.019607844 -222
8 542.0734 395.8623 0.019607844 -239
9 500.28317 393.7949 0.019607844 -255
10 468.3435 394.4547 0.019607844 -272
11 437.49323 393.7949 0.019607844 -288
12 398.0907 393.7949 0.019607844 -305
13 388.3515 393.7949 0.019607844 -338
14 381.13382 393.7949 0.019607844 -354
15 374.72687 394.79437 0.019607844 -371
16 369.25827 396.26022 0.019607844 -388
17 366.14566 395.79385 0.019607844 -404
18 362.42413 397.9129 0.019607844 -421
19 353.56213 409.60068 0.019607844 -437
20 349.67252 427.79205 0.019607844 -470
21 343.50122 454.4862 0.019607844 -487
22 337.4051 500.28183 0.019607844 -503
23 333.36588 566.0732 0.019607844 -520
24 334.6901 638.6219 0.01764706 -536
25 342.5065 744.19617 0.019607844 -553
26 357.57767 945.6828 0.019607844 -569
27 359.65643 1001.21436 0.01764706 -602
28 360.66605 1038.6439 0.01764706 -619
29 359.75516 1060.5651 0.019607844 -635
30 357.8066 1073.6134 0.019607844 -652
31 357.66882 1080.9482 0.01764706 -668
32 357.66882 1086.1008 0.01764706 -685
33 357.66882 1087.4336 0.01764706 -701
34 357.66882 1088.4331 0.01764706 -711
0 811.24884 394.79437 0.019607844 -8
1 810.7667 394.79437 0.019607844 -8
2 807.1733 394.79437 0.019607844 -83
3 802.91296 394.79437 0.019607844 -99
4 797.041 394.79437 0.019607844 -116
5 784.77875 394.79437 0.01764706 -132
6 734.4524 390.74225 0.019607844 -149
7 691.0105 387.4028 0.01764706 -182
8 630.8494 385.7106 0.019607844 -198
9 583.6244 382.80722 0.019607844 -215
10 544.0276 382.80063 0.019607844 -231
11 477.34845 383.8001 0.019607844 -248
12 423.52475 383.8001 0.019607844 -281
13 402.73514 382.41162 0.019607844 -314
14 392.7139 381.80115 0.019607844 -330
15 384.56235 381.80115 0.019607844 -347
16 377.25363 380.00305 0.019607844 -363
17 373.0481 378.8027 0.019607844 -380
18 371.2569 378.8027 0.019607844 -397
19 369.42438 378.8027 0.019607844 -413
20 367.55057 380.9107 0.019607844 -430
21 361.91638 406.7703 0.019607844 -446
22 357.48135 436.16943 0.019607844 -479
23 353.7886 485.3296 0.019607844 -496
24 354.71353 553.50903 0.019607844 -512
25 359.81976 628.42914 0.019607844 -529
26 365.17413 727.90247 0.01764706 -545
27 367.65958 754.60693 0.01764706 -562
28 410.6198 852.55597 0.023529414 -568
29 395.63367 885.53876 0.01764706 -593
30 418.6124 969.49506 0.023529414 -593
31 405.62442 987.48566 0.01764706 -602
32 395.63367 1012.47266 0.01764706 -619
33 373.86978 1097.0248 0.01764706 -619
34 370.68027 1116.2306 0.01764706 -661
35 368.71704 1127.1792 0.01764706 -677
36 367.65958 1134.1869 0.01764706 -694
37 367.65958 1136.4081 0.01764706 -710
38 367.65958 1137.4076 0.01764706 -719
0 804.2553 382.80063 0.019607844 0
1 800.7921 380.33545 0.019607844 0
2 795.01666 379.8022 0.019607844 -82
3 779.435 378.8027 0.019607844 -115
4 725.0116 380.759 0.019607844 -148
5 682.9 381.77582 0.01764706 -181
6 639.0965 383.69263 0.019607844 -197
7 594.6755 384.001 0.019607844 -214
8 549.5243 382.3255 0.01764706 -230
9 469.22882 377.28665 0.019607844 -247
10 437.1267 375.30695 0.019607844 -280
11 414.21768 372.07306 0.019607844 -296
12 400.37476 371.80634 0.019607844 -313
13 391.48233 371.80634 0.019607844 -329
14 385.03278 371.80634 0.019607844 -346
15 379.20456 371.80634 0.019607844 -363
16 376.25854 371.80634 0.019607844 -396
17 372.67276 377.74973 0.01764706 -412
18 368.7165 392.53513 0.019607844 -445
19 364.9142 418.76508 0.019607844 -462
20 362.127 459.51938 0.019607844 -478
21 360.0095 519.359 0.019607844 -495
22 361.7893 595.42413 0.019607844 -511
23 362.6642 614.6798 0.019607844 -528
24 362.6642 614.6798 0.019607844 -532
25 554.4866 978.49036 0.01764706 -566
26 564.47736 1111.4211 0.015686275 -566
27 564.47736 1111.4211 0.015686275 -599
28 566.47546 1246.3508 0.015686275 -624
29 565.47644 1250.3488 0.01764706 -624
30 565.47644 1250.3488 0.01764706 -633
31 559.48193 1311.317 0.015686275 -666
32 559.48193 1311.317 0.015686275 -666
33 559.48193 1311.317 0.015686275 -693
34 559.48193 1311.317 0.015686275 -708
0 795.2637 361.81155 0.019607844 0
1 795.2637 361.81155 0.019607844 0
2 794.50574 361.81155 0.019607844 -42
3 789.4696 361.81155 0.019607844 -66
4 772.71985 366.33078 0.019607844 -83
5 721.18396 374.43463 0.019607844 -116
6 680.6313 379.58484 0.01764706 -149
7 573.9759 386.72504 0.01764706 -165
8 516.3445 390.84003 0.01764706 -198
9 478.21613 393.72556 0.01764706 -215
10 418.41125 398.50024 0.01764706 -231
11 399.28918 401.12634 0.019607844 -264
12 380.72864 405.01874 0.019607844 -281
13 373.77527 407.08084 0.019607844 -314
14 370.4344 407.89886 0.019607844 -330
15 367.62598 407.7876 0.019607844 -347
16 365.7779 408.78708 0.019607844 -364
17 362.27408 413.56558 0.019607844 -380
18 360.66605 424.30203 0.019607844 -413
19 359.25635 439.05963 0.01764706 -430
20 359.667 466.536 0.019607844 -446
21 362.11127 511.31567 0.019607844 -463
22 369.60583 576.99493 0.01764706 -479
23 381.97305 698.04614 0.01764706 -496
24 381.97305 698.04614 0.01764706 -512
25 569.4727 1001.4784 0.013725491 -536
26 539.5005 994.482 0.023529414 -536
27 484.55133 993.48254 0.023529414 -561
28 465.5689 996.48096 0.01764706 -561
29 456.57724 1002.47784 0.01764706 -578
30 462.5717 1038.4591 0.023529414 -578
31 452.58093 1041.4575 0.01764706 -586
32 444.58835 1044.4559 0.01764706 -603
33 430.6013 1051.4524 0.01764706 -603
34 427.60406 1052.4518 0.01764706 -628
0 966.10547 482.74857 0.01764706 -24
1 966.10547 482.74857 0.01764706 -32
2 966.10547 482.74857 0.01764706 -98
3 966.10547 482.74857 0.01764706 -131
4 959.6875 483.55612 0.01764706 -147
5 945.5008 483.74805 0.01764706 -180
6 928.8898 485.47217 0.01764706 -197
7 873.59937 490.63757 0.01764706 -213
8 789.71936 490.7444 0.01764706 -246
9 708.72186 487.52597 0.01764706 -280
10 674.83887 485.3543 0.01764706 -313
11 644.2693 485.81 0.01764706 -329
12 622.634 487.7249 0.01764706 -346
13 610.26776 489.60617 0.01764706 -362
14 601.48987 489.7449 0.015686275 -379
15 591.8595 489.7449 0.01764706 -395
16 587.6157 489.7449 0.015686275 -428
17 583.95746 489.7449 0.015686275 -445
18 580.11957 489.7449 0.015686275 -461
19 573.2644 499.06772 0.01764706 -478
20 565.77563 514.1333 0.01764706 -494
21 551.8857 586.1244 0.01764706 -511
22 544.99536 695.6377 0.01764706 -544
23 554.14777 872.13776 0.013725491 -576
24 553.3241 1034.5679 0.01764706 -610
25 551.95013 1107.6614 0.01764706 -643
26 551.95013 1107.6614 0.01764706 -660
27 544.49585 1232.3582 0.01764706 -683
28 544.49585 1232.3582 0.01764706 -683
29 544.49585 1232.3582 0.01764706 -709
0 1004.0703 507.73553 0.01764706 -8
1 997.4531 514.3554 0.01764706 -8
2 994.2665 516.5439 0.01764706 -32
3 992.37286 518.43823 0.01764706 -49
4 990.47797 520.33386 0.01764706 -65
5 988.571 521.7283 0.01764706 -82
6 986.68176 521.7283 0.01764706 -98
7 984.7076 521.7283 0.01764706 -115
8 980.3297 522.9818 0.01764706 -131
9 950.9559 528.7623 0.01764706 -148
10 915.5327 532.89294 0.01764706 -181
11 879.91815 537.7466 0.01764706 -198
12 838.49677 540.5911 0.01764706 -214
13 750.02515 540.0156 0.01764706 -231
14 703.9313 536.179 0.01764706 -264
15 604.8478 509.2135 0.015686275 -280
16 584.74506 505.2726 0.01764706 -330
17 572.451 503.4013 0.01764706 -346
18 564.7474 501.55634 0.01764706 -363
19 559.2998 499.679 0.01764706 -379
20 555.6622 499.73972 0.01764706 -396
21 552.7604 499.73972 0.01764706 -412
22 550.98987 499.73972 0.01764706 -429
23 547.6072 504.50882 0.01764706 -445
24 543.81104 512.1042 0.01764706 -462
25 540.0203 523.1663 0.01764706 -478
26 537.1127 548.2247 0.01764706 -495
27 533.26807 602.9417 0.01764706 -512
28 533.50604 656.247 0.015686275 -528
29 535.50415 793.8681 0.01764706 -545
30 540.0702 947.30884 0.01764706 -578
31 538.8856 1000.326 0.01764706 -611
32 536.95703 1053.2759 0.01764706 -627
33 533.4522 1101.4917 0.01764706 -644
34 530.5088 1132.2505 0.01764706 -660
35 527.6496 1171.7313 0.01764706 -677
36 523.6088 1197.8141 0.015686275 -693
37 524.51434 1215.3136 0.013725491 -710
38 524.51434 1224.3623 0.015686275 -726
39 524.51434 1238.355 0.015686275 -731
0 1001.07306 506.73605 0.01764706 -8
1 999.07495 510.54602 0.01764706 -8
2 999.07495 512.53876 0.01764706 -32
3 998.38055 513.0377 0.01764706 -49
4 993.08057 509.23474 0.015686275 -66
5 986.319 507.29382 0.01764706 -98
6 974.94617 512.45013 0.01764706 -115
7 953.08984 518.55566 0.01764706 -132
8 921.6009 522.1452 0.01764706 -148
9 885.7709 521.2398 0.01764706 -165
10 819.76764 509.51953 0.015686275 -181
11 728.97327 502.87543 0.015686275 -198
12 690.07416 501.73868 0.015686275 -231
13 658.1524 500.90158 0.013725491 -247
14 636.43335 500.7392 0.01764706 -264
15 614.57635 500.7392 0.015686275 -280
16 597.4975 501.73868 0.013725491 -297
17 584.27954 508.098 0.01764706 -313
18 572.4316 512.4126 0.01764706 -330
19 565.569 516.1848 0.01764706 -346
20 560.17 517.83405 0.01764706 -363
21 553.068 523.85706 0.01764706 -379
22 549.09937 529.8124 0.01764706 -413
23 544.0092 544.2865 0.015686275 -429
24 536.8612 616.3041 0.01764706 -446
25 533.9041 723.8484 0.01764706 -479
26 535.50415 790.0878 0.01764706 -512
27 536.76953 865.81055 0.01764706 -528
28 537.66504 983.21277 0.01764706 -545
29 537.5023 1046.2303 0.01764706 -561
30 534.564 1154.4543 0.01764706 -578
31 531.4836 1192.549 0.01764706 -611
32 531.5079 1219.7756 0.015686275 -627
33 529.53326 1243.1168 0.01764706 -644
34 529.5097 1256.2661 0.01764706 -660
35 529.5097 1256.3456 0.01764706 -677
36 529.5097 1259.3441 0.01764706 -677
0 1006.0685 501.73868 0.01764706 -8
1 1006.0685 501.73868 0.01764706 -8
2 1006.0685 501.73868 0.01764706 -24
3 1006.0685 501.73868 0.01764706 -40
4 1005.1892 501.73868 0.01764706 -57
5 1000.6541 501.73868 0.015686275 -74
6 978.7817 499.73972 0.015686275 -90
7 953.16486 500.7392 0.013725491 -123
8 918.52814 506.1116 0.01764706 -140
9 880.2365 508.85492 0.01764706 -156
10 840.3784 512.4248 0.013725491 -173
11 796.66077 516.3216 0.01764706 -189
12 715.0374 514.9066 0.01764706 -206
13 654.37354 519.7225 0.01764706 -239
14 607.7723 527.59174 0.01764706 -272
15 593.05054 529.62415 0.01764706 -305
16 584.2459 530.7236 0.01764706 -321
17 578.54504 530.7236 0.01764706 -338
18 574.39545 530.7236 0.01764706 -354
19 571.07117 530.7236 0.01764706 -371
20 566.3683 531.7766 0.01764706 -387
21 562.2641 534.9367 0.01764706 -421
22 557.4903 551.6823 0.01764706 -437
23 545.9973 615.645 0.01764706 -454
24 540.4995 732.9923 0.01764706 -487
25 544.88586 883.93585 0.01764706 -520
26 548.4921 954.5652 0.013725491 -553
27 551.25464 1010.0368 0.013725491 -569
28 545.7776 1061.9766 0.01764706 -586
29 544.49585 1103.729 0.01764706 -602
30 542.2659 1126.197 0.01764706 -619
31 540.2743 1139.7592 0.01764706 -635
32 539.5005 1147.6333 0.01764706 -652
33 539.5005 1149.4014 0.01764706 -668
34 539.5005 1149.4014 0.01764706 -676
0 765.2914 937.5117 0.019607844 0
1 765.2914 937.5117 0.019607844 -9
2 765.2914 937.5117 0.01764706 -90
3 747.4124 934.51324 0.019607844 -124
4 726.6956 934.51324 0.019607844 -157
5 700.17175 935.51276 0.019607844 -173
6 662.05164 937.7284 0.019607844 -190
7 610.8154 940.7294 0.019607844 -206
8 568.76056 944.57 0.019607844 -223
9 529.5447 947.452 0.019607844 -240
10 495.3347 951.1942 0.019607844 -256
11 466.97455 953.24146 0.019607844 -273
12 444.9061 955.11 0.019607844 -289
13 425.6059 957.00146 0.019607844 -306
14 407.46588 958.96234 0.019607844 -322
15 396.91724 959.50024 0.019607844 -339
16 389.10553 959.50024 0.019607844 -355
17 383.4476 959.50024 0.019607844 -372
18 376.85025 961.43286 0.019607844 -388
19 372.1042 963.3487 0.019607844 -405
20 366.4739 966.9542 0.019607844 -421
21 360.85162 971.9128 0.019607844 -438
22 353.28745 982.3051 0.019607844 -454
23 343.61407 999.2016 0.019607844 -471
24 334.12708 1033.4033 0.01764706 -487
25 327.31512 1084.5895 0.01764706 -504
26 316.82367 1225.0356 0.019607844 -520
27 305.45224 1342.4402 0.019607844 -553
28 299.16592 1400.2843 0.019607844 -587
29 292.55405 1447.2965 0.019607844 -603
30 285.5756 1487.9049 0.019607844 -620
31 279.18298 1525.0793 0.019607844 -636
32 273.5459 1554.5961 0.019607844 -653
33 269.66772 1578.6732 0.019607844 -669
34 267.31375 1597.6779 0.019607844 -686
35 266.75302 1612.6431 0.019607844 -702
36 266.75302 1620.7422 0.019607844 -719
37 266.75302 1627.1687 0.019607844 -735
38 268.09134 1629.4908 0.019607844 -752
39 270.04202 1631.4423 0.01764706 -768
40 270.7493 1632.1499 0.01764706 -785
41 270.7493 1632.1499 0.01764706 -791
0 1011.06384 498.74023 0.01764706 0
1 1011.06384 498.74023 0.01764706 0
2 1011.06384 498.74023 0.01764706 -32
3 1008.6643 498.74023 0.015686275 -38
4 1001.7541 498.0769 0.015686275 -82
5 989.8937 497.74075 0.01764706 -98
6 971.00305 498.38568 0.015686275 -115
7 945.8322 498.74023 0.01764706 -131
8 910.1044 499.73972 0.015686275 -148
9 866.81244 501.28107 0.015686275 -165
10 824.2368 500.23944 0.015686275 -181
11 773.6629 499.73972 0.01764706 -197
12 731.5322 499.34036 0.015686275 -214
13 628.3977 498.74023 0.01764706 -231
14 606.80286 498.74023 0.015686275 -280
15 588.81555 498.74023 0.01764706 -297
16 572.6816 498.74023 0.01764706 -313
17 567.3999 498.74023 0.01764706 -346
18 562.23804 502.97943 0.01764706 -363
19 558.89044 506.3283 0.01764706 -379
20 557.3236 513.2137 0.01764706 -396
21 555.3509 520.2687 0.01764706 -412
22 554.4866 530.9659 0.013725491 -429
23 552.5508 563.70807 0.01764706 -445
24 552.6195 602.1445 0.013725491 -462
25 552.2944 653.05566 0.01764706 -479
26 554.4866 715.7156 0.013725491 -495
27 558.937 782.04706 0.013725491 -512
28 566.47546 868.75275 0.015686275 -528
29 570.73065 951.7433 0.015686275 -545
30 571.9991 1021.73126 0.015686275 -561
31 568.56177 1079.6876 0.013725491 -578
32 565.6162 1127.4332 0.015686275 -594
33 560.21704 1170.9254 0.01764706 -611
34 555.6039 1190.2292 0.01764706 -627
35 551.76013 1202.5607 0.01764706 -644
36 550.1491 1210.7355 0.01764706 -660
37 550.15686 1216.034 0.01764706 -677
38 549.4912 1217.366 0.01764706 -693
39 549.4912 1218.3654 0.01764706 -699
0 805.2544 393.7949 0.01764706 -6
1 805.2544 393.7949 0.019607844 -6
2 803.3045 393.7949 0.019607844 -31
3 794.14124 392.7954 0.019607844 -47
4 784.2738 392.7954 0.01764706 -80
5 766.38306 393.45145 0.01764706 -95
6 744.42944 395.79385 0.019607844 -114
7 712.14435 398.32526 0.01764706 -130
8 668.4936 400.82813 0.01764706 -147
9 625.8919 403.78967 0.019607844 -163
10 582.6 405.40958 0.019607844 -180
11 498.90155 404.25262 0.01764706 -196
12 469.07202 405.02194 0.019607844 -229
13 445.2153 405.78864 0.019607844 -246
14 420.7028 404.78915 0.01764706 -262
15 407.7089 404.78915 0.01764706 -279
16 400.01367 404.78915 0.019607844 -295
17 395.1292 404.78915 0.019607844 -312
18 391.31046 404.78915 0.019607844 -328
19 389.10324 404.78915 0.01764706 -345
20 387.2075 404.78915 0.01764706 -361
21 385.069 405.07623 0.01764706 -378
22 379.23135 425.44843 0.01764706 -394
23 375.43164 468.17728 0.01764706 -427
24 375.43164 468.17728 0.023529414 -444
25 397.63184 571.7022 0.01764706 -468
26 389.51108 677.74634 0.01764706 -468
27 389.63922 683.6439 0.01764706 -494
28 389.63922 683.6439 0.01764706 -495
29 566.47546 972.49347 0.01764706 -519
30 567.47455 1024.4664 0.01764706 -519
31 567.47455 1024.4664 0.01764706 -544
32 552.48846 1166.3925 0.01764706 -561
33 542.8693 1210.2537 0.01764706 -561
34 540.80237 1215.7605 0.01764706 -626
35 538.8228 1219.0433 0.015686275 -642
36 538.5014 1219.3649 0.015686275 -659
37 538.5014 1219.3649 0.015686275 -661
0 771.2858 928.51636 0.01764706 -76
1 753.2774 928.51636 0.01764706 -76
2 711.07697 931.51483 0.01764706 -99
3 632.3362 926.86163 0.01764706 -132
4 586.55676 923.1001 0.01764706 -165
5 545.77203 920.85077 0.01764706 -182
6 508.21173 920.52057 0.01764706 -198
7 448.03687 925.0219 0.019607844 -215
8 407.2477 929.6686 0.019607844 -248
9 392.27777 931.70886 0.019607844 -281
10 381.8969 932.5143 0.019607844 -297
11 374.59723 933.5278 0.019607844 -314
12 369.13126 933.5138 0.019607844 -330
13 365.4674 934.11053 0.019607844 -347
14 361.66516 936.0125 0.019607844 -363
15 358.057 937.8173 0.019607844 -379
16 354.30856 943.0539 0.019607844 -396
17 348.4086 951.9522 0.019607844 -413
18 340.82596 977.031 0.019607844 -429
19 333.21082 1002.66003 0.019607844 -446
20 324.63736 1036.7703 0.019607844 -462
21 317.03107 1079.8275 0.019607844 -479
22 309.7132 1130.4111 0.019607844 -496
23 304.79654 1193.5789 0.019607844 -512
24 299.56253 1255.7205 0.019607844 -529
25 294.7273 1317.9785 0.019607844 -545
26 289.8573 1377.0259 0.019607844 -562
27 272.97876 1495.369 0.019607844 -578
28 265.41934 1539.2076 0.019607844 -611
29 259.5947 1571.0614 0.019607844 -628
30 257.76132 1584.1749 0.019607844 -644
31 256.76227 1595.1692 0.019607844 -652
0 1013.062 692.6392 0.019607844 -8
1 1013.062 692.6392 0.01764706 -8
2 1010.2674 691.70734 0.01764706 -33
3 1001.6016 691.6398 0.01764706 -50
4 991.2022 691.6398 0.01764706 -66
5 975.31464 693.31714 0.01764706 -83
6 952.21094 694.6382 0.01764706 -99
7 920.513 696.63715 0.01764706 -116
8 881.6622 696.63715 0.01764706 -132
9 834.1815 695.0761 0.01764706 -149
10 785.62445 692.58527 0.01764706 -166
11 737.9141 691.6398 0.01764706 -182
12 690.8065 688.1827 0.01764706 -199
13 622.9236 689.7878 0.01764706 -215
14 578.96967 694.5371 0.01764706 -248
15 560.67957 699.2362 0.019607844 -281
16 556.4401 700.6351 0.019607844 -314
17 554.13007 700.6351 0.019607844 -331
18 552.3615 700.6351 0.019607844 -347
19 550.48706 701.6345 0.019607844 -364
20 548.5786 705.37286 0.01764706 -380
21 546.6772 711.0796 0.01764706 -397
22 544.8038 716.7022 0.01764706 -413
23 542.9481 726.0151 0.01764706 -430
24 541.0179 744.8667 0.01764706 -446
25 539.1045 779.0888 0.01764706 -463
26 538.5014 822.7465 0.01764706 -479
27 537.2481 887.4084 0.01764706 -496
28 538.71173 964.4973 0.01764706 -513
29 544.49585 1162.724 0.01764706 -529
30 540.7922 1268.2635 0.01764706 -562
31 532.962 1333.3451 0.01764706 -595
32 530.6479 1355.9012 0.01764706 -628
33 527.6684 1376.8701 0.01764706 -645
34 526.5125 1401.7382 0.01764706 -661
35 526.5125 1407.267 0.01764706 -694
36 521.5171 1411.2649 0.01764706 -704
0 771.2858 909.52625 0.01764706 -84
1 753.0435 910.52576 0.01764706 -84
2 696.7818 913.2639 0.01764706 -98
3 623.733 917.079 0.01764706 -131
4 583.5059 918.09106 0.01764706 -164
5 543.43787 920.05023 0.01764706 -181
6 506.4849 921.9668 0.01764706 -197
7 473.05307 923.9017 0.019607844 -214
8 418.74866 929.6852 0.019607844 -230
9 382.49722 933.4074 0.019607844 -263
10 371.08646 935.4268 0.019607844 -296
11 363.5963 937.27856 0.019607844 -313
12 358.42953 939.1301 0.019607844 -329
13 354.7035 940.99396 0.019607844 -346
14 350.86914 942.91187 0.01764706 -362
15 347.3028 948.0696 0.019607844 -379
16 343.41278 960.442 0.019607844 -395
17 337.58417 990.03503 0.01764706 -412
18 332.85333 1027.7686 0.019607844 -428
19 334.82562 1155.5851 0.01764706 -445
20 338.4634 1250.8579 0.01764706 -478
21 341.43423 1338.0707 0.01764706 -495
22 340.68454 1392.2748 0.01764706 -511
23 338.6864 1433.2534 0.01764706 -522
24 330.69382 1503.217 0.01764706 -547
25 311.71136 1600.1665 0.01764706 -547
26 307.7151 1616.1582 0.01764706 -580
27 301.72064 1639.1462 0.01764706 -606
28 295.7262 1662.1343 0.01764706 -606
29 295.7262 1662.1343 0.01764706 -639
0 801.2581 393.7949 0.019607844 -94
1 782.1371 392.7954 0.01764706 -94
2 760.5252 391.79593 0.019607844 -115
3 729.96967 391.27652 0.01764706 -131
4 697.62604 390.79645 0.01764706 -148
5 654.47534 387.85333 0.019607844 -164
6 616.4926 388.7975 0.01764706 -181
7 579.1225 389.07846 0.019607844 -197
8 538.0154 388.7975 0.019607844 -214
9 498.45782 389.90094 0.019607844 -231
10 439.68167 393.7949 0.019607844 -247
11 417.50137 393.7949 0.01764706 -280
12 401.757 393.7949 0.019607844 -297
13 390.92947 393.7949 0.019607844 -313
14 383.07712 395.18622 0.019607844 -330
15 377.0746 395.79385 0.019607844 -346
16 372.5024 395.79385 0.019607844 -363
17 369.7823 395.79385 0.019607844 -379
18 366.0737 397.38037 0.019607844 -396
19 360.42725 404.14804 0.01764706 -429
20 355.35608 414.7287 0.019607844 -462
21 349.36432 432.8153 0.01764706 -478
22 337.6963 469.7284 0.01764706 -495
23 337.68732 469.7553 0.01764706 -511
24 365.66144 531.723 0.023529414 -511
25 347.67807 552.7121 0.01764706 -537
26 366.6605 653.65955 0.023529414 -537
27 357.66882 662.65485 0.01764706 -555
28 373.65402 728.6205 0.023529414 -572
29 362.6642 736.61633 0.01764706 -572
30 375.65216 793.5867 0.023529414 -589
31 364.66235 802.582 0.01764706 -589
32 353.67252 821.5721 0.01764706 -606
33 368.65866 910.52576 0.023529414 -606
34 359.667 916.52264 0.01764706 -623
35 351.67438 924.51843 0.01764706 -640
36 317.70584 1007.28723 0.015686275 -640
37 317.70584 1007.28723 0.015686275 -743
0 823.23773 374.80478 0.019607844 -76
1 809.4081 375.44485 0.019607844 -76
2 790.626 377.4981 0.01764706 -98
3 765.891 378.44904 0.019607844 -114
4 732.00433 379.8022 0.01764706 -131
5 695.2287 380.80167 0.01764706 -147
6 651.80615 379.8022 0.01764706 -164
7 609.4361 379.8022 0.01764706 -180
8 568.00665 378.3047 0.01764706 -197
9 532.9896 375.80426 0.019607844 -214
10 501.05545 375.80426 0.01764706 -230
11 455.42 375.92004 0.019607844 -247
12 435.47415 376.80374 0.019607844 -280
13 424.99908 376.80374 0.019607844 -296
14 417.49484 376.80374 0.019607844 -313
15 411.71722 376.80374 0.019607844 -329
16 407.5078 376.80374 0.019607844 -346
17 403.75842 376.80374 0.01764706 -362
18 402.33267 379.392 0.019607844 -379
19 398.2959 385.30225 0.019607844 -395
20 394.4169 394.3394 0.019607844 -412
21 388.6579 412.7258 0.01764706 -428
22 383.01102 434.18933 0.01764706 -445
23 377.03268 468.93793 0.019607844 -461
24 373.92984 515.00146 0.019607844 -478
25 372.65494 569.202 0.01764706 -494
26 372.65494 624.1749 0.01764706 -511
27 379.14078 702.53064 0.01764706 -527
28 382.85562 767.5247 0.01764706 -544
29 382.85562 767.5247 0.01764706 -561
30 393.63553 884.5393 0.01764706 -582
31 391.6374 895.53357 0.01764706 -582
32 389.63922 909.52625 0.01764706 -599
33 416.61426 974.49243 0.01764706 -624
34 407.62256 986.4862 0.01764706 -624
35 424.60684 1039.4586 0.023529414 -633
36 409.62073 1047.4545 0.01764706 -657
37 390.111 1067.104 0.01764706 -657
38 385.47986 1074.7666 0.01764706 -693
39 383.64478 1077.4388 0.01764706 -709
40 407.62256 1109.4221 0.023529414 -717
0 778.27936 942.5091 0.019607844 0
1 778.27936 942.5091 0.019607844 0
2 778.27936 942.5091 0.019607844 -27
3 776.5208 941.6294 0.019607844 -48
4 769.17236 939.68744 0.01764706 -65
5 756.77386 938.51117 0.01764706 -81
6 737.3838 936.76764 0.01764706 -98
7 708.59393 932.3113 0.01764706 -114
8 669.9217 925.39307 0.01764706 -131
9 626.2243 921.83203 0.01764706 -147
10 577.61487 917.8354 0.01764706 -164
11 534.04266 916.20795 0.01764706 -180
12 494.27075 913.89777 0.01764706 -197
13 462.743 913.5242 0.01764706 -214
14 436.14017 914.9781 0.01764706 -230
15 401.0837 919.74164 0.019607844 -247
16 390.5829 921.731 0.019607844 -280
17 383.6263 923.5236 0.019607844 -296
18 378.07574 925.3761 0.019607844 -313
19 374.2311 926.22876 0.019607844 -329
20 372.1218 927.0508 0.019607844 -346
21 370.26672 929.2968 0.019607844 -362
22 365.66125 941.5104 0.019607844 -379
23 357.78632 979.7841 0.019607844 -412
24 347.33124 1051.9655 0.019607844 -445
25 342.30664 1109.7565 0.019607844 -478
26 337.8197 1173.1766 0.019607844 -494
27 332.03455 1240.6975 0.019607844 -511
28 325.8273 1301.3547 0.019607844 -527
29 320.35468 1355.0837 0.019607844 -544
30 313.0715 1398.4647 0.019607844 -561
31 302.2779 1458.3358 0.019607844 -577
32 299.4482 1480.9739 0.019607844 -610
33 298.72342 1499.9517 0.019607844 -627
34 298.72342 1510.727 0.01764706 -643
35 299.72247 1514.2113 0.01764706 -660
36 300.72156 1520.2081 0.01764706 -666
0 1002.07214 494.7423 0.01764706 -77
1 978.19745 494.43216 0.01764706 -77
2 923.6448 496.24152 0.01764706 -99
3 886.23846 496.74127 0.01764706 -132
4 851.8436 498.14984 0.015686275 -149
5 809.3578 497.74075 0.015686275 -165
6 767.8728 496.74127 0.01764706 -182
7 689.63416 496.87756 0.015686275 -198
8 657.50146 496.74127 0.01764706 -232
9 611.0956 496.74127 0.01764706 -248
10 595.42426 498.76465 0.015686275 -298
11 583.6741 510.51962 0.01764706 -331
12 577.83545 516.36066 0.01764706 -364
13 573.3203 527.2462 0.015686275 -380
14 567.61993 554.0809 0.01764706 -397
15 563.6113 590.3635 0.01764706 -413
16 562.2511 628.33514 0.01764706 -430
17 561.1672 680.8153 0.01764706 -446
18 561.10675 741.52386 0.01764706 -463
19 566.47546 820.58826 0.015686275 -479
20 569.4727 883.5398 0.015686275 -496
21 569.4727 883.5398 0.015686275 -512
22 570.4718 998.4799 0.015686275 -533
23 570.4718 998.4799 0.015686275 -533
24 569.4727 1059.4481 0.015686275 -550
25 558.5626 1117.4052 0.01764706 -550
26 554.8978 1133.763 0.01764706 -595
27 550.2516 1149.1183 0.01764706 -612
28 550.2516 1149.1183 0.019607844 -645
0 982.09064 524.7267 0.01764706 -130
1 944.8915 525.7262 0.01764706 -130
2 909.16895 522.6791 0.01764706 -150
3 871.2091 521.6834 0.01764706 -167
4 825.89636 514.0091 0.01764706 -183
5 780.7345 507.62134 0.01764706 -200
6 740.94446 505.45978 0.015686275 -216
7 702.8414 502.73816 0.015686275 -233
8 638.91693 500.79 0.01764706 -249
9 618.1993 500.7392 0.01764706 -283
10 603.8765 503.91714 0.015686275 -299
11 594.83673 507.08276 0.01764706 -316
12 588.9601 509.73087 0.01764706 -332
13 584.74066 512.0922 0.01764706 -349
14 581.11707 513.9048 0.01764706 -365
15 578.4338 515.762 0.01764706 -382
16 574.6604 517.63416 0.01764706 -398
17 570.915 520.28534 0.01764706 -415
18 567.47455 525.22644 0.01764706 -431
19 562.8708 537.688 0.01764706 -446
20 557.0711 566.2996 0.01764706 -464
21 552.6937 615.59705 0.01764706 -481
22 551.4894 674.26166 0.01764706 -497
23 553.4875 749.0428 0.01764706 -514
24 554.4866 866.7289 0.01764706 -530
25 559.8712 934.6696 0.015686275 -547
26 553.7395 1028.3115 0.015686275 -563
27 550.5063 1058.2726 0.01764706 -596
28 548.5146 1073.3063 0.01764706 -613
29 546.5341 1081.3164 0.01764706 -630
30 544.5555 1086.3148 0.01764706 -646
31 544.49585 1086.4341 0.01764706 -663
32 544.49585 1086.4341 0.01764706 -663
0 957.1138 498.74023 0.01764706 0
1 957.1138 498.74023 0.01764706 0
2 955.1365 498.74023 0.01764706 -24
3 946.53784 498.74023 0.015686275 -41
4 904.7445 510.7787 0.01764706 -57
5 869.90936 518.98676 0.01764706 -90
6 831.723 512.34955 0.01764706 -107
7 786.0624 512.77423 0.015686275 -123
8 746.28986 507.1509 0.015686275 -140
9 706.6272 503.95627 0.01764706 -156
10 667.62103 502.98752 0.013725491 -173
11 640.1107 502.73816 0.01764706 -189
12 613.34814 512.45764 0.01764706 -206
13 590.80237 518.66 0.01764706 -222
14 565.3074 525.9599 0.01764706 -239
15 557.88556 529.0234 0.01764706 -272
16 553.51514 530.7097 0.01764706 -288
17 550.6935 531.723 0.01764706 -305
18 548.8595 531.723 0.019607844 -322
19 547.03625 531.723 0.01764706 -338
20 545.1905 531.723 0.01764706 -355
21 543.3055 531.723 0.01764706 -371
22 539.73065 536.2599 0.01764706 -388
23 534.50507 572.5376 0.015686275 -421
24 531.5079 615.34827 0.01764706 -454
25 531.5079 664.6098 0.01764706 -470
26 532.84875 727.936 0.01764706 -487
27 533.78253 806.8629 0.01764706 -503
28 534.50507 876.72577 0.01764706 -520
29 536.6794 991.76575 0.01764706 -536
30 535.50415 1055.6235 0.01764706 -553
31 533.50604 1108.9167 0.01764706 -569
32 533.50604 1134.4742 0.013725491 -586
33 524.5643 1207.1714 0.01764706 -602
34 523.51526 1210.3696 0.015686275 -652
35 523.51526 1210.3696 0.015686275 -661
0 762.2942 384.79956 0.01764706 -52
1 755.4892 385.56143 0.019607844 -52
2 744.6191 389.13773 0.019607844 -66
3 721.9914 391.98727 0.01764706 -82
4 693.04736 394.79437 0.01764706 -99
5 654.58936 397.82486 0.019607844 -115
6 612.6855 399.25623 0.01764706 -132
7 572.50726 401.17023 0.01764706 -148
8 527.7649 399.79178 0.01764706 -165
9 485.2635 397.79282 0.01764706 -181
10 421.09848 397.79282 0.01764706 -198
11 386.8811 401.61377 0.019607844 -231
12 372.09723 403.78967 0.019607844 -264
13 367.716 403.78967 0.019607844 -297
14 365.37515 403.78967 0.019607844 -313
15 363.48602 404.96646 0.019607844 -330
16 361.6245 408.90897 0.019607844 -347
17 359.72314 416.502 0.019607844 -363
18 355.99316 432.161 0.01764706 -380
19 354.91562 457.8535 0.01764706 -396
20 355.0155 542.356 0.01764706 -413
21 357.69675 621.2352 0.01764706 -446
22 363.08133 704.3683 0.01764706 -462
23 373.20334 798.4002 0.01764706 -479
24 382.684 900.322 0.01764706 -495
25 385.6429 973.5625 0.01764706 -512
26 386.35712 1035.16 0.01764706 -528
27 386.35712 1035.16 0.023529414 -545
28 410.6198 1106.4237 0.01764706 -567
29 398.74326 1117.3055 0.01764706 -567
30 392.89368 1120.9111 0.019607844 -594
31 392.89368 1120.9111 0.01764706 -611
0 969.10266 491.74387 0.01764706 0
1 969.10266 491.74387 0.01764706 0
2 964.261 491.74387 0.01764706 -32
3 950.94165 491.74387 0.015686275 -48
4 928.9802 492.60184 0.01764706 -65
5 856.01135 495.7418 0.015686275 -82
6 760.85016 497.4119 0.01764706 -115
7 708.91907 497.74075 0.01764706 -148
8 671.428 497.74075 0.015686275 -164
9 643.28955 497.74075 0.01764706 -181
10 620.2863 497.74075 0.015686275 -197
11 589.537 497.74075 0.01764706 -214
12 580.9201 497.74075 0.01764706 -247
13 577.5043 497.74075 0.01764706 -263
14 571.27856 506.5249 0.01764706 -280
15 567.4224 512.3114 0.01764706 -313
16 563.6456 519.3945 0.01764706 -329
17 559.8712 526.9463 0.01764706 -346
18 554.6978 544.87054 0.01764706 -362
19 549.1265 572.6486 0.01764706 -379
20 543.7757 621.53577 0.01764706 -395
21 540.55914 682.0336 0.01764706 -412
22 538.5014 743.0431 0.01764706 -429
23 536.7188 823.07806 0.01764706 -445
24 535.78156 891.4289 0.01764706 -462
25 535.50415 955.9534 0.01764706 -478
26 534.8671 1012.87604 0.01764706 -495
27 534.50507 1052.4745 0.01764706 -511
28 533.95624 1082.8738 0.01764706 -528
29 531.9998 1111.0046 0.01764706 -544
30 530.0093 1129.9115 0.01764706 -561
31 528.5106 1137.4076 0.01764706 -577
32 527.5116 1141.4055 0.015686275 -590
0 801.2581 331.82718 0.019607844 -6
1 797.72723 331.82718 0.019607844 -6
2 790.1392 334.47745 0.019607844 -56
3 772.0666 337.26804 0.01764706 -73
4 719.2702 350.33746 0.01764706 -89
5 642.092 364.77075 0.01764706 -122
6 596.44775 368.80786 0.019607844 -156
7 560.3053 374.58356 0.01764706 -172
8 530.1916 379.37808 0.01764706 -189
9 469.70743 387.12616 0.019607844 -205
10 425.55862 391.69012 0.01764706 -238
11 400.29 394.51773 0.01764706 -271
12 391.76672 397.2284 0.019607844 -304
13 387.44376 399.39072 0.01764706 -321
14 383.19775 403.71964 0.019607844 -337
15 377.53513 414.01498 0.019607844 -354
16 371.85434 437.24478 0.01764706 -370
17 366.06888 474.70053 0.01764706 -387
18 362.5466 553.5968 0.019607844 -403
19 362.6642 624.80304 0.019607844 -420
20 363.46942 773.2237 0.019607844 -436
21 362.6642 912.4156 0.01764706 -469
22 360.10254 965.61163 0.01764706 -503
23 356.66974 1034.2378 0.01764706 -519
24 354.92294 1054.4381 0.01764706 -552
25 354.6716 1056.4497 0.01764706 -569
26 354.6716 1061.4471 0.01764706 -571
0 982.09064 492.74335 0.01764706 0
1 980.328 491.86163 0.01764706 0
2 980.0925 491.74387 0.01764706 -42
3 980.0925 491.74387 0.01764706 -43
4 936.13324 497.74075 0.015686275 -68
5 884.03784 493.74283 0.01764706 -68
6 850.908 493.07797 0.015686275 -125
7 816.53735 492.3289 0.01764706 -141
8 775.2821 492.74335 0.01764706 -158
9 739.42883 492.74335 0.015686275 -174
10 704.1754 492.74335 0.01764706 -191
11 674.38257 495.00836 0.015686275 -207
12 644.1955 494.7423 0.01764706 -224
13 579.1881 494.7423 0.01764706 -240
14 567.1864 492.8856 0.01764706 -290
15 560.1862 491.97873 0.01764706 -307
16 555.18915 491.74387 0.01764706 -323
17 549.3047 491.74387 0.01764706 -340
18 547.29535 491.74387 0.01764706 -373
19 545.419 491.74387 0.015686275 -389
20 538.5166 507.7013 0.01764706 -406
21 536.6164 521.9353 0.015686275 -422
22 527.75226 596.79865 0.013725491 -439
23 525.74634 656.57227 0.015686275 -472
24 524.51434 740.6142 0.015686275 -488
25 524.51434 818.77155 0.01764706 -505
26 527.264 880.943 0.015686275 -521
27 523.51526 975.1424 0.015686275 -538
28 515.1499 1014.3072 0.015686275 -554
29 515.1499 1014.3072 0.015686275 -571
30 500.53653 1125.4138 0.013725491 -594
31 497.37958 1132.7297 0.01764706 -594
32 494.37326 1142.081 0.01764706 -620
33 494.37326 1142.081 0.01764706 -637
0 776.28125 374.80478 0.019607844 -52
1 767.2443 373.96436 0.019607844 -52
2 754.33655 373.55106 0.019607844 -66
3 731.2695 375.50082 0.01764706 -83
4 699.61804 378.4396 0.019607844 -99
5 659.8596 379.97205 0.019607844 -116
6 619.1261 382.24878 0.01764706 -132
7 573.2722 384.24774 0.01764706 -149
8 530.00024 387.6085 0.01764706 -165
9 494.23602 388.7975 0.01764706 -182
10 430.6919 391.79593 0.01764706 -198
11 395.80106 395.59937 0.019607844 -231
12 381.35873 398.7923 0.019607844 -264
13 377.58868 399.32288 0.019607844 -297
14 373.82547 399.79178 0.019607844 -314
15 371.12338 401.05762 0.019607844 -330
16 368.28705 404.16144 0.019607844 -347
17 363.3491 418.62057 0.01764706 -364
18 359.67923 442.6836 0.01764706 -380
19 356.74884 480.08755 0.01764706 -397
20 356.66974 528.6185 0.01764706 -413
21 357.4051 587.983 0.01764706 -430
22 358.341 661.5673 0.01764706 -446
23 360.28043 736.72046 0.01764706 -463
24 362.6642 814.0254 0.01764706 -479
25 363.66327 886.5012 0.01764706 -496
26 363.1675 951.3841 0.01764706 -512
27 362.20337 1002.08746 0.01764706 -529
28 360.2533 1041.0681 0.01764706 -545
29 358.6679 1082.1902 0.01764706 -562
30 357.18903 1088.8735 0.01764706 -595
31 357.18903 1088.8735 0.01764706 -611
0 971.1008 490.7444 0.01764706 0
1 971.1008 490.7444 0.01764706 0
2 965.91486 490.7444 0.01764706 -25
3 953.3761 489.77365 0.015686275 -42
4 932.0846 489.65878 0.01764706 -58
5 907.44666 490.7444 0.015686275 -75
6 845.5559 495.3449 0.015686275 -91
7 766.1658 497.1473 0.01764706 -125
8 722.61127 497.74075 0.01764706 -158
9 692.3955 498.15967 0.015686275 -174
10 654.1111 498.74023 0.01764706 -191
11 633.0795 499.02902 0.015686275 -207
12 588.1959 500.7392 0.01764706 -224
13 576.12006 500.7392 0.01764706 -257
14 564.5926 500.7392 0.01764706 -273
15 560.52893 500.7392 0.01764706 -306
16 556.9428 500.7392 0.01764706 -323
17 554.2597 504.07806 0.01764706 -339
18 550.5286 511.63763 0.01764706 -356
19 546.78656 522.84924 0.01764706 -372
20 542.9569 552.8048 0.01764706 -389
21 540.81885 592.7835 0.01764706 -405
22 541.7027 651.5532 0.01764706 -422
23 548.4922 739.115 0.01764706 -438
24 557.9336 818.83295 0.015686275 -455
25 561.30005 885.8355 0.013725491 -472
26 565.47644 950.51984 0.013725491 -488
27 567.0996 1010.9794 0.015686275 -505
28 558.67487 1060.2946 0.01764706 -521
29 558.2442 1081.8262 0.013725491 -538
30 556.29724 1092.3695 0.013725491 -554
31 554.3533 1098.828 0.013725491 -571
32 553.4875 1102.4258 0.013725491 -587
33 553.4875 1102.4258 0.013725491 -603
0 957.1138 499.73972 0.01764706 0
1 955.30426 499.73972 0.01764706 0
2 949.55554 501.52142 0.015686275 -49
3 937.1909 501.73868 0.01764706 -66
4 918.4194 506.33493 0.015686275 -82
5 854.14655 513.43494 0.01764706 -99
6 812.47955 512.5174 0.013725491 -132
7 770.62213 514.39813 0.01764706 -148
8 698.0777 528.49554 0.01764706 -165
9 660.67194 533.4367 0.01764706 -198
10 610.5061 540.7129 0.015686275 -215
11 584.82916 541.71783 0.01764706 -248
12 573.2794 541.71783 0.01764706 -281
13 569.9276 541.71783 0.01764706 -314
14 568.2106 541.71783 0.01764706 -330
15 565.2981 543.89526 0.01764706 -345
16 560.30896 557.3986 0.01764706 -362
17 554.5181 578.59344 0.01764706 -378
18 549.73566 618.1089 0.01764706 -395
19 545.49493 717.53064 0.01764706 -411
20 550.6754 862.7374 0.01764706 -444
21 551.99274 996.55756 0.01764706 -477
22 550.4072 1049.2848 0.01764706 -510
23 544.9653 1124.1858 0.01764706 -527
24 541.0354 1162.2029 0.01764706 -560
25 539.048 1187.4578 0.01764706 -576
26 538.5014 1202.1482 0.01764706 -593
27 536.50323 1212.0538 0.013725491 -609
28 536.50323 1214.3674 0.013725491 -626
29 504.53284 1259.3441 0.027450982 -631
