0 862.20166 992.48303 0.01764706 -59
1 862.20166 992.48303 0.019607844 -68
2 862.20166 992.48303 0.019607844 -110
3 862.20166 992.48303 0.019607844 -135
4 862.20166 992.48303 0.019607844 -209
5 862.20166 992.48303 0.01764706 -226
6 862.20166 992.48303 0.01764706 -259
7 862.20166 992.48303 0.01764706 -276
8 861.26764 991.5487 0.01764706 -292
9 853.7425 987.752 0.01764706 -325
10 849.77594 985.76794 0.01764706 -358
11 839.6542 981.96576 0.01764706 -375
12 831.33636 980.4893 0.015686275 -408
13 819.8395 980.4893 0.01764706 -424
14 794.4591 978.2326 0.01764706 -441
15 764.0596 976.4914 0.01764706 -474
16 747.71765 974.29376 0.01764706 -507
17 725.40845 969.2443 0.015686275 -523
18 704.5463 968.5154 0.01764706 -540
19 688.0778 966.58594 0.01764706 -556
20 671.8725 963.79694 0.015686275 -573
21 640.0976 958.8849 0.01764706 -589
22 617.4984 957.1155 0.01764706 -622
23 596.3068 953.3133 0.01764706 -655
24 586.64795 951.3427 0.01764706 -688
25 575.0988 950.50494 0.01764706 -705
26 564.7579 950.50494 0.01764706 -721
27 557.1885 950.50494 0.01764706 -738
28 549.479 950.50494 0.01764706 -754
29 543.50085 949.83997 0.01764706 -771
30 538.3844 948.506 0.015686275 -787
31 534.61914 947.0638 0.015686275 -804
32 528.4692 947.5065 0.01764706 -820
33 525.0936 947.5065 0.01764706 -837
34 521.2722 947.5065 0.01764706 -853
35 519.5068 947.5065 0.01764706 -870
36 517.632 947.5065 0.01764706 -886
37 515.7597 947.5065 0.01764706 -903
38 512.04333 947.5065 0.01764706 -919
39 508.28235 947.5065 0.01764706 -952
40 506.3894 948.64764 0.01764706 -985
41 503.47467 956.73816 0.01764706 -1002
42 496.12906 988.935 0.01764706 -1018
43 492.82755 1012.35034 0.01764706 -1051
44 488.08044 1059.9945 0.01764706 -1068
45 486.17374 1118.8113 0.01764706 -1101
46 484.22766 1149.9086 0.01764706 -1134
47 482.34225 1183.395 0.01764706 -1150
48 479.31863 1216.4049 0.01764706 -1167
49 477.44397 1260.6488 0.01764706 -1184
50 476.55875 1340.2596 0.01764706 -1200
51 476.55875 1375.8505 0.01764706 -1233
52 475.568 1407.142 0.01764706 -1250
53 474.5606 1434.6561 0.01764706 -1266
54 474.5606 1455.5858 0.01764706 -1283
55 474.5606 1472.4248 0.01764706 -1299
56 472.69028 1480.7169 0.01764706 -1316
57 470.69672 1486.8279 0.01764706 -1332
58 469.56522 1491.8872 0.01764706 -1349
59 469.56522 1495.9607 0.01764706 -1365
60 469.56522 1499.8907 0.019607844 -1398
61 469.56522 1501.218 0.019607844 -1431
62 469.56522 1502.0441 0.019607844 -1448
63 469.56522 1502.6942 0.019607844 -1464
64 469.56522 1502.2175 0.01764706 -1475
65 469.56522 1502.2175 0.01764706 -1509
0 849.2137 649.6616 0.019607844 -25
1 849.2137 649.6616 0.019607844 -25
2 849.2137 649.6616 0.019607844 -45
3 849.2137 649.6616 0.019607844 -55
4 849.2137 649.6616 0.019607844 -75
5 849.2137 649.6616 0.019607844 -111
6 845.2174 648.6621 0.019607844 -144
7 842.22015 648.6621 0.019607844 -161
8 835.2266 648.6621 0.019607844 -185
9 821.75104 648.6621 0.019607844 -185
10 796.886 649.42975 0.019607844 -210
11 763.61255 652.66003 0.019607844 -244
12 726.6628 655.22516 0.019607844 -277
13 703.34875 655.6585 0.019607844 -310
14 689.3617 654.659 0.019607844 -330
15 665.3839 653.65955 0.019607844 -356
16 640.5916 651.6606 0.019607844 -356
17 634.4126 651.6606 0.019607844 -376
18 624.4218 651.6606 0.019607844 -382
19 596.44775 649.6616 0.019607844 -416
20 572.4699 647.66266 0.019607844 -416
21 565.47644 646.6632 0.019607844 -442
22 536.50323 645.6637 0.019607844 -493
23 529.0979 645.6637 0.019607844 -493
24 516.7617 644.66425 0.019607844 -509
25 507.5301 643.165 0.019607844 -542
26 503.6901 643.66473 0.019607844 -575
27 499.94843 643.66473 0.019607844 -592
28 498.36884 643.66473 0.019607844 -608
29 496.46384 643.66473 0.019607844 -625
30 494.56934 643.66473 0.019607844 -641
31 492.69406 643.66473 0.019607844 -658
32 490.8287 644.3812 0.019607844 -675
33 488.89157 646.9745 0.019607844 -691
34 487.00607 654.83093 0.019607844 -708
35 483.55228 681.60016 0.019607844 -724
36 481.5541 717.6262 0.019607844 -758
37 480.55505 735.6168 0.01764706 -781
38 479.55597 774.59656 0.019607844 -806
39 480.55505 861.8982 0.01764706 -806
40 481.9028 906.9045 0.019607844 -836
41 482.89236 962.6646 0.01764706 -852
42 479.05484 1061.4664 0.01764706 -869
43 469.18527 1163.1971 0.01764706 -902
44 462.31677 1228.1464 0.01764706 -935
45 460.3582 1252.7185 0.01764706 -968
46 458.37576 1268.7379 0.01764706 -985
47 456.37985 1279.3217 0.01764706 -1001
48 454.3866 1285.9083 0.01764706 -1018
49 452.38364 1289.7233 0.01764706 -1034
50 448.4365 1293.4746 0.01764706 -1051
51 448.58466 1293.3264 0.01764706 -1084
52 448.58466 1293.3264 0.01764706 -1100
53 448.58466 1294.3258 0.01764706 -1117
54 448.58466 1294.3258 0.01764706 -1133
0 896.1702 961.4992 0.01764706 -26
1 896.1702 961.4992 0.01764706 -26
2 896.1702 961.4992 0.01764706 -61
3 896.1702 961.4992 0.01764706 -160
4 896.1702 961.4992 0.01764706 -177
5 894.5603 959.8886 0.01764706 -193
6 890.5518 957.95984 0.015686275 -210
7 884.3228 955.5731 0.01764706 -226
8 877.4807 953.0769 0.01764706 -243
9 868.28094 952.5039 0.01764706 -260
10 856.4602 952.5039 0.015686275 -276
11 841.2715 950.28845 0.015686275 -293
12 821.274 949.50543 0.01764706 -309
13 804.47906 948.4198 0.01764706 -326
14 784.6181 946.45245 0.015686275 -342
15 763.8123 946.45984 0.01764706 -359
16 721.4055 940.7149 0.015686275 -375
17 678.3719 933.5138 0.015686275 -408
18 678.3719 933.5138 0.015686275 -435
19 590.4533 925.51794 0.01764706 -461
20 590.4533 925.51794 0.01764706 -461
21 576.0116 916.11365 0.015686275 -475
22 565.11395 914.0514 0.01764706 -507
23 557.18335 912.1997 0.01764706 -524
24 550.8014 911.5252 0.01764706 -541
25 542.53705 910.52576 0.01764706 -557
26 539.5522 910.52576 0.01764706 -590
27 537.6452 910.52576 0.01764706 -607
28 535.73267 910.52576 0.01764706 -623
29 531.10895 908.827 0.01764706 -640
30 527.318 906.9307 0.01764706 -656
31 523.9962 905.01 0.01764706 -673
32 522.1073 903.12036 0.01764706 -689
33 520.1793 902.5299 0.01764706 -706
34 518.28436 902.5299 0.01764706 -722
35 516.37756 902.5299 0.01764706 -739
36 512.5782 902.5299 0.01764706 -755
37 510.6709 902.5299 0.01764706 -788
38 509.52823 903.2997 0.01764706 -805
39 509.52823 905.20764 0.015686275 -822
40 509.52823 907.65045 0.015686275 -838
41 502.78064 925.40247 0.01764706 -855
42 495.9386 957.11475 0.01764706 -888
43 490.5458 1018.81635 0.01764706 -904
44 489.43323 1054.9493 0.01764706 -937
45 488.54764 1079.819 0.01764706 -954
46 485.78842 1115.3694 0.01764706 -968
47 483.16476 1143.1196 0.01764706 -985
48 480.91635 1169.6892 0.01764706 -1001
49 477.0583 1220.864 0.01764706 -1018
50 474.5606 1247.9534 0.01764706 -1051
51 474.5606 1277.8 0.01764706 -1067
52 473.56152 1306.3867 0.01764706 -1084
53 472.23886 1355.5327 0.01764706 -1100
54 471.56335 1374.4716 0.01764706 -1134
55 471.56335 1390.4229 0.01764706 -1150
56 471.56335 1400.559 0.01764706 -1166
57 471.56335 1406.2335 0.01764706 -1183
58 471.56335 1409.6671 0.01764706 -1199
59 471.56335 1412.4354 0.01764706 -1216
60 471.56335 1414.4121 0.01764706 -1233
61 471.56335 1415.2628 0.01764706 -1249
62 471.56335 1415.2628 0.01764706 -1266
0 779.27844 393.7949 0.019607844 -17
1 779.27844 393.7949 0.019607844 -17
2 779.27844 393.7949 0.019607844 -77
3 778.1503 393.7949 0.019607844 -93
4 774.10156 393.7949 0.019607844 -110
5 774.10156 393.7949 0.019607844 -126
6 757.2988 396.79333 0.019607844 -167
7 750.99023 397.84518 0.019607844 -167
8 739.2691 399.7995 0.019607844 -176
9 739.2691 399.7995 0.019607844 -192
10 705.3469 405.78864 0.019607844 -225
11 686.8507 407.73895 0.019607844 -225
12 686.3645 407.7876 0.019607844 -242
13 675.37463 408.78708 0.019607844 -242
14 637.4098 411.78552 0.019607844 -275
15 626.42 411.78552 0.019607844 -275
16 586.457 410.78604 0.019607844 -308
17 571.4709 410.78604 0.019607844 -308
18 557.4838 410.78604 0.019607844 -317
19 520.51807 406.78812 0.019607844 -351
20 491.8553 403.0468 0.019607844 -351
21 465.8271 400.24323 0.019607844 -374
22 450.3007 398.7923 0.019607844 -407
23 442.12918 398.7923 0.019607844 -440
24 439.404 398.7923 0.019607844 -473
25 437.51755 398.7923 0.019607844 -489
26 435.6336 398.7923 0.019607844 -506
27 431.84167 398.7923 0.019607844 -523
28 428.05145 398.7923 0.019607844 -556
29 424.27145 400.1273 0.019607844 -589
30 419.98706 404.4134 0.019607844 -622
31 416.18503 411.64484 0.019607844 -638
32 411.28168 429.12653 0.019607844 -655
33 406.565 453.14453 0.019607844 -671
34 402.65897 484.47745 0.019607844 -688
35 400.7039 519.3063 0.019607844 -704
36 400.62906 559.3126 0.019607844 -721
37 401.42706 600.2604 0.019607844 -737
38 402.6272 642.2004 0.019607844 -754
39 404.3343 684.52545 0.019607844 -770
40 405.30222 724.17267 0.019607844 -787
41 405.62442 764.21765 0.019607844 -803
42 405.62442 800.3378 0.019607844 -820
43 404.99692 831.9876 0.019607844 -836
44 403.02417 859.38684 0.019607844 -853
45 399.0885 905.94775 0.019607844 -869
46 395.1343 940.00916 0.019607844 -902
47 391.1641 963.8666 0.019607844 -935
48 390.17657 972.804 0.019607844 -968
49 387.19992 989.251 0.019607844 -985
50 386.642 994.8587 0.019607844 -1018
51 386.642 999.2623 0.019607844 -1034
52 386.642 1001.8622 0.019607844 -1051
53 386.642 1003.8476 0.019607844 -1067
54 386.642 1005.83545 0.019607844 -1084
55 386.642 1007.4752 0.01764706 -1101
56 386.642 1007.4752 0.01764706 -1114
0 784.2738 415.78345 0.019607844 -74
1 784.2738 415.78345 0.019607844 -83
2 777.17755 415.78345 0.019607844 -126
3 777.17755 415.78345 0.019607844 -159
4 760.296 419.78134 0.019607844 -191
5 748.1648 422.82047 0.019607844 -191
6 735.56866 424.74307 0.019607844 -208
7 719.78815 428.6631 0.019607844 -225
8 701.47363 432.55008 0.019607844 -241
9 682.0104 435.60892 0.019607844 -258
10 640.46783 439.49283 0.019607844 -274
11 621.0215 439.77094 0.019607844 -307
12 600.64966 439.77094 0.019607844 -324
13 580.46704 439.77094 0.019607844 -340
14 543.2132 439.77094 0.019607844 -357
15 527.362 439.77094 0.019607844 -390
16 492.28253 438.77145 0.019607844 -406
17 466.44946 437.77197 0.019607844 -439
18 455.534 437.77197 0.019607844 -473
19 447.65738 437.77197 0.019607844 -489
20 440.66867 436.7725 0.019607844 -506
21 436.58942 436.7725 0.019607844 -522
22 432.75613 436.7725 0.019607844 -539
23 428.9111 436.7725 0.019607844 -555
24 427.40533 436.7725 0.019607844 -572
25 423.60007 436.7725 0.019607844 -588
26 421.676 436.7725 0.019607844 -621
27 419.7819 436.7725 0.019607844 -638
28 417.89465 436.7725 0.019607844 -654
29 416.02454 436.7725 0.019607844 -671
30 414.11697 436.7725 0.019607844 -687
31 412.19885 437.19177 0.019607844 -704
32 408.4798 444.19455 0.019607844 -720
33 400.5407 466.111 0.019607844 -753
34 396.61197 486.87122 0.019607844 -786
35 395.63367 512.0441 0.019607844 -803
36 395.63367 541.922 0.019607844 -819
37 397.46042 575.612 0.019607844 -836
38 401.16953 612.32043 0.019607844 -852
39 407.00082 691.10565 0.019607844 -869
40 409.93875 732.4609 0.019607844 -902
41 413.25137 773.5452 0.019607844 -918
42 415.23718 815.0088 0.019607844 -935
43 417.19495 854.18005 0.019607844 -951
44 418.19608 891.03503 0.019607844 -968
45 420.18332 925.67596 0.019607844 -984
46 421.60962 956.71686 0.019607844 -1001
47 422.6087 1007.54877 0.019607844 -1017
48 422.6087 1039.7135 0.019607844 -1050
49 422.6087 1055.9866 0.019607844 -1084
50 421.60962 1062.9485 0.019607844 -1117
51 421.60962 1065.0026 0.019607844 -1150
52 421.60962 1067.0016 0.019607844 -1166
53 421.60962 1067.444 0.019607844 -1183
54 421.60962 1067.444 0.019607844 -1199
55 421.60962 1067.444 0.01764706 -1203
0 892.1739 673.6491 0.01764706 -17
1 892.1739 673.6491 0.01764706 -17
2 883.18225 672.64966 0.019607844 -132
3 876.4239 672.64966 0.019607844 -132
4 864.1998 672.64966 0.019607844 -151
5 858.2054 671.65015 0.019607844 -175
6 840.22205 671.65015 0.01764706 -208
7 832.09827 671.65015 0.019607844 -208
8 817.5907 672.60004 0.019607844 -217
9 817.2433 672.64966 0.019607844 -233
10 809.2507 672.64966 0.019607844 -234
11 782.2757 675.6481 0.019607844 -267
12 764.2923 677.64703 0.01764706 -267
13 754.3016 678.64655 0.019607844 -285
14 731.3229 679.646 0.019607844 -310
15 709.3432 679.646 0.019607844 -310
16 697.3543 679.646 0.01764706 -327
17 670.3793 681.64496 0.019607844 -352
18 646.4015 681.64496 0.01764706 -352
19 634.4126 681.64496 0.01764706 -369
20 608.43665 681.64496 0.01764706 -395
21 583.0338 681.64496 0.01764706 -395
22 549.3057 682.6444 0.01764706 -415
23 529.743 682.6444 0.019607844 -448
24 523.9693 682.6444 0.019607844 -481
25 519.0593 682.6444 0.019607844 -498
26 515.2911 682.6444 0.019607844 -514
27 511.53445 682.6444 0.019607844 -531
28 509.14792 682.6444 0.019607844 -547
29 507.2972 682.6444 0.019607844 -564
30 505.35 682.6444 0.019607844 -580
31 503.4527 682.6444 0.019607844 -597
32 501.60352 682.6444 0.019607844 -613
33 499.7165 684.4643 0.019607844 -630
34 497.82343 688.0728 0.019607844 -646
35 495.92926 694.696 0.019607844 -663
36 495.54117 705.8543 0.019607844 -679
37 492.87534 743.95654 0.01764706 -696
38 487.29318 823.4959 0.01764706 -729
39 485.5504 910.12256 0.01764706 -762
40 486.63547 958.5661 0.01764706 -795
41 487.59354 1007.6 0.01764706 -811
42 488.54764 1054.1561 0.01764706 -828
43 488.54764 1100.3491 0.01764706 -844
44 488.54764 1144.0142 0.01764706 -861
45 486.59985 1180.4781 0.01764706 -877
46 481.76892 1244.8467 0.01764706 -894
47 477.8054 1270.8513 0.01764706 -927
48 473.8342 1294.6882 0.01764706 -944
49 471.7245 1313.026 0.01764706 -960
50 467.78723 1342.758 0.01764706 -977
51 466.568 1362.419 0.01764706 -1010
52 465.5689 1372.8973 0.01764706 -1043
53 465.5689 1377.0869 0.01764706 -1076
54 465.5689 1378.2821 0.01764706 -1109
55 463.66412 1378.2821 0.01764706 -1125
56 463.57077 1378.2821 0.015686275 -1142
57 463.57077 1378.2821 0.015686275 -1142
0 800.25903 407.7876 0.019607844 -26
1 800.25903 407.7876 0.01764706 -40
2 794.98627 407.7876 0.019607844 -108
3 783.2702 411.78668 0.019607844 -141
4 761.7381 418.65524 0.019607844 -174
5 744.82495 422.6655 0.019607844 -207
6 724.30646 425.60068 0.019607844 -224
7 702.5659 429.55508 0.019607844 -241
8 682.4157 433.40198 0.019607844 -257
9 659.74976 437.25522 0.019607844 -274
10 634.6154 441.12363 0.019607844 -290
11 617.4283 442.76938 0.019607844 -307
12 606.4385 443.76886 0.019607844 -318
13 580.4625 445.76782 0.019607844 -344
14 555.48566 446.7673 0.019607844 -344
15 543.49677 446.7673 0.019607844 -361
16 519.519 446.7673 0.019607844 -387
17 494.2614 446.7673 0.019607844 -387
18 448.08978 446.7673 0.019607844 -406
19 433.64886 444.76834 0.019607844 -455
20 428.46918 444.76834 0.019607844 -488
21 424.69476 444.76834 0.019607844 -505
22 418.37213 443.76886 0.019607844 -521
23 414.63766 443.76886 0.019607844 -554
24 410.8615 443.76886 0.019607844 -587
25 408.91782 443.76886 0.019607844 -620
26 407.02548 443.76886 0.019607844 -637
27 405.14597 445.24698 0.019607844 -653
28 403.21396 447.59225 0.019607844 -670
29 401.34814 452.60498 0.019607844 -686
30 397.55646 471.20734 0.019607844 -703
31 393.4949 488.37903 0.019607844 -736
32 390.66605 508.4299 0.019607844 -752
33 388.7443 531.3679 0.019607844 -769
34 387.64108 557.1825 0.019607844 -785
35 388.34854 582.61017 0.019607844 -802
36 388.64014 611.3516 0.019607844 -818
37 390.21808 639.778 0.019607844 -835
38 390.6383 667.7422 0.019607844 -852
39 390.6383 722.9413 0.019607844 -868
40 390.6383 752.3482 0.019607844 -901
41 390.6383 761.60333 0.019607844 -918
42 390.6383 775.596 0.019607844 -922
43 390.6383 813.57623 0.019607844 -948
44 390.6383 828.5684 0.019607844 -948
45 390.6383 844.5601 0.019607844 -956
46 391.6374 874.5445 0.019607844 -981
47 391.6374 887.5377 0.019607844 -981
48 391.6374 900.53094 0.019607844 -990
49 391.6374 927.5169 0.019607844 -1015
50 391.6374 958.50073 0.019607844 -1015
51 391.6374 967.4961 0.019607844 -1040
52 390.6383 986.4862 0.019607844 -1065
53 390.6383 1036.1565 0.019607844 -1065
54 390.6383 1046.2399 0.019607844 -1116
55 390.6383 1052.8534 0.019607844 -1132
56 390.6383 1057.8516 0.019607844 -1149
57 390.6383 1057.8516 0.019607844 -1165
58 390.6383 1063.446 0.019607844 -1197
59 390.6383 1064.4456 0.019607844 -1197
0 797.2618 412.785 0.01764706 -8
1 797.2618 412.785 0.019607844 -8
2 797.2618 412.785 0.019607844 -29
3 797.2618 412.785 0.019607844 -46
4 797.2618 412.785 0.019607844 -62
5 797.2618 412.785 0.019607844 -79
6 796.51746 412.785 0.01764706 -95
7 795.2637 412.785 0.019607844 -112
8 793.2655 412.785 0.019607844 -117
9 786.272 413.7845 0.019607844 -142
10 760.7093 418.10553 0.01764706 -142
11 739.9987 417.7824 0.019607844 -178
12 718.83997 420.008 0.019607844 -195
13 697.2998 419.78134 0.019607844 -211
14 673.5861 419.78134 0.019607844 -228
15 650.10114 421.88834 0.019607844 -245
16 624.98346 423.81293 0.019607844 -261
17 580.1292 426.6263 0.019607844 -278
18 558.2823 428.59683 0.019607844 -311
19 539.0996 430.5159 0.019607844 -327
20 527.5116 431.77512 0.019607844 -344
21 518.5199 431.77512 0.019607844 -354
22 498.5384 433.77408 0.019607844 -380
23 486.37622 434.36996 0.019607844 -380
24 464.65182 434.77356 0.019607844 -394
25 457.57632 434.77356 0.019607844 -427
26 454.5791 434.77356 0.019607844 -441
27 434.5976 434.77356 0.019607844 -518
28 429.67578 434.77356 0.019607844 -518
29 425.47327 433.6414 0.019607844 -538
30 423.44995 433.77408 0.019607844 -571
31 421.57132 433.77408 0.019607844 -588
32 419.66293 433.77408 0.019607844 -604
33 417.76108 433.77408 0.019607844 -621
34 415.8689 434.51974 0.019607844 -637
35 413.9624 437.08093 0.019607844 -654
36 411.01218 443.19824 0.019607844 -670
37 408.0965 452.39246 0.019607844 -687
38 406.16785 464.95056 0.019607844 -703
39 401.8401 486.0799 0.019607844 -720
40 400.34753 511.67847 0.019607844 -736
41 400.62906 544.6113 0.019607844 -753
42 401.79184 593.45996 0.019607844 -770
43 404.8629 634.0478 0.019607844 -786
44 406.70483 675.4391 0.019607844 -803
45 408.66702 715.5811 0.019607844 -819
46 410.63748 755.9597 0.019607844 -836
47 414.52856 832.90155 0.019607844 -852
48 416.61426 906.5339 0.019607844 -885
49 416.61426 941.57367 0.019607844 -918
50 416.61426 1002.83813 0.019607844 -935
51 416.61426 1026.2592 0.019607844 -968
52 414.71222 1058.8711 0.019607844 -984
53 414.6161 1074.1276 0.019607844 -1017
54 414.6161 1078.3021 0.019607844 -1050
55 414.6161 1081.3702 0.019607844 -1067
56 414.6161 1083.3425 0.019607844 -1083
57 413.7021 1085.3496 0.019607844 -1100
58 412.61795 1085.4347 0.01764706 -1116
59 411.61887 1086.4341 0.01764706 -1125
0 803.2562 425.77823 0.01764706 -15
1 803.2562 425.77823 0.019607844 -15
2 803.2562 425.77823 0.019607844 -33
3 803.2562 425.77823 0.019607844 -50
4 803.2562 425.77823 0.019607844 -66
5 799.25995 423.77927 0.01764706 -105
6 795.3735 422.48325 0.01764706 -105
7 788.2505 420.52603 0.019607844 -116
8 788.2505 420.52603 0.019607844 -132
9 759.29694 415.78345 0.019607844 -171
10 746.8652 413.29608 0.019607844 -171
11 739.3154 412.785 0.019607844 -182
12 727.32654 412.785 0.019607844 -188
13 689.3617 412.785 0.019607844 -221
14 678.3719 412.785 0.01764706 -221
15 665.3839 413.7845 0.019607844 -229
16 626.42 415.78345 0.019607844 -263
17 614.4311 416.78293 0.019607844 -263
18 573.469 417.7824 0.019607844 -296
19 559.48193 417.7824 0.019607844 -296
20 546.494 418.78186 0.019607844 -305
21 505.53192 418.78186 0.019607844 -338
22 484.55133 418.78186 0.019607844 -338
23 474.5606 418.78186 0.019607844 -355
24 442.5902 418.78186 0.019607844 -398
25 424.9273 418.78186 0.019607844 -398
26 413.0523 418.78186 0.019607844 -429
27 407.70328 418.78186 0.019607844 -462
28 403.8885 418.78186 0.019607844 -479
29 400.15625 418.78186 0.019607844 -495
30 397.4544 418.78186 0.019607844 -512
31 393.69754 418.78186 0.019607844 -528
32 391.74976 419.6689 0.019607844 -561
33 389.86 421.55945 0.019607844 -578
34 387.93954 425.18106 0.019607844 -594
35 385.025 432.24893 0.019607844 -611
36 382.12057 442.9229 0.019607844 -628
37 377.65033 504.28094 0.019607844 -644
38 377.65033 539.29865 0.019607844 -694
39 377.65033 539.29865 0.019607844 -710
40 383.64478 613.68036 0.019607844 -733
41 385.6429 635.6689 0.019607844 -733
42 387.64108 659.65643 0.019607844 -750
43 398.77682 770.1326 0.019607844 -750
44 404.6533 854.1425 0.019607844 -793
45 404.6533 854.1425 0.019607844 -826
46 407.62256 909.52625 0.019607844 -849
47 408.62164 926.5174 0.019607844 -849
48 409.62073 967.4961 0.019607844 -883
49 409.62073 979.4898 0.019607844 -883
50 409.62073 1023.4669 0.019607844 -947
51 409.62073 1027.3185 0.019607844 -947
52 409.62073 1036.0453 0.019607844 -958
53 409.62073 1037.7518 0.019607844 -991
54 409.62073 1038.4591 0.019607844 -1007
55 409.62073 1039.4586 0.019607844 -1014
56 408.62164 1041.4575 0.019607844 -1038
57 408.62164 1041.4575 0.019607844 -1038
0 791.26733 1050.4529 0.015686275 -18
1 791.26733 1050.4529 0.015686275 -18
2 791.26733 1050.4529 0.015686275 -78
3 791.26733 1050.4529 0.01764706 -94
4 791.26733 1050.4529 0.021568628 -111
5 844.2183 980.4893 0.015686275 -176
6 851.4363 961.71295 0.015686275 -176
7 851.4363 961.71295 0.015686275 -193
8 664.3848 1055.4503 0.015686275 -234
9 664.3848 1055.4503 0.015686275 -234
10 674.3756 1042.457 0.021568628 -242
11 719.334 984.48724 0.015686275 -275
12 719.334 984.48724 0.015686275 -275
13 549.4912 1053.4513 0.015686275 -310
14 549.4912 1053.4513 0.015686275 -310
15 560.481 1037.4596 0.021568628 -318
16 602.4422 971.494 0.015686275 -352
17 602.4422 971.494 0.015686275 -352
18 437.59482 1051.4524 0.015686275 -386
19 435.59668 1050.4529 0.01764706 -386
20 445.58743 1032.4623 0.021568628 -403
21 491.54486 967.4961 0.01764706 -437
22 502.6581 948.63336 0.01764706 -437
23 508.654 937.2619 0.01764706 -457
24 509.52823 933.3589 0.019607844 -490
25 509.52823 931.62683 0.019607844 -507
26 509.52823 929.75757 0.01764706 -523
27 509.52823 925.9925 0.01764706 -539
28 509.52823 924.0359 0.01764706 -572
29 509.52823 923.519 0.01764706 -589
30 509.52823 923.519 0.01764706 -605
31 509.52823 923.519 0.01764706 -622
32 510.69928 924.6905 0.01764706 -638
33 512.6326 930.8369 0.01764706 -655
34 516.6072 944.7645 0.015686275 -671
35 516.5217 956.2219 0.015686275 -688
36 516.5217 972.5961 0.015686275 -704
37 515.52264 993.3965 0.01764706 -721
38 515.52264 1021.3271 0.015686275 -737
39 513.52454 1051.8273 0.01764706 -754
40 513.8314 1087.2115 0.015686275 -770
41 515.1693 1126.9855 0.015686275 -787
42 517.5208 1169.3951 0.01764706 -803
43 519.66675 1209.9963 0.01764706 -820
44 523.51526 1250.7084 0.015686275 -836
45 524.08466 1324.0519 0.015686275 -853
46 520.51807 1393.9618 0.015686275 -886
47 521.57635 1430.4291 0.015686275 -919
48 519.0406 1452.9889 0.015686275 -935
49 516.5533 1475.5894 0.015686275 -952
50 513.04486 1496.0618 0.015686275 -968
51 511.52637 1523.6246 0.015686275 -985
52 508.5276 1535.704 0.01764706 -1018
53 506.0205 1543.7289 0.01764706 -1034
54 502.07965 1552.6467 0.01764706 -1051
55 500.53653 1554.6862 0.01764706 -1084
56 500.53653 1556.6951 0.01764706 -1100
57 498.5384 1558.1884 0.01764706 -1117
58 479.55597 1574.18 0.019607844 -1146
0 897.1693 701.6345 0.01764706 -49
1 897.1693 701.6345 0.01764706 -57
2 897.1693 701.6345 0.01764706 -84
3 897.1693 701.6345 0.01764706 -98
4 889.1767 701.6345 0.01764706 -148
5 879.2886 702.8134 0.01764706 -148
6 879.2886 702.8134 0.01764706 -166
7 849.2137 704.633 0.01764706 -197
8 826.336 705.63245 0.01764706 -197
9 826.336 705.63245 0.01764706 -216
10 791.26733 705.63245 0.01764706 -239
11 766.29047 705.63245 0.01764706 -239
12 753.3025 706.63196 0.01764706 -255
13 727.32654 706.63196 0.01764706 -280
14 714.33856 705.63245 0.01764706 -280
15 700.3515 705.63245 0.01764706 -289
16 672.37744 704.633 0.01764706 -314
17 645.4024 703.6335 0.01764706 -314
18 630.41626 702.63403 0.01764706 -331
19 604.4403 699.63556 0.01764706 -356
20 592.4514 698.6361 0.01764706 -356
21 579.46344 697.63666 0.01764706 -365
22 546.494 691.6398 0.01764706 -399
23 516.5217 683.6439 0.01764706 -399
24 512.52545 682.6444 0.01764706 -442
25 495.54117 681.64496 0.01764706 -570
26 495.54117 685.45667 0.01764706 -570
27 499.32867 696.80115 0.015686275 -596
28 499.53748 705.279 0.015686275 -628
29 499.53748 713.6283 0.01764706 -645
30 499.53748 720.62463 0.015686275 -656
31 507.53006 1219.3649 0.015686275 -903
32 504.7359 1252.3153 0.015686275 -903
33 503.53375 1268.6774 0.015686275 -926
34 503.53375 1282.253 0.015686275 -942
35 502.5347 1292.4811 0.015686275 -959
36 502.5347 1299.7767 0.015686275 -975
37 502.5347 1305.757 0.015686275 -992
38 502.5347 1309.959 0.015686275 -1008
39 502.5347 1316.1115 0.015686275 -1025
40 502.5347 1317.3138 0.015686275 -1058
41 502.5347 1318.3134 0.015686275 -1074
42 502.5347 1318.3134 0.015686275 -1091
43 501.5356 1318.3134 0.015686275 -1107
44 500.53653 1318.3134 0.015686275 -1116
0 809.2507 403.78967 0.019607844 -18
1 809.2507 403.78967 0.019607844 -18
2 805.2544 403.78967 0.019607844 -91
3 802.70435 403.78967 0.019607844 -91
4 793.2655 403.78967 0.019607844 -101
5 789.2692 404.78915 0.019607844 -125
6 766.29047 407.7876 0.019607844 -165
7 758.29785 408.78708 0.019607844 -165
8 750.3053 409.78656 0.019607844 -174
9 707.34503 411.78552 0.019607844 -216
10 694.35706 412.785 0.019607844 -216
11 653.395 412.785 0.019607844 -249
12 639.40796 412.785 0.019607844 -249
13 625.4209 412.785 0.019607844 -257
14 583.4598 410.78604 0.019607844 -290
15 569.4727 408.78708 0.019607844 -290
16 524.51434 404.78915 0.019607844 -324
17 511.52637 402.7902 0.019607844 -324
18 463.57077 397.79282 0.019607844 -374
19 446.25674 397.79282 0.019607844 -374
20 439.27567 397.79282 0.019607844 -398
21 435.23172 397.79282 0.019607844 -415
22 431.48895 397.79282 0.019607844 -431
23 427.60406 397.79282 0.019607844 -448
24 426.2441 397.79282 0.019607844 -464
25 424.3332 397.79282 0.019607844 -481
26 422.36316 397.79282 0.019607844 -498
27 418.64697 397.79282 0.019607844 -514
28 414.7996 398.6087 0.019607844 -547
29 412.8407 400.56842 0.019607844 -580
30 410.92252 404.8801 0.019607844 -597
31 409.00815 411.23837 0.019607844 -613
32 407.08127 421.57297 0.019607844 -630
33 405.14194 438.6009 0.019607844 -646
34 403.62628 461.83057 0.019607844 -663
35 403.62628 492.22766 0.019607844 -679
36 406.86572 561.314 0.019607844 -696
37 410.20377 602.81354 0.019607844 -729
38 414.13394 644.0971 0.019607844 -745
39 421.93704 742.18475 0.019607844 -762
40 423.84558 786.5887 0.019607844 -795
41 425.80325 824.3231 0.019607844 -811
42 425.80325 824.3231 0.019607844 -828
43 422.6087 1005.4763 0.019607844 -1008
44 422.6087 1006.47577 0.019607844 -1008
45 422.6087 1008.47473 0.019607844 -1032
46 422.6087 1009.4742 0.019607844 -1032
0 805.2544 423.77927 0.01764706 -6
1 805.2544 423.77927 0.019607844 -15
2 805.2544 423.77927 0.019607844 -30
3 804.2553 423.77927 0.019607844 -98
4 800.0515 423.77927 0.019607844 -98
5 795.0836 423.77927 0.019607844 -114
6 789.2692 423.77927 0.019607844 -131
7 785.2729 423.77927 0.019607844 -147
8 759.29694 426.7777 0.019607844 -189
9 750.3053 427.7772 0.019607844 -189
10 740.3145 428.77667 0.019607844 -197
11 705.3469 431.77512 0.019607844 -231
12 691.35986 432.7746 0.019607844 -231
13 677.3728 433.77408 0.019607844 -240
14 647.4006 433.77408 0.019607844 -264
15 632.4144 432.7746 0.019607844 -264
16 617.4283 432.7746 0.019607844 -273
17 587.45605 430.77563 0.019607844 -299
18 572.4699 429.77615 0.019607844 -299
19 557.4838 428.77667 0.019607844 -307
20 529.5097 426.7777 0.019607844 -332
21 504.53284 425.77823 0.019607844 -332
22 492.54395 424.77875 0.019607844 -350
23 464.56985 424.77875 0.019607844 -383
24 453.87408 424.77875 0.019607844 -383
25 434.65723 424.77875 0.019607844 -397
26 424.4468 424.77875 0.019607844 -428
27 420.59293 424.77875 0.019607844 -461
28 418.6661 424.77875 0.019607844 -478
29 416.7476 424.77875 0.019607844 -494
30 414.8142 424.77875 0.019607844 -511
31 412.90015 424.77875 0.019607844 -527
32 409.1222 424.77875 0.019607844 -544
33 407.13107 424.77875 0.019607844 -577
34 403.28586 427.1183 0.019607844 -593
35 401.35724 432.58807 0.019607844 -626
36 399.30392 442.40134 0.019607844 -643
37 397.47424 455.02493 0.019607844 -659
38 395.63367 461.7595 0.019607844 -676
39 393.63553 470.7548 0.019607844 -683
40 377.65033 724.62256 0.019607844 -832
41 377.65033 747.5979 0.019607844 -832
42 378.81485 833.20874 0.019607844 -841
43 382.9628 875.7178 0.019607844 -874
44 384.79678 912.43317 0.019607844 -890
45 386.7958 943.8178 0.019607844 -907
46 386.642 972.3309 0.019607844 -923
47 386.642 1013.64197 0.019607844 -940
48 385.4596 1028.7485 0.019607844 -973
49 385.6429 1041.5303 0.019607844 -990
50 385.6429 1051.3055 0.019607844 -1006
51 385.6429 1064.928 0.019607844 -1023
52 385.6429 1070.5903 0.019607844 -1056
53 385.6429 1072.6251 0.019607844 -1089
54 385.6429 1074.6337 0.019607844 -1105
55 385.6429 1075.9395 0.019607844 -1122
56 385.6429 1075.4398 0.01764706 -1133
57 385.6429 1075.4398 0.01764706 -1155
0 771.2858 397.79282 0.019607844 -27
1 771.2858 397.79282 0.019607844 -27
2 771.2858 397.79282 0.019607844 -45
3 771.2858 397.79282 0.019607844 -61
4 771.2858 397.79282 0.019607844 -78
5 769.1917 397.79282 0.01764706 -94
6 767.28955 397.79282 0.019607844 -111
7 764.2923 397.79282 0.019607844 -119
8 748.3071 400.79126 0.01764706 -152
9 742.3127 401.7907 0.019607844 -152
10 735.31915 402.7902 0.01764706 -160
11 686.3645 409.78656 0.019607844 -210
12 676.3737 410.78604 0.01764706 -210
13 634.4126 414.78397 0.019607844 -250
14 623.2615 415.89954 0.019607844 -250
15 623.2615 415.89954 0.019607844 -259
16 580.4625 417.7824 0.019607844 -291
17 569.4727 417.7824 0.019607844 -291
18 558.4829 418.78186 0.019607844 -300
19 519.519 418.78186 0.019607844 -341
20 502.5347 419.78134 0.019607844 -341
21 494.54208 419.78134 0.019607844 -358
22 458.5754 419.78134 0.019607844 -425
23 451.7964 419.78134 0.019607844 -425
24 446.0025 419.78134 0.019607844 -441
25 440.96384 419.78134 0.019607844 -457
26 437.08826 419.78134 0.019607844 -474
27 433.9383 419.78134 0.019607844 -490
28 431.98248 419.78134 0.019607844 -507
29 430.0547 419.78134 0.019607844 -524
30 426.25516 419.78134 0.019607844 -540
31 422.45895 419.78134 0.019607844 -573
32 420.3922 420.9992 0.019607844 -606
33 418.49622 424.01172 0.019607844 -623
34 416.54727 428.97775 0.019607844 -639
35 413.576 435.85513 0.019607844 -656
36 411.64157 445.6543 0.019607844 -672
37 407.76865 458.2495 0.019607844 -689
38 403.84036 473.78888 0.019607844 -705
39 401.8109 493.73007 0.019607844 -722
40 399.84024 517.20514 0.019607844 -738
41 398.6309 545.3334 0.019607844 -755
42 399.3119 577.2867 0.019607844 -771
43 401.89178 613.68756 0.019607844 -788
44 408.70728 688.4985 0.019607844 -804
45 412.7343 730.34265 0.019607844 -837
46 420.66187 807.04205 0.019607844 -854
47 427.12668 876.89777 0.019607844 -887
48 429.15717 909.95306 0.019607844 -920
49 431.14572 940.1395 0.019607844 -936
50 433.16074 968.3611 0.019607844 -953
51 435.15002 993.1181 0.019607844 -969
52 439.14816 1030.9014 0.019607844 -986
53 439.59296 1043.6257 0.019607844 -1019
54 439.59296 1053.0562 0.019607844 -1035
55 439.59296 1059.4019 0.019607844 -1052
56 439.59296 1063.7523 0.019607844 -1068
57 439.59296 1066.1093 0.019607844 -1085
58 439.59296 1068.1268 0.019607844 -1101
59 439.59296 1070.1362 0.019607844 -1118
60 439.59296 1071.4419 0.019607844 -1134
61 439.59296 1072.4414 0.019607844 -1151
62 439.59296 1073.4409 0.019607844 -1167
63 439.59296 1073.4409 0.019607844 -1178
0 807.25256 429.77615 0.01764706 -33
1 807.25256 429.77615 0.01764706 -33
2 807.25256 429.77615 0.01764706 -50
3 800.25903 429.77615 0.019607844 -124
4 797.7292 429.77615 0.019607844 -124
5 791.26733 429.77615 0.019607844 -133
6 787.27106 429.77615 0.019607844 -148
7 759.29694 429.77615 0.019607844 -197
8 751.3043 429.77615 0.019607844 -197
9 742.3127 429.77615 0.019607844 -206
10 704.34784 433.77408 0.019607844 -247
11 695.35614 434.77356 0.019607844 -247
12 686.3645 435.773 0.019607844 -255
13 652.39594 438.77145 0.019607844 -288
14 638.20746 439.9543 0.019607844 -288
15 638.20746 439.9543 0.019607844 -298
16 594.4496 441.7699 0.019607844 -331
17 582.4607 441.7699 0.019607844 -331
18 572.4699 442.76938 0.019607844 -339
19 538.5014 443.76886 0.019607844 -373
20 527.5116 443.76886 0.019607844 -373
21 517.5208 443.76886 0.019607844 -381
22 482.5532 444.76834 0.019607844 -423
23 459.93744 444.76834 0.019607844 -423
24 457.57632 444.76834 0.019607844 -447
25 449.5837 444.76834 0.019607844 -449
26 413.61703 445.76782 0.019607844 -517
27 407.75482 445.76782 0.019607844 -517
28 399.95453 445.76782 0.019607844 -529
29 396.96655 445.76782 0.019607844 -546
30 393.15668 445.76782 0.019607844 -562
31 389.16458 445.76782 0.019607844 -579
32 387.51993 445.76782 0.019607844 -595
33 385.5923 445.76782 0.019607844 -612
34 383.68436 445.76782 0.019607844 -628
35 381.72427 446.68964 0.019607844 -645
36 378.92612 448.62787 0.019607844 -661
37 375.83215 453.22342 0.019607844 -678
38 373.09753 459.09637 0.019607844 -694
39 370.93115 467.38348 0.019607844 -711
40 364.06406 502.92432 0.019607844 -727
41 362.0607 529.7853 0.019607844 -760
42 362.2227 566.4241 0.019607844 -777
43 366.2756 614.1363 0.019607844 -793
44 374.11145 666.4169 0.019607844 -810
45 384.18637 719.86084 0.019607844 -826
46 391.6374 761.60333 0.019607844 -843
47 396.63275 789.58875 0.019607844 -855
48 404.62534 846.5591 0.019607844 -880
49 407.62256 873.545 0.019607844 -880
50 410.6198 901.53046 0.019607844 -896
51 418.23242 987.49866 0.019607844 -896
52 420.61053 1058.4604 0.019607844 -926
53 420.61053 1083.036 0.019607844 -959
54 418.9943 1102.3677 0.019607844 -975
55 417.01135 1116.0339 0.019607844 -992
56 413.61703 1131.5374 0.019607844 -1008
57 413.61703 1135.6641 0.019607844 -1041
58 413.61703 1138.0397 0.019607844 -1058
59 413.61703 1140.035 0.019607844 -1074
60 413.61703 1142.0326 0.019607844 -1091
61 413.61703 1142.405 0.019607844 -1107
62 413.61703 1143.2192 0.019607844 -1124
63 413.61703 1143.8882 0.019607844 -1140
64 412.61795 1143.4044 0.01764706 -1151
65 412.61795 1143.4044 0.01764706 -1190
66 412.61795 1143.4044 0.01764706 -1193
0 757.2988 425.77823 0.01764706 -18
1 757.2988 425.77823 0.019607844 -18
2 757.2988 425.77823 0.019607844 -44
3 757.2988 425.77823 0.01764706 -60
4 757.2988 425.77823 0.019607844 -92
5 746.30597 425.77823 0.019607844 -126
6 735.3505 425.77823 0.019607844 -159
7 722.65186 425.77823 0.01764706 -176
8 722.3312 425.77823 0.019607844 -192
9 714.33856 425.77823 0.019607844 -193
10 689.3617 426.7777 0.019607844 -226
11 679.371 427.7772 0.019607844 -226
12 669.3802 428.77667 0.019607844 -234
13 637.4098 430.77563 0.019607844 -267
14 626.42 430.77563 0.019607844 -267
15 614.4311 430.77563 0.019607844 -275
16 577.46533 429.77615 0.019607844 -309
17 564.47736 429.77615 0.019607844 -309
18 552.48846 428.77667 0.019607844 -317
19 518.5199 425.77823 0.019607844 -351
20 498.5384 423.77927 0.019607844 -351
21 489.54672 423.77927 0.019607844 -368
22 459.57446 422.7798 0.019607844 -410
23 438.92554 422.7798 0.019607844 -410
24 430.51602 422.7798 0.019607844 -440
25 419.89102 422.7798 0.019607844 -456
26 416.00262 422.7798 0.019607844 -489
27 413.4654 422.7798 0.019607844 -506
28 409.5884 422.7798 0.019607844 -522
29 407.59958 422.7798 0.019607844 -555
30 405.6496 422.7798 0.019607844 -572
31 403.70807 422.7798 0.019607844 -589
32 401.7639 422.7798 0.019607844 -605
33 399.8186 424.59003 0.019607844 -622
34 397.8859 428.2683 0.019607844 -638
35 395.94397 433.84232 0.019607844 -655
36 394.6346 438.77145 0.019607844 -671
37 393.63553 443.76886 0.019607844 -682
38 391.6374 457.76157 0.019607844 -707
39 389.63922 473.75323 0.019607844 -707
40 387.64108 484.74753 0.019607844 -724
41 385.6429 526.72565 0.019607844 -758
42 385.6429 545.71576 0.019607844 -758
43 398.6309 677.64703 0.019607844 -816
44 402.6272 702.63403 0.019607844 -816
45 412.61795 803.5814 0.019607844 -856
46 414.6161 826.56946 0.019607844 -856
47 417.6133 870.5466 0.019607844 -880
48 418.6124 891.53564 0.019607844 -880
49 418.6124 911.5252 0.019607844 -897
50 418.6124 930.5153 0.019607844 -897
51 418.6124 963.49817 0.019607844 -921
52 412.70462 1040.5037 0.019607844 -921
53 408.88678 1076.3163 0.019607844 -969
54 405.62442 1098.5048 0.019607844 -1001
55 404.62534 1104.0914 0.019607844 -1034
56 404.62534 1109.1122 0.019607844 -1051
57 403.62628 1113.2211 0.019607844 -1067
58 403.62628 1115.2864 0.019607844 -1100
59 403.62628 1116.4185 0.019607844 -1117
60 403.62628 1116.4185 0.019607844 -1133
61 402.6272 1117.418 0.015686275 -1138
62 402.6272 1117.418 0.015686275 -1167
0 774.2831 413.7845 0.01764706 -17
1 774.2831 413.7845 0.019607844 -17
2 772.0733 413.7845 0.01764706 -58
3 767.1001 413.7845 0.019607844 -76
4 750.6333 416.72824 0.01764706 -92
5 737.40814 418.7689 0.019607844 -125
6 722.07166 420.68835 0.019607844 -142
7 721.3321 420.78082 0.019607844 -158
8 713.3395 421.7803 0.019607844 -159
9 693.35803 423.77927 0.019607844 -184
10 682.36816 424.77875 0.019607844 -184
11 633.4135 425.77823 0.019607844 -225
12 622.4237 425.77823 0.019607844 -225
13 586.457 423.77927 0.019607844 -258
14 573.469 423.77927 0.019607844 -258
15 561.4801 423.77927 0.019607844 -267
16 518.5199 421.7803 0.019607844 -309
17 500.53653 420.78082 0.019607844 -309
18 492.54395 420.78082 0.019607844 -325
19 460.57355 420.78082 0.019607844 -375
20 451.95227 419.78134 0.019607844 -375
21 442.96536 418.1261 0.019607844 -390
22 428.9977 415.78345 0.019607844 -406
23 420.91153 414.43478 0.019607844 -439
24 419.25153 414.78397 0.019607844 -472
25 417.3655 414.78397 0.019607844 -489
26 415.38336 414.78397 0.019607844 -505
27 413.49445 414.78397 0.019607844 -522
28 411.5898 414.78397 0.019607844 -538
29 409.6461 414.78397 0.019607844 -555
30 407.7109 414.78397 0.019607844 -571
31 405.77982 414.78397 0.019607844 -588
32 404.62534 414.78397 0.019607844 -604
33 404.62534 414.78397 0.019607844 -614
34 399.62997 423.77927 0.019607844 -664
35 398.6309 427.7772 0.019607844 -664
36 422.6087 1004.4768 0.019607844 -941
37 422.6087 1022.61163 0.019607844 -941
38 422.6087 1066.5753 0.019607844 -951
39 422.6087 1078.942 0.019607844 -984
40 422.6087 1086.1359 0.019607844 -1001
41 420.3307 1090.9918 0.019607844 -1017
42 420.61053 1093.6943 0.019607844 -1034
43 420.61053 1097.6414 0.019607844 -1050
44 420.61053 1099.6593 0.019607844 -1083
45 420.61053 1100.6772 0.019607844 -1100
46 420.61053 1100.4269 0.01764706 -1116
47 419.61148 1100.4269 0.01764706 -1147
0 791.26733 417.7824 0.01764706 0
1 791.26733 417.7824 0.019607844 0
2 791.26733 417.7824 0.01764706 -18
3 791.26733 417.7824 0.019607844 -38
4 790.26825 417.7824 0.019607844 -119
5 784.6396 417.7824 0.019607844 -119
6 772.9646 417.7824 0.019607844 -137
7 772.9646 417.7824 0.019607844 -170
8 760.296 420.78082 0.019607844 -194
9 743.84546 423.85687 0.019607844 -194
10 718.4156 426.76617 0.019607844 -220
11 687.71606 430.73154 0.019607844 -253
12 652.2869 431.77512 0.019607844 -286
13 633.1725 432.69876 0.019607844 -319
14 593.0999 433.77408 0.019607844 -335
15 573.33325 433.77408 0.019607844 -368
16 536.1053 434.77356 0.019607844 -385
17 502.71393 434.77356 0.019607844 -418
18 484.87668 434.77356 0.019607844 -451
19 471.5467 434.77356 0.019607844 -467
20 459.86743 434.77356 0.019607844 -484
21 448.1553 434.77356 0.019607844 -500
22 439.3185 433.51926 0.019607844 -517
23 431.34128 433.77408 0.019607844 -533
24 423.62112 433.77408 0.019607844 -550
25 416.8323 431.51468 0.019607844 -567
26 411.2222 431.77512 0.019607844 -583
27 407.50403 431.77512 0.019607844 -600
28 405.63812 431.77512 0.019607844 -616
29 403.7102 431.77512 0.019607844 -633
30 401.80792 431.77512 0.019607844 -649
31 399.9035 431.77512 0.019607844 -666
32 397.99374 431.77512 0.019607844 -682
33 396.08795 431.77512 0.019607844 -699
34 394.1546 431.77512 0.019607844 -715
35 393.63553 431.77512 0.019607844 -732
36 393.63553 431.77512 0.019607844 -748
37 391.3594 431.77512 0.019607844 -765
38 389.4848 433.92856 0.019607844 -781
39 387.46478 438.1247 0.019607844 -798
40 387.46478 438.1247 0.019607844 -814
41 381.64664 463.75845 0.019607844 -864
42 379.62543 473.8685 0.019607844 -864
43 379.62543 473.8685 0.019607844 -880
44 375.65216 516.73083 0.019607844 -923
45 374.6531 527.72516 0.019607844 -923
46 374.6531 584.69543 0.019607844 -964
47 375.65216 603.68555 0.019607844 -964
48 387.64108 723.6231 0.019607844 -1021
49 390.6383 747.6106 0.019607844 -1021
50 392.63644 769.5991 0.019607844 -1037
51 395.63367 792.58716 0.019607844 -1037
52 401.6281 839.5627 0.019607844 -1061
53 404.62534 861.5513 0.019607844 -1061
54 409.62073 903.5294 0.019607844 -1086
55 412.61795 923.519 0.019607844 -1086
56 416.61426 958.50073 0.019607844 -1110
57 418.6124 974.49243 0.019607844 -1110
58 420.61053 989.4846 0.019607844 -1118
59 422.6087 1011.47314 0.019607844 -1142
60 422.6087 1055.2325 0.019607844 -1142
61 422.6087 1060.6029 0.019607844 -1212
62 422.6087 1062.6838 0.019607844 -1243
63 422.6087 1064.6774 0.019607844 -1260
64 422.6087 1064.6774 0.019607844 -1276
0 735.31915 1040.4581 0.015686275 -33
1 735.31915 1040.4581 0.01764706 -33
2 734.1891 1040.4581 0.01764706 -75
3 730.21375 1040.4581 0.01764706 -92
4 730.21375 1040.4581 0.021568628 -108
5 721.3321 1035.4607 0.015686275 -132
6 696.1336 1036.4602 0.01764706 -132
7 681.7231 1038.5398 0.01764706 -158
8 656.5272 1043.5183 0.015686275 -174
9 640.08856 1044.4559 0.01764706 -191
10 619.17035 1049.5322 0.015686275 -207
11 596.55865 1051.4524 0.015686275 -224
12 574.9415 1051.4524 0.01764706 -240
13 524.1814 1051.619 0.015686275 -257
14 479.45746 1054.6925 0.015686275 -290
15 460.45758 1052.6871 0.01764706 -323
16 440.93207 1053.6162 0.01764706 -339
17 421.11273 1054.8009 0.015686275 -356
18 395.8311 1052.8911 0.01764706 -372
19 379.87747 1051.4524 0.01764706 -405
20 364.24915 1054.0165 0.015686275 -438
21 357.7299 1055.7632 0.015686275 -471
22 353.23807 1057.6665 0.015686275 -488
23 349.39557 1057.4492 0.015686275 -504
24 347.60385 1057.4492 0.01764706 -521
25 345.6893 1057.4492 0.01764706 -537
26 343.7552 1057.4492 0.015686275 -554
27 341.83734 1059.2943 0.01764706 -570
28 339.8967 1061.2358 0.01764706 -587
29 339.6855 1063.175 0.01764706 -603
30 339.6855 1065.1287 0.01764706 -620
31 339.6855 1068.6261 0.01764706 -636
32 339.6855 1069.443 0.01764706 -653
33 361.66513 1062.4467 0.023529414 -657
34 372.65494 1066.4446 0.023529414 -681
35 364.66235 1082.4362 0.015686275 -681
36 359.667 1094.4299 0.015686275 -698
37 352.67346 1112.4205 0.01764706 -698
38 367.65958 1111.4211 0.021568628 -715
39 444.58835 1094.4299 0.015686275 -748
40 444.58835 1094.4299 0.015686275 -748
41 498.5384 1142.405 0.015686275 -773
42 497.5393 1160.7008 0.015686275 -773
43 497.5393 1197.1692 0.01764706 -802
44 497.5393 1207.3711 0.015686275 -818
45 497.5393 1207.3711 0.015686275 -823
46 493.54303 1312.3165 0.01764706 -847
47 486.22644 1359.1145 0.01764706 -847
48 477.09653 1448.9417 0.01764706 -884
49 475.051 1484.3732 0.01764706 -917
50 473.04367 1511.9142 0.01764706 -934
51 472.01834 1531.5591 0.015686275 -950
52 470.95596 1545.8427 0.015686275 -967
53 468.0767 1562.6559 0.015686275 -984
54 465.87378 1568.5728 0.015686275 -1017
55 464.56985 1573.342 0.015686275 -1033
56 462.8354 1576.9147 0.015686275 -1050
57 462.5717 1578.8972 0.015686275 -1066
58 462.5717 1580.9456 0.015686275 -1083
59 462.5717 1582.9509 0.015686275 -1099
60 462.5717 1584.1749 0.015686275 -1116
61 462.5717 1584.1749 0.015686275 -1149
62 462.5717 1584.1749 0.015686275 -1162
63 462.5717 1584.1749 0.015686275 -1182
64 462.5717 1584.1749 0.015686275 -1191
0 891.17487 962.49866 0.01764706 -8
1 891.17487 962.49866 0.01764706 -8
2 888.5307 961.1761 0.015686275 -32
3 882.0188 959.1123 0.015686275 -68
4 872.35 961.8675 0.01764706 -85
5 850.7555 963.49817 0.015686275 -102
6 832.0866 962.1496 0.015686275 -135
7 811.67505 964.85474 0.01764706 -151
8 788.30133 963.19305 0.015686275 -168
9 761.6884 963.827 0.01764706 -184
10 739.8937 963.49817 0.015686275 -201
11 711.53625 962.7522 0.01764706 -217
12 662.0915 960.2801 0.015686275 -234
13 616.70074 958.41986 0.015686275 -267
14 570.5103 956.5056 0.01764706 -300
15 553.40125 953.49255 0.015686275 -333
16 553.40125 953.49255 0.015686275 -349
17 308.71414 1048.4539 0.015686275 -383
18 308.71414 1048.4539 0.015686275 -383
19 308.71414 1048.4539 0.01764706 -399
20 308.71414 1048.4539 0.01764706 -432
21 308.71414 1048.4539 0.01764706 -465
22 308.71414 1048.4539 0.01764706 -482
23 308.71414 1048.4539 0.01764706 -515
24 308.71414 1048.4539 0.01764706 -531
25 308.71414 1048.4539 0.015686275 -564
26 308.71414 1049.5923 0.015686275 -581
27 308.71414 1052.6705 0.015686275 -597
28 308.71414 1061.4205 0.015686275 -614
29 308.71414 1066.4309 0.015686275 -647
30 308.71414 1073.243 0.015686275 -663
31 308.71414 1081.0797 0.015686275 -680
32 309.62906 1094.6715 0.015686275 -696
33 309.71323 1111.5432 0.015686275 -713
34 310.7123 1135.9316 0.015686275 -729
35 311.85715 1166.4954 0.015686275 -746
36 311.71136 1168.3915 0.015686275 -763
37 311.71136 1168.3915 0.015686275 -764
38 311.71136 1401.2701 0.015686275 -854
39 310.66592 1402.6409 0.015686275 -854
40 306.63934 1447.2435 0.015686275 -862
41 303.6866 1501.6685 0.01764706 -895
42 302.7197 1529.0734 0.01764706 -928
43 301.72064 1550.5752 0.01764706 -944
44 299.77173 1566.7894 0.01764706 -961
45 299.72247 1581.235 0.01764706 -976
46 299.72247 1597.1875 0.01764706 -992
47 299.72247 1605.1499 0.01764706 -1025
48 299.72247 1610.156 0.01764706 -1058
49 299.72247 1612.2126 0.01764706 -1091
50 299.72247 1613.198 0.01764706 -1108
51 299.72247 1613.1598 0.01764706 -1124
52 316.70676 1607.1628 0.019607844 -1132
0 735.31915 1064.4456 0.015686275 -17
1 737.49915 1064.4456 0.015686275 -17
2 738.3164 1064.4456 0.015686275 -35
3 738.3164 1064.4456 0.015686275 -52
4 738.3164 1064.4456 0.015686275 -63
5 736.18335 1064.4456 0.015686275 -85
6 731.1022 1065.5554 0.013725491 -101
7 727.32654 1067.444 0.015686275 -134
8 734.32007 1057.4492 0.019607844 -142
9 709.3432 1061.4471 0.015686275 -166
10 690.3608 1066.4446 0.015686275 -166
11 690.3608 1066.4446 0.015686275 -183
12 605.4394 1063.446 0.015686275 -208
13 584.47314 1063.4481 0.015686275 -208
14 578.4644 1063.446 0.01764706 -250
15 582.4607 1053.4513 0.019607844 -258
16 550.4903 1060.4476 0.015686275 -282
17 506.531 1064.4456 0.015686275 -282
18 510.52728 1054.4508 0.019607844 -316
19 477.55783 1057.4492 0.015686275 -341
20 453.97513 1057.4492 0.01764706 -341
21 453.58002 1057.4492 0.01764706 -366
22 457.57632 1049.4534 0.019607844 -366
23 491.54486 1001.4784 0.01764706 -408
24 503.25824 977.3183 0.015686275 -408
25 504.53284 972.1248 0.015686275 -448
26 504.53284 968.2492 0.015686275 -464
27 504.53284 964.92175 0.015686275 -481
28 504.53284 964.4976 0.015686275 -497
29 504.53284 964.4976 0.015686275 -501
30 348.67715 1081.4368 0.013725491 -618
31 348.67715 1081.4368 0.015686275 -618
32 348.67715 1081.4368 0.015686275 -643
33 347.67807 1147.4023 0.01764706 -709
34 347.67807 1147.4023 0.01764706 -709
35 366.6605 1133.4097 0.021568628 -717
36 442.5902 1100.4269 0.015686275 -759
37 442.5902 1100.4269 0.015686275 -759
38 317.70584 1306.3196 0.015686275 -825
39 314.96014 1318.3063 0.015686275 -825
40 312.96164 1347.5383 0.015686275 -844
41 309.71323 1426.9784 0.015686275 -861
42 307.32874 1468.5824 0.015686275 -894
43 305.32596 1507.0415 0.015686275 -910
44 303.31903 1543.798 0.01764706 -927
45 302.30295 1581.2678 0.01764706 -943
46 300.26987 1613.0372 0.01764706 -960
47 298.2486 1637.85 0.01764706 -976
48 294.7161 1662.6946 0.01764706 -993
49 292.2217 1679.1716 0.01764706 -1009
50 288.63412 1691.8407 0.01764706 -1026
51 282.67465 1705.7706 0.015686275 -1042
52 279.19052 1713.7603 0.015686275 -1059
53 277.2138 1719.1636 0.015686275 -1075
54 275.1868 1722.6611 0.015686275 -1092
55 274.17743 1724.6703 0.015686275 -1108
56 272.74747 1726.101 0.015686275 -1125
57 272.74747 1727.6002 0.015686275 -1141
58 272.74747 1727.6002 0.015686275 -1157
0 725.3284 1087.4336 0.01764706 -19
1 725.3284 1087.4336 0.01764706 -19
2 723.1985 1087.4336 0.01764706 -30
3 721.2701 1087.4336 0.01764706 -53
4 720.333 1087.4336 0.01764706 -69
5 731.3229 1079.4377 0.019607844 -77
6 777.2803 1040.4581 0.015686275 -118
7 785.2729 1025.4658 0.015686275 -118
8 785.2729 1025.4658 0.015686275 -134
9 606.4385 1102.4258 0.015686275 -175
10 606.4385 1102.4258 0.015686275 -175
11 606.4385 1102.4258 0.021568628 -185
12 657.3913 1040.4581 0.015686275 -225
13 657.3913 1040.4581 0.015686275 -225
14 481.5541 1102.4258 0.01764706 -266
15 494.54208 1087.4336 0.019607844 -266
16 540.4995 1030.4633 0.015686275 -300
17 545.49493 1017.47003 0.015686275 -300
18 545.49493 1017.47003 0.015686275 -308
19 368.65866 1080.4373 0.015686275 -341
20 368.65866 1080.4373 0.015686275 -341
21 367.83008 1080.4373 0.01764706 -351
22 361.94016 1080.4373 0.01764706 -383
23 358.02957 1080.4373 0.01764706 -416
24 354.19458 1080.4373 0.01764706 -449
25 352.24814 1080.4373 0.01764706 -482
26 350.335 1080.4373 0.01764706 -498
27 347.48837 1080.4373 0.01764706 -515
28 347.67807 1080.4373 0.01764706 -548
29 347.67807 1080.4373 0.01764706 -572
30 345.67993 1144.4039 0.015686275 -647
31 345.67993 1144.4039 0.015686275 -647
32 345.67993 1386.278 0.013725491 -737
33 345.67993 1386.278 0.013725491 -737
34 364.66235 1466.2363 0.013725491 -778
35 377.65033 1468.2352 0.019607844 -778
36 428.60315 1492.2228 0.015686275 -811
37 428.60315 1492.2228 0.015686275 -811
38 486.5495 1561.1869 0.01764706 -835
39 484.43805 1572.8612 0.01764706 -835
40 480.44275 1598.8417 0.01764706 -862
41 476.39822 1613.6416 0.01764706 -895
42 476.55875 1619.4882 0.01764706 -928
43 476.55875 1625.329 0.01764706 -944
44 476.55875 1629.2769 0.01764706 -977
45 476.55875 1630.1509 0.01764706 -1010
46 475.55966 1630.1509 0.015686275 -1038
47 475.55966 1630.1509 0.015686275 -1067
0 779.27844 420.78082 0.01764706 -17
1 779.27844 420.78082 0.019607844 -58
2 776.0718 419.17682 0.019607844 -88
3 759.62897 417.7824 0.01764706 -121
4 744.46545 417.13327 0.01764706 -155
5 724.56506 415.78345 0.019607844 -171
6 701.76733 414.20096 0.019607844 -188
7 678.02405 412.22006 0.01764706 -204
8 650.736 410.78604 0.019607844 -221
9 625.2927 408.84424 0.019607844 -238
10 598.0291 407.7876 0.019607844 -254
11 577.46533 406.78812 0.019607844 -271
12 564.47736 405.78864 0.019607844 -284
13 538.5014 405.78864 0.019607844 -309
14 521.9443 405.37317 0.019607844 -309
15 515.52264 404.78915 0.019607844 -321
16 504.53284 404.78915 0.019607844 -326
17 476.55875 403.78967 0.019607844 -359
18 454.08237 403.78967 0.019607844 -359
19 443.11325 403.78967 0.019607844 -387
20 435.6882 403.78967 0.019607844 -404
21 425.60593 403.78967 0.019607844 -420
22 423.6078 403.78967 0.019607844 -444
23 398.6309 405.78864 0.019607844 -585
24 395.95093 408.4697 0.019607844 -585
25 388.08356 420.89496 0.019607844 -596
26 383.00006 433.49506 0.019607844 -629
27 377.10352 450.40738 0.019607844 -646
28 371.2037 469.26428 0.019607844 -662
29 365.3913 493.9145 0.019607844 -679
30 363.66327 506.73605 0.019607844 -695
31 361.66513 521.7283 0.019607844 -703
32 359.667 582.6965 0.019607844 -736
33 360.66605 607.6835 0.019607844 -736
34 364.66235 654.659 0.019607844 -761
35 367.65958 678.64655 0.019607844 -761
36 370.6568 701.6345 0.019607844 -778
37 372.65494 726.6215 0.019607844 -778
38 383.64478 847.55853 0.019607844 -826
39 386.642 870.5466 0.019607844 -826
40 390.6383 912.5247 0.019607844 -851
41 392.63644 932.5143 0.019607844 -851
42 394.6346 966.4966 0.019607844 -875
43 394.6346 980.4893 0.019607844 -875
44 394.6346 1005.4763 0.019607844 -900
45 392.30942 1032.4261 0.019607844 -900
46 389.63922 1049.1172 0.019607844 -927
47 388.64014 1057.7311 0.019607844 -960
48 388.64014 1061.7004 0.019607844 -993
49 388.64014 1065.6729 0.019607844 -1026
50 388.64014 1065.4451 0.019607844 -1059
51 388.64014 1065.4451 0.019607844 -1077
52 388.64014 1065.4451 0.01764706 -1109
0 886.17944 674.6486 0.01764706 -7
1 886.17944 674.6486 0.01764706 -7
2 886.17944 674.6486 0.01764706 -32
3 886.17944 674.6486 0.01764706 -49
4 882.13214 674.6486 0.015686275 -67
5 874.97577 674.6486 0.01764706 -84
6 863.08276 674.6486 0.01764706 -100
7 863.08276 674.6486 0.015686275 -117
8 835.2266 674.6486 0.01764706 -141
9 772.7825 666.9522 0.015686275 -141
10 743.0448 662.0018 0.01764706 -183
11 713.2045 657.906 0.01764706 -199
12 711.3414 657.6575 0.01764706 -216
13 695.35614 654.659 0.01764706 -217
14 651.39685 646.6632 0.01764706 -250
15 636.4107 644.66425 0.01764706 -250
16 622.4237 643.66473 0.015686275 -258
17 585.4579 637.66785 0.01764706 -291
18 553.4875 634.66943 0.015686275 -291
19 545.49493 633.6699 0.015686275 -316
20 532.50696 632.6705 0.015686275 -341
21 515.1401 630.6715 0.01764706 -341
22 508.86627 629.67206 0.01764706 -381
23 504.97977 629.67206 0.01764706 -414
24 501.08646 629.67206 0.01764706 -447
25 499.53748 630.96576 0.015686275 -480
26 499.53748 634.2001 0.015686275 -513
27 499.53748 638.2224 0.015686275 -530
28 499.53748 646.42413 0.015686275 -546
29 499.53748 657.6001 0.015686275 -563
30 497.45627 667.0681 0.01764706 -579
31 493.5745 693.4184 0.01764706 -596
32 491.5888 708.23517 0.01764706 -629
33 489.6415 726.6727 0.01764706 -645
34 487.6883 745.2134 0.01764706 -662
35 486.7277 773.92145 0.01764706 -678
36 489.27478 847.8426 0.01764706 -695
37 497.97015 937.6864 0.015686275 -728
38 501.28986 986.8284 0.015686275 -761
39 502.5347 1034.0499 0.015686275 -777
40 502.5347 1080.8497 0.015686275 -794
41 501.7246 1127.2513 0.015686275 -810
42 498.74384 1211.8452 0.015686275 -827
43 498.5384 1216.3665 0.015686275 -860
44 498.5384 1236.3561 0.015686275 -862
45 496.54025 1273.3368 0.015686275 -885
46 495.54117 1290.3279 0.015686275 -885
47 495.54117 1304.3207 0.015686275 -893
48 492.54395 1331.3065 0.01764706 -918
49 482.56406 1389.2438 0.01764706 -918
50 478.51212 1397.3618 0.01764706 -992
51 474.43958 1399.2711 0.01764706 -1025
52 473.56152 1399.2711 0.015686275 -1058
53 473.56152 1399.2711 0.015686275 -1065
0 713.3395 1049.4534 0.01764706 -15
1 713.3395 1049.4534 0.01764706 -15
2 713.3395 1049.4534 0.01764706 -41
3 713.3395 1049.4534 0.021568628 -58
4 719.334 1042.457 0.015686275 -98
5 713.93146 1044.6318 0.015686275 -98
6 700.2016 1046.6465 0.015686275 -107
7 691.6898 1048.6212 0.01764706 -124
8 682.6092 1048.4539 0.01764706 -140
9 666.16113 1053.7567 0.015686275 -157
10 645.3617 1053.4513 0.015686275 -173
11 631.72296 1053.4513 0.01764706 -190
12 606.2249 1057.5359 0.015686275 -206
13 585.02405 1057.4492 0.015686275 -223
14 538.1826 1062.4467 0.015686275 -239
15 518.5063 1062.4467 0.01764706 -272
16 490.73462 1065.4451 0.015686275 -289
17 466.98956 1064.4456 0.015686275 -305
18 445.35452 1065.3271 0.01764706 -322
19 421.80023 1065.5366 0.015686275 -338
20 403.6764 1063.5626 0.015686275 -355
21 375.14398 1065.0894 0.015686275 -372
22 362.939 1067.1891 0.015686275 -405
23 353.47095 1067.444 0.015686275 -421
24 336.0789 1065.4451 0.015686275 -438
25 330.53308 1065.4451 0.015686275 -471
26 327.69583 1065.4451 0.015686275 -487
27 324.25473 1065.4451 0.015686275 -504
28 322.33163 1065.4451 0.01764706 -520
29 320.40115 1065.4451 0.01764706 -537
30 318.3114 1065.4451 0.015686275 -553
31 317.70584 1065.4451 0.015686275 -570
32 317.70584 1065.4451 0.015686275 -586
33 317.70584 1066.5365 0.015686275 -603
34 317.70584 1070.6101 0.015686275 -619
35 317.70584 1075.598 0.015686275 -636
36 317.70584 1082.5525 0.015686275 -652
37 316.70795 1091.4268 0.015686275 -669
38 316.70676 1104.1549 0.015686275 -685
39 315.76157 1118.094 0.015686275 -702
40 313.78214 1132.8285 0.015686275 -718
41 311.88004 1154.4701 0.015686275 -735
42 307.7151 1211.1696 0.015686275 -751
43 307.7151 1243.246 0.015686275 -784
44 305.829 1278.4269 0.015686275 -801
45 304.71786 1313.9393 0.01764706 -817
46 301.89227 1386.1858 0.01764706 -834
47 299.83228 1423.2803 0.01764706 -867
48 296.81992 1461.5333 0.01764706 -883
49 292.87738 1497.0316 0.01764706 -900
50 288.89334 1531.2375 0.01764706 -916
51 282.811 1564.839 0.01764706 -933
52 277.74423 1591.1628 0.015686275 -949
53 273.66708 1613.4512 0.015686275 -966
54 266.56122 1625.5374 0.015686275 -983
55 260.49402 1636.5889 0.015686275 -999
56 256.51236 1644.6437 0.015686275 -1016
57 254.62245 1651.5652 0.015686275 -1032
58 252.61432 1655.4414 0.015686275 -1049
59 250.6187 1659.4342 0.015686275 -1065
60 248.5967 1661.3077 0.015686275 -1082
61 248.76965 1663.3286 0.015686275 -1098
62 250.00095 1667.5963 0.015686275 -1115
63 250.00095 1667.5963 0.01764706 -1131
0 759.29694 1042.457 0.01764706 -7
1 749.2493 1047.9827 0.01764706 -7
2 744.84674 1050.6846 0.01764706 -25
3 740.8582 1052.6796 0.01764706 -42
4 736.91925 1054.6499 0.01764706 -58
5 735.1213 1056.6476 0.01764706 -75
6 726.46063 1060.8807 0.015686275 -91
7 718.52637 1063.6481 0.015686275 -108
8 708.1648 1065.6416 0.015686275 -124
9 687.71985 1066.4446 0.01764706 -141
10 672.0466 1070.8226 0.015686275 -174
11 654.8375 1072.5969 0.015686275 -190
12 639.0558 1073.4409 0.01764706 -207
13 621.92236 1075.74 0.015686275 -223
14 599.82715 1077.5736 0.015686275 -240
15 579.991 1077.4388 0.01764706 -256
16 556.96967 1080.5748 0.015686275 -273
17 531.5086 1080.3263 0.015686275 -289
18 483.85358 1080.3875 0.015686275 -306
19 462.50226 1078.4305 0.01764706 -339
20 419.10156 1077.5452 0.015686275 -356
21 386.37988 1075.2468 0.01764706 -389
22 362.04028 1076.4393 0.015686275 -422
23 350.42023 1076.4393 0.015686275 -455
24 342.11548 1076.4393 0.015686275 -471
25 335.99002 1076.4393 0.015686275 -488
26 331.73447 1076.4393 0.015686275 -504
27 329.27823 1076.4393 0.01764706 -521
28 327.35013 1076.4393 0.015686275 -537
29 323.39752 1076.4393 0.015686275 -554
30 319.63577 1076.4393 0.015686275 -587
31 319.70398 1076.4393 0.015686275 -620
32 319.70398 1079.5327 0.015686275 -636
33 319.70398 1086.4595 0.015686275 -653
34 319.70398 1095.2703 0.015686275 -669
35 317.73892 1103.2599 0.015686275 -686
36 316.7812 1119.6716 0.015686275 -702
37 314.80975 1141.988 0.015686275 -719
38 312.9746 1175.2726 0.015686275 -735
39 310.97986 1214.8234 0.015686275 -752
40 307.8687 1252.4263 0.015686275 -768
41 305.71692 1322.683 0.015686275 -785
42 304.71786 1355.6252 0.015686275 -818
43 301.94376 1415.1364 0.01764706 -834
44 299.88193 1442.1741 0.01764706 -867
45 297.88138 1467.3494 0.01764706 -884
46 295.8764 1489.7205 0.01764706 -900
47 292.0072 1508.965 0.01764706 -917
48 288.87253 1524.2262 0.01764706 -934
49 283.88544 1550.4509 0.015686275 -950
50 281.83643 1558.7986 0.01764706 -983
51 279.8573 1564.8357 0.01764706 -1000
52 279.74097 1569.9678 0.01764706 -1016
53 278.83344 1573.997 0.01764706 -1033
54 278.7419 1576.0906 0.01764706 -1049
55 278.7419 1578.0905 0.01764706 -1066
56 278.7419 1580.0857 0.01764706 -1082
57 278.7419 1580.177 0.01764706 -1099
58 278.7419 1581.0787 0.01764706 -1115
59 278.7419 1581.1764 0.01764706 -1132
60 278.7419 1581.1764 0.01764706 -1148
61 278.7419 1581.1764 0.01764706 -1157
0 888.1776 651.6606 0.01764706 0
1 888.1776 651.6606 0.01764706 -4
2 888.1776 651.6606 0.015686275 -39
3 878.9011 651.6606 0.015686275 -72
4 861.7766 653.65955 0.01764706 -105
5 832.87714 658.696 0.01764706 -138
6 814.4057 660.73987 0.01764706 -171
7 793.85876 662.69543 0.015686275 -188
8 775.2206 666.6651 0.01764706 -204
9 754.299 668.652 0.01764706 -221
10 732.53284 670.63153 0.01764706 -237
11 690.83856 677.5127 0.01764706 -254
12 646.4163 679.46295 0.01764706 -287
13 624.21246 679.646 0.01764706 -320
14 605.2416 679.646 0.015686275 -337
15 589.3154 678.64655 0.01764706 -353
16 576.11316 677.9213 0.01764706 -370
17 565.1186 676.97577 0.01764706 -386
18 547.2234 676.6476 0.01764706 -403
19 539.81445 676.6476 0.01764706 -436
20 533.9312 676.6476 0.015686275 -452
21 529.51465 676.6476 0.015686275 -469
22 525.6311 676.6476 0.015686275 -485
23 520.24615 676.6476 0.015686275 -502
24 518.15576 676.6476 0.015686275 -535
25 516.2921 676.6476 0.015686275 -551
26 515.52264 676.6476 0.01764706 -568
27 515.52264 676.6476 0.01764706 -584
28 515.52264 678.6731 0.01764706 -601
29 515.52264 680.6134 0.01764706 -617
30 515.52264 683.5123 0.01764706 -634
31 515.52264 687.3873 0.01764706 -650
32 515.52264 692.12177 0.01764706 -667
33 516.5217 699.82776 0.015686275 -683
34 516.5217 708.2307 0.015686275 -700
35 516.5217 719.9065 0.01764706 -716
36 516.5217 731.67883 0.015686275 -733
37 516.5217 743.3658 0.015686275 -749
38 515.52264 757.40454 0.015686275 -766
39 513.0331 795.50494 0.015686275 -782
40 510.98718 822.66656 0.015686275 -815
41 511.06088 855.70184 0.015686275 -832
42 513.5776 895.5908 0.015686275 -848
43 518.5581 940.93085 0.015686275 -865
44 528.42395 1027.51 0.01764706 -881
45 533.9849 1108.5308 0.01764706 -914
46 534.50507 1148.1849 0.01764706 -947
47 535.0131 1180.5048 0.01764706 -964
48 535.50415 1214.6964 0.01764706 -981
49 534.96155 1263.8589 0.01764706 -997
50 530.96765 1293.03 0.01764706 -1030
51 528.9044 1300.1403 0.01764706 -1063
52 527.5116 1304.5643 0.01764706 -1080
53 527.5116 1306.9409 0.01764706 -1096
54 525.87866 1308.9526 0.01764706 -1113
55 525.5134 1310.3175 0.01764706 -1129
56 525.5134 1310.3175 0.01764706 -1146
57 525.5134 1310.3175 0.01764706 -1162
58 525.5134 1310.3175 0.01764706 -1179
59 523.83215 1310.3175 0.015686275 -1195
60 521.83246 1310.3175 0.015686275 -1212
61 520.51807 1310.3175 0.015686275 -1228
62 519.519 1310.3175 0.015686275 -1239
0 708.3441 1074.4404 0.01764706 -16
1 708.3441 1074.4404 0.01764706 -16
2 708.3441 1074.4404 0.015686275 -75
3 708.3441 1074.4404 0.015686275 -91
4 704.0955 1074.4404 0.015686275 -108
5 700.0357 1073.3356 0.015686275 -124
6 694.1065 1071.3584 0.015686275 -141
7 688.16693 1070.3773 0.015686275 -157
8 682.27765 1068.4133 0.01764706 -174
9 676.2711 1066.4104 0.01764706 -190
10 670.3048 1066.4446 0.01764706 -207
11 661.3992 1066.4423 0.01764706 -224
12 653.4664 1066.4446 0.015686275 -240
13 641.5695 1066.4446 0.015686275 -257
14 632.6941 1065.501 0.015686275 -273
15 624.7442 1064.4456 0.01764706 -290
16 615.8202 1064.4456 0.01764706 -306
17 591.4939 1066.4446 0.015686275 -323
18 579.22565 1066.4446 0.015686275 -356
19 569.2105 1065.4451 0.01764706 -372
20 544.1706 1067.205 0.015686275 -389
21 516.9472 1067.444 0.015686275 -422
22 505.21826 1067.444 0.01764706 -455
23 492.63123 1068.1454 0.01764706 -471
24 479.58255 1069.443 0.015686275 -488
25 465.2363 1068.4435 0.015686275 -504
26 444.90738 1066.9082 0.01764706 -521
27 426.9731 1065.8834 0.015686275 -554
28 416.45523 1066.4446 0.015686275 -587
29 409.0501 1066.4446 0.015686275 -603
30 398.8285 1066.4446 0.015686275 -620
31 392.7454 1066.4446 0.015686275 -636
32 383.1081 1065.4451 0.01764706 -653
33 376.53403 1065.4451 0.01764706 -686
34 372.6794 1065.4451 0.01764706 -719
35 370.68167 1065.4451 0.01764706 -752
36 368.74155 1065.4451 0.01764706 -768
37 366.83228 1065.4451 0.01764706 -785
38 364.89063 1065.4451 0.01764706 -801
39 362.9686 1065.4451 0.01764706 -818
40 359.14996 1065.4451 0.01764706 -835
41 355.41077 1065.4451 0.01764706 -868
42 353.34106 1065.4451 0.01764706 -901
43 353.67252 1065.4451 0.01764706 -917
44 353.67252 1065.4451 0.01764706 -950
45 352.5768 1065.4451 0.01764706 -974
46 352.67346 1065.4451 0.01764706 -1033
47 351.556 1065.4451 0.01764706 -1052
48 351.67438 1065.4451 0.01764706 -1082
49 351.67438 1065.4451 0.01764706 -1099
50 351.67438 1065.4451 0.01764706 -1115
51 351.67438 1065.4451 0.01764706 -1126
52 349.5291 1065.4451 0.01764706 -1297
53 347.5718 1065.4451 0.015686275 -1330
54 343.73453 1065.4451 0.015686275 -1346
55 338.98663 1067.2938 0.015686275 -1379
56 331.15778 1070.4425 0.015686275 -1412
57 327.15842 1070.4425 0.015686275 -1446
58 323.27884 1070.4425 0.015686275 -1462
59 319.39496 1070.4425 0.01764706 -1479
60 315.49924 1071.0465 0.01764706 -1495
61 310.53662 1072.5293 0.01764706 -1512
62 304.41443 1074.8748 0.015686275 -1528
63 294.20068 1078.7015 0.015686275 -1545
64 289.98236 1079.4377 0.015686275 -1578
65 286.3456 1079.4377 0.015686275 -1594
66 281.6998 1079.4377 0.015686275 -1611
67 279.73346 1079.4377 0.01764706 -1644
68 277.79892 1079.4377 0.01764706 -1660
69 275.8952 1079.4377 0.01764706 -1677
70 273.9644 1079.4377 0.01764706 -1693
71 272.04465 1080.1409 0.01764706 -1710
72 271.74838 1082.0592 0.01764706 -1726
73 271.74838 1082.4362 0.01764706 -1743
74 271.74838 1083.904 0.01764706 -1759
75 271.74838 1085.8225 0.01764706 -1776
76 271.74838 1087.7578 0.01764706 -1792
77 269.39944 1096.8333 0.015686275 -1809
78 268.75116 1105.5902 0.015686275 -1825
79 268.75116 1125.1965 0.015686275 -1842
80 266.57635 1137.0266 0.015686275 -1875
81 264.69452 1153.8821 0.015686275 -1891
82 264.75485 1169.6227 0.015686275 -1908
83 258.9081 1206.5583 0.015686275 -1924
84 253.9033 1261.4053 0.015686275 -1957
85 257.6542 1335.3744 0.015686275 -1990
86 261.44217 1407.5831 0.015686275 -2023
87 262.6224 1447.6915 0.015686275 -2057
88 262.03024 1483.6349 0.015686275 -2073
89 262.7567 1518.1927 0.015686275 -2090
90 261.8644 1543.8064 0.015686275 -2106
91 260.75854 1567.9087 0.015686275 -2123
92 260.75854 1583.409 0.015686275 -2139
93 259.86224 1591.8623 0.015686275 -2156
94 257.8473 1596.9961 0.015686275 -2172
95 255.84131 1601.0096 0.015686275 -2189
96 254.76411 1606.0104 0.015686275 -2205
97 252.81769 1608.1106 0.015686275 -2222
98 252.76596 1611.0809 0.015686275 -2238
99 252.76596 1614.1473 0.01764706 -2255
100 252.76596 1616.1442 0.01764706 -2271
101 252.76596 1618.161 0.01764706 -2288
102 252.76596 1620.1711 0.01764706 -2304
103 252.76596 1622.1887 0.01764706 -2321
104 252.76596 1623.1545 0.01764706 -2337
105 252.76596 1623.1545 0.01764706 -2354
106 252.76596 1624.6538 0.01764706 -2387
107 252.76596 1624.154 0.01764706 -2399
108 252.76596 1624.154 0.015686275 -2419
109 252.76596 1624.154 0.015686275 -2427
0 702.3497 1092.431 0.01764706 -8
1 702.3497 1092.431 0.01764706 -8
2 702.3497 1092.431 0.015686275 -26
3 702.3497 1092.431 0.015686275 -76
4 702.3497 1092.431 0.015686275 -92
5 698.4945 1092.431 0.015686275 -109
6 691.2994 1091.1665 0.015686275 -126
7 685.60846 1091.4315 0.01764706 -142
8 678.33185 1090.432 0.01764706 -159
9 665.8446 1090.432 0.015686275 -175
10 645.91205 1091.4315 0.015686275 -192
11 632.7857 1090.432 0.01764706 -208
12 614.4238 1091.4315 0.015686275 -225
13 590.9873 1092.431 0.015686275 -241
14 574.9459 1091.2415 0.01764706 -258
15 553.6539 1092.431 0.015686275 -274
16 528.9906 1092.431 0.015686275 -291
17 484.65353 1092.5665 0.015686275 -307
18 462.72482 1090.3474 0.01764706 -340
19 445.3476 1089.4326 0.015686275 -357
20 426.5109 1089.4326 0.015686275 -373
21 393.51147 1089.5576 0.01764706 -390
22 377.39935 1091.338 0.01764706 -423
23 364.556 1092.431 0.015686275 -439
24 348.75864 1093.4304 0.015686275 -456
25 337.21048 1093.4304 0.01764706 -472
26 323.17224 1093.4304 0.01764706 -489
27 317.34894 1093.4304 0.01764706 -522
28 311.5498 1093.4304 0.01764706 -538
29 305.56827 1093.4304 0.01764706 -555
30 303.5707 1093.4304 0.01764706 -588
31 301.6705 1093.4304 0.01764706 -604
32 299.75586 1093.4304 0.01764706 -621
33 297.84415 1093.4304 0.01764706 -637
34 295.96567 1093.4304 0.01764706 -654
35 294.04495 1093.4304 0.01764706 -670
36 293.72803 1093.4304 0.01764706 -687
37 293.72803 1094.9559 0.01764706 -703
38 293.72803 1096.8838 0.01764706 -720
39 293.72803 1098.7953 0.01764706 -737
40 293.72803 1104.7786 0.01764706 -753
41 292.72894 1110.9542 0.01764706 -786
42 292.61438 1116.9916 0.01764706 -803
43 288.76392 1133.2845 0.01764706 -819
44 287.73358 1141.2631 0.01764706 -852
45 286.7345 1158.2699 0.01764706 -869
46 283.01895 1183.6975 0.01764706 -902
47 280.9582 1196.067 0.01764706 -935
48 278.21362 1211.777 0.01764706 -951
49 275.0028 1231.0419 0.015686275 -968
50 273.24698 1276.3352 0.015686275 -984
51 271.34595 1339.3585 0.015686275 -1016
52 273.37424 1370.0693 0.01764706 -1050
53 274.7456 1399.8248 0.01764706 -1067
54 274.7456 1425.8403 0.01764706 -1083
55 274.7456 1450.8212 0.01764706 -1100
56 273.12128 1476.1155 0.015686275 -1116
57 271.74838 1495.6674 0.01764706 -1133
58 269.1017 1519.3492 0.015686275 -1149
59 267.75208 1551.4672 0.015686275 -1166
60 263.10614 1580.428 0.015686275 -1199
61 261.75763 1588.981 0.015686275 -1232
62 261.04263 1596.3156 0.01764706 -1248
63 260.75854 1600.6079 0.015686275 -1265
64 260.75854 1604.6323 0.01764706 -1281
65 260.75854 1606.9031 0.01764706 -1298
66 260.75854 1610.8887 0.01764706 -1314
67 260.75854 1614.8845 0.01764706 -1348
68 260.75854 1618.903 0.01764706 -1381
69 260.75854 1622.9247 0.01764706 -1414
70 260.75854 1624.9651 0.01764706 -1447
71 259.7595 1626.9689 0.015686275 -1463
72 258.7604 1628.983 0.015686275 -1480
73 255.76318 1631.942 0.015686275 -1496
74 253.76503 1633.9475 0.015686275 -1529
75 253.76503 1635.991 0.015686275 -1562
76 253.76503 1637.1473 0.015686275 -1579
77 253.76503 1637.1473 0.01764706 -1595
78 253.76503 1637.1473 0.01764706 -1605
0 678.3719 1084.4352 0.01764706 -27
1 678.3719 1084.4352 0.01764706 -27
2 678.3719 1084.4352 0.01764706 -46
3 678.3719 1084.4352 0.015686275 -128
4 675.00586 1082.2517 0.01764706 -178
5 666.5035 1081.4368 0.015686275 -194
6 652.1054 1081.4368 0.015686275 -211
7 619.38214 1082.5405 0.015686275 -227
8 578.6867 1083.4357 0.01764706 -260
9 532.08044 1084.3055 0.015686275 -293
10 513.41144 1082.3125 0.01764706 -327
11 490.5155 1083.4357 0.015686275 -343
12 467.65298 1082.3531 0.015686275 -360
13 450.8015 1080.3505 0.01764706 -376
14 430.91302 1081.4368 0.015686275 -393
15 414.16492 1081.4368 0.015686275 -409
16 388.81332 1079.4377 0.01764706 -426
17 378.03598 1079.4377 0.01764706 -459
18 366.29395 1080.4373 0.015686275 -475
19 356.43942 1080.4373 0.015686275 -492
20 345.67444 1080.4373 0.015686275 -508
21 335.62964 1080.4373 0.015686275 -525
22 323.42047 1079.4377 0.01764706 -541
23 316.20715 1078.938 0.01764706 -574
24 312.3698 1078.4382 0.01764706 -607
25 310.42743 1078.4382 0.01764706 -640
26 308.48056 1078.4382 0.01764706 -657
27 306.53857 1078.4382 0.01764706 -673
28 304.67242 1078.4382 0.01764706 -690
29 302.75925 1078.4382 0.01764706 -706
30 300.86282 1078.4382 0.01764706 -723
31 300.72156 1078.4382 0.01764706 -739
32 300.72156 1078.4382 0.01764706 -756
33 300.72156 1078.4382 0.01764706 -772
34 300.72156 1078.4382 0.01764706 -789
35 300.72156 1079.4377 0.01764706 -805
36 300.72156 1080.8613 0.01764706 -822
37 300.72156 1082.7799 0.01764706 -838
38 300.72156 1084.7311 0.01764706 -855
39 300.72156 1086.7407 0.01764706 -871
40 300.72156 1088.65 0.01764706 -888
41 300.72156 1091.5564 0.01764706 -904
42 300.72156 1095.5759 0.01764706 -921
43 300.72156 1106.1633 0.01764706 -938
44 300.72156 1112.1738 0.01764706 -971
45 300.72156 1118.7874 0.01764706 -987
46 300.72156 1127.3948 0.01764706 -1004
47 299.72247 1151.7052 0.01764706 -1020
48 298.72342 1169.8037 0.01764706 -1053
49 298.08115 1194.3777 0.01764706 -1070
50 297.72433 1224.0984 0.01764706 -1086
51 297.72433 1257.5961 0.01764706 -1103
52 298.29352 1295.1498 0.01764706 -1119
53 299.72247 1334.1012 0.01764706 -1136
54 299.72247 1374.0427 0.01764706 -1152
55 299.72247 1414.0316 0.01764706 -1169
56 299.72247 1487.6143 0.01764706 -1185
57 298.1488 1546.0966 0.01764706 -1218
58 296.12436 1571.7976 0.01764706 -1251
59 294.1165 1592.2825 0.01764706 -1268
60 292.10886 1608.507 0.01764706 -1284
61 290.0791 1621.417 0.01764706 -1301
62 288.0682 1630.8108 0.01764706 -1317
63 286.7345 1637.2037 0.01764706 -1334
64 285.73544 1645.7906 0.01764706 -1350
65 284.73636 1649.7852 0.01764706 -1383
66 284.73636 1651.8376 0.01764706 -1416
67 284.73636 1653.1389 0.01764706 -1433
68 284.73636 1654.1384 0.01764706 -1449
69 284.73636 1654.1384 0.01764706 -1482
70 284.73636 1654.1384 0.01764706 -1515
71 284.73636 1654.1384 0.01764706 -1549
72 284.73636 1654.1384 0.01764706 -1559
