0 744.31085 452.76416 0.01764706 -59
1 744.31085 452.76416 0.019607844 -68
2 744.31085 452.76416 0.019607844 -110
3 744.31085 452.76416 0.019607844 -135
4 744.31085 452.76416 0.019607844 -209
5 744.31085 452.76416 0.019607844 -226
6 744.31085 452.76416 0.019607844 -259
7 744.31085 452.76416 0.019607844 -276
8 744.31085 452.76416 0.019607844 -292
9 739.8479 450.03207 0.019607844 -325
10 735.8814 448.04803 0.019607844 -358
11 724.2383 447.76678 0.019607844 -375
12 714.44464 447.76678 0.019607844 -408
13 702.94775 447.76678 0.019607844 -424
14 676.5683 450.76523 0.019607844 -441
15 645.1697 451.7647 0.019607844 -474
16 630.0253 451.7647 0.019607844 -507
17 608.5167 451.7647 0.019607844 -523
18 590.63196 450.76523 0.019607844 -540
19 575.1824 448.8556 0.019607844 -556
20 559.6775 447.76678 0.019607844 -573
21 533.1966 445.15247 0.019607844 -589
22 508.59927 443.76886 0.019607844 -622
23 489.5958 443.76886 0.019607844 -655
24 479.74692 443.76886 0.019607844 -688
25 469.24948 442.71674 0.019607844 -705
26 458.85593 442.76938 0.019607844 -721
27 450.2874 442.76938 0.019607844 -738
28 442.57797 442.76938 0.019607844 -754
29 435.60077 441.7699 0.019607844 -771
30 429.92627 441.7699 0.019607844 -787
31 425.72 441.7699 0.019607844 -804
32 421.91504 440.77042 0.019607844 -820
33 420.40063 440.77042 0.019607844 -837
34 418.48996 440.77042 0.019607844 -853
35 416.60208 440.77042 0.019607844 -870
36 414.7273 440.77042 0.019607844 -886
37 412.855 440.77042 0.019607844 -903
38 409.1386 440.77042 0.019607844 -919
39 405.37762 445.26215 0.019607844 -952
40 403.48468 451.19022 0.019607844 -985
41 401.6281 463.02493 0.019607844 -1002
42 400.62906 500.77774 0.019607844 -1018
43 401.6281 524.037 0.019607844 -1051
44 406.0916 573.78015 0.019607844 -1068
45 412.37042 634.6873 0.019607844 -1101
46 412.61795 666.1605 0.019607844 -1134
47 414.82703 697.226 0.019607844 -1150
48 414.6161 730.6579 0.019607844 -1167
49 414.5022 773.78845 0.019607844 -1184
50 417.6133 852.5137 0.019607844 -1200
51 417.6133 888.10443 0.019607844 -1233
52 418.60406 921.38666 0.019607844 -1250
53 418.6124 948.9091 0.019607844 -1266
54 418.6124 972.6916 0.019607844 -1283
55 416.7152 989.77716 0.019607844 -1299
56 415.743 1000.8389 0.019607844 -1316
57 414.6161 1008.0773 0.019607844 -1332
58 413.78476 1013.13654 0.019607844 -1349
59 413.61703 1018.2095 0.019607844 -1365
60 413.61703 1021.46796 0.019607844 -1398
61 413.61703 1023.156 0.019607844 -1431
62 413.61703 1024.293 0.019607844 -1448
63 413.61703 1024.9431 0.019607844 -1464
64 412.61795 1024.4664 0.01764706 -1475
65 423.6078 1077.4388 0.023529414 -1509
0 767.28955 409.78656 0.01764706 -25
1 767.28955 409.78656 0.019607844 -25
2 767.28955 409.78656 0.019607844 -45
3 767.28955 409.78656 0.019607844 -55
4 767.28955 409.78656 0.019607844 -75
5 767.28955 409.78656 0.019607844 -111
6 764.2923 409.78656 0.019607844 -144
7 762.2942 409.78656 0.019607844 -161
8 756.29974 409.78656 0.019607844 -185
9 745.719 409.78656 0.019607844 -185
10 722.9544 412.55316 0.019607844 -210
11 689.9707 415.49365 0.019607844 -244
12 655.29535 418.78186 0.019607844 -277
13 632.4144 418.78186 0.019607844 -310
14 618.42737 418.78186 0.019607844 -330
15 594.4496 418.78186 0.019607844 -356
16 570.6564 417.7824 0.019607844 -356
17 564.47736 417.7824 0.019607844 -376
18 554.4866 417.7824 0.019607844 -382
19 527.5116 414.78397 0.019607844 -416
20 504.53284 411.78552 0.019607844 -416
21 496.54025 411.78552 0.019607844 -442
22 468.56613 407.7876 0.019607844 -493
23 461.16083 406.78812 0.019607844 -493
24 449.82373 406.78812 0.019607844 -509
25 438.09433 405.78864 0.019607844 -542
26 434.75394 405.78864 0.019607844 -575
27 431.0123 405.78864 0.019607844 -592
28 429.43268 405.78864 0.019607844 -608
29 427.52765 405.78864 0.019607844 -625
30 425.63318 405.78864 0.019607844 -641
31 423.7579 405.78864 0.019607844 -658
32 421.89252 405.78864 0.019607844 -675
33 419.9554 407.4435 0.019607844 -691
34 416.5283 412.95697 0.019607844 -708
35 407.91443 436.31216 0.019607844 -724
36 402.6272 469.7553 0.019607844 -758
37 400.62906 487.74594 0.019607844 -781
38 400.62906 529.72406 0.019607844 -806
39 404.61313 614.0273 0.019607844 -806
40 408.31998 664.42694 0.019607844 -836
41 409.9599 717.7922 0.019607844 -852
42 408.37106 816.84454 0.019607844 -869
43 400.2491 919.5142 0.019607844 -902
44 393.50806 990.39777 0.019607844 -935
45 390.42294 1013.8429 0.019607844 -968
46 388.4405 1031.0615 0.019607844 -985
47 386.4446 1043.6418 0.019607844 -1001
48 384.45135 1050.0311 0.019607844 -1018
49 382.4484 1054.8456 0.019607844 -1034
50 380.64755 1059.5963 0.019607844 -1051
51 379.64847 1060.4476 0.019607844 -1084
52 379.64847 1061.6193 0.019607844 -1100
53 379.64847 1063.6288 0.01764706 -1117
54 379.64847 1063.6288 0.023529414 -1133
0 731.3229 1086.4341 0.01764706 -26
1 731.3229 1086.4341 0.01764706 -26
2 731.3229 1086.4341 0.01764706 -61
3 731.3229 1086.4341 0.01764706 -160
4 731.3229 1086.4341 0.01764706 -177
5 731.3229 1086.4341 0.01764706 -193
6 729.70074 1086.4341 0.01764706 -210
7 723.9359 1086.4341 0.01764706 -226
8 717.6288 1086.4341 0.015686275 -243
9 707.0472 1085.0519 0.015686275 -260
10 695.60913 1083.1447 0.01764706 -276
11 679.2049 1082.4362 0.01764706 -293
12 659.42395 1081.2582 0.015686275 -309
13 642.7151 1077.2665 0.01764706 -326
14 622.76794 1075.4398 0.015686275 -342
15 600.0584 1072.583 0.015686275 -359
16 558.5563 1063.446 0.01764706 -375
17 519.519 1054.4508 0.01764706 -408
18 523.51526 1037.4596 0.023529414 -435
19 485.5504 1038.4591 0.015686275 -461
20 468.15378 1035.2579 0.01764706 -461
21 431.09985 1032.4623 0.01764706 -475
22 412.83728 1032.4623 0.01764706 -507
23 400.35297 1028.8137 0.01764706 -524
24 392.71817 1027.2354 0.01764706 -541
25 383.6841 1024.4861 0.01764706 -557
26 379.75183 1024.4664 0.01764706 -590
27 375.93793 1024.4664 0.01764706 -607
28 373.88254 1024.4664 0.01764706 -623
29 370.2579 1024.4664 0.01764706 -640
30 366.46692 1024.4664 0.01764706 -656
31 364.14423 1024.4664 0.01764706 -673
32 362.25534 1024.4664 0.01764706 -689
33 360.3273 1024.4664 0.01764706 -706
34 358.43237 1024.4664 0.01764706 -722
35 356.52557 1024.4664 0.01764706 -739
36 352.7262 1024.4664 0.01764706 -755
37 350.8189 1025.3221 0.01764706 -788
38 348.90677 1027.2351 0.01764706 -805
39 346.99957 1029.1431 0.01764706 -822
40 345.11884 1031.5859 0.01764706 -838
41 339.30893 1051.3369 0.01764706 -855
42 333.3902 1082.3506 0.01764706 -888
43 327.6966 1144.0641 0.01764706 -904
44 325.47147 1175.3187 0.015686275 -937
45 324.69934 1203.3806 0.01764706 -954
46 322.9392 1231.7852 0.015686275 -968
47 320.31555 1257.2844 0.01764706 -985
48 317.06808 1280.6315 0.015686275 -1001
49 309.71326 1320.812 0.01764706 -1018
50 307.24033 1348.9503 0.01764706 -1051
51 305.2863 1376.3176 0.01764706 -1067
52 303.71878 1404.3357 0.01764706 -1084
53 302.7197 1453.4817 0.01764706 -1100
54 302.7197 1472.4205 0.01764706 -1134
55 302.7197 1486.3729 0.01764706 -1150
56 302.7197 1495.252 0.01764706 -1166
57 302.7197 1502.1835 0.01764706 -1183
58 302.7197 1505.6171 0.01764706 -1199
59 302.7197 1507.386 0.01764706 -1216
60 302.7197 1509.3625 0.01764706 -1233
61 302.7197 1509.2139 0.01764706 -1249
62 302.7197 1509.2139 0.015686275 -1266
0 868.1961 636.6684 0.01764706 -17
1 868.1961 636.6684 0.01764706 -17
2 867.12384 636.6684 0.01764706 -77
3 862.9427 636.6684 0.01764706 -93
4 857.93317 637.7586 0.01764706 -110
5 857.93317 637.7586 0.01764706 -126
6 838.2239 642.6653 0.01764706 -167
7 831.91534 643.7171 0.01764706 -167
8 820.1942 645.67145 0.01764706 -176
9 820.1942 645.67145 0.01764706 -192
10 784.2738 651.6606 0.01764706 -225
11 763.8281 654.5617 0.01764706 -225
12 763.2933 654.659 0.01764706 -242
13 750.3053 655.6585 0.01764706 -242
14 711.3414 657.6575 0.01764706 -275
15 696.3552 657.6575 0.01764706 -275
16 654.3941 657.6575 0.01764706 -308
17 641.4061 657.6575 0.01764706 -308
18 627.41907 656.65796 0.01764706 -317
19 592.4514 653.65955 0.01764706 -351
20 564.7877 650.91766 0.01764706 -351
21 538.7595 647.66266 0.01764706 -374
22 525.6584 647.66266 0.019607844 -407
23 519.28845 647.66266 0.019607844 -440
24 517.33185 647.66266 0.019607844 -473
25 515.4454 647.66266 0.019607844 -489
26 513.56146 647.66266 0.019607844 -506
27 509.76953 647.66266 0.019607844 -523
28 505.9793 648.21454 0.01764706 -556
29 503.19836 658.0 0.01764706 -589
30 501.22388 668.21204 0.01764706 -622
31 499.32288 683.36255 0.01764706 -638
32 496.31546 711.76685 0.01764706 -655
33 494.51285 742.08185 0.01764706 -671
34 493.54303 778.29266 0.01764706 -688
35 493.54303 814.0778 0.01764706 -704
36 493.54303 852.4834 0.01764706 -721
37 494.34103 895.1068 0.01764706 -737
38 494.54208 938.5492 0.01764706 -754
39 494.54208 979.6631 0.01764706 -770
40 494.54208 1022.69464 0.01764706 -787
41 494.54208 1060.7272 0.01764706 -803
42 492.9461 1096.586 0.01764706 -820
43 490.9174 1128.833 0.01764706 -836
44 488.9446 1159.4358 0.01764706 -853
45 483.4684 1207.8745 0.01764706 -869
46 479.0566 1243.851 0.01764706 -902
47 475.0864 1266.7089 0.01764706 -935
48 473.56152 1276.6458 0.01764706 -968
49 470.12314 1292.6514 0.01764706 -985
50 469.1067 1296.2427 0.01764706 -1018
51 469.56522 1300.1057 0.01764706 -1034
52 469.56522 1301.7059 0.01764706 -1051
53 469.56522 1303.6914 0.01764706 -1067
54 469.56522 1303.3212 0.01764706 -1084
55 468.56613 1303.3212 0.01764706 -1101
56 468.56613 1303.3212 0.01764706 -1114
0 874.19055 687.64185 0.01764706 -74
1 867.02246 685.55554 0.01764706 -83
2 856.0017 685.6429 0.01764706 -126
3 856.0017 685.6429 0.01764706 -159
4 836.2257 686.64233 0.01764706 -191
5 823.0954 686.64233 0.01764706 -191
6 808.5368 689.56946 0.01764706 -208
7 791.77826 693.52515 0.01764706 -225
8 773.40704 696.5249 0.01764706 -241
9 753.1087 698.472 0.01764706 -258
10 710.4031 699.63556 0.01764706 -274
11 689.31793 699.63556 0.01764706 -307
12 668.0079 699.63556 0.01764706 -324
13 648.4041 698.13684 0.01764706 -340
14 611.4784 697.63666 0.01764706 -357
15 594.30005 696.3984 0.01764706 -390
16 561.2448 693.6126 0.01764706 -406
17 535.3856 692.6392 0.01764706 -439
18 525.46924 692.6392 0.01764706 -473
19 517.59265 690.9081 0.01764706 -489
20 511.603 690.64026 0.01764706 -506
21 506.52466 689.6408 0.01764706 -522
22 502.69138 689.2194 0.01764706 -539
23 500.19095 688.6413 0.01764706 -555
24 498.33966 688.6413 0.01764706 -572
25 494.53436 688.6413 0.01764706 -588
26 492.61032 688.6413 0.01764706 -621
27 490.71622 688.6413 0.01764706 -638
28 490.5458 688.6413 0.01764706 -654
29 490.5458 690.2308 0.01764706 -671
30 490.5458 692.1391 0.01764706 -687
31 490.5458 695.47675 0.019607844 -704
32 490.5458 705.05865 0.019607844 -720
33 490.5458 731.0172 0.019607844 -753
34 491.55527 752.7327 0.01764706 -786
35 492.54395 780.7981 0.019607844 -803
36 493.4309 812.66876 0.019607844 -819
37 495.36975 846.4709 0.01764706 -836
38 497.31003 883.94946 0.019607844 -852
39 502.22382 963.9635 0.01764706 -869
40 504.19232 1006.31824 0.01764706 -902
41 506.16534 1048.4021 0.01764706 -918
42 507.53006 1090.8651 0.01764706 -935
43 508.11078 1131.0359 0.019607844 -951
44 508.52914 1169.4733 0.01764706 -968
45 509.52823 1204.6754 0.01764706 -984
46 510.07538 1238.1179 0.01764706 -1001
47 511.52637 1289.909 0.01764706 -1017
48 510.52728 1320.0249 0.01764706 -1050
49 509.52823 1334.3293 0.01764706 -1084
50 509.52823 1340.8037 0.019607844 -1117
51 509.52823 1342.8578 0.01764706 -1150
52 509.52823 1344.2998 0.01764706 -1166
53 509.52823 1345.2993 0.01764706 -1183
54 509.52823 1345.2993 0.01764706 -1199
55 508.52914 1345.2993 0.015686275 -1203
0 942.1277 947.5065 0.015686275 -17
1 942.1277 947.5065 0.015686275 -17
2 894.17206 946.507 0.01764706 -132
3 893.9811 946.316 0.015686275 -132
4 889.1767 942.5091 0.015686275 -151
5 889.1767 942.5091 0.015686275 -175
6 682.36816 1068.4435 0.015686275 -208
7 682.36816 1068.4435 0.015686275 -208
8 679.4702 1066.4943 0.01764706 -217
9 679.371 1066.4446 0.01764706 -233
10 687.3635 1051.4524 0.021568628 -234
11 729.3247 995.4815 0.01764706 -267
12 736.31824 978.49036 0.015686275 -267
13 736.31824 978.49036 0.015686275 -285
14 715.33765 955.5023 0.01764706 -310
15 713.3395 954.50287 0.015686275 -310
16 713.3395 954.50287 0.015686275 -327
17 649.3987 944.50806 0.01764706 -352
18 649.3987 944.50806 0.015686275 -352
19 649.3987 944.50806 0.015686275 -369
20 591.4524 944.50806 0.01764706 -395
21 590.6917 944.12756 0.015686275 -395
22 574.45184 943.50854 0.01764706 -415
23 556.718 944.50806 0.01764706 -448
24 549.94525 943.50854 0.01764706 -481
25 545.0353 943.50854 0.01764706 -498
26 541.26697 943.50854 0.01764706 -514
27 538.0059 943.50854 0.01764706 -531
28 536.1229 943.50854 0.01764706 -547
29 534.2722 943.50854 0.01764706 -564
30 532.3251 943.50854 0.01764706 -580
31 530.42773 943.50854 0.01764706 -597
32 528.5785 943.50854 0.01764706 -613
33 526.6915 944.329 0.01764706 -630
34 524.79846 946.2228 0.01764706 -646
35 524.51434 948.72894 0.015686275 -663
36 522.988 955.6132 0.015686275 -679
37 517.8522 987.16406 0.015686275 -696
38 511.27097 1060.0945 0.015686275 -729
39 503.4644 1148.9287 0.015686275 -762
40 502.36273 1199.5267 0.01764706 -795
41 503.62366 1241.3433 0.015686275 -811
42 502.5347 1293.1199 0.015686275 -828
43 499.54102 1335.2373 0.01764706 -844
44 497.57642 1377.8923 0.015686275 -861
45 493.69406 1419.0012 0.01764706 -877
46 483.76706 1484.7217 0.01764706 -894
47 479.80353 1511.602 0.01764706 -927
48 477.69415 1533.8365 0.01764706 -944
49 475.7208 1551.7404 0.01764706 -960
50 474.5606 1584.6321 0.01764706 -977
51 473.56152 1605.2925 0.01764706 -1010
52 472.75604 1617.7699 0.01764706 -1043
53 472.56244 1622.9589 0.01764706 -1076
54 472.56244 1625.0393 0.01764706 -1109
55 471.6567 1625.1536 0.01764706 -1125
56 471.56335 1625.1536 0.015686275 -1142
57 470.5643 1625.1536 0.015686275 -1142
0 786.272 1055.4503 0.01764706 -26
1 783.2345 1057.4761 0.015686275 -40
2 773.86694 1062.5854 0.015686275 -108
3 757.29425 1068.4446 0.01764706 -141
4 728.8319 1075.3132 0.015686275 -174
5 707.91626 1077.3817 0.015686275 -207
6 688.251 1081.348 0.01764706 -224
7 664.8221 1084.2141 0.015686275 -241
8 641.4536 1087.0615 0.01764706 -257
9 616.5653 1090.6564 0.01764706 -274
10 591.6552 1093.1073 0.01764706 -290
11 576.46625 1094.4299 0.01764706 -307
12 579.46344 1083.4357 0.021568628 -318
13 541.4986 1088.4331 0.01764706 -344
14 515.52264 1091.4315 0.01764706 -344
15 517.5208 1079.4377 0.021568628 -361
16 480.55505 1085.4347 0.01764706 -387
17 454.55057 1087.6858 0.01764706 -387
18 405.12955 1092.431 0.01764706 -406
19 390.68863 1090.432 0.01764706 -455
20 385.50894 1089.4326 0.01764706 -488
21 381.73453 1089.4326 0.01764706 -505
22 377.41006 1088.4331 0.01764706 -521
23 373.6756 1088.4331 0.01764706 -554
24 369.8994 1088.4331 0.01764706 -587
25 367.95575 1089.1364 0.01764706 -620
26 366.06342 1091.0293 0.01764706 -637
27 364.66235 1092.9097 0.01764706 -653
28 364.66235 1096.6669 0.01764706 -670
29 364.66235 1103.5461 0.01764706 -686
30 362.58884 1128.9402 0.01764706 -703
31 361.66513 1143.9672 0.01764706 -736
32 359.69473 1166.0042 0.01764706 -752
33 358.6679 1188.2343 0.01764706 -769
34 358.6679 1211.0364 0.01764706 -785
35 357.66882 1238.5604 0.01764706 -802
36 357.66882 1263.3674 0.01764706 -818
37 356.66974 1294.437 0.01764706 -835
38 356.66974 1318.3905 0.01764706 -852
39 353.67252 1374.842 0.01764706 -868
40 351.29205 1407.6243 0.01764706 -901
41 350.6753 1416.2623 0.01764706 -918
42 366.6605 1416.2623 0.023529414 -922
43 353.67252 1469.2347 0.01764706 -948
44 351.67438 1484.2269 0.01764706 -948
45 366.6605 1485.2264 0.023529414 -956
46 352.67346 1529.2035 0.01764706 -981
47 349.67624 1543.1962 0.01764706 -981
48 363.66327 1543.1962 0.023529414 -990
49 348.67715 1582.1759 0.015686275 -1015
50 341.68362 1612.1603 0.01764706 -1015
51 357.66882 1610.1614 0.023529414 -1040
52 344.68085 1639.1462 0.015686275 -1065
53 334.49136 1687.9165 0.015686275 -1065
54 331.53604 1702.0553 0.015686275 -1116
55 329.5609 1709.5114 0.015686275 -1132
56 328.69565 1714.3755 0.015686275 -1149
57 328.69565 1714.3755 0.015686275 -1165
58 330.69382 1735.0963 0.015686275 -1197
59 330.69382 1735.0963 0.015686275 -1197
0 928.1406 950.50494 0.01764706 -8
1 928.1406 950.50494 0.01764706 -8
2 928.1406 950.50494 0.01764706 -29
3 928.1406 950.50494 0.01764706 -46
4 928.1406 950.50494 0.015686275 -62
5 928.1406 950.50494 0.015686275 -79
6 926.3972 950.1326 0.015686275 -95
7 925.1434 949.50543 0.01764706 -112
8 897.1693 968.49554 0.019607844 -117
9 895.17114 966.4966 0.01764706 -142
10 884.88745 962.17554 0.015686275 -142
11 868.7839 961.4992 0.01764706 -178
12 850.94446 960.273 0.015686275 -195
13 830.36334 958.1274 0.015686275 -211
14 806.6122 959.50024 0.015686275 -228
15 781.97906 959.50024 0.015686275 -245
16 757.89404 961.5329 0.01764706 -261
17 712.30975 965.0429 0.015686275 -278
18 692.1583 968.31573 0.01764706 -311
19 674.97375 969.49506 0.015686275 -327
20 663.38574 968.49554 0.015686275 -344
21 663.38574 968.49554 0.015686275 -354
22 589.4542 982.4883 0.01764706 -380
23 589.4542 982.4883 0.01764706 -380
24 583.6924 979.1064 0.015686275 -394
25 580.4625 977.49084 0.015686275 -427
26 545.49493 997.48047 0.023529414 -441
27 384.64386 1107.4232 0.015686275 -518
28 384.64386 1107.4232 0.015686275 -518
29 384.64386 1107.4232 0.01764706 -538
30 384.64386 1107.4232 0.01764706 -571
31 384.64386 1107.4232 0.01764706 -588
32 384.64386 1107.4232 0.01764706 -604
33 384.64386 1107.4232 0.01764706 -621
34 384.64386 1107.4232 0.015686275 -637
35 382.99106 1109.7306 0.01764706 -654
36 381.03992 1114.2415 0.015686275 -670
37 379.12335 1124.6191 0.015686275 -687
38 378.6494 1141.5104 0.01764706 -703
39 376.2577 1159.3353 0.015686275 -720
40 374.09006 1182.4838 0.015686275 -736
41 372.36725 1216.2615 0.015686275 -753
42 370.6568 1261.9479 0.01764706 -770
43 368.42108 1300.5817 0.01764706 -786
44 367.57825 1337.7686 0.01764706 -803
45 367.65958 1378.2358 0.01764706 -819
46 365.64377 1416.5979 0.01764706 -836
47 362.75174 1490.6466 0.01764706 -852
48 359.77765 1559.4154 0.01764706 -885
49 356.78662 1596.9983 0.01764706 -918
50 349.77454 1658.4475 0.01764706 -935
51 347.6968 1679.9375 0.01764706 -968
52 339.78162 1717.5281 0.015686275 -984
53 335.79343 1730.7855 0.01764706 -1017
54 333.75906 1734.0288 0.01764706 -1050
55 333.69104 1736.0292 0.015686275 -1067
56 333.69104 1738.0016 0.015686275 -1083
57 333.69104 1738.0947 0.015686275 -1100
58 332.69196 1738.0947 0.015686275 -1116
59 332.69196 1738.0947 0.015686275 -1125
0 919.1489 690.64026 0.01764706 -15
1 919.1489 690.64026 0.01764706 -15
2 919.1489 690.64026 0.01764706 -33
3 917.9147 689.4056 0.01764706 -50
4 917.9147 689.4056 0.01764706 -66
5 899.1674 688.6413 0.01764706 -105
6 892.69006 687.34534 0.01764706 -105
7 881.6542 685.3881 0.01764706 -116
8 881.6542 685.3881 0.01764706 -132
9 842.22015 677.64703 0.01764706 -171
10 831.03156 676.4034 0.01764706 -171
11 823.23773 675.6481 0.01764706 -182
12 812.2479 674.6486 0.01764706 -188
13 778.27936 675.6481 0.01764706 -221
14 764.2923 675.6481 0.01764706 -221
15 751.3043 676.6476 0.01764706 -229
16 711.3414 679.646 0.01764706 -263
17 698.3534 679.646 0.01764706 -263
18 656.3922 681.64496 0.01764706 -296
19 643.40424 680.6455 0.01764706 -296
20 629.41724 680.6455 0.01764706 -305
21 593.4505 679.646 0.01764706 -338
22 571.4709 678.64655 0.01764706 -338
23 561.4801 678.64655 0.01764706 -355
24 532.50696 678.64655 0.01764706 -398
25 517.51135 678.64655 0.01764706 -398
26 505.96628 678.64655 0.01764706 -429
27 501.6163 678.64655 0.01764706 -462
28 497.80154 678.64655 0.01764706 -479
29 494.06927 678.64655 0.01764706 -495
30 491.36743 678.64655 0.01764706 -512
31 487.61057 678.64655 0.01764706 -528
32 485.66278 680.5331 0.01764706 -561
33 484.55133 684.9803 0.01764706 -578
34 483.55228 692.4444 0.01764706 -594
35 484.1702 702.3453 0.01764706 -611
36 485.07645 715.832 0.01764706 -628
37 486.5495 784.45953 0.01764706 -644
38 487.9138 817.788 0.01764706 -694
39 487.9138 817.788 0.01764706 -710
40 492.54395 895.53357 0.01764706 -733
41 493.54303 919.52106 0.01764706 -733
42 495.54117 941.5096 0.015686275 -750
43 501.60858 1053.0583 0.015686275 -750
44 503.5617 1139.0502 0.015686275 -793
45 503.5617 1139.0502 0.015686275 -826
46 503.53375 1196.3768 0.015686275 -849
47 503.53375 1214.3674 0.015686275 -849
48 503.53375 1254.3467 0.015686275 -883
49 503.53375 1266.3405 0.015686275 -883
50 499.53748 1310.3175 0.01764706 -947
51 499.53748 1313.8846 0.01764706 -947
52 499.53748 1320.6045 0.01764706 -958
53 499.53748 1322.6035 0.01764706 -991
54 499.53748 1323.3108 0.01764706 -1007
55 499.53748 1323.3108 0.01764706 -1014
56 498.5384 1324.3102 0.01764706 -1038
57 497.5393 1324.3102 0.01764706 -1038
0 942.1277 935.51276 0.01764706 -18
1 942.1277 935.51276 0.015686275 -18
2 942.1277 935.51276 0.015686275 -78
3 942.1277 935.51276 0.015686275 -94
4 942.1277 935.51276 0.015686275 -111
5 731.3229 1055.4503 0.015686275 -176
6 731.3229 1055.4503 0.015686275 -176
7 731.3229 1055.4503 0.021568628 -193
8 782.2757 985.4867 0.015686275 -234
9 787.27106 974.49243 0.015686275 -234
10 787.27106 974.49243 0.015686275 -242
11 606.4385 1054.4508 0.01764706 -275
12 617.4283 1041.4575 0.021568628 -275
13 664.3848 978.49036 0.015686275 -310
14 668.3811 964.4976 0.015686275 -310
15 668.3811 964.4976 0.015686275 -318
16 485.5504 1048.4539 0.01764706 -352
17 497.5393 1034.4612 0.021568628 -352
18 545.49493 971.494 0.015686275 -386
19 552.48846 949.50543 0.015686275 -386
20 552.48846 949.50543 0.015686275 -403
21 382.6457 1050.4529 0.015686275 -437
22 382.6457 1050.4529 0.01764706 -437
23 382.6457 1050.4529 0.01764706 -457
24 382.6457 1050.4529 0.01764706 -490
25 382.6457 1050.4529 0.01764706 -507
26 382.6457 1050.4529 0.01764706 -523
27 378.1247 1047.4545 0.01764706 -539
28 376.16888 1047.4545 0.01764706 -572
29 374.25333 1047.4545 0.01764706 -589
30 372.34372 1047.4545 0.01764706 -605
31 370.473 1047.4545 0.01764706 -622
32 368.48666 1049.6255 0.01764706 -638
33 366.5533 1055.772 0.01764706 -655
34 364.63388 1063.56 0.01764706 -671
35 362.71085 1075.1599 0.01764706 -688
36 361.66513 1089.7146 0.01764706 -704
37 359.81586 1114.6313 0.01764706 -721
38 359.667 1138.6586 0.01764706 -737
39 358.6679 1173.2778 0.01764706 -754
40 358.6679 1209.9973 0.01764706 -770
41 358.6679 1244.6926 0.01764706 -787
42 359.667 1281.5371 0.01764706 -803
43 359.667 1317.0709 0.01764706 -820
44 360.66605 1353.7446 0.01764706 -836
45 360.66605 1427.5679 0.01764706 -853
46 359.667 1496.627 0.01764706 -886
47 358.7271 1528.2002 0.01764706 -919
48 356.19138 1555.4568 0.01764706 -935
49 354.21936 1578.9252 0.01764706 -952
50 350.19562 1603.4858 0.01764706 -968
51 348.18927 1629.5929 0.01764706 -985
52 343.68024 1645.6482 0.015686275 -1018
53 341.17313 1656.1813 0.015686275 -1034
54 337.68732 1667.0426 0.015686275 -1051
55 337.68732 1669.6263 0.015686275 -1084
56 337.68732 1671.6351 0.015686275 -1100
57 336.68826 1673.1285 0.015686275 -1117
58 336.68826 1673.1285 0.015686275 -1146
0 813.247 437.77197 0.01764706 -49
1 813.247 437.77197 0.019607844 -57
2 813.247 437.77197 0.019607844 -84
3 813.247 437.77197 0.019607844 -98
4 801.2581 437.77197 0.019607844 -148
5 790.371 437.77197 0.019607844 -148
6 790.371 437.77197 0.019607844 -166
7 760.296 440.77042 0.019607844 -197
8 737.41833 441.7699 0.019607844 -197
9 737.41833 441.7699 0.019607844 -216
10 703.34875 442.76938 0.019607844 -239
11 678.3719 442.76938 0.019607844 -239
12 665.3839 442.76938 0.019607844 -255
13 639.40796 442.76938 0.019607844 -280
14 626.42 442.76938 0.019607844 -280
15 613.432 442.76938 0.019607844 -289
16 586.457 441.7699 0.019607844 -314
17 559.48193 439.77094 0.019607844 -314
18 545.49493 438.77145 0.019607844 -331
19 519.519 435.773 0.019607844 -356
20 506.531 434.77356 0.019607844 -356
21 493.54303 433.77408 0.019607844 -365
22 461.57263 429.77615 0.019607844 -399
23 424.60684 422.7798 0.019607844 -399
24 420.61053 421.7803 0.019607844 -442
25 399.62997 418.78186 0.019607844 -570
26 396.72583 418.78186 0.019607844 -570
27 395.84247 419.57248 0.019607844 -596
28 393.906 421.5097 0.019607844 -628
29 392.63644 423.77927 0.019607844 -645
30 391.6374 426.7777 0.019607844 -656
31 411.61887 924.51843 0.019607844 -903
32 410.82288 954.67346 0.019607844 -903
33 409.8052 972.0165 0.019607844 -926
34 409.62073 985.4077 0.019607844 -942
35 409.62073 996.6351 0.019607844 -959
36 408.62164 1003.9308 0.019607844 -975
37 407.62256 1009.9111 0.019607844 -992
38 407.62256 1015.11255 0.019607844 -1008
39 407.62256 1020.2657 0.019607844 -1025
40 407.62256 1022.3182 0.019607844 -1058
41 407.62256 1024.3234 0.019607844 -1074
42 407.62256 1026.3451 0.019607844 -1091
43 406.6235 1027.4648 0.01764706 -1107
44 406.6235 1027.4648 0.01764706 -1116
0 777.2803 1049.4534 0.01764706 -18
1 789.2692 1038.4591 0.019607844 -18
2 843.21924 986.4862 0.015686275 -91
3 848.7665 978.38556 0.015686275 -91
4 854.20905 965.49713 0.015686275 -101
5 854.20905 965.49713 0.015686275 -125
6 669.3802 1058.4487 0.015686275 -165
7 669.3802 1058.4487 0.015686275 -165
8 682.36816 1046.455 0.021568628 -174
9 719.334 993.48254 0.015686275 -216
10 719.334 993.48254 0.015686275 -216
11 572.4699 1072.4414 0.015686275 -249
12 570.4718 1071.4419 0.015686275 -249
13 577.46533 1053.4513 0.021568628 -257
14 605.4394 983.48773 0.015686275 -290
15 605.4394 983.48773 0.015686275 -290
16 429.60223 1045.4554 0.015686275 -324
17 441.59113 1031.4628 0.021568628 -324
18 483.55228 971.494 0.015686275 -374
19 494.27435 949.3095 0.01764706 -374
20 496.313 941.4195 0.01764706 -398
21 497.5393 936.14716 0.015686275 -415
22 497.5393 932.40283 0.01764706 -431
23 497.5393 930.01556 0.01764706 -448
24 497.5393 928.1553 0.01764706 -464
25 497.5393 926.24365 0.01764706 -481
26 497.5393 924.27277 0.01764706 -498
27 498.5038 921.52 0.01764706 -514
28 501.3521 922.3359 0.015686275 -547
29 503.311 925.07227 0.015686275 -580
30 505.92557 931.9996 0.015686275 -597
31 507.14355 941.4148 0.015686275 -613
32 509.07043 956.378 0.015686275 -630
33 508.52914 977.3203 0.015686275 -646
34 509.96146 1003.115 0.015686275 -663
35 509.12335 1034.3506 0.01764706 -679
36 509.52823 1101.5477 0.01764706 -696
37 511.81787 1140.658 0.015686275 -729
38 511.78482 1182.0757 0.015686275 -745
39 509.2008 1270.0905 0.015686275 -762
40 510.76508 1313.5524 0.015686275 -795
41 507.33273 1349.6545 0.015686275 -811
42 507.33273 1349.6545 0.015686275 -828
43 328.69565 1669.1306 0.015686275 -1008
44 328.69565 1669.1306 0.015686275 -1008
45 328.69565 1670.1301 0.015686275 -1032
46 328.69565 1670.1301 0.015686275 -1032
0 915.15265 692.6392 0.01764706 -6
1 915.15265 692.6392 0.01764706 -15
2 915.15265 692.6392 0.01764706 -30
3 911.1564 691.6398 0.01764706 -98
4 905.8497 691.6398 0.01764706 -98
5 898.9273 691.6398 0.01764706 -114
6 890.1758 691.6398 0.01764706 -131
7 885.1804 691.6398 0.01764706 -147
8 857.2063 693.63873 0.01764706 -189
9 848.2146 694.6382 0.01764706 -189
10 838.2239 695.6377 0.01764706 -197
11 801.2581 699.63556 0.01764706 -231
12 787.27106 700.6351 0.01764706 -231
13 773.284 701.6345 0.01764706 -240
14 742.3127 701.6345 0.01764706 -264
15 727.32654 700.6351 0.01764706 -264
16 712.34045 700.6351 0.01764706 -273
17 681.3691 699.63556 0.01764706 -299
18 667.3821 698.6361 0.01764706 -299
19 654.3941 697.63666 0.01764706 -307
20 627.41907 694.6382 0.01764706 -332
21 603.4413 693.63873 0.01764706 -332
22 592.4514 692.6392 0.01764706 -350
23 564.47736 692.6392 0.01764706 -383
24 553.3114 692.6392 0.01764706 -383
25 535.79865 692.6392 0.01764706 -397
26 526.3525 692.6392 0.01764706 -428
27 523.5065 692.6392 0.01764706 -461
28 521.5708 692.6392 0.01764706 -478
29 519.6523 692.6392 0.01764706 -494
30 517.71893 692.6392 0.01764706 -511
31 515.8048 692.6392 0.01764706 -527
32 513.52454 693.138 0.01764706 -544
33 513.52454 695.6216 0.01764706 -577
34 513.52454 707.99426 0.01764706 -593
35 513.52454 719.25214 0.01764706 -626
36 513.52454 731.5771 0.01764706 -643
37 512.36786 748.1878 0.01764706 -659
38 511.52637 756.6059 0.01764706 -676
39 510.52728 766.6007 0.01764706 -683
40 494.54208 1026.4653 0.01764706 -832
41 494.3524 1049.4407 0.01764706 -832
42 493.54303 1134.0521 0.01764706 -841
43 493.54303 1175.7203 0.01764706 -874
44 494.695 1216.5809 0.01764706 -890
45 494.54208 1247.5056 0.01764706 -907
46 493.39008 1276.1726 0.01764706 -923
47 489.41684 1318.4832 0.01764706 -940
48 488.36432 1333.9565 0.01764706 -973
49 487.54858 1346.3715 0.01764706 -990
50 487.54858 1356.1467 0.01764706 -1006
51 487.54858 1367.6095 0.01764706 -1023
52 487.54858 1372.4331 0.01764706 -1056
53 487.54858 1374.4679 0.01764706 -1089
54 487.54858 1375.2837 0.01764706 -1105
55 487.54858 1375.2837 0.01764706 -1122
56 486.47076 1375.2837 0.01764706 -1133
57 486.47076 1375.2837 0.01764706 -1155
0 886.17944 669.6512 0.01764706 -27
1 886.17944 669.6512 0.01764706 -27
2 886.17944 669.6512 0.01764706 -45
3 886.17944 669.6512 0.01764706 -61
4 881.9607 669.6512 0.01764706 -78
5 877.04376 669.6512 0.01764706 -94
6 873.19147 669.6512 0.01764706 -111
7 869.1952 669.6512 0.01764706 -119
8 853.21 670.6507 0.01764706 -152
9 846.2165 671.65015 0.01764706 -152
10 838.2239 672.64966 0.015686275 -160
11 781.2766 678.64655 0.015686275 -210
12 770.2868 680.6455 0.01764706 -210
13 722.3312 685.6429 0.015686275 -250
14 711.1801 686.7584 0.01764706 -250
15 711.1801 686.7584 0.01764706 -259
16 666.383 688.6413 0.015686275 -291
17 656.3922 688.6413 0.01764706 -291
18 646.4015 688.6413 0.01764706 -300
19 606.4385 688.6413 0.015686275 -341
20 591.4524 688.6413 0.01764706 -341
21 584.45886 688.6413 0.01764706 -358
22 548.4921 688.6413 0.01764706 -425
23 542.71216 688.6413 0.01764706 -425
24 536.91833 688.6413 0.01764706 -441
25 532.8787 688.6413 0.015686275 -457
26 529.0032 688.6413 0.015686275 -474
27 525.8532 688.6413 0.015686275 -490
28 523.8974 688.6413 0.015686275 -507
29 521.96954 688.6413 0.015686275 -524
30 519.519 688.9913 0.01764706 -540
31 519.519 692.789 0.01764706 -573
32 519.519 697.0739 0.01764706 -606
33 519.519 705.0979 0.01764706 -623
34 519.519 715.02997 0.01764706 -639
35 518.4994 727.7648 0.01764706 -656
36 516.54443 741.4548 0.01764706 -672
37 515.52264 757.9472 0.01764706 -689
38 514.6307 777.52356 0.015686275 -705
39 512.70825 798.75415 0.015686275 -722
40 512.52545 822.6252 0.015686275 -738
41 512.52545 849.72266 0.015686275 -755
42 512.52545 879.8107 0.015686275 -771
43 512.52545 912.636 0.015686275 -788
44 514.0669 984.34436 0.015686275 -804
45 516.0804 1025.6306 0.01764706 -837
46 520.0442 1101.8884 0.01764706 -854
47 523.03784 1169.7896 0.01764706 -887
48 523.51526 1201.91 0.01764706 -920
49 523.51526 1234.986 0.01764706 -936
50 523.51526 1262.3315 0.015686275 -953
51 525.0668 1289.9635 0.01764706 -969
52 527.0668 1324.6388 0.01764706 -986
53 527.5116 1336.7407 0.01764706 -1019
54 527.5116 1346.9031 0.01764706 -1035
55 527.5116 1353.2488 0.01764706 -1052
56 527.5116 1357.5992 0.01764706 -1068
57 527.5116 1359.9562 0.01764706 -1085
58 527.5116 1361.9738 0.01764706 -1101
59 527.5116 1362.2904 0.01764706 -1118
60 527.5116 1363.9924 0.01764706 -1134
61 527.5116 1364.2894 0.01764706 -1151
62 527.5116 1365.2888 0.01764706 -1167
63 527.5116 1365.2888 0.01764706 -1178
0 914.15356 694.6382 0.01764706 -33
1 914.15356 694.6382 0.01764706 -33
2 914.15356 694.6382 0.01764706 -50
3 899.1674 691.6398 0.01764706 -124
4 894.10785 691.6398 0.01764706 -124
5 886.17944 691.6398 0.01764706 -133
6 881.1841 691.6398 0.01764706 -148
7 846.2165 688.6413 0.01764706 -197
8 838.2239 688.6413 0.01764706 -197
9 829.2322 688.6413 0.01764706 -206
10 791.26733 688.6413 0.01764706 -247
11 781.2766 689.6408 0.01764706 -247
12 771.2858 689.6408 0.01764706 -255
13 736.31824 691.6398 0.01764706 -288
14 722.12976 691.6398 0.01764706 -288
15 722.12976 691.6398 0.01764706 -298
16 676.3737 693.63873 0.01764706 -331
17 664.3848 693.63873 0.01764706 -331
18 653.395 693.63873 0.01764706 -339
19 618.42737 693.63873 0.01764706 -373
20 607.43756 693.63873 0.01764706 -373
21 597.44684 693.63873 0.01764706 -381
22 560.481 691.6398 0.01764706 -423
23 540.5674 691.6398 0.01764706 -423
24 538.5014 691.6398 0.01764706 -447
25 532.50696 691.6398 0.01764706 -449
26 495.54117 692.6392 0.01764706 -517
27 490.14542 692.6392 0.01764706 -517
28 484.29523 692.6392 0.01764706 -529
29 480.88885 692.6392 0.01764706 -546
30 478.31744 692.6392 0.01764706 -562
31 476.32144 692.6392 0.01764706 -579
32 474.43945 692.6392 0.01764706 -595
33 472.5118 694.68884 0.01764706 -612
34 470.60388 696.59753 0.01764706 -628
35 469.56522 701.4015 0.01764706 -645
36 469.56522 707.2162 0.01764706 -661
37 469.56522 714.72687 0.01764706 -678
38 469.56522 725.2932 0.01764706 -694
39 469.56522 739.4179 0.01764706 -711
40 469.56522 779.3792 0.01764706 -727
41 469.56522 806.6411 0.01764706 -760
42 470.12277 840.72314 0.01764706 -777
43 474.63702 885.4567 0.01764706 -793
44 479.52228 933.786 0.01764706 -810
45 486.0752 988.21265 0.01764706 -826
46 490.5458 1028.4644 0.015686275 -843
47 493.54303 1056.4497 0.015686275 -855
48 499.53748 1111.4211 0.015686275 -880
49 501.5356 1139.4065 0.015686275 -880
50 502.5347 1165.393 0.015686275 -896
51 505.53192 1253.5995 0.015686275 -896
52 506.531 1325.8933 0.015686275 -926
53 504.93246 1350.8965 0.015686275 -959
54 502.9166 1369.2288 0.015686275 -975
55 501.5356 1381.2933 0.015686275 -992
56 499.53748 1395.3999 0.015686275 -1008
57 499.53748 1398.8992 0.015686275 -1041
58 498.90567 1400.9027 0.015686275 -1058
59 498.5384 1402.8981 0.015686275 -1074
60 498.5384 1404.8956 0.015686275 -1091
61 498.5384 1406.2676 0.015686275 -1107
62 498.5384 1406.2676 0.015686275 -1124
63 498.5384 1406.2676 0.015686275 -1140
64 497.92044 1406.2676 0.015686275 -1151
65 497.5393 1406.2676 0.015686275 -1190
66 496.54025 1406.2676 0.015686275 -1193
0 880.185 681.64496 0.01764706 -18
1 880.185 681.64496 0.01764706 -18
2 880.185 681.64496 0.01764706 -44
3 880.185 681.64496 0.01764706 -60
4 875.0224 681.64496 0.01764706 -92
5 861.19885 681.64496 0.01764706 -126
6 849.24506 681.64496 0.01764706 -159
7 834.5941 681.64496 0.01764706 -176
8 834.2276 681.64496 0.01764706 -192
9 827.2341 681.64496 0.01764706 -193
10 800.25903 682.6444 0.01764706 -226
11 790.26825 682.6444 0.01764706 -226
12 779.27844 682.6444 0.01764706 -234
13 746.30896 684.6434 0.01764706 -267
14 733.321 684.6434 0.01764706 -267
15 721.3321 684.6434 0.01764706 -275
16 681.3691 683.6439 0.01764706 -309
17 667.3821 682.6444 0.01764706 -309
18 655.3932 681.64496 0.01764706 -317
19 620.42554 678.64655 0.01764706 -351
20 600.44403 676.6476 0.01764706 -351
21 591.4524 676.6476 0.01764706 -368
22 564.47736 675.6481 0.01764706 -410
23 544.3615 675.6481 0.01764706 -410
24 536.41797 675.6481 0.01764706 -440
25 525.793 675.6481 0.01764706 -456
26 521.90454 675.6481 0.01764706 -489
27 520.36646 675.6481 0.01764706 -506
28 516.48944 675.6481 0.01764706 -522
29 514.5006 675.6481 0.01764706 -555
30 512.55066 676.6224 0.01764706 -572
31 511.60815 678.56476 0.01764706 -589
32 511.52637 682.3728 0.01764706 -605
33 511.52637 687.2644 0.01764706 -622
34 511.52637 693.8757 0.01764706 -638
35 511.52637 703.08093 0.015686275 -655
36 510.52728 710.6299 0.015686275 -671
37 509.52823 717.6262 0.015686275 -682
38 507.53006 732.6184 0.015686275 -707
39 507.53006 751.6085 0.015686275 -707
40 507.53006 763.6023 0.01764706 -724
41 506.531 801.5825 0.015686275 -758
42 506.531 818.57367 0.015686275 -758
43 510.52728 943.50854 0.015686275 -816
44 511.52637 965.49713 0.015686275 -816
45 516.5217 1064.4456 0.01764706 -856
46 517.5208 1088.4331 0.01764706 -856
47 518.5199 1132.4102 0.01764706 -880
48 518.5199 1153.3993 0.01764706 -880
49 518.5199 1173.3888 0.015686275 -897
50 517.5208 1192.3789 0.015686275 -897
51 515.52264 1226.3612 0.015686275 -921
52 508.6158 1306.2784 0.015686275 -921
53 504.79797 1340.4442 0.015686275 -969
54 500.7671 1361.3678 0.015686275 -1001
55 498.70505 1367.954 0.01764706 -1034
56 497.5393 1371.9753 0.01764706 -1051
57 497.5393 1376.0842 0.01764706 -1067
58 497.5393 1377.2826 0.015686275 -1100
59 497.5393 1377.2826 0.015686275 -1117
60 497.5393 1377.2826 0.015686275 -1133
61 496.54025 1378.2821 0.015686275 -1138
62 496.54025 1378.2821 0.015686275 -1167
0 893.173 667.6522 0.01764706 -17
1 893.173 667.6522 0.01764706 -17
2 888.9651 667.6522 0.015686275 -58
3 882.9928 667.6522 0.015686275 -76
4 865.5269 668.65173 0.01764706 -92
5 850.3165 670.6377 0.01764706 -125
6 834.0605 672.5572 0.01764706 -142
7 833.2285 672.64966 0.01764706 -158
8 824.2368 673.6491 0.01764706 -159
9 803.2562 674.6486 0.01764706 -184
10 792.2664 675.6481 0.01764706 -184
11 743.31177 675.6481 0.01764706 -225
12 730.3238 674.6486 0.01764706 -225
13 693.35803 673.6491 0.01764706 -258
14 680.37006 672.64966 0.01764706 -258
15 669.3802 671.65015 0.015686275 -267
16 626.42 668.65173 0.01764706 -309
17 609.4357 667.6522 0.015686275 -309
18 602.4422 667.6522 0.01764706 -325
19 568.47363 664.6538 0.01764706 -375
20 558.8533 663.65436 0.01764706 -375
21 549.8664 663.65436 0.01764706 -390
22 536.89777 663.65436 0.01764706 -406
23 528.81165 662.30566 0.015686275 -439
24 527.1517 662.65485 0.015686275 -472
25 525.2656 662.65485 0.015686275 -489
26 523.28345 662.65485 0.015686275 -505
27 521.3945 662.65485 0.015686275 -522
28 519.4899 662.65485 0.015686275 -538
29 517.54614 662.65485 0.015686275 -555
30 517.5208 662.65485 0.01764706 -571
31 517.5208 665.34235 0.01764706 -588
32 517.5208 667.6522 0.01764706 -604
33 517.5208 670.6507 0.01764706 -614
34 515.52264 692.6392 0.015686275 -664
35 515.52264 699.63556 0.015686275 -664
36 519.519 1285.3306 0.015686275 -941
37 518.5199 1302.2415 0.015686275 -941
38 516.28516 1347.4291 0.015686275 -951
39 515.52264 1358.5458 0.015686275 -984
40 514.5236 1364.9906 0.015686275 -1001
41 514.5236 1369.8466 0.015686275 -1017
42 513.52454 1372.5493 0.015686275 -1034
43 513.52454 1374.2842 0.015686275 -1050
44 513.52454 1375.5156 0.015686275 -1083
45 513.52454 1375.2837 0.015686275 -1100
46 512.52545 1375.2837 0.015686275 -1116
47 511.52637 1375.2837 0.015686275 -1147
0 914.15356 686.64233 0.01764706 0
1 914.15356 686.64233 0.01764706 0
2 914.15356 686.64233 0.01764706 -18
3 914.15356 686.64233 0.01764706 -38
4 908.1591 684.6434 0.01764706 -119
5 901.5314 683.6439 0.01764706 -119
6 886.7527 683.6439 0.01764706 -137
7 886.7527 683.6439 0.01764706 -170
8 872.19244 683.6439 0.01764706 -194
9 854.74274 685.72046 0.01764706 -194
10 827.31476 687.64185 0.01764706 -220
11 793.6621 689.6408 0.01764706 -253
12 757.28876 690.5413 0.01764706 -286
13 736.0772 690.64026 0.01764706 -319
14 698.00275 689.6408 0.01764706 -335
15 677.23706 689.6408 0.01764706 -368
16 642.00726 689.6408 0.01764706 -385
17 606.1538 689.6408 0.01764706 -418
18 591.36237 689.6408 0.01764706 -451
19 577.9454 689.13824 0.01764706 -467
20 565.76935 687.64185 0.01764706 -484
21 554.05725 687.64185 0.01764706 -500
22 544.2214 686.3875 0.01764706 -517
23 533.9314 686.64233 0.01764706 -533
24 526.5259 685.6429 0.01764706 -550
25 520.7361 685.6429 0.01764706 -567
26 517.25635 684.6434 0.01764706 -583
27 513.406 684.6434 0.01764706 -600
28 510.541 684.6434 0.01764706 -616
29 508.61307 684.6434 0.01764706 -633
30 506.71082 684.6434 0.01764706 -649
31 504.80637 684.6434 0.01764706 -666
32 502.8966 684.6434 0.01764706 -682
33 501.5356 684.6434 0.01764706 -699
34 501.5356 685.1236 0.01764706 -715
35 501.5356 687.06085 0.015686275 -732
36 501.5356 688.9716 0.015686275 -748
37 501.5356 693.19543 0.015686275 -765
38 502.68912 700.2535 0.015686275 -781
39 502.5347 707.1611 0.015686275 -798
40 502.5347 707.1611 0.015686275 -814
41 502.5347 745.61163 0.015686275 -864
42 502.5347 761.7878 0.015686275 -864
43 502.5347 761.7878 0.015686275 -880
44 502.5347 808.57886 0.015686275 -923
45 502.5347 818.57367 0.015686275 -923
46 502.5347 872.54553 0.015686275 -964
47 502.5347 888.5372 0.015686275 -964
48 504.53284 997.48047 0.015686275 -1021
49 505.53192 1018.46954 0.015686275 -1021
50 506.531 1041.4575 0.015686275 -1037
51 507.53006 1064.4456 0.015686275 -1037
52 510.52728 1110.4216 0.015686275 -1061
53 511.52637 1133.4097 0.015686275 -1061
54 514.5236 1176.3873 0.015686275 -1086
55 516.5217 1197.3763 0.01764706 -1086
56 518.5199 1234.357 0.01764706 -1110
57 520.51807 1248.3497 0.015686275 -1110
58 521.5171 1265.341 0.01764706 -1118
59 522.5162 1288.329 0.01764706 -1142
60 522.5162 1329.0898 0.015686275 -1142
61 522.5162 1333.4608 0.015686275 -1212
62 522.5162 1335.5416 0.015686275 -1243
63 522.5162 1337.5353 0.015686275 -1260
64 522.5162 1337.5353 0.015686275 -1276
0 892.1739 926.5174 0.01764706 -33
1 892.1739 926.5174 0.01764706 -33
2 890.0448 924.3874 0.015686275 -75
3 886.0694 922.4644 0.015686275 -92
4 886.0694 922.4644 0.015686275 -108
5 843.21924 935.51276 0.01764706 -132
6 843.21924 935.51276 0.015686275 -132
7 835.9032 933.4331 0.015686275 -158
8 819.68506 935.6362 0.01764706 -174
9 805.98047 937.55725 0.015686275 -191
10 783.0187 936.5122 0.015686275 -207
11 761.3968 938.4927 0.01764706 -224
12 737.7908 937.55475 0.015686275 -240
13 687.3637 939.67725 0.01764706 -257
14 642.0651 939.269 0.01764706 -290
15 623.77734 939.746 0.015686275 -323
16 604.50226 938.51117 0.015686275 -339
17 584.96106 939.1605 0.015686275 -356
18 558.12036 940.51013 0.015686275 -372
19 540.7285 937.0692 0.015686275 -405
20 527.3808 935.51276 0.015686275 -438
21 520.57904 935.51276 0.015686275 -471
22 517.08636 935.51276 0.01764706 -488
23 513.2439 935.51276 0.01764706 -504
24 511.45215 935.51276 0.01764706 -521
25 509.5376 935.51276 0.01764706 -537
26 507.6035 935.51276 0.01764706 -554
27 505.68564 935.51276 0.01764706 -570
28 503.74496 935.51276 0.01764706 -587
29 503.53375 937.2407 0.015686275 -603
30 503.53375 939.8774 0.015686275 -620
31 503.53375 943.69116 0.015686275 -636
32 503.53375 944.50806 0.015686275 -653
33 503.53375 944.50806 0.015686275 -657
34 512.52545 990.4841 0.015686275 -681
35 512.52545 990.4841 0.015686275 -681
36 503.53375 1020.4685 0.015686275 -698
37 503.53375 1020.4685 0.015686275 -698
38 503.53375 1020.4685 0.015686275 -715
39 336.68826 1207.3711 0.015686275 -748
40 358.6679 1194.3779 0.021568628 -748
41 348.67715 1213.368 0.015686275 -773
42 337.58563 1265.9514 0.015686275 -773
43 333.2585 1305.4116 0.015686275 -802
44 332.69196 1317.3138 0.015686275 -818
45 357.66882 1321.3118 0.021568628 -823
46 337.68732 1369.2867 0.015686275 -847
47 315.3846 1463.0604 0.015686275 -847
48 307.79153 1536.6638 0.015686275 -884
49 305.20825 1565.8033 0.01764706 -917
50 303.20093 1588.3561 0.01764706 -934
51 301.17654 1606.52 0.01764706 -950
52 299.11508 1620.8036 0.01764706 -967
53 295.23672 1638.1064 0.01764706 -984
54 293.0338 1645.2275 0.01764706 -1017
55 292.72894 1649.5818 0.01764706 -1033
56 291.7299 1651.8757 0.01764706 -1050
57 291.7299 1653.8582 0.01764706 -1066
58 291.7299 1655.9065 0.01764706 -1083
59 291.7299 1657.9119 0.01764706 -1099
60 291.7299 1660.1353 0.01764706 -1116
61 291.7299 1660.1353 0.01764706 -1149
62 291.7299 1660.1353 0.01764706 -1162
63 291.7299 1660.1353 0.01764706 -1182
64 307.7151 1655.138 0.019607844 -1191
0 781.2766 435.773 0.01764706 -8
1 781.2766 435.773 0.019607844 -8
2 781.2766 435.773 0.01764706 -32
3 775.1178 435.773 0.019607844 -68
4 767.81525 435.773 0.019607844 -85
5 747.85077 437.01517 0.019607844 -102
6 732.87695 439.12048 0.019607844 -135
7 715.1219 441.12756 0.019607844 -151
8 695.30334 440.77042 0.019607844 -168
9 672.7578 440.77042 0.019607844 -184
10 649.6662 440.77042 0.019607844 -201
11 626.6296 440.77042 0.019607844 -217
12 575.8305 439.77094 0.019607844 -234
13 531.61774 436.69162 0.019607844 -267
14 489.58524 434.77356 0.019607844 -300
15 470.4673 433.7633 0.019607844 -333
16 470.4673 433.7633 0.019607844 -349
17 435.59668 430.77563 0.019607844 -383
18 421.96136 428.83533 0.019607844 -383
19 405.63058 427.7772 0.019607844 -399
20 397.13766 427.7772 0.019607844 -432
21 394.07208 427.7772 0.019607844 -465
22 390.37308 427.7772 0.019607844 -482
23 388.27924 427.7772 0.019607844 -515
24 384.44107 427.7772 0.019607844 -531
25 382.43198 427.7772 0.019607844 -564
26 380.50876 427.7772 0.019607844 -581
27 379.64847 428.88605 0.019607844 -597
28 379.64847 431.75742 0.019607844 -614
29 379.64847 437.75824 0.019607844 -647
30 379.64847 445.57 0.019607844 -663
31 379.64847 454.31677 0.019607844 -680
32 379.64847 470.91217 0.019607844 -696
33 381.5492 494.57205 0.019607844 -713
34 385.41595 520.2523 0.019607844 -729
35 390.20093 550.3785 0.019607844 -746
36 390.6383 552.7121 0.019607844 -763
37 393.63553 570.70276 0.019607844 -764
38 417.6133 765.60126 0.019607844 -854
39 417.6133 785.4266 0.019607844 -854
40 416.5376 855.85846 0.019607844 -862
41 413.58487 913.9746 0.019607844 -895
42 411.47516 941.2356 0.019607844 -928
43 409.48257 961.8818 0.019607844 -944
44 407.6718 978.0961 0.019607844 -961
45 406.6235 993.5412 0.019607844 -976
46 406.6235 1009.4935 0.019607844 -992
47 406.6235 1017.456 0.019607844 -1025
48 406.6235 1021.46265 0.019607844 -1058
49 406.6235 1023.5193 0.019607844 -1091
50 405.5862 1023.4669 0.01764706 -1108
51 404.62534 1023.4669 0.01764706 -1124
52 421.60962 1089.4326 0.023529414 -1132
0 906.16095 951.5044 0.01764706 -17
1 906.16095 951.5044 0.01764706 -17
2 906.16095 951.5044 0.01764706 -35
3 906.16095 951.5044 0.01764706 -52
4 906.16095 951.5044 0.01764706 -63
5 902.89404 951.5044 0.015686275 -85
6 890.62317 951.5044 0.015686275 -101
7 886.17944 951.5044 0.015686275 -134
8 886.17944 951.5044 0.015686275 -142
9 823.23773 963.49817 0.015686275 -166
10 820.24054 962.49866 0.015686275 -166
11 783.2748 979.4898 0.019607844 -183
12 780.2775 975.4919 0.015686275 -208
13 747.3264 963.50226 0.01764706 -208
14 738.3164 961.4992 0.015686275 -250
15 738.3164 961.4992 0.015686275 -258
16 657.3913 960.4997 0.01764706 -282
17 649.3987 957.5013 0.015686275 -282
18 649.3987 957.5013 0.015686275 -316
19 589.4542 957.5013 0.01764706 -341
20 588.521 956.5676 0.015686275 -341
21 588.45514 956.5018 0.015686275 -366
22 588.45514 956.5018 0.015686275 -366
23 368.65866 1061.4471 0.015686275 -408
24 368.65866 1061.4471 0.015686275 -408
25 368.65866 1061.4471 0.01764706 -448
26 368.65866 1061.4471 0.01764706 -464
27 368.65866 1061.4471 0.01764706 -481
28 368.65866 1061.4471 0.01764706 -497
29 379.64847 1050.4529 0.021568628 -501
30 449.5837 987.48566 0.015686275 -618
31 467.56708 974.49243 0.015686275 -618
32 459.57446 983.48773 0.021568628 -643
33 456.57724 1019.469 0.015686275 -709
34 462.5717 1019.469 0.015686275 -709
35 462.5717 1019.469 0.015686275 -717
36 342.6827 1210.3696 0.015686275 -759
37 361.66513 1196.3768 0.021568628 -759
38 427.60406 1205.3722 0.01764706 -825
39 445.20654 1222.3562 0.01764706 -825
40 456.44882 1252.9618 0.01764706 -844
41 468.33853 1338.4108 0.01764706 -861
42 469.56522 1379.4022 0.01764706 -894
43 468.9571 1419.0873 0.01764706 -910
44 469.56522 1458.4424 0.015686275 -927
45 468.56613 1493.7306 0.015686275 -943
46 466.1163 1524.9873 0.015686275 -960
47 464.56985 1553.8441 0.015686275 -976
48 461.5616 1571.72 0.015686275 -993
49 458.06818 1585.7279 0.015686275 -1009
50 455.00473 1596.7916 0.015686275 -1026
51 450.51926 1604.7596 0.01764706 -1042
52 448.0342 1610.2632 0.01764706 -1059
53 446.05746 1614.2183 0.01764706 -1075
54 444.03046 1616.7163 0.01764706 -1092
55 442.02203 1618.7256 0.01764706 -1108
56 440.01935 1620.729 0.01764706 -1125
57 439.59296 1621.1556 0.015686275 -1141
58 439.59296 1621.1556 0.019607844 -1157
0 778.27936 449.76575 0.01764706 -19
1 778.27936 449.76575 0.019607844 -19
2 778.27936 449.76575 0.019607844 -30
3 778.27936 449.76575 0.019607844 -53
4 778.27936 449.76575 0.019607844 -69
5 777.2803 449.76575 0.019607844 -77
6 765.2914 451.7647 0.01764706 -118
7 757.2988 453.76364 0.019607844 -118
8 752.3034 453.76364 0.019607844 -134
9 725.3284 457.76157 0.019607844 -175
10 715.127 458.8955 0.019607844 -175
11 715.127 458.8955 0.019607844 -185
12 664.3848 460.76 0.019607844 -225
13 652.39594 460.76 0.019607844 -225
14 602.4422 459.76053 0.019607844 -266
15 589.4542 458.76105 0.019607844 -266
16 552.48846 454.76312 0.019607844 -300
17 540.4995 453.76364 0.019607844 -300
18 527.5116 452.76416 0.019607844 -308
19 495.54117 448.76627 0.019607844 -341
20 485.65634 447.6675 0.019607844 -341
21 457.6002 443.93942 0.019607844 -351
22 440.41806 440.04608 0.019607844 -383
23 431.96112 438.77145 0.019607844 -416
24 427.12704 438.29425 0.019607844 -449
25 425.1806 437.77197 0.019607844 -482
26 423.26752 437.77197 0.019607844 -498
27 419.42178 437.77197 0.019607844 -515
28 416.61426 437.77197 0.019607844 -548
29 415.61517 437.77197 0.019607844 -572
30 409.62073 459.76053 0.019607844 -647
31 409.62073 470.7548 0.019607844 -647
32 443.58926 701.6345 0.019607844 -737
33 448.58466 731.61896 0.019607844 -737
34 461.57263 843.5606 0.019607844 -778
35 461.57263 867.54816 0.019607844 -778
36 460.57355 937.5117 0.019607844 -811
37 460.57355 959.50024 0.01764706 -811
38 460.57355 999.47943 0.019607844 -835
39 458.46213 1045.9292 0.019607844 -835
40 454.4668 1079.2246 0.019607844 -862
41 450.42227 1093.9122 0.019607844 -895
42 448.58466 1097.5941 0.019607844 -928
43 448.58466 1101.6016 0.019607844 -944
44 448.58466 1103.4253 0.019607844 -977
45 448.58466 1103.4253 0.019607844 -1010
46 447.58557 1105.4242 0.01764706 -1038
47 446.5865 1105.4242 0.01764706 -1067
0 896.1702 679.646 0.01764706 -17
1 896.1702 679.646 0.01764706 -58
2 888.3629 676.043 0.015686275 -88
3 868.9165 673.03815 0.01764706 -121
4 851.36646 671.00104 0.01764706 -155
5 831.4661 668.0371 0.01764706 -171
6 808.252 666.06976 0.01764706 -188
7 781.92786 662.5245 0.01764706 -204
8 755.1866 659.10944 0.01764706 -221
9 728.19745 655.71564 0.01764706 -238
10 701.3918 652.66003 0.01764706 -254
11 679.371 652.66003 0.01764706 -271
12 666.383 652.66003 0.01764706 -284
13 641.4061 651.6606 0.01764706 -309
14 623.43463 650.2456 0.01764706 -309
15 616.42926 649.6616 0.01764706 -321
16 605.4394 649.6616 0.01764706 -326
17 577.46533 647.66266 0.01764706 -359
18 553.9898 646.4138 0.01764706 -359
19 543.02075 646.6632 0.01764706 -387
20 535.5957 646.6632 0.01764706 -404
21 526.5125 646.6632 0.01764706 -420
22 523.51526 646.6632 0.01764706 -444
23 503.53375 658.6569 0.01764706 -585
24 501.85287 663.36066 0.01764706 -585
25 497.26102 684.3148 0.01764706 -596
26 493.11322 703.99945 0.01764706 -629
27 488.00082 724.6294 0.01764706 -646
28 483.1001 746.4217 0.01764706 -662
29 477.2877 768.6813 0.01764706 -679
30 474.5606 782.5924 0.01764706 -695
31 472.56244 796.5851 0.01764706 -703
32 468.56613 854.5549 0.01764706 -736
33 468.56613 876.54346 0.01764706 -736
34 470.5643 918.5216 0.01764706 -761
35 471.56335 941.5096 0.01764706 -761
36 472.56244 966.4966 0.01764706 -778
37 475.55966 989.4846 0.01764706 -778
38 479.55597 1110.4216 0.01764706 -826
39 480.55505 1135.4086 0.01764706 -826
40 483.55228 1177.3867 0.01764706 -851
41 483.55228 1198.3759 0.01764706 -851
42 483.55228 1232.3582 0.01764706 -875
43 484.55133 1246.3508 0.01764706 -875
44 482.5532 1271.3378 0.01764706 -900
45 479.22894 1298.6149 0.01764706 -900
46 475.33862 1313.9792 0.01764706 -927
47 472.56244 1321.5936 0.01764706 -960
48 472.56244 1325.563 0.01764706 -993
49 472.56244 1327.3087 0.01764706 -1026
50 472.56244 1328.3081 0.01764706 -1059
51 471.23703 1328.3081 0.01764706 -1077
52 471.23703 1328.3081 0.01764706 -1109
0 768.28864 421.7803 0.01764706 -7
1 768.28864 421.7803 0.01764706 -7
2 768.28864 421.7803 0.01764706 -32
3 768.28864 421.7803 0.01764706 -49
4 765.24036 421.7803 0.01764706 -67
5 759.13654 421.7803 0.01764706 -84
6 749.2051 421.7803 0.01764706 -100
7 749.2051 421.7803 0.01764706 -117
8 723.33026 421.7803 0.01764706 -141
9 661.8852 414.9836 0.01764706 -141
10 634.9139 411.01697 0.019607844 -183
11 605.30444 407.03665 0.019607844 -199
12 603.4413 406.78812 0.019607844 -216
13 588.45514 405.78864 0.019607844 -217
14 547.49304 399.79178 0.019607844 -250
15 533.50604 398.7923 0.019607844 -250
16 519.519 396.79333 0.019607844 -258
17 480.55505 394.79437 0.019607844 -291
18 450.5828 391.79593 0.019607844 -291
19 442.5902 390.79645 0.019607844 -316
20 428.60315 388.7975 0.019607844 -341
21 408.54727 387.798 0.019607844 -341
22 400.3042 387.798 0.019607844 -381
23 396.0806 387.798 0.019607844 -414
24 392.18732 387.798 0.019607844 -447
25 388.34598 387.798 0.019607844 -480
26 386.37704 387.798 0.019607844 -513
27 384.3667 387.798 0.019607844 -530
28 382.45566 389.9871 0.019607844 -546
29 380.51303 394.06406 0.019607844 -563
30 376.48517 400.04102 0.019607844 -579
31 369.72064 416.62555 0.019607844 -596
32 365.74936 430.4678 0.019607844 -629
33 362.759 446.91327 0.019607844 -645
34 360.80576 468.93774 0.019607844 -662
35 360.66605 499.70758 0.019607844 -678
36 366.84378 580.70953 0.019607844 -695
37 382.5083 675.10754 0.01764706 -728
38 388.90195 722.72 0.019607844 -761
39 394.18405 769.9619 0.019607844 -777
40 396.41452 814.9882 0.019607844 -794
41 398.4419 860.5794 0.01764706 -810
42 398.6309 942.3968 0.019607844 -827
43 398.6309 946.507 0.019607844 -860
44 398.6309 966.4966 0.01764706 -862
45 398.6309 1003.47736 0.019607844 -885
46 398.6309 1019.469 0.01764706 -885
47 398.6309 1035.4607 0.01764706 -893
48 396.63275 1062.4467 0.019607844 -918
49 387.65195 1121.3833 0.019607844 -918
50 384.64386 1129.4565 0.019607844 -992
51 383.64478 1133.5308 0.01764706 -1025
52 383.64478 1133.4097 0.015686275 -1058
53 383.64478 1133.4097 0.015686275 -1065
0 875.18964 934.51324 0.015686275 -15
1 875.18964 934.51324 0.015686275 -15
2 875.18964 934.51324 0.015686275 -41
3 875.18964 934.51324 0.015686275 -58
4 849.2137 943.50854 0.015686275 -98
5 849.2137 943.50854 0.015686275 -98
6 849.2137 943.50854 0.01764706 -107
7 844.8828 943.50854 0.015686275 -124
8 838.7681 943.50854 0.015686275 -140
9 826.31836 943.50854 0.015686275 -157
10 810.4401 946.6226 0.01764706 -173
11 794.47345 946.507 0.015686275 -190
12 771.2455 948.6793 0.01764706 -206
13 750.762 951.55865 0.01764706 -223
14 705.0706 953.5246 0.01764706 -239
15 683.3506 955.50385 0.015686275 -272
16 655.58203 957.4761 0.015686275 -289
17 632.8782 958.50073 0.01764706 -305
18 611.142 957.56024 0.015686275 -322
19 588.55426 958.4092 0.015686275 -338
20 569.5228 959.50024 0.01764706 -355
21 539.99133 956.8575 0.015686275 -372
22 527.7864 955.5023 0.015686275 -405
23 519.01794 955.20276 0.015686275 -421
24 502.9244 958.50073 0.01764706 -438
25 498.37766 958.50073 0.01764706 -471
26 495.04126 958.50073 0.01764706 -487
27 493.09842 958.50073 0.01764706 -504
28 491.17532 958.50073 0.01764706 -520
29 489.24478 958.50073 0.01764706 -537
30 487.15512 958.50073 0.01764706 -553
31 485.33124 958.50073 0.01764706 -570
32 485.5504 958.50073 0.01764706 -586
33 485.5504 959.50024 0.01764706 -603
34 485.5504 961.583 0.01764706 -619
35 485.5504 965.60266 0.01764706 -636
36 485.5504 971.5813 0.01764706 -652
37 484.55252 980.48224 0.01764706 -669
38 482.5869 995.17786 0.01764706 -685
39 481.608 1011.9875 0.01764706 -702
40 480.55505 1031.6632 0.01764706 -718
41 479.64032 1054.4379 0.01764706 -735
42 478.5569 1118.0885 0.01764706 -751
43 478.5569 1153.0297 0.01764706 -784
44 477.66992 1189.3612 0.01764706 -801
45 476.69064 1226.8527 0.01764706 -817
46 472.9057 1301.8861 0.01764706 -834
47 472.56244 1341.213 0.01764706 -867
48 471.56335 1378.4818 0.01764706 -883
49 467.7155 1410.0027 0.015686275 -900
50 465.67603 1441.6058 0.015686275 -916
51 460.62814 1468.9982 0.015686275 -933
52 456.57864 1494.2125 0.015686275 -949
53 452.5015 1516.5282 0.01764706 -966
54 445.39563 1538.8385 0.01764706 -983
55 441.41476 1554.8079 0.01764706 -999
56 438.46896 1565.8098 0.01764706 -1016
57 436.45407 1572.6063 0.01764706 -1032
58 434.44595 1578.633 0.01764706 -1049
59 433.5985 1582.4742 0.01764706 -1065
60 432.4265 1584.3479 0.01764706 -1082
61 432.59946 1586.3687 0.01764706 -1098
62 432.59946 1587.1733 0.015686275 -1115
63 432.59946 1587.1733 0.015686275 -1131
0 887.1785 952.5039 0.01764706 -7
1 887.1785 952.5039 0.01764706 -7
2 887.1785 952.5039 0.01764706 -25
3 887.1785 952.5039 0.01764706 -42
4 887.1785 952.5039 0.015686275 -58
5 887.1785 952.5039 0.015686275 -75
6 882.74927 951.5044 0.015686275 -91
7 876.5821 950.303 0.015686275 -108
8 867.2141 950.7014 0.01764706 -124
9 847.57184 950.50494 0.015686275 -141
10 832.89764 950.50494 0.015686275 -174
11 817.9977 951.6599 0.01764706 -190
12 801.90497 953.6723 0.015686275 -207
13 784.7716 954.50287 0.015686275 -223
14 764.8092 956.7712 0.01764706 -240
15 743.67584 958.50073 0.015686275 -256
16 721.817 958.50073 0.015686275 -273
17 696.245 959.50024 0.01764706 -289
18 649.7499 959.5501 0.01764706 -306
19 628.341 959.50024 0.015686275 -339
20 586.7335 957.5013 0.015686275 -356
21 552.4192 956.69476 0.015686275 -389
22 526.8877 954.77783 0.015686275 -422
23 516.9752 955.2117 0.01764706 -455
24 509.60236 955.5023 0.01764706 -471
25 504.40036 955.5023 0.01764706 -488
26 500.57813 955.5023 0.01764706 -504
27 497.1228 955.5023 0.01764706 -521
28 495.1947 955.5023 0.01764706 -537
29 491.2421 955.5023 0.01764706 -554
30 487.48038 956.57 0.01764706 -587
31 485.44302 958.60815 0.01764706 -620
32 484.55133 961.5941 0.01764706 -636
33 484.55133 967.51514 0.01764706 -653
34 484.55133 975.3645 0.01764706 -669
35 482.58627 987.2872 0.01764706 -686
36 480.6295 1003.8065 0.01764706 -702
37 478.65802 1030.8436 0.01764706 -719
38 477.6899 1070.5339 0.01764706 -735
39 477.55783 1112.475 0.01764706 -752
40 477.55783 1155.1694 0.01764706 -768
41 476.76013 1231.7303 0.01764706 -785
42 476.55875 1268.1371 0.01764706 -818
43 474.78372 1330.957 0.01764706 -834
44 473.72098 1359.2173 0.01764706 -867
45 472.56244 1387.0768 0.01764706 -884
46 471.56335 1411.4606 0.015686275 -900
47 468.7048 1430.0061 0.015686275 -917
48 467.56708 1447.1263 0.015686275 -934
49 463.71893 1465.7917 0.015686275 -950
50 461.66992 1471.9412 0.015686275 -983
51 459.6908 1477.881 0.015686275 -1000
52 458.5754 1482.0137 0.015686275 -1016
53 458.5754 1486.0427 0.015686275 -1033
54 458.5754 1489.1359 0.015686275 -1049
55 458.5754 1491.1357 0.015686275 -1066
56 458.5754 1493.131 0.015686275 -1082
57 458.5754 1495.1309 0.015686275 -1099
58 458.5754 1495.2212 0.015686275 -1115
59 458.5754 1496.1608 0.015686275 -1132
60 458.5754 1497.2202 0.015686275 -1148
61 458.5754 1499.2191 0.013725491 -1157
0 719.334 1041.4575 0.01764706 0
1 719.334 1041.4575 0.01764706 -4
2 718.19574 1041.4575 0.015686275 -39
3 701.7801 1044.4559 0.015686275 -72
4 684.01215 1044.4559 0.01764706 -105
5 649.9683 1048.4539 0.015686275 -138
6 634.8241 1048.4539 0.01764706 -171
7 614.9432 1051.5742 0.015686275 -188
8 591.38464 1052.4579 0.015686275 -204
9 574.46625 1052.4518 0.01764706 -221
10 554.6975 1056.3922 0.015686275 -237
11 512.86896 1058.4487 0.01764706 -254
12 466.21686 1062.4467 0.015686275 -287
13 449.0491 1062.4467 0.01764706 -320
14 428.60532 1065.245 0.015686275 -337
15 409.71436 1063.6786 0.015686275 -353
16 396.27972 1061.7214 0.015686275 -370
17 386.9552 1059.7764 0.01764706 -386
18 371.95313 1058.4487 0.01764706 -403
19 363.41592 1060.0098 0.015686275 -436
20 356.0959 1061.9717 0.015686275 -452
21 350.68024 1062.4467 0.015686275 -469
22 346.7967 1062.4467 0.015686275 -485
23 341.4117 1062.4467 0.015686275 -502
24 339.32132 1062.4467 0.01764706 -535
25 337.45767 1062.4467 0.01764706 -551
26 335.5284 1062.4467 0.01764706 -568
27 333.5998 1062.4467 0.01764706 -584
28 331.66632 1062.4467 0.01764706 -601
29 330.69382 1062.4467 0.01764706 -617
30 330.69382 1064.3798 0.015686275 -634
31 330.69382 1066.3174 0.015686275 -650
32 330.69382 1069.098 0.01764706 -667
33 330.69382 1073.0372 0.01764706 -683
34 330.69382 1077.7384 0.01764706 -700
35 329.69473 1089.7139 0.015686275 -716
36 329.69473 1101.4862 0.015686275 -733
37 329.69473 1111.5486 0.015686275 -749
38 328.4961 1124.8131 0.015686275 -766
39 322.71732 1160.8066 0.015686275 -782
40 318.62564 1187.9366 0.015686275 -815
41 316.17316 1220.9774 0.015686275 -832
42 315.18164 1258.2958 0.015686275 -848
43 315.22726 1297.745 0.015686275 -865
44 319.61725 1379.9567 0.015686275 -881
45 317.2269 1454.3506 0.015686275 -914
46 315.67444 1487.9414 0.015686275 -947
47 312.69336 1516.3298 0.015686275 -964
48 309.15848 1542.8596 0.015686275 -981
49 305.71692 1587.604 0.015686275 -997
50 303.1786 1614.8624 0.01764706 -1030
51 302.7197 1622.9722 0.01764706 -1063
52 302.7197 1628.3956 0.01764706 -1080
53 302.7197 1632.393 0.01764706 -1096
54 302.7197 1634.783 0.01764706 -1113
55 302.07422 1636.7936 0.01764706 -1129
56 301.72064 1638.7944 0.01764706 -1146
57 301.72064 1639.8167 0.01764706 -1162
58 301.72064 1640.1458 0.01764706 -1179
59 301.72064 1640.1458 0.01764706 -1195
60 301.72064 1640.1458 0.01764706 -1212
61 301.72064 1640.1458 0.01764706 -1228
62 301.72064 1640.1458 0.015686275 -1239
0 886.17944 962.49866 0.01764706 -16
1 886.17944 962.49866 0.015686275 -16
2 885.0182 961.3369 0.01764706 -75
3 883.04407 959.362 0.015686275 -91
4 878.9336 957.37506 0.015686275 -108
5 874.9791 956.5018 0.01764706 -124
6 868.94464 956.5018 0.01764706 -141
7 864.00415 956.5018 0.01764706 -157
8 858.11487 954.47266 0.01764706 -174
9 852.10834 952.46967 0.01764706 -190
10 846.142 951.47955 0.015686275 -207
11 838.2354 950.50494 0.015686275 -224
12 830.3026 950.50494 0.015686275 -240
13 819.40485 951.4772 0.01764706 -257
14 809.53033 951.5044 0.01764706 -273
15 800.5814 951.5044 0.01764706 -290
16 792.5784 951.5044 0.015686275 -306
17 771.06726 951.5044 0.015686275 -323
18 759.2113 952.5039 0.01764706 -356
19 747.19324 952.5039 0.01764706 -372
20 723.005 952.5039 0.015686275 -389
21 695.01996 954.50287 0.01764706 -422
22 683.0536 954.50287 0.01764706 -455
23 670.76447 953.8014 0.015686275 -471
24 658.41693 951.842 0.015686275 -488
25 645.6882 952.5039 0.01764706 -504
26 621.74365 953.50336 0.01764706 -521
27 605.24664 951.5044 0.015686275 -554
28 595.2897 951.5044 0.015686275 -587
29 587.8845 950.11237 0.015686275 -603
30 578.6619 951.8646 0.01764706 -620
31 572.57886 951.5044 0.01764706 -636
32 560.6751 951.5044 0.01764706 -653
33 553.25305 951.5044 0.01764706 -686
34 547.542 951.5044 0.01764706 -719
35 545.5198 951.5044 0.01764706 -752
36 543.57965 951.5044 0.01764706 -768
37 541.67035 951.5044 0.01764706 -785
38 539.72876 951.5044 0.01764706 -801
39 537.8067 951.5044 0.01764706 -818
40 533.9881 951.5044 0.01764706 -835
41 530.24884 951.5044 0.01764706 -868
42 529.5097 951.5044 0.01764706 -901
43 529.5097 951.5044 0.01764706 -917
44 528.0339 951.5044 0.01764706 -950
45 527.4149 951.5044 0.01764706 -974
46 527.5116 951.5044 0.01764706 -1033
47 527.5116 951.5044 0.01764706 -1052
48 527.5116 951.5044 0.01764706 -1082
49 527.5116 951.5044 0.01764706 -1099
50 527.5116 951.5044 0.01764706 -1115
51 527.5116 951.5044 0.01764706 -1126
52 524.36725 951.5044 0.01764706 -1297
53 522.4099 951.5044 0.015686275 -1330
54 518.57263 951.5044 0.015686275 -1346
55 513.82477 951.5044 0.015686275 -1379
56 506.99496 952.2718 0.01764706 -1412
57 502.9956 954.2723 0.01764706 -1446
58 499.11603 956.2128 0.01764706 -1462
59 495.23215 957.1561 0.01764706 -1479
60 491.33643 958.1053 0.01764706 -1495
61 486.91727 958.50073 0.01764706 -1512
62 481.2507 958.50073 0.015686275 -1528
63 471.03693 958.50073 0.015686275 -1545
64 466.81863 958.50073 0.015686275 -1578
65 464.37543 958.50073 0.015686275 -1594
66 460.5342 958.50073 0.015686275 -1611
67 458.5679 958.50073 0.01764706 -1644
68 456.63333 958.50073 0.01764706 -1660
69 454.7296 958.50073 0.01764706 -1677
70 452.7988 958.50073 0.01764706 -1693
71 451.58188 958.50073 0.01764706 -1710
72 451.58188 958.50073 0.01764706 -1726
73 451.58188 958.50073 0.01764706 -1743
74 451.58188 958.9691 0.01764706 -1759
75 451.58188 960.88745 0.01764706 -1776
76 451.58188 962.8228 0.015686275 -1792
77 449.2329 970.5479 0.015686275 -1809
78 448.58466 979.4227 0.015686275 -1825
79 448.58466 998.26276 0.015686275 -1842
80 447.49725 1015.44366 0.015686275 -1875
81 445.52713 1031.9456 0.015686275 -1891
82 444.58835 1046.6578 0.015686275 -1908
83 439.6668 1094.3951 0.015686275 -1924
84 437.59482 1158.7666 0.015686275 -1957
85 441.37686 1223.7543 0.015686275 -1990
86 447.1124 1300.3231 0.015686275 -2023
87 448.45035 1341.7467 0.015686275 -2057
88 449.72003 1381.5516 0.015686275 -2073
89 449.5837 1413.4994 0.015686275 -2090
90 449.6905 1443.6448 0.015686275 -2106
91 449.5837 1465.9617 0.01764706 -2123
92 449.5837 1480.5721 0.01764706 -2139
93 448.6874 1492.5028 0.01764706 -2156
94 446.67245 1501.8735 0.01764706 -2172
95 444.66647 1508.9794 0.01764706 -2189
96 444.58835 1512.2124 0.01764706 -2205
97 444.58835 1516.1068 0.01764706 -2222
98 444.58835 1518.2092 0.01764706 -2238
99 444.58835 1518.2092 0.01764706 -2255
100 444.58835 1518.2092 0.01764706 -2271
101 444.58835 1518.2092 0.01764706 -2288
102 444.58835 1518.2092 0.01764706 -2304
103 444.58835 1519.2424 0.01764706 -2321
104 444.58835 1520.2458 0.01764706 -2337
105 444.58835 1522.2728 0.01764706 -2354
106 444.58835 1522.2072 0.01764706 -2387
107 444.58835 1522.2072 0.015686275 -2399
108 444.58835 1522.2072 0.015686275 -2419
109 444.58835 1522.2072 0.015686275 -2427
0 879.1859 977.49084 0.01764706 -8
1 879.1859 977.49084 0.01764706 -8
2 879.1859 977.49084 0.015686275 -26
3 879.1859 977.49084 0.015686275 -76
4 879.1859 977.49084 0.015686275 -92
5 875.33075 977.49084 0.01764706 -109
6 869.3996 977.49084 0.01764706 -126
7 861.1936 977.49084 0.01764706 -142
8 853.1699 977.49084 0.015686275 -159
9 840.6827 973.97974 0.015686275 -175
10 822.9971 976.74023 0.01764706 -192
11 807.39136 976.4914 0.01764706 -208
12 790.4838 974.26953 0.015686275 -225
13 768.0289 976.6968 0.01764706 -241
14 749.59393 977.68097 0.01764706 -258
15 729.4911 975.3086 0.015686275 -274
16 707.4877 977.6596 0.01764706 -291
17 663.7588 977.49084 0.015686275 -307
18 641.4747 978.49036 0.01764706 -340
19 622.18384 976.4434 0.015686275 -357
20 603.34717 972.47253 0.015686275 -373
21 569.34863 973.4929 0.01764706 -390
22 553.2366 972.49347 0.01764706 -423
23 541.3923 971.6429 0.015686275 -439
24 527.362 973.2618 0.01764706 -456
25 515.04584 975.1875 0.01764706 -472
26 499.00943 978.49036 0.01764706 -489
27 492.18707 978.49036 0.01764706 -522
28 486.38794 978.49036 0.01764706 -538
29 479.2587 978.49036 0.01764706 -555
30 477.40976 978.49036 0.01764706 -588
31 475.5095 978.49036 0.01764706 -604
32 473.5949 978.49036 0.01764706 -621
33 471.68317 978.49036 0.01764706 -637
34 469.8047 978.49036 0.01764706 -654
35 467.88397 978.49036 0.01764706 -670
36 467.56708 978.49036 0.01764706 -687
37 467.56708 978.49036 0.01764706 -703
38 467.56708 978.49036 0.01764706 -720
39 467.56708 980.85675 0.01764706 -737
40 467.56708 985.84045 0.01764706 -753
41 467.56708 989.8397 0.01764706 -786
42 467.4525 995.8254 0.01764706 -803
43 465.5689 1009.34906 0.01764706 -819
44 465.5689 1018.2915 0.01764706 -852
45 465.5689 1038.1072 0.01764706 -869
46 462.85242 1063.4791 0.01764706 -902
47 461.79074 1077.9103 0.015686275 -935
48 460.04526 1094.3094 0.015686275 -951
49 457.83353 1112.8461 0.01764706 -968
50 456.0777 1162.3945 0.01764706 -984
51 458.5754 1230.207 0.01764706 -1016
52 460.20123 1268.377 0.015686275 -1050
53 461.57263 1298.3944 0.01764706 -1067
54 461.57263 1324.4417 0.01764706 -1083
55 463.2025 1353.1348 0.01764706 -1100
56 462.5717 1375.7936 0.01764706 -1116
57 462.5717 1397.9287 0.015686275 -1133
58 459.92502 1418.1036 0.01764706 -1149
59 458.5754 1452.1298 0.015686275 -1166
60 453.92944 1479.4806 0.01764706 -1199
61 453.58002 1488.0336 0.01764706 -1232
62 453.58002 1494.3687 0.01764706 -1248
63 452.58093 1498.661 0.01764706 -1265
64 452.58093 1502.6854 0.01764706 -1281
65 452.58093 1504.9562 0.01764706 -1298
66 452.58093 1508.9418 0.01764706 -1314
67 452.58093 1512.9376 0.01764706 -1348
68 452.58093 1516.956 0.01764706 -1381
69 452.58093 1521.7474 0.01764706 -1414
70 452.58093 1524.0177 0.015686275 -1447
71 451.58188 1528.0204 0.01764706 -1463
72 450.5828 1532.0334 0.01764706 -1480
73 447.58557 1539.9899 0.01764706 -1496
74 445.58743 1544.9939 0.01764706 -1529
75 445.58743 1546.1947 0.01764706 -1562
76 445.58743 1546.1947 0.01764706 -1579
77 445.58743 1546.1947 0.015686275 -1595
78 445.58743 1546.1947 0.015686275 -1605
0 859.20447 960.4997 0.015686275 -27
1 859.20447 960.4997 0.01764706 -27
2 859.20447 960.4997 0.015686275 -46
3 857.0696 960.4997 0.01764706 -128
4 851.65784 960.4997 0.015686275 -178
5 843.3397 960.4997 0.015686275 -194
6 828.94165 961.66046 0.01764706 -211
7 795.2193 962.49866 0.015686275 -227
8 754.4376 965.5835 0.01764706 -260
9 710.04535 966.6262 0.01764706 -293
10 690.12415 966.4966 0.01764706 -327
11 669.4435 964.404 0.015686275 -343
12 647.4865 964.4976 0.01764706 -360
13 628.6369 964.4976 0.01764706 -376
14 608.74835 962.42224 0.015686275 -393
15 592.00024 960.4997 0.01764706 -409
16 564.6506 960.4997 0.01764706 -426
17 555.7942 960.4997 0.01764706 -459
18 545.02295 960.4997 0.015686275 -475
19 535.2738 960.4997 0.015686275 -492
20 524.50885 960.4997 0.01764706 -508
21 514.699 962.2637 0.01764706 -525
22 500.6164 962.49866 0.01764706 -541
23 492.54382 962.49866 0.01764706 -574
24 488.207 962.49866 0.01764706 -607
25 486.26462 962.49866 0.01764706 -640
26 484.31775 962.49866 0.01764706 -657
27 482.37576 962.49866 0.01764706 -673
28 480.5096 962.49866 0.019607844 -690
29 478.59644 962.49866 0.01764706 -706
30 476.7 962.49866 0.019607844 -723
31 476.55875 962.49866 0.01764706 -739
32 476.55875 962.49866 0.01764706 -756
33 476.55875 962.49866 0.01764706 -772
34 476.55875 963.05066 0.01764706 -789
35 476.55875 964.98755 0.01764706 -805
36 476.55875 966.9206 0.01764706 -822
37 476.55875 967.4961 0.01764706 -838
38 476.55875 969.79095 0.01764706 -855
39 476.55875 971.8008 0.01764706 -871
40 476.55875 973.7098 0.01764706 -888
41 476.55875 977.74066 0.01764706 -904
42 476.55875 980.7091 0.01764706 -921
43 476.55875 991.2232 0.01764706 -938
44 476.55875 997.2337 0.01764706 -971
45 476.55875 1004.8467 0.01764706 -987
46 476.55875 1014.2502 0.01764706 -1004
47 476.55875 1040.7631 0.01764706 -1020
48 476.55875 1060.5345 0.01764706 -1053
49 475.91647 1087.7904 0.01764706 -1070
50 475.55966 1118.7617 0.01764706 -1086
51 475.55966 1155.0573 0.01764706 -1103
52 477.12793 1194.3417 0.01764706 -1119
53 479.1181 1235.1528 0.01764706 -1136
54 481.12076 1277.6592 0.01764706 -1152
55 483.11307 1319.081 0.01764706 -1169
56 484.55133 1395.2491 0.01764706 -1185
57 482.5532 1455.2942 0.01764706 -1218
58 480.95322 1479.8455 0.01764706 -1251
59 478.94534 1501.3298 0.01764706 -1268
60 476.9377 1520.1737 0.01764706 -1284
61 476.55875 1534.1147 0.01764706 -1301
62 475.8943 1544.8556 0.01764706 -1317
63 475.55966 1552.248 0.01764706 -1334
64 475.55966 1561.4824 0.01764706 -1350
65 474.5606 1565.8289 0.01764706 -1383
66 474.5606 1567.8813 0.01764706 -1416
67 474.5606 1569.1827 0.01764706 -1433
68 474.5606 1570.1821 0.01764706 -1449
69 474.5606 1570.1821 0.01764706 -1482
70 474.5606 1570.1821 0.01764706 -1515
71 473.56152 1570.1821 0.015686275 -1549
72 473.56152 1570.1821 0.015686275 -1559
