0 565.47644 1079.4377 0.01764706 -34
1 555.4265 1079.4377 0.019607844 -34
2 500.35272 1079.4377 0.019607844 -67
3 432.72882 1076.1831 0.021568628 -116
4 371.43573 1076.9899 0.023529414 -149
5 312.3147 1081.2633 0.023529414 -182
6 270.11002 1085.4928 0.023529414 -215
7 248.47061 1087.4336 0.023529414 -248
8 240.52051 1087.4336 0.023529414 -281
9 236.93834 1087.4336 0.023529414 -315
10 233.7817 1087.4336 0.023529414 -348
11 230.37944 1092.6527 0.023529414 -381
12 231.41628 1123.1342 0.023529414 -414
13 245.54129 1250.2087 0.021568628 -447
14 254.68596 1461.8749 0.023529414 -480
15 255.76318 1585.9231 0.023529414 -513
16 245.77643 1730.059 0.023529414 -546
17 237.67242 1790.766 0.023529414 -579
18 232.10675 1814.0901 0.023529414 -612
19 228.57289 1819.2678 0.023529414 -646
20 228.78816 1820.052 0.023529414 -679
21 227.7891 1820.052 0.023529414 -712
22 224.60747 1820.052 0.023529414 -728
23 220.83945 1820.052 0.023529414 -761
24 218.79741 1820.052 0.023529414 -795
25 219.90584 1818.9431 0.01764706 -827
26 219.90584 1818.9431 0.01764706 -861
0 633.4135 1081.4368 0.01764706 -8
1 630.3562 1081.4368 0.01764706 -18
2 601.6458 1085.5796 0.019607844 -42
3 540.18945 1095.399 0.021568628 -75
4 481.95435 1102.7308 0.023529414 -108
5 413.61813 1112.736 0.023529414 -141
6 386.99454 1117.7473 0.023529414 -174
7 358.47287 1119.8593 0.023529414 -191
8 301.32443 1119.9921 0.021568628 -208
9 270.74326 1115.0181 0.021568628 -257
10 260.65784 1113.42 0.023529414 -307
11 253.77208 1114.416 0.023529414 -340
12 250.29742 1118.3593 0.023529414 -373
13 246.83018 1128.2361 0.023529414 -390
14 242.7752 1179.7197 0.023529414 -406
15 242.7752 1324.9984 0.023529414 -439
16 239.467 1400.6516 0.021568628 -472
17 236.83281 1467.2458 0.023529414 -489
18 224.58934 1599.3921 0.023529414 -505
19 211.7938 1657.1807 0.023529414 -539
20 201.30865 1690.6343 0.023529414 -572
21 196.4688 1705.1598 0.023529414 -605
22 193.82054 1711.1628 0.023529414 -638
23 193.82054 1714.1072 0.023529414 -671
24 193.82054 1714.1072 0.021568628 -704
25 194.7969 1714.1072 0.019607844 -737
26 194.81961 1714.1072 0.019607844 -787
27 195.8187 1713.1077 0.01764706 -787
0 598.44586 1037.4596 0.01764706 -69
1 596.9866 1037.4596 0.01764706 -69
2 576.3551 1037.4596 0.019607844 -84
3 519.6337 1039.8788 0.019607844 -117
4 446.81363 1041.4575 0.019607844 -151
5 367.6921 1037.8322 0.019607844 -184
6 308.14883 1031.1208 0.021568628 -217
7 273.65186 1030.4633 0.021568628 -250
8 256.75894 1030.4633 0.023529414 -283
9 248.89316 1030.4633 0.023529414 -316
10 243.78372 1030.4633 0.023529414 -349
11 238.32834 1036.1368 0.023529414 -382
12 231.3953 1071.432 0.023529414 -415
13 225.59657 1164.3118 0.023529414 -448
14 213.91121 1312.0205 0.023529414 -482
15 198.74251 1435.7813 0.023529414 -515
16 177.67624 1594.8977 0.023529414 -548
17 169.56122 1651.9712 0.023529414 -597
18 166.47389 1671.989 0.023529414 -631
19 163.8483 1696.4586 0.023529414 -647
20 163.8483 1710.371 0.023529414 -680
21 163.8483 1716.2246 0.023529414 -713
22 163.8483 1718.2994 0.023529414 -730
23 163.8483 1721.1035 0.023529414 -746
24 163.8483 1721.1035 0.023529414 -780
25 165.84644 1721.1035 0.019607844 -803
26 167.84459 1720.1041 0.01764706 -825
0 634.4126 1027.4648 0.01764706 -78
1 623.5794 1027.4648 0.01764706 -78
2 581.8389 1026.4653 0.019607844 -118
3 505.46265 1025.748 0.019607844 -151
4 441.54855 1023.4669 0.019607844 -184
5 382.2212 1018.77435 0.019607844 -217
6 347.84064 1015.20874 0.019607844 -250
7 328.75168 1013.4721 0.019607844 -283
8 313.41882 1013.4721 0.019607844 -317
9 304.92484 1013.4721 0.021568628 -350
10 297.94342 1013.4721 0.021568628 -383
11 291.23685 1017.9633 0.021568628 -416
12 283.26996 1040.974 0.021568628 -449
13 274.38766 1108.7218 0.021568628 -482
14 274.38766 1108.7218 0.021568628 -515
15 267.75208 1228.3602 0.021568628 -542
16 265.75394 1266.3405 0.021568628 -542
17 423.6078 626.6736 0.01764706 -551
18 423.6078 634.66943 0.019607844 -551
19 423.6078 634.66943 0.019607844 -561
20 545.49493 926.5174 0.019607844 -580
21 546.494 933.5138 0.019607844 -580
22 546.494 933.5138 0.019607844 -589
23 545.15955 1240.361 0.019607844 -589
24 544.49585 1245.2382 0.019607844 -746
25 544.49585 1245.8511 0.019607844 -779
26 544.49585 1244.1385 0.019607844 -812
27 544.49585 1243.3524 0.01764706 -845
28 543.49677 1242.3529 0.01764706 -851
0 614.4311 1028.4644 0.015686275 -103
1 606.75464 1026.6847 0.01764706 -103
2 558.6921 1020.90466 0.01764706 -127
3 478.00873 1012.4228 0.019607844 -160
4 392.73947 1014.02167 0.019607844 -194
5 338.77493 1018.45776 0.019607844 -227
6 296.6859 1020.4685 0.019607844 -260
7 280.33252 1019.33307 0.019607844 -293
8 274.19708 1018.9203 0.019607844 -326
9 270.75333 1018.46954 0.019607844 -359
10 269.75024 1020.96826 0.019607844 -392
11 267.75208 1038.0991 0.019607844 -425
12 266.25348 1102.4258 0.021568628 -459
13 262.5953 1210.1162 0.021568628 -491
14 262.5953 1210.1162 0.019607844 -525
15 255.76318 1347.2982 0.019607844 -551
16 252.76596 1387.2775 0.021568628 -551
17 398.6309 771.5981 0.01764706 -560
18 403.62628 802.582 0.019607844 -560
19 403.62628 802.582 0.019607844 -578
20 241.77614 1542.1968 0.019607844 -596
21 230.78632 1698.1155 0.021568628 -596
22 228.78816 1713.1077 0.021568628 -640
23 226.79001 1732.0978 0.021568628 -666
24 221.79463 1753.0869 0.019607844 -666
25 221.79463 1753.0869 0.019607844 -763
0 693.35803 1040.4581 0.015686275 -19
1 693.35803 1040.4581 0.015686275 -19
2 690.0858 1038.8213 0.01764706 -53
3 683.64825 1037.0302 0.01764706 -78
4 659.6251 1033.4879 0.019607844 -94
5 584.6595 1032.4623 0.019607844 -127
6 503.7347 1030.3417 0.019607844 -160
7 414.43655 1030.2815 0.019607844 -194
8 327.2522 1031.4628 0.019607844 -227
9 301.33786 1029.4637 0.019607844 -276
10 291.56885 1027.4648 0.019607844 -309
11 287.1282 1027.4648 0.019607844 -343
12 283.6602 1027.4648 0.019607844 -376
13 280.1421 1041.2457 0.019607844 -409
14 278.7419 1100.2173 0.019607844 -442
15 275.97882 1232.9215 0.019607844 -475
16 272.4476 1363.6958 0.019607844 -508
17 270.6741 1495.764 0.019607844 -541
18 267.97195 1563.9846 0.019607844 -574
19 264.24207 1585.714 0.019607844 -607
20 262.7567 1592.3867 0.019607844 -641
21 262.7567 1594.1697 0.019607844 -674
22 263.7558 1594.1697 0.019607844 -707
23 263.7558 1594.1697 0.01764706 -733
0 667.3821 1021.46796 0.013725491 -19
1 667.3821 1021.46796 0.01764706 -19
2 667.3821 1021.46796 0.01764706 -37
3 664.3848 1019.469 0.01764706 -72
4 627.65875 1015.0386 0.01764706 -72
5 520.7582 1002.90027 0.019607844 -121
6 442.5467 998.4799 0.019607844 -170
7 376.5464 999.6032 0.019607844 -203
8 319.31378 1003.1494 0.019607844 -236
9 283.99893 1005.4763 0.019607844 -269
10 274.96265 1005.4763 0.019607844 -319
11 270.85675 1005.4763 0.021568628 -352
12 267.33667 1006.8913 0.021568628 -385
13 267.33667 1006.8913 0.021568628 -418
14 264.75485 1036.4602 0.021568628 -452
15 264.75485 1057.4492 0.021568628 -452
16 264.75485 1114.4196 0.021568628 -480
17 263.7558 1151.4003 0.021568628 -480
18 263.7558 1183.3837 0.021568628 -489
19 426.605 687.64185 0.01764706 -526
20 426.605 687.64185 0.01764706 -526
21 250.7678 1513.2118 0.021568628 -579
22 248.76965 1533.2014 0.021568628 -579
23 246.77151 1561.1869 0.023529414 -606
24 239.77798 1592.1707 0.019607844 -606
25 241.60583 1592.1707 0.019607844 -716
26 244.77336 1592.1707 0.01764706 -749
27 244.77336 1592.1707 0.01764706 -776
0 771.2858 386.79852 0.019607844 0
1 771.2858 386.79852 0.019607844 -9
2 766.29047 386.79852 0.019607844 -34
3 743.46783 387.798 0.019607844 -76
4 686.5669 391.79593 0.021568628 -110
5 620.1261 394.79437 0.019607844 -143
6 537.08374 397.41397 0.019607844 -176
7 473.5974 396.79333 0.019607844 -209
8 417.93552 389.40128 0.019607844 -242
9 392.1608 384.72025 0.023529414 -276
10 382.6457 381.3014 0.023529414 -309
11 379.64847 379.8022 0.019607844 -341
12 379.64847 379.8022 0.019607844 -375
13 383.03125 391.95355 0.019607844 -408
14 385.6429 400.79126 0.01764706 -442
15 385.6429 400.79126 0.01764706 -450
16 400.62906 520.72876 0.01764706 -477
17 400.62906 525.7262 0.019607844 -477
18 400.62906 525.7262 0.019607844 -487
19 408.62164 626.6736 0.01764706 -504
20 410.6198 676.6476 0.019607844 -504
21 410.6198 676.6476 0.019607844 -522
22 539.5005 994.482 0.019607844 -540
23 531.5079 1056.4497 0.019607844 -540
24 517.5208 1058.4487 0.025490198 -567
25 518.5199 1116.4185 0.019607844 -593
26 521.5171 1166.3925 0.019607844 -593
27 521.5171 1166.3925 0.019607844 -724
28 521.5171 1166.3925 0.019607844 -757
29 520.51807 1166.3925 0.019607844 -770
30 519.519 1166.3925 0.01764706 -823
0 783.2748 369.80737 0.019607844 -9
1 783.2748 369.80737 0.019607844 -9
2 761.9525 369.80737 0.019607844 -84
3 705.97705 375.6853 0.019607844 -117
4 617.89075 377.80322 0.019607844 -150
5 508.50754 375.80426 0.019607844 -183
6 441.61716 372.5935 0.019607844 -217
7 411.5074 372.80582 0.019607844 -250
8 400.48166 372.80582 0.019607844 -283
9 394.97702 372.80582 0.019607844 -316
10 391.5069 372.80582 0.019607844 -349
11 389.87787 374.3273 0.019607844 -382
12 389.63922 374.80478 0.01764706 -415
13 418.6124 419.78134 0.025490198 -417
14 413.61703 423.77927 0.019607844 -445
15 413.61703 423.77927 0.019607844 -445
16 398.6309 518.7298 0.01764706 -472
17 398.6309 535.72095 0.01764706 -472
18 398.6309 535.72095 0.01764706 -490
19 532.50696 861.5513 0.019607844 -508
20 534.50507 882.54034 0.019607844 -508
21 534.50507 915.52313 0.019607844 -526
22 522.5162 979.4898 0.025490198 -552
23 528.5106 1034.4612 0.019607844 -552
24 517.5208 1036.4602 0.025490198 -569
25 529.5097 1088.4331 0.019607844 -569
26 531.5079 1108.4227 0.019607844 -587
27 534.50507 1132.4102 0.019607844 -587
28 521.5171 1126.4133 0.025490198 -604
29 545.49493 1180.3851 0.019607844 -656
30 545.49493 1180.3851 0.019607844 -656
31 545.49493 1180.3851 0.019607844 -725
0 729.3247 976.4914 0.01764706 0
1 723.92206 977.17255 0.019607844 -8
2 692.15027 984.4499 0.019607844 -49
3 629.1034 993.414 0.019607844 -82
4 531.2898 997.48047 0.019607844 -115
5 461.3915 997.48047 0.019607844 -148
6 407.8761 997.48047 0.019607844 -181
7 367.52576 997.48047 0.019607844 -215
8 349.71945 997.48047 0.019607844 -248
9 338.54965 997.48047 0.019607844 -281
10 332.79477 995.4815 0.019607844 -314
11 325.69843 995.4815 0.019607844 -347
12 319.67703 995.4815 0.019607844 -379
13 312.7242 996.9738 0.019607844 -413
14 303.09924 1005.96954 0.021568628 -446
15 287.9173 1053.1698 0.021568628 -479
16 287.9173 1053.1698 0.019607844 -512
17 280.74005 1137.4076 0.019607844 -536
18 281.73914 1226.3612 0.019607844 -536
19 285.73544 1322.3113 0.019607844 -554
20 287.73358 1373.2847 0.019607844 -572
21 288.73267 1470.2343 0.019607844 -572
22 289.73172 1514.2113 0.021568628 -590
23 285.73544 1584.1749 0.021568628 -616
24 281.73914 1611.1608 0.021568628 -616
25 278.7419 1633.1494 0.021568628 -633
26 275.7447 1650.1405 0.021568628 -633
27 270.7493 1677.1265 0.021568628 -660
28 269.75024 1696.1166 0.01764706 -660
29 269.75024 1696.1166 0.01764706 -791
0 719.334 985.4867 0.019607844 -10
1 716.7305 984.6185 0.01764706 -10
2 694.35706 984.48724 0.019607844 -35
3 647.58954 987.46045 0.019607844 -68
4 560.9938 994.8615 0.019607844 -101
5 483.71613 1000.74884 0.019607844 -134
6 395.2909 1003.47736 0.019607844 -168
7 346.3028 1004.4768 0.019607844 -201
8 316.48975 1004.4768 0.019607844 -234
9 303.1145 1004.4768 0.021568628 -267
10 299.73474 1004.4768 0.021568628 -300
11 296.39053 1004.4768 0.019607844 -316
12 292.8447 1004.4768 0.019607844 -350
13 287.8174 1005.93414 0.021568628 -383
14 279.7284 1027.5026 0.021568628 -416
15 279.7284 1027.5026 0.019607844 -449
16 271.74838 1109.4221 0.019607844 -476
17 269.75024 1143.4044 0.019607844 -476
18 268.75116 1177.3867 0.019607844 -495
19 266.75302 1215.367 0.019607844 -495
20 264.75485 1250.3488 0.019607844 -504
21 416.61426 688.6413 0.01764706 -522
22 416.61426 688.6413 0.01764706 -522
23 238.77892 1499.2191 0.021568628 -576
24 230.78632 1529.2035 0.021568628 -576
25 227.7891 1539.1982 0.021568628 -594
26 221.79463 1555.19 0.021568628 -621
27 213.80203 1571.1816 0.019607844 -621
28 214.80112 1571.1816 0.019607844 -702
0 710.3423 1000.4789 0.01764706 0
1 709.45715 1000.4789 0.01764706 -9
2 693.545 1001.0233 0.019607844 -34
3 657.85645 1005.6157 0.019607844 -67
4 625.5432 1008.8342 0.019607844 -100
5 522.964 1001.54236 0.019607844 -116
6 437.9994 991.99677 0.019607844 -149
7 376.9601 986.58685 0.019607844 -183
8 342.07242 986.4862 0.019607844 -216
9 329.90536 986.4862 0.019607844 -249
10 325.38083 986.4862 0.019607844 -282
11 324.69934 986.4862 0.019607844 -315
12 323.7003 986.4862 0.019607844 -320
13 321.70212 986.4862 0.019607844 -348
14 320.70306 986.4862 0.019607844 -348
15 319.70398 986.4862 0.019607844 -357
16 318.7049 1002.47784 0.019607844 -403
17 317.70584 1025.4658 0.019607844 -403
18 317.70584 1043.4565 0.019607844 -422
19 557.4838 786.5903 0.019607844 -468
20 557.4838 786.5903 0.019607844 -468
21 553.4875 851.55646 0.019607844 -485
22 553.4875 851.55646 0.019607844 -485
23 296.72525 1326.3092 0.019607844 -503
24 293.72803 1357.2931 0.019607844 -503
25 290.7308 1386.278 0.019607844 -521
26 285.73544 1429.2556 0.019607844 -521
27 282.73822 1479.2295 0.019607844 -547
28 280.74005 1496.2207 0.019607844 -547
29 277.74283 1543.1962 0.019607844 -590
30 276.74374 1567.1837 0.019607844 -590
31 279.585 1567.1837 0.019607844 -696
32 280.74005 1567.1837 0.01764706 -729
33 281.73914 1567.1837 0.01764706 -738
0 725.3284 987.48566 0.01764706 -20
1 725.3284 987.48566 0.01764706 -20
2 723.33026 987.48566 0.01764706 -46
3 716.33673 987.48566 0.019607844 -72
4 693.797 989.10266 0.019607844 -72
5 651.129 993.7159 0.019607844 -103
6 574.1617 998.3261 0.019607844 -136
7 499.42313 995.9194 0.019607844 -169
8 444.12476 992.3785 0.019607844 -202
9 405.06708 991.4836 0.019607844 -235
10 387.64105 991.4836 0.019607844 -268
11 379.6717 991.4836 0.019607844 -301
12 374.00223 991.4836 0.019607844 -335
13 369.31326 992.65533 0.019607844 -368
14 360.3788 1011.33575 0.019607844 -401
15 351.67438 1071.9417 0.019607844 -434
16 351.67438 1124.9414 0.019607844 -467
17 349.46317 1181.2096 0.019607844 -484
18 337.95007 1397.8566 0.019607844 -500
19 327.94992 1533.0388 0.019607844 -550
20 323.20404 1571.9197 0.019607844 -599
21 319.71185 1585.1506 0.019607844 -632
22 319.70398 1588.1727 0.019607844 -665
23 319.70398 1588.1727 0.01764706 -698
24 319.70398 1588.1727 0.015686275 -724
0 633.4135 981.4888 0.015686275 -110
1 627.7035 980.4893 0.01764706 -110
2 610.8246 980.4893 0.01764706 -134
3 587.086 980.4893 0.01764706 -150
4 525.041 982.4883 0.01764706 -167
5 459.12708 985.00415 0.019607844 -200
6 402.27234 988.48517 0.019607844 -233
7 368.19724 990.4841 0.019607844 -266
8 351.00778 990.4841 0.019607844 -299
9 341.34894 990.4841 0.019607844 -332
10 334.91797 990.4841 0.019607844 -365
11 331.19696 990.4841 0.019607844 -398
12 326.72153 993.45856 0.019607844 -431
13 320.70306 1012.47266 0.019607844 -464
14 317.70584 1026.4653 0.019607844 -492
15 560.481 727.62103 0.019607844 -538
16 560.481 727.62103 0.019607844 -538
17 563.4783 792.58716 0.019607844 -556
18 563.4783 792.58716 0.019607844 -556
19 565.47644 859.5523 0.019607844 -574
20 565.47644 874.5445 0.019607844 -574
21 565.47644 874.5445 0.019607844 -583
22 567.47455 904.5289 0.019607844 -583
23 502.5347 885.53876 0.01764706 -592
24 488.54764 888.5372 0.01764706 -609
25 434.5976 977.49084 0.01764706 -609
26 434.5976 977.49084 0.01764706 -688
27 272.74747 1581.1764 0.019607844 -731
28 274.7456 1582.1759 0.01764706 -731
29 276.74374 1582.1759 0.01764706 -765
0 897.1693 563.70636 0.019607844 -87
1 892.188 563.70636 0.01764706 -87
2 876.07556 563.70636 0.01764706 -117
3 797.9311 562.9291 0.01764706 -133
4 704.977 563.70636 0.01764706 -166
5 637.97845 563.70636 0.01764706 -199
6 590.72906 563.70636 0.01764706 -232
7 570.6674 563.70636 0.019607844 -265
8 560.5792 563.70636 0.019607844 -282
9 551.78613 571.22974 0.019607844 -298
10 546.41614 573.7272 0.019607844 -315
11 542.86945 575.51416 0.019607844 -332
12 538.22235 577.6991 0.019607844 -348
13 534.50507 582.50183 0.019607844 -381
14 535.50415 589.6929 0.019607844 -414
15 518.5199 580.6975 0.025490198 -442
16 537.5023 670.6507 0.019607844 -469
17 537.5023 670.6507 0.019607844 -469
18 537.5023 733.61786 0.019607844 -487
19 537.5023 733.61786 0.019607844 -487
20 538.5014 796.5851 0.019607844 -505
21 538.5014 796.5851 0.019607844 -505
22 536.50323 860.55176 0.019607844 -523
23 537.5023 876.54346 0.019607844 -523
24 413.61703 764.60175 0.01764706 -533
25 414.6161 770.59863 0.019607844 -533
26 414.6161 770.59863 0.019607844 -542
27 418.6124 932.5143 0.01764706 -576
28 418.6124 932.5143 0.01764706 -576
29 419.61148 994.482 0.01764706 -593
30 418.6124 995.4815 0.01764706 -593
31 418.6124 995.4815 0.01764706 -602
32 542.4977 1222.3633 0.019607844 -636
33 542.4977 1222.3633 0.019607844 -636
34 536.50323 1217.366 0.019607844 -714
0 618.42737 978.49036 0.01764706 -109
1 618.3329 978.3958 0.01764706 -109
2 576.51636 974.214 0.019607844 -118
3 505.13693 966.75696 0.019607844 -168
4 434.83508 963.49817 0.019607844 -201
5 369.15817 969.9948 0.019607844 -234
6 344.88333 974.72015 0.019607844 -266
7 331.58014 976.4914 0.019607844 -300
8 325.656 976.4914 0.019607844 -333
9 324.69934 976.4914 0.019607844 -366
10 323.7003 976.4914 0.019607844 -374
11 327.6966 986.4862 0.021568628 -439
12 329.93085 995.4269 0.021568628 -439
13 333.69104 1033.4617 0.021568628 -449
14 334.6901 1060.4476 0.021568628 -467
15 334.6901 1119.417 0.021568628 -494
16 333.69104 1149.4014 0.021568628 -494
17 331.69287 1179.3857 0.021568628 -513
18 328.69565 1212.3685 0.021568628 -513
19 324.69934 1268.3394 0.021568628 -531
20 322.7012 1303.3212 0.021568628 -531
21 432.59946 741.6137 0.01764706 -540
22 432.59946 741.6137 0.01764706 -540
23 316.70676 1367.2878 0.021568628 -558
24 314.70862 1400.2706 0.021568628 -558
25 311.71136 1429.2556 0.021568628 -576
26 309.71323 1458.2405 0.021568628 -576
27 307.7151 1483.2274 0.021568628 -593
28 305.71692 1507.215 0.021568628 -593
29 303.71878 1526.2051 0.021568628 -611
30 302.7197 1543.1962 0.021568628 -611
31 302.7197 1555.19 0.023529414 -620
32 299.72247 1588.1727 0.019607844 -689
33 299.72247 1589.1722 0.019607844 -689
34 300.72156 1589.1722 0.01764706 -794
0 661.38763 956.5018 0.01764706 -95
1 658.55664 955.55774 0.01764706 -95
2 565.1403 950.8007 0.01764706 -110
3 467.61508 945.24023 0.019607844 -160
4 381.70868 941.5127 0.019607844 -193
5 327.44897 943.09186 0.019607844 -226
6 306.7186 944.75726 0.021568628 -259
7 304.71786 944.50806 0.021568628 -292
8 303.71878 944.50806 0.021568628 -308
9 311.71136 982.4883 0.019607844 -409
10 314.70862 1009.4742 0.019607844 -409
11 317.70584 1060.4476 0.019607844 -436
12 318.7049 1091.4315 0.019607844 -436
13 317.70584 1119.417 0.019607844 -454
14 317.70584 1151.4003 0.021568628 -454
15 315.70767 1180.3851 0.019607844 -472
16 314.70862 1211.369 0.021568628 -472
17 310.7123 1241.3534 0.019607844 -490
18 307.7151 1271.3378 0.021568628 -490
19 461.57263 791.5877 0.019607844 -509
20 454.5791 795.58563 0.01764706 -509
21 454.5791 795.58563 0.01764706 -518
22 284.73636 1433.2534 0.021568628 -544
23 281.73914 1454.2426 0.021568628 -544
24 278.7419 1476.2311 0.021568628 -561
25 276.74374 1492.2228 0.021568628 -561
26 271.74838 1536.1998 0.021568628 -605
27 277.74283 1555.19 0.019607844 -605
28 280.74005 1554.1904 0.01764706 -702
0 726.32745 965.49713 0.01764706 -59
1 726.32745 965.49713 0.01764706 -59
2 696.128 971.0511 0.019607844 -67
3 633.4516 981.58997 0.019607844 -117
4 540.1014 988.87683 0.019607844 -150
5 473.2386 995.1914 0.019607844 -183
6 434.2204 1000.2762 0.019607844 -216
7 413.86353 1005.9144 0.019607844 -249
8 405.90518 1007.4752 0.019607844 -282
9 402.34265 1007.4752 0.019607844 -315
10 400.46082 1007.4752 0.019607844 -348
11 398.63107 1007.4752 0.019607844 -365
12 396.8819 1007.4752 0.019607844 -381
13 393.51077 1007.4752 0.019607844 -398
14 389.29315 1008.1481 0.021568628 -431
15 380.10455 1022.4186 0.021568628 -464
16 360.30225 1093.2512 0.021568628 -497
17 357.66882 1106.4237 0.021568628 -530
18 351.67438 1144.4039 0.021568628 -533
19 342.6827 1219.3649 0.019607844 -561
20 339.6855 1256.3456 0.021568628 -561
21 337.68732 1292.3269 0.019607844 -570
22 432.59946 745.61163 0.019607844 -588
23 432.59946 745.61163 0.019607844 -588
24 329.69473 1426.2571 0.019607844 -606
25 327.6966 1455.2421 0.021568628 -606
26 323.7003 1496.2207 0.019607844 -632
27 321.70212 1510.2134 0.021568628 -632
28 315.70767 1540.1978 0.021568628 -667
29 312.71045 1552.1915 0.019607844 -667
30 314.70862 1552.1915 0.01764706 -757
0 702.3497 951.5044 0.01764706 -18
1 701.40314 950.5575 0.015686275 -18
2 688.374 949.50543 0.01764706 -51
3 656.97003 950.3391 0.019607844 -84
4 603.6074 956.4768 0.019607844 -117
5 522.56836 958.50073 0.019607844 -151
6 460.85565 957.18695 0.019607844 -184
7 410.84055 950.6927 0.019607844 -217
8 365.9486 946.04315 0.019607844 -250
9 346.69507 943.50854 0.019607844 -283
10 335.54538 942.9369 0.019607844 -316
11 328.6036 942.5091 0.019607844 -349
12 323.38022 945.48804 0.021568628 -382
13 315.50162 970.79425 0.019607844 -415
14 306.09146 1100.369 0.019607844 -448
15 306.08575 1277.5792 0.019607844 -481
16 306.08575 1277.5792 0.019607844 -514
17 303.71878 1408.2665 0.019607844 -537
18 303.71878 1448.2457 0.019607844 -537
19 301.72064 1486.2258 0.019607844 -545
20 290.7308 1589.1722 0.019607844 -580
21 279.17014 1636.2905 0.019607844 -580
22 277.74283 1640.507 0.019607844 -647
23 277.74283 1641.1451 0.019607844 -680
24 278.7419 1641.1451 0.019607844 -713
25 279.74097 1641.1451 0.01764706 -720
0 764.2923 379.8022 0.01764706 -10
1 758.9937 379.1418 0.019607844 -10
2 747.5358 377.80322 0.019607844 -51
3 736.6961 379.23944 0.019607844 -68
4 699.7677 382.80063 0.019607844 -84
5 616.3049 388.0819 0.019607844 -117
6 540.78174 389.09827 0.019607844 -150
7 471.41922 386.04724 0.019607844 -183
8 426.60498 384.79956 0.019607844 -216
9 396.40768 378.4528 0.019607844 -248
10 381.7731 375.1801 0.019607844 -283
11 377.65033 373.8053 0.019607844 -316
12 376.65125 376.80374 0.019607844 -349
13 404.62534 420.78082 0.025490198 -376
14 398.6309 422.7798 0.01764706 -403
15 385.97235 486.19815 0.01764706 -403
16 388.64014 608.683 0.01764706 -432
17 388.64014 608.683 0.01764706 -458
18 404.62534 752.608 0.01764706 -485
19 404.62534 752.608 0.01764706 -485
20 404.62534 814.57574 0.01764706 -503
21 404.62534 814.57574 0.01764706 -503
22 516.5217 1049.4534 0.019607844 -520
23 503.53375 1037.4596 0.025490198 -520
24 507.53006 1061.4471 0.019607844 -546
25 507.53006 1069.443 0.019607844 -546
26 495.54117 1064.4456 0.025490198 -555
27 477.55783 1070.4425 0.019607844 -692
28 482.5532 1076.4393 0.019607844 -692
29 483.55228 1078.4382 0.019607844 -700
0 653.395 950.50494 0.01764706 -95
1 649.37244 951.5109 0.01764706 -95
2 604.87427 951.8827 0.01764706 -111
3 524.6237 947.8501 0.01764706 -144
4 442.37628 943.48816 0.019607844 -177
5 377.01755 944.2171 0.019607844 -210
6 342.07925 944.50806 0.019607844 -243
7 338.6864 945.5075 0.019607844 -276
8 334.6901 945.5075 0.019607844 -283
9 328.69565 946.507 0.019607844 -309
10 326.6975 947.5065 0.019607844 -309
11 315.70767 966.4966 0.019607844 -384
12 315.70767 976.6017 0.019607844 -384
13 315.70767 1007.4752 0.019607844 -392
14 313.70953 1043.4565 0.019607844 -402
15 314.70862 1115.4191 0.019607844 -429
16 313.70953 1156.3977 0.019607844 -429
17 314.70862 1194.3779 0.019607844 -438
18 394.6346 690.64026 0.01764706 -457
19 394.6346 690.64026 0.01764706 -457
20 315.70767 1282.332 0.019607844 -466
21 317.70584 1325.3097 0.019607844 -466
22 319.70398 1530.203 0.019607844 -517
23 318.7049 1550.1926 0.019607844 -517
24 318.7049 1564.1853 0.019607844 -534
25 317.70584 1595.1692 0.019607844 -534
26 317.70584 1598.1676 0.019607844 -569
27 317.70584 1603.165 0.019607844 -594
28 317.70584 1605.164 0.019607844 -594
29 317.70584 1607.1628 0.019607844 -637
30 317.70584 1607.1628 0.019607844 -637
31 317.70584 1607.1628 0.019607844 -662
0 730.3238 956.5018 0.01764706 -8
1 726.2733 954.81793 0.019607844 -8
2 700.00903 955.93634 0.019607844 -58
3 644.94366 954.50287 0.019607844 -91
4 542.13477 942.68384 0.019607844 -124
5 460.0963 931.54315 0.019607844 -157
6 414.6526 926.5214 0.019607844 -190
7 395.31967 925.51794 0.019607844 -223
8 386.2079 925.51794 0.019607844 -257
9 382.8727 925.51794 0.019607844 -290
10 379.37073 931.6268 0.019607844 -323
11 377.65033 937.5117 0.019607844 -356
12 375.65216 948.506 0.019607844 -362
13 369.6577 983.48773 0.019607844 -389
14 360.66605 1061.4471 0.019607844 -389
15 355.6707 1104.4248 0.019607844 -407
16 347.67807 1183.3837 0.019607844 -434
17 343.68176 1227.3607 0.019607844 -434
18 341.68362 1271.3378 0.019607844 -443
19 338.6864 1312.3165 0.019607844 -461
20 336.68826 1353.2952 0.019607844 -461
21 330.69382 1493.2223 0.019607844 -495
22 327.6966 1530.203 0.019607844 -495
23 326.6975 1575.1796 0.019607844 -521
24 326.6975 1592.1707 0.019607844 -521
25 323.7003 1617.1577 0.019607844 -547
26 320.70306 1640.1458 0.01764706 -547
27 320.70306 1640.1458 0.015686275 -615
0 738.3164 955.5023 0.013725491 -43
1 736.2665 954.477 0.01764706 -43
2 722.116 954.42444 0.01764706 -59
3 699.3689 955.287 0.01764706 -76
4 662.5038 958.12634 0.01764706 -93
5 624.23975 958.50073 0.019607844 -109
6 579.71173 959.50024 0.019607844 -126
7 487.09106 962.5845 0.019607844 -142
8 444.6744 961.7816 0.019607844 -175
9 415.0875 963.00055 0.019607844 -192
10 387.04715 964.4976 0.019607844 -208
11 381.64664 964.4976 0.019607844 -241
12 377.65033 964.4976 0.019607844 -250
13 367.65958 968.49554 0.019607844 -360
14 367.65958 973.4929 0.019607844 -360
15 366.6605 986.4862 0.019607844 -368
16 367.65958 1023.4669 0.019607844 -396
17 366.6605 1055.2037 0.019607844 -396
18 360.14905 1213.5117 0.019607844 -407
19 350.8746 1358.902 0.019607844 -440
20 341.2737 1474.3607 0.019607844 -473
21 334.61426 1526.8878 0.019607844 -506
22 333.69104 1532.2019 0.019607844 -539
23 332.69196 1537.1993 0.019607844 -546
24 331.69287 1541.1973 0.019607844 -572
25 331.69287 1544.1957 0.01764706 -572
26 331.69287 1544.1957 0.01764706 -606
0 737.3173 948.506 0.015686275 -42
1 737.3173 948.506 0.015686275 -42
2 723.14874 946.507 0.01764706 -51
3 673.2678 949.8058 0.019607844 -84
4 595.69836 955.3937 0.019607844 -117
5 487.3791 957.7147 0.019607844 -150
6 422.33456 958.50073 0.019607844 -183
7 380.42752 959.50024 0.019607844 -216
8 368.28482 960.4997 0.019607844 -249
9 357.5808 960.4997 0.019607844 -266
10 355.6707 960.4997 0.019607844 -299
11 354.6716 960.4997 0.019607844 -307
12 347.67807 974.49243 0.019607844 -382
13 345.67993 988.48517 0.019607844 -382
14 344.68085 1005.4763 0.019607844 -390
15 560.481 794.5861 0.019607844 -435
16 560.481 794.5861 0.019607844 -435
17 324.69934 1248.3497 0.019607844 -454
18 319.70398 1289.3285 0.019607844 -454
19 316.70676 1327.3087 0.019607844 -462
20 312.71045 1363.2899 0.019607844 -479
21 297.72433 1452.2435 0.019607844 -479
22 293.72803 1479.2295 0.019607844 -497
23 285.73544 1521.2076 0.019607844 -523
24 277.74283 1570.1821 0.019607844 -523
25 279.74097 1570.1821 0.01764706 -627
0 745.3099 936.5122 0.01764706 0
1 743.4159 936.5122 0.01764706 -9
2 724.92444 936.5122 0.01764706 -33
3 673.3224 939.5106 0.019607844 -66
4 592.75726 938.51117 0.019607844 -99
5 490.39017 929.93677 0.019607844 -132
6 432.175 929.6176 0.019607844 -165
7 397.07666 933.2423 0.019607844 -198
8 377.4581 936.8101 0.019607844 -231
9 370.0848 936.5122 0.019607844 -264
10 366.42664 936.5122 0.019607844 -297
11 362.8386 938.33673 0.021568628 -330
12 362.6642 938.51117 0.021568628 -363
13 360.66605 943.50854 0.019607844 -365
14 353.67252 977.49084 0.019607844 -401
15 349.67624 997.48047 0.019607844 -401
16 556.48474 674.6486 0.019607844 -429
17 556.48474 674.6486 0.019607844 -429
18 548.4921 743.6127 0.019607844 -447
19 473.56152 724.62256 0.01764706 -447
20 458.5754 729.62 0.01764706 -466
21 445.58743 747.6106 0.019607844 -466
22 445.58743 747.6106 0.019607844 -475
23 311.71136 1421.2598 0.019607844 -501
24 310.7123 1456.2415 0.021568628 -501
25 307.7151 1511.2129 0.021568628 -527
26 303.71878 1535.2004 0.019607844 -527
27 301.72064 1550.1926 0.019607844 -536
28 299.72247 1562.1863 0.019607844 -553
29 295.7262 1585.1743 0.019607844 -553
30 295.7262 1585.1743 0.019607844 -639
0 762.2942 946.507 0.01764706 -18
1 752.71136 943.7901 0.019607844 -18
2 717.2153 941.9616 0.019607844 -68
3 653.50696 939.31635 0.019607844 -101
4 556.9184 937.7206 0.019607844 -134
5 479.88043 939.86176 0.019607844 -167
6 423.5265 949.2229 0.019607844 -200
7 369.0199 965.4248 0.021568628 -233
8 342.60834 972.51825 0.023529414 -267
9 324.85733 975.86005 0.021568628 -300
10 318.1429 977.2722 0.023529414 -333
11 313.5532 981.8016 0.023529414 -366
12 310.7123 996.48096 0.023529414 -399
13 309.71323 1016.4706 0.021568628 -424
14 309.71323 1069.443 0.021568628 -452
15 310.7123 1101.4263 0.021568628 -452
16 311.71136 1137.4076 0.021568628 -471
17 311.71136 1173.3888 0.019607844 -471
18 312.71045 1212.3685 0.019607844 -480
19 309.71323 1284.331 0.019607844 -499
20 309.71323 1323.3108 0.021568628 -499
21 410.6198 754.60693 0.01764706 -508
22 409.62073 805.5804 0.019607844 -508
23 409.62073 805.5804 0.019607844 -536
24 306.716 1478.2301 0.021568628 -562
25 304.71786 1491.2233 0.019607844 -562
26 303.71878 1500.2186 0.019607844 -571
27 304.71786 1519.2087 0.015686275 -681
28 304.71786 1519.2087 0.015686275 -681
0 681.3691 988.48517 0.015686275 -86
1 666.3579 988.48517 0.01764706 -86
2 602.9417 990.4841 0.01764706 -110
3 512.7949 988.4581 0.019607844 -143
4 418.45676 981.8571 0.019607844 -176
5 365.02036 980.4893 0.019607844 -209
6 347.6817 980.4893 0.019607844 -242
7 341.33524 980.4893 0.019607844 -275
8 337.8578 981.31824 0.019607844 -308
9 336.68826 984.3928 0.019607844 -341
10 336.68826 1016.9588 0.019607844 -358
11 336.68826 1036.4602 0.019607844 -391
12 335.68918 1060.4476 0.019607844 -398
13 329.69473 1154.3987 0.019607844 -426
14 318.1748 1268.5293 0.019607844 -426
15 313.70953 1298.3237 0.019607844 -457
16 309.71323 1330.3071 0.019607844 -464
17 283.73727 1451.2441 0.019607844 -509
18 279.2965 1474.9011 0.019607844 -509
19 276.74374 1487.2253 0.019607844 -523
20 275.7447 1493.2223 0.019607844 -534
21 272.74747 1507.215 0.019607844 -605
22 273.74652 1507.215 0.01764706 -605
0 750.3053 375.80426 0.015686275 -57
1 744.7921 375.80426 0.01764706 -67
2 726.1759 379.16113 0.019607844 -82
3 686.0601 380.80167 0.019607844 -115
4 608.49146 381.49423 0.019607844 -148
5 559.30756 384.0547 0.019607844 -181
6 493.4747 385.86578 0.019607844 -198
7 451.34158 387.798 0.019607844 -231
8 431.89105 387.798 0.019607844 -264
9 426.08206 387.798 0.019607844 -297
10 422.62268 387.798 0.019607844 -313
11 420.86078 387.798 0.019607844 -330
12 418.6124 387.798 0.019607844 -346
13 439.59296 419.78134 0.025490198 -358
14 570.4718 663.65436 0.019607844 -459
15 570.4718 663.65436 0.019607844 -459
16 567.47455 733.61786 0.019607844 -477
17 567.47455 734.6174 0.01764706 -477
18 546.494 733.61786 0.025490198 -486
19 423.6078 687.64185 0.019607844 -505
20 420.61053 792.58716 0.01764706 -505
21 420.61053 792.58716 0.01764706 -531
22 423.6078 927.5169 0.01764706 -549
23 422.6087 928.51636 0.01764706 -549
24 422.6087 928.51636 0.01764706 -557
25 415.61517 992.48303 0.019607844 -575
26 415.61517 992.48303 0.019607844 -575
27 415.61517 992.48303 0.01764706 -645
28 415.61517 992.48303 0.01764706 -676
0 772.2849 392.7954 0.01764706 -18
1 771.5224 392.7954 0.01764706 -18
2 766.3281 392.7954 0.019607844 -51
3 756.4963 394.33792 0.019607844 -68
4 716.413 395.86487 0.019607844 -84
5 570.72894 391.79593 0.019607844 -117
6 524.6033 387.32925 0.019607844 -167
7 459.61438 383.94858 0.019607844 -184
8 423.87906 383.8001 0.019607844 -217
9 409.8495 383.8001 0.019607844 -250
10 404.2037 383.8001 0.019607844 -283
11 400.63 383.8001 0.019607844 -316
12 400.62906 383.8001 0.019607844 -349
13 424.60684 419.78134 0.025490198 -349
14 417.6133 425.77823 0.019607844 -376
15 408.62164 462.75897 0.01764706 -376
16 408.62164 462.75897 0.01764706 -395
17 546.494 744.6122 0.019607844 -423
18 548.4921 839.5627 0.019607844 -423
19 473.56152 830.5674 0.019607844 -449
20 460.57355 837.5637 0.019607844 -467
21 460.57355 837.5637 0.019607844 -467
22 415.61517 929.51587 0.019607844 -493
23 415.61517 929.51587 0.019607844 -493
24 411.61887 1003.47736 0.01764706 -511
25 411.61887 1003.47736 0.01764706 -511
26 566.47546 1186.3821 0.01764706 -553
27 566.47546 1186.3821 0.01764706 -553
28 566.47546 1186.3821 0.01764706 -579
0 764.2923 400.79126 0.01764706 -16
1 764.2923 400.79126 0.01764706 -16
2 764.2923 400.79126 0.01764706 -24
3 761.81616 400.79126 0.01764706 -57
4 750.8018 400.79126 0.019607844 -91
5 704.10736 393.58643 0.019607844 -124
6 629.71454 382.5846 0.019607844 -157
7 542.9234 362.1355 0.019607844 -190
8 467.5203 341.99472 0.019607844 -223
9 431.17197 333.70364 0.019607844 -256
10 417.57886 333.8261 0.019607844 -289
11 411.48575 330.69452 0.019607844 -322
12 409.62073 330.8277 0.019607844 -355
13 432.59946 358.8131 0.025490198 -372
14 443.58926 386.79852 0.01764706 -417
15 443.58926 386.79852 0.01764706 -417
16 579.46344 602.6861 0.019607844 -445
17 579.46344 602.6861 0.019607844 -445
18 584.45886 662.65485 0.019607844 -464
19 588.45514 904.5289 0.019607844 -464
20 581.4616 975.4919 0.019607844 -537
21 582.4607 998.4799 0.01764706 -554
22 577.46533 1061.4471 0.019607844 -554
23 558.4829 1057.4492 0.025490198 -581
24 547.49304 1076.4393 0.019607844 -651
25 547.49304 1076.4393 0.019607844 -651
26 584.45886 1121.4159 0.01764706 -676
27 584.45886 1121.4159 0.01764706 -676
28 582.67194 1124.9912 0.019607844 -686
29 575.46716 1135.9084 0.019607844 -719
30 571.4708 1144.404 0.019607844 -751
31 570.4718 1145.4034 0.019607844 -768
32 542.4977 1132.4102 0.025490198 -773
33 504.53284 1160.3956 0.019607844 -1066
34 513.38934 1171.0743 0.01764706 -1066
35 518.70087 1183.9268 0.019607844 -1082
36 519.519 1198.056 0.019607844 -1115
37 516.3778 1206.6597 0.019607844 -1148
38 512.786 1212.1079 0.019607844 -1181
39 512.01416 1215.8784 0.019607844 -1214
40 511.52637 1219.4895 0.019607844 -1247
41 511.52637 1219.3649 0.019607844 -1280
42 511.52637 1219.3649 0.019607844 -1313
43 511.52637 1219.3649 0.019607844 -1326
44 510.52728 1218.3654 0.01764706 -1374
