0 790.26825 413.7845 0.019607844 -34
1 768.87585 414.46066 0.021568628 -34
2 698.03613 413.0015 0.023529414 -67
3 622.29694 408.53088 0.023529414 -116
4 558.16113 405.33972 0.023529414 -149
5 494.31976 404.78915 0.023529414 -182
6 451.94165 408.8452 0.023529414 -215
7 417.9341 408.78708 0.023529414 -248
8 404.74005 408.78708 0.023529414 -281
9 398.78848 407.94525 0.023529414 -315
10 395.63184 407.7876 0.023529414 -348
11 396.04053 410.1936 0.023529414 -381
12 400.15164 427.2356 0.021568628 -414
13 421.2629 549.5159 0.019607844 -447
14 459.40973 772.8428 0.019607844 -480
15 464.56985 890.28546 0.019607844 -513
16 467.56708 1041.4095 0.021568628 -546
17 456.46985 1106.2837 0.021568628 -579
18 448.2283 1134.1226 0.023529414 -612
19 443.374 1143.8351 0.023529414 -646
20 440.59204 1147.4023 0.023529414 -679
21 440.59204 1148.4019 0.023529414 -712
22 438.40952 1148.4019 0.023529414 -728
23 436.63962 1148.4019 0.023529414 -761
24 435.59668 1148.4019 0.023529414 -795
25 444.9164 1150.4008 0.01764706 -827
26 444.9164 1150.4008 0.01764706 -861
0 782.2757 418.78186 0.019607844 -8
1 773.84985 418.78186 0.019607844 -18
2 742.443 415.71103 0.023529414 -42
3 677.56976 416.78293 0.023529414 -75
4 616.52454 418.78186 0.023529414 -108
5 546.07465 423.88443 0.023529414 -141
6 521.64636 425.5548 0.023529414 -174
7 491.4647 428.77667 0.023529414 -191
8 434.3521 433.19894 0.023529414 -208
9 394.2277 432.7746 0.023529414 -257
10 384.24365 432.7746 0.023529414 -307
11 379.65198 432.7746 0.023529414 -340
12 379.64847 433.50964 0.023529414 -373
13 381.11777 438.18365 0.019607844 -390
14 391.1228 487.82263 0.019607844 -406
15 409.1594 634.3581 0.019607844 -439
16 418.2353 710.0113 0.019607844 -472
17 423.5037 778.6307 0.019607844 -489
18 425.20538 916.34705 0.019607844 -505
19 417.6032 980.5365 0.019607844 -539
20 408.11716 1016.73773 0.019607844 -572
21 403.2773 1031.5106 0.019607844 -605
22 399.5759 1040.5663 0.019607844 -638
23 398.6309 1045.1454 0.019607844 -671
24 398.6309 1047.4545 0.019607844 -704
25 399.60727 1047.4545 0.019607844 -737
26 399.62997 1047.4545 0.01764706 -787
27 399.62997 1047.4545 0.01764706 -787
0 758.29785 377.80322 0.019607844 -69
1 751.6524 377.80322 0.019607844 -69
2 722.22003 375.80426 0.019607844 -84
3 670.7549 377.51355 0.019607844 -117
4 599.032 379.8022 0.019607844 -151
5 519.1111 379.8022 0.019607844 -184
6 454.50015 376.4618 0.019607844 -217
7 419.51678 373.8053 0.019607844 -250
8 401.6237 372.80582 0.019607844 -283
9 394.1968 372.80582 0.019607844 -316
10 390.64774 372.80582 0.019607844 -349
11 387.4158 372.80582 0.019607844 -382
12 383.94928 388.53076 0.019607844 -415
13 382.6457 474.67105 0.019607844 -448
14 394.057 631.6405 0.019607844 -482
15 397.63184 756.00305 0.01764706 -515
16 390.25226 936.7182 0.019607844 -548
17 383.64478 995.1586 0.019607844 -597
18 383.64478 1013.9598 0.019607844 -631
19 379.9797 1035.8027 0.01764706 -647
20 379.64847 1056.1324 0.019607844 -680
21 379.64847 1062.5651 0.019607844 -713
22 381.8409 1072.2192 0.019607844 -730
23 382.6457 1080.2211 0.019607844 -746
24 381.1471 1081.4368 0.019607844 -780
25 381.64664 1081.4368 0.015686275 -803
26 381.64664 1081.4368 0.015686275 -825
0 870.1943 801.5825 0.019607844 -78
1 845.9519 798.1104 0.019607844 -78
2 799.63727 793.4119 0.019607844 -118
3 723.82526 790.5882 0.019607844 -151
4 658.34784 786.5903 0.021568628 -184
5 594.3298 782.2026 0.021568628 -217
6 554.1247 778.33215 0.021568628 -250
7 535.21783 774.939 0.021568628 -283
8 521.2264 773.52435 0.021568628 -317
9 512.7325 773.59705 0.021568628 -350
10 506.64056 773.59705 0.021568628 -383
11 503.28723 773.59705 0.021568628 -416
12 498.07104 782.9955 0.021568628 -449
13 487.83176 841.04034 0.021568628 -482
14 487.83176 841.04034 0.019607844 -515
15 482.5532 960.4997 0.021568628 -542
16 481.5541 1000.4789 0.019607844 -542
17 537.5023 751.6085 0.019607844 -551
18 540.4995 784.5914 0.019607844 -551
19 526.5125 786.5903 0.025490198 -561
20 483.55228 1122.4154 0.019607844 -580
21 484.55133 1163.394 0.019607844 -580
22 429.60223 794.5861 0.019607844 -589
23 412.2826 1050.7883 0.019607844 -589
24 410.6198 1054.3375 0.019607844 -746
25 410.6198 1055.4503 0.019607844 -779
26 410.6198 1055.4503 0.01764706 -812
27 410.6198 1055.4503 0.01764706 -845
28 410.6198 1055.4503 0.01764706 -851
0 779.27844 388.7975 0.019607844 -103
1 759.0525 393.3563 0.019607844 -103
2 704.557 399.35562 0.019607844 -127
3 618.8783 397.79282 0.019607844 -160
4 529.4136 395.69424 0.019607844 -194
5 473.63824 396.78745 0.019607844 -227
6 425.9363 397.79282 0.019607844 -260
7 404.08194 397.79282 0.019607844 -293
8 395.5357 396.79333 0.019607844 -326
9 390.64233 396.79333 0.019607844 -359
10 387.14154 396.79333 0.019607844 -392
11 388.58017 402.61023 0.019607844 -425
12 392.63647 453.76367 0.019607844 -459
13 395.8758 562.37286 0.019607844 -491
14 395.8758 562.37286 0.019607844 -525
15 524.51434 915.52313 0.019607844 -551
16 524.51434 916.52264 0.019607844 -551
17 459.57446 1142.405 0.021568628 -560
18 458.5754 1227.3607 0.019607844 -560
19 458.5754 1264.3414 0.019607844 -578
20 468.56613 963.49817 0.019607844 -596
21 423.6078 1075.4398 0.01764706 -596
22 423.6078 1075.4398 0.01764706 -640
23 416.61426 1167.392 0.019607844 -666
24 415.61517 1165.393 0.01764706 -666
25 415.61517 1165.393 0.01764706 -763
0 890.1758 805.5804 0.019607844 -19
1 890.1758 805.5804 0.019607844 -19
2 888.90173 804.9431 0.019607844 -53
3 883.8925 804.58093 0.019607844 -78
4 861.43823 804.58093 0.019607844 -94
5 786.47266 804.58093 0.019607844 -127
6 701.30835 804.58093 0.019607844 -160
7 611.0726 804.58093 0.019607844 -194
8 522.8085 804.58093 0.019607844 -227
9 495.15842 804.58093 0.019607844 -276
10 483.3107 804.58093 0.019607844 -309
11 477.95154 804.58093 0.019607844 -343
12 474.48352 804.58093 0.019607844 -376
13 474.5606 807.375 0.019607844 -409
14 480.08774 852.52374 0.019607844 -442
15 487.08032 987.8149 0.019607844 -475
16 490.8457 1125.4202 0.019607844 -508
17 494.54208 1265.0348 0.019607844 -541
18 493.54303 1332.1053 0.019607844 -574
19 491.03207 1356.3467 0.021568628 -607
20 487.33255 1366.7206 0.021568628 -641
21 485.5504 1369.2867 0.021568628 -674
22 485.5504 1369.2867 0.019607844 -707
23 485.5504 1369.2867 0.019607844 -733
0 872.19244 802.582 0.019607844 -19
1 872.19244 802.582 0.019607844 -19
2 872.19244 802.582 0.019607844 -37
3 870.1943 802.582 0.019607844 -72
4 837.0321 802.582 0.019607844 -72
5 730.70465 791.1514 0.019607844 -121
6 652.3524 779.5896 0.019607844 -170
7 588.3503 777.595 0.019607844 -203
8 534.11487 778.5945 0.019607844 -236
9 493.8701 786.52484 0.019607844 -269
10 483.76926 788.58923 0.019607844 -319
11 478.66434 788.58923 0.019607844 -352
12 475.14426 788.58923 0.019607844 -385
13 475.14426 788.58923 0.019607844 -418
14 476.55875 797.5846 0.019607844 -452
15 477.55783 813.57623 0.019607844 -452
16 479.55597 869.5471 0.019607844 -480
17 479.55597 905.5283 0.019607844 -480
18 480.55505 938.51117 0.019607844 -489
19 534.50507 861.5513 0.019607844 -526
20 496.54025 842.56116 0.01764706 -526
21 483.55228 1281.3326 0.019607844 -579
22 483.55228 1302.3217 0.019607844 -579
23 483.55228 1329.3076 0.019607844 -606
24 471.56335 1372.6007 0.021568628 -606
25 471.56335 1373.2847 0.021568628 -716
26 471.56335 1373.2847 0.019607844 -749
27 471.56335 1373.2847 0.01764706 -776
0 914.15356 559.7085 0.019607844 0
1 914.15356 559.7085 0.019607844 -9
2 914.15356 559.7085 0.019607844 -34
3 899.4078 559.7085 0.019607844 -76
4 849.13007 560.3205 0.01764706 -110
5 779.1316 561.70746 0.019607844 -143
6 694.1802 566.70483 0.019607844 -176
7 630.583 564.7059 0.019607844 -209
8 570.60645 562.00934 0.019607844 -242
9 541.10223 559.6292 0.019607844 -276
10 530.0093 559.7085 0.019607844 -309
11 525.4365 559.7085 0.019607844 -341
12 523.51526 559.7085 0.019607844 -375
13 524.6429 568.7328 0.019607844 -408
14 524.51434 575.70013 0.019607844 -442
15 511.52637 575.70013 0.025490198 -450
16 526.5125 662.65485 0.019607844 -477
17 515.52264 667.6522 0.025490198 -477
18 521.5171 728.6205 0.019607844 -487
19 529.5097 779.59393 0.019607844 -504
20 519.519 852.55597 0.025490198 -504
21 473.56152 841.56165 0.01764706 -522
22 460.57355 846.5591 0.019607844 -540
23 431.60037 886.53827 0.01764706 -540
24 431.60037 886.53827 0.01764706 -567
25 398.6309 997.48047 0.019607844 -593
26 384.64386 1002.47784 0.019607844 -593
27 382.83798 1002.47784 0.019607844 -724
28 382.35452 1002.47784 0.019607844 -757
29 382.6457 1002.47784 0.015686275 -770
30 382.6457 1002.47784 0.015686275 -823
0 897.1693 747.6106 0.019607844 -9
1 893.26154 747.6106 0.019607844 -9
2 862.06226 748.5595 0.019607844 -84
3 795.57263 753.48846 0.019607844 -117
4 708.99084 754.5455 0.019607844 -150
5 600.606 752.0164 0.019607844 -183
6 539.3143 748.3978 0.019607844 -217
7 507.41858 746.61115 0.019607844 -250
8 494.32095 746.61115 0.019607844 -283
9 488.89008 746.61115 0.019607844 -316
10 486.5495 746.61115 0.019607844 -349
11 486.5495 749.6541 0.019607844 -382
12 486.5495 750.609 0.019607844 -415
13 487.54858 757.6054 0.019607844 -417
14 488.54764 782.5924 0.019607844 -445
15 488.54764 807.57935 0.019607844 -445
16 487.54858 867.54816 0.019607844 -472
17 484.55133 965.49713 0.019607844 -472
18 482.5532 1008.47473 0.019607844 -490
19 481.5541 1049.4534 0.019607844 -508
20 480.55505 1127.4127 0.019607844 -508
21 479.55597 1167.392 0.019607844 -526
22 478.5569 1233.3575 0.019607844 -552
23 478.5569 1258.3446 0.019607844 -552
24 477.55783 1285.3306 0.019607844 -569
25 477.55783 1306.3196 0.019607844 -569
26 477.55783 1322.3113 0.019607844 -587
27 477.55783 1346.2988 0.019607844 -587
28 476.55875 1355.2941 0.019607844 -604
29 474.5606 1375.2837 0.019607844 -656
30 473.56152 1380.2811 0.019607844 -656
31 473.56152 1380.2811 0.019607844 -725
0 820.24054 373.8053 0.019607844 0
1 817.87964 373.8053 0.019607844 -8
2 798.0149 375.1255 0.019607844 -49
3 747.8905 381.7326 0.019607844 -82
4 646.5073 385.79904 0.019607844 -115
5 577.4515 384.6322 0.019607844 -148
6 523.1761 384.00336 0.019607844 -181
7 483.41846 383.8001 0.019607844 -215
8 465.61212 382.80063 0.019607844 -248
9 454.44235 381.80115 0.019607844 -281
10 445.7931 381.80115 0.019607844 -314
11 438.59387 381.80115 0.019607844 -347
12 431.57343 381.80115 0.019607844 -379
13 423.12888 381.80115 0.019607844 -413
14 416.86728 384.54645 0.019607844 -446
15 406.80722 410.78033 0.019607844 -479
16 406.80722 410.78033 0.019607844 -512
17 545.49493 683.6439 0.019607844 -536
18 547.49304 723.6231 0.019607844 -536
19 515.52264 734.6174 0.01764706 -554
20 498.5384 755.60645 0.01764706 -572
21 479.55597 854.5549 0.019607844 -572
22 479.55597 854.5549 0.019607844 -590
23 475.55966 998.4799 0.01764706 -616
24 475.55966 998.4799 0.01764706 -616
25 474.5606 1057.4492 0.01764706 -633
26 474.5606 1057.4492 0.01764706 -633
27 574.4681 1289.3285 0.019607844 -660
28 574.4681 1289.3285 0.019607844 -660
29 574.4681 1289.3285 0.019607844 -791
0 946.12396 554.71106 0.019607844 -10
1 946.12396 554.71106 0.019607844 -10
2 942.1276 554.71106 0.019607844 -35
3 911.30756 554.71106 0.019607844 -68
4 839.11597 558.399 0.019607844 -101
5 765.5902 560.8429 0.019607844 -134
6 671.3523 560.70795 0.019607844 -168
7 627.2721 560.70795 0.019607844 -201
8 590.23627 560.70795 0.019607844 -234
9 575.862 560.70795 0.019607844 -267
10 572.4822 560.70795 0.019607844 -300
11 568.1389 560.70795 0.019607844 -316
12 564.5931 560.70795 0.019607844 -350
13 561.02246 560.70795 0.019607844 -383
14 557.47546 570.72375 0.019607844 -416
15 557.47546 570.72375 0.025490198 -449
16 515.52264 613.68036 0.025490198 -476
17 515.52264 613.68036 0.025490198 -476
18 404.62534 581.697 0.01764706 -495
19 404.62534 586.6944 0.019607844 -495
20 404.62534 586.6944 0.019607844 -504
21 534.50507 860.55176 0.019607844 -522
22 521.5171 852.55597 0.025490198 -522
23 418.6124 937.5117 0.01764706 -576
24 415.61517 939.5106 0.01764706 -576
25 415.61517 939.5106 0.01764706 -594
26 394.6346 969.49506 0.01764706 -621
27 393.63553 970.4945 0.015686275 -621
28 393.63553 970.4945 0.015686275 -702
0 900.1665 779.59393 0.019607844 0
1 900.1665 779.59393 0.019607844 -9
2 892.45026 777.595 0.019607844 -34
3 859.5302 785.00964 0.019607844 -67
4 828.1757 791.12744 0.019607844 -100
5 725.0429 785.65485 0.019607844 -116
6 637.3283 770.86865 0.019607844 -149
7 580.6708 761.8046 0.019607844 -183
8 540.5157 759.6044 0.019607844 -216
9 527.8275 758.60486 0.021568628 -249
10 522.19855 758.60486 0.021568628 -282
11 521.5171 758.60486 0.021568628 -315
12 520.51807 758.60486 0.021568628 -320
13 518.5199 758.60486 0.021568628 -348
14 517.5208 758.60486 0.021568628 -348
15 516.5217 758.60486 0.019607844 -357
16 514.5236 766.6007 0.019607844 -403
17 513.52454 782.5924 0.019607844 -403
18 512.52545 804.58093 0.019607844 -422
19 504.53284 956.5018 0.019607844 -468
20 502.5347 990.4841 0.019607844 -468
21 501.5356 1025.4658 0.019607844 -485
22 500.53653 1059.4481 0.019607844 -485
23 499.53748 1093.4304 0.019607844 -503
24 498.5384 1123.4149 0.019607844 -503
25 497.5393 1154.3987 0.019607844 -521
26 495.54117 1202.3738 0.019607844 -521
27 494.54208 1252.3477 0.019607844 -547
28 493.54303 1269.3389 0.019607844 -547
29 489.54672 1319.3129 0.019607844 -590
30 489.54672 1348.2977 0.019607844 -590
31 489.54672 1348.2977 0.019607844 -696
32 489.54672 1348.2977 0.019607844 -729
33 489.54672 1348.2977 0.019607844 -738
0 904.16284 770.59863 0.019607844 -20
1 904.16284 770.59863 0.019607844 -20
2 904.16284 770.59863 0.019607844 -46
3 899.1674 768.5997 0.019607844 -72
4 880.24225 768.2177 0.019607844 -72
5 840.1874 772.0647 0.019607844 -103
6 760.1434 775.596 0.019607844 -136
7 683.2529 775.0344 0.019607844 -169
8 625.95636 771.4935 0.019607844 -202
9 588.89685 767.7804 0.019607844 -235
10 570.47174 766.6007 0.019607844 -268
11 561.5033 766.6007 0.019607844 -301
12 556.83295 766.6007 0.019607844 -335
13 553.31525 766.6007 0.019607844 -368
14 548.72943 778.4071 0.019607844 -401
15 543.99634 832.0666 0.019607844 -434
16 541.072 888.0649 0.019607844 -467
17 540.4995 946.332 0.019607844 -484
18 540.4995 1169.9752 0.019607844 -500
19 537.12946 1308.7823 0.019607844 -550
20 534.00885 1350.5317 0.019607844 -599
21 529.5176 1367.2642 0.019607844 -632
22 525.51373 1373.2843 0.019607844 -665
23 525.5134 1375.2837 0.019607844 -698
24 525.5134 1375.2837 0.01764706 -724
0 754.3016 397.79282 0.019607844 -110
1 735.888 397.79282 0.019607844 -110
2 718.3259 399.39288 0.019607844 -134
3 694.9861 402.77026 0.019607844 -150
4 631.8309 403.76187 0.019607844 -167
5 567.7507 406.78812 0.019607844 -200
6 513.5856 409.9946 0.019607844 -233
7 475.1559 408.78708 0.019607844 -266
8 456.90973 408.78708 0.019607844 -299
9 447.2509 408.78708 0.019607844 -332
10 441.819 408.78708 0.019607844 -365
11 438.09802 408.78708 0.019607844 -398
12 434.6096 408.78708 0.019607844 -431
13 429.60223 414.78397 0.01764706 -464
14 453.58002 475.7522 0.025490198 -492
15 507.53006 893.5346 0.019607844 -538
16 507.53006 927.5169 0.019607844 -538
17 506.531 959.50024 0.019607844 -556
18 505.53192 995.4815 0.019607844 -556
19 506.531 1062.4467 0.019607844 -574
20 507.53006 1106.4237 0.019607844 -574
21 507.53006 1106.4237 0.019607844 -583
22 507.53006 1140.406 0.019607844 -583
23 508.52914 1174.3883 0.019607844 -592
24 508.52914 1204.3727 0.019607844 -609
25 499.53748 1353.2952 0.019607844 -609
26 498.5384 1358.2925 0.019607844 -688
27 576.46625 1184.383 0.01764706 -731
28 572.4699 1181.3846 0.019607844 -731
29 571.4709 1180.3851 0.019607844 -765
0 868.1961 789.58875 0.019607844 -87
1 843.2615 782.93494 0.019607844 -87
2 815.3633 780.2094 0.019607844 -117
3 731.548 774.8187 0.019607844 -133
4 635.5465 772.5976 0.019607844 -166
5 570.0414 771.5981 0.019607844 -199
6 522.0892 773.2455 0.019607844 -232
7 504.92935 773.59705 0.019607844 -265
8 495.63934 773.59705 0.019607844 -282
9 490.01907 777.9463 0.019607844 -298
10 485.49847 779.61993 0.019607844 -315
11 481.92587 781.4069 0.019607844 -332
12 478.27786 783.59186 0.019607844 -348
13 475.55966 784.5914 0.019607844 -381
14 477.55783 791.5877 0.019607844 -414
15 478.5569 800.583 0.019607844 -442
16 480.55505 841.56165 0.019607844 -469
17 480.55505 870.5466 0.019607844 -469
18 480.55505 901.53046 0.019607844 -487
19 480.55505 932.5143 0.019607844 -487
20 479.55597 964.4976 0.019607844 -505
21 480.55505 997.48047 0.019607844 -505
22 481.5541 1063.446 0.019607844 -523
23 480.55505 1108.4227 0.019607844 -523
24 275.7447 1325.3097 0.019607844 -533
25 272.74747 1360.2915 0.019607844 -533
26 270.7493 1395.2733 0.019607844 -542
27 473.56152 1268.3394 0.019607844 -576
28 472.56244 1296.3248 0.019607844 -576
29 472.56244 1314.3154 0.019607844 -593
30 472.56244 1329.3076 0.019607844 -593
31 471.56335 1345.2993 0.019607844 -602
32 467.56708 1379.2816 0.019607844 -636
33 467.56708 1401.2701 0.019607844 -636
34 467.56708 1402.2697 0.01764706 -714
0 744.31085 413.7845 0.019607844 -109
1 742.0292 413.7845 0.019607844 -109
2 681.2231 408.14813 0.01764706 -118
3 606.0435 400.05212 0.019607844 -168
4 531.8196 391.84048 0.019607844 -201
5 475.06012 391.79593 0.019607844 -234
6 443.79175 389.6831 0.019607844 -266
7 429.93265 388.7975 0.019607844 -300
8 423.5654 387.798 0.019607844 -333
9 422.6087 386.79852 0.019607844 -366
10 440.59204 416.78293 0.025490198 -374
11 457.57632 447.76678 0.019607844 -439
12 453.10776 445.53162 0.019607844 -439
13 445.58743 454.76312 0.019607844 -449
14 445.58743 454.76312 0.019607844 -467
15 576.46625 725.6221 0.019607844 -494
16 576.46625 725.6221 0.019607844 -494
17 576.46625 783.59186 0.019607844 -513
18 576.46625 783.59186 0.019607844 -513
19 575.46716 842.56116 0.019607844 -531
20 574.4681 855.5544 0.019607844 -531
21 526.5125 1068.4435 0.019607844 -540
22 524.51434 1106.4237 0.019607844 -540
23 554.4866 904.5289 0.025490198 -558
24 560.481 962.49866 0.019607844 -558
25 547.49304 967.4961 0.025490198 -576
26 556.48474 1024.4664 0.019607844 -576
27 546.494 1027.4648 0.025490198 -593
28 556.48474 1057.4492 0.01764706 -593
29 560.481 1092.431 0.019607844 -611
30 561.4801 1114.4196 0.019607844 -611
31 550.4903 1113.42 0.025490198 -620
32 543.49677 1139.4065 0.019607844 -689
33 565.47644 1166.3925 0.01764706 -689
34 564.47736 1166.3925 0.01764706 -794
0 864.1998 748.6101 0.019607844 -95
1 854.5415 748.6101 0.019607844 -95
2 750.1051 748.04236 0.019607844 -110
3 650.44574 744.345 0.019607844 -160
4 565.53845 740.61426 0.019607844 -193
5 512.27783 740.61426 0.019607844 -226
6 492.54654 740.61426 0.019607844 -259
7 488.54764 740.61426 0.019607844 -292
8 487.54858 740.61426 0.019607844 -308
9 491.54486 759.6044 0.019607844 -409
10 494.54208 779.59393 0.019607844 -409
11 500.53653 833.56586 0.019607844 -436
12 502.5347 865.5492 0.019607844 -436
13 502.5347 893.5346 0.019607844 -454
14 503.53375 923.519 0.019607844 -454
15 503.53375 952.5039 0.019607844 -472
16 504.53284 986.4862 0.019607844 -472
17 504.53284 1014.4716 0.019607844 -490
18 504.53284 1047.4545 0.019607844 -490
19 502.5347 1101.4263 0.019607844 -509
20 500.53653 1131.4106 0.019607844 -509
21 498.5384 1161.395 0.019607844 -518
22 494.54208 1209.3701 0.019607844 -544
23 493.54303 1235.3566 0.019607844 -544
24 491.54486 1254.3467 0.019607844 -561
25 490.5458 1271.3378 0.019607844 -561
26 486.5495 1321.3118 0.019607844 -605
27 483.55228 1346.2988 0.019607844 -605
28 483.55228 1346.2988 0.019607844 -702
0 913.1545 749.60956 0.019607844 -59
1 911.09515 749.60956 0.019607844 -59
2 873.6852 754.8852 0.019607844 -67
3 807.2401 767.752 0.019607844 -117
4 708.85724 782.76794 0.019607844 -150
5 641.0186 788.00903 0.019607844 -183
6 603.86053 793.384 0.019607844 -216
7 586.7035 794.5861 0.019607844 -249
8 579.7442 794.5861 0.019607844 -282
9 576.1817 794.5861 0.019607844 -315
10 574.2998 794.5861 0.019607844 -348
11 572.4701 794.5861 0.019607844 -365
12 570.72095 794.5861 0.019607844 -381
13 567.3498 794.5861 0.019607844 -398
14 563.80475 794.5861 0.019607844 -431
15 559.21045 796.8567 0.019607844 -464
16 541.5487 854.25433 0.019607844 -497
17 539.5005 866.54865 0.019607844 -530
18 531.5079 907.5273 0.019607844 -533
19 524.51434 984.48724 0.019607844 -561
20 522.5162 1021.46796 0.019607844 -561
21 523.51526 1057.4492 0.019607844 -570
22 521.5171 1102.4258 0.019607844 -588
23 521.5171 1164.3936 0.019607844 -588
24 519.519 1198.3759 0.019607844 -606
25 517.5208 1231.3586 0.019607844 -606
26 515.52264 1270.3384 0.019607844 -632
27 514.5236 1285.3306 0.019607844 -632
28 508.52914 1318.3134 0.019607844 -667
29 503.53375 1341.3014 0.019607844 -667
30 503.53375 1341.3014 0.019607844 -757
0 869.1952 744.6122 0.019607844 -18
1 869.1952 744.6122 0.019607844 -18
2 858.8139 744.6122 0.019607844 -51
3 831.22577 744.6122 0.019607844 -84
4 780.42706 746.59454 0.019607844 -117
5 699.40466 747.6106 0.019607844 -151
6 636.37866 746.2968 0.019607844 -184
7 583.6805 742.7071 0.019607844 -217
8 538.32495 739.61475 0.019607844 -250
9 516.5418 739.61475 0.019607844 -283
10 504.38904 739.61475 0.019607844 -316
11 497.44727 739.61475 0.019607844 -349
12 492.88345 739.61475 0.019607844 -382
13 487.13647 749.0848 0.019607844 -415
14 478.93143 872.7378 0.019607844 -448
15 485.6579 1059.6465 0.019607844 -481
16 485.6579 1059.6465 0.019607844 -514
17 491.54486 1188.381 0.019607844 -537
18 493.54303 1232.3582 0.019607844 -537
19 493.54303 1273.3368 0.019607844 -545
20 488.54764 1375.2837 0.019607844 -580
21 478.9851 1422.4019 0.019607844 -580
22 476.55875 1427.6178 0.019607844 -647
23 476.55875 1431.3894 0.019607844 -680
24 476.55875 1432.254 0.019607844 -713
25 476.55875 1433.2534 0.019607844 -720
0 878.1869 741.6137 0.019607844 -10
1 876.8667 741.6137 0.019607844 -10
2 870.67914 741.6137 0.019607844 -51
3 859.14575 741.6137 0.019607844 -68
4 814.6613 742.5855 0.019607844 -84
5 723.56354 744.6122 0.019607844 -117
6 646.383 744.6122 0.019607844 -150
7 580.19434 743.73676 0.019607844 -183
8 535.50415 741.11395 0.019607844 -216
9 512.65015 740.61426 0.019607844 -248
10 501.2869 740.61426 0.019607844 -283
11 497.46686 740.61426 0.019607844 -316
12 495.54117 741.6137 0.019607844 -349
13 495.54117 743.6127 0.019607844 -376
14 496.54025 763.6023 0.019607844 -403
15 494.7068 845.5056 0.019607844 -403
16 495.54117 976.4914 0.019607844 -432
17 494.54208 1008.47473 0.019607844 -458
18 492.54395 1075.4398 0.019607844 -485
19 490.5458 1109.4221 0.019607844 -485
20 489.54672 1137.4076 0.019607844 -503
21 486.5495 1169.3909 0.019607844 -503
22 484.55133 1190.38 0.019607844 -520
23 483.55228 1208.3706 0.019607844 -520
24 476.55875 1251.3483 0.019607844 -546
25 474.5606 1262.3425 0.019607844 -546
26 473.56152 1270.3384 0.019607844 -555
27 468.56613 1297.3242 0.019607844 -692
28 468.56613 1298.3237 0.019607844 -692
29 468.56613 1298.3237 0.019607844 -700
0 849.2137 747.6106 0.019607844 -95
1 829.1601 747.6106 0.019607844 -95
2 769.4789 748.6101 0.019607844 -111
3 683.1644 746.2832 0.019607844 -144
4 601.2394 744.6122 0.019607844 -177
5 535.57965 744.6122 0.019607844 -210
6 502.93033 744.6122 0.019607844 -243
7 499.53748 744.6122 0.019607844 -276
8 495.54117 744.6122 0.019607844 -283
9 488.54764 744.6122 0.019607844 -309
10 486.5495 744.6122 0.019607844 -309
11 476.55875 756.6059 0.019607844 -384
12 475.55966 765.7462 0.019607844 -384
13 475.55966 797.5846 0.019607844 -392
14 476.55875 823.57104 0.019607844 -402
15 478.5569 898.532 0.019607844 -429
16 479.55597 936.5122 0.019607844 -429
17 482.5532 980.4893 0.019607844 -438
18 485.5504 1024.4664 0.019607844 -457
19 488.54764 1068.4435 0.019607844 -457
20 488.54764 1068.4435 0.019607844 -466
21 493.54303 1112.4205 0.019607844 -466
22 508.52914 1324.3102 0.019607844 -517
23 508.52914 1354.2946 0.019607844 -517
24 508.52914 1368.2874 0.019607844 -534
25 508.52914 1397.2722 0.019607844 -534
26 508.52914 1400.2706 0.019607844 -569
27 508.52914 1405.2681 0.019607844 -594
28 508.52914 1407.267 0.019607844 -594
29 507.53006 1411.2649 0.019607844 -637
30 507.53006 1412.2644 0.019607844 -637
31 507.53006 1412.2644 0.019607844 -662
0 896.1702 748.6101 0.019607844 -8
1 892.11975 747.9257 0.019607844 -8
2 868.28754 747.6106 0.019607844 -58
3 806.3843 747.6106 0.019607844 -91
4 692.8764 742.9068 0.019607844 -124
5 610.9566 739.291 0.019607844 -157
6 570.5002 735.62085 0.01764706 -190
7 547.1791 734.6174 0.019607844 -223
8 536.0691 734.6174 0.019607844 -257
9 531.73486 734.6174 0.019607844 -290
10 529.5097 734.6174 0.019607844 -323
11 529.5097 735.6168 0.019607844 -356
12 528.5106 739.61475 0.019607844 -362
13 526.5125 765.60126 0.019607844 -389
14 520.51807 851.55646 0.019607844 -389
15 517.5208 888.5372 0.019607844 -407
16 516.5217 976.4914 0.019607844 -434
17 515.52264 1014.4716 0.019607844 -434
18 516.5217 1055.4503 0.019607844 -443
19 516.5217 1103.4253 0.019607844 -461
20 515.52264 1145.4034 0.019607844 -461
21 516.5217 1289.3285 0.019607844 -495
22 514.5236 1326.3092 0.019607844 -495
23 514.5236 1376.2832 0.019607844 -521
24 514.5236 1391.2754 0.019607844 -521
25 512.52545 1416.2623 0.019607844 -547
26 509.52823 1457.241 0.019607844 -547
27 509.52823 1458.2405 0.01764706 -615
0 912.1554 746.61115 0.019607844 -43
1 906.0574 746.61115 0.019607844 -43
2 889.04 747.53217 0.019607844 -59
3 863.43243 749.3942 0.019607844 -76
4 827.35114 751.6085 0.019607844 -93
5 790.5032 753.02515 0.019607844 -109
6 744.7746 753.6075 0.019607844 -126
7 654.70734 752.608 0.019607844 -142
8 613.51807 752.608 0.019607844 -175
9 586.43097 752.608 0.019607844 -192
10 558.88806 752.608 0.019607844 -208
11 553.4875 752.608 0.019607844 -241
12 549.4912 752.608 0.019607844 -250
13 534.50507 761.60333 0.019607844 -360
14 534.50507 766.6007 0.019607844 -360
15 534.50507 774.59656 0.019607844 -368
16 536.50323 810.5778 0.019607844 -396
17 538.671 840.9943 0.019607844 -396
18 538.2604 1005.3089 0.019607844 -407
19 539.9004 1152.8087 0.019607844 -440
20 535.50415 1270.0569 0.019607844 -473
21 528.4348 1327.9156 0.019607844 -506
22 527.5116 1333.3055 0.019607844 -539
23 526.5125 1338.303 0.019607844 -546
24 524.51434 1344.2998 0.019607844 -572
25 522.5162 1350.2966 0.019607844 -572
26 522.5162 1351.2961 0.019607844 -606
0 899.1674 744.6122 0.019607844 -42
1 899.15796 744.6027 0.019607844 -42
2 885.37225 742.6132 0.019607844 -51
3 842.0131 744.91254 0.019607844 -84
4 766.54016 748.5558 0.019607844 -117
5 659.8262 750.609 0.019607844 -150
6 594.1755 750.609 0.019607844 -183
7 555.04333 750.609 0.019607844 -216
8 544.122 750.609 0.019607844 -249
9 533.418 750.609 0.019607844 -266
10 531.5079 750.609 0.019607844 -299
11 530.5088 750.609 0.019607844 -307
12 522.5162 761.60333 0.019607844 -382
13 522.5162 770.59863 0.019607844 -382
14 520.51807 787.5898 0.019607844 -390
15 512.52545 955.5023 0.019607844 -435
16 512.52545 993.48254 0.019607844 -435
17 509.52823 1040.4581 0.019607844 -454
18 506.531 1076.4393 0.019607844 -454
19 505.53192 1115.4191 0.019607844 -462
20 503.53375 1162.3945 0.019607844 -479
21 495.54117 1243.3524 0.019607844 -479
22 493.54303 1270.3384 0.019607844 -497
23 487.54858 1315.315 0.019607844 -523
24 480.55505 1367.2878 0.019607844 -523
25 480.55505 1368.2874 0.019607844 -627
0 908.1591 741.6137 0.019607844 0
1 908.1591 741.6137 0.019607844 -9
2 891.85077 741.6137 0.019607844 -33
3 844.5033 741.6137 0.019607844 -66
4 763.59906 740.7145 0.019607844 -99
5 657.65643 737.6158 0.019607844 -132
6 597.91974 737.6158 0.019607844 -165
7 559.65454 737.6158 0.019607844 -198
8 540.30725 737.6158 0.019607844 -231
9 531.93494 737.6158 0.019607844 -264
10 527.2778 737.6158 0.019607844 -297
11 523.68964 737.6158 0.019607844 -330
12 523.51526 737.6158 0.019607844 -363
13 523.51526 737.6158 0.019607844 -365
14 521.5171 758.60486 0.019607844 -401
15 519.519 776.5955 0.019607844 -401
16 514.5236 834.5653 0.019607844 -429
17 512.52545 869.5471 0.019607844 -429
18 506.531 946.507 0.019607844 -447
19 506.531 992.48303 0.019607844 -447
20 503.53375 1043.4565 0.019607844 -466
21 502.5347 1097.4283 0.019607844 -466
22 501.5356 1134.4092 0.019607844 -475
23 501.5356 1223.3628 0.019607844 -501
24 502.5347 1250.3488 0.019607844 -501
25 502.5347 1310.3175 0.019607844 -527
26 500.53653 1330.3071 0.019607844 -527
27 499.53748 1346.2988 0.019607844 -536
28 498.5384 1364.2894 0.019607844 -553
29 494.54208 1399.2711 0.019607844 -553
30 494.54208 1400.2706 0.019607844 -639
0 923.14526 740.61426 0.019607844 -18
1 918.9941 740.61426 0.019607844 -18
2 888.05707 740.61426 0.019607844 -68
3 826.54114 740.61426 0.019607844 -101
4 727.969 739.61475 0.019607844 -134
5 653.0714 739.61475 0.019607844 -167
6 598.3646 741.5431 0.019607844 -200
7 551.31494 746.07526 0.019607844 -233
8 525.4391 746.61115 0.019607844 -267
9 511.0533 747.97876 0.019607844 -300
10 505.75046 747.6106 0.019607844 -333
11 502.37836 747.6106 0.019607844 -366
12 499.53748 760.6038 0.019607844 -399
13 497.5393 779.59393 0.019607844 -424
14 494.54208 835.5648 0.019607844 -452
15 494.54208 867.54816 0.019607844 -452
16 492.54395 905.5283 0.019607844 -471
17 492.54395 943.50854 0.019607844 -471
18 493.54303 984.48724 0.019607844 -480
19 494.54208 1057.4492 0.019607844 -499
20 495.54117 1102.4258 0.019607844 -499
21 495.54117 1102.4258 0.019607844 -508
22 497.5393 1196.3768 0.019607844 -508
23 497.5393 1222.3633 0.019607844 -536
24 498.5384 1256.3456 0.019607844 -562
25 498.5384 1270.3384 0.019607844 -562
26 497.5393 1280.3331 0.019607844 -571
27 494.54208 1306.3196 0.019607844 -681
28 494.54208 1306.3196 0.01764706 -681
0 864.1998 793.5867 0.019607844 -86
1 834.79443 796.3877 0.019607844 -86
2 764.29236 800.0833 0.019607844 -110
3 671.7019 799.58356 0.019607844 -143
4 583.6723 779.4366 0.019607844 -176
5 532.8649 768.0716 0.019607844 -209
6 516.5253 763.93665 0.019607844 -242
7 510.1789 762.6028 0.021568628 -275
8 506.70148 762.6028 0.021568628 -308
9 504.89734 766.7765 0.021568628 -341
10 503.40982 792.1999 0.019607844 -358
11 503.53375 810.5778 0.019607844 -391
12 503.53375 833.56586 0.019607844 -398
13 500.53653 926.5174 0.019607844 -426
14 491.01477 1050.5272 0.019607844 -426
15 486.5495 1080.4373 0.019607844 -457
16 484.55133 1112.4205 0.019607844 -464
17 465.5689 1238.355 0.019607844 -509
18 462.849 1259.5684 0.019607844 -509
19 461.57263 1270.3384 0.019607844 -523
20 460.57355 1276.3352 0.019607844 -534
21 459.57446 1291.3274 0.019607844 -605
22 459.57446 1292.3269 0.019607844 -605
0 871.19336 549.7137 0.019607844 -57
1 871.19336 549.7137 0.019607844 -67
2 868.4786 549.7137 0.019607844 -82
3 840.9167 551.7361 0.019607844 -115
4 762.65576 555.4036 0.019607844 -148
5 716.67126 557.3371 0.019607844 -181
6 650.4629 557.70953 0.019607844 -198
7 608.47205 557.70953 0.019607844 -231
8 586.7476 557.70953 0.019607844 -264
9 579.9396 557.70953 0.019607844 -297
10 576.4802 557.70953 0.019607844 -313
11 573.71924 557.70953 0.019607844 -330
12 572.4699 557.70953 0.019607844 -346
13 572.4699 557.70953 0.019607844 -358
14 355.6707 1054.4508 0.019607844 -459
15 351.67438 1092.431 0.019607844 -459
16 348.67715 1126.4133 0.019607844 -477
17 344.68085 1165.393 0.019607844 -477
18 339.6855 1208.3706 0.019607844 -486
19 568.47363 855.5544 0.019607844 -505
20 567.47455 956.5018 0.019607844 -505
21 566.47546 1018.46954 0.019607844 -531
22 563.4783 1048.4539 0.019607844 -549
23 540.4995 1048.4539 0.025490198 -549
24 546.494 1084.4352 0.019607844 -557
25 547.49304 1103.4253 0.019607844 -575
26 540.5507 1144.3015 0.019607844 -575
27 540.4995 1147.9021 0.019607844 -645
28 540.4995 1147.9021 0.023529414 -676
0 906.16095 749.60956 0.019607844 -18
1 904.636 748.84674 0.019607844 -18
2 898.20605 746.8704 0.019607844 -51
3 885.8332 746.61115 0.019607844 -68
4 838.0872 746.61115 0.019607844 -84
5 680.6272 745.06226 0.019607844 -117
6 636.5616 743.6127 0.019607844 -167
7 574.6564 742.6132 0.019607844 -184
8 540.1125 742.6132 0.019607844 -217
9 527.74036 742.6132 0.019607844 -250
10 523.0936 742.6132 0.019607844 -283
11 519.5199 742.6132 0.019607844 -316
12 519.519 742.6132 0.019607844 -349
13 518.5199 744.6122 0.019607844 -349
14 517.5208 767.6002 0.019607844 -376
15 513.52454 813.57623 0.019607844 -376
16 510.52728 843.5606 0.019607844 -395
17 506.531 917.5221 0.019607844 -423
18 501.5356 1074.4404 0.019607844 -423
19 502.5347 1113.42 0.019607844 -449
20 502.5347 1161.395 0.019607844 -467
21 501.5356 1194.3779 0.019607844 -467
22 501.5356 1258.3446 0.019607844 -493
23 502.5347 1290.3279 0.019607844 -493
24 502.5347 1308.3186 0.019607844 -511
25 503.53375 1322.3113 0.019607844 -511
26 503.53375 1360.2915 0.019607844 -553
27 502.5347 1369.2867 0.019607844 -553
28 502.5347 1371.2858 0.019607844 -579
0 899.1674 750.609 0.019607844 -16
1 899.1674 750.609 0.019607844 -16
2 899.1674 750.609 0.019607844 -24
3 898.2114 750.1308 0.019607844 -57
4 885.55133 748.48444 0.019607844 -91
5 833.38336 743.8104 0.019607844 -124
6 750.9807 737.80493 0.019607844 -157
7 676.7347 707.0855 0.019607844 -190
8 598.964 689.94434 0.019607844 -223
9 560.9905 684.58215 0.019607844 -256
10 544.46136 681.64496 0.019607844 -289
11 539.3674 681.64496 0.019607844 -322
12 538.5014 681.64496 0.019607844 -355
13 538.5014 681.64496 0.019607844 -372
14 543.49677 703.6335 0.019607844 -417
15 545.49493 717.6262 0.019607844 -417
16 551.4894 763.6023 0.019607844 -445
17 554.4866 797.5846 0.019607844 -445
18 555.48566 825.57 0.019607844 -464
19 552.48846 1136.4081 0.019607844 -464
20 548.4921 1180.3851 0.019607844 -537
21 546.494 1206.3717 0.019607844 -554
22 540.4995 1260.3435 0.019607844 -554
23 539.5005 1270.3384 0.019607844 -581
24 536.50323 1299.3232 0.019607844 -651
25 536.50323 1300.3228 0.019607844 -651
26 536.50323 1302.3217 0.019607844 -676
27 536.50323 1303.3762 0.019607844 -676
28 531.9303 1320.044 0.019607844 -686
29 528.0111 1333.8052 0.019607844 -719
30 526.01294 1342.3008 0.019607844 -751
31 525.5134 1344.2998 0.019607844 -768
32 524.51434 1348.2977 0.019607844 -773
33 494.54208 1396.2727 0.019607844 -1066
34 492.589 1397.2272 0.019607844 -1066
35 488.9567 1399.8615 0.019607844 -1082
36 484.13168 1403.6888 0.019607844 -1115
37 480.41113 1407.4109 0.019607844 -1148
38 476.8193 1411.0043 0.019607844 -1181
39 473.0502 1412.7759 0.019607844 -1214
40 469.4406 1413.2639 0.019607844 -1247
41 465.68384 1413.2639 0.019607844 -1280
42 464.0703 1413.2639 0.019607844 -1313
43 464.56985 1413.2639 0.019607844 -1326
44 464.56985 1413.2639 0.01764706 -1374
