0 861.2026 1073.4409 0.01764706 -259
1 859.5137 1071.7512 0.01764706 -259
2 851.11914 1070.4425 0.019607844 -309
3 844.5724 1070.4425 0.019607844 -341
4 837.0242 1070.4425 0.019607844 -358
5 815.12897 1070.4425 0.019607844 -374
6 787.18463 1070.4425 0.019607844 -407
7 751.996 1069.443 0.019607844 -440
8 708.2314 1065.8892 0.019607844 -473
9 662.5737 1063.2118 0.019607844 -506
10 609.91986 1058.6729 0.019607844 -540
11 557.11646 1055.1914 0.019607844 -573
12 530.1267 1053.1696 0.019607844 -606
13 508.9736 1052.4014 0.019607844 -622
14 485.85516 1050.6064 0.019607844 -639
15 464.70212 1050.4529 0.019607844 -655
16 453.43503 1050.4529 0.019607844 -672
17 445.72742 1049.2385 0.019607844 -688
18 439.5496 1049.4534 0.019607844 -705
19 436.00708 1049.4534 0.019607844 -721
20 430.19916 1049.4534 0.019607844 -738
21 426.65152 1049.4534 0.019607844 -771
22 423.0768 1049.4534 0.019607844 -804
23 420.54837 1049.9843 0.019607844 -821
24 416.98224 1053.0831 0.019607844 -837
25 409.1748 1071.3347 0.019607844 -854
26 401.19998 1087.9476 0.019607844 -870
27 390.24936 1121.5837 0.019607844 -887
28 382.73743 1148.5576 0.019607844 -903
29 374.4623 1190.1439 0.019607844 -920
30 367.23773 1233.3131 0.01764706 -936
31 360.19623 1285.0928 0.019607844 -953
32 353.89413 1339.3059 0.019607844 -969
33 349.6762 1377.2827 0.019607844 -986
34 344.9378 1425.1906 0.019607844 -1002
35 334.65704 1526.2941 0.019607844 -1019
36 323.72147 1624.9626 0.019607844 -1052
37 313.96487 1709.5687 0.01764706 -1085
38 309.46188 1747.1028 0.019607844 -1118
39 305.631 1790.8983 0.019607844 -1135
40 302.09628 1825.793 0.019607844 -1151
41 297.42383 1840.9435 0.019607844 -1184
42 294.1971 1849.1588 0.019607844 -1201
43 292.2919 1854.9088 0.019607844 -1217
44 291.7299 1858.0322 0.019607844 -1234
45 291.7299 1858.0322 0.019607844 -1247
0 921.1471 1046.455 0.01764706 0
1 921.1471 1046.455 0.01764706 -8
2 915.0721 1045.4554 0.01764706 -50
3 897.4472 1045.4554 0.01764706 -83
4 868.7987 1045.4554 0.01764706 -116
5 840.9454 1045.4554 0.01764706 -149
6 818.916 1045.4554 0.019607844 -166
7 795.17096 1045.4554 0.01764706 -182
8 746.8956 1046.455 0.019607844 -199
9 686.0476 1047.4545 0.01764706 -232
10 613.83984 1047.4545 0.01764706 -265
11 578.6773 1047.4545 0.01764706 -298
12 524.1983 1047.4545 0.01764706 -315
13 497.14453 1047.4545 0.01764706 -348
14 458.80902 1047.4545 0.01764706 -364
15 447.6477 1047.4545 0.01764706 -397
16 439.77243 1047.4545 0.01764706 -414
17 429.1439 1046.455 0.01764706 -430
18 425.37744 1046.455 0.01764706 -463
19 421.71066 1046.455 0.01764706 -480
20 414.76892 1046.455 0.019607844 -496
21 410.92508 1047.3018 0.019607844 -529
22 399.91428 1072.5878 0.019607844 -546
23 386.56763 1138.804 0.019607844 -579
24 378.3706 1194.9077 0.01764706 -612
25 368.93997 1248.3398 0.019607844 -629
26 358.82745 1302.6827 0.019607844 -645
27 346.56955 1362.1396 0.019607844 -662
28 326.56686 1466.586 0.019607844 -678
29 315.24847 1547.2316 0.01764706 -711
30 303.33914 1644.7832 0.019607844 -728
31 298.89993 1699.9341 0.019607844 -761
32 296.4843 1743.4329 0.019607844 -777
33 296.72525 1792.6464 0.019607844 -794
34 297.85236 1816.5914 0.019607844 -810
35 298.72342 1854.0343 0.019607844 -827
36 298.72342 1854.0343 0.019607844 -843
0 920.148 1019.469 0.01764706 -9
1 918.04395 1022.5734 0.01764706 -9
2 916.1393 1024.4789 0.01764706 -26
3 913.3412 1026.372 0.01764706 -42
4 910.3549 1027.4648 0.01764706 -59
5 900.84186 1030.0221 0.01764706 -75
6 881.64844 1026.3984 0.019607844 -108
7 841.9745 1027.7571 0.019607844 -141
8 840.22205 1027.4648 0.019607844 -174
9 828.2331 1030.4633 0.01764706 -176
10 803.2562 1035.4607 0.01764706 -203
11 789.2692 1031.4628 0.019607844 -203
12 774.2831 1034.4612 0.01764706 -212
13 727.32654 1033.4617 0.019607844 -248
14 682.36816 1031.4628 0.019607844 -248
15 660.38855 1035.4607 0.01764706 -266
16 621.4246 1032.4623 0.019607844 -292
17 534.80005 1023.1065 0.019607844 -292
18 534.80005 1023.1065 0.01764706 -340
19 497.5393 1026.4653 0.019607844 -365
20 485.5504 1024.4664 0.019607844 -365
21 465.5689 1020.4685 0.019607844 -392
22 458.5754 1018.46954 0.019607844 -392
23 446.5865 1015.47107 0.019607844 -419
24 442.5902 1014.4716 0.019607844 -419
25 436.59573 1012.47266 0.019607844 -446
26 422.6087 1025.466 0.01764706 -446
27 419.84537 1028.613 0.019607844 -505
28 412.494 1064.1282 0.019607844 -522
29 409.7509 1116.0737 0.01764706 -555
30 407.89536 1159.6584 0.019607844 -571
31 406.6235 1212.88 0.019607844 -588
32 405.23212 1268.8676 0.019607844 -604
33 402.66464 1404.3945 0.019607844 -621
34 402.6272 1406.2676 0.01764706 -654
35 400.62906 1466.2363 0.01764706 -654
36 399.62997 1496.2207 0.019607844 -671
37 385.59537 1665.5609 0.01764706 -671
38 380.6138 1705.8732 0.019607844 -720
39 375.84854 1742.1183 0.01764706 -737
40 373.31448 1755.4646 0.01764706 -753
41 371.44522 1762.9252 0.019607844 -770
42 369.6668 1769.0514 0.019607844 -786
43 368.65866 1772.7407 0.019607844 -803
44 368.65866 1774.805 0.019607844 -819
45 368.65866 1776.7266 0.01764706 -836
46 368.65866 1778.0739 0.015686275 -852
47 368.65866 1778.0739 0.015686275 -882
0 925.1434 1005.4763 0.01764706 0
1 925.1434 1005.4763 0.01764706 -9
2 923.206 1005.4763 0.01764706 -35
3 919.42523 1005.4763 0.019607844 -51
4 911.49194 1005.4763 0.019607844 -68
5 905.16187 1005.4763 0.019607844 -84
6 898.1684 1005.4763 0.019607844 -96
7 881.1841 1005.4763 0.019607844 -122
8 862.20166 1005.4763 0.019607844 -122
9 850.21277 1006.47577 0.019607844 -140
10 822.23865 1007.4752 0.019607844 -167
11 790.26355 1009.3569 0.019607844 -167
12 762.45056 1015.5313 0.019607844 -184
13 742.3127 1017.47003 0.019607844 -200
14 725.3284 1016.4706 0.019607844 -212
15 693.35803 1019.469 0.019607844 -238
16 677.3728 1017.47003 0.019607844 -238
17 660.38855 1015.47107 0.019607844 -247
18 645.4024 1013.4721 0.019607844 -265
19 618.42737 1012.47266 0.019607844 -265
20 564.47736 1008.47473 0.019607844 -301
21 548.4921 1008.47473 0.019607844 -301
22 522.5162 1007.4752 0.019607844 -328
23 511.52637 1007.4752 0.019607844 -328
24 501.5356 1006.47577 0.019607844 -346
25 493.54303 1005.4763 0.019607844 -346
26 472.56244 1005.4763 0.019607844 -382
27 454.5791 1005.4763 0.019607844 -382
28 451.58188 1005.4763 0.019607844 -419
29 436.59573 1014.4716 0.01764706 -483
30 432.1895 1019.5844 0.019607844 -483
31 428.57037 1025.5315 0.019607844 -498
32 418.29703 1065.339 0.019607844 -514
33 412.90714 1103.1099 0.019607844 -547
34 407.3657 1153.2373 0.019607844 -564
35 401.94885 1242.8771 0.019607844 -580
36 396.60358 1301.9862 0.019607844 -614
37 391.00256 1370.9111 0.019607844 -630
38 386.57477 1434.0603 0.019607844 -647
39 379.78918 1493.1895 0.01764706 -663
40 373.92447 1551.3496 0.01764706 -680
41 364.69724 1637.763 0.019607844 -696
42 358.6679 1685.6221 0.019607844 -729
43 353.82687 1730.5536 0.01764706 -745
44 351.378 1750.0549 0.01764706 -762
45 349.44604 1764.6936 0.019607844 -779
46 347.5075 1772.7595 0.019607844 -795
47 347.67807 1777.2836 0.019607844 -812
48 347.67807 1780.0748 0.019607844 -828
49 347.67807 1781.9808 0.019607844 -845
50 347.67807 1782.0718 0.01764706 -862
51 347.67807 1782.0718 0.01764706 -878
52 347.67807 1782.0718 0.01764706 -879
0 948.12213 1045.4554 0.015686275 0
1 948.12213 1045.4554 0.013725491 -34
2 944.089 1044.4559 0.015686275 -51
3 939.322 1044.4559 0.01764706 -68
4 932.0781 1044.4559 0.01764706 -84
5 911.8107 1044.4559 0.01764706 -101
6 873.8542 1044.4559 0.01764706 -134
7 841.29144 1044.4559 0.01764706 -167
8 812.61053 1044.4559 0.01764706 -183
9 781.0107 1044.4559 0.019607844 -200
10 752.0068 1044.4559 0.01764706 -216
11 719.7563 1044.4559 0.01764706 -233
12 687.26337 1044.4559 0.019607844 -249
13 653.275 1044.4559 0.01764706 -266
14 570.44574 1044.4559 0.01764706 -282
15 538.0447 1044.4559 0.01764706 -316
16 513.5562 1044.4559 0.01764706 -332
17 488.82553 1037.9087 0.019607844 -349
18 467.24146 1037.6635 0.01764706 -365
19 455.16782 1039.3605 0.01764706 -382
20 446.68048 1039.4586 0.01764706 -398
21 441.50266 1039.4586 0.01764706 -415
22 437.93222 1036.7976 0.019607844 -431
23 435.41705 1037.4596 0.01764706 -448
24 433.5792 1037.4596 0.01764706 -464
25 429.97046 1037.4596 0.019607844 -481
26 428.11777 1037.4596 0.019607844 -514
27 423.12677 1055.0305 0.019607844 -531
28 419.0258 1100.0135 0.019607844 -562
29 416.38977 1151.0569 0.019607844 -579
30 415.61517 1201.0284 0.019607844 -595
31 415.61517 1263.9028 0.019607844 -612
32 414.42944 1353.8224 0.01764706 -628
33 412.6043 1430.6709 0.019607844 -645
34 406.01816 1522.8862 0.019607844 -661
35 399.64865 1583.4143 0.019607844 -678
36 394.2848 1623.3055 0.01764706 -694
37 387.7643 1676.1401 0.01764706 -711
38 384.02023 1693.1754 0.019607844 -727
39 375.37387 1735.5815 0.01764706 -744
40 372.71603 1749.7218 0.01764706 -777
41 370.8078 1756.6316 0.01764706 -794
42 370.6568 1761.5118 0.01764706 -810
43 370.6568 1764.6116 0.01764706 -827
44 370.6568 1766.5088 0.01764706 -843
45 370.6568 1768.3461 0.01764706 -860
46 370.6568 1770.3728 0.01764706 -876
47 370.6568 1770.3728 0.01764706 -893
0 969.10266 1045.4554 0.01764706 -9
1 969.10266 1045.4554 0.01764706 -18
2 967.3436 1045.4554 0.01764706 -33
3 960.9577 1045.4554 0.01764706 -50
4 951.6105 1045.4554 0.01764706 -66
5 938.58966 1045.4554 0.01764706 -83
6 923.4147 1045.4554 0.01764706 -99
7 903.6003 1045.4554 0.01764706 -116
8 883.43463 1045.4554 0.01764706 -132
9 860.6935 1045.4554 0.01764706 -149
10 827.8131 1047.2919 0.01764706 -165
11 790.45996 1048.4539 0.019607844 -182
12 754.24567 1049.0564 0.01764706 -198
13 717.4677 1050.8961 0.019607844 -215
14 678.63336 1050.4529 0.01764706 -231
15 607.6152 1048.4539 0.01764706 -248
16 558.64185 1047.4545 0.01764706 -281
17 527.8238 1046.455 0.01764706 -297
18 500.65604 1046.455 0.01764706 -314
19 480.9038 1046.455 0.01764706 -330
20 465.13477 1046.455 0.01764706 -347
21 455.2791 1046.455 0.01764706 -364
22 443.79776 1046.455 0.01764706 -380
23 438.90182 1046.455 0.01764706 -413
24 436.52283 1046.455 0.01764706 -430
25 432.93365 1046.455 0.019607844 -446
26 431.03857 1046.455 0.019607844 -479
27 422.9646 1062.3779 0.01764706 -496
28 418.65286 1079.2893 0.019607844 -529
29 414.0553 1126.7104 0.01764706 -545
30 407.11514 1241.0509 0.01764706 -562
31 403.63196 1307.2164 0.019607844 -596
32 401.11508 1363.7897 0.019607844 -612
33 396.33643 1430.5175 0.019607844 -629
34 387.6104 1528.56 0.01764706 -646
35 383.83682 1573.8734 0.019607844 -662
36 377.40573 1621.3657 0.019607844 -679
37 371.5016 1669.9429 0.01764706 -695
38 368.19064 1698.6736 0.019607844 -712
39 364.9491 1737.2947 0.01764706 -728
40 363.428 1751.9713 0.019607844 -745
41 361.57526 1763.6211 0.019607844 -761
42 361.66513 1773.844 0.019607844 -778
43 361.66513 1780.4221 0.019607844 -794
44 361.66513 1786.0277 0.019607844 -811
45 361.66513 1790.1825 0.019607844 -827
46 361.66513 1792.5431 0.019607844 -844
47 361.66513 1794.4734 0.019607844 -860
48 361.66513 1796.3921 0.019607844 -877
49 361.66513 1798.33 0.019607844 -893
50 361.66513 1798.33 0.01764706 -910
0 944.1258 1045.4554 0.015686275 -10
1 944.1258 1045.4554 0.01764706 -19
2 939.0985 1045.4554 0.015686275 -43
3 931.2511 1045.4554 0.01764706 -76
4 920.9074 1045.4554 0.01764706 -93
5 907.6399 1045.4554 0.01764706 -109
6 874.4261 1045.4554 0.01764706 -126
7 848.8313 1045.4554 0.01764706 -159
8 822.7287 1045.4554 0.01764706 -175
9 784.1127 1045.4554 0.01764706 -192
10 750.0768 1040.2161 0.01764706 -208
11 715.96796 1040.0682 0.01764706 -225
12 681.9678 1041.8994 0.01764706 -241
13 585.9747 1041.4575 0.01764706 -258
14 543.35895 1029.2589 0.019607844 -307
15 515.3786 1028.9581 0.01764706 -324
16 494.7955 1022.5181 0.019607844 -340
17 476.46823 1018.8512 0.019607844 -357
18 462.55542 1016.3436 0.019607844 -373
19 452.70987 1013.4979 0.019607844 -390
20 446.17386 1011.6687 0.019607844 -407
21 441.39355 1009.8751 0.019607844 -423
22 437.75058 1009.05237 0.019607844 -440
23 433.57507 1008.47473 0.019607844 -456
24 428.80325 1016.0702 0.01764706 -489
25 425.1755 1021.61414 0.019607844 -506
26 414.97668 1058.2346 0.01764706 -522
27 406.77502 1121.1271 0.01764706 -556
28 402.75742 1193.3376 0.019607844 -589
29 397.3862 1269.7698 0.019607844 -606
30 394.01157 1328.5797 0.019607844 -622
31 389.77194 1384.1188 0.019607844 -639
32 384.93704 1451.4885 0.019607844 -655
33 379.0835 1512.867 0.019607844 -672
34 370.20792 1597.1368 0.019607844 -688
35 362.2309 1674.8804 0.01764706 -705
36 359.9819 1697.9635 0.019607844 -738
37 355.43204 1733.1498 0.01764706 -754
38 353.13672 1748.7706 0.01764706 -771
39 351.67438 1756.5293 0.01764706 -787
40 351.67438 1762.3313 0.01764706 -804
41 351.67438 1765.8016 0.01764706 -820
42 351.67438 1767.3264 0.01764706 -837
43 351.67438 1769.3822 0.01764706 -853
44 351.67438 1769.0786 0.01764706 -870
45 351.67438 1769.0786 0.01764706 -876
0 972.0999 1046.455 0.015686275 -8
1 972.0999 1046.455 0.015686275 -8
2 953.1175 1043.4565 0.015686275 -41
3 950.4563 1035.965 0.01764706 -41
4 934.6927 1031.0366 0.01764706 -57
5 905.0846 1029.5405 0.019607844 -91
6 858.0864 1033.2035 0.019607844 -124
7 821.28955 1038.3425 0.01764706 -157
8 785.5293 1041.2336 0.01764706 -173
9 753.6935 1043.0095 0.01764706 -190
10 715.8606 1044.4559 0.01764706 -206
11 678.25464 1044.4559 0.01764706 -223
12 641.7802 1044.4559 0.01764706 -239
13 602.952 1044.4559 0.01764706 -256
14 557.489 1037.1115 0.019607844 -272
15 507.4049 1040.9238 0.01764706 -289
16 492.66623 1030.0247 0.019607844 -322
17 482.62833 1026.1572 0.019607844 -338
18 475.7562 1022.5658 0.019607844 -355
19 471.02655 1020.6997 0.019607844 -371
20 465.1949 1017.0958 0.019607844 -388
21 458.55884 1023.4835 0.01764706 -421
22 449.79718 1047.9928 0.019607844 -454
23 445.62674 1074.6057 0.019607844 -487
24 437.27075 1174.902 0.019607844 -504
25 434.59586 1282.3806 0.01764706 -537
26 432.90222 1351.0839 0.019607844 -553
27 429.93896 1428.1443 0.01764706 -570
28 426.06473 1503.9235 0.019607844 -586
29 418.4098 1615.0853 0.019607844 -603
30 413.14493 1667.8569 0.01764706 -636
31 407.4687 1718.5681 0.01764706 -652
32 402.84814 1741.9868 0.01764706 -669
33 399.81958 1754.1375 0.01764706 -686
34 397.97345 1761.0569 0.01764706 -702
35 396.63275 1765.1779 0.01764706 -719
36 396.63275 1767.5612 0.01764706 -735
37 396.63275 1769.512 0.01764706 -752
38 396.63275 1771.4757 0.01764706 -768
39 396.63275 1771.4757 0.01764706 -785
0 951.1193 997.48047 0.01764706 0
1 951.1193 997.48047 0.01764706 0
2 945.6487 997.48047 0.019607844 -22
3 937.00696 997.48047 0.019607844 -71
4 927.1986 997.48047 0.019607844 -88
5 891.95825 997.48047 0.019607844 -104
6 826.7893 1001.2694 0.019607844 -137
7 791.51636 1003.11505 0.019607844 -170
8 754.7098 1004.4768 0.019607844 -187
9 713.36 1004.4768 0.019607844 -203
10 670.13934 1004.4768 0.019607844 -220
11 620.4106 1003.5063 0.019607844 -236
12 596.44775 1003.47736 0.019607844 -253
13 576.46625 1002.47784 0.019607844 -262
14 527.5116 1001.4784 0.019607844 -298
15 505.15103 1001.4784 0.019607844 -298
16 505.15103 1001.4784 0.019607844 -319
17 473.56152 1001.4784 0.019607844 -425
18 472.44574 1001.4784 0.019607844 -425
19 464.679 1018.8811 0.019607844 -435
20 459.5203 1041.7286 0.019607844 -468
21 453.61496 1072.5881 0.019607844 -484
22 448.44815 1116.1951 0.019607844 -501
23 435.65323 1268.6034 0.019607844 -517
24 429.87643 1331.8884 0.019607844 -550
25 418.08856 1473.0491 0.01764706 -567
26 409.55576 1541.5693 0.01764706 -600
27 400.27704 1599.4319 0.019607844 -617
28 389.9177 1658.4637 0.019607844 -633
29 384.20633 1688.4976 0.019607844 -650
30 377.74765 1721.5188 0.019607844 -666
31 373.44977 1744.9088 0.01764706 -683
32 371.21695 1756.7213 0.019607844 -699
33 369.405 1761.8412 0.019607844 -716
34 368.65866 1766.5366 0.019607844 -732
35 368.65866 1769.173 0.01764706 -749
36 368.65866 1771.0985 0.01764706 -765
37 368.65866 1771.0985 0.01764706 -782
0 959.11194 1046.455 0.01764706 0
1 959.11194 1046.455 0.01764706 0
2 959.11194 1046.455 0.01764706 -23
3 954.18243 1045.4554 0.01764706 -50
4 944.62537 1045.4554 0.01764706 -90
5 932.0762 1045.4554 0.01764706 -107
6 914.80664 1045.4554 0.01764706 -123
7 889.68085 1045.4554 0.01764706 -140
8 853.41565 1045.4554 0.01764706 -156
9 779.49646 1045.4554 0.01764706 -173
10 739.3935 1045.4554 0.01764706 -206
11 701.2014 1045.4554 0.01764706 -223
12 664.4159 1045.4554 0.01764706 -239
13 625.48706 1045.4554 0.01764706 -256
14 582.4243 1045.4554 0.01764706 -272
15 545.3947 1045.4554 0.01764706 -289
16 521.01764 1045.4554 0.01764706 -305
17 502.8024 1045.4554 0.01764706 -321
18 480.3253 1031.7194 0.019607844 -338
19 470.45554 1033.239 0.01764706 -371
20 463.74988 1035.0677 0.01764706 -388
21 459.75674 1035.4607 0.019607844 -404
22 456.14032 1035.4607 0.019607844 -421
23 452.4928 1037.5037 0.019607844 -437
24 446.36667 1052.9558 0.019607844 -454
25 439.622 1073.3248 0.019607844 -470
26 432.9987 1116.6211 0.01764706 -487
27 427.6501 1196.1794 0.019607844 -504
28 424.63974 1256.4568 0.019607844 -537
29 412.99597 1420.2332 0.01764706 -553
30 397.7032 1541.2544 0.01764706 -586
31 389.2826 1605.748 0.01764706 -619
32 384.13025 1637.5742 0.019607844 -636
33 377.6521 1690.1042 0.01764706 -652
34 371.9178 1735.9987 0.01764706 -669
35 369.98358 1754.1508 0.019607844 -685
36 368.0324 1767.8402 0.019607844 -702
37 366.6605 1775.6256 0.019607844 -718
38 366.6605 1781.1201 0.019607844 -735
39 366.6605 1784.4344 0.019607844 -751
40 366.6605 1786.1515 0.019607844 -768
41 366.6605 1787.0692 0.01764706 -784
42 374.6531 1768.0791 0.023529414 -792
0 974.0981 1047.4545 0.01764706 -8
1 974.0981 1047.4545 0.01764706 -8
2 974.0981 1047.4545 0.01764706 -25
3 967.83435 1047.4545 0.01764706 -29
4 943.7298 1047.4545 0.01764706 -75
5 923.7946 1047.4545 0.01764706 -108
6 899.6043 1047.4545 0.01764706 -125
7 860.63574 1047.4545 0.01764706 -141
8 821.6949 1047.4545 0.01764706 -158
9 780.34985 1047.4545 0.01764706 -174
10 739.63513 1046.455 0.01764706 -191
11 700.0674 1046.455 0.01764706 -207
12 654.58527 1041.0026 0.01764706 -224
13 618.3289 1034.8314 0.019607844 -240
14 581.2235 1026.7716 0.019607844 -257
15 553.3224 1022.7412 0.019607844 -273
16 534.5852 1023.6534 0.019607844 -290
17 519.39935 1029.6337 0.01764706 -306
18 511.64697 1031.6385 0.01764706 -323
19 506.38797 1033.5094 0.01764706 -340
20 502.77887 1033.4617 0.01764706 -356
21 499.17725 1033.4617 0.01764706 -373
22 497.03494 1033.4617 0.01764706 -389
23 495.20224 1033.4617 0.019607844 -406
24 493.40256 1033.4617 0.019607844 -422
25 490.53485 1035.4717 0.019607844 -439
26 483.46097 1052.5443 0.019607844 -455
27 470.24237 1111.8253 0.01764706 -472
28 467.0969 1149.4607 0.019607844 -505
29 453.5303 1344.2582 0.019607844 -521
30 432.63287 1476.8585 0.01764706 -571
31 412.27722 1597.1171 0.01764706 -604
32 398.6495 1662.0465 0.019607844 -637
33 390.94867 1694.8746 0.019607844 -653
34 383.21094 1735.4558 0.01764706 -670
35 378.37216 1752.5583 0.019607844 -687
36 375.1818 1763.4355 0.019607844 -703
37 373.36917 1771.2179 0.019607844 -720
38 371.5286 1775.3301 0.019607844 -736
39 370.6568 1778.1074 0.019607844 -753
40 370.6568 1779.0734 0.01764706 -769
41 376.65125 1764.0812 0.023529414 -777
0 966.10547 1043.4565 0.01764706 0
1 966.10547 1029.5448 0.01764706 0
2 964.2511 1027.4648 0.01764706 -34
3 962.3695 1027.4648 0.01764706 -51
4 953.29596 1020.55774 0.019607844 -67
5 943.67645 1016.2458 0.019607844 -100
6 931.129 1011.899 0.019607844 -117
7 913.1545 1008.47473 0.019607844 -133
8 900.1665 1006.47577 0.019607844 -148
9 865.1989 1001.4784 0.019607844 -175
10 822.1845 1001.4784 0.019607844 -175
11 816.2442 1001.4784 0.019607844 -199
12 796.2627 1001.4784 0.019607844 -203
13 759.29694 1001.4784 0.019607844 -228
14 739.3154 1001.4784 0.019607844 -228
15 699.3525 1001.4784 0.019607844 -255
16 637.60925 1001.4784 0.019607844 -255
17 585.4579 1001.4784 0.019607844 -282
18 566.47546 1001.4784 0.019607844 -300
19 522.5162 1001.4784 0.019607844 -336
20 509.72034 1001.4784 0.019607844 -336
21 504.53284 1002.47784 0.019607844 -348
22 496.54025 1002.47784 0.019607844 -355
23 470.5643 1003.47736 0.019607844 -410
24 464.85516 1005.8334 0.019607844 -410
25 453.96405 1018.9567 0.019607844 -431
26 448.12982 1034.6453 0.019607844 -464
27 442.6969 1063.2811 0.019607844 -480
28 437.312 1096.1213 0.019607844 -497
29 429.412 1195.9479 0.019607844 -513
30 422.57538 1386.9113 0.019607844 -546
31 419.6053 1451.8767 0.019607844 -579
32 413.07947 1602.1333 0.01764706 -596
33 410.45026 1662.5283 0.01764706 -629
34 405.71048 1719.927 0.019607844 -645
35 402.77457 1752.8744 0.019607844 -662
36 399.40845 1783.8446 0.019607844 -678
37 396.016 1806.9974 0.019607844 -695
38 394.13828 1817.0406 0.019607844 -711
39 392.2949 1823.0762 0.019607844 -728
40 392.63644 1827.598 0.019607844 -744
41 392.63644 1830.2019 0.019607844 -761
42 392.63644 1832.2588 0.019607844 -778
43 392.63644 1832.2588 0.019607844 -794
0 945.1249 421.7803 0.019607844 0
1 945.1249 421.7803 0.019607844 0
2 945.1249 421.7803 0.019607844 -16
3 945.1249 421.7803 0.019607844 -32
4 943.0988 420.26712 0.019607844 -65
5 937.63184 418.2821 0.019607844 -82
6 928.66266 417.7824 0.019607844 -99
7 911.01746 416.54538 0.019607844 -116
8 889.579 416.78293 0.019607844 -132
9 854.6815 417.76273 0.019607844 -149
10 816.12604 418.78186 0.019607844 -165
11 775.9796 419.78134 0.019607844 -182
12 738.3164 421.28058 0.019607844 -198
13 692.3165 421.7803 0.019607844 -215
14 652.7414 421.7803 0.019607844 -231
15 609.2748 421.7803 0.019607844 -248
16 557.0558 419.88843 0.019607844 -264
17 522.39746 418.09177 0.021568628 -281
18 493.21106 417.7824 0.021568628 -298
19 470.39682 417.7824 0.021568628 -314
20 454.14142 416.60327 0.021568628 -331
21 442.63406 416.78293 0.021568628 -347
22 434.42 416.78293 0.021568628 -364
23 428.78925 416.78293 0.021568628 -380
24 424.78098 416.78293 0.021568628 -397
25 421.2097 416.78293 0.019607844 -413
26 419.59796 416.78293 0.019607844 -430
27 417.76834 417.62732 0.019607844 -447
28 414.5983 424.15994 0.019607844 -463
29 411.14044 439.55997 0.021568628 -480
30 409.62073 457.84088 0.019607844 -496
31 407.62256 545.85974 0.019607844 -513
32 413.2208 686.95197 0.019607844 -546
33 416.85623 811.35876 0.019607844 -579
34 421.23206 902.2833 0.021568628 -612
35 420.61053 984.58435 0.019607844 -629
36 423.59567 1045.1158 0.021568628 -645
37 424.43036 1094.1904 0.021568628 -662
38 424.60684 1124.3411 0.019607844 -678
39 424.60684 1140.3325 0.019607844 -695
40 424.60684 1167.4034 0.021568628 -711
41 423.36133 1178.8661 0.021568628 -728
42 422.6087 1190.1812 0.019607844 -744
43 422.6087 1194.1371 0.019607844 -778
44 422.6087 1197.1382 0.019607844 -794
45 422.6087 1198.3759 0.019607844 -811
46 428.60315 1243.3524 0.023529414 -820
0 951.1193 1045.4554 0.01764706 0
1 951.1193 1045.4554 0.01764706 0
2 946.75275 1038.0886 0.019607844 -25
3 940.53906 1034.1663 0.019607844 -63
4 931.47644 1031.9948 0.019607844 -80
5 918.36975 1035.1558 0.01764706 -96
6 872.30786 1037.5775 0.01764706 -113
7 841.6576 1037.3826 0.019607844 -146
8 812.1585 1040.287 0.01764706 -163
9 776.7527 1042.1532 0.01764706 -179
10 741.3136 1043.9563 0.01764706 -196
11 702.10834 1040.2075 0.01764706 -212
12 616.78033 1020.87726 0.019607844 -229
13 580.51874 1015.7128 0.019607844 -262
14 527.22174 1014.6166 0.019607844 -279
15 506.29282 1017.14636 0.019607844 -312
16 490.104 1015.2909 0.019607844 -328
17 477.59402 1015.47107 0.019607844 -345
18 469.33698 1015.47107 0.019607844 -361
19 463.81604 1015.47107 0.019607844 -378
20 458.37515 1019.6694 0.019607844 -394
21 455.07684 1022.969 0.019607844 -411
22 447.86417 1030.1846 0.019607844 -427
23 444.89764 1038.6016 0.019607844 -461
24 442.09732 1062.3667 0.019607844 -477
25 440.233 1088.8235 0.019607844 -494
26 439.59296 1171.4116 0.019607844 -510
27 440.57996 1226.9008 0.019607844 -527
28 440.95282 1362.5406 0.01764706 -543
29 438.16003 1422.9838 0.019607844 -576
30 427.96243 1554.9618 0.019607844 -593
31 421.03577 1612.4646 0.01764706 -624
32 416.36707 1654.8632 0.019607844 -640
33 412.27942 1683.8171 0.019607844 -657
34 408.63507 1700.554 0.019607844 -674
35 407.1544 1712.9194 0.019607844 -690
36 405.294 1719.0967 0.019607844 -707
37 403.37692 1723.6014 0.019607844 -723
38 403.62628 1727.5409 0.019607844 -740
39 403.62628 1731.0458 0.019607844 -756
40 403.62628 1731.0984 0.019607844 -789
41 403.62628 1732.0978 0.01764706 -797
0 953.1175 1002.47784 0.01764706 0
1 953.1175 1002.47784 0.01764706 -5
2 953.1175 1002.47784 0.019607844 -21
3 953.1175 1002.47784 0.019607844 -56
4 948.3969 1002.47784 0.019607844 -64
5 931.458 1002.47784 0.019607844 -106
6 908.3379 1002.47784 0.019607844 -139
7 885.1464 1003.4031 0.019607844 -156
8 859.4444 1004.2609 0.019607844 -172
9 830.0662 1004.4768 0.019607844 -189
10 796.4151 1005.4763 0.019607844 -205
11 761.2518 1004.1589 0.019607844 -222
12 761.2518 1004.1589 0.019607844 -238
13 689.3617 1000.4789 0.019607844 -262
14 664.3848 998.4799 0.019607844 -262
15 641.4061 997.48047 0.019607844 -280
16 619.42645 995.4815 0.019607844 -280
17 601.4431 994.482 0.019607844 -298
18 586.457 993.48254 0.019607844 -298
19 516.5217 993.48254 0.019607844 -370
20 509.5167 993.48254 0.019607844 -370
21 504.8892 993.48254 0.019607844 -387
22 501.88446 993.48254 0.019607844 -404
23 500.06488 993.48254 0.019607844 -420
24 497.0313 995.7356 0.019607844 -437
25 491.16595 1010.2323 0.019607844 -454
26 486.63278 1022.17584 0.019607844 -470
27 480.44827 1047.9885 0.019607844 -487
28 475.28387 1087.7798 0.019607844 -503
29 469.0599 1135.8428 0.019607844 -520
30 455.38245 1285.6423 0.019607844 -536
31 447.38095 1348.2542 0.019607844 -569
32 432.0633 1487.0553 0.019607844 -586
33 423.8367 1548.9435 0.019607844 -619
34 417.47217 1607.7195 0.01764706 -636
35 409.65433 1666.7034 0.01764706 -652
36 406.5303 1688.6802 0.019607844 -669
37 401.67505 1724.7102 0.019607844 -685
38 395.8965 1755.0334 0.01764706 -702
39 394.6346 1765.0057 0.019607844 -735
40 394.6346 1768.63 0.019607844 -768
41 394.6346 1770.078 0.01764706 -784
42 394.6346 1771.0775 0.01764706 -796
0 977.0953 1050.4529 0.01764706 0
1 974.62195 1050.4529 0.019607844 0
2 968.0871 1050.4529 0.019607844 -48
3 956.71014 1051.0817 0.019607844 -65
4 937.13226 1053.4513 0.019607844 -81
5 928.1406 1054.4508 0.019607844 -102
6 902.1647 1055.4503 0.019607844 -128
7 888.1776 1056.4497 0.019607844 -128
8 867.197 1057.4492 0.019607844 -137
9 846.2165 1058.4487 0.019607844 -155
10 828.2331 1058.4487 0.019607844 -155
11 809.2507 1058.4487 0.019607844 -173
12 789.2692 1060.4476 0.019607844 -173
13 748.3071 1062.4467 0.019607844 -199
14 673.8503 1063.446 0.019607844 -199
15 620.42554 1065.4451 0.019607844 -231
16 592.4514 1065.4451 0.019607844 -254
17 570.4718 1065.4451 0.019607844 -272
18 526.5125 1065.4451 0.019607844 -272
19 516.5217 1065.4451 0.019607844 -299
20 461.57263 1064.4456 0.019607844 -427
21 456.44165 1070.7137 0.019607844 -427
22 453.58002 1075.4398 0.019607844 -444
23 450.5828 1084.4352 0.019607844 -453
24 444.58835 1125.4138 0.019607844 -480
25 441.59113 1236.274 0.01764706 -480
26 441.59113 1292.6633 0.019607844 -510
27 438.78497 1403.7224 0.019607844 -527
28 435.04263 1492.8723 0.01764706 -543
29 426.24783 1640.3403 0.019607844 -560
30 418.28885 1744.5968 0.019607844 -593
31 416.32297 1768.5775 0.019607844 -626
32 414.33105 1783.0682 0.019607844 -643
33 411.48145 1810.4326 0.019607844 -659
34 410.522 1816.739 0.019607844 -676
35 410.6198 1816.0541 0.019607844 -692
36 410.6198 1816.0541 0.019607844 -709
37 410.6198 1815.0546 0.019607844 -725
38 410.6198 1814.0552 0.019607844 -733
0 1017.0583 841.56165 0.019607844 -69
1 1004.1963 838.9174 0.019607844 -69
2 992.3893 834.9281 0.019607844 -92
3 976.1215 832.56635 0.019607844 -109
4 935.60913 833.52625 0.019607844 -125
5 894.27563 826.9759 0.019607844 -158
6 857.66345 828.35626 0.019607844 -175
7 819.93945 820.0393 0.01764706 -191
8 778.3799 822.993 0.019607844 -208
9 735.3232 812.24426 0.01764706 -224
10 646.4408 806.70605 0.01764706 -241
11 601.4739 805.5804 0.01764706 -274
12 598.44586 805.5804 0.01764706 -290
13 583.4598 805.5804 0.019607844 -292
14 554.4866 805.5804 0.01764706 -319
15 523.51526 805.5804 0.01764706 -319
16 516.5217 805.5804 0.01764706 -347
17 501.5356 805.5804 0.019607844 -383
18 497.5393 805.5804 0.019607844 -383
19 491.54486 805.5804 0.019607844 -411
20 489.54672 805.5804 0.019607844 -411
21 487.54858 805.5804 0.019607844 -430
22 480.74017 809.3314 0.01764706 -430
23 470.02948 841.7733 0.01764706 -457
24 464.59232 877.05975 0.019607844 -489
25 463.57077 929.6494 0.019607844 -505
26 466.40695 1033.4651 0.01764706 -522
27 468.30386 1105.2865 0.019607844 -538
28 472.56244 1253.4829 0.01764706 -555
29 473.56152 1411.4525 0.01764706 -588
30 467.6819 1511.604 0.01764706 -621
31 463.72086 1565.9827 0.01764706 -654
32 462.5717 1575.2593 0.01764706 -687
33 462.5717 1584.2905 0.01764706 -704
34 462.5717 1588.6891 0.01764706 -737
35 462.5717 1589.1722 0.01764706 -770
36 462.5717 1589.1722 0.01764706 -774
0 940.1295 429.77615 0.019607844 0
1 940.1295 429.77615 0.019607844 0
2 932.34906 427.21994 0.019607844 -38
3 920.7382 425.29144 0.019607844 -79
4 886.84595 420.75058 0.019607844 -96
5 851.6734 421.80475 0.019607844 -129
6 813.73517 423.6662 0.019607844 -145
7 778.84784 425.51318 0.019607844 -162
8 740.17883 427.3635 0.019607844 -178
9 705.37665 429.19595 0.019607844 -195
10 664.93335 429.77615 0.019607844 -211
11 625.42554 429.77615 0.019607844 -228
12 573.53357 429.77615 0.019607844 -244
13 544.8799 429.77615 0.019607844 -261
14 518.8445 429.77615 0.019607844 -278
15 497.92526 429.77615 0.019607844 -294
16 483.03482 429.77615 0.019607844 -311
17 471.2197 429.77615 0.019607844 -327
18 463.12015 429.77615 0.019607844 -344
19 462.5717 429.77615 0.019607844 -360
20 457.57632 466.7569 0.027450982 -361
21 452.58093 459.76053 0.019607844 -389
22 439.46048 449.8983 0.021568628 -389
23 435.79428 457.76706 0.019607844 -476
24 432.59946 523.84424 0.019607844 -492
25 439.10556 608.15424 0.021568628 -525
26 451.08234 753.6074 0.019607844 -542
27 456.07773 839.56274 0.021568628 -574
28 462.5441 901.199 0.021568628 -591
29 465.5059 997.3452 0.019607844 -608
30 465.5689 998.4799 0.019607844 -641
31 465.5689 998.4799 0.019607844 -642
32 465.5689 1111.4211 0.019607844 -658
33 465.5689 1111.4211 0.019607844 -658
34 465.5689 1111.4211 0.019607844 -707
35 465.5689 1111.4211 0.019607844 -740
36 465.5689 1111.4211 0.023529414 -773
0 949.1212 411.78552 0.019607844 0
1 949.1212 411.78552 0.021568628 0
2 945.295 410.17645 0.021568628 -32
3 937.2201 408.78708 0.021568628 -65
4 907.37085 407.7876 0.021568628 -82
5 864.2561 406.86932 0.021568628 -115
6 826.2914 406.78812 0.021568628 -148
7 791.18256 406.78812 0.021568628 -164
8 755.2374 406.78812 0.021568628 -181
9 675.7956 409.8617 0.021568628 -197
10 628.67596 410.78604 0.021568628 -231
11 576.74054 412.64862 0.021568628 -247
12 512.06134 416.17355 0.021568628 -264
13 472.62134 419.88583 0.019607844 -297
14 458.3659 419.78134 0.019607844 -330
15 447.97644 419.78134 0.019607844 -346
16 440.59207 419.78134 0.019607844 -363
17 434.54922 419.78134 0.019607844 -379
18 430.3097 419.78134 0.019607844 -396
19 428.6692 419.78134 0.019607844 -412
20 426.87823 419.78134 0.019607844 -429
21 422.6087 419.78134 0.019607844 -445
22 423.6078 473.75323 0.027450982 -466
23 421.60962 472.75375 0.019607844 -494
24 418.66278 485.44455 0.019607844 -494
25 421.13754 549.33496 0.021568628 -512
26 435.95187 684.86096 0.019607844 -528
27 452.3254 840.6865 0.019607844 -561
28 457.7982 976.16205 0.021568628 -594
29 456.8625 1004.62164 0.019607844 -627
30 450.26245 1044.0212 0.021568628 -644
31 448.26367 1051.7373 0.021568628 -677
32 446.35947 1057.1311 0.021568628 -693
33 445.58743 1060.7175 0.021568628 -710
34 445.58743 1064.4456 0.019607844 -726
35 445.58743 1066.4446 0.019607844 -751
0 1009.0657 863.55023 0.01764706 -7
1 1009.0657 863.55023 0.01764706 -7
2 1008.0666 862.5507 0.01764706 -16
3 1006.1373 860.62067 0.019607844 -32
4 1004.25104 858.7336 0.019607844 -49
5 1002.3709 856.8527 0.019607844 -65
6 991.2335 850.63257 0.019607844 -82
7 980.86273 849.8144 0.019607844 -115
8 965.3336 846.1654 0.019607844 -131
9 937.7017 842.5134 0.019607844 -148
10 904.7241 840.70447 0.019607844 -165
11 840.3772 837.5637 0.019607844 -181
12 803.29285 837.5637 0.019607844 -214
13 765.50037 837.5637 0.019607844 -231
14 724.2859 837.5637 0.019607844 -247
15 673.71063 836.5643 0.019607844 -264
16 639.27625 830.2812 0.01764706 -280
17 609.0728 832.12415 0.019607844 -297
18 584.6591 832.56635 0.019607844 -313
19 563.5007 828.7481 0.019607844 -330
20 545.9121 829.56793 0.019607844 -346
21 523.20886 829.56793 0.019607844 -363
22 517.05273 829.56793 0.019607844 -396
23 512.9617 829.56793 0.019607844 -412
24 509.2703 829.56793 0.019607844 -429
25 507.61304 829.56793 0.019607844 -445
26 505.80933 829.56793 0.019607844 -462
27 503.45676 831.18274 0.019607844 -479
28 499.83795 836.6131 0.01764706 -495
29 496.25702 842.97845 0.01764706 -512
30 487.1789 916.38776 0.019607844 -528
31 483.97925 963.97504 0.01764706 -561
32 482.20245 1032.8024 0.019607844 -578
33 482.5532 1108.7678 0.01764706 -594
34 482.5532 1171.2605 0.01764706 -611
35 482.5532 1279.0027 0.01764706 -627
36 479.1255 1349.1912 0.019607844 -644
37 475.35547 1411.1263 0.019607844 -660
38 471.57962 1469.9739 0.019607844 -677
39 465.2951 1551.0437 0.01764706 -693
40 461.3974 1575.7054 0.01764706 -726
41 460.57355 1585.4253 0.01764706 -759
42 459.57446 1588.1727 0.01764706 -793
43 459.57446 1588.1727 0.01764706 -817
0 964.1073 616.6788 0.01764706 0
1 964.1073 616.6788 0.019607844 0
2 964.1073 616.6788 0.019607844 -21
3 964.1073 616.6788 0.019607844 -38
4 958.7237 616.6788 0.019607844 -54
5 949.40955 616.6788 0.019607844 -88
6 937.5532 616.6788 0.019607844 -104
7 918.3315 616.6788 0.019607844 -121
8 891.38574 616.6788 0.019607844 -137
9 864.1331 616.6788 0.019607844 -154
10 831.04675 616.6788 0.019607844 -170
11 791.9166 616.6788 0.019607844 -187
12 751.9653 616.6788 0.019607844 -203
13 708.54114 616.6788 0.019607844 -220
14 651.8154 616.6788 0.019607844 -236
15 603.2423 616.6788 0.019607844 -253
16 531.5785 616.6788 0.019607844 -269
17 508.20233 616.6788 0.019607844 -302
18 485.74084 616.6788 0.019607844 -319
19 469.02496 616.6788 0.019607844 -335
20 457.7717 616.6788 0.019607844 -352
21 450.9555 616.6788 0.019607844 -368
22 445.88525 616.6788 0.019607844 -385
23 439.59848 616.6788 0.019607844 -402
24 437.78 617.493 0.019607844 -435
25 433.89423 625.9221 0.019607844 -451
26 429.6022 642.6653 0.019607844 -468
27 427.31573 662.82947 0.019607844 -484
28 426.605 704.31573 0.019607844 -501
29 426.605 787.86816 0.019607844 -517
30 426.605 847.81647 0.019607844 -534
31 428.09464 974.6236 0.019607844 -550
32 430.0259 1058.1082 0.019607844 -583
33 431.8224 1113.642 0.019607844 -600
34 432.71048 1171.2789 0.019607844 -616
35 431.69092 1228.4602 0.019607844 -633
36 429.87607 1254.7831 0.019607844 -649
37 428.02292 1273.9825 0.019607844 -666
38 426.104 1286.8372 0.019607844 -682
39 422.34225 1316.4478 0.01764706 -699
40 421.60962 1325.6855 0.01764706 -732
41 421.60962 1325.6855 0.01764706 -749
0 973.099 617.6783 0.019607844 0
1 972.2895 617.6783 0.019607844 0
2 957.1138 616.179 0.019607844 -58
3 941.91766 616.6788 0.019607844 -91
4 923.7092 616.6788 0.019607844 -107
5 897.2567 616.6788 0.019607844 -124
6 854.59503 616.6788 0.019607844 -140
7 816.1519 616.6788 0.019607844 -157
8 775.0315 616.6788 0.019607844 -173
9 731.2086 616.6788 0.019607844 -190
10 649.72534 616.6788 0.019607844 -206
11 592.5164 616.6788 0.019607844 -239
12 513.6198 616.6788 0.019607844 -256
13 502.51654 616.6788 0.019607844 -305
14 495.68237 616.6788 0.019607844 -322
15 491.0329 616.6788 0.019607844 -338
16 487.54855 616.6788 0.019607844 -355
17 483.74493 616.6788 0.019607844 -371
18 482.4064 616.6788 0.019607844 -388
19 479.60074 617.6559 0.019607844 -405
20 476.01096 620.999 0.019607844 -421
21 469.84393 636.258 0.019607844 -438
22 463.04617 657.6141 0.019607844 -454
23 456.99207 706.3104 0.019607844 -471
24 454.52484 764.06866 0.019607844 -487
25 452.7032 862.67664 0.019607844 -504
26 450.06046 1013.61273 0.019607844 -520
27 446.55273 1136.422 0.019607844 -553
28 440.9943 1262.511 0.019607844 -586
29 437.09 1305.8568 0.019607844 -619
30 434.01016 1327.6002 0.019607844 -636
31 432.15994 1341.381 0.019607844 -652
32 430.34497 1348.3239 0.019607844 -669
33 429.60223 1353.7957 0.019607844 -686
34 429.60223 1358.1096 0.019607844 -702
35 429.60223 1360.2915 0.01764706 -735
36 429.60223 1360.2915 0.01764706 -761
0 969.10266 617.6783 0.01764706 -6
1 969.10266 617.6783 0.019607844 -6
2 969.10266 617.6783 0.019607844 -23
3 957.92444 617.6783 0.019607844 -56
4 944.1538 617.6783 0.019607844 -89
5 930.75494 616.48126 0.019607844 -106
6 909.8725 616.6788 0.019607844 -122
7 876.2846 616.6788 0.019607844 -139
8 841.3393 616.6788 0.019607844 -155
9 806.7513 616.6788 0.019607844 -172
10 764.86145 616.6788 0.019607844 -188
11 720.0831 616.6788 0.019607844 -205
12 677.4485 616.6788 0.019607844 -221
13 624.1739 621.4261 0.019607844 -238
14 583.81995 622.987 0.019607844 -254
15 548.7197 626.2723 0.019607844 -271
16 520.36646 628.083 0.019607844 -287
17 497.96622 629.8699 0.019607844 -304
18 480.1184 630.6715 0.019607844 -321
19 466.41064 630.6715 0.019607844 -337
20 457.88043 630.6715 0.019607844 -354
21 452.14224 630.6715 0.019607844 -370
22 447.87955 630.6715 0.019607844 -387
23 443.08792 638.83813 0.019607844 -403
24 437.66956 651.4362 0.019607844 -420
25 432.0063 687.79767 0.019607844 -436
26 428.98364 726.19684 0.019607844 -453
27 428.60315 771.9185 0.019607844 -469
28 430.84012 830.02234 0.019607844 -486
29 433.7606 896.7244 0.019607844 -502
30 437.64456 1003.19543 0.019607844 -519
31 439.52243 1074.0402 0.019607844 -535
32 440.59204 1198.7924 0.019607844 -552
33 440.59204 1246.7739 0.019607844 -585
34 439.59296 1285.6501 0.019607844 -601
35 438.18515 1315.6337 0.019607844 -618
36 436.34174 1334.8472 0.019607844 -635
37 435.34125 1347.832 0.019607844 -651
38 435.59668 1354.5763 0.019607844 -668
39 435.59668 1361.9976 0.019607844 -684
40 435.59668 1362.2904 0.019607844 -717
41 435.59668 1362.2904 0.01764706 -720
0 948.12213 996.48096 0.01764706 0
1 948.12213 996.48096 0.019607844 0
2 943.9218 996.48096 0.019607844 -33
3 936.1178 996.48096 0.019607844 -49
4 924.265 997.9651 0.019607844 -66
5 887.7785 1001.6056 0.019607844 -82
6 862.12256 1003.5544 0.019607844 -115
7 775.73065 1008.47473 0.019607844 -132
8 726.6706 1008.47473 0.019607844 -165
9 679.49994 1007.0728 0.019607844 -181
10 637.87836 1005.22504 0.019607844 -198
11 597.2901 1004.369 0.019607844 -214
12 557.5551 1003.47736 0.019607844 -231
13 527.9719 1003.47736 0.019607844 -247
14 524.51434 1003.47736 0.019607844 -264
15 514.5236 1003.47736 0.019607844 -266
16 498.5384 1003.47736 0.019607844 -294
17 480.63928 1003.47736 0.019607844 -294
18 475.96945 1005.27136 0.019607844 -330
19 471.19568 1009.43427 0.019607844 -347
20 465.36743 1017.07245 0.019607844 -363
21 460.03397 1025.3661 0.019607844 -380
22 452.36423 1053.5356 0.019607844 -396
23 447.7177 1123.7115 0.019607844 -413
24 447.58557 1189.535 0.019607844 -429
25 447.06165 1266.5111 0.019607844 -446
26 446.5865 1364.0153 0.019607844 -462
27 443.2235 1429.2351 0.019607844 -479
28 429.31268 1612.7682 0.019607844 -495
29 423.24173 1673.1157 0.01764706 -528
30 414.44852 1743.3467 0.019607844 -545
31 410.3162 1762.9934 0.019607844 -578
32 410.6198 1768.0118 0.019607844 -611
33 410.6198 1770.5199 0.01764706 -628
34 410.6198 1772.4814 0.01764706 -644
35 410.6198 1772.4814 0.021568628 -661
0 962.1092 637.66785 0.019607844 0
1 959.9799 636.1031 0.019607844 0
2 944.4585 634.66943 0.019607844 -82
3 902.39886 633.6699 0.019607844 -115
4 870.22614 632.6705 0.019607844 -148
5 833.07916 631.92615 0.019607844 -164
6 791.5233 629.38153 0.019607844 -181
7 748.1177 627.6731 0.019607844 -197
8 702.5916 625.9357 0.019607844 -214
9 656.22375 621.4008 0.019607844 -230
10 602.1396 618.708 0.019607844 -247
11 570.19604 618.67773 0.019607844 -263
12 543.2127 618.67773 0.019607844 -280
13 522.0147 618.67773 0.019607844 -296
14 508.8824 618.67773 0.019607844 -313
15 500.2373 618.67773 0.019607844 -329
16 496.54025 618.67773 0.019607844 -346
17 496.54025 618.67773 0.019607844 -354
18 468.56613 618.67773 0.019607844 -382
19 468.56613 618.67773 0.019607844 -382
20 467.40405 618.67773 0.019607844 -412
21 464.60638 630.4705 0.019607844 -429
22 460.9896 649.7466 0.019607844 -445
23 457.52402 692.3198 0.019607844 -462
24 456.57724 753.9446 0.019607844 -478
25 458.81833 830.59125 0.019607844 -495
26 464.82147 920.5502 0.019607844 -511
27 470.4953 1050.7262 0.019607844 -528
28 471.9415 1184.1638 0.019607844 -544
29 469.9576 1238.0713 0.019607844 -577
30 464.09213 1280.202 0.019607844 -594
31 462.19345 1288.843 0.019607844 -627
32 460.28372 1294.1963 0.019607844 -643
33 459.57446 1296.586 0.019607844 -660
34 459.57446 1298.6451 0.019607844 -677
35 459.57446 1299.3232 0.019607844 -693
36 454.5791 1331.3065 0.033333335 -699
0 961.1101 619.67725 0.01764706 0
1 961.1101 619.67725 0.019607844 0
2 960.09155 619.67725 0.019607844 -33
3 944.6171 620.9279 0.019607844 -66
4 930.14124 622.9609 0.019607844 -99
5 910.951 626.07495 0.019607844 -116
6 880.59656 628.73444 0.019607844 -132
7 843.03876 632.48865 0.019607844 -149
8 804.28314 635.23193 0.019607844 -165
9 763.2619 644.41174 0.01764706 -182
10 728.3256 643.66473 0.019607844 -198
11 728.3256 643.66473 0.019607844 -211
12 618.42737 642.6653 0.019607844 -237
13 618.42737 642.6653 0.019607844 -237
14 571.4709 640.6663 0.019607844 -255
15 571.4709 640.6663 0.019607844 -255
16 482.5532 635.6689 0.019607844 -281
17 482.5532 635.6689 0.019607844 -281
18 463.57077 634.66943 0.019607844 -308
19 463.57077 634.66943 0.019607844 -308
20 463.57077 634.66943 0.019607844 -331
21 463.57077 634.66943 0.019607844 -364
22 463.57077 634.66943 0.019607844 -380
23 463.57077 634.66943 0.019607844 -397
24 463.57077 634.66943 0.019607844 -413
25 459.3963 646.10925 0.019607844 -430
26 453.9137 679.1971 0.019607844 -446
27 449.90332 728.70386 0.019607844 -463
28 448.09912 789.51355 0.019607844 -479
29 447.58557 864.55945 0.019607844 -496
30 447.58557 1058.1403 0.019607844 -512
31 443.1019 1189.4663 0.019607844 -545
32 435.50256 1269.9978 0.019607844 -578
33 430.6256 1304.1748 0.019607844 -611
34 428.16333 1321.8333 0.019607844 -628
35 426.2684 1328.6558 0.019607844 -645
36 425.60593 1332.7163 0.019607844 -661
37 425.60593 1336.7225 0.019607844 -678
38 425.60593 1338.2998 0.01764706 -694
39 425.60593 1339.3024 0.01764706 -711
40 422.6087 1311.317 0.023529414 -719
0 952.1184 616.6788 0.01764706 -8
1 952.1184 616.6788 0.019607844 -8
2 952.1184 616.6788 0.019607844 -26
3 952.1184 616.6788 0.019607844 -43
4 950.81494 616.6788 0.019607844 -59
5 946.036 616.6788 0.019607844 -76
6 937.2379 616.6788 0.019607844 -92
7 926.90717 616.6788 0.019607844 -109
8 868.8175 622.4441 0.019607844 -125
9 786.81525 632.92737 0.019607844 -158
10 741.9188 641.3863 0.019607844 -191
11 728.3256 647.66266 0.019607844 -208
12 728.3256 647.66266 0.019607844 -212
13 616.42926 677.64703 0.019607844 -239
14 569.8067 677.64703 0.019607844 -239
15 523.81177 677.64703 0.019607844 -274
16 512.75256 677.64703 0.019607844 -307
17 504.99722 677.64703 0.019607844 -323
18 498.72504 677.64703 0.019607844 -340
19 495.05164 677.64703 0.019607844 -357
20 491.4517 677.64703 0.019607844 -373
21 487.8282 677.64703 0.019607844 -390
22 484.1399 679.8518 0.019607844 -406
23 476.6294 693.49744 0.019607844 -423
24 456.98096 780.2127 0.019607844 -439
25 452.77505 840.05084 0.019607844 -472
26 453.58002 923.64984 0.019607844 -489
27 453.58002 993.02234 0.019607844 -505
28 453.58002 1115.3474 0.019607844 -522
29 452.8003 1190.9142 0.019607844 -538
30 450.94214 1251.558 0.019607844 -555
31 444.7293 1343.0306 0.019607844 -571
32 441.24954 1374.5065 0.019607844 -604
33 438.55698 1390.5714 0.019607844 -621
34 436.6351 1400.1132 0.019607844 -637
35 435.59668 1404.8204 0.019607844 -654
36 435.59668 1408.5906 0.019607844 -671
37 435.59668 1411.2649 0.01764706 -687
38 435.59668 1411.2649 0.01764706 -716
0 970.10175 1045.4554 0.01764706 0
1 970.10175 1045.4554 0.01764706 0
2 967.7578 1045.4554 0.01764706 -42
3 951.8435 1045.4554 0.01764706 -75
4 918.85986 1045.4554 0.019607844 -108
5 850.03186 1046.3208 0.019607844 -141
6 814.4853 1046.455 0.019607844 -174
7 773.8541 1048.019 0.019607844 -191
8 731.73364 1048.4539 0.019607844 -207
9 692.8906 1049.6564 0.019607844 -224
10 672.37744 1049.4534 0.019607844 -240
11 652.39594 1049.4534 0.019607844 -247
12 597.44684 1050.4529 0.019607844 -274
13 579.46344 1050.4529 0.019607844 -274
14 562.4792 1050.4529 0.019607844 -292
15 496.31882 1048.3429 0.019607844 -292
16 480.35776 1048.4539 0.019607844 -340
17 466.65652 1047.6099 0.019607844 -356
18 457.95105 1047.4545 0.019607844 -373
19 452.26947 1047.4545 0.019607844 -389
20 446.8713 1047.4545 0.019607844 -406
21 443.41156 1047.4545 0.019607844 -422
22 438.90173 1051.1444 0.019607844 -439
23 432.46637 1071.9745 0.019607844 -455
24 427.0928 1114.631 0.01764706 -472
25 425.95493 1172.1227 0.01764706 -488
26 429.71426 1353.052 0.019607844 -505
27 431.60037 1517.3693 0.019607844 -538
28 428.45444 1640.5481 0.019607844 -571
29 424.16428 1713.739 0.019607844 -604
30 422.16418 1742.6519 0.01764706 -637
31 420.22073 1755.4268 0.01764706 -654
32 420.61053 1761.2029 0.01764706 -670
33 420.61053 1765.5988 0.01764706 -687
34 420.61053 1767.3235 0.01764706 -703
35 420.61053 1768.0791 0.01764706 -720
36 420.61053 1767.0796 0.019607844 -726
