0 897.1693 408.78708 0.021568628 -259
1 886.7979 403.09955 0.021568628 -259
2 879.4571 400.79126 0.021568628 -309
3 873.7068 399.79178 0.021568628 -341
4 866.9964 399.79178 0.021568628 -358
5 842.104 399.79178 0.021568628 -374
6 815.15875 399.79178 0.021568628 -407
7 780.00085 399.79178 0.021568628 -440
8 731.21014 398.7923 0.021568628 -473
9 682.85175 397.55853 0.023529414 -506
10 627.1282 396.79333 0.021568628 -540
11 567.58875 394.53546 0.023529414 -573
12 541.1165 393.7949 0.023529414 -606
13 517.86444 388.5453 0.019607844 -622
14 493.6942 388.7975 0.023529414 -639
15 474.69287 386.84262 0.023529414 -655
16 460.999 381.94302 0.019607844 -672
17 450.2933 378.37302 0.019607844 -688
18 442.53238 376.78928 0.019607844 -705
19 436.21228 375.01007 0.019607844 -721
20 430.19916 371.40405 0.019607844 -738
21 426.65152 370.80685 0.019607844 -771
22 423.0768 374.33646 0.021568628 -804
23 418.0196 379.39575 0.021568628 -821
24 412.67044 387.37735 0.021568628 -837
25 408.39868 396.35147 0.019607844 -854
26 402.08487 422.8368 0.023529414 -870
27 396.59918 454.6761 0.019607844 -887
28 392.6823 489.8089 0.021568628 -903
29 389.04428 528.8703 0.021568628 -920
30 387.5356 561.6075 0.019607844 -936
31 385.74875 622.33203 0.023529414 -953
32 382.95087 670.31995 0.021568628 -969
33 381.1471 719.6251 0.023529414 -986
34 382.89307 765.53424 0.023529414 -1002
35 383.40326 867.6703 0.021568628 -1019
36 381.1577 968.70905 0.021568628 -1052
37 380.39963 1047.6654 0.019607844 -1085
38 378.52374 1086.4532 0.021568628 -1118
39 377.6217 1134.2404 0.021568628 -1135
40 374.0297 1183.9993 0.019607844 -1151
41 372.00516 1197.6282 0.019607844 -1184
42 370.6568 1204.9639 0.019607844 -1201
43 370.6568 1210.2445 0.019607844 -1217
44 370.6568 1213.368 0.019607844 -1234
45 370.6568 1214.3674 0.019607844 -1247
0 960.111 615.6793 0.01764706 0
1 960.111 615.6793 0.01764706 -8
2 953.0369 610.12177 0.019607844 -50
3 933.41394 608.683 0.019607844 -83
4 903.8333 606.61707 0.019607844 -116
5 876.8564 609.6268 0.019607844 -149
6 852.33075 611.4587 0.019607844 -166
7 827.7188 613.25867 0.019607844 -182
8 777.34235 613.68036 0.019607844 -199
9 716.6591 614.4998 0.019607844 -232
10 641.82263 614.6798 0.019607844 -265
11 603.6542 614.6798 0.019607844 -298
12 546.2755 614.6798 0.019607844 -315
13 518.92377 614.6798 0.019607844 -348
14 482.24927 614.6798 0.019607844 -364
15 469.24014 614.6798 0.019607844 -397
16 459.54904 614.6798 0.019607844 -414
17 447.39758 614.6798 0.019607844 -430
18 443.3608 614.6798 0.019607844 -463
19 439.694 614.6798 0.019607844 -480
20 434.674 614.6798 0.019607844 -496
21 431.90564 616.3734 0.019607844 -529
22 421.89392 643.0499 0.019607844 -546
23 416.58948 708.0531 0.019607844 -579
24 415.75922 763.2768 0.019607844 -612
25 413.93713 817.92334 0.019607844 -629
26 411.67206 872.3271 0.019607844 -645
27 408.01947 930.76166 0.019607844 -662
28 400.91855 1037.0995 0.019607844 -678
29 395.17447 1110.5771 0.019607844 -711
30 387.18152 1216.1665 0.019607844 -728
31 386.642 1272.5101 0.019607844 -761
32 386.642 1317.3783 0.019607844 -777
33 389.9252 1362.0117 0.019607844 -794
34 392.8925 1396.7073 0.019607844 -810
35 395.63367 1425.2577 0.019607844 -827
36 396.63275 1436.252 0.019607844 -843
0 955.11566 615.6793 0.01764706 -9
1 955.11566 615.6793 0.01764706 -9
2 955.11566 615.6793 0.01764706 -26
3 955.11566 615.6793 0.01764706 -42
4 950.7132 612.2746 0.019607844 -59
5 936.9258 606.1256 0.019607844 -75
6 917.7488 607.6835 0.019607844 -108
7 875.797 607.53735 0.019607844 -141
8 874.19055 607.6835 0.019607844 -174
9 874.19055 607.6835 0.019607844 -176
10 798.26086 588.69336 0.019607844 -203
11 796.2627 590.6923 0.019607844 -203
12 796.2627 590.6923 0.019607844 -212
13 709.3432 615.6793 0.019607844 -248
14 697.3543 615.6793 0.019607844 -248
15 697.3543 615.6793 0.019607844 -266
16 609.4357 615.6793 0.019607844 -292
17 558.77783 607.4214 0.019607844 -292
18 558.77783 607.4214 0.019607844 -340
19 472.56244 615.6793 0.019607844 -365
20 472.56244 615.6793 0.019607844 -365
21 443.58926 587.6939 0.019607844 -392
22 443.58926 587.6939 0.019607844 -392
23 434.5976 615.6793 0.019607844 -419
24 434.5976 615.6793 0.019607844 -419
25 429.60223 615.6793 0.019607844 -446
26 429.60223 615.6793 0.019607844 -446
27 429.21964 616.0621 0.019607844 -505
28 428.60315 638.16394 0.019607844 -522
29 429.47208 676.52094 0.019607844 -555
30 432.05386 726.8838 0.019607844 -571
31 436.30533 781.9649 0.019607844 -588
32 440.76987 837.69946 0.019607844 -604
33 450.47046 957.37695 0.019607844 -621
34 450.5828 958.50073 0.019607844 -654
35 456.57724 1036.4602 0.019607844 -654
36 458.5754 1066.4446 0.019607844 -671
37 460.57355 1238.3073 0.019607844 -671
38 459.0665 1272.9636 0.019607844 -720
39 457.175 1309.7537 0.019607844 -737
40 455.23868 1327.0471 0.019607844 -753
41 453.36932 1340.7777 0.019607844 -770
42 451.59097 1348.2614 0.019607844 -786
43 449.75153 1352.9594 0.019607844 -803
44 449.5837 1356.0232 0.019607844 -819
45 449.5837 1358.9441 0.019607844 -836
46 449.5837 1362.2904 0.01764706 -852
47 444.58835 1398.2717 0.03529412 -882
0 955.11566 613.68036 0.01764706 0
1 954.15027 609.8174 0.01764706 -9
2 952.1488 603.7767 0.019607844 -35
3 947.5375 599.964 0.019607844 -51
4 939.466 596.2238 0.019607844 -68
5 933.136 597.68866 0.019607844 -84
6 933.136 597.68866 0.019607844 -96
7 870.1943 583.696 0.019607844 -122
8 867.197 586.6944 0.019607844 -122
9 867.197 586.6944 0.019607844 -140
10 823.23773 585.69495 0.019607844 -167
11 811.3051 590.1058 0.019607844 -167
12 786.42834 593.3055 0.019607844 -184
13 768.28864 598.6882 0.019607844 -200
14 768.28864 598.6882 0.019607844 -212
15 679.371 588.69336 0.019607844 -238
16 677.3728 590.6923 0.019607844 -238
17 677.3728 590.6923 0.019607844 -247
18 629.41724 586.6944 0.019607844 -265
19 629.41724 586.6944 0.019607844 -265
20 533.50604 614.6798 0.019607844 -301
21 533.50604 614.6798 0.019607844 -301
22 502.5347 584.69543 0.019607844 -328
23 502.5347 584.69543 0.019607844 -328
24 477.55783 614.6798 0.019607844 -346
25 477.55783 614.6798 0.019607844 -346
26 454.5791 585.69495 0.019607844 -382
27 454.5791 585.69495 0.019607844 -382
28 454.5791 585.69495 0.019607844 -419
29 438.5939 616.6788 0.019607844 -483
30 438.5939 616.6788 0.019607844 -483
31 438.07797 617.19495 0.019607844 -498
32 432.2841 639.9294 0.019607844 -514
33 428.74774 675.622 0.019607844 -547
34 427.60406 725.2031 0.019607844 -564
35 427.60406 810.74414 0.019607844 -580
36 427.60406 871.5243 0.019607844 -614
37 427.60406 948.7664 0.019607844 -630
38 427.60406 1009.41614 0.019607844 -647
39 427.60406 1069.2225 0.019607844 -663
40 425.74115 1127.0293 0.019607844 -680
41 422.1266 1215.5353 0.019607844 -696
42 420.111 1263.342 0.019607844 -729
43 418.3308 1302.3674 0.019607844 -745
44 416.3179 1320.9818 0.019607844 -762
45 414.3859 1343.6042 0.019607844 -779
46 413.61703 1353.1488 0.019607844 -795
47 413.61703 1359.6057 0.019607844 -812
48 413.61703 1363.294 0.019607844 -828
49 413.61703 1365.1979 0.019607844 -845
50 413.61703 1367.1523 0.019607844 -862
51 413.61703 1367.2878 0.019607844 -878
52 413.61703 1367.2878 0.019607844 -879
0 965.1064 616.6788 0.01764706 0
1 965.1064 616.6788 0.019607844 -34
2 965.1064 616.6788 0.019607844 -51
3 962.2369 616.6788 0.019607844 -68
4 955.8679 616.6788 0.019607844 -84
5 933.39996 616.6788 0.019607844 -101
6 896.5659 616.6788 0.019607844 -134
7 865.56195 616.6788 0.019607844 -167
8 834.5902 616.6788 0.019607844 -183
9 804.9885 616.6788 0.019607844 -200
10 773.65125 616.6788 0.019607844 -216
11 743.21106 616.6788 0.019607844 -233
12 708.5121 616.6788 0.019607844 -249
13 671.9111 616.6788 0.019607844 -266
14 587.0121 616.6788 0.019607844 -282
15 554.06915 616.6788 0.019607844 -316
16 525.6269 616.6788 0.019607844 -332
17 502.50272 616.6788 0.019607844 -349
18 479.23038 616.6788 0.019607844 -365
19 464.2576 616.6788 0.019607844 -382
20 455.67218 616.6788 0.019607844 -398
21 449.95056 616.6788 0.019607844 -415
22 445.92477 616.6788 0.019607844 -431
23 442.23096 616.6788 0.019607844 -448
24 440.57272 616.6788 0.019607844 -464
25 436.96396 616.6788 0.019607844 -481
26 435.1113 616.6788 0.019607844 -514
27 430.774 637.2853 0.019607844 -531
28 428.60315 674.6833 0.019607844 -562
29 429.21494 724.2175 0.019607844 -579
30 432.4519 777.95337 0.019607844 -595
31 437.1353 839.20435 0.019607844 -612
32 444.1492 923.9254 0.019607844 -628
33 447.5992 1008.9043 0.019607844 -645
34 449.4853 1095.7 0.019607844 -661
35 448.7882 1156.4518 0.019607844 -678
36 446.2367 1200.8757 0.019607844 -694
37 442.6518 1247.018 0.019607844 -711
38 438.96933 1272.0189 0.019607844 -727
39 432.5067 1318.9629 0.019607844 -744
40 430.66238 1327.0642 0.019607844 -777
41 430.6013 1332.8523 0.019607844 -794
42 430.6013 1336.7332 0.019607844 -810
43 430.6013 1338.8334 0.019607844 -827
44 430.6013 1340.7306 0.019607844 -843
45 430.6013 1342.5679 0.019607844 -860
46 430.6013 1343.3003 0.01764706 -876
47 430.6013 1343.3003 0.03529412 -893
0 978.09436 617.6783 0.01764706 -9
1 978.09436 617.6783 0.01764706 -18
2 978.09436 617.6783 0.019607844 -33
3 974.5214 617.6783 0.019607844 -50
4 967.5957 617.6783 0.019607844 -66
5 954.5748 617.6783 0.019607844 -83
6 939.39984 617.6783 0.019607844 -99
7 923.2299 617.6783 0.019607844 -116
8 900.10144 617.6783 0.019607844 -132
9 877.717 619.7556 0.019607844 -149
10 845.1225 624.18677 0.019607844 -165
11 806.9912 628.12634 0.019607844 -182
12 768.83496 631.274 0.019607844 -198
13 731.0118 631.67096 0.019607844 -215
14 694.5374 631.67096 0.019607844 -231
15 618.27435 625.17615 0.019607844 -248
16 567.8678 621.14545 0.019607844 -281
17 533.8183 619.0984 0.019607844 -297
18 509.43195 617.2865 0.019607844 -314
19 487.89734 617.6783 0.019607844 -330
20 472.1283 617.6783 0.019607844 -347
21 461.41357 617.6783 0.019607844 -364
22 447.79407 617.6783 0.019607844 -380
23 443.89725 617.6783 0.019607844 -413
24 440.44626 617.6783 0.019607844 -430
25 436.92996 617.6783 0.019607844 -446
26 434.47305 618.2403 0.019607844 -479
27 427.28247 639.7934 0.019607844 -496
28 424.62033 655.51013 0.019607844 -529
29 421.82877 701.4932 0.019607844 -545
30 422.6087 812.7976 0.019607844 -562
31 424.1045 877.44586 0.019607844 -596
32 424.86334 941.5232 0.019607844 -612
33 425.60593 1007.4794 0.019607844 -629
34 425.60593 1099.7834 0.019607844 -646
35 424.70288 1161.7424 0.019607844 -662
36 423.85928 1203.087 0.019607844 -679
37 422.6087 1246.8949 0.019607844 -695
38 421.60962 1283.0431 0.019607844 -712
39 420.25436 1313.9501 0.019607844 -728
40 420.61053 1331.8965 0.019607844 -745
41 420.61053 1345.9286 0.019607844 -761
42 419.61148 1365.5924 0.019607844 -778
43 419.61148 1379.9801 0.019607844 -794
44 419.61148 1388.2349 0.019607844 -811
45 419.61148 1393.3892 0.019607844 -827
46 419.61148 1397.2258 0.019607844 -844
47 419.61148 1398.6796 0.019607844 -860
48 419.61148 1400.5983 0.01764706 -877
49 419.61148 1402.5361 0.01764706 -893
50 419.61148 1402.5361 0.01764706 -910
0 964.1073 617.6783 0.01764706 -10
1 964.1073 617.6783 0.01764706 -19
2 960.0791 617.6783 0.01764706 -43
3 949.7905 617.6783 0.01764706 -76
4 938.4968 617.6783 0.019607844 -93
5 926.6223 617.6783 0.019607844 -109
6 892.33307 617.6783 0.019607844 -126
7 870.0244 617.6783 0.019607844 -159
8 840.6337 617.6783 0.019607844 -175
9 799.38885 617.6783 0.019607844 -192
10 765.56024 616.6788 0.019607844 -208
11 729.126 616.6788 0.019607844 -225
12 696.8383 616.6788 0.019607844 -241
13 596.11334 616.6788 0.019607844 -258
14 549.83 616.6788 0.019607844 -307
15 523.3712 616.6788 0.019607844 -324
16 501.31482 616.6788 0.019607844 -340
17 482.46268 616.6788 0.019607844 -357
18 466.55173 616.6788 0.019607844 -373
19 455.7329 616.6788 0.019607844 -390
20 447.3684 616.6788 0.019607844 -407
21 442.39264 616.6788 0.019607844 -423
22 438.74963 616.6788 0.019607844 -440
23 434.57416 616.6788 0.019607844 -456
24 432.6995 616.6788 0.019607844 -489
25 430.88562 617.3938 0.019607844 -506
26 423.78802 641.94385 0.019607844 -522
27 418.68814 700.11884 0.019607844 -556
28 418.6124 786.85486 0.019607844 -589
29 419.36032 847.0065 0.019607844 -606
30 419.61148 904.01245 0.019607844 -622
31 419.61148 964.9387 0.019607844 -639
32 419.61148 1055.0538 0.019607844 -655
33 419.61148 1110.5844 0.019607844 -672
34 418.5376 1170.3108 0.019607844 -688
35 415.89807 1258.2479 0.019607844 -705
36 413.93195 1291.3927 0.019607844 -738
37 411.99908 1315.2703 0.019607844 -754
38 411.08307 1325.4548 0.019607844 -771
39 410.6198 1331.7506 0.019607844 -787
40 410.6198 1336.1367 0.019607844 -804
41 410.6198 1338.6635 0.019607844 -820
42 410.6198 1340.5487 0.019607844 -837
43 410.6198 1342.6045 0.019607844 -853
44 410.6198 1343.3003 0.01764706 -870
45 410.6198 1343.3003 0.01764706 -876
0 976.0962 614.6798 0.01764706 -8
1 976.0962 614.6798 0.01764706 -8
2 975.09717 614.6798 0.019607844 -41
3 970.60583 614.6798 0.019607844 -41
4 949.5317 614.6798 0.019607844 -57
5 919.07166 614.6798 0.019607844 -91
6 872.1594 614.6798 0.019607844 -124
7 831.2803 614.6798 0.019607844 -157
8 797.742 615.4554 0.019607844 -173
9 764.342 615.6793 0.019607844 -190
10 724.91034 615.6793 0.019607844 -206
11 688.92255 615.6793 0.019607844 -223
12 649.63477 615.6793 0.019607844 -239
13 607.89844 615.6793 0.019607844 -256
14 562.3104 615.6793 0.019607844 -272
15 511.40115 615.6793 0.019607844 -289
16 495.66345 615.6793 0.019607844 -322
17 484.62646 615.6793 0.019607844 -338
18 476.75528 615.6793 0.019607844 -355
19 472.02563 615.6793 0.019607844 -371
20 466.19397 615.6793 0.019607844 -388
21 462.5634 615.6793 0.019607844 -421
22 455.18536 636.24133 0.019607844 -454
23 451.6212 663.66235 0.019607844 -487
24 448.58466 756.1201 0.019607844 -504
25 452.58267 852.59106 0.019607844 -537
26 457.12216 930.3938 0.019607844 -553
27 460.2368 1003.6801 0.019607844 -570
28 462.08572 1082.0344 0.019607844 -586
29 462.5717 1198.1135 0.019607844 -603
30 462.5717 1247.8704 0.019607844 -636
31 460.53506 1295.4803 0.019607844 -652
32 458.68588 1316.3191 0.019607844 -669
33 456.76685 1327.3597 0.019607844 -686
34 454.92072 1335.6205 0.019607844 -702
35 453.0319 1338.8513 0.019607844 -719
36 452.58093 1340.7834 0.019607844 -735
37 452.58093 1342.7343 0.019607844 -752
38 451.1838 1344.698 0.01764706 -768
39 451.1838 1344.698 0.01764706 -785
0 959.11194 613.68036 0.01764706 0
1 959.11194 613.68036 0.01764706 0
2 954.25964 607.82666 0.019607844 -22
3 946.5191 602.12366 0.019607844 -71
4 935.802 602.07495 0.019607844 -88
5 900.7291 596.3578 0.019607844 -104
6 834.99084 603.05853 0.019607844 -137
7 800.2332 606.9589 0.019607844 -170
8 763.2451 610.1389 0.019607844 -187
9 718.7481 611.9847 0.019607844 -203
10 677.2573 612.6809 0.019607844 -220
11 624.4358 613.6514 0.019607844 -236
12 600.44403 613.68036 0.019607844 -253
13 600.44403 613.68036 0.019607844 -262
14 479.55597 614.6798 0.019607844 -298
15 479.55597 614.6798 0.019607844 -298
16 479.55597 614.6798 0.019607844 -319
17 463.57077 615.6793 0.019607844 -425
18 463.57077 615.6793 0.019607844 -425
19 461.94202 618.5686 0.019607844 -435
20 461.05954 634.7779 0.019607844 -468
21 459.25308 657.1612 0.019607844 -484
22 457.50806 701.95734 0.019607844 -501
23 456.57724 844.4659 0.019607844 -517
24 455.00354 907.08344 0.019607844 -550
25 450.45184 1045.2233 0.019607844 -567
26 447.15994 1112.0891 0.019607844 -600
27 441.38998 1182.8502 0.019607844 -617
28 436.68857 1233.057 0.019607844 -633
29 432.97382 1271.153 0.019607844 -650
30 429.87634 1307.027 0.019607844 -666
31 428.0015 1323.7305 0.019607844 -683
32 426.16608 1337.379 0.019607844 -699
33 424.35413 1344.3115 0.019607844 -716
34 424.60684 1349.9822 0.019607844 -732
35 424.60684 1353.484 0.019607844 -749
36 424.60684 1355.3151 0.019607844 -765
37 424.60684 1355.3151 0.029411767 -782
0 940.1295 426.7777 0.019607844 0
1 940.1295 426.7777 0.019607844 0
2 940.1295 426.7777 0.019607844 -23
3 937.1981 425.31143 0.019607844 -50
4 930.6383 423.27954 0.019607844 -90
5 919.0882 421.437 0.019607844 -107
6 900.8196 419.54684 0.019607844 -123
7 878.9044 417.67566 0.021568628 -140
8 842.41754 417.7824 0.019607844 -156
9 765.33136 417.7824 0.019607844 -173
10 723.40826 418.30222 0.019607844 -206
11 685.21625 420.1216 0.019607844 -223
12 645.13684 419.78134 0.019607844 -239
13 604.5065 420.78082 0.019607844 -256
14 560.58606 420.78082 0.019607844 -272
15 521.7229 419.08792 0.021568628 -289
16 492.54395 418.78186 0.021568628 -305
17 474.41397 418.78186 0.021568628 -321
18 452.22296 416.78293 0.021568628 -338
19 442.48145 416.78293 0.021568628 -371
20 436.16852 416.78293 0.021568628 -388
21 430.37518 416.78293 0.019607844 -404
22 425.94965 416.78293 0.019607844 -421
23 422.52057 417.8265 0.019607844 -437
24 417.23764 427.2176 0.019607844 -454
25 412.30426 447.33685 0.019607844 -470
26 408.8213 480.15192 0.021568628 -487
27 407.62256 564.87665 0.019607844 -504
28 409.58783 622.9843 0.019607844 -537
29 409.62073 784.3481 0.021568628 -553
30 409.62073 908.58386 0.021568628 -586
31 408.62164 968.1803 0.021568628 -619
32 408.45044 1018.26776 0.021568628 -636
33 407.62256 1073.4202 0.019607844 -652
34 406.75446 1111.062 0.021568628 -669
35 405.9503 1131.4751 0.019607844 -685
36 403.99908 1153.041 0.021568628 -702
37 403.62628 1165.9768 0.021568628 -718
38 403.62628 1173.7858 0.021568628 -735
39 403.62628 1177.7502 0.021568628 -751
40 403.62628 1181.5482 0.021568628 -768
41 403.62628 1182.3842 0.019607844 -784
42 402.6272 1183.3837 0.019607844 -792
0 978.09436 827.569 0.01764706 -8
1 979.09344 827.569 0.019607844 -8
2 979.09344 827.569 0.019607844 -25
3 976.52844 828.5684 0.019607844 -29
4 962.9856 833.9902 0.019607844 -75
5 946.3828 835.8692 0.019607844 -108
6 924.77814 835.5648 0.019607844 -125
7 887.65436 835.5648 0.019607844 -141
8 846.91705 835.5648 0.019607844 -158
9 808.06024 836.5643 0.019607844 -174
10 767.0334 836.5643 0.019607844 -191
11 722.7201 835.1229 0.019607844 -207
12 682.10443 828.84064 0.019607844 -224
13 643.3058 822.9418 0.01764706 -240
14 603.2797 815.8049 0.01764706 -257
15 576.0274 812.1248 0.01764706 -273
16 557.5639 812.21686 0.01764706 -290
17 543.7668 817.744 0.019607844 -306
18 534.6257 819.7489 0.019607844 -323
19 528.3676 821.61975 0.019607844 -340
20 523.7594 822.57153 0.019607844 -356
21 520.15784 822.57153 0.019607844 -373
22 518.0155 822.57153 0.019607844 -389
23 516.1828 822.57153 0.019607844 -406
24 512.2445 823.71155 0.019607844 -422
25 507.49722 829.6227 0.01764706 -439
26 501.26276 844.3796 0.01764706 -455
27 490.75226 904.81757 0.019607844 -472
28 489.54672 949.9177 0.01764706 -505
29 487.32886 1147.2405 0.01764706 -521
30 476.00696 1266.0352 0.019607844 -571
31 458.33203 1389.7864 0.019607844 -604
32 446.60245 1471.1006 0.01764706 -637
33 439.8257 1501.2861 0.01764706 -653
34 434.16376 1540.6714 0.019607844 -670
35 430.32407 1562.2963 0.01764706 -687
36 428.13278 1573.5344 0.01764706 -703
37 426.32016 1580.0325 0.01764706 -720
38 424.47955 1584.4296 0.01764706 -736
39 422.57513 1587.2069 0.01764706 -753
40 421.60962 1588.1727 0.01764706 -769
41 421.60962 1588.1727 0.01764706 -777
0 970.10175 616.6788 0.01764706 0
1 970.10175 616.6788 0.019607844 0
2 970.10175 616.6788 0.019607844 -34
3 970.10175 616.6788 0.019607844 -51
4 964.28577 616.2237 0.019607844 -67
5 954.2583 615.6793 0.019607844 -100
6 939.83405 615.6793 0.019607844 -117
7 925.1434 615.6793 0.019607844 -133
8 925.1434 615.6793 0.019607844 -148
9 826.235 614.6798 0.019607844 -175
10 813.6948 611.6814 0.019607844 -175
11 811.24884 611.6814 0.019607844 -199
12 811.24884 611.6814 0.019607844 -203
13 716.33673 615.6793 0.019607844 -228
14 716.33673 615.6793 0.019607844 -228
15 672.37744 615.6793 0.019607844 -255
16 653.5147 615.6793 0.019607844 -255
17 602.4422 615.6793 0.019607844 -282
18 602.4422 615.6793 0.019607844 -300
19 479.55597 615.6793 0.019607844 -336
20 479.55597 615.6793 0.019607844 -336
21 479.55597 615.6793 0.019607844 -348
22 479.55597 615.6793 0.019607844 -355
23 446.5865 616.6788 0.019607844 -410
24 446.5865 616.6788 0.019607844 -410
25 445.71545 617.55023 0.019607844 -431
26 443.7707 629.67456 0.019607844 -464
27 441.95972 651.23364 0.019607844 -480
28 441.59113 687.34045 0.019607844 -497
29 440.59204 773.35846 0.019607844 -513
30 446.94174 961.06635 0.019607844 -546
31 449.08728 1030.0902 0.019607844 -579
32 452.76013 1174.0247 0.019607844 -596
33 454.66388 1235.1569 0.019607844 -629
34 454.5791 1301.1738 0.019607844 -645
35 453.7274 1337.943 0.019607844 -662
36 452.84012 1370.1732 0.019607844 -678
37 450.96512 1384.3656 0.019607844 -695
38 449.0874 1391.7654 0.019607844 -711
39 448.58466 1395.9568 0.019607844 -728
40 448.58466 1399.8208 0.019607844 -744
41 448.58466 1401.4253 0.019607844 -761
42 448.58466 1403.482 0.01764706 -778
43 448.58466 1403.482 0.01764706 -794
0 971.1008 1045.4554 0.01764706 0
1 971.1008 1039.2607 0.019607844 0
2 971.1008 1035.6029 0.019607844 -16
3 967.56714 1033.4617 0.01764706 -32
4 965.0785 1033.4617 0.01764706 -65
5 959.6115 1034.9609 0.01764706 -82
6 950.2732 1029.7249 0.019607844 -99
7 935.23267 1034.9363 0.01764706 -116
8 913.55676 1033.0625 0.019607844 -132
9 874.6827 1038.4197 0.01764706 -149
10 835.5787 1041.2811 0.01764706 -165
11 796.6258 1043.122 0.01764706 -182
12 759.297 1044.9556 0.01764706 -198
13 716.1314 1044.4559 0.019607844 -215
14 676.71924 1037.463 0.019607844 -231
15 637.19086 1041.5155 0.01764706 -248
16 584.92285 1043.3495 0.01764706 -264
17 551.0614 1033.0096 0.019607844 -281
18 524.75305 1025.8945 0.019607844 -298
19 504.71234 1021.7732 0.019607844 -314
20 490.1081 1019.2893 0.019607844 -331
21 479.59357 1018.46954 0.019607844 -347
22 471.3858 1018.46954 0.019607844 -364
23 465.75504 1019.67804 0.019607844 -380
24 460.33517 1023.2928 0.019607844 -397
25 457.1764 1025.6659 0.019607844 -413
26 453.55298 1027.4784 0.019607844 -430
27 449.89377 1031.997 0.019607844 -447
28 445.5696 1040.4938 0.019607844 -463
29 439.1567 1062.2356 0.019607844 -480
30 435.0625 1082.179 0.019607844 -496
31 425.9367 1179.0885 0.019607844 -513
32 420.5417 1321.5696 0.019607844 -546
33 415.3732 1447.2698 0.019607844 -579
34 408.37766 1546.3695 0.01764706 -612
35 403.1198 1609.4985 0.019607844 -629
36 396.657 1673.8855 0.01764706 -645
37 392.16684 1718.8052 0.019607844 -662
38 388.31934 1747.0167 0.019607844 -678
39 384.66217 1767.4783 0.019607844 -695
40 383.28043 1780.6252 0.019607844 -711
41 381.40018 1788.0555 0.019607844 -728
42 380.64755 1795.9651 0.019607844 -744
43 380.64755 1797.9431 0.019607844 -778
44 380.64755 1799.9434 0.019607844 -794
45 380.64755 1800.0624 0.019607844 -811
46 380.64755 1800.0624 0.019607844 -820
0 976.0962 832.56635 0.019607844 0
1 976.0962 832.56635 0.019607844 0
2 972.7287 827.1985 0.01764706 -25
3 968.161 823.2761 0.01764706 -63
4 959.91785 821.10455 0.01764706 -80
5 947.69006 822.9188 0.019607844 -96
6 901.28107 825.68787 0.019607844 -113
7 873.57666 824.4934 0.01764706 -146
8 842.3018 828.2262 0.019607844 -163
9 809.0268 831.26306 0.019607844 -179
10 771.7854 833.06604 0.019607844 -196
11 730.70715 827.9434 0.019607844 -212
12 642.7563 811.7816 0.01764706 -229
13 602.74005 808.69977 0.01764706 -262
14 550.84235 809.00867 0.01764706 -279
15 526.6263 810.25415 0.01764706 -312
16 512.0837 808.3987 0.01764706 -328
17 501.56577 807.57935 0.01764706 -345
18 494.31384 807.57935 0.01764706 -361
19 489.37723 807.57935 0.01764706 -378
20 484.3511 810.3782 0.019607844 -394
21 481.05276 814.07776 0.019607844 -411
22 473.84012 831.86957 0.019607844 -427
23 471.87265 838.6344 0.019607844 -461
24 469.07233 862.43097 0.019607844 -477
25 467.20804 886.49146 0.019607844 -494
26 468.76245 966.35693 0.019607844 -510
27 471.53915 1037.854 0.01764706 -527
28 474.5606 1159.8407 0.019607844 -543
29 474.5606 1220.5234 0.019607844 -576
30 470.8032 1355.8264 0.019607844 -593
31 465.8524 1417.2894 0.019607844 -624
32 462.07388 1453.2225 0.01764706 -640
33 458.23688 1491.9254 0.01764706 -657
34 454.59253 1509.6532 0.01764706 -674
35 453.11185 1518.5521 0.01764706 -690
36 451.25146 1523.1987 0.01764706 -707
37 449.33435 1526.704 0.01764706 -723
38 447.36548 1528.4242 0.01764706 -740
39 447.58557 1532.1493 0.01764706 -756
40 447.58557 1533.2014 0.01764706 -789
41 447.58557 1534.2009 0.015686275 -797
0 957.1138 614.6798 0.01764706 0
1 957.1138 614.6798 0.01764706 -5
2 957.1138 614.6798 0.01764706 -21
3 957.1138 614.6798 0.019607844 -56
4 955.7525 614.6798 0.019607844 -64
5 938.31573 611.6814 0.019607844 -106
6 919.4644 611.6814 0.019607844 -139
7 894.2123 611.6814 0.019607844 -156
8 869.21936 611.6814 0.019607844 -172
9 839.42224 612.6809 0.019607844 -189
10 807.4049 613.17303 0.019607844 -205
11 770.92474 613.68036 0.019607844 -222
12 770.92474 613.68036 0.019607844 -238
13 673.3765 615.6793 0.019607844 -262
14 673.3765 615.6793 0.019607844 -262
15 606.4385 615.6793 0.019607844 -280
16 606.4385 615.6793 0.019607844 -280
17 565.47644 583.696 0.019607844 -298
18 565.47644 583.696 0.019607844 -298
19 471.56335 453.76364 0.021568628 -370
20 464.55832 436.74554 0.021568628 -370
21 461.7508 429.31143 0.021568628 -387
22 459.9233 424.47726 0.021568628 -404
23 458.10376 420.83664 0.021568628 -420
24 456.32324 419.52725 0.021568628 -437
25 454.4528 418.78186 0.021568628 -454
26 452.62256 422.61316 0.019607844 -470
27 449.0308 436.5398 0.021568628 -487
28 446.4486 461.84668 0.019607844 -503
29 444.21225 505.0304 0.019607844 -520
30 443.58926 656.24445 0.019607844 -536
31 443.58926 725.8965 0.023529414 -569
32 440.59204 853.3853 0.021568628 -586
33 440.59204 922.04095 0.019607844 -619
34 437.02472 975.193 0.021568628 -636
35 430.022 1038.2911 0.021568628 -652
36 427.55746 1065.005 0.019607844 -669
37 425.62158 1096.2098 0.021568628 -685
38 421.87247 1127.834 0.019607844 -702
39 419.61148 1142.7924 0.019607844 -735
40 419.61148 1148.0554 0.019607844 -768
41 419.61148 1151.4003 0.01764706 -784
42 419.61148 1151.4003 0.01764706 -796
0 977.0953 637.66785 0.019607844 0
1 976.3581 637.66785 0.019607844 0
2 971.83777 637.66785 0.019607844 -48
3 962.7046 637.66785 0.019607844 -65
4 943.1267 644.66425 0.019607844 -81
5 943.1267 644.66425 0.019607844 -102
6 880.185 645.6637 0.019607844 -128
7 879.1859 645.6637 0.019607844 -128
8 879.1859 645.6637 0.019607844 -137
9 817.2433 645.6637 0.019607844 -155
10 817.2433 645.6637 0.019607844 -155
11 780.2775 677.64703 0.019607844 -173
12 780.2775 677.64703 0.019607844 -173
13 719.334 677.64703 0.019607844 -199
14 691.22644 677.64703 0.019607844 -199
15 643.40424 677.64703 0.019607844 -231
16 643.40424 677.64703 0.019607844 -254
17 532.50696 678.64655 0.019607844 -272
18 517.5208 677.64703 0.019607844 -272
19 517.5208 677.64703 0.019607844 -299
20 443.58926 678.64655 0.019607844 -427
21 443.58926 678.64655 0.019607844 -427
22 443.58926 678.64655 0.019607844 -444
23 443.58926 678.64655 0.019607844 -453
24 443.58926 741.6137 0.019607844 -480
25 447.1673 775.24713 0.019607844 -480
26 452.9142 830.6808 0.019607844 -510
27 460.3188 911.46515 0.019607844 -527
28 466.12296 1027.8826 0.019607844 -543
29 471.01636 1198.5977 0.019607844 -560
30 472.56244 1328.4612 0.019607844 -593
31 472.56244 1365.9944 0.019607844 -626
32 470.2793 1381.5627 0.019607844 -643
33 470.5643 1388.8268 0.019607844 -659
34 470.5643 1394.5674 0.019607844 -676
35 470.5643 1398.3542 0.019607844 -692
36 468.5432 1400.2936 0.01764706 -709
37 467.56708 1401.2701 0.01764706 -725
38 464.56985 1375.2837 0.023529414 -733
0 959.11194 430.77563 0.019607844 -69
1 953.5345 427.48605 0.019607844 -69
2 943.43463 425.2511 0.021568628 -92
3 928.56305 423.38202 0.019607844 -109
4 889.6912 418.82147 0.021568628 -125
5 848.3763 418.78186 0.021568628 -158
6 809.4958 418.78186 0.021568628 -175
7 771.351 416.14987 0.021568628 -191
8 730.89764 415.78345 0.021568628 -208
9 685.03656 412.11902 0.021568628 -224
10 591.9961 406.04095 0.021568628 -241
11 546.6842 403.9491 0.021568628 -274
12 543.49677 403.78967 0.021568628 -290
13 527.5116 426.7777 0.027450982 -292
14 498.5384 416.78293 0.021568628 -319
15 467.56708 409.78656 0.021568628 -319
16 458.5754 430.77563 0.027450982 -347
17 441.59113 433.77408 0.021568628 -383
18 437.59482 444.76834 0.027450982 -383
19 431.60037 448.76627 0.027450982 -411
20 427.60406 442.76938 0.021568628 -411
21 424.60684 438.77145 0.021568628 -430
22 418.7358 432.83633 0.021568628 -430
23 412.08316 438.8655 0.021568628 -457
24 407.97058 454.69565 0.019607844 -489
25 408.73346 501.20108 0.019607844 -505
26 415.05154 599.28827 0.021568628 -522
27 423.55777 686.09235 0.021568628 -538
28 438.04236 844.8315 0.021568628 -555
29 447.6302 975.96497 0.019607844 -588
30 450.5828 1090.2257 0.021568628 -621
31 447.73566 1135.3572 0.019607844 -654
32 447.58557 1144.4836 0.019607844 -687
33 446.5865 1152.9574 0.019607844 -704
34 446.5865 1156.9141 0.019607844 -737
35 446.5865 1157.3972 0.019607844 -770
36 451.58188 1210.3696 0.023529414 -774
0 992.0814 841.56165 0.019607844 0
1 992.0814 841.56165 0.019607844 0
2 984.858 837.33374 0.019607844 -38
3 973.2026 831.5669 0.01764706 -79
4 937.79877 826.4182 0.01764706 -96
5 902.6262 831.6402 0.019607844 -129
6 868.3453 835.3387 0.019607844 -145
7 833.00214 841.9703 0.019607844 -162
8 796.9541 850.31537 0.01764706 -178
9 759.90674 855.8127 0.01764706 -195
10 718.62415 859.07166 0.01764706 -211
11 682.554 860.6424 0.01764706 -228
12 635.47626 861.5513 0.01764706 -244
13 603.0517 861.5513 0.01764706 -261
14 578.37976 861.5513 0.01764706 -278
15 557.86975 861.5513 0.01764706 -294
16 542.9793 861.5513 0.01764706 -311
17 530.1651 858.5528 0.01764706 -327
18 522.06555 858.5528 0.01764706 -344
19 521.5171 858.5528 0.01764706 -360
20 518.5199 858.5528 0.01764706 -361
21 513.52454 858.5528 0.01764706 -389
22 498.83917 861.3829 0.01764706 -389
23 493.3399 880.3546 0.01764706 -476
24 486.581 950.7165 0.01764706 -492
25 487.3861 1038.1172 0.019607844 -525
26 491.04535 1186.8818 0.01764706 -542
27 490.5458 1250.8485 0.01764706 -574
28 489.2229 1312.7987 0.01764706 -591
29 485.61343 1428.1208 0.01764706 -608
30 485.5504 1429.2556 0.01764706 -641
31 483.55228 1472.2332 0.01764706 -642
32 482.5532 1489.2244 0.01764706 -658
33 478.5569 1519.4712 0.01764706 -658
34 477.55783 1524.7147 0.01764706 -707
35 477.55783 1528.6213 0.01764706 -740
36 477.55783 1528.6213 0.01764706 -773
0 981.0916 615.6793 0.01764706 0
1 981.0916 615.6793 0.019607844 0
2 977.87476 615.6793 0.019607844 -32
3 971.7705 615.6793 0.019607844 -65
4 941.33936 615.6793 0.019607844 -82
5 899.30493 615.6793 0.019607844 -115
6 860.4762 615.6793 0.019607844 -148
7 826.6323 615.6793 0.019607844 -164
8 789.09973 615.6793 0.019607844 -181
9 711.76227 615.6793 0.019607844 -197
10 663.40625 615.6793 0.019607844 -231
11 610.8454 615.6793 0.019607844 -247
12 549.6362 615.6793 0.019607844 -264
13 509.69156 615.6793 0.019607844 -297
14 496.33075 615.6793 0.019607844 -330
15 485.94128 615.6793 0.019607844 -346
16 478.55692 615.6793 0.019607844 -363
17 473.51315 615.6793 0.019607844 -379
18 470.2727 615.6793 0.019607844 -396
19 467.63312 615.6793 0.019607844 -412
20 465.84216 616.40546 0.019607844 -429
21 461.57263 619.67725 0.019607844 -445
22 461.57263 619.67725 0.019607844 -466
23 446.5865 693.63873 0.019607844 -494
24 445.58743 700.4586 0.019607844 -494
25 450.87378 760.04395 0.019607844 -512
26 465.38242 895.2093 0.019607844 -528
27 476.47357 1043.9216 0.019607844 -561
28 477.7797 1184.7196 0.019607844 -594
29 475.8449 1213.9417 0.019607844 -627
30 472.2421 1258.9093 0.019607844 -644
31 470.24332 1266.6254 0.019607844 -677
32 469.56522 1270.7926 0.019607844 -693
33 469.56522 1274.6062 0.019607844 -710
34 469.56522 1277.3347 0.01764706 -726
35 469.56522 1278.3342 0.01764706 -751
0 988.0851 987.48566 0.01764706 -7
1 986.913 1001.55707 0.01764706 -7
2 985.04236 1012.70044 0.019607844 -16
3 985.0879 1019.26227 0.019607844 -32
4 985.0879 1024.1049 0.019607844 -49
5 981.68915 1026.1664 0.019607844 -65
6 970.2529 1031.3871 0.019607844 -82
7 953.77325 1035.2039 0.019607844 -115
8 937.3595 1038.8528 0.019607844 -131
9 909.7038 1041.5052 0.019607844 -148
10 879.4628 1043.3143 0.019607844 -165
11 814.40125 1043.4565 0.01764706 -181
12 775.8465 1044.9274 0.01764706 -214
13 740.29553 1044.4559 0.01764706 -231
14 702.4919 1044.4559 0.01764706 -247
15 651.6296 1044.4559 0.01764706 -264
16 618.29565 1038.8862 0.019607844 -280
17 589.6484 1041.0154 0.01764706 -297
18 564.3087 1042.826 0.01764706 -313
19 541.16174 1038.6388 0.01764706 -330
20 523.93243 1040.5228 0.01764706 -346
21 503.2274 1040.4581 0.01764706 -363
22 497.07123 1040.4581 0.01764706 -396
23 492.98013 1040.4581 0.01764706 -412
24 491.4159 1040.4581 0.01764706 -429
25 489.6297 1040.4581 0.01764706 -445
26 487.826 1040.4581 0.019607844 -462
27 486.01144 1040.4581 0.019607844 -479
28 484.20203 1040.4581 0.019607844 -495
29 481.12924 1046.4395 0.019607844 -512
30 468.5112 1116.0637 0.019607844 -528
31 464.42474 1163.1453 0.019607844 -561
32 459.52133 1239.854 0.019607844 -578
33 458.43152 1296.0859 0.019607844 -594
34 455.5526 1370.9773 0.019607844 -611
35 449.08978 1472.6714 0.019607844 -627
36 441.44495 1549.5096 0.01764706 -644
37 434.79083 1610.0118 0.019607844 -660
38 427.63663 1675.8177 0.01764706 -677
39 420.0629 1742.2036 0.019607844 -693
40 417.6133 1763.6075 0.019607844 -726
41 417.6133 1771.203 0.01764706 -759
42 417.6133 1774.0759 0.01764706 -793
43 424.60684 1755.0858 0.021568628 -817
0 928.1406 416.78293 0.019607844 0
1 928.1406 416.78293 0.021568628 0
2 928.1406 416.78293 0.021568628 -21
3 928.1406 416.78293 0.021568628 -38
4 923.1038 414.43698 0.021568628 -54
5 915.783 412.4429 0.021568628 -88
6 904.58374 412.785 0.021568628 -104
7 885.362 412.785 0.021568628 -121
8 860.4144 412.785 0.021568628 -137
9 831.9316 412.785 0.021568628 -154
10 798.2799 414.3832 0.021568628 -170
11 760.9453 415.25418 0.021568628 -187
12 719.64575 417.1322 0.019607844 -203
13 676.22534 417.95517 0.019607844 -220
14 616.8478 417.7824 0.021568628 -236
15 569.4389 416.78293 0.021568628 -253
16 499.0186 413.31476 0.021568628 -269
17 470.57144 411.45285 0.021568628 -302
18 449.9248 410.63535 0.021568628 -319
19 432.11017 410.78604 0.021568628 -335
20 420.80594 410.78604 0.021568628 -352
21 413.98975 410.78604 0.021568628 -368
22 408.9195 410.78604 0.021568628 -385
23 403.6318 410.78604 0.021568628 -402
24 400.99945 411.60025 0.019607844 -435
25 397.49594 416.759 0.019607844 -451
26 393.63556 433.27435 0.021568628 -468
27 390.34998 453.6498 0.019607844 -484
28 390.7723 495.5586 0.019607844 -501
29 390.6696 571.075 0.021568628 -517
30 393.22842 636.3341 0.019607844 -534
31 401.1196 762.71594 0.019607844 -550
32 401.6281 841.52454 0.021568628 -583
33 407.51157 900.30865 0.021568628 -600
34 407.62256 957.0572 0.021568628 -616
35 410.52927 1011.84485 0.019607844 -633
36 409.8946 1046.3435 0.021568628 -649
37 407.4612 1066.0908 0.019607844 -666
38 404.12433 1077.9459 0.019607844 -682
39 402.6272 1098.761 0.021568628 -699
40 401.2844 1105.4564 0.021568628 -732
41 401.2844 1105.4564 0.019607844 -749
0 976.0962 1047.4545 0.01764706 0
1 974.4772 1046.6445 0.01764706 0
2 958.1129 1037.4597 0.019607844 -58
3 941.6416 1032.6333 0.019607844 -91
4 921.5677 1030.8889 0.019607844 -107
5 895.25854 1025.2704 0.019607844 -124
6 854.49133 1021.67535 0.019607844 -140
7 817.24994 1026.0662 0.01764706 -157
8 777.0534 1026.3942 0.019607844 -173
9 737.50116 1026.816 0.019607844 -190
10 652.83325 1037.1273 0.01764706 -206
11 595.5136 1041.3116 0.01764706 -239
12 522.6116 1023.82135 0.019607844 -256
13 511.50824 1021.29834 0.019607844 -305
14 504.67404 1019.50433 0.019607844 -322
15 500.02457 1018.46954 0.019607844 -338
16 495.04163 1021.468 0.01764706 -355
17 491.73755 1023.2742 0.01764706 -371
18 488.25403 1024.6133 0.01764706 -388
19 484.5961 1026.443 0.019607844 -405
20 481.00635 1030.7855 0.019607844 -421
21 475.69116 1046.2075 0.019607844 -438
22 469.42154 1071.3987 0.019607844 -454
23 460.79364 1124.1182 0.01764706 -471
24 455.41537 1186.6855 0.01764706 -487
25 449.9505 1281.7031 0.01764706 -504
26 438.5483 1427.4637 0.01764706 -520
27 426.50372 1555.0011 0.019607844 -553
28 413.2213 1676.1008 0.01764706 -586
29 407.612 1718.4263 0.019607844 -619
30 403.4505 1744.3832 0.01764706 -636
31 401.18857 1756.7247 0.019607844 -652
32 399.37366 1761.852 0.019607844 -669
33 398.6309 1766.4137 0.019607844 -686
34 398.6309 1770.8947 0.01764706 -702
35 398.6309 1774.0759 0.01764706 -735
36 398.6309 1774.0759 0.01764706 -761
0 965.1064 1047.4545 0.01764706 -6
1 965.1064 1047.4545 0.01764706 -6
2 964.4238 1047.4545 0.01764706 -23
3 952.9291 1041.4575 0.019607844 -56
4 939.15845 1041.4575 0.01764706 -89
5 924.3656 1042.6545 0.01764706 -106
6 903.985 1035.1396 0.019607844 -122
7 871.3537 1033.7194 0.01764706 -139
8 835.34485 1038.0259 0.019607844 -155
9 801.29987 1041.0013 0.01764706 -172
10 759.8661 1042.9535 0.019607844 -188
11 717.92175 1044.7346 0.019607844 -205
12 674.45123 1045.4554 0.019607844 -221
13 623.1748 1046.4049 0.019607844 -238
14 582.2804 1047.4545 0.019607844 -254
15 548.3186 1047.4545 0.019607844 -271
16 521.77527 1047.4545 0.019607844 -287
17 501.3589 1047.4545 0.019607844 -304
18 483.11563 1047.4545 0.019607844 -321
19 470.40695 1047.4545 0.019607844 -337
20 462.87582 1047.4545 0.019607844 -354
21 457.13763 1047.4545 0.019607844 -370
22 452.52234 1047.4545 0.019607844 -387
23 449.24948 1048.621 0.019607844 -403
24 443.68893 1063.122 0.019607844 -420
25 437.4076 1099.3329 0.019607844 -436
26 432.97992 1133.7928 0.019607844 -453
27 429.74203 1184.2838 0.019607844 -469
28 429.60223 1241.4814 0.019607844 -486
29 426.44293 1314.6956 0.019607844 -502
30 423.55804 1416.8555 0.019607844 -519
31 419.682 1495.2444 0.01764706 -535
32 412.14505 1615.1022 0.01764706 -552
33 407.40247 1668.5035 0.01764706 -585
34 405.11157 1696.7894 0.019607844 -601
35 401.80966 1736.9148 0.01764706 -618
36 399.37598 1750.1223 0.01764706 -635
37 397.3764 1759.1063 0.019607844 -651
38 396.63275 1765.3624 0.019607844 -668
39 396.63275 1770.7847 0.01764706 -684
40 396.63275 1771.0775 0.01764706 -717
41 402.6272 1753.0869 0.021568628 -720
0 950.12024 614.6798 0.01764706 0
1 946.545 605.3168 0.019607844 0
2 941.9237 601.2174 0.019607844 -33
3 934.72217 602.28937 0.019607844 -49
4 924.7495 604.1702 0.019607844 -66
5 888.7776 608.8102 0.019607844 -82
6 865.19684 610.759 0.019607844 -115
7 777.7288 613.68036 0.019607844 -132
8 725.48413 613.68036 0.019607844 -165
9 678.90314 613.68036 0.019607844 -181
10 635.88025 613.68036 0.019607844 -198
11 594.2929 613.68036 0.019607844 -214
12 554.6407 613.68036 0.019607844 -231
13 524.9747 613.68036 0.019607844 -247
14 521.5171 613.68036 0.019607844 -264
15 521.5171 613.68036 0.019607844 -266
16 456.57724 616.6788 0.019607844 -294
17 456.57724 616.6788 0.019607844 -294
18 456.57724 616.6788 0.019607844 -330
19 456.57724 616.6788 0.019607844 -347
20 455.178 618.0786 0.019607844 -363
21 451.22217 621.03656 0.019607844 -380
22 445.42493 645.3688 0.019607844 -396
23 444.58835 704.401 0.019607844 -413
24 449.3905 779.46686 0.019607844 -429
25 455.67563 851.15424 0.019607844 -446
26 461.57578 932.56165 0.019607844 -462
27 465.69083 1015.8403 0.019607844 -479
28 467.56708 1207.4038 0.019607844 -495
29 465.7799 1258.6979 0.019607844 -528
30 460.9893 1327.731 0.019607844 -545
31 457.2727 1352.5111 0.019607844 -578
32 455.5782 1357.2257 0.019607844 -611
33 455.5782 1359.734 0.019607844 -628
34 455.5782 1362.6947 0.019607844 -644
35 455.5782 1362.6947 0.01764706 -661
0 931.1378 434.77356 0.019607844 0
1 929.0086 433.20877 0.019607844 0
2 915.48535 431.77512 0.019607844 -82
3 871.4275 431.77512 0.019607844 -115
4 840.14703 430.77563 0.019607844 -148
5 801.3638 430.77563 0.019607844 -164
6 761.4059 430.77563 0.019607844 -181
7 718.5881 429.33334 0.019607844 -197
8 671.3588 429.77615 0.019607844 -214
9 623.9781 428.63898 0.019607844 -230
10 569.1701 427.7772 0.019607844 -247
11 537.2266 427.7772 0.019607844 -263
12 509.24414 427.7772 0.019607844 -280
13 488.04614 427.7772 0.019607844 -296
14 474.91385 427.7772 0.019607844 -313
15 465.19485 427.7772 0.019607844 -329
16 461.57263 427.7772 0.019607844 -346
17 456.57724 448.76627 0.027450982 -354
18 452.58093 444.76834 0.019607844 -382
19 447.296 440.4807 0.019607844 -382
20 444.2623 438.60837 0.019607844 -412
21 440.64682 439.7344 0.019607844 -429
22 434.4306 452.0988 0.021568628 -445
23 429.54993 485.32297 0.021568628 -462
24 427.10944 551.03064 0.021568628 -478
25 430.08807 619.67377 0.019607844 -495
26 437.9303 714.8252 0.021568628 -511
27 447.44757 842.6965 0.019607844 -528
28 452.2028 975.89386 0.021568628 -544
29 450.36847 1027.8243 0.021568628 -577
30 442.63385 1073.8314 0.019607844 -594
31 438.8365 1081.9508 0.019607844 -627
32 438.5939 1087.3038 0.019607844 -643
33 437.59482 1090.9546 0.019607844 -660
34 437.59482 1092.7524 0.019607844 -677
35 437.59482 1093.4304 0.019607844 -693
36 437.59482 1093.4304 0.019607844 -699
0 963.1082 1048.4539 0.01764706 0
1 963.1082 1048.4539 0.019607844 0
2 961.58044 1048.4539 0.019607844 -33
3 945.6162 1048.4539 0.019607844 -66
4 931.1403 1048.4539 0.019607844 -99
5 911.9501 1048.4539 0.019607844 -116
6 881.59564 1048.4539 0.019607844 -132
7 844.1287 1049.3624 0.019607844 -149
8 807.6242 1049.4534 0.019607844 -165
9 767.5106 1051.0789 0.019607844 -182
10 734.32007 1051.4524 0.019607844 -198
11 711.3414 1051.4524 0.019607844 -211
12 662.38666 1051.4524 0.019607844 -237
13 640.40704 1051.4524 0.019607844 -237
14 618.42737 1051.4524 0.019607844 -255
15 597.44684 1050.4529 0.01764706 -255
16 551.4894 1048.4539 0.01764706 -281
17 536.50323 1048.4539 0.01764706 -281
18 516.5217 1048.4539 0.01764706 -308
19 500.84726 1048.4539 0.019607844 -308
20 490.6633 1048.4539 0.019607844 -331
21 486.88998 1048.4539 0.019607844 -364
22 483.90604 1048.4539 0.019607844 -380
23 482.1036 1048.4539 0.019607844 -397
24 480.31033 1048.4539 0.019607844 -413
25 475.29242 1054.8073 0.019607844 -430
26 463.35025 1100.8643 0.019607844 -446
27 454.17892 1151.2445 0.019607844 -463
28 446.64258 1209.3229 0.019607844 -479
29 439.03738 1290.3912 0.01764706 -496
30 424.68854 1472.1537 0.019607844 -512
31 412.38638 1610.0398 0.019607844 -545
32 398.9893 1682.5945 0.019607844 -578
33 393.65982 1700.0173 0.019607844 -611
34 389.7587 1712.7491 0.019607844 -628
35 387.30447 1719.1154 0.019607844 -645
36 385.43787 1723.5128 0.019607844 -661
37 383.43555 1726.3103 0.019607844 -678
38 383.64478 1728.0967 0.019607844 -694
39 383.64478 1729.0994 0.019607844 -711
40 383.64478 1729.0994 0.019607844 -719
0 962.1092 809.5783 0.01764706 -8
1 962.1092 809.5783 0.01764706 -8
2 962.1092 810.50183 0.01764706 -26
3 960.3195 809.5783 0.01764706 -43
4 958.4602 809.5783 0.01764706 -59
5 954.5502 812.6207 0.019607844 -76
6 948.9847 816.3325 0.019607844 -92
7 937.897 822.189 0.019607844 -109
8 883.6493 842.09796 0.01764706 -125
9 803.54266 856.4395 0.01764706 -158
10 758.9031 860.5052 0.01764706 -191
11 745.3099 861.5513 0.01764706 -208
12 721.3321 862.5507 0.01764706 -212
13 672.37744 864.5497 0.01764706 -239
14 586.265 865.5492 0.01764706 -239
15 542.7942 865.5492 0.01764706 -274
16 530.4407 865.5492 0.01764706 -307
17 520.8487 865.5492 0.01764706 -323
18 514.71027 865.5492 0.01764706 -340
19 510.03778 870.0368 0.019607844 -357
20 505.43872 873.63824 0.019607844 -373
21 501.81528 877.2632 0.019607844 -390
22 494.924 891.77094 0.01764706 -406
23 486.62015 909.3496 0.01764706 -423
24 470.43652 999.5664 0.01764706 -439
25 464.36148 1060.339 0.01764706 -472
26 461.21945 1124.1265 0.01764706 -489
27 459.5395 1225.3562 0.01764706 -505
28 452.82022 1342.5903 0.01764706 -522
29 449.0234 1413.2375 0.019607844 -538
30 444.30795 1474.1614 0.019607844 -555
31 435.7376 1563.1982 0.01764706 -571
32 431.088 1589.4202 0.019607844 -604
33 428.56622 1619.6 0.01764706 -621
34 426.64435 1631.953 0.01764706 -637
35 424.83057 1638.4747 0.01764706 -654
36 424.60684 1642.4688 0.01764706 -671
37 424.60684 1644.1437 0.01764706 -687
38 421.60962 1672.129 0.021568628 -716
0 984.0888 836.5643 0.019607844 0
1 984.0888 836.5643 0.019607844 0
2 981.7449 836.5643 0.019607844 -42
3 967.20844 836.5643 0.019607844 -75
4 934.8451 836.5643 0.019607844 -108
5 868.74603 848.0214 0.01764706 -141
6 831.4696 853.76935 0.01764706 -174
7 791.2731 857.68317 0.01764706 -191
8 750.1335 859.969 0.01764706 -207
9 707.8768 861.7543 0.01764706 -224
10 690.3608 861.5513 0.01764706 -240
11 668.3811 861.5513 0.01764706 -247
12 613.432 862.5507 0.01764706 -274
13 594.4496 862.5507 0.01764706 -274
14 578.4644 862.5507 0.01764706 -292
15 512.41504 862.5507 0.01764706 -292
16 494.32013 854.4562 0.019607844 -340
17 481.48727 849.86835 0.019607844 -356
18 472.93716 846.90265 0.019607844 -373
19 465.8197 845.12256 0.019607844 -389
20 460.85837 845.7977 0.01764706 -406
21 457.39862 847.6474 0.01764706 -422
22 452.78616 849.45483 0.01764706 -439
23 443.74484 877.07605 0.01764706 -455
24 437.57132 915.31714 0.019607844 -472
25 436.59573 968.9751 0.019607844 -488
26 447.9217 1166.1586 0.01764706 -505
27 456.33054 1317.4366 0.01764706 -538
28 458.5754 1439.9083 0.01764706 -571
29 456.13467 1513.1855 0.01764706 -604
30 454.13458 1538.758 0.019607844 -637
31 452.19113 1551.533 0.019607844 -654
32 452.58093 1557.3091 0.019607844 -670
33 452.58093 1561.705 0.019607844 -687
34 452.58093 1564.4292 0.019607844 -703
35 452.58093 1565.1848 0.01764706 -720
36 452.58093 1564.1853 0.015686275 -726
