0 825.2359 320.8329 0.01764706 -154
1 825.2359 320.8329 0.01764706 -197
2 824.2368 320.8329 0.01764706 -230
3 822.23865 320.8329 0.01764706 -230
4 821.2396 320.8329 0.01764706 -238
5 818.2424 320.8329 0.01764706 -263
6 809.85834 320.8329 0.01764706 -263
7 809.85834 320.8329 0.01764706 -314
8 806.2535 320.8329 0.019607844 -337
9 804.2553 320.8329 0.019607844 -337
10 798.26086 320.8329 0.019607844 -370
11 797.2618 320.8329 0.019607844 -370
12 785.2729 320.8329 0.01764706 -437
13 782.93005 320.8329 0.01764706 -437
14 774.19763 321.83237 0.01764706 -446
15 770.2868 321.83237 0.01764706 -479
16 768.28864 322.83185 0.01764706 -495
17 760.296 324.8308 0.01764706 -528
18 758.29785 324.8308 0.01764706 -528
19 754.3016 325.8303 0.019607844 -553
20 751.3043 325.8303 0.019607844 -553
21 737.3173 331.82718 0.019607844 -611
22 724.7399 333.8261 0.01764706 -611
23 709.12555 334.8256 0.01764706 -644
24 700.3515 336.82455 0.01764706 -677
25 696.3552 336.82455 0.019607844 -695
26 689.3617 337.82404 0.019607844 -720
27 678.43536 340.55673 0.019607844 -720
28 669.1471 341.82196 0.019607844 -743
29 645.93756 342.39905 0.01764706 -760
30 623.31213 346.85626 0.019607844 -793
31 606.5113 346.81937 0.01764706 -826
32 591.4927 347.24194 0.01764706 -842
33 578.0584 347.81885 0.019607844 -859
34 547.3974 349.50836 0.01764706 -875
35 517.2515 350.85574 0.019607844 -908
36 490.4939 351.9115 0.019607844 -941
37 475.38733 349.93594 0.01764706 -974
38 462.7632 349.81778 0.01764706 -991
39 451.2024 351.54684 0.019607844 -1007
40 440.585 352.48425 0.019607844 -1024
41 428.23724 352.22028 0.019607844 -1040
42 414.78897 350.81726 0.01764706 -1057
43 391.48163 352.00928 0.019607844 -1073
44 370.57745 354.82654 0.019607844 -1106
45 355.0867 352.86813 0.01764706 -1139
46 343.7298 352.81622 0.019607844 -1156
47 342.6827 352.81622 0.019607844 -1172
48 336.68826 352.81622 0.019607844 -1174
49 325.69843 352.81622 0.019607844 -1200
50 288.73267 348.81833 0.019607844 -1200
51 282.73822 348.81833 0.019607844 -1253
52 257.76132 349.81778 0.019607844 -1305
53 253.76503 349.81778 0.019607844 -1305
54 247.77058 349.81778 0.019607844 -1331
55 236.6549 347.28763 0.01764706 -1331
56 230.34659 345.3401 0.01764706 -1354
57 227.1133 344.8204 0.019607844 -1370
58 219.65009 344.8204 0.01764706 -1387
59 212.17842 346.63202 0.019607844 -1420
60 210.04973 352.08395 0.019607844 -1453
61 208.20245 359.23196 0.019607844 -1469
62 206.29688 366.85736 0.01764706 -1486
63 204.37703 374.5399 0.01764706 -1502
64 204.37703 374.5399 0.01764706 -1519
65 192.82146 423.77927 0.019607844 -1575
66 191.82239 439.77094 0.019607844 -1575
67 189.82423 473.75323 0.019607844 -1601
68 189.82423 487.74594 0.01764706 -1601
69 189.82423 545.71576 0.019607844 -1635
70 189.82423 559.7085 0.01764706 -1635
71 189.82423 717.6262 0.01764706 -1720
72 189.82423 732.6184 0.01764706 -1720
73 189.82423 748.6101 0.01764706 -1728
74 187.82608 788.58923 0.019607844 -1754
75 187.82608 813.0635 0.01764706 -1754
76 189.82423 854.5549 0.01764706 -1767
77 189.82423 870.5466 0.01764706 -1787
78 190.82332 904.5289 0.01764706 -1812
79 191.82239 921.52 0.01764706 -1812
80 193.82054 957.5013 0.01764706 -1837
81 194.81961 973.4929 0.01764706 -1837
82 196.81776 1019.469 0.01764706 -1870
83 197.81683 1033.4617 0.01764706 -1870
84 226.79001 1113.42 0.01764706 -1911
85 222.79372 1118.4175 0.01764706 -1911
86 235.78168 1168.3915 0.01764706 -1944
87 230.78632 1173.3888 0.01764706 -1944
88 234.78261 1234.357 0.01764706 -1993
89 226.79001 1243.3524 0.01764706 -1993
90 222.79372 1248.3497 0.01764706 -2010
91 231.78539 1298.3237 0.01764706 -2051
92 225.86853 1302.7632 0.01764706 -2051
93 220.79556 1308.3186 0.01764706 -2063
94 216.79926 1313.3159 0.01764706 -2075
95 209.80574 1323.3108 0.01764706 -2100
96 202.34721 1344.0925 0.01764706 -2100
97 199.81499 1361.6364 0.01764706 -2129
98 199.81499 1372.0488 0.01764706 -2162
99 199.81499 1375.7251 0.01764706 -2195
100 198.81592 1379.2816 0.015686275 -2228
101 198.81592 1379.2816 0.015686275 -2249
0 839.22296 808.57886 0.01764706 -173
1 839.22296 808.57886 0.01764706 -173
2 839.22296 808.57886 0.01764706 -180
3 839.22296 808.57886 0.01764706 -213
4 839.22296 808.57886 0.01764706 -213
5 839.22296 808.57886 0.01764706 -224
6 837.9746 808.57886 0.01764706 -257
7 833.737 808.57886 0.01764706 -273
8 829.78723 808.57886 0.01764706 -290
9 825.92316 807.42334 0.01764706 -306
10 820.7407 807.57935 0.01764706 -323
11 813.6333 806.5799 0.01764706 -339
12 806.8185 806.5799 0.01764706 -356
13 800.8575 806.5799 0.01764706 -372
14 794.88965 805.5804 0.01764706 -389
15 785.852 804.58093 0.01764706 -405
16 775.8521 804.58093 0.01764706 -422
17 765.8871 803.50073 0.01764706 -438
18 755.98505 803.5814 0.01764706 -455
19 747.0991 803.5814 0.01764706 -471
20 727.5785 803.5814 0.01764706 -488
21 715.4419 803.5814 0.01764706 -521
22 692.8412 803.5814 0.01764706 -537
23 666.5265 803.5814 0.01764706 -570
24 652.2505 803.5814 0.01764706 -603
25 637.6125 804.58093 0.01764706 -620
26 625.7269 804.58093 0.019607844 -636
27 614.1386 802.86633 0.019607844 -653
28 599.09644 801.5825 0.01764706 -669
29 584.494 801.2033 0.019607844 -686
30 571.04376 801.5825 0.019607844 -702
31 558.0012 800.0858 0.019607844 -719
32 526.9593 798.58405 0.01764706 -735
33 513.2717 797.5846 0.019607844 -768
34 499.8186 795.3403 0.019607844 -785
35 485.952 793.3585 0.019607844 -801
36 466.39102 792.4802 0.019607844 -818
37 450.38885 792.58716 0.01764706 -834
38 417.27063 790.5882 0.01764706 -851
39 388.15387 788.9481 0.01764706 -884
40 369.6577 786.5903 0.019607844 -917
41 359.667 786.5903 0.01764706 -937
42 335.68918 786.5903 0.019607844 -971
43 325.80582 785.17786 0.01764706 -971
44 312.7907 783.31775 0.01764706 -983
45 307.7151 783.59186 0.019607844 -999
46 299.72247 783.59186 0.01764706 -1006
47 278.7419 783.59186 0.01764706 -1040
48 263.83044 782.5924 0.01764706 -1040
49 250.61086 781.5929 0.019607844 -1065
50 242.658 781.5929 0.01764706 -1098
51 233.26212 783.85266 0.01764706 -1131
52 233.26212 783.85266 0.01764706 -1164
53 227.7891 785.5908 0.019607844 -1187
54 216.97441 793.41144 0.019607844 -1187
55 214.80112 796.5851 0.019607844 -1230
56 212.80296 800.583 0.019607844 -1239
57 197.81683 839.5627 0.019607844 -1299
58 193.58322 857.7409 0.01764706 -1299
59 192.82146 861.5513 0.01764706 -1313
60 190.82332 871.546 0.019607844 -1316
61 186.82701 907.5273 0.01764706 -1350
62 185.82794 921.52 0.019607844 -1350
63 184.82886 934.51324 0.019607844 -1359
64 183.82979 964.4976 0.01764706 -1384
65 182.83072 978.49036 0.01764706 -1384
66 182.83072 993.48254 0.019607844 -1393
67 180.83257 1025.4658 0.01764706 -1418
68 179.8335 1040.4581 0.019607844 -1418
69 176.83626 1142.405 0.01764706 -1477
70 174.81186 1168.7068 0.019607844 -1477
71 174.81186 1168.7068 0.019607844 -1494
72 172.83997 1207.3711 0.01764706 -1519
73 172.83997 1219.3649 0.01764706 -1519
74 171.84088 1232.3582 0.019607844 -1527
75 171.84088 1260.3435 0.019607844 -1552
76 171.84088 1274.3363 0.01764706 -1552
77 171.84088 1302.3217 0.01764706 -1577
78 171.84088 1315.315 0.01764706 -1577
79 171.84088 1328.3081 0.01764706 -1594
80 171.84088 1342.3009 0.01764706 -1594
81 170.84181 1396.2727 0.01764706 -1635
82 170.84181 1410.2655 0.01764706 -1635
83 170.84181 1454.2426 0.01764706 -1667
84 170.84181 1468.2352 0.01764706 -1667
85 169.84274 1511.2129 0.01764706 -1700
86 169.84274 1526.2051 0.01764706 -1700
87 167.84459 1584.1749 0.01764706 -1740
88 166.84552 1599.1671 0.01764706 -1740
89 164.84737 1641.1451 0.01764706 -1773
90 163.8483 1655.138 0.01764706 -1773
91 161.85014 1693.1182 0.019607844 -1806
92 160.85106 1705.1119 0.01764706 -1806
93 159.85199 1718.1051 0.01764706 -1815
94 158.85292 1740.0936 0.01764706 -1839
95 157.85384 1750.0885 0.019607844 -1839
96 156.85477 1761.0828 0.01764706 -1856
97 155.85568 1779.0734 0.01764706 -1856
98 154.85661 1787.0692 0.01764706 -1872
99 154.85661 1801.0619 0.01764706 -1897
100 154.85661 1831.4019 0.01764706 -1897
101 154.85661 1833.0453 0.01764706 -1973
102 154.85661 1834.0447 0.01764706 -1996
0 830.23126 782.5924 0.01764706 -206
1 825.783 781.5929 0.01764706 -206
2 813.48303 779.4031 0.01764706 -223
3 799.7466 775.46783 0.01764706 -256
4 796.2627 774.59656 0.01764706 -289
5 792.2664 773.59705 0.01764706 -296
6 774.2831 774.59656 0.01764706 -329
7 756.4487 774.59656 0.01764706 -329
8 752.3034 774.59656 0.01764706 -355
9 747.30804 774.59656 0.01764706 -362
10 710.3423 776.5955 0.01764706 -412
11 700.7176 775.3919 0.01764706 -412
12 696.3552 774.59656 0.01764706 -421
13 690.3608 773.59705 0.01764706 -428
14 641.4061 772.5976 0.01764706 -487
15 634.4126 771.5981 0.01764706 -487
16 269.75024 767.6002 0.01764706 -925
17 268.73285 767.6002 0.01764706 -925
18 264.8153 768.5392 0.01764706 -933
19 262.87183 770.48346 0.01764706 -966
20 257.0256 786.2725 0.01764706 -983
21 256.76227 787.5898 0.01764706 -1016
22 255.76318 792.58716 0.01764706 -1018
23 250.7678 833.56586 0.01764706 -1076
24 249.76874 843.5606 0.01764706 -1076
25 247.77058 887.5377 0.01764706 -1117
26 247.77058 901.53046 0.01764706 -1117
27 248.76965 941.5096 0.01764706 -1149
28 248.76965 956.5018 0.01764706 -1149
29 249.76874 1001.4784 0.01764706 -1183
30 249.76874 1019.469 0.01764706 -1183
31 250.7678 1068.4435 0.01764706 -1215
32 250.7678 1087.4336 0.01764706 -1215
33 251.76688 1124.4143 0.01764706 -1240
34 251.76688 1144.4039 0.01764706 -1240
35 253.76503 1314.3154 0.01764706 -1321
36 253.76503 1334.305 0.01764706 -1321
37 253.76503 1374.2842 0.01764706 -1346
38 253.76503 1394.2738 0.01764706 -1346
39 256.76227 1427.2566 0.01764706 -1370
40 256.76227 1451.2441 0.01764706 -1370
41 257.76132 1485.2264 0.01764706 -1394
42 257.76132 1508.2145 0.01764706 -1394
43 440.59204 1544.1957 0.01764706 -1451
44 438.5939 1533.2014 0.021568628 -1451
45 427.60406 1483.2274 0.013725491 -1484
46 427.60406 1483.2274 0.013725491 -1484
47 433.5985 1665.1327 0.01764706 -1517
48 433.5985 1665.1327 0.01764706 -1517
49 431.60037 1654.1384 0.021568628 -1525
50 420.61053 1601.166 0.015686275 -1558
51 418.3715 1586.9678 0.013725491 -1558
52 418.3715 1586.9678 0.013725491 -1577
53 426.605 1785.0702 0.01764706 -1624
54 426.605 1785.0702 0.01764706 -1624
55 426.605 1785.0702 0.01764706 -1632
0 783.2748 338.82352 0.01764706 -264
1 778.27936 338.82352 0.01764706 -264
2 728.3256 345.8199 0.015686275 -337
3 720.333 345.8199 0.01764706 -337
4 186.82701 369.80737 0.01764706 -949
5 184.73105 379.2919 0.01764706 -949
6 182.75833 391.23096 0.01764706 -966
7 182.75833 391.23096 0.01764706 -982
8 181.83163 433.77408 0.01764706 -1032
9 181.83163 442.76938 0.01764706 -1032
10 181.83163 452.76416 0.01764706 -1040
11 181.83163 493.74283 0.01764706 -1081
12 181.83163 505.73657 0.01764706 -1081
13 182.83072 546.7152 0.01764706 -1114
14 183.82979 560.70795 0.01764706 -1114
15 385.6429 1359.292 0.013725491 -1426
16 385.6429 1359.292 0.013725491 -1426
17 400.62906 1539.1982 0.01764706 -1459
18 397.63184 1525.2056 0.021568628 -1459
19 383.64478 1481.2285 0.013725491 -1500
20 380.64755 1474.2322 0.013725491 -1500
21 380.64755 1474.2322 0.013725491 -1508
22 394.6346 1660.1353 0.015686275 -1558
23 394.6346 1660.1353 0.015686275 -1558
24 394.6346 1660.1353 0.01764706 -1576
25 394.6346 1660.1353 0.01764706 -1609
26 391.6374 1647.1421 0.021568628 -1616
0 772.2849 380.80167 0.01764706 -123
1 772.2849 380.80167 0.01764706 -132
2 771.50525 380.80167 0.019607844 -157
3 769.577 380.80167 0.019607844 -190
4 767.691 380.80167 0.019607844 -207
5 765.8263 380.80167 0.019607844 -223
6 760.0586 380.80167 0.019607844 -240
7 754.0895 380.80167 0.019607844 -273
8 750.2761 380.80167 0.019607844 -306
9 746.4456 380.80167 0.019607844 -322
10 742.6344 380.80167 0.019607844 -339
11 739.5574 380.80167 0.019607844 -355
12 734.3085 380.80167 0.019607844 -372
13 724.572 380.80167 0.019607844 -405
14 712.6593 380.80167 0.019607844 -438
15 705.54156 383.00183 0.019607844 -471
16 697.89886 383.8001 0.019607844 -487
17 690.2734 385.8209 0.019607844 -504
18 683.5205 385.79904 0.019607844 -520
19 675.9669 385.79904 0.019607844 -537
20 654.9357 385.79904 0.019607844 -553
21 634.3734 387.30478 0.019607844 -586
22 609.97034 388.7975 0.01764706 -619
23 596.5457 388.7975 0.019607844 -652
24 581.4952 388.7975 0.019607844 -669
25 565.7304 388.7975 0.01764706 -685
26 529.75885 388.7975 0.019607844 -701
27 493.07068 386.79852 0.019607844 -734
28 475.34756 385.22018 0.019607844 -767
29 459.8449 384.79956 0.019607844 -784
30 439.68716 382.41025 0.019607844 -800
31 423.24597 381.80115 0.019607844 -817
32 406.523 381.80115 0.019607844 -833
33 386.0348 379.74142 0.019607844 -850
34 345.3054 378.8027 0.019607844 -866
35 309.67224 378.8027 0.01764706 -899
36 277.3029 378.8027 0.019607844 -932
37 257.37076 378.06876 0.01764706 -965
38 241.82658 378.8027 0.01764706 -982
39 224.87988 378.8027 0.019607844 -998
40 191.96611 379.8022 0.01764706 -1015
41 167.44028 381.20224 0.01764706 -1048
42 157.20259 380.80167 0.019607844 -1081
43 151.38899 380.80167 0.019607844 -1097
44 145.78413 380.8421 0.019607844 -1114
45 140.14697 381.80115 0.019607844 -1130
46 136.7051 383.3845 0.019607844 -1163
47 134.08711 385.5879 0.01764706 -1180
48 128.84433 391.83228 0.01764706 -1196
49 125.8974 398.73645 0.01764706 -1229
50 123.04358 406.15842 0.01764706 -1246
51 119.48024 414.30704 0.01764706 -1262
52 115.72007 423.12518 0.01764706 -1279
53 112.453285 433.75742 0.01764706 -1295
54 110.56112 449.45798 0.019607844 -1311
55 105.8756 479.96094 0.01764706 -1328
56 103.90379 497.91794 0.01764706 -1361
57 102.96848 523.9612 0.01764706 -1377
58 101.078476 540.514 0.01764706 -1394
59 101.90564 567.0675 0.01764706 -1410
60 101.90564 586.88135 0.01764706 -1427
61 101.4113 608.26117 0.01764706 -1443
62 101.484055 635.15485 0.01764706 -1460
63 100.90657 657.6749 0.01764706 -1476
64 101.153 681.09845 0.01764706 -1493
65 100.75925 705.4021 0.01764706 -1509
66 101.03651 734.8282 0.01764706 -1526
67 100.90657 768.1161 0.01764706 -1542
68 101.767395 799.2 0.01764706 -1559
69 102.90472 827.7379 0.01764706 -1575
70 102.72044 858.23303 0.01764706 -1592
71 103.90379 885.61224 0.01764706 -1608
72 103.54994 913.1492 0.01764706 -1625
73 105.910614 972.0762 0.01764706 -1641
74 108.89917 1026.9471 0.01764706 -1674
75 111.89639 1060.4462 0.01764706 -1707
76 112.330055 1086.3792 0.01764706 -1725
77 114.263565 1111.8531 0.01764706 -1741
78 114.893616 1135.4375 0.01764706 -1758
79 116.17626 1161.6525 0.01764706 -1774
80 118.14157 1185.3942 0.01764706 -1791
81 117.89084 1207.1903 0.01764706 -1807
82 118.889915 1235.7522 0.01764706 -1824
83 118.889915 1258.009 0.01764706 -1840
84 120.00463 1277.6078 0.01764706 -1857
85 119.88899 1297.4072 0.01764706 -1873
86 119.88899 1313.0004 0.01764706 -1890
87 119.88899 1325.8888 0.01764706 -1906
88 119.88899 1331.3065 0.01764706 -1923
89 119.88899 1336.304 0.01764706 -1931
0 813.247 881.54083 0.01764706 -260
1 805.5931 881.54083 0.01764706 -260
2 786.2444 881.54083 0.01764706 -276
3 771.6334 881.54083 0.01764706 -309
4 756.8799 882.1719 0.01764706 -325
5 741.1645 882.54034 0.01764706 -342
6 723.4971 882.54034 0.01764706 -358
7 702.58966 882.97284 0.01764706 -375
8 682.76874 883.5398 0.01764706 -391
9 658.92896 882.2521 0.01764706 -408
10 632.18097 881.54083 0.01764706 -424
11 598.3719 879.4123 0.01764706 -441
12 571.1691 878.5424 0.01764706 -457
13 546.8856 878.5424 0.019607844 -474
14 523.19006 877.5429 0.019607844 -490
15 498.9558 877.5429 0.019607844 -507
16 429.5669 874.5445 0.019607844 -523
17 377.9221 872.54553 0.019607844 -573
18 337.08798 874.5445 0.019607844 -606
19 319.65497 875.04913 0.019607844 -639
20 301.0845 876.9069 0.019607844 -655
21 284.3375 877.5429 0.019607844 -672
22 268.9548 877.5429 0.019607844 -688
23 253.43434 877.5429 0.019607844 -705
24 240.53096 879.2915 0.019607844 -721
25 230.67729 879.5419 0.019607844 -738
26 221.39008 879.5419 0.019607844 -754
27 213.42041 879.5419 0.019607844 -771
28 207.00308 879.5419 0.019607844 -787
29 200.5263 879.5419 0.019607844 -804
30 194.97224 879.5419 0.019607844 -820
31 187.55797 879.5419 0.019607844 -837
32 182.31398 880.79987 0.019607844 -870
33 179.32018 884.05334 0.019607844 -903
34 176.63516 887.8395 0.019607844 -919
35 172.93387 894.3462 0.019607844 -936
36 170.02097 901.8167 0.019607844 -953
37 167.49684 909.89624 0.019607844 -969
38 164.2769 921.51697 0.019607844 -986
39 162.38379 936.7048 0.019607844 -1002
40 160.51196 952.2193 0.019607844 -1019
41 158.85292 998.0556 0.019607844 -1035
42 158.85292 1029.0911 0.019607844 -1068
43 160.74438 1058.74 0.019607844 -1085
44 162.63602 1093.376 0.019607844 -1101
45 165.16837 1128.6251 0.019607844 -1118
46 166.84552 1196.5363 0.019607844 -1134
47 165.45224 1235.642 0.019607844 -1167
48 165.84644 1274.2809 0.019607844 -1184
49 164.84737 1312.4125 0.019607844 -1200
50 163.64502 1362.3942 0.019607844 -1217
51 160.70079 1404.5774 0.019607844 -1233
52 157.71518 1440.4988 0.019607844 -1250
53 155.85866 1478.1707 0.019607844 -1266
54 153.91666 1515.0867 0.019607844 -1283
55 152.85846 1552.9452 0.019607844 -1299
56 150.22939 1593.4851 0.01764706 -1316
57 148.10028 1631.165 0.019607844 -1332
58 146.86401 1666.2903 0.019607844 -1349
59 145.19681 1700.8202 0.019607844 -1365
60 143.24348 1736.3256 0.019607844 -1382
61 141.86864 1768.2577 0.019607844 -1398
62 140.3051 1794.845 0.019607844 -1415
63 138.31685 1819.7131 0.019607844 -1431
64 137.87234 1841.5773 0.019607844 -1448
65 137.87234 1855.0338 0.019607844 -1464
66 137.87234 1855.0338 0.019607844 -1476
0 735.31915 322.83185 0.01764706 -252
1 710.3174 322.83185 0.019607844 -252
2 671.0287 322.83185 0.01764706 -276
3 648.6866 322.83185 0.019607844 -309
4 622.55206 321.83237 0.01764706 -325
5 594.8233 321.83237 0.019607844 -342
6 567.3402 321.83237 0.01764706 -358
7 542.79346 321.83237 0.019607844 -374
8 520.0834 322.96225 0.019607844 -391
9 458.53894 327.6811 0.019607844 -408
10 431.8152 328.65845 0.01764706 -440
11 408.87445 330.53214 0.01764706 -457
12 385.40305 331.82718 0.019607844 -474
13 362.2082 333.2811 0.01764706 -490
14 342.51306 335.1424 0.019607844 -507
15 323.81766 337.0127 0.019607844 -523
16 298.2212 337.93958 0.01764706 -540
17 272.10602 341.79443 0.019607844 -556
18 246.78981 341.82196 0.01764706 -573
19 227.37196 344.24683 0.01764706 -589
20 211.16797 346.39914 0.019607844 -606
21 196.33755 348.2537 0.019607844 -622
22 181.19322 347.5258 0.01764706 -639
23 169.61955 347.81885 0.01764706 -655
24 161.69524 347.81885 0.01764706 -672
25 154.26639 348.81833 0.019607844 -688
26 146.6434 349.81778 0.01764706 -705
27 143.91684 350.29248 0.01764706 -738
28 140.20589 353.48016 0.01764706 -754
29 136.3501 359.59818 0.01764706 -771
30 132.94812 380.3746 0.01764706 -787
31 131.00317 393.9235 0.01764706 -820
32 129.12549 408.58167 0.01764706 -837
33 127.22896 428.61557 0.01764706 -853
34 125.88344 450.2156 0.01764706 -870
35 124.88437 474.53882 0.01764706 -886
36 124.88437 524.54047 0.01764706 -903
37 124.88437 556.7524 0.01764706 -936
38 125.946175 599.38336 0.01764706 -952
39 125.88344 639.3212 0.01764706 -969
40 126.882515 676.2633 0.01764706 -985
41 126.882515 752.91223 0.01764706 -1002
42 126.882515 791.92725 0.01764706 -1035
43 126.51062 831.7497 0.01764706 -1051
44 126.882515 872.53345 0.01764706 -1067
45 128.36816 910.77905 0.01764706 -1084
46 128.88066 946.4095 0.01764706 -1100
47 128.88066 985.41016 0.01764706 -1117
48 130.25122 1027.6447 0.01764706 -1133
49 128.5463 1064.8043 0.01764706 -1150
50 129.87975 1102.6588 0.01764706 -1166
51 128.6343 1134.8477 0.01764706 -1183
52 127.88159 1222.2957 0.01764706 -1199
53 127.88159 1288.298 0.01764706 -1232
54 125.70406 1316.8276 0.01764706 -1265
55 125.88344 1347.043 0.01764706 -1282
56 125.88344 1347.043 0.01764706 -1298
0 726.32745 317.83444 0.01764706 -226
1 703.98706 321.17297 0.01764706 -226
2 648.4242 329.73288 0.01764706 -249
3 627.94574 333.72073 0.019607844 -298
4 604.37744 336.21432 0.01764706 -315
5 581.7809 337.1311 0.019607844 -331
6 559.20685 340.3686 0.019607844 -348
7 533.0558 339.823 0.01764706 -364
8 512.96576 341.87277 0.019607844 -381
9 486.1341 341.79425 0.01764706 -397
10 456.53 343.7529 0.019607844 -414
11 431.0133 343.99313 0.019607844 -430
12 406.61618 343.82092 0.01764706 -447
13 384.95428 344.8204 0.019607844 -463
14 361.49915 341.8733 0.01764706 -480
15 341.52963 342.82144 0.019607844 -496
16 323.64856 344.026 0.019607844 -513
17 302.8544 341.74335 0.01764706 -529
18 284.85107 340.82248 0.01764706 -546
19 265.11813 342.68515 0.01764706 -562
20 246.08727 340.0801 0.01764706 -579
21 217.93936 339.823 0.019607844 -595
22 207.85257 339.823 0.019607844 -628
23 199.92827 340.04453 0.019607844 -645
24 188.14015 341.71722 0.019607844 -661
25 184.22556 342.62347 0.019607844 -694
26 176.63516 345.42075 0.019607844 -710
27 172.70045 347.3889 0.01764706 -745
28 170.40451 350.69272 0.01764706 -762
29 167.12825 355.8901 0.01764706 -778
30 163.35464 361.55286 0.01764706 -795
31 161.76521 377.56848 0.01764706 -811
32 159.87378 390.64392 0.01764706 -828
33 156.18208 405.48196 0.01764706 -844
34 152.39063 421.65347 0.01764706 -861
35 150.2048 445.95343 0.01764706 -877
36 148.30348 470.46536 0.01764706 -894
37 147.8631 500.7151 0.01764706 -910
38 147.8631 531.66864 0.01764706 -927
39 148.17064 567.86084 0.01764706 -943
40 147.60089 601.1486 0.01764706 -960
41 148.86217 648.921 0.01764706 -976
42 149.9395 695.3611 0.01764706 -993
43 150.8715 733.87506 0.01764706 -1009
44 151.85939 770.79816 0.01764706 -1026
45 151.85939 809.3454 0.01764706 -1042
46 152.67712 848.5649 0.01764706 -1059
47 152.85846 887.0874 0.01764706 -1075
48 153.85754 926.82227 0.01764706 -1092
49 154.52278 967.4766 0.01764706 -1108
50 154.22633 1008.09235 0.01764706 -1125
51 155.45035 1049.3392 0.01764706 -1141
52 155.30261 1126.3778 0.01764706 -1158
53 153.85754 1162.6531 0.01764706 -1191
54 154.85661 1238.7161 0.01764706 -1207
55 152.97133 1270.9907 0.01764706 -1240
56 150.42215 1336.0055 0.01764706 -1257
57 149.86124 1343.3003 0.01764706 -1290
58 149.86124 1359.292 0.01764706 -1295
0 737.3173 297.84488 0.019607844 -211
1 727.54956 299.64005 0.019607844 -211
2 715.9817 301.56882 0.019607844 -226
3 703.6818 302.84225 0.019607844 -242
4 674.11584 306.31378 0.01764706 -259
5 639.7047 309.1393 0.019607844 -292
6 618.03394 311.23734 0.01764706 -325
7 594.0201 313.0656 0.019607844 -341
8 571.2674 315.01956 0.01764706 -358
9 548.5613 316.91953 0.01764706 -375
10 505.6649 319.74628 0.019607844 -391
11 461.26703 318.83392 0.019607844 -424
12 436.23474 319.8334 0.01764706 -457
13 414.17395 319.8334 0.01764706 -474
14 392.0945 319.4073 0.01764706 -490
15 369.3356 318.83392 0.01764706 -507
16 347.96475 317.58792 0.019607844 -523
17 319.12924 315.72302 0.01764706 -540
18 296.75684 314.83865 0.01764706 -556
19 277.18777 312.96832 0.019607844 -573
20 258.27835 312.83707 0.01764706 -589
21 225.55495 310.37604 0.019607844 -606
22 212.70049 309.83862 0.01764706 -639
23 197.91818 311.0753 0.01764706 -655
24 186.049 311.8376 0.01764706 -672
25 176.91508 311.8376 0.01764706 -688
26 169.50719 311.8376 0.019607844 -705
27 158.88176 312.83707 0.01764706 -721
28 151.2462 315.14276 0.01764706 -754
29 148.51036 316.01144 0.01764706 -787
30 144.84047 319.85883 0.01764706 -804
31 141.12094 325.45306 0.01764706 -820
32 138.40147 333.50223 0.01764706 -837
33 135.2637 345.09766 0.01764706 -853
34 131.88005 360.80124 0.01764706 -870
35 130.87881 380.66586 0.01764706 -886
36 130.87881 442.56866 0.01764706 -903
37 133.99643 486.27747 0.01764706 -936
38 137.89218 534.1587 0.01764706 -952
39 143.6299 581.03754 0.015686275 -969
40 153.11954 674.00073 0.01764706 -985
41 156.29538 720.7859 0.01764706 -1018
42 157.85384 763.61566 0.01764706 -1035
43 158.47256 806.2047 0.01764706 -1051
44 156.85477 847.7541 0.01764706 -1068
45 155.90564 889.5617 0.01764706 -1084
46 156.27739 936.4869 0.01764706 -1101
47 155.28807 972.9941 0.01764706 -1117
48 153.18678 1022.8666 0.01764706 -1134
49 148.67712 1099.576 0.01764706 -1151
50 148.67712 1099.576 0.01764706 -1184
51 149.86124 1192.3789 0.01764706 -1207
52 143.73828 1237.1274 0.01764706 -1207
53 141.86864 1266.0313 0.01764706 -1250
54 139.78094 1291.4924 0.01764706 -1266
55 137.87234 1318.4076 0.01764706 -1283
56 135.87419 1351.2961 0.01764706 -1299
57 134.87512 1360.2915 0.01764706 -1323
0 735.31915 305.8407 0.019607844 -246
1 716.12494 309.6811 0.019607844 -246
2 645.23773 315.59933 0.019607844 -262
3 617.44775 316.548 0.019607844 -311
4 592.3726 316.83496 0.019607844 -328
5 563.5339 317.83444 0.01764706 -344
6 526.8314 318.83392 0.019607844 -361
7 492.2459 320.25308 0.01764706 -378
8 463.29688 320.8329 0.019607844 -394
9 406.74982 321.83237 0.019607844 -411
10 376.16232 321.83237 0.01764706 -444
11 350.8328 321.83237 0.01764706 -460
12 322.50098 321.83237 0.01764706 -477
13 298.55994 321.12784 0.01764706 -494
14 275.23233 320.1784 0.01764706 -510
15 246.01675 318.72604 0.01764706 -527
16 224.05963 317.83444 0.019607844 -543
17 210.35342 317.83444 0.019607844 -560
18 193.94737 317.83444 0.01764706 -576
19 182.13742 318.83392 0.01764706 -593
20 173.82127 318.83392 0.01764706 -609
21 160.71786 319.8334 0.01764706 -626
22 156.54018 319.8334 0.01764706 -659
23 150.21964 321.6531 0.01764706 -676
24 142.72728 327.96976 0.01764706 -704
25 135.17236 342.92883 0.01764706 -737
26 131.32465 357.0291 0.01764706 -770
27 127.52118 370.88904 0.01764706 -787
28 123.80651 392.34763 0.01764706 -803
29 121.958 414.93286 0.01764706 -820
30 120.88807 425.77823 0.01764706 -836
31 119.88899 435.773 0.01764706 -846
32 116.89177 458.76105 0.01764706 -872
33 116.89177 484.1561 0.01764706 -872
34 116.89177 545.6425 0.01764706 -886
35 117.293365 577.33673 0.01764706 -919
36 117.89084 612.4904 0.01764706 -935
37 117.89084 647.4358 0.01764706 -952
38 117.89084 676.8786 0.01764706 -968
39 117.89084 721.3115 0.01764706 -985
40 117.89084 756.63464 0.01764706 -1001
41 118.889915 792.9803 0.01764706 -1018
42 118.889915 825.17474 0.01764706 -1034
43 118.889915 862.7949 0.01764706 -1051
44 119.88899 898.6832 0.01764706 -1067
45 120.682976 934.02374 0.01764706 -1084
46 120.88807 967.9609 0.01764706 -1100
47 120.88807 1001.6615 0.01764706 -1117
48 121.887146 1066.9404 0.01764706 -1133
49 121.887146 1099.1838 0.01764706 -1166
50 121.887146 1167.5267 0.01764706 -1183
51 121.887146 1232.742 0.01764706 -1216
52 120.49864 1257.0226 0.01764706 -1249
53 120.88807 1290.8325 0.01764706 -1265
54 118.54461 1315.4624 0.01764706 -1282
55 117.89084 1339.1732 0.01764706 -1298
56 116.89177 1358.2925 0.01764706 -1315
57 115.89269 1369.2867 0.01764706 -1328
0 724.32935 319.8334 0.01764706 -217
1 713.48395 320.03946 0.01764706 -217
2 673.0271 324.8577 0.01764706 -226
3 649.04645 325.8303 0.01764706 -260
4 624.7519 328.7737 0.019607844 -276
5 598.8435 328.82874 0.01764706 -293
6 547.31836 329.82822 0.01764706 -309
7 521.2188 330.5194 0.019607844 -342
8 486.2654 331.43234 0.01764706 -359
9 459.10834 333.3238 0.019607844 -376
10 407.76547 333.8261 0.019607844 -392
11 361.11942 334.8256 0.01764706 -425
12 317.37375 335.0307 0.019607844 -459
13 294.24435 334.8256 0.01764706 -492
14 268.09174 334.18192 0.019607844 -508
15 246.21442 333.27063 0.01764706 -525
16 213.48618 331.82718 0.019607844 -541
17 193.67575 330.77942 0.01764706 -575
18 182.77594 329.82822 0.01764706 -603
19 167.39633 329.82822 0.01764706 -619
20 161.59677 329.82822 0.01764706 -652
21 156.89723 329.82822 0.01764706 -669
22 153.14388 330.68494 0.01764706 -685
23 149.40253 332.55634 0.01764706 -702
24 145.86493 334.32587 0.01764706 -718
25 141.89076 340.77823 0.01764706 -734
26 138.16135 348.24008 0.01764706 -751
27 135.62936 362.7715 0.01764706 -768
28 133.708 378.14868 0.01764706 -784
29 129.72826 405.85004 0.01764706 -801
30 129.87975 428.26892 0.01764706 -817
31 129.02884 455.53796 0.01764706 -834
32 128.88066 484.99756 0.01764706 -850
33 129.53708 517.21405 0.01764706 -867
34 129.87975 549.28796 0.01764706 -883
35 131.35683 587.7844 0.01764706 -900
36 132.64417 625.8777 0.01764706 -916
37 135.2184 664.8383 0.01764706 -933
38 138.59917 702.9689 0.01764706 -949
39 138.87141 738.6464 0.01764706 -966
40 141.92062 836.60504 0.01764706 -982
41 144.74995 922.0695 0.01764706 -1015
42 147.76164 1009.3417 0.01764706 -1048
43 152.36357 1094.9901 0.01764706 -1081
44 153.85754 1135.1273 0.01764706 -1114
45 155.56346 1174.1235 0.01764706 -1131
46 155.20088 1206.858 0.01764706 -1147
47 153.27898 1276.4425 0.01764706 -1164
48 152.28156 1336.2333 0.01764706 -1197
49 151.85939 1341.3014 0.01764706 -1230
50 151.85939 1356.2936 0.01764706 -1233
0 729.3247 342.82144 0.019607844 -232
1 721.91675 344.87222 0.019607844 -232
2 670.8235 352.5537 0.019607844 -241
3 625.27704 357.59406 0.01764706 -290
4 598.77454 358.8131 0.019607844 -323
5 573.7261 359.4853 0.019607844 -340
6 546.2498 360.1961 0.019607844 -356
7 520.34534 359.8126 0.019607844 -373
8 494.7021 359.90057 0.019607844 -389
9 468.53616 358.8131 0.019607844 -406
10 443.94775 358.8131 0.019607844 -422
11 416.4698 357.58914 0.019607844 -439
12 383.07535 357.81363 0.019607844 -455
13 353.6873 354.81625 0.01764706 -472
14 327.90067 353.9083 0.019607844 -488
15 301.22446 351.00974 0.01764706 -505
16 276.89883 349.81778 0.019607844 -521
17 253.09396 348.63815 0.019607844 -538
18 231.46146 346.81937 0.01764706 -554
19 212.21799 346.81937 0.019607844 -571
20 196.064 346.81937 0.019607844 -587
21 177.36282 344.65683 0.01764706 -604
22 163.76654 344.8204 0.019607844 -620
23 154.36342 344.8204 0.01764706 -637
24 146.76755 344.8204 0.01764706 -653
25 140.9771 344.8204 0.01764706 -670
26 136.82912 345.34222 0.01764706 -686
27 133.47342 345.8199 0.01764706 -703
28 122.751915 356.08337 0.01764706 -719
29 120.05692 365.3895 0.01764706 -769
30 116.24408 378.5718 0.01764706 -785
31 114.18534 393.17563 0.01764706 -802
32 109.42528 426.985 0.01764706 -818
33 108.89917 432.7746 0.01764706 -851
34 107.90009 443.76886 0.01764706 -856
35 106.90102 467.75638 0.01764706 -882
36 105.90195 481.74908 0.01764706 -882
37 105.90195 493.74283 0.01764706 -890
38 105.90195 533.722 0.01764706 -916
39 103.90379 594.69025 0.01764706 -916
40 102.90472 613.68036 0.01764706 -942
41 102.90472 649.6616 0.01764706 -968
42 98.49961 767.98724 0.01764706 -968
43 95.327774 846.40625 0.01764706 -1017
44 89.91675 924.75494 0.015686275 -1050
45 89.40834 964.6574 0.01764706 -1083
46 89.32373 1052.2063 0.01764706 -1099
47 87.52261 1092.358 0.01764706 -1132
48 87.918594 1135.5182 0.01764706 -1149
49 86.395905 1211.8236 0.01764706 -1165
50 82.3316 1298.2455 0.015686275 -1198
51 82.62713 1335.7498 0.01764706 -1231
52 79.925995 1359.292 0.01764706 -1248
53 78.92692 1372.2853 0.015686275 -1262
0 710.3423 331.82718 0.01764706 -249
1 694.05286 334.89322 0.019607844 -249
2 654.14044 340.66382 0.01764706 -265
3 633.45 343.45084 0.01764706 -298
4 610.16925 344.8204 0.019607844 -315
5 585.8206 346.45596 0.019607844 -331
6 562.1046 348.38586 0.019607844 -348
7 535.8111 348.81833 0.01764706 -364
8 479.16943 347.81885 0.01764706 -381
9 445.0294 349.98715 0.01764706 -414
10 386.73624 347.81885 0.01764706 -430
11 357.64575 345.9516 0.01764706 -463
12 333.00604 345.8199 0.01764706 -480
13 307.12677 343.18884 0.01764706 -496
14 283.90186 342.82144 0.019607844 -513
15 262.4818 342.82144 0.01764706 -529
16 241.11646 340.58075 0.01764706 -546
17 221.84378 339.823 0.019607844 -562
18 201.03387 339.823 0.019607844 -579
19 184.4572 336.903 0.01764706 -595
20 172.13109 336.04004 0.01764706 -612
21 162.55377 335.82507 0.01764706 -628
22 154.76216 334.8256 0.01764706 -645
23 148.70103 334.8256 0.01764706 -661
24 144.22581 334.8256 0.01764706 -678
25 140.58203 334.8256 0.01764706 -694
26 138.85963 334.8256 0.01764706 -711
27 135.08743 336.71835 0.01764706 -727
28 133.10754 338.59283 0.01764706 -744
29 131.23625 342.7482 0.01764706 -760
30 129.38268 350.8024 0.01764706 -777
31 127.514336 363.38394 0.01764706 -793
32 125.59086 376.85364 0.01764706 -810
33 123.74104 401.10114 0.01764706 -826
34 122.86873 424.00668 0.01764706 -843
35 122.886215 448.43115 0.01764706 -859
36 121.887146 474.02634 0.01764706 -876
37 122.886215 537.83264 0.01764706 -892
38 123.88529 570.30865 0.01764706 -925
39 125.19926 604.04346 0.01764706 -942
40 125.88344 646.5314 0.01764706 -958
41 129.28325 705.08765 0.01764706 -975
42 129.87975 747.7275 0.01764706 -991
43 130.86179 834.1736 0.01764706 -1008
44 129.87975 916.67456 0.01764706 -1041
45 131.65541 1005.9088 0.01764706 -1074
46 131.8779 1052.4224 0.01764706 -1107
47 133.87604 1097.159 0.01764706 -1124
48 135.58875 1142.405 0.01764706 -1140
49 136.5556 1185.4336 0.01764706 -1157
50 136.21777 1225.8274 0.01764706 -1173
51 136.87326 1267.6665 0.01764706 -1190
52 133.87604 1329.5919 0.01764706 -1206
53 131.8779 1362.2904 0.01764706 -1239
54 130.87881 1373.2847 0.01764706 -1259
0 719.334 335.82507 0.01764706 -251
1 710.0808 336.96466 0.01764706 -251
2 671.35675 344.0066 0.01764706 -260
3 620.27313 346.75885 0.01764706 -293
4 590.71936 345.8199 0.01764706 -326
5 562.5781 345.8199 0.019607844 -342
6 532.6557 344.8204 0.01764706 -359
7 501.11966 344.40836 0.019607844 -376
8 469.72552 342.82144 0.01764706 -392
9 408.67172 342.4916 0.019607844 -409
10 349.8836 338.82352 0.019607844 -442
11 315.40424 337.82404 0.01764706 -475
12 264.37442 338.13184 0.019607844 -491
13 220.2183 335.82507 0.01764706 -524
14 182.41176 335.82507 0.01764706 -557
15 152.97928 334.8256 0.019607844 -590
16 143.31596 336.53497 0.01764706 -623
17 134.06221 336.82455 0.01764706 -640
18 126.18 336.82455 0.01764706 -656
19 119.955055 337.82404 0.01764706 -673
20 112.367355 337.82404 0.01764706 -689
21 108.9868 339.77917 0.01764706 -706
22 105.29367 342.43048 0.01764706 -722
23 101.5623 347.83432 0.01764706 -739
24 97.844185 353.94608 0.01764706 -755
25 94.16825 361.30093 0.01764706 -772
26 90.2831 371.70627 0.01764706 -789
27 88.91767 389.73892 0.01764706 -805
28 87.918594 410.99872 0.01764706 -822
29 86.91952 436.1164 0.01764706 -838
30 87.918594 466.22546 0.01764706 -855
31 92.223 499.16974 0.01764706 -871
32 96.996155 540.1213 0.01764706 -888
33 102.16282 582.33685 0.01764706 -904
34 108.12071 628.03253 0.01764706 -921
35 113.601814 688.1256 0.01764706 -937
36 116.04185 733.20105 0.01764706 -954
37 118.96256 779.1213 0.01764706 -970
38 122.81318 856.092 0.01764706 -987
39 123.88529 889.8279 0.01764706 -1020
40 125.542694 959.0204 0.01764706 -1036
41 128.42374 1026.6902 0.01764706 -1069
42 130.3697 1063.2352 0.01764706 -1102
43 131.8779 1100.9741 0.01764706 -1119
44 135.8218 1138.9348 0.01764706 -1135
45 139.58986 1186.4497 0.01764706 -1152
46 139.87048 1218.3386 0.01764706 -1169
47 142.54654 1256.4701 0.01764706 -1185
48 143.16254 1316.6259 0.01764706 -1202
49 142.86772 1343.5469 0.01764706 -1235
50 142.86772 1351.2961 0.01764706 -1251
51 141.86864 1362.2904 0.01764706 -1257
0 708.3441 341.82196 0.01764706 -211
1 685.59576 343.66718 0.019607844 -211
2 668.3662 345.59943 0.019607844 -234
3 649.09546 345.8199 0.01764706 -251
4 632.4211 346.48547 0.019607844 -267
5 614.3455 348.4271 0.019607844 -284
6 593.7423 348.81833 0.01764706 -300
7 572.40845 350.27768 0.019607844 -316
8 548.28845 352.21683 0.01764706 -333
9 524.4672 350.81726 0.01764706 -349
10 501.09174 350.81726 0.019607844 -366
11 474.34445 348.64795 0.01764706 -382
12 443.41504 348.81833 0.019607844 -399
13 392.91037 347.81885 0.019607844 -415
14 367.9623 348.07278 0.01764706 -448
15 344.02707 347.4569 0.01764706 -465
16 323.154 347.81885 0.01764706 -481
17 300.09137 347.81885 0.01764706 -498
18 262.41367 348.81833 0.01764706 -514
19 241.47972 347.71915 0.01764706 -547
20 212.3208 346.81937 0.019607844 -564
21 191.08853 349.36493 0.019607844 -597
22 183.59563 349.81778 0.019607844 -630
23 178.0391 349.81778 0.019607844 -646
24 174.55681 349.81778 0.019607844 -663
25 170.86482 350.80576 0.019607844 -679
26 165.59445 355.0673 0.01764706 -696
27 159.52711 365.785 0.01764706 -729
28 157.58388 377.42465 0.01764706 -762
29 156.85477 383.8001 0.01764706 -778
30 155.85568 391.79593 0.01764706 -785
31 153.85754 410.78604 0.01764706 -811
32 155.85568 458.96667 0.01764706 -811
33 156.85477 488.25818 0.01764706 -844
34 156.85477 492.74335 0.01764706 -861
35 156.85477 505.73657 0.01764706 -863
36 158.85292 536.72046 0.01764706 -889
37 163.15802 606.93835 0.01764706 -889
38 164.08545 636.2292 0.01764706 -927
39 165.84644 719.2686 0.01764706 -943
40 165.84644 756.4318 0.01764706 -976
41 166.84552 793.529 0.01764706 -993
42 167.84459 867.0493 0.01764706 -1009
43 167.84459 905.29114 0.01764706 -1042
44 168.53778 944.0788 0.01764706 -1059
45 172.3619 1021.89746 0.01764706 -1075
46 175.83719 1098.2231 0.01764706 -1108
47 176.27618 1132.4408 0.01764706 -1141
48 176.83626 1164.35 0.01764706 -1158
49 176.83626 1193.5648 0.01764706 -1174
50 176.83626 1219.4943 0.01764706 -1191
51 176.83626 1272.5868 0.01764706 -1207
52 178.06566 1328.7657 0.01764706 -1240
53 177.83534 1354.1476 0.01764706 -1273
54 177.83534 1362.2904 0.01764706 -1290
55 177.83534 1370.2863 0.01764706 -1296
0 802.2572 817.57416 0.01764706 -275
1 793.2237 818.6894 0.01764706 -275
2 755.3714 822.56445 0.01764706 -284
3 734.2929 824.57275 0.01764706 -317
4 689.42694 829.2239 0.01764706 -334
5 663.8576 831.37683 0.01764706 -367
6 638.73627 833.2887 0.019607844 -383
7 590.95935 835.0646 0.01764706 -400
8 542.1844 835.5648 0.019607844 -433
9 516.85187 835.5648 0.019607844 -466
10 489.8198 835.5648 0.019607844 -482
11 465.6736 835.5648 0.019607844 -499
12 445.1073 834.5653 0.019607844 -515
13 426.19992 833.56586 0.01764706 -532
14 409.09003 833.56586 0.019607844 -548
15 394.33105 832.56635 0.019607844 -565
16 381.03107 832.56635 0.019607844 -581
17 369.52258 832.56635 0.019607844 -598
18 358.9546 832.56635 0.019607844 -614
19 347.7822 834.548 0.019607844 -631
20 338.65292 837.98364 0.019607844 -647
21 331.09546 841.8605 0.019607844 -664
22 325.1527 846.1055 0.019607844 -680
23 319.64175 852.9721 0.019607844 -697
24 307.45636 879.23267 0.019607844 -713
25 297.14734 922.98444 0.019607844 -746
26 293.30978 945.0195 0.019607844 -779
27 290.1737 966.7455 0.019607844 -796
28 287.2887 992.2721 0.019607844 -812
29 284.73636 1019.29407 0.019607844 -829
30 283.5902 1080.7921 0.019607844 -845
31 283.73727 1163.8865 0.019607844 -878
32 283.73727 1238.6222 0.019607844 -911
33 282.73822 1276.7205 0.019607844 -944
34 282.14078 1315.2745 0.019607844 -961
35 281.73914 1352.384 0.019607844 -977
36 281.73914 1392.1589 0.019607844 -994
37 281.73914 1434.3798 0.019607844 -1010
38 283.093 1479.7515 0.019607844 -1027
39 281.4591 1520.3743 0.019607844 -1043
40 280.74005 1562.4888 0.019607844 -1060
41 279.74097 1611.9269 0.019607844 -1076
42 275.47562 1655.1007 0.01764706 -1093
43 273.67892 1692.4039 0.019607844 -1109
44 272.74747 1726.566 0.01764706 -1126
45 271.74838 1761.9827 0.019607844 -1142
46 271.74838 1793.6677 0.019607844 -1159
47 272.72705 1823.7437 0.019607844 -1175
48 275.7447 1855.0338 0.019607844 -1192
49 275.7447 1855.0338 0.019607844 -1208
0 695.35614 311.8376 0.01764706 -268
1 668.11646 314.76257 0.01764706 -268
2 628.661 317.61026 0.019607844 -292
3 579.5342 321.4625 0.019607844 -325
4 554.56085 324.42606 0.019607844 -358
5 475.01083 330.06473 0.019607844 -375
6 413.7365 331.82718 0.019607844 -424
7 387.6311 333.82687 0.019607844 -457
8 362.3753 332.82663 0.01764706 -474
9 340.8297 332.82663 0.019607844 -491
10 320.40848 332.2658 0.019607844 -507
11 298.94257 330.3933 0.019607844 -524
12 280.31287 328.48615 0.019607844 -540
13 240.84854 325.83743 0.019607844 -557
14 214.93263 322.83185 0.019607844 -590
15 205.2102 322.83185 0.019607844 -623
16 195.99475 322.83185 0.019607844 -639
17 185.29819 322.83185 0.019607844 -656
18 176.69727 322.83185 0.019607844 -672
19 169.41675 322.83185 0.019607844 -689
20 159.90282 322.83185 0.019607844 -705
21 154.69592 324.99155 0.01764706 -738
22 151.83762 332.9138 0.01764706 -771
23 148.99557 344.01962 0.01764706 -788
24 147.12341 355.99707 0.01764706 -804
25 144.67284 368.98404 0.01764706 -821
26 143.86679 390.91754 0.01764706 -837
27 143.10103 444.97156 0.01764706 -854
28 144.86586 539.88654 0.01764706 -887
29 146.86401 584.26483 0.01764706 -920
30 148.67184 625.2932 0.01764706 -937
31 147.32237 661.7556 0.01764706 -953
32 146.48282 705.13904 0.01764706 -970
33 140.91298 783.20087 0.01764706 -986
34 136.25539 864.04364 0.01764706 -1019
35 137.87234 981.234 0.01764706 -1052
36 141.16959 1035.6675 0.01764706 -1085
37 142.86772 1088.6201 0.01764706 -1102
38 143.08633 1137.5344 0.01764706 -1118
39 145.15755 1185.4698 0.01764706 -1135
40 143.74237 1223.6045 0.01764706 -1151
41 143.86679 1269.4974 0.01764706 -1168
42 140.7037 1301.6503 0.01764706 -1184
43 139.87048 1335.3044 0.01764706 -1201
44 138.87141 1348.2977 0.01764706 -1217
0 790.26825 851.55646 0.01764706 -236
1 766.1795 853.86633 0.01764706 -236
2 688.89813 857.55334 0.01764706 -255
3 663.7171 857.55334 0.01764706 -316
4 638.781 857.55334 0.019607844 -333
5 615.9414 856.36255 0.01764706 -349
6 555.0961 856.55383 0.019607844 -366
7 504.73715 854.8013 0.019607844 -399
8 460.28857 853.5554 0.019607844 -432
9 441.01263 853.0978 0.019607844 -465
10 420.9237 852.55597 0.019607844 -481
11 404.04727 852.55597 0.019607844 -498
12 387.89438 851.4736 0.019607844 -514
13 370.01465 851.55646 0.019607844 -531
14 355.94107 850.557 0.019607844 -547
15 343.62524 851.2327 0.019607844 -564
16 323.68533 851.55646 0.019607844 -580
17 312.22308 852.55597 0.019607844 -613
18 307.72467 853.55225 0.019607844 -646
19 304.01767 855.40485 0.019607844 -663
20 299.6472 857.9367 0.019607844 -679
21 289.89764 870.21466 0.019607844 -696
22 281.53192 890.2622 0.019607844 -729
23 277.683 913.973 0.019607844 -762
24 274.84937 938.2649 0.019607844 -778
25 271.97733 964.8311 0.019607844 -795
26 270.7493 991.7073 0.019607844 -811
27 269.22223 1019.4536 0.019607844 -828
28 268.75116 1081.6322 0.019607844 -844
29 267.75208 1166.3783 0.019607844 -878
30 265.75394 1244.5302 0.019607844 -911
31 265.75394 1284.6813 0.01764706 -944
32 265.75394 1321.7421 0.019607844 -960
33 265.75394 1359.9462 0.019607844 -977
34 265.75394 1402.0067 0.01764706 -993
35 265.21167 1485.167 0.019607844 -1010
36 263.26834 1572.4034 0.019607844 -1043
37 260.8617 1611.1285 0.01764706 -1076
38 258.36478 1649.2686 0.01764706 -1092
39 256.423 1684.2352 0.019607844 -1109
40 255.45203 1721.0209 0.01764706 -1125
41 253.43701 1753.0117 0.01764706 -1142
42 255.02847 1795.1509 0.01764706 -1158
43 254.76411 1826.8999 0.01764706 -1175
44 256.76227 1852.0354 0.01764706 -1191
45 256.76227 1852.0354 0.01764706 -1206
0 811.24884 846.5591 0.01764706 -207
1 799.36566 848.70703 0.01764706 -207
2 787.6265 850.649 0.01764706 -224
3 755.6762 854.50793 0.01764706 -241
4 715.8886 856.4346 0.019607844 -274
5 695.94946 857.55334 0.01764706 -307
6 646.88074 859.5523 0.019607844 -323
7 623.1667 859.5523 0.019607844 -356
8 595.607 859.5523 0.019607844 -373
9 541.82275 860.55176 0.019607844 -389
10 490.80054 860.55176 0.019607844 -422
11 425.14346 859.5523 0.019607844 -455
12 400.41727 857.7023 0.019607844 -488
13 377.69238 855.80774 0.019607844 -505
14 354.77258 855.5544 0.019607844 -521
15 334.61365 855.5544 0.019607844 -538
16 295.8382 855.5544 0.019607844 -554
17 258.83878 856.55383 0.019607844 -587
18 243.66527 855.5544 0.019607844 -620
19 230.48352 856.55383 0.019607844 -637
20 219.48715 856.55383 0.019607844 -653
21 211.64265 857.55334 0.019607844 -670
22 200.00084 857.55334 0.019607844 -686
23 191.5872 860.6694 0.019607844 -719
24 184.08315 867.16797 0.019607844 -752
25 180.23967 873.935 0.019607844 -785
26 177.14224 883.0087 0.019607844 -802
27 173.37126 903.33875 0.019607844 -818
28 171.4552 918.6098 0.019607844 -851
29 167.6642 954.1281 0.019607844 -868
30 169.81044 1024.8842 0.019607844 -901
31 171.78398 1059.4231 0.01764706 -934
32 172.71269 1096.0087 0.019607844 -950
33 172.83997 1134.1798 0.019607844 -967
34 172.83997 1171.699 0.019607844 -983
35 172.83997 1211.4655 0.019607844 -1000
36 172.83997 1250.0603 0.019607844 -1016
37 172.30176 1289.1027 0.019607844 -1033
38 171.36339 1328.3447 0.019607844 -1049
39 169.84274 1410.8984 0.01764706 -1066
40 169.84274 1452.5612 0.019607844 -1099
41 169.84274 1495.7303 0.019607844 -1115
42 170.17442 1541.8328 0.01764706 -1132
43 171.09012 1608.8726 0.01764706 -1148
44 169.84274 1657.3916 0.01764706 -1165
45 169.84274 1703.3162 0.019607844 -1181
46 170.84181 1742.941 0.019607844 -1198
47 171.98631 1782.9827 0.01764706 -1214
48 171.84088 1814.101 0.019607844 -1231
49 172.99689 1842.2394 0.019607844 -1248
50 172.83997 1851.0359 0.019607844 -1264
51 172.83997 1851.0359 0.019607844 -1271
0 806.2535 810.5778 0.01764706 -202
1 789.05005 814.84656 0.01764706 -202
2 752.0052 821.6052 0.01764706 -219
3 710.70166 825.4465 0.01764706 -252
4 664.1057 831.99426 0.01764706 -285
5 614.1034 837.1276 0.01764706 -318
6 588.8314 839.07245 0.019607844 -351
7 565.3041 840.95984 0.01764706 -368
8 515.81213 843.7863 0.019607844 -384
9 460.3395 843.5606 0.019607844 -417
10 418.4462 843.5606 0.019607844 -450
11 401.44037 843.5606 0.019607844 -483
12 387.48166 843.5606 0.019607844 -500
13 366.3143 843.5606 0.019607844 -516
14 347.82193 843.5606 0.019607844 -549
15 341.05545 845.4359 0.019607844 -582
16 334.42865 847.31256 0.019607844 -599
17 329.46033 849.175 0.019607844 -615
18 325.73404 851.5209 0.019607844 -632
19 322.01514 856.5839 0.019607844 -648
20 318.1526 864.6553 0.019607844 -665
21 308.7921 894.18304 0.019607844 -681
22 301.99954 930.72363 0.019607844 -714
23 295.22296 977.039 0.019607844 -747
24 293.25864 1004.0544 0.019607844 -780
25 291.40985 1029.9481 0.019607844 -797
26 289.47177 1059.3513 0.019607844 -813
27 287.58347 1110.0277 0.019607844 -830
28 285.7832 1181.5242 0.019607844 -846
29 282.88782 1260.199 0.019607844 -879
30 281.05023 1339.4722 0.019607844 -912
31 280.07648 1381.2281 0.019607844 -945
32 278.7419 1424.5223 0.019607844 -962
33 277.2366 1465.3842 0.019607844 -978
34 275.76337 1507.4995 0.019607844 -995
35 273.29877 1550.0525 0.019607844 -1011
36 268.45667 1629.6361 0.019607844 -1028
37 263.5551 1726.5292 0.019607844 -1061
38 261.75763 1775.7317 0.019607844 -1094
39 260.48178 1811.3198 0.019607844 -1110
40 263.03058 1846.9722 0.019607844 -1127
41 264.75485 1858.0322 0.019607844 -1143
42 264.75485 1858.0322 0.019607844 -1150
0 807.25256 801.5825 0.019607844 -201
1 795.3763 804.3585 0.019607844 -201
2 783.23 806.3007 0.019607844 -224
3 768.9621 808.91016 0.019607844 -241
4 755.0011 811.1918 0.019607844 -257
5 740.22845 814.70593 0.01764706 -274
6 721.40546 817.0671 0.019607844 -290
7 703.2905 818.57367 0.01764706 -307
8 683.1526 819.95605 0.01764706 -323
9 662.9227 821.8868 0.019607844 -340
10 640.85535 822.57153 0.019607844 -356
11 615.43567 823.57104 0.01764706 -373
12 585.4095 824.5705 0.019607844 -389
13 534.2386 824.5705 0.019607844 -406
14 512.24567 824.5705 0.019607844 -439
15 489.43945 825.57 0.019607844 -455
16 466.5332 825.57 0.019607844 -472
17 447.05203 826.223 0.019607844 -488
18 426.8696 826.56946 0.019607844 -505
19 407.61798 826.56946 0.019607844 -521
20 389.94778 826.56946 0.019607844 -538
21 356.3525 826.56946 0.019607844 -554
22 325.89825 825.5986 0.019607844 -587
23 313.3071 825.57 0.019607844 -620
24 303.76865 825.57 0.019607844 -637
25 295.95142 825.57 0.019607844 -653
26 290.05313 825.57 0.019607844 -670
27 284.23923 825.57 0.019607844 -686
28 277.46805 826.56946 0.019607844 -703
29 268.52136 834.7952 0.019607844 -736
30 263.78857 841.51794 0.019607844 -769
31 259.01202 854.67334 0.019607844 -785
32 255.2555 869.5797 0.019607844 -802
33 250.41287 885.6373 0.019607844 -818
34 246.59554 904.9973 0.019607844 -835
35 242.86485 928.4332 0.019607844 -851
36 236.56323 981.5371 0.019607844 -868
37 233.67503 1064.0521 0.019607844 -901
38 230.83456 1148.3394 0.019607844 -934
39 230.78632 1190.4178 0.019607844 -967
40 228.90364 1232.8151 0.019607844 -983
41 225.79094 1311.5789 0.019607844 -1000
42 223.20653 1392.1846 0.019607844 -1033
43 221.79463 1471.9269 0.019607844 -1066
44 219.79648 1512.0983 0.019607844 -1099
45 218.39928 1551.1621 0.019607844 -1115
46 217.4468 1588.2103 0.019607844 -1132
47 216.79926 1623.6163 0.019607844 -1148
48 214.45187 1663.4745 0.019607844 -1165
49 213.57692 1707.4194 0.019607844 -1181
50 211.8039 1779.2238 0.019607844 -1198
51 211.8039 1808.9774 0.01764706 -1231
52 213.01231 1840.9749 0.019607844 -1247
53 213.80203 1852.0354 0.019607844 -1264
54 213.80203 1852.0354 0.019607844 -1271
0 924.1443 543.7168 0.01764706 -266
1 914.11115 544.7163 0.01764706 -266
2 864.34845 546.7038 0.01764706 -275
3 836.47797 546.7152 0.01764706 -308
4 808.8891 546.5394 0.01764706 -324
5 779.18884 546.7152 0.01764706 -341
6 746.91766 546.046 0.019607844 -357
7 690.7866 543.82574 0.019607844 -374
8 660.0315 541.71783 0.019607844 -407
9 635.5786 541.71783 0.019607844 -423
10 603.1359 539.4986 0.019607844 -440
11 566.4396 537.5164 0.01764706 -456
12 540.7348 537.7199 0.01764706 -473
13 518.9436 537.7199 0.019607844 -489
14 494.81915 536.72046 0.01764706 -506
15 430.51886 536.72046 0.01764706 -522
16 394.42178 537.7412 0.019607844 -572
17 373.3354 535.72095 0.01764706 -605
18 360.86163 535.72095 0.019607844 -621
19 350.31876 536.39197 0.019607844 -638
20 340.96432 536.72046 0.019607844 -654
21 334.8765 537.12695 0.019607844 -671
22 331.2229 538.9545 0.019607844 -687
23 327.38113 540.87616 0.019607844 -704
24 321.6197 544.7713 0.01764706 -720
25 316.8762 549.5442 0.01764706 -737
26 311.3078 555.1148 0.01764706 -753
27 307.31424 571.00806 0.01764706 -770
28 303.49814 588.5769 0.01764706 -786
29 299.20642 610.97943 0.01764706 -803
30 297.30508 639.7024 0.01764706 -819
31 293.89075 666.51294 0.01764706 -836
32 294.7271 703.91364 0.01764706 -852
33 292.97714 747.57324 0.01764706 -869
34 294.04852 806.71277 0.01764706 -885
35 293.6473 841.0972 0.01764706 -902
36 294.7271 885.521 0.01764706 -918
37 293.6865 929.3937 0.01764706 -935
38 291.93436 967.4495 0.01764706 -951
39 293.57162 1007.81354 0.01764706 -968
40 294.3678 1048.9581 0.01764706 -985
41 296.43472 1127.469 0.01764706 -1001
42 296.17325 1169.4844 0.01764706 -1034
43 301.99576 1251.276 0.01764706 -1051
44 304.9362 1293.73 0.01764706 -1084
45 306.17532 1324.9688 0.01764706 -1100
46 308.17398 1397.3773 0.01764706 -1117
47 311.23367 1434.0371 0.01764706 -1150
48 311.18793 1457.576 0.01764706 -1166
49 310.7123 1480.229 0.01764706 -1183
50 311.71136 1494.2217 0.01764706 -1195
0 915.15265 534.7215 0.01764706 -225
1 903.68835 534.7215 0.01764706 -225
2 857.0254 530.7236 0.01764706 -235
3 807.7773 528.7246 0.01764706 -268
4 784.22107 528.7246 0.01764706 -301
5 758.9067 528.6986 0.01764706 -317
6 733.6793 529.6942 0.01764706 -334
7 706.83704 527.9239 0.01764706 -350
8 680.8917 527.53125 0.01764706 -367
9 632.614 528.7246 0.01764706 -383
10 589.624 532.10583 0.01764706 -416
11 564.62335 531.37646 0.01764706 -449
12 541.68756 533.01556 0.01764706 -466
13 513.6665 532.56384 0.01764706 -482
14 493.18268 532.72253 0.01764706 -499
15 458.8509 535.5388 0.019607844 -515
16 425.39474 533.722 0.01764706 -548
17 400.7786 533.722 0.019607844 -581
18 390.35318 534.97845 0.019607844 -614
19 377.81863 534.6176 0.01764706 -631
20 366.84155 533.722 0.01764706 -647
21 358.3574 533.722 0.01764706 -664
22 351.56577 533.722 0.01764706 -680
23 346.51654 533.722 0.01764706 -697
24 342.82245 533.722 0.01764706 -713
25 341.40564 535.999 0.01764706 -730
26 337.68314 541.7262 0.01764706 -746
27 335.74905 548.5344 0.01764706 -779
28 333.05084 557.45233 0.01764706 -796
29 330.69382 572.8356 0.01764706 -812
30 329.69473 590.6358 0.01764706 -829
31 327.68857 608.731 0.01764706 -845
32 326.6975 660.27313 0.01764706 -862
33 335.23468 750.87946 0.01764706 -895
34 335.57257 787.92395 0.01764706 -928
35 340.73386 827.4574 0.01764706 -944
36 341.59827 869.8349 0.01764706 -961
37 343.68176 904.29895 0.01764706 -977
38 346.5092 944.61804 0.01764706 -994
39 348.4509 981.3746 0.01764706 -1010
40 349.2954 1049.0677 0.01764706 -1027
41 349.10416 1084.7421 0.01764706 -1060
42 349.67624 1125.2108 0.01764706 -1076
43 351.1283 1158.0925 0.01764706 -1093
44 352.12408 1196.2284 0.01764706 -1109
45 354.6716 1236.0789 0.01764706 -1126
46 356.08743 1266.1804 0.01764706 -1142
47 358.06073 1331.0139 0.01764706 -1159
48 357.03903 1371.4176 0.01764706 -1192
49 358.24402 1434.8735 0.01764706 -1208
50 356.3664 1464.0952 0.01764706 -1241
51 357.66882 1480.229 0.01764706 -1258
52 357.66882 1495.2212 0.01764706 -1264
0 914.15356 529.72406 0.01764706 -285
1 885.0997 531.621 0.01764706 -285
2 842.2221 530.7236 0.01764706 -309
3 817.44586 529.28467 0.01764706 -342
4 793.4715 528.0755 0.01764706 -358
5 772.6366 528.2897 0.01764706 -375
6 727.572 527.72516 0.01764706 -391
7 678.23804 524.7267 0.01764706 -424
8 647.18243 522.3891 0.01764706 -457
9 624.8039 521.7283 0.01764706 -474
10 605.14435 522.7277 0.01764706 -490
11 582.8315 521.9106 0.019607844 -507
12 546.6743 520.14716 0.01764706 -523
13 507.48602 517.73035 0.01764706 -556
14 470.40936 514.522 0.01764706 -589
15 449.24615 513.7324 0.01764706 -622
16 432.37717 513.7324 0.01764706 -639
17 417.2575 510.93936 0.01764706 -655
18 402.03235 509.7345 0.01764706 -672
19 390.1178 509.7345 0.01764706 -688
20 372.46768 509.7345 0.019607844 -705
21 360.48523 509.7345 0.019607844 -738
22 354.72726 509.7345 0.019607844 -771
23 349.98718 508.89056 0.019607844 -787
24 346.17795 508.73502 0.019607844 -804
25 342.47617 508.73502 0.019607844 -820
26 340.18976 509.23 0.01764706 -837
27 338.31772 511.1028 0.01764706 -853
28 335.47772 515.15497 0.01764706 -870
29 332.5423 522.4768 0.01764706 -886
30 328.62582 534.9311 0.01764706 -903
31 325.76556 553.9723 0.01764706 -919
32 324.89462 579.15753 0.01764706 -936
33 322.99295 603.7214 0.01764706 -952
34 324.94855 639.9114 0.01764706 -969
35 327.72443 679.32043 0.01764706 -985
36 333.7642 725.2323 0.01764706 -1002
37 339.99258 767.0554 0.01764706 -1018
38 352.71082 875.9411 0.01764706 -1035
39 356.915 935.82684 0.01764706 -1068
40 357.78687 983.14215 0.01764706 -1084
41 357.64902 1022.67554 0.01764706 -1101
42 359.667 1071.1162 0.01764706 -1118
43 363.4734 1119.3264 0.01764706 -1134
44 363.5063 1161.624 0.01764706 -1151
45 366.4175 1207.5608 0.01764706 -1167
46 370.9894 1299.319 0.01764706 -1184
47 372.0848 1378.5542 0.01764706 -1217
48 373.85156 1420.6384 0.01764706 -1250
49 374.09485 1451.7429 0.01764706 -1266
50 373.65402 1459.24 0.01764706 -1283
51 373.65402 1478.2301 0.01764706 -1286
0 734.32007 357.81363 0.01764706 -241
1 723.2548 359.2741 0.01764706 -241
2 683.9124 363.94266 0.01764706 -252
3 640.5206 365.89 0.01764706 -285
4 613.6155 367.94806 0.01764706 -318
5 587.2095 366.80893 0.01764706 -334
6 557.4447 366.80893 0.01764706 -351
7 530.30035 363.79446 0.01764706 -367
8 478.78494 362.98236 0.01764706 -384
9 425.2899 362.12363 0.01764706 -417
10 369.5994 360.27512 0.01764706 -450
11 341.9541 359.8126 0.01764706 -483
12 315.005 359.8126 0.01764706 -499
13 289.7555 355.1523 0.01764706 -516
14 264.3893 353.55692 0.01764706 -532
15 235.68967 352.81622 0.01764706 -549
16 216.12085 351.81674 0.01764706 -565
17 200.01585 351.81674 0.01764706 -582
18 178.19781 353.8157 0.01764706 -598
19 167.44568 353.8157 0.01764706 -631
20 159.41797 353.8157 0.01764706 -648
21 153.84723 353.8157 0.01764706 -664
22 150.06865 353.8157 0.01764706 -681
23 146.3114 355.0916 0.01764706 -697
24 141.23984 358.233 0.01764706 -714
25 136.63783 365.28104 0.01764706 -730
26 131.84756 375.88013 0.01764706 -747
27 125.1063 404.01248 0.01764706 -763
28 121.45284 418.2383 0.01764706 -796
29 116.89177 441.7699 0.01764706 -813
30 114.893616 454.76312 0.01764706 -832
31 110.897316 481.74908 0.01764706 -858
32 109.89824 555.0034 0.01764706 -858
33 109.89824 555.0034 0.01764706 -895
34 112.89547 626.6736 0.01764706 -918
35 118.0503 705.30365 0.01764706 -918
36 118.96471 752.6292 0.01764706 -945
37 119.88899 802.9336 0.01764706 -961
38 121.87609 848.28156 0.01764706 -978
39 126.75978 934.8105 0.01764706 -994
40 129.76006 979.21375 0.01764706 -1027
41 135.42194 1068.0117 0.01764706 -1044
42 139.28917 1113.765 0.01764706 -1077
43 141.6413 1154.3029 0.01764706 -1093
44 144.61845 1195.4246 0.01764706 -1110
45 146.35489 1232.0076 0.015686275 -1126
46 147.8631 1267.3157 0.01764706 -1143
47 150.59465 1302.3329 0.01764706 -1159
48 151.09564 1347.1785 0.01764706 -1176
49 148.86217 1365.2888 0.015686275 -1209
50 149.86124 1375.2837 0.01764706 -1227
