0 828.2331 797.5846 0.015686275 -154
1 828.2331 797.5846 0.015686275 -197
2 828.2331 797.5846 0.01764706 -230
3 828.2331 797.5846 0.01764706 -230
4 828.2331 797.5846 0.01764706 -238
5 828.2331 797.5846 0.01764706 -263
6 822.8463 795.38983 0.01764706 -263
7 822.8463 795.38983 0.01764706 -314
8 819.24146 795.58563 0.01764706 -337
9 818.2424 795.58563 0.01764706 -337
10 813.247 794.5861 0.01764706 -370
11 811.24884 794.5861 0.01764706 -370
12 797.2618 794.5861 0.01764706 -437
13 795.0913 794.5861 0.01764706 -437
14 788.1847 794.5861 0.01764706 -446
15 784.2738 794.5861 0.01764706 -479
16 782.2757 794.5861 0.01764706 -495
17 776.28125 794.5861 0.01764706 -528
18 774.2831 794.5861 0.01764706 -528
19 769.2877 794.5861 0.01764706 -553
20 766.29047 794.5861 0.01764706 -553
21 748.3071 794.5861 0.01764706 -611
22 737.52264 794.5861 0.019607844 -611
23 722.1135 794.5861 0.01764706 -644
24 713.3395 794.5861 0.01764706 -677
25 709.3432 794.5861 0.01764706 -695
26 701.3506 794.5861 0.01764706 -720
27 689.4252 796.31934 0.01764706 -720
28 681.5467 797.5846 0.01764706 -743
29 662.49963 799.58356 0.01764706 -760
30 638.2983 801.1012 0.01764706 -793
31 623.49554 803.0726 0.01764706 -826
32 608.4769 803.5814 0.01764706 -842
33 595.0428 803.5814 0.019607844 -859
34 568.616 806.5799 0.01764706 -875
35 538.2321 805.5804 0.01764706 -908
36 511.09558 805.5804 0.01764706 -941
37 497.36697 804.6991 0.01764706 -974
38 485.7419 803.77997 0.01764706 -991
39 474.18112 803.5814 0.019607844 -1007
40 462.56464 802.582 0.019607844 -1024
41 451.6006 803.5814 0.019607844 -1040
42 439.76587 803.5814 0.01764706 -1057
43 418.45667 803.5814 0.019607844 -1073
44 395.55432 804.5923 0.019607844 -1106
45 382.06174 804.58093 0.019607844 -1139
46 369.70575 805.5804 0.019607844 -1156
47 368.65866 805.5804 0.019607844 -1172
48 362.6642 804.58093 0.019607844 -1174
49 350.6753 802.582 0.019607844 -1200
50 319.70398 803.5814 0.019607844 -1200
51 313.70953 803.5814 0.019607844 -1253
52 286.7345 802.582 0.019607844 -1305
53 282.73822 802.582 0.019607844 -1305
54 275.7447 801.5825 0.019607844 -1331
55 269.68732 800.583 0.019607844 -1331
56 265.79382 800.583 0.019607844 -1354
57 262.0809 800.583 0.019607844 -1370
58 256.6891 801.5825 0.019607844 -1387
59 249.1442 806.2052 0.019607844 -1420
60 245.26134 809.09015 0.019607844 -1453
61 241.56679 812.7862 0.019607844 -1469
62 237.75565 818.1102 0.019607844 -1486
63 233.91592 826.7381 0.019607844 -1502
64 233.91592 826.7381 0.019607844 -1519
65 222.79372 864.5497 0.019607844 -1575
66 219.79648 878.5424 0.019607844 -1575
67 214.80112 907.5273 0.019607844 -1601
68 211.8039 925.51794 0.01764706 -1601
69 208.80666 970.4945 0.01764706 -1635
70 206.80852 987.48566 0.01764706 -1635
71 201.81314 1150.4008 0.019607844 -1720
72 199.81499 1169.3909 0.019607844 -1720
73 198.81592 1184.383 0.019607844 -1728
74 197.81683 1219.3649 0.019607844 -1754
75 196.26022 1245.2803 0.01764706 -1754
76 194.81961 1289.3285 0.01764706 -1767
77 194.81961 1308.3186 0.019607844 -1787
78 194.81961 1340.3019 0.01764706 -1812
79 193.82054 1357.2931 0.01764706 -1812
80 193.82054 1388.2769 0.01764706 -1837
81 191.82239 1408.2665 0.01764706 -1837
82 191.82239 1452.2435 0.019607844 -1870
83 192.82146 1466.2363 0.01764706 -1870
84 191.82239 1523.2067 0.019607844 -1911
85 190.82332 1540.1978 0.01764706 -1911
86 190.82332 1574.18 0.019607844 -1944
87 190.82332 1586.1738 0.019607844 -1944
88 186.82701 1641.1451 0.019607844 -1993
89 185.82794 1663.1338 0.01764706 -1993
90 184.82886 1672.129 0.01764706 -2010
91 183.82979 1706.1113 0.019607844 -2051
92 182.35057 1720.9095 0.01764706 -2051
93 180.83257 1734.0968 0.019607844 -2063
94 180.83257 1741.0931 0.019607844 -2075
95 179.8335 1754.0864 0.019607844 -2100
96 178.83441 1777.8666 0.019607844 -2100
97 178.83441 1796.4099 0.01764706 -2129
98 178.83441 1806.8224 0.019607844 -2162
99 178.83441 1812.4976 0.01764706 -2195
100 178.83441 1813.0557 0.01764706 -2228
101 178.83441 1813.0557 0.01764706 -2249
0 832.22943 340.82248 0.013725491 -173
1 832.22943 340.82248 0.013725491 -173
2 832.22943 340.82248 0.013725491 -180
3 827.2341 339.823 0.01764706 -213
4 827.2341 339.823 0.01764706 -213
5 827.2341 339.823 0.01764706 -224
6 827.2341 339.823 0.01764706 -257
7 825.9897 339.823 0.01764706 -273
8 822.7937 339.823 0.01764706 -290
9 818.9296 339.823 0.01764706 -306
10 814.9125 339.823 0.01764706 -323
11 810.94244 340.97574 0.01764706 -339
12 806.9632 342.9662 0.01764706 -356
13 801.85657 344.954 0.01764706 -372
14 795.8887 346.9441 0.01764706 -389
15 789.95325 348.92337 0.01764706 -405
16 782.93146 350.90314 0.019607844 -422
17 771.88153 350.81726 0.01764706 -438
18 761.9795 351.8797 0.01764706 -455
19 752.04224 352.86847 0.01764706 -471
20 734.53 356.77213 0.01764706 -488
21 721.45374 356.83154 0.019607844 -521
22 696.93396 357.71713 0.01764706 -537
23 673.52 360.64877 0.01764706 -570
24 656.3688 359.8126 0.01764706 -603
25 642.6079 359.8126 0.01764706 -620
26 630.72235 360.59445 0.01764706 -636
27 618.4192 362.52664 0.019607844 -653
28 600.4266 360.1438 0.01764706 -669
29 586.73315 358.8131 0.01764706 -686
30 574.041 360.38354 0.01764706 -702
31 561.99756 361.30927 0.01764706 -719
32 528.95746 358.8131 0.01764706 -735
33 515.5915 360.13428 0.01764706 -768
34 502.81583 360.81207 0.019607844 -785
35 485.26773 358.35675 0.01764706 -801
36 468.49606 357.81363 0.01764706 -818
37 452.387 358.8131 0.01764706 -834
38 416.27155 354.9992 0.01764706 -851
39 386.51443 356.81415 0.01764706 -884
40 363.66327 352.81622 0.01764706 -917
41 355.6707 351.81674 0.01764706 -937
42 332.69196 353.8157 0.01764706 -971
43 321.57007 352.9897 0.01764706 -971
44 304.25012 350.54315 0.01764706 -983
45 298.72342 349.81778 0.01764706 -999
46 291.7299 349.81778 0.01764706 -1006
47 271.74838 350.81726 0.019607844 -1040
48 252.91528 348.85568 0.01764706 -1040
49 234.90637 346.1007 0.01764706 -1065
50 223.67557 345.8199 0.01764706 -1098
51 216.27783 345.8199 0.01764706 -1131
52 216.27783 345.8199 0.019607844 -1164
53 211.8039 347.81885 0.01764706 -1187
54 201.9883 363.37244 0.019607844 -1187
55 199.81499 368.8079 0.019607844 -1230
56 197.81683 373.8053 0.019607844 -1239
57 191.82239 411.78552 0.01764706 -1299
58 190.82332 425.34735 0.019607844 -1299
59 190.82332 428.77667 0.01764706 -1313
60 190.82332 437.77197 0.01764706 -1316
61 189.82423 473.75323 0.019607844 -1350
62 189.82423 485.747 0.01764706 -1350
63 189.82423 497.74075 0.019607844 -1359
64 189.82423 529.72406 0.01764706 -1384
65 189.82423 545.71576 0.01764706 -1384
66 189.82423 559.7085 0.01764706 -1393
67 189.82423 594.69025 0.01764706 -1418
68 190.82332 608.683 0.01764706 -1418
69 191.82239 708.6309 0.01764706 -1477
70 191.82239 731.90796 0.01764706 -1477
71 191.82239 731.90796 0.01764706 -1494
72 191.82239 771.5981 0.01764706 -1519
73 191.82239 784.5914 0.01764706 -1519
74 191.82239 797.5846 0.01764706 -1527
75 191.82239 822.57153 0.01764706 -1552
76 192.82146 837.5637 0.01764706 -1552
77 192.82146 864.5497 0.01764706 -1577
78 192.82146 879.5419 0.01764706 -1577
79 193.82054 896.533 0.01764706 -1594
80 194.81961 909.52625 0.01764706 -1594
81 221.79463 982.4883 0.01764706 -1635
82 217.79834 989.4846 0.01764706 -1635
83 232.78445 1041.4575 0.01764706 -1667
84 227.7891 1047.4545 0.01764706 -1667
85 236.78076 1100.4269 0.01764706 -1700
86 231.78539 1106.4237 0.01764706 -1700
87 237.77983 1171.3899 0.01764706 -1740
88 232.78445 1177.3867 0.01764706 -1740
89 239.77798 1230.3591 0.01764706 -1773
90 234.78261 1235.3566 0.01764706 -1773
91 239.77798 1289.3285 0.01764706 -1806
92 234.78261 1293.3264 0.01764706 -1806
93 229.78723 1298.3237 0.01764706 -1815
94 244.77336 1351.2961 0.023529414 -1839
95 238.77892 1353.2952 0.01764706 -1839
96 234.78261 1355.2941 0.01764706 -1856
97 227.7891 1360.2915 0.01764706 -1856
98 223.79279 1365.2888 0.01764706 -1872
99 216.79926 1373.2847 0.01764706 -1897
100 207.80759 1405.6237 0.01764706 -1897
101 205.80943 1407.267 0.015686275 -1973
102 205.80943 1407.267 0.015686275 -1996
0 1017.0583 669.6512 0.015686275 -206
1 1010.3859 668.65173 0.015686275 -206
2 996.123 667.6522 0.01764706 -223
3 979.5801 667.6522 0.01764706 -256
4 977.0953 667.6522 0.015686275 -289
5 977.0953 667.6522 0.015686275 -296
6 922.1462 667.6522 0.015686275 -329
7 919.808 667.6522 0.01764706 -329
8 918.14984 667.6522 0.01764706 -355
9 918.14984 667.6522 0.01764706 -362
10 853.21 665.65326 0.013725491 -412
11 853.21 665.65326 0.013725491 -412
12 852.21094 665.65326 0.01764706 -421
13 852.21094 665.65326 0.01764706 -428
14 777.2803 669.6512 0.015686275 -487
15 777.2803 669.6512 0.015686275 -487
16 433.5985 666.6528 0.015686275 -925
17 433.5985 666.6528 0.015686275 -925
18 433.5985 666.6528 0.015686275 -933
19 433.5985 666.6528 0.015686275 -966
20 433.5985 666.6528 0.01764706 -983
21 433.5985 666.6528 0.01764706 -1016
22 429.60223 658.6569 0.021568628 -1018
23 424.60684 738.6153 0.01764706 -1076
24 421.60962 726.6215 0.021568628 -1076
25 413.61703 729.62 0.01764706 -1117
26 412.61795 729.62 0.021568628 -1117
27 426.605 861.5513 0.01764706 -1149
28 423.6078 848.55804 0.021568628 -1149
29 407.62256 799.58356 0.015686275 -1183
30 407.62256 799.58356 0.015686275 -1183
31 431.60037 987.48566 0.01764706 -1215
32 427.60406 976.4914 0.021568628 -1215
33 429.60223 1000.4789 0.01764706 -1240
34 428.60315 999.47943 0.021568628 -1240
35 427.60406 1108.4227 0.013725491 -1321
36 427.60406 1108.4227 0.013725491 -1321
37 415.61517 1122.4154 0.013725491 -1346
38 415.61517 1122.4154 0.013725491 -1346
39 416.61426 1184.383 0.015686275 -1370
40 416.61426 1184.383 0.015686275 -1370
41 416.61426 1245.3513 0.015686275 -1394
42 416.61426 1245.3513 0.015686275 -1394
43 426.605 1440.2499 0.013725491 -1451
44 426.605 1440.2499 0.013725491 -1451
45 437.59482 1605.164 0.01764706 -1484
46 435.59668 1593.1702 0.021568628 -1484
47 423.6078 1540.1978 0.015686275 -1517
48 421.60962 1532.2019 0.013725491 -1517
49 421.60962 1532.2019 0.013725491 -1525
50 430.6013 1725.1014 0.01764706 -1558
51 430.6013 1725.1014 0.01764706 -1558
52 430.6013 1725.1014 0.021568628 -1577
53 417.6133 1661.1348 0.01764706 -1624
54 415.61517 1653.1389 0.01764706 -1624
55 414.6161 1647.1421 0.01764706 -1632
0 967.10455 663.65436 0.013725491 -264
1 967.10455 663.65436 0.013725491 -264
2 910.1573 663.65436 0.013725491 -337
3 910.1573 663.65436 0.013725491 -337
4 398.6309 670.6507 0.01764706 -949
5 398.6309 670.6507 0.01764706 -949
6 398.6309 670.6507 0.01764706 -966
7 398.6309 670.6507 0.021568628 -982
8 370.6568 610.68195 0.015686275 -1032
9 367.65958 603.68555 0.013725491 -1032
10 367.65958 603.68555 0.013725491 -1040
11 397.63184 797.5846 0.01764706 -1081
12 391.6374 783.59186 0.021568628 -1081
13 372.65494 735.6168 0.01764706 -1114
14 372.65494 735.6168 0.01764706 -1114
15 402.6272 1479.2295 0.01764706 -1426
16 398.6309 1467.2357 0.021568628 -1426
17 385.6429 1421.2598 0.013725491 -1459
18 385.6429 1421.2598 0.013725491 -1459
19 399.62997 1600.1665 0.01764706 -1500
20 399.62997 1600.1665 0.01764706 -1500
21 395.63367 1587.1733 0.021568628 -1508
22 376.65125 1537.1993 0.01764706 -1558
23 374.45853 1526.6206 0.013725491 -1558
24 370.5314 1516.9589 0.013725491 -1576
25 369.6577 1516.2103 0.013725491 -1609
26 369.6577 1516.2103 0.013725491 -1616
0 805.2544 937.5117 0.01764706 -123
1 805.2544 937.5117 0.019607844 -132
2 805.2544 937.5117 0.019607844 -157
3 804.5446 937.5117 0.019607844 -190
4 802.65857 936.9138 0.019607844 -207
5 800.79395 936.0479 0.019607844 -223
6 797.02435 933.27625 0.019607844 -240
7 793.1595 930.5153 0.019607844 -273
8 791.25275 928.5018 0.019607844 -306
9 789.3376 926.58575 0.019607844 -322
10 787.4319 924.6793 0.019607844 -339
11 784.75775 922.76154 0.01764706 -355
12 777.26874 920.015 0.019607844 -372
13 766.7758 919.1427 0.01764706 -405
14 753.6214 917.5221 0.01764706 -438
15 747.7038 917.5221 0.01764706 -471
16 739.86 915.4094 0.01764706 -487
17 732.2345 913.5023 0.01764706 -504
18 724.5337 912.5758 0.01764706 -520
19 715.04926 911.5252 0.01764706 -537
20 694.2078 911.5252 0.01764706 -553
21 674.84247 910.52576 0.01764706 -586
22 649.58154 909.52625 0.01764706 -619
23 635.50964 909.52625 0.01764706 -652
24 622.94836 908.5268 0.01764706 -669
25 606.6925 906.4601 0.01764706 -685
26 571.72 905.7531 0.01764706 -701
27 539.02814 901.9222 0.01764706 -734
28 520.30597 900.9516 0.01764706 -767
29 504.80328 899.0656 0.01764706 -784
30 488.03296 897.14215 0.01764706 -800
31 471.20157 895.27124 0.01764706 -817
32 454.47864 894.53406 0.01764706 -833
33 437.04834 894.53406 0.019607844 -850
34 394.55148 890.53613 0.019607844 -866
35 362.07272 890.53613 0.019607844 -899
36 330.07394 891.7156 0.01764706 -932
37 313.58435 891.53564 0.019607844 -965
38 299.8915 890.4175 0.019607844 -982
39 283.8173 889.5367 0.019607844 -998
40 254.90784 890.53613 0.019607844 -1015
41 232.78055 890.53613 0.019607844 -1048
42 224.47067 890.53613 0.019607844 -1081
43 218.32701 890.53613 0.019607844 -1097
44 213.72122 890.53613 0.019607844 -1114
45 206.36241 890.53613 0.019607844 -1130
46 202.64403 892.1195 0.019607844 -1163
47 199.02698 895.3224 0.019607844 -1180
48 191.78606 903.5839 0.019607844 -1196
49 187.854 910.4699 0.019607844 -1229
50 184.14452 919.7334 0.019607844 -1246
51 180.42381 930.74255 0.019607844 -1262
52 177.24948 944.61273 0.019607844 -1279
53 175.395 959.04126 0.019607844 -1295
54 172.16757 975.52045 0.019607844 -1311
55 166.81918 1009.76404 0.019607844 -1328
56 164.83127 1028.6094 0.019607844 -1361
57 162.91298 1054.6848 0.019607844 -1377
58 161.02296 1078.3735 0.019607844 -1394
59 160.85106 1100.3492 0.019607844 -1410
60 159.23386 1120.6034 0.019607844 -1427
61 157.3491 1141.4678 0.019607844 -1443
62 156.43318 1165.8784 0.019607844 -1460
63 155.85568 1189.763 0.019607844 -1476
64 153.61111 1214.574 0.019607844 -1493
65 152.71114 1240.4183 0.019607844 -1509
66 152.85846 1269.2897 0.019607844 -1526
67 152.85846 1302.8647 0.019607844 -1542
68 150.92944 1334.198 0.019607844 -1559
69 149.86124 1363.4587 0.019607844 -1575
70 149.04643 1393.3232 0.019607844 -1592
71 147.8631 1420.3337 0.019607844 -1608
72 145.21971 1447.9331 0.019607844 -1625
73 144.86586 1502.7823 0.019607844 -1641
74 143.86679 1559.5132 0.019607844 -1674
75 142.86772 1588.1714 0.01764706 -1707
76 142.86772 1614.2361 0.019607844 -1725
77 141.49962 1641.3162 0.019607844 -1741
78 141.86864 1666.4967 0.019607844 -1758
79 143.15129 1689.5261 0.019607844 -1774
80 141.86864 1715.1183 0.019607844 -1791
81 141.86864 1738.1957 0.019607844 -1807
82 140.68544 1766.476 0.019607844 -1824
83 140.86957 1788.8839 0.019607844 -1840
84 140.86957 1805.9854 0.01764706 -1857
85 139.87048 1824.0245 0.019607844 -1873
86 139.87048 1838.7264 0.019607844 -1890
87 139.87048 1850.6155 0.019607844 -1906
88 140.86957 1856.0333 0.019607844 -1923
89 140.86957 1856.0333 0.019607844 -1931
0 1018.0574 689.6408 0.01764706 -260
1 1014.31506 690.55554 0.01764706 -260
2 998.4844 694.35657 0.01764706 -276
3 987.1404 695.6377 0.01764706 -309
4 972.41766 695.6377 0.01764706 -325
5 955.53815 696.20953 0.01764706 -342
6 938.8144 697.15356 0.01764706 -358
7 917.9576 695.6377 0.01764706 -375
8 896.2111 696.9969 0.01764706 -391
9 870.73285 694.3499 0.01764706 -408
10 847.21277 694.869 0.01764706 -424
11 812.17395 691.5102 0.01764706 -441
12 781.8662 689.59766 0.01764706 -457
13 756.58435 686.7493 0.01764706 -474
14 731.88824 685.08887 0.01764706 -490
15 706.76337 683.6439 0.01764706 -507
16 638.6864 679.646 0.01764706 -523
17 586.7093 678.64655 0.01764706 -573
18 543.6523 678.02466 0.01764706 -606
19 524.46533 677.64703 0.01764706 -639
20 508.6197 677.64703 0.01764706 -655
21 490.8797 677.64703 0.01764706 -672
22 473.67676 677.64703 0.01764706 -688
23 460.09433 677.64703 0.01764706 -705
24 448.08826 677.64703 0.01764706 -721
25 438.48486 677.64703 0.01764706 -738
26 426.719 677.64703 0.01764706 -754
27 415.54224 677.64703 0.01764706 -771
28 406.2817 677.64703 0.01764706 -787
29 399.2463 677.64703 0.01764706 -804
30 393.78818 677.64703 0.01764706 -820
31 386.0084 677.64703 0.01764706 -837
32 382.38733 677.64703 0.01764706 -870
33 380.3909 677.64703 0.019607844 -903
34 378.54886 677.64703 0.01764706 -919
35 378.6494 683.503 0.01764706 -936
36 377.00772 690.56995 0.01764706 -953
37 373.9797 701.00507 0.01764706 -969
38 372.08447 708.91473 0.01764706 -986
39 370.19138 718.9548 0.01764706 -1002
40 370.3177 736.3682 0.01764706 -1019
41 370.9427 784.31 0.01764706 -1035
42 369.6577 816.05444 0.01764706 -1068
43 370.5501 848.3158 0.01764706 -1085
44 372.44174 879.5544 0.01764706 -1101
45 376.3122 916.39636 0.01764706 -1118
46 380.10135 990.28375 0.01764706 -1134
47 383.43405 1029.1442 0.01764706 -1167
48 382.6457 1063.0021 0.01764706 -1184
49 381.00555 1112.4419 0.01764706 -1200
50 381.64664 1161.516 0.01764706 -1217
51 378.34888 1196.2347 0.01764706 -1233
52 377.581 1239.6034 0.01764706 -1250
53 377.64737 1274.2769 0.01764706 -1266
54 374.77133 1311.3112 0.01764706 -1283
55 374.77777 1352.5505 0.01764706 -1299
56 374.46902 1391.222 0.01764706 -1316
57 372.89212 1427.9326 0.01764706 -1332
58 370.94135 1468.8297 0.01764706 -1349
59 368.9896 1502.586 0.01764706 -1365
60 368.03534 1542.179 0.01764706 -1382
61 366.08737 1567.6411 0.01764706 -1398
62 364.09787 1603.6396 0.01764706 -1415
63 362.10965 1624.5945 0.01764706 -1431
64 361.66513 1643.127 0.01764706 -1448
65 362.6642 1658.1364 0.01764706 -1464
66 361.66513 1672.129 0.01764706 -1476
0 1016.0592 666.6528 0.01764706 -252
1 996.3941 663.0935 0.01764706 -252
2 955.98987 659.4315 0.01764706 -276
3 933.59204 657.6575 0.01764706 -309
4 907.7788 655.1679 0.01764706 -325
5 883.98834 653.227 0.01764706 -342
6 855.73083 649.9768 0.01764706 -358
7 832.7329 649.6616 0.01764706 -374
8 807.2956 651.9214 0.01764706 -391
9 747.56775 652.5119 0.01764706 -408
10 722.37573 651.6606 0.01764706 -440
11 702.307 651.6606 0.01764706 -457
12 676.54486 654.8361 0.01764706 -474
13 655.3009 655.20404 0.01764706 -490
14 638.55597 654.659 0.01764706 -507
15 612.98517 659.0332 0.01764706 -523
16 593.29474 657.6575 0.01764706 -540
17 564.89 659.6289 0.01764706 -556
18 539.5188 662.4997 0.01764706 -573
19 520.81335 663.65436 0.01764706 -589
20 505.31604 663.65436 0.01764706 -606
21 488.63184 663.65436 0.01764706 -622
22 475.50717 664.6538 0.01764706 -639
23 464.34665 664.6538 0.01764706 -655
24 456.42233 664.6538 0.01764706 -672
25 449.89035 665.551 0.01764706 -688
26 442.97943 665.65326 0.01764706 -705
27 441.1166 665.65326 0.01764706 -738
28 439.2611 665.65326 0.01764706 -754
29 437.33322 665.65326 0.01764706 -771
30 435.59668 679.2901 0.01764706 -787
31 432.84818 692.519 0.01764706 -820
32 429.0928 704.9174 0.01764706 -837
33 428.2567 721.4631 0.01764706 -853
34 426.068 747.52325 0.01764706 -870
35 423.16312 765.05225 0.01764706 -886
36 421.25824 817.6843 0.01764706 -903
37 423.9654 852.13544 0.01764706 -936
38 424.73233 901.1634 0.01764706 -952
39 421.62607 940.2304 0.01764706 -969
40 421.86038 981.60223 0.01764706 -985
41 416.9183 1053.8859 0.01764706 -1002
42 415.92935 1095.6245 0.01764706 -1035
43 415.61517 1132.3375 0.01764706 -1051
44 414.6161 1175.9503 0.01764706 -1067
45 414.12952 1214.0043 0.01764706 -1084
46 413.61703 1252.3599 0.01764706 -1100
47 412.22214 1301.4149 0.01764706 -1117
48 412.61795 1330.0 0.01764706 -1133
49 409.28635 1371.3059 0.01764706 -1150
50 410.91028 1411.6609 0.01764706 -1166
51 408.37527 1440.7019 0.01764706 -1183
52 407.62256 1531.8185 0.01764706 -1199
53 402.23172 1605.7161 0.01764706 -1232
54 400.44968 1628.1268 0.01764706 -1265
55 400.62906 1662.4668 0.01764706 -1282
56 400.62906 1662.4668 0.01764706 -1298
0 1013.062 651.6606 0.01764706 -226
1 997.05597 649.6616 0.01764706 -226
2 943.056 649.6616 0.01764706 -249
3 920.8854 651.5552 0.01764706 -298
4 896.4964 651.27136 0.01764706 -315
5 877.12085 651.6606 0.01764706 -331
6 848.12054 656.2041 0.01764706 -348
7 827.16046 653.4711 0.01764706 -364
8 806.5922 654.70984 0.01764706 -381
9 779.9452 653.6041 0.01764706 -397
10 751.46106 654.591 0.01764706 -414
11 724.56915 651.8328 0.01764706 -430
12 704.0687 650.6611 0.01764706 -447
13 682.85406 650.0533 0.01764706 -463
14 659.6974 649.6616 0.01764706 -480
15 642.0067 649.6616 0.01764706 -496
16 626.57324 649.6616 0.01764706 -513
17 603.5759 647.58405 0.01764706 -529
18 587.55804 647.66266 0.01764706 -546
19 568.1103 645.9363 0.01764706 -562
20 548.0649 645.6637 0.01764706 -579
21 522.06616 645.6637 0.01764706 -595
22 512.57043 645.6637 0.01764706 -628
23 505.86667 645.6637 0.01764706 -645
24 496.74963 645.6637 0.01764706 -661
25 491.33734 646.4652 0.01764706 -694
26 480.35394 649.26245 0.01764706 -710
27 476.98853 649.6616 0.01764706 -745
28 473.686 651.0985 0.01764706 -762
29 470.84702 653.0183 0.01764706 -778
30 467.07343 656.15234 0.01764706 -795
31 464.48492 663.0797 0.01764706 -811
32 459.6398 678.42865 0.01764706 -828
33 454.0696 695.331 0.01764706 -844
34 449.3815 709.50354 0.01764706 -861
35 445.931 738.8009 0.01764706 -877
36 443.47098 762.31335 0.01764706 -894
37 441.59113 798.091 0.01764706 -910
38 440.2208 823.0305 0.01764706 -927
39 440.2845 865.0138 0.01764706 -943
40 441.85333 900.0428 0.01764706 -960
41 438.27872 943.2944 0.01764706 -976
42 437.51657 990.9721 0.01764706 -993
43 436.59573 1033.7748 0.01764706 -1009
44 435.59668 1066.7773 0.01764706 -1026
45 435.59668 1111.1881 0.01764706 -1042
46 434.5976 1151.4996 0.01764706 -1059
47 433.83255 1186.8683 0.01764706 -1075
48 434.5976 1226.3815 0.01764706 -1092
49 434.26376 1264.99 0.01764706 -1108
50 432.96823 1306.675 0.01764706 -1125
51 433.0048 1347.9666 0.01764706 -1141
52 431.0473 1425.0079 0.01764706 -1158
53 431.08908 1466.0068 0.01764706 -1191
54 427.13998 1542.0936 0.01764706 -1207
55 425.1628 1578.5963 0.01764706 -1240
56 420.7333 1644.6691 0.01764706 -1257
57 419.61148 1658.1364 0.01764706 -1290
58 418.6124 1673.1285 0.01764706 -1295
0 1018.0574 631.67096 0.01764706 -211
1 1009.085 631.67096 0.01764706 -211
2 1000.17035 633.39594 0.01764706 -226
3 988.08514 632.6705 0.01764706 -242
4 960.32416 634.143 0.01764706 -259
5 926.4392 633.36975 0.01764706 -292
6 908.9628 633.6699 0.01764706 -325
7 888.6619 637.1255 0.01764706 -341
8 864.1799 635.48535 0.01764706 -358
9 841.37476 637.75244 0.01764706 -375
10 797.3948 637.66785 0.01764706 -391
11 756.66516 638.3392 0.01764706 -424
12 732.96 635.6689 0.01764706 -457
13 709.8265 634.5957 0.01764706 -474
14 686.67444 631.2449 0.01764706 -490
15 667.61316 630.6715 0.015686275 -507
16 639.20184 626.18054 0.01764706 -523
17 616.1917 624.56213 0.015686275 -540
18 590.48755 621.67883 0.01764706 -556
19 571.6525 620.6767 0.01764706 -573
20 556.4987 620.6767 0.01764706 -589
21 521.8183 618.67773 0.01764706 -606
22 508.42664 618.67773 0.01764706 -639
23 498.352 618.67773 0.01764706 -655
24 487.8993 618.67773 0.01764706 -672
25 478.6515 617.69403 0.01764706 -688
26 469.22968 617.6783 0.01764706 -705
27 456.12097 617.6783 0.01764706 -721
28 447.97147 617.6783 0.01764706 -754
29 444.23654 617.6783 0.01764706 -787
30 442.5775 620.7148 0.01764706 -804
31 440.71774 626.2964 0.01764706 -820
32 437.12488 637.0793 0.01764706 -837
33 433.37662 645.1082 0.01764706 -853
34 430.60345 654.6525 0.01764706 -870
35 428.7923 673.3241 0.01764706 -886
36 427.3932 741.4683 0.01764706 -903
37 429.96344 777.2464 0.01764706 -936
38 429.60223 817.95135 0.01764706 -952
39 431.54114 866.36316 0.01764706 -969
40 436.34973 960.62024 0.01764706 -985
41 435.87637 1002.4387 0.01764706 -1018
42 435.59668 1049.152 0.01764706 -1035
43 436.97607 1095.2927 0.01764706 -1051
44 435.1469 1135.6041 0.01764706 -1068
45 432.64938 1179.4106 0.01764706 -1084
46 430.17957 1230.6 0.01764706 -1101
47 427.1726 1267.0002 0.01764706 -1117
48 425.27054 1318.377 0.01764706 -1134
49 424.7919 1399.7163 0.01764706 -1151
50 424.7919 1399.7163 0.01764706 -1184
51 420.61053 1448.2457 0.01764706 -1207
52 413.48853 1540.7411 0.01764706 -1207
53 411.5133 1564.242 0.01764706 -1250
54 411.61887 1595.6925 0.01764706 -1266
55 408.54877 1621.9578 0.01764706 -1283
56 407.62256 1657.1368 0.01764706 -1299
57 405.62442 1671.1296 0.01764706 -1323
0 1016.0592 634.66943 0.01764706 -246
1 1001.6242 636.5896 0.01764706 -246
2 934.9694 642.42914 0.01764706 -262
3 906.1804 642.6653 0.01764706 -311
4 883.3461 644.2859 0.01764706 -328
5 853.2656 643.66473 0.01764706 -344
6 818.5423 644.15497 0.01764706 -361
7 785.39435 643.66473 0.01764706 -378
8 759.72565 645.0157 0.01764706 -394
9 704.5989 642.72766 0.01764706 -411
10 673.85406 640.6663 0.01764706 -444
11 649.391 641.5831 0.01764706 -460
12 622.8496 638.04095 0.01764706 -477
13 596.98846 638.3724 0.01764706 -494
14 571.61273 635.35944 0.01764706 -510
15 545.84705 634.66943 0.01764706 -527
16 527.6391 636.09894 0.01764706 -543
17 507.37787 632.32043 0.01764706 -560
18 495.13675 630.4375 0.01764706 -576
19 484.97266 630.6715 0.01764706 -593
20 476.541 630.6715 0.01764706 -609
21 463.43756 631.67096 0.01764706 -626
22 459.25992 632.32806 0.01764706 -659
23 453.75922 632.6705 0.01764706 -676
24 446.44608 636.2389 0.01764706 -704
25 436.893 646.71686 0.01764706 -737
26 433.04526 652.49084 0.01764706 -770
27 429.24182 661.377 0.01764706 -787
28 424.44928 684.1956 0.01764706 -803
29 418.82495 700.1389 0.01764706 -820
30 416.61426 710.6299 0.01764706 -836
31 403.62628 704.633 0.023529414 -846
32 404.62534 744.6122 0.01764706 -872
33 405.27527 764.7089 0.01764706 -872
34 406.0094 828.266 0.01764706 -886
35 407.22098 862.58026 0.01764706 -919
36 406.6235 892.699 0.01764706 -935
37 404.12338 932.0364 0.01764706 -952
38 404.85593 959.1932 0.01764706 -968
39 403.74832 1008.1622 0.01764706 -985
40 402.5063 1050.6631 0.01764706 -1001
41 402.6272 1080.8522 0.01764706 -1018
42 403.62628 1117.0227 0.01764706 -1034
43 405.5321 1155.3654 0.01764706 -1051
44 405.4746 1190.8309 0.01764706 -1067
45 405.03552 1231.253 0.01764706 -1084
46 403.62628 1260.3124 0.01764706 -1100
47 402.92798 1296.207 0.01764706 -1117
48 401.04553 1365.8691 0.01764706 -1133
49 401.20242 1399.7489 0.01764706 -1166
50 400.62906 1463.3726 0.01764706 -1183
51 398.0305 1536.9775 0.01764706 -1216
52 394.2452 1562.8633 0.01764706 -1249
53 392.63644 1590.3324 0.01764706 -1265
54 388.9486 1618.6501 0.01764706 -1282
55 384.99835 1638.3723 0.01764706 -1298
56 384.64386 1664.1332 0.01764706 -1315
57 382.6457 1676.127 0.01764706 -1328
0 1018.0574 659.65643 0.01764706 -217
1 1009.6221 657.4514 0.01764706 -217
2 972.7496 657.6844 0.01764706 -226
3 949.768 654.62695 0.01764706 -260
4 927.4991 655.631 0.01764706 -276
5 901.5632 653.767 0.01764706 -293
6 851.71484 654.9805 0.01764706 -309
7 826.62756 653.65955 0.01764706 -342
8 792.58673 652.0554 0.01764706 -359
9 767.8174 651.6606 0.01764706 -376
10 716.6992 652.66003 0.01764706 -392
11 668.7925 652.61804 0.01764706 -425
12 626.4979 650.07184 0.01764706 -459
13 601.9594 648.6621 0.01764706 -492
14 578.44836 646.73114 0.01764706 -508
15 554.3733 644.10876 0.01764706 -525
16 524.1985 643.66473 0.01764706 -541
17 506.8616 642.61694 0.01764706 -575
18 495.4864 640.25555 0.01764706 -603
19 478.95828 638.66736 0.01764706 -619
20 473.30814 638.66736 0.01764706 -652
21 468.60858 638.66736 0.01764706 -669
22 464.85526 638.66736 0.01764706 -685
23 461.1139 640.12573 0.01764706 -702
24 457.57635 643.6648 0.01764706 -718
25 453.60214 647.64056 0.01764706 -734
26 449.8727 651.37146 0.01764706 -751
27 446.09683 657.6377 0.01764706 -768
28 444.4203 672.82697 0.01764706 -784
29 438.36667 696.3955 0.01764706 -801
30 436.59573 719.9899 0.01764706 -817
31 432.8958 750.5326 0.01764706 -834
32 429.852 784.5916 0.01764706 -850
33 428.9458 815.1167 0.01764706 -867
34 430.03864 850.3839 0.01764706 -883
35 430.03717 886.06445 0.01764706 -900
36 431.21722 925.6537 0.01764706 -916
37 433.286 965.05634 0.01764706 -933
38 431.3581 1000.6013 0.01764706 -949
39 433.5985 1046.6042 0.01764706 -966
40 433.70248 1141.5503 0.01764706 -982
41 430.6013 1220.9138 0.01764706 -1015
42 431.70184 1305.3906 0.01764706 -1048
43 434.35016 1394.8433 0.01764706 -1081
44 433.5985 1433.9717 0.01764706 -1114
45 433.1839 1474.797 0.01764706 -1131
46 432.2552 1510.9768 0.01764706 -1147
47 428.02457 1583.0739 0.01764706 -1164
48 425.76065 1642.3835 0.01764706 -1197
49 426.605 1649.141 0.01764706 -1230
50 425.60593 1667.1317 0.01764706 -1233
0 1018.0574 673.6491 0.01764706 -232
1 1011.70026 673.6491 0.01764706 -232
2 962.4222 673.6491 0.01764706 -241
3 918.22546 674.6486 0.01764706 -290
4 892.26495 674.6486 0.01764706 -323
5 868.10846 674.6486 0.01764706 -340
6 840.59357 674.6486 0.01764706 -356
7 815.5202 674.6486 0.01764706 -373
8 790.34033 674.6486 0.01764706 -389
9 765.2615 673.2624 0.01764706 -406
10 742.23175 672.36975 0.01764706 -422
11 714.1941 671.65015 0.01764706 -439
12 681.7007 668.55365 0.01764706 -455
13 655.4059 664.657 0.01764706 -472
14 630.71295 661.748 0.01764706 -488
15 603.7518 659.2343 0.01764706 -505
16 583.6559 655.97797 0.01764706 -521
17 558.81085 654.4789 0.01764706 -538
18 537.662 651.1768 0.01764706 -554
19 520.29126 649.3033 0.01764706 -571
20 507.9945 649.6616 0.01764706 -587
21 488.07513 649.49805 0.01764706 -604
22 473.47977 648.6621 0.01764706 -620
23 464.07663 648.6621 0.01764706 -637
24 457.25418 648.6621 0.01764706 -653
25 451.6894 648.6621 0.01764706 -670
26 447.5414 648.6621 0.01764706 -686
27 444.18573 648.6621 0.01764706 -703
28 434.4633 653.72675 0.01764706 -719
29 430.76923 656.49 0.01764706 -769
30 426.9564 662.9513 0.01764706 -785
31 425.18845 678.0273 0.01764706 -802
32 417.66647 706.8924 0.01764706 -818
33 416.61426 711.62933 0.01764706 -851
34 402.6272 704.633 0.023529414 -856
35 403.62628 744.6122 0.01764706 -882
36 403.62628 755.60645 0.01764706 -882
37 393.63553 752.608 0.021568628 -890
38 400.62906 812.5768 0.01764706 -916
39 402.6272 872.54553 0.01764706 -916
40 392.63644 870.5466 0.021568628 -942
41 395.63367 927.5169 0.01764706 -968
42 394.92975 1052.1346 0.01764706 -968
43 392.63644 1131.2579 0.01764706 -1017
44 387.62137 1214.604 0.01764706 -1050
45 385.6429 1254.5597 0.01764706 -1083
46 384.05084 1338.6506 0.01764706 -1099
47 379.8556 1376.4172 0.01764706 -1132
48 380.2924 1421.0806 0.01764706 -1149
49 376.91306 1500.9833 0.01764706 -1165
50 375.06055 1602.5675 0.01764706 -1198
51 371.95197 1630.4854 0.01764706 -1231
52 370.6568 1662.1343 0.01764706 -1248
53 368.65866 1675.1274 0.01764706 -1262
0 1010.06476 662.65485 0.01764706 -249
1 995.7735 660.6559 0.01764706 -249
2 951.1829 663.4957 0.01764706 -265
3 932.17346 662.65485 0.01764706 -298
4 907.8936 663.38776 0.01764706 -315
5 883.5449 665.28986 0.01764706 -331
6 860.2612 665.65326 0.01764706 -348
7 834.96826 665.69714 0.01764706 -364
8 780.2639 664.6538 0.01764706 -381
9 749.9165 662.65485 0.01764706 -414
10 695.4504 658.6569 0.01764706 -430
11 667.09564 657.9209 0.01764706 -463
12 645.2071 654.9138 0.01764706 -480
13 619.5727 653.39484 0.01764706 -496
14 597.09814 651.17456 0.01764706 -513
15 578.96606 650.6611 0.01764706 -529
16 553.3437 646.4215 0.01764706 -546
17 535.7482 645.6637 0.01764706 -562
18 518.89557 645.6637 0.01764706 -579
19 501.16394 641.8227 0.01764706 -595
20 488.05365 640.6663 0.01764706 -612
21 477.2624 640.6663 0.01764706 -628
22 469.47076 640.6663 0.01764706 -645
23 463.40964 640.6663 0.01764706 -661
24 458.93442 640.6663 0.01764706 -678
25 455.29065 640.6663 0.01764706 -694
26 453.56824 640.6663 0.01764706 -711
27 451.68802 640.6663 0.01764706 -727
28 449.0458 642.2039 0.01764706 -744
29 445.30322 645.94806 0.01764706 -760
30 443.09222 649.6566 0.01764706 -777
31 439.8575 653.39484 0.01764706 -793
32 436.0106 660.8272 0.01764706 -810
33 433.16577 684.80896 0.01764706 -826
34 430.5663 701.792 0.01764706 -843
35 430.506 724.2875 0.01764706 -859
36 428.8127 753.6709 0.01764706 -876
37 428.04184 819.00073 0.01764706 -892
38 429.60223 853.7036 0.01764706 -925
39 428.28827 886.8961 0.01764706 -942
40 427.94965 931.383 0.01764706 -958
41 427.60406 987.9403 0.01764706 -975
42 427.60406 1040.7946 0.01764706 -991
43 426.62204 1121.1263 0.01764706 -1008
44 427.47473 1206.2649 0.01764706 -1041
45 425.8284 1292.2051 0.01764706 -1074
46 425.60593 1340.6719 0.01764706 -1107
47 426.1036 1385.754 0.01764706 -1124
48 425.60593 1432.2542 0.01764706 -1140
49 426.24124 1475.2366 0.01764706 -1157
50 425.26233 1516.644 0.01764706 -1173
51 422.97375 1556.6122 0.01764706 -1190
52 420.05875 1623.2299 0.01764706 -1206
53 418.6124 1657.1368 0.01764706 -1239
54 417.6133 1672.129 0.01764706 -1259
0 1018.0574 670.6507 0.01764706 -251
1 1008.8042 670.79083 0.01764706 -251
2 970.1729 672.64966 0.01764706 -260
3 921.93335 673.6491 0.01764706 -293
4 892.44 673.6491 0.01764706 -326
5 866.29694 671.79004 0.01764706 -342
6 836.3745 671.65015 0.01764706 -359
7 808.953 669.94495 0.01764706 -376
8 780.05316 665.42346 0.01764706 -392
9 722.0415 660.9957 0.01764706 -409
10 666.7097 655.53906 0.01764706 -442
11 632.11096 652.6398 0.01764706 -475
12 585.5373 649.6616 0.01764706 -491
13 539.339 646.6632 0.01764706 -524
14 505.11298 642.35004 0.01764706 -557
15 473.68234 642.6653 0.01764706 -590
16 464.019 642.6653 0.01764706 -623
17 456.32657 642.6653 0.01764706 -640
18 450.3057 642.6653 0.01764706 -656
19 444.65442 642.6653 0.01764706 -673
20 441.32706 642.6653 0.01764706 -689
21 436.68335 644.6204 0.01764706 -706
22 432.99026 646.4677 0.01764706 -722
23 429.25888 648.3341 0.01764706 -739
24 425.54077 650.1939 0.01764706 -755
25 421.86484 653.4042 0.01764706 -772
26 417.97968 657.29095 0.01764706 -789
27 414.3176 676.58954 0.01764706 -805
28 410.58118 693.81274 0.01764706 -822
29 407.82944 716.3845 0.01764706 -838
30 406.06546 745.30084 0.01764706 -855
31 407.9307 778.9866 0.01764706 -871
32 408.16504 815.34894 0.01764706 -888
33 412.61795 855.9369 0.01764706 -904
34 419.64615 904.1096 0.01764706 -921
35 423.78595 964.9813 0.01764706 -937
36 421.60962 1009.7584 0.01764706 -954
37 424.8248 1055.2683 0.01764706 -970
38 427.45798 1139.8711 0.01764706 -987
39 425.75626 1178.1292 0.01764706 -1020
40 426.605 1246.5527 0.01764706 -1036
41 429.2305 1320.7076 0.01764706 -1069
42 430.6013 1360.1382 0.01764706 -1102
43 431.48843 1391.7107 0.01764706 -1119
44 431.60037 1429.3098 0.01764706 -1135
45 432.95868 1480.3752 0.01764706 -1152
46 431.60037 1514.4999 0.01764706 -1169
47 431.60037 1552.6195 0.01764706 -1185
48 432.59946 1616.2894 0.01764706 -1202
49 430.2749 1638.7399 0.01764706 -1235
50 431.60037 1649.141 0.01764706 -1251
51 430.6013 1665.1327 0.01764706 -1257
0 1012.0629 664.6538 0.01764706 -211
1 994.00256 660.80963 0.01764706 -211
2 978.0794 660.6559 0.01764706 -234
3 958.53925 660.9254 0.01764706 -251
4 941.80054 658.99084 0.01764706 -267
5 924.44977 658.6569 0.01764706 -284
6 902.9749 659.13776 0.01764706 -300
7 884.04016 657.1976 0.01764706 -316
8 859.6 658.05756 0.01764706 -333
9 834.1805 655.98376 0.01764706 -349
10 815.20825 654.4554 0.01764706 -366
11 786.88464 653.3187 0.01764706 -382
12 761.3555 652.66003 0.01764706 -399
13 710.2375 647.66266 0.01764706 -415
14 687.17487 646.9172 0.01764706 -448
15 662.73193 645.6637 0.01764706 -465
16 643.86554 645.6637 0.01764706 -481
17 622.372 642.2445 0.01764706 -498
18 584.3759 641.6658 0.01764706 -514
19 565.2796 639.4674 0.01764706 -547
20 534.02295 638.66736 0.01764706 -564
21 515.3352 638.66736 0.01764706 -597
22 509.70514 638.66736 0.01764706 -630
23 506.0008 638.66736 0.01764706 -646
24 502.2534 638.66736 0.01764706 -663
25 500.54803 638.66736 0.01764706 -679
26 496.28824 641.9179 0.01764706 -696
27 487.57303 649.6371 0.01764706 -729
28 484.0114 656.7388 0.01764706 -762
29 482.5532 660.6559 0.01764706 -778
30 466.568 650.6611 0.021568628 -785
31 469.56522 679.646 0.01764706 -811
32 471.56335 732.6092 0.01764706 -811
33 470.5643 758.71564 0.01764706 -844
34 470.5643 762.6028 0.01764706 -861
35 459.57446 758.60486 0.021568628 -863
36 464.56985 804.58093 0.01764706 -889
37 469.2564 877.17944 0.01764706 -889
38 472.03766 912.035 0.01764706 -927
39 469.53726 993.0421 0.01764706 -943
40 469.56522 1035.2286 0.01764706 -976
41 468.56613 1070.3848 0.01764706 -993
42 468.32956 1151.7172 0.01764706 -1009
43 466.568 1188.9291 0.01764706 -1042
44 466.87387 1231.2354 0.01764706 -1059
45 469.08713 1306.706 0.01764706 -1075
46 470.83813 1384.1976 0.01764706 -1108
47 471.68445 1419.8517 0.01764706 -1141
48 471.35776 1451.3918 0.01764706 -1158
49 470.82312 1483.4138 0.01764706 -1174
50 469.56522 1510.6603 0.01764706 -1191
51 466.31824 1561.6863 0.01764706 -1207
52 468.33582 1618.3843 0.01764706 -1240
53 467.56708 1640.9982 0.01764706 -1273
54 469.56522 1652.1395 0.01764706 -1290
55 469.56522 1664.1332 0.01764706 -1296
0 1014.06104 617.6783 0.01764706 -275
1 1003.0294 617.6783 0.01764706 -275
2 968.1673 620.6696 0.015686275 -284
3 942.1028 620.6767 0.01764706 -317
4 900.2318 624.33057 0.015686275 -334
5 873.6633 624.6746 0.01764706 -367
6 850.81714 627.1188 0.015686275 -383
7 802.2632 628.67255 0.01764706 -400
8 752.3262 630.00824 0.01764706 -433
9 728.9377 629.67206 0.015686275 -466
10 699.42255 628.46954 0.01764706 -482
11 674.48987 628.67255 0.015686275 -499
12 651.4687 626.9497 0.015686275 -515
13 631.0103 624.93396 0.01764706 -532
14 614.5144 624.6746 0.01764706 -548
15 601.1395 624.6746 0.015686275 -565
16 582.34973 623.30164 0.01764706 -581
17 570.14764 622.67566 0.01764706 -598
18 559.7686 622.67566 0.01764706 -614
19 550.577 624.6573 0.01764706 -631
20 543.27014 626.4804 0.01764706 -647
21 536.5547 628.9714 0.01764706 -664
22 530.96216 631.7018 0.01764706 -680
23 524.0984 638.08405 0.01764706 -697
24 510.18228 655.0904 0.01764706 -713
25 498.96048 696.73596 0.01764706 -746
26 495.54117 717.5566 0.01764706 -779
27 493.4279 741.4205 0.01764706 -796
28 488.65695 764.9452 0.01764706 -812
29 486.90585 794.0547 0.01764706 -829
30 484.6984 852.3527 0.01764706 -845
31 483.67157 935.6024 0.01764706 -878
32 483.825 1006.1082 0.01764706 -911
33 484.55133 1045.8408 0.01764706 -944
34 484.1497 1083.1893 0.01764706 -961
35 483.0483 1121.9908 0.01764706 -977
36 483.55228 1164.748 0.01764706 -994
37 482.96768 1205.3287 0.01764706 -1010
38 482.19843 1247.8071 0.01764706 -1027
39 484.2713 1298.611 0.01764706 -1043
40 486.18008 1338.5507 0.01764706 -1060
41 485.73627 1393.2268 0.01764706 -1076
42 482.41864 1432.4086 0.01764706 -1093
43 482.6208 1468.6558 0.01764706 -1109
44 479.52496 1502.7136 0.01764706 -1126
45 480.56058 1543.0912 0.01764706 -1142
46 478.5569 1569.8108 0.01764706 -1159
47 477.59863 1605.7756 0.01764706 -1175
48 476.55875 1630.1509 0.01764706 -1192
49 478.5569 1646.1426 0.01764706 -1208
0 1012.0629 632.6705 0.015686275 -268
1 981.826 629.74554 0.01764706 -268
2 939.0466 631.89514 0.015686275 -292
3 893.2437 634.29956 0.015686275 -325
4 867.4612 634.66943 0.01764706 -358
5 789.48303 636.6684 0.015686275 -375
6 730.39154 637.66785 0.01764706 -424
7 706.3368 639.6676 0.01764706 -457
8 681.22266 636.8109 0.01764706 -474
9 658.5356 636.6684 0.015686275 -491
10 636.23834 634.1086 0.01764706 -507
11 617.08264 632.2361 0.01764706 -524
12 600.3593 630.3289 0.015686275 -540
13 561.54443 627.68024 0.01764706 -557
14 537.2789 627.6731 0.015686275 -590
15 523.3558 626.15393 0.01764706 -623
16 511.33804 624.31006 0.01764706 -639
17 502.25974 623.6752 0.01764706 -656
18 495.43 623.6752 0.01764706 -672
19 489.97653 623.6752 0.01764706 -689
20 482.604 623.6752 0.01764706 -705
21 478.3962 623.6752 0.01764706 -738
22 474.51706 631.7581 0.01764706 -771
23 471.83017 639.13293 0.01764706 -788
24 468.08588 647.6241 0.01764706 -804
25 465.3759 661.02515 0.01764706 -821
26 461.63086 681.8243 0.01764706 -837
27 455.11157 735.05396 0.01764706 -854
28 451.58188 827.85944 0.01764706 -887
29 450.6033 870.198 0.01764706 -920
30 451.58188 914.14276 0.01764706 -937
31 450.5828 950.4583 0.01764706 -953
32 447.20438 991.2269 0.01764706 -970
33 441.59113 1070.4426 0.01764706 -986
34 437.90375 1158.1273 0.01764706 -1019
35 435.09677 1273.5807 0.01764706 -1052
36 437.19574 1331.015 0.01764706 -1085
37 433.08337 1375.6973 0.01764706 -1102
38 434.5976 1425.2905 0.01764706 -1118
39 434.3059 1478.1715 0.01764706 -1135
40 433.72293 1520.197 0.01764706 -1151
41 429.40616 1559.8556 0.01764706 -1168
42 428.4373 1602.9913 0.01764706 -1184
43 424.60684 1629.1515 0.01764706 -1201
44 425.60593 1647.1421 0.01764706 -1217
0 1011.06384 676.6476 0.01764706 -236
1 991.9704 676.6476 0.01764706 -236
2 911.23694 676.6476 0.01764706 -255
3 885.5118 675.2123 0.01764706 -316
4 860.9707 675.6481 0.01764706 -333
5 835.7379 675.6481 0.01764706 -349
6 775.9161 673.62476 0.01764706 -366
7 725.5327 671.89655 0.01764706 -399
8 683.55334 670.12244 0.01764706 -432
9 662.3498 668.65173 0.01764706 -465
10 641.71924 668.65173 0.01764706 -481
11 629.01434 665.47797 0.01764706 -498
12 611.6872 664.6538 0.01764706 -514
13 591.76965 662.7342 0.01764706 -531
14 579.55255 660.83734 0.01764706 -547
15 568.41705 659.65643 0.01764706 -564
16 547.47815 659.65643 0.01764706 -580
17 530.85803 660.6559 0.01764706 -613
18 523.5281 662.6517 0.01764706 -646
19 518.8188 664.50433 0.01764706 -663
20 515.13947 665.3452 0.01764706 -679
21 507.69598 668.069 0.01764706 -696
22 502.4311 681.1637 0.01764706 -729
23 496.45053 698.9054 0.01764706 -762
24 494.54208 721.1703 0.01764706 -778
25 490.00458 748.86017 0.01764706 -795
26 486.89035 770.5048 0.01764706 -811
27 484.02332 805.45105 0.01764706 -828
28 484.55133 869.6595 0.01764706 -844
29 484.37955 949.45984 0.01764706 -878
30 484.50812 1035.2933 0.01764706 -911
31 484.55133 1070.0405 0.01764706 -944
32 485.72025 1108.8529 0.01764706 -960
33 487.09158 1146.3712 0.01764706 -977
34 485.86328 1186.4323 0.01764706 -993
35 485.5504 1276.6176 0.01764706 -1010
36 486.062 1367.9978 0.01764706 -1043
37 487.6517 1407.5797 0.01764706 -1076
38 486.34164 1445.5626 0.01764706 -1092
39 484.8719 1487.6958 0.01764706 -1109
40 483.24112 1515.1937 0.01764706 -1125
41 481.22607 1555.7861 0.01764706 -1142
42 480.2907 1602.6327 0.01764706 -1158
43 480.55505 1624.978 0.01764706 -1175
44 479.55597 1659.1359 0.01764706 -1191
45 479.55597 1673.1285 0.01764706 -1206
0 1018.0574 668.65173 0.01764706 -207
1 1008.3212 667.6522 0.01764706 -207
2 996.5251 667.6522 0.01764706 -224
3 966.481 667.6522 0.01764706 -241
4 928.4531 669.5319 0.01764706 -274
5 907.07275 668.65173 0.01764706 -307
6 857.68555 670.9405 0.01764706 -323
7 831.9734 670.6507 0.01764706 -356
8 804.9732 671.09033 0.01764706 -373
9 749.964 670.3169 0.01764706 -389
10 701.1044 667.4031 0.01764706 -422
11 637.67535 663.74475 0.01764706 -455
12 608.67145 663.65436 0.01764706 -488
13 587.99066 659.1637 0.01764706 -505
14 568.57465 657.6575 0.01764706 -521
15 545.41846 657.64215 0.01764706 -538
16 510.92783 654.659 0.01764706 -554
17 468.6445 653.65955 0.01764706 -587
18 456.24573 653.65955 0.01764706 -620
19 443.5287 654.4167 0.01764706 -637
20 428.96933 656.32007 0.01764706 -653
21 417.37146 658.1975 0.01764706 -670
22 400.54382 659.65643 0.01764706 -686
23 392.40125 659.65643 0.01764706 -719
24 387.76776 662.52814 0.01764706 -752
25 385.846 663.4512 0.01764706 -785
26 382.2586 666.0405 0.01764706 -802
27 380.64755 682.98535 0.01764706 -818
28 378.26373 699.7238 0.01764706 -851
29 376.65125 740.14233 0.01764706 -868
30 375.65216 807.03 0.01764706 -901
31 377.53653 839.4807 0.01764706 -934
32 377.65033 874.6336 0.01764706 -950
33 379.64847 914.87103 0.01764706 -967
34 380.34833 950.91547 0.01764706 -983
35 380.64755 990.42975 0.01764706 -1000
36 379.64847 1028.3413 0.01764706 -1016
37 380.18668 1069.372 0.01764706 -1033
38 380.64755 1111.024 0.01764706 -1049
39 378.25735 1194.4415 0.01764706 -1066
40 380.64755 1242.4266 0.01764706 -1099
41 381.95633 1289.0077 0.01764706 -1115
42 381.64664 1326.9486 0.01764706 -1132
43 386.38785 1406.7117 0.01764706 -1148
44 386.642 1445.4509 0.01764706 -1165
45 387.81607 1493.1996 0.01764706 -1181
46 390.6383 1541.9004 0.01764706 -1198
47 390.6383 1572.6554 0.01764706 -1214
48 390.50204 1611.4794 0.01764706 -1231
49 389.4823 1637.3461 0.01764706 -1248
50 389.63922 1655.138 0.01764706 -1264
51 388.64014 1671.1296 0.01764706 -1271
0 1013.062 613.68036 0.01764706 -202
1 997.12836 614.81525 0.01764706 -202
2 964.6756 619.7104 0.015686275 -219
3 922.3821 622.5521 0.01764706 -252
4 876.6227 627.387 0.01764706 -285
5 828.0327 634.7967 0.01764706 -318
6 801.1064 636.1781 0.01764706 -351
7 775.90485 638.06555 0.01764706 -368
8 725.94 639.6668 0.01764706 -384
9 669.1071 639.68634 0.01764706 -417
10 631.24915 640.18176 0.01764706 -450
11 611.9485 638.66736 0.01764706 -483
12 595.7622 638.66736 0.01764706 -500
13 575.121 638.66736 0.01764706 -516
14 557.66364 638.7033 0.01764706 -549
15 549.9858 638.66736 0.01764706 -582
16 543.2353 638.66736 0.01764706 -599
17 538.267 640.2838 0.01764706 -615
18 534.5407 642.62964 0.01764706 -632
19 530.8218 646.35004 0.01764706 -648
20 526.9593 650.2142 0.01764706 -665
21 519.5969 670.3777 0.01764706 -681
22 510.08603 704.1208 0.01764706 -714
23 504.0296 754.14777 0.01764706 -747
24 500.59686 777.23285 0.01764706 -780
25 500.2165 807.70465 0.01764706 -797
26 497.01938 833.20886 0.01764706 -813
27 495.39105 882.5452 0.01764706 -830
28 495.4934 960.49585 0.01764706 -846
29 494.69168 1042.0131 0.01764706 -879
30 494.85226 1120.5177 0.01764706 -912
31 495.54117 1163.006 0.01764706 -945
32 494.54208 1208.8552 0.01764706 -962
33 494.03586 1250.4827 0.01764706 -978
34 493.05283 1296.1376 0.01764706 -995
35 494.09433 1341.0577 0.01764706 -1011
36 491.25037 1423.5643 0.01764706 -1028
37 490.74652 1520.8372 0.01764706 -1061
38 486.26035 1564.3947 0.01764706 -1094
39 484.9969 1609.2562 0.01764706 -1110
40 483.2784 1638.8065 0.01764706 -1127
41 482.5532 1658.1364 0.01764706 -1143
42 481.5541 1674.128 0.01764706 -1150
0 1018.0574 616.6788 0.01764706 -201
1 1003.4062 616.6788 0.01764706 -201
2 993.4767 616.6788 0.01764706 -224
3 982.76135 617.3442 0.01764706 -241
4 970.80133 619.2917 0.01764706 -257
5 953.9003 620.6767 0.015686275 -274
6 935.6997 621.1691 0.01764706 -290
7 918.0917 623.12634 0.01764706 -307
8 899.33563 626.44006 0.015686275 -323
9 875.72565 625.67413 0.01764706 -340
10 854.6574 625.67413 0.015686275 -356
11 828.00854 626.6736 0.01764706 -373
12 797.3708 626.6736 0.015686275 -389
13 746.063 625.67413 0.01764706 -406
14 723.98956 625.67413 0.015686275 -439
15 698.4036 623.8328 0.01764706 -455
16 677.338 623.6752 0.01764706 -472
17 656.2447 624.0216 0.015686275 -488
18 634.6772 622.67566 0.01764706 -505
19 617.4237 622.67566 0.01764706 -521
20 600.015 623.6752 0.015686275 -538
21 564.3064 621.6762 0.01764706 -554
22 535.6754 622.6471 0.015686275 -587
23 520.2151 622.67566 0.01764706 -620
24 509.5781 622.67566 0.01764706 -637
25 500.76178 622.67566 0.01764706 -653
26 494.8635 622.67566 0.01764706 -670
27 489.0496 622.67566 0.01764706 -686
28 482.2784 622.67566 0.01764706 -703
29 477.40463 627.9796 0.01764706 -736
30 473.58337 635.6252 0.01764706 -769
31 468.94357 642.1618 0.01764706 -785
32 465.06122 650.43164 0.01764706 -802
33 460.54068 666.75134 0.01764706 -818
34 454.81467 687.5226 0.01764706 -835
35 451.12717 707.9135 0.01764706 -851
36 443.37173 764.43243 0.01764706 -868
37 439.48447 850.8374 0.01764706 -901
38 438.5939 935.64325 0.01764706 -934
39 438.64197 980.43097 0.01764706 -967
40 439.47748 1020.69434 0.01764706 -983
41 436.89746 1101.0846 0.01764706 -1000
42 435.42322 1181.5339 0.01764706 -1033
43 435.59668 1264.912 0.01764706 -1066
44 435.1528 1305.3174 0.01764706 -1099
45 434.5976 1353.0549 0.01764706 -1115
46 433.24695 1381.2626 0.01764706 -1132
47 435.59668 1423.006 0.01764706 -1148
48 436.94498 1461.9292 0.01764706 -1165
49 434.3725 1504.6238 0.01764706 -1181
50 435.84946 1581.5798 0.01764706 -1198
51 433.39017 1615.0784 0.01764706 -1231
52 431.39102 1640.8695 0.01764706 -1247
53 430.6013 1658.1364 0.01764706 -1264
54 429.60223 1672.129 0.01764706 -1271
0 1012.0629 722.6236 0.01764706 -266
1 1002.0493 723.6199 0.01764706 -266
2 956.2862 724.61115 0.01764706 -275
3 934.2979 722.6236 0.01764706 -308
4 903.15356 723.4473 0.01764706 -324
5 877.09814 721.62415 0.01764706 -341
6 846.17346 721.2852 0.01764706 -357
7 788.58716 719.7341 0.01764706 -374
8 762.52454 718.0381 0.01764706 -407
9 732.3097 719.91986 0.01764706 -423
10 708.69934 716.40643 0.01764706 -440
11 670.6485 716.4232 0.01764706 -456
12 646.60315 715.62726 0.01764706 -473
13 620.36755 717.4968 0.01764706 -489
14 598.45013 715.9002 0.01764706 -506
15 536.42084 713.3202 0.01764706 -522
16 500.23856 715.66986 0.01764706 -572
17 483.09756 714.6278 0.01764706 -605
18 470.75986 714.6278 0.01764706 -621
19 461.88684 714.6278 0.01764706 -638
20 454.94678 714.6278 0.01764706 -654
21 448.9574 716.4403 0.01764706 -671
22 444.11838 717.6262 0.01764706 -687
23 437.1216 720.7824 0.01764706 -704
24 433.54355 722.65106 0.01764706 -720
25 429.77167 726.452 0.01764706 -737
26 425.20233 733.62445 0.01764706 -753
27 420.50882 748.51434 0.01764706 -770
28 413.78558 763.8751 0.01764706 -786
29 408.07254 787.8542 0.01764706 -803
30 402.78778 814.19183 0.01764706 -819
31 398.7936 844.67584 0.01764706 -836
32 395.13055 876.57196 0.01764706 -852
33 392.14 920.986 0.01764706 -869
34 392.63644 980.82007 0.01764706 -885
35 391.6374 1020.4079 0.01764706 -902
36 389.64017 1060.4308 0.01764706 -918
37 388.68167 1103.5109 0.01764706 -935
38 388.5379 1142.1539 0.01764706 -951
39 387.7975 1182.7224 0.01764706 -968
40 388.64014 1225.4056 0.01764706 -985
41 389.63922 1305.3763 0.01764706 -1001
42 392.08444 1346.4972 0.01764706 -1034
43 395.63367 1429.1833 0.01764706 -1051
44 398.6309 1474.0269 0.01764706 -1084
45 399.71225 1505.4159 0.01764706 -1100
46 404.54407 1577.824 0.01764706 -1117
47 404.10397 1613.4218 0.01764706 -1150
48 403.62628 1636.4349 0.01764706 -1166
49 404.62534 1658.1364 0.01764706 -1183
50 403.62628 1673.1285 0.01764706 -1195
0 1013.062 704.633 0.015686275 -225
1 1003.0913 704.633 0.01764706 -225
2 960.731 702.63403 0.015686275 -235
3 913.5659 701.5211 0.015686275 -268
4 891.2839 702.71497 0.01764706 -301
5 867.83185 701.58246 0.015686275 -317
6 840.6103 702.6041 0.015686275 -334
7 814.7371 701.8333 0.01764706 -350
8 788.1804 701.4406 0.015686275 -367
9 740.9137 702.63403 0.01764706 -383
10 698.5232 706.01526 0.01764706 -416
11 676.21344 705.2859 0.015686275 -449
12 653.1706 705.63245 0.01764706 -466
13 627.8783 704.3156 0.01764706 -482
14 603.1137 704.633 0.01764706 -499
15 570.9294 707.4493 0.01764706 -515
16 537.29114 706.63196 0.01764706 -548
17 513.9821 706.63196 0.01764706 -581
18 504.2477 706.63196 0.01764706 -614
19 490.61023 707.6314 0.01764706 -631
20 479.73703 707.6314 0.01764706 -647
21 471.25287 707.6314 0.01764706 -664
22 465.46033 707.6314 0.01764706 -680
23 461.41016 707.6314 0.01764706 -697
24 457.7161 707.6314 0.01764706 -713
25 453.02402 710.908 0.01764706 -730
26 445.57907 716.6351 0.01764706 -746
27 441.7109 722.44385 0.01764706 -779
28 439.59296 733.1812 0.01764706 -796
29 437.16843 748.03094 0.01764706 -812
30 435.00287 763.3571 0.01764706 -829
31 432.59946 782.1447 0.01764706 -845
32 430.3233 830.90607 0.01764706 -862
33 434.5976 918.2472 0.01764706 -895
34 436.82895 959.1849 0.01764706 -928
35 436.59573 996.32007 0.01764706 -944
36 438.5939 1039.8033 0.01764706 -961
37 440.3575 1076.8569 0.01764706 -977
38 440.59204 1115.529 0.01764706 -994
39 439.59296 1153.7377 0.01764706 -1010
40 439.9738 1221.7401 0.01764706 -1027
41 440.16504 1257.37 0.01764706 -1060
42 440.59204 1295.6046 0.01764706 -1076
43 440.04596 1331.6418 0.01764706 -1093
44 440.59204 1369.0386 0.01764706 -1109
45 441.59113 1410.1301 0.01764706 -1126
46 441.59113 1439.0903 0.01764706 -1142
47 444.58835 1506.3147 0.01764706 -1159
48 445.58743 1545.2181 0.01764706 -1192
49 444.30075 1611.7814 0.01764706 -1208
50 445.89078 1643.9124 0.01764706 -1241
51 445.58743 1657.1368 0.01764706 -1258
52 444.58835 1670.1301 0.01764706 -1264
0 1018.0574 708.6309 0.015686275 -285
1 992.0007 708.6309 0.01764706 -285
2 946.8523 706.63196 0.01764706 -309
3 925.78516 705.19305 0.015686275 -342
4 901.02136 704.633 0.015686275 -358
5 881.53577 704.633 0.01764706 -375
6 834.132 702.63403 0.01764706 -391
7 789.1354 699.35077 0.015686275 -424
8 759.24805 698.4668 0.01764706 -457
9 735.64514 696.58105 0.015686275 -474
10 714.9786 697.57263 0.015686275 -490
11 695.54474 697.819 0.01764706 -507
12 658.153 695.6377 0.015686275 -523
13 619.38245 691.3355 0.01764706 -556
14 583.3049 689.4309 0.01764706 -589
15 563.1407 687.6081 0.01764706 -622
16 547.1845 686.64233 0.015686275 -639
17 528.5654 683.8493 0.01764706 -655
18 513.6284 682.6444 0.01764706 -672
19 502.60046 682.0579 0.01764706 -688
20 487.65787 681.64496 0.01764706 -705
21 475.37885 681.64496 0.01764706 -738
22 471.60046 681.64496 0.01764706 -771
23 466.1908 681.64496 0.01764706 -787
24 463.8198 681.64496 0.01764706 -804
25 460.367 683.2475 0.01764706 -820
26 458.08063 685.13837 0.01764706 -837
27 456.20856 687.01117 0.01764706 -853
28 452.15802 691.06335 0.01764706 -870
29 447.13663 698.3852 0.01764706 -886
30 441.48636 709.83997 0.01764706 -903
31 440.65918 730.9474 0.01764706 -919
32 436.98627 755.2613 0.01764706 -936
33 434.5976 781.62866 0.01764706 -952
34 432.9744 815.5705 0.01764706 -969
35 435.1041 852.7092 0.01764706 -985
36 439.00815 898.8979 0.01764706 -1002
37 441.51334 940.19476 0.01764706 -1018
38 451.92737 1053.1946 0.01764706 -1035
39 454.5791 1112.4893 0.01764706 -1068
40 458.63443 1158.9325 0.01764706 -1084
41 459.58438 1202.6215 0.01764706 -1101
42 462.46573 1248.1301 0.01764706 -1118
43 464.56985 1295.3297 0.01764706 -1134
44 467.25314 1340.3739 0.01764706 -1151
45 470.59137 1385.4681 0.01764706 -1167
46 470.89752 1476.2268 0.01764706 -1184
47 470.5643 1556.4615 0.01764706 -1217
48 471.36584 1597.7438 0.01764706 -1250
49 469.56522 1628.0923 0.01764706 -1266
50 469.56522 1635.1483 0.01764706 -1283
51 469.56522 1656.1373 0.01764706 -1286
0 1018.0574 682.6444 0.015686275 -241
1 1007.2225 681.64496 0.01764706 -241
2 974.90735 683.77606 0.015686275 -252
3 930.25226 683.6439 0.01764706 -285
4 906.484 684.783 0.015686275 -318
5 878.93933 683.6439 0.01764706 -334
6 850.10443 681.5065 0.01764706 -351
7 823.0293 679.62994 0.01764706 -367
8 773.512 676.8189 0.01764706 -384
9 722.3903 673.6491 0.01764706 -417
10 669.32184 670.6507 0.01764706 -450
11 645.11536 666.6914 0.01764706 -483
12 618.3168 665.65326 0.01764706 -499
13 593.4743 661.6613 0.01764706 -516
14 573.8795 659.39764 0.01764706 -532
15 544.4039 655.3368 0.01764706 -549
16 525.902 653.5917 0.01764706 -565
17 512.70123 653.65955 0.01764706 -582
18 487.1843 656.38556 0.01764706 -598
19 476.15985 657.6575 0.01764706 -631
20 468.13214 658.26575 0.01764706 -648
21 462.0567 658.6569 0.01764706 -664
22 456.3888 658.6569 0.01764706 -681
23 453.0274 658.6569 0.01764706 -697
24 449.16452 659.86615 0.01764706 -714
25 445.35202 660.7736 0.01764706 -730
26 441.5608 662.67004 0.01764706 -747
27 435.04144 678.31384 0.01764706 -763
28 430.4494 693.09515 0.01764706 -796
29 424.60684 711.62933 0.01764706 -813
30 409.62073 704.633 0.021568628 -832
31 410.6198 744.6122 0.01764706 -858
32 411.61887 824.6484 0.01764706 -858
33 411.61887 824.6484 0.021568628 -895
34 407.62256 899.5315 0.01764706 -918
35 411.4594 986.79553 0.01764706 -918
36 414.7657 1032.4835 0.01764706 -945
37 417.82108 1080.8927 0.01764706 -961
38 416.61426 1127.1804 0.01764706 -978
39 418.6124 1222.6777 0.01764706 -994
40 421.25055 1269.3439 0.01764706 -1027
41 420.61053 1360.2175 0.01764706 -1044
42 423.6078 1408.6115 0.01764706 -1077
43 425.923 1447.7848 0.01764706 -1093
44 425.85333 1488.2626 0.01764706 -1110
45 425.60593 1527.8344 0.01764706 -1126
46 424.60684 1561.4309 0.01764706 -1143
47 426.605 1598.1152 0.01764706 -1159
48 425.3706 1646.8447 0.01764706 -1176
49 424.60684 1676.127 0.01764706 -1209
50 423.6078 1684.1228 0.01764706 -1227
