0 841.22107 926.5174 0.019607844 -147
1 821.6526 925.2307 0.019607844 -147
2 781.6597 921.7938 0.019607844 -177
3 754.80115 920.0209 0.019607844 -210
4 731.0042 919.3428 0.019607844 -226
5 707.3388 917.593 0.019607844 -243
6 675.8187 915.8859 0.019607844 -260
7 651.86487 914.2002 0.021568628 -276
8 628.6688 912.4671 0.019607844 -293
9 609.8001 910.7406 0.019607844 -309
10 594.26263 907.4805 0.019607844 -326
11 581.49915 905.2481 0.019607844 -342
12 563.9438 903.5294 0.019607844 -359
13 548.9686 906.78925 0.019607844 -392
14 537.5023 930.5153 0.019607844 -425
15 528.5106 988.48517 0.019607844 -442
16 500.53653 1361.291 0.019607844 -520
17 495.01215 1399.9774 0.019607844 -520
18 495.01215 1399.9774 0.01764706 -541
0 931.1378 862.5507 0.021568628 -7
1 918.2854 864.7225 0.023529414 -7
2 908.6207 868.3937 0.021568628 -39
3 894.27026 872.42786 0.021568628 -55
4 871.0631 879.008 0.019607844 -72
5 845.36945 881.6727 0.019607844 -89
6 798.4225 879.04663 0.019607844 -105
7 747.5916 873.03064 0.019607844 -122
8 703.3843 864.5568 0.019607844 -138
9 670.5064 859.41455 0.021568628 -155
10 636.0532 853.9386 0.021568628 -171
11 602.6889 852.0686 0.021568628 -188
12 584.143 851.55646 0.021568628 -204
13 567.4302 852.3388 0.021568628 -221
14 542.7149 859.9434 0.021568628 -237
15 532.1652 869.77936 0.019607844 -270
16 514.6691 923.93616 0.019607844 -287
17 505.71454 997.9108 0.019607844 -303
18 503.36276 1089.5033 0.019607844 -320
19 504.50836 1192.9581 0.019607844 -336
20 505.7495 1312.041 0.019607844 -353
21 505.53192 1361.6685 0.019607844 -369
22 504.10098 1391.759 0.019607844 -386
23 504.53284 1400.2706 0.019607844 -402
24 505.53192 1403.269 0.01764706 -417
0 958.11285 648.6621 0.019607844 0
1 957.051 648.6621 0.019607844 -10
2 950.53015 648.6621 0.019607844 -33
3 935.21985 652.8428 0.019607844 -50
4 906.2437 655.59485 0.019607844 -66
5 849.1574 659.4003 0.019607844 -83
6 749.58716 657.41766 0.019607844 -99
7 650.8471 647.3358 0.019607844 -132
8 591.47406 646.6632 0.019607844 -165
9 572.2842 647.66266 0.019607844 -198
10 557.4269 647.66266 0.021568628 -215
11 550.77234 647.66266 0.021568628 -231
12 546.13727 652.7314 0.01764706 -248
13 557.4512 794.35205 0.019607844 -281
14 575.78534 959.4703 0.01764706 -314
15 581.93396 1122.4906 0.01764706 -331
16 582.4607 1140.406 0.019607844 -364
17 581.4616 1161.395 0.019607844 -368
0 1000.07404 547.7147 0.019607844 0
1 986.242 546.7152 0.019607844 0
2 967.81635 547.9053 0.019607844 -37
3 934.1409 554.51 0.019607844 -53
4 877.7696 562.4356 0.019607844 -70
5 838.33044 570.724 0.019607844 -86
6 749.65186 574.7007 0.019607844 -103
7 670.2919 575.70013 0.019607844 -136
8 649.7034 577.5805 0.019607844 -169
9 626.53876 577.6991 0.019607844 -185
10 612.25085 577.6991 0.021568628 -202
11 604.2804 577.6991 0.021568628 -218
12 599.1709 577.6991 0.021568628 -235
13 598.38586 577.7591 0.019607844 -251
14 592.4514 610.68195 0.01764706 -268
15 597.30927 684.7336 0.01764706 -300
16 606.3227 785.4931 0.019607844 -317
17 615.55505 896.0329 0.019607844 -334
18 618.42737 1023.033 0.019607844 -350
19 617.19275 1069.2723 0.019607844 -367
20 614.4311 1120.0253 0.019607844 -384
21 614.4311 1128.016 0.019607844 -417
22 614.4311 1128.016 0.019607844 -433
0 1013.062 578.6986 0.01764706 0
1 995.53235 581.697 0.019607844 0
2 990.19775 581.697 0.019607844 -34
3 948.6123 584.51666 0.019607844 -50
4 847.7151 587.6939 0.019607844 -83
5 800.8018 586.5353 0.019607844 -116
6 755.1766 586.80084 0.019607844 -133
7 712.60205 589.23 0.019607844 -150
8 683.7985 588.54236 0.021568628 -166
9 666.857 588.69336 0.021568628 -183
10 655.0883 588.69336 0.021568628 -199
11 649.10065 588.69336 0.021568628 -216
12 642.9481 588.69336 0.019607844 -232
13 634.47943 600.5311 0.019607844 -265
14 625.4585 659.577 0.019607844 -298
15 622.3665 738.4026 0.019607844 -315
16 623.4227 912.81616 0.019607844 -331
17 620.62134 1002.6957 0.019607844 -364
18 617.3082 1053.5858 0.019607844 -381
19 616.42926 1083.8577 0.019607844 -397
20 616.42926 1097.4283 0.019607844 -414
21 616.42926 1102.4258 0.019607844 -427
0 938.13135 822.57153 0.019607844 0
1 931.34235 823.0372 0.019607844 0
2 918.71075 825.92944 0.019607844 -31
3 894.9287 829.467 0.019607844 -47
4 843.017 836.6541 0.019607844 -64
5 794.2879 838.9908 0.019607844 -80
6 697.41296 846.01733 0.021568628 -97
7 636.9103 849.5575 0.021568628 -130
8 611.7943 851.65283 0.021568628 -146
9 591.0602 853.33826 0.021568628 -163
10 572.5138 855.0052 0.021568628 -179
11 564.0919 854.5549 0.021568628 -196
12 558.1094 854.5549 0.021568628 -212
13 554.59174 854.5549 0.021568628 -229
14 549.63794 854.5549 0.021568628 -246
15 539.58887 902.0253 0.019607844 -279
16 535.9202 977.32825 0.019607844 -312
17 536.50323 1074.6307 0.019607844 -328
18 529.0382 1286.8801 0.019607844 -345
19 519.60406 1365.1501 0.019607844 -378
20 519.519 1376.2832 0.019607844 -411
21 519.519 1381.2805 0.019607844 -424
0 963.1082 792.58716 0.019607844 0
1 944.2706 796.4547 0.019607844 0
2 880.3555 810.14386 0.019607844 -34
3 779.6258 819.5731 0.019607844 -67
4 730.62506 816.739 0.019607844 -100
5 689.11237 811.17126 0.019607844 -117
6 648.4622 806.8488 0.019607844 -133
7 607.8991 805.5804 0.021568628 -150
8 581.3004 804.3835 0.021568628 -166
9 552.7878 805.5804 0.019607844 -183
10 546.8804 805.5804 0.019607844 -216
11 543.60736 805.5804 0.019607844 -232
12 532.4126 821.4262 0.019607844 -249
13 523.36426 948.6092 0.019607844 -282
14 521.58264 1100.7844 0.019607844 -315
15 518.9558 1193.125 0.019607844 -332
16 513.737 1265.1934 0.019607844 -348
17 509.70694 1317.3988 0.019607844 -365
18 506.14233 1349.6039 0.019607844 -381
19 503.44586 1370.1659 0.019607844 -398
20 503.53375 1375.2837 0.019607844 -414
21 503.53375 1379.2816 0.01764706 -422
0 691.35986 1139.4065 0.021568628 -28
1 678.0513 1145.3239 0.019607844 -28
2 661.48553 1152.1606 0.019607844 -42
3 631.93005 1159.5172 0.019607844 -59
4 584.41174 1165.7985 0.019607844 -75
5 536.26746 1166.3925 0.019607844 -92
6 485.2077 1165.9725 0.019607844 -108
7 435.01743 1165.393 0.019607844 -125
8 386.99753 1165.393 0.019607844 -141
9 327.44394 1167.772 0.019607844 -158
10 288.9651 1171.187 0.019607844 -174
11 262.1358 1172.4974 0.019607844 -191
12 242.82237 1175.2018 0.021568628 -207
13 230.54288 1175.3878 0.019607844 -224
14 221.38376 1175.3878 0.019607844 -240
15 214.80112 1175.3878 0.019607844 -257
16 211.8039 1175.3878 0.019607844 -273
17 385.6429 624.6746 0.01764706 -343
18 387.64108 634.66943 0.01764706 -343
19 413.88947 839.97034 0.019607844 -356
20 406.17828 1009.1482 0.019607844 -389
21 399.04373 1042.804 0.019607844 -422
22 397.63184 1047.4545 0.019607844 -455
23 396.63275 1049.4534 0.019607844 -467
0 797.2618 365.80948 0.019607844 -6
1 795.5587 365.80948 0.019607844 -6
2 785.14825 365.80948 0.019607844 -23
3 771.71857 365.80948 0.019607844 -40
4 744.99603 367.89597 0.019607844 -56
5 705.35455 373.1377 0.019607844 -73
6 661.33563 378.76602 0.019607844 -89
7 618.6248 382.2271 0.019607844 -106
8 533.9467 382.80063 0.019607844 -122
9 477.3164 380.0724 0.019607844 -155
10 439.11932 378.37228 0.019607844 -172
11 413.8043 378.8027 0.019607844 -188
12 394.23947 378.8027 0.019607844 -205
13 366.9454 383.0863 0.019607844 -221
14 359.34106 386.96155 0.019607844 -254
15 354.074 444.3828 0.019607844 -271
16 381.92816 599.84015 0.019607844 -304
17 400.89417 709.28156 0.019607844 -337
18 417.89346 840.64655 0.019607844 -353
19 421.23453 899.0194 0.019607844 -370
20 421.16858 935.6928 0.019607844 -387
21 418.6124 966.7294 0.019607844 -403
22 418.6124 966.7294 0.019607844 -436
0 686.3645 1217.366 0.019607844 -19
1 684.9568 1217.366 0.019607844 -19
2 678.92596 1217.8547 0.019607844 -34
3 662.1158 1218.3654 0.01764706 -51
4 630.1375 1217.2394 0.01764706 -67
5 566.2911 1216.3665 0.01764706 -84
6 506.6278 1217.1049 0.01764706 -101
7 456.99298 1219.3706 0.019607844 -117
8 366.49384 1226.2919 0.019607844 -134
9 318.00677 1229.3596 0.019607844 -167
10 290.5518 1231.8337 0.019607844 -183
11 269.74078 1234.6918 0.019607844 -200
12 253.04431 1238.2622 0.019607844 -216
13 226.04828 1261.4244 0.019607844 -233
14 207.60637 1355.5165 0.019607844 -266
15 207.80759 1487.2411 0.01764706 -299
16 214.80112 1693.479 0.01764706 -315
17 214.30508 1768.4772 0.01764706 -348
18 210.60141 1844.8893 0.015686275 -365
19 209.80574 1853.0348 0.01764706 -398
20 209.80574 1853.0348 0.01764706 -413
0 957.1138 835.5648 0.019607844 -9
1 949.9209 837.9634 0.019607844 -9
2 909.68 852.547 0.019607844 -34
3 873.98846 862.60126 0.019607844 -67
4 794.71704 864.67 0.01764706 -84
5 790.26825 864.5497 0.01764706 -100
6 753.3025 861.5513 0.015686275 -101
7 604.4403 831.5669 0.019607844 -152
8 572.65283 827.05414 0.019607844 -152
9 539.20825 826.56946 0.019607844 -166
10 513.61395 828.56244 0.019607844 -183
11 494.6611 832.6306 0.021568628 -200
12 480.58423 837.67773 0.019607844 -216
13 471.676 844.27 0.019607844 -233
14 460.74466 880.7583 0.019607844 -249
15 465.5039 959.9795 0.019607844 -266
16 477.77277 1059.606 0.019607844 -282
17 502.22983 1281.9928 0.019607844 -299
18 507.1311 1383.5961 0.019607844 -332
19 507.53006 1482.9375 0.019607844 -348
20 505.47043 1533.6171 0.019607844 -365
21 505.47043 1533.6171 0.019607844 -381
0 963.1082 639.6668 0.019607844 -9
1 960.05914 638.90424 0.019607844 -9
2 951.03467 638.66736 0.019607844 -25
3 937.8349 638.66736 0.019607844 -42
4 915.6781 639.6668 0.019607844 -58
5 876.2409 639.6668 0.019607844 -75
6 832.87976 638.3051 0.019607844 -91
7 792.1655 636.16406 0.019607844 -108
8 716.3769 629.48553 0.019607844 -124
9 647.81213 625.67413 0.019607844 -157
10 623.5309 627.0497 0.019607844 -190
11 608.5348 628.80133 0.019607844 -207
12 587.36957 635.52094 0.019607844 -223
13 578.3727 640.9212 0.019607844 -256
14 556.3223 697.41705 0.019607844 -273
15 549.4912 868.60944 0.01764706 -306
16 552.0374 946.74066 0.01764706 -339
17 552.48846 1016.47144 0.019607844 -356
18 552.48846 1068.1141 0.019607844 -372
19 549.4912 1129.0536 0.01764706 -389
20 549.4912 1129.4117 0.01764706 -422
21 549.4912 1129.4117 0.01764706 -422
0 730.3238 411.78552 0.019607844 -10
1 723.5567 409.78656 0.019607844 -10
2 713.58984 409.78656 0.019607844 -36
3 692.0081 410.78604 0.019607844 -52
4 668.6162 413.7483 0.019607844 -69
5 624.25775 420.93973 0.019607844 -85
6 607.9371 423.77924 0.019607844 -102
7 362.43747 449.4578 0.019607844 -108
8 350.4404 450.76523 0.019607844 -234
9 343.2145 452.07635 0.019607844 -250
10 333.63092 465.25143 0.019607844 -267
11 329.66202 488.4912 0.019607844 -300
12 326.09393 520.46814 0.019607844 -316
13 332.18716 576.64716 0.019607844 -333
14 336.53586 658.70764 0.019607844 -350
15 337.68732 718.5296 0.019607844 -366
16 335.14468 759.5945 0.019607844 -383
17 331.57486 812.87585 0.019607844 -399
18 329.71774 828.3842 0.019607844 -432
19 330.69382 843.5606 0.01764706 -449
20 330.69382 843.5606 0.01764706 -476
0 1000.07404 787.5898 0.019607844 -85
1 981.20294 792.8409 0.019607844 -85
2 914.8899 803.90454 0.019607844 -98
3 861.092 810.32935 0.019607844 -131
4 817.3627 813.3103 0.019607844 -148
5 777.0909 815.1083 0.019607844 -164
6 738.2137 816.8974 0.019607844 -181
7 704.4623 817.57416 0.019607844 -197
8 667.15393 821.35077 0.019607844 -214
9 636.86816 824.97595 0.019607844 -230
10 613.95026 830.39453 0.019607844 -247
11 574.30054 850.6789 0.019607844 -263
12 546.42194 895.0685 0.019607844 -296
13 526.00287 959.60175 0.019607844 -313
14 515.354 1038.5448 0.019607844 -329
15 509.68173 1136.6416 0.019607844 -346
16 509.52823 1233.4749 0.019607844 -362
17 508.61356 1348.7914 0.019607844 -379
18 505.90778 1450.2252 0.019607844 -396
19 504.53284 1476.2311 0.019607844 -429
20 504.53284 1482.228 0.019607844 -449
0 996.0777 838.56323 0.019607844 -80
1 982.18335 840.9254 0.019607844 -80
2 888.1035 843.5606 0.019607844 -90
3 793.31445 843.5606 0.019607844 -123
4 749.04803 844.6504 0.019607844 -156
5 708.6849 849.23944 0.019607844 -172
6 664.48944 852.075 0.021568628 -189
7 611.94556 858.5134 0.019607844 -205
8 579.681 865.2449 0.019607844 -238
9 553.9188 877.29034 0.019607844 -271
10 518.0567 938.4775 0.019607844 -304
11 492.6574 1073.5096 0.019607844 -337
12 482.64188 1179.6754 0.019607844 -371
13 470.5981 1275.0986 0.019607844 -387
14 469.37628 1301.7804 0.019607844 -420
15 470.6381 1318.9039 0.019607844 -437
16 470.6381 1318.9039 0.01764706 -453
0 967.10455 875.54395 0.019607844 -10
1 967.10455 875.54395 0.019607844 -10
2 966.0338 875.54395 0.019607844 -26
3 959.7734 876.8778 0.019607844 -43
4 917.28 884.821 0.019607844 -60
5 840.9135 893.95746 0.019607844 -93
6 755.09503 896.533 0.019607844 -126
7 695.22003 895.53357 0.019607844 -159
8 654.8937 897.0327 0.019607844 -175
9 606.444 898.44824 0.019607844 -192
10 572.9603 905.1558 0.021568628 -225
11 553.8276 912.45245 0.019607844 -258
12 528.77545 957.6805 0.019607844 -291
13 522.5775 1182.7307 0.019607844 -324
14 526.28937 1272.0883 0.019607844 -357
15 526.5125 1342.0355 0.019607844 -373
16 519.93274 1415.364 0.019607844 -390
17 518.34015 1429.515 0.019607844 -423
18 516.47925 1436.3794 0.019607844 -439
19 516.5217 1439.1559 0.019607844 -456
20 516.5217 1439.2504 0.019607844 -473
21 516.5217 1439.2504 0.019607844 -473
0 996.0777 822.57153 0.019607844 -8
1 993.80255 822.57153 0.019607844 -8
2 988.5846 822.57153 0.019607844 -24
3 976.2636 826.09326 0.019607844 -41
4 953.37463 829.6821 0.019607844 -57
5 905.4924 837.3076 0.019607844 -74
6 855.9863 839.2702 0.019607844 -90
7 803.9517 837.4394 0.019607844 -107
8 754.7466 833.75385 0.019607844 -124
9 709.5206 832.4135 0.019607844 -140
10 667.8019 832.56635 0.019607844 -157
11 623.4261 834.99335 0.019607844 -173
12 592.83105 838.4597 0.019607844 -190
13 572.9115 845.07916 0.019607844 -206
14 555.2731 850.29474 0.019607844 -223
15 539.7761 859.6015 0.019607844 -239
16 526.564 875.68585 0.019607844 -256
17 504.41565 981.8344 0.019607844 -272
18 511.16956 1128.5077 0.019607844 -305
19 516.67267 1234.2273 0.019607844 -322
20 520.06934 1331.1984 0.019607844 -338
21 516.3595 1460.9481 0.019607844 -355
22 511.46735 1522.7385 0.019607844 -388
23 510.52728 1532.2019 0.019607844 -421
24 510.52728 1534.2009 0.019607844 -438
0 813.247 425.77823 0.021568628 -19
1 810.48846 425.77823 0.019607844 -19
2 801.0535 427.97787 0.019607844 -50
3 775.36884 430.89734 0.019607844 -66
4 665.9685 440.06076 0.019607844 -83
5 568.0821 446.13104 0.019607844 -116
6 523.0563 450.7161 0.019607844 -149
7 474.53723 457.49323 0.019607844 -165
8 441.90372 465.89264 0.019607844 -182
9 422.20093 473.2229 0.019607844 -199
10 404.587 482.2146 0.019607844 -215
11 389.44736 496.5824 0.019607844 -232
12 374.02914 515.1616 0.019607844 -248
13 362.5533 549.7291 0.019607844 -265
14 356.63425 599.0077 0.019607844 -281
15 356.48044 691.30237 0.019607844 -298
16 358.6679 762.43225 0.019607844 -314
17 361.54486 835.5975 0.019607844 -331
18 362.6642 896.9271 0.019607844 -347
19 363.66327 952.8111 0.019607844 -364
20 364.66235 1009.083 0.019607844 -380
21 364.66235 1038.0645 0.019607844 -397
22 365.37988 1061.6289 0.019607844 -413
23 365.66144 1064.4456 0.019607844 -430
24 366.6605 1071.4419 0.01764706 -432
0 962.1092 533.722 0.019607844 0
1 962.1092 533.722 0.021568628 -7
2 962.1092 533.722 0.019607844 -32
3 962.1092 533.722 0.019607844 -44
4 949.967 536.5512 0.019607844 -65
5 928.72455 540.73596 0.019607844 -81
6 895.73914 546.9798 0.019607844 -98
7 860.4437 553.2022 0.019607844 -114
8 767.59607 562.015 0.019607844 -131
9 731.0364 566.7457 0.019607844 -164
10 694.6443 568.8465 0.019607844 -181
11 660.10913 573.3613 0.019607844 -197
12 610.63715 580.3306 0.019607844 -214
13 577.8158 594.1946 0.019607844 -247
14 550.6708 627.4023 0.019607844 -280
15 538.1394 667.2468 0.019607844 -313
16 527.23773 742.3384 0.019607844 -329
17 529.5097 877.0448 0.01764706 -346
18 535.30444 953.4383 0.019607844 -379
19 537.8508 1013.6579 0.019607844 -395
20 542.47906 1093.8721 0.019607844 -412
21 545.49493 1126.4133 0.019607844 -428
22 547.49304 1153.3993 0.01764706 -437
0 792.2664 383.8001 0.019607844 -46
1 782.9449 385.06543 0.019607844 -46
2 764.51447 387.95346 0.019607844 -67
3 728.28625 395.37112 0.019607844 -83
4 694.5342 401.9963 0.019607844 -100
5 656.24677 409.4496 0.019607844 -117
6 616.4073 414.51538 0.019607844 -133
7 573.63086 416.76822 0.019607844 -150
8 522.19183 421.2671 0.019607844 -166
9 460.2711 428.9301 0.019607844 -183
10 433.1134 432.70114 0.019607844 -216
11 410.80188 436.90454 0.019607844 -232
12 384.35733 444.13632 0.019607844 -249
13 365.24695 466.6356 0.019607844 -282
14 358.16956 497.73193 0.019607844 -315
15 355.36652 547.8481 0.019607844 -331
16 361.26 622.7692 0.019607844 -348
17 379.45465 776.0437 0.019607844 -364
18 391.70023 876.7972 0.019607844 -381
19 399.72443 965.82025 0.019607844 -397
20 404.78195 1035.5471 0.019607844 -414
21 407.62256 1076.4393 0.019607844 -430
22 408.62164 1098.4279 0.01764706 -442
0 960.111 813.57623 0.019607844 -11
1 960.111 813.57623 0.019607844 -11
2 958.07635 813.57623 0.019607844 -35
3 950.43964 814.51184 0.019607844 -68
4 929.0289 817.97565 0.019607844 -84
5 901.8719 821.4837 0.019607844 -101
6 870.74664 827.1437 0.019607844 -118
7 834.5733 831.5323 0.019607844 -134
8 780.83295 836.04004 0.019607844 -151
9 739.62897 838.09467 0.019607844 -167
10 671.2754 842.514 0.019607844 -184
11 634.98755 845.3144 0.019607844 -217
12 583.1265 853.34344 0.019607844 -233
13 547.34143 866.6329 0.019607844 -266
14 506.27396 939.53394 0.019607844 -299
15 494.0973 1009.22577 0.019607844 -332
16 492.54395 1094.9491 0.019607844 -349
17 497.16617 1189.8219 0.019607844 -365
18 503.7147 1305.8965 0.019607844 -382
19 504.53284 1337.3035 0.019607844 -398
20 505.53192 1366.2883 0.019607844 -407
0 765.2914 377.80322 0.019607844 -90
1 747.6025 381.87534 0.019607844 -90
2 669.9911 385.79904 0.019607844 -99
3 624.01526 386.79852 0.019607844 -132
4 580.58295 385.32626 0.019607844 -149
5 538.7576 383.58463 0.019607844 -165
6 503.80807 383.89468 0.019607844 -182
7 443.27435 394.89938 0.019607844 -198
8 412.5443 408.8292 0.019607844 -231
9 388.82162 446.22263 0.019607844 -264
10 379.72723 477.66748 0.019607844 -297
11 377.27304 523.25916 0.019607844 -314
12 382.7234 610.8679 0.019607844 -330
13 389.95563 692.1231 0.019607844 -347
14 399.0607 829.4742 0.019607844 -363
15 400.62906 920.105 0.019607844 -396
16 402.4505 967.2583 0.019607844 -429
17 402.6272 968.49554 0.019607844 -462
18 403.62628 973.4929 0.019607844 -464
0 685.3654 1137.4076 0.019607844 -59
1 662.36194 1146.5236 0.019607844 -59
2 627.1309 1159.2472 0.019607844 -72
3 568.2119 1174.4507 0.019607844 -88
4 514.78845 1185.4424 0.019607844 -104
5 468.15796 1193.7488 0.019607844 -121
6 423.77243 1200.7881 0.019607844 -137
7 385.4304 1207.955 0.019607844 -154
8 338.6079 1213.9907 0.019607844 -171
9 303.08508 1218.734 0.019607844 -187
10 276.17926 1222.2388 0.019607844 -204
11 240.42459 1231.1431 0.019607844 -220
12 219.49167 1247.1166 0.019607844 -253
13 203.48174 1291.8938 0.019607844 -286
14 212.51976 1405.15 0.01764706 -319
15 218.40466 1515.614 0.01764706 -336
16 227.7891 1699.0858 0.01764706 -352
17 224.0979 1810.6556 0.01764706 -385
18 219.79648 1858.5903 0.01764706 -418
19 219.79648 1858.5903 0.01764706 -451
0 987.08606 619.67725 0.019607844 -8
1 987.08606 619.67725 0.019607844 -8
2 979.9762 620.6767 0.019607844 -25
3 966.51654 620.6767 0.019607844 -42
4 946.8094 624.2774 0.019607844 -58
5 905.7851 629.0244 0.019607844 -75
6 819.39496 637.2007 0.019607844 -91
7 772.7844 639.1671 0.019607844 -124
8 730.51855 642.01154 0.019607844 -140
9 696.0058 647.7209 0.019607844 -158
10 654.2705 653.0478 0.019607844 -174
11 626.9841 658.3729 0.019607844 -191
12 590.3983 666.8871 0.019607844 -207
13 575.3416 676.0234 0.019607844 -240
14 562.9473 685.52704 0.019607844 -257
15 538.7426 722.5743 0.019607844 -273
16 526.8208 778.74316 0.019607844 -307
17 521.6292 827.09094 0.019607844 -323
18 516.62354 869.4865 0.019607844 -340
19 513.4373 913.94073 0.019607844 -356
20 508.22842 953.61035 0.019607844 -373
21 508.2986 995.78864 0.019607844 -389
22 505.53192 1043.821 0.019607844 -406
23 505.53192 1059.2794 0.019607844 -439
24 505.53192 1071.4419 0.019607844 -456
25 506.531 1074.4404 0.019607844 -476
0 960.111 827.569 0.01764706 -18
1 943.85504 827.569 0.019607844 -18
2 919.7737 832.04156 0.019607844 -43
3 888.2402 837.4939 0.019607844 -60
4 854.88513 844.3125 0.019607844 -77
5 816.49835 851.766 0.019607844 -93
6 760.0379 861.97833 0.019607844 -110
7 715.6773 868.0924 0.019607844 -126
8 680.2437 871.71716 0.019607844 -143
9 649.136 876.6486 0.019607844 -160
10 621.907 878.93304 0.019607844 -176
11 575.87823 884.8568 0.019607844 -193
12 558.9824 887.038 0.019607844 -226
13 531.5922 903.4544 0.019607844 -241
14 496.08368 983.8746 0.019607844 -276
15 487.73215 1047.4602 0.019607844 -309
16 487.02136 1124.1954 0.019607844 -325
17 491.5563 1247.6362 0.019607844 -342
18 490.5458 1307.8497 0.019607844 -359
19 490.5458 1360.2755 0.019607844 -375
20 488.65228 1400.2805 0.019607844 -392
21 488.54764 1426.3396 0.019607844 -408
22 488.54764 1442.2432 0.019607844 -425
23 487.54858 1449.2451 0.019607844 -442
24 486.5495 1452.2435 0.01764706 -453
0 960.111 608.683 0.019607844 -9
1 960.111 608.683 0.019607844 -9
2 960.111 608.683 0.019607844 -34
3 957.65186 608.683 0.019607844 -51
4 947.754 608.683 0.019607844 -67
5 913.7034 610.55457 0.019607844 -84
6 874.0645 611.6814 0.019607844 -100
7 828.29376 611.6814 0.019607844 -117
8 787.17566 612.6809 0.019607844 -133
9 747.56433 613.76337 0.019607844 -150
10 693.7536 613.68036 0.019607844 -166
11 655.8917 614.25507 0.019607844 -183
12 627.4328 614.6798 0.019607844 -199
13 605.20825 615.6793 0.019607844 -216
14 565.6901 619.2757 0.019607844 -232
15 554.4004 621.02423 0.019607844 -265
16 547.0097 622.7966 0.019607844 -282
17 533.16034 638.8015 0.019607844 -298
18 524.4898 673.2781 0.01764706 -332
19 522.5162 726.3642 0.019607844 -348
20 522.7033 783.33606 0.019607844 -365
21 517.9641 927.30536 0.019607844 -381
22 516.0565 1001.99695 0.019607844 -414
23 514.24084 1022.298 0.019607844 -447
24 513.52454 1035.6617 0.019607844 -464
25 513.52454 1035.6617 0.01764706 -480
0 644.4033 1168.3915 0.021568628 -9
1 644.4033 1168.3915 0.019607844 -9
2 644.4033 1168.3915 0.019607844 -49
3 613.4348 1169.1051 0.019607844 -65
4 583.5298 1170.8862 0.019607844 -99
5 550.16895 1172.6693 0.019607844 -115
6 512.81793 1176.558 0.019607844 -132
7 467.49512 1180.9229 0.019607844 -148
8 428.58713 1184.5426 0.019607844 -165
9 397.85025 1186.722 0.019607844 -181
10 374.32715 1190.584 0.019607844 -198
11 354.0258 1194.7892 0.019607844 -214
12 336.8168 1199.9988 0.021568628 -231
13 322.8876 1205.1494 0.021568628 -247
14 291.5644 1235.6876 0.019607844 -264
15 280.684 1262.8252 0.019607844 -313
16 271.97012 1306.21 0.019607844 -330
17 264.89813 1385.1991 0.019607844 -346
18 259.42322 1451.2831 0.019607844 -363
19 253.40521 1507.146 0.019607844 -379
20 239.32973 1584.306 0.019607844 -396
21 230.94952 1624.8468 0.019607844 -429
22 229.78723 1636.6486 0.019607844 -462
23 231.78539 1647.1421 0.019607844 -478
24 231.78539 1647.1421 0.019607844 -490
0 752.3034 382.80063 0.019607844 -10
1 747.5836 382.80063 0.019607844 -10
2 715.63104 387.0066 0.019607844 -42
3 688.63983 392.14026 0.019607844 -75
4 602.3244 410.5131 0.019607844 -92
5 523.41473 424.0942 0.019607844 -125
6 485.4764 431.39014 0.019607844 -158
7 438.67914 437.66946 0.019607844 -175
8 408.8835 444.2031 0.019607844 -191
9 385.23438 449.06802 0.019607844 -208
10 362.16846 452.64856 0.019607844 -224
11 324.03748 461.49213 0.019607844 -241
12 298.47937 476.21216 0.019607844 -274
13 283.3102 506.26965 0.019607844 -307
14 268.51727 606.64386 0.019607844 -323
15 269.98767 672.0465 0.019607844 -356
16 278.55835 774.0612 0.019607844 -373
17 283.0956 842.2825 0.019607844 -389
18 288.03955 895.1682 0.019607844 -406
19 289.73172 926.5174 0.019607844 -422
20 291.7299 948.506 0.019607844 -434
0 947.12305 848.55804 0.019607844 0
1 942.7193 848.55804 0.019607844 0
2 933.63556 848.55804 0.019607844 -29
3 901.33356 850.4597 0.019607844 -45
4 825.5441 853.5554 0.019607844 -78
5 783.7743 855.05457 0.019607844 -112
6 743.23926 855.86176 0.019607844 -128
7 703.5033 857.6888 0.019607844 -145
8 659.2822 861.01465 0.019607844 -161
9 619.24036 869.49084 0.019607844 -178
10 588.5885 876.9236 0.019607844 -194
11 565.93677 886.13043 0.019607844 -211
12 542.1908 900.40247 0.019607844 -227
13 495.32266 958.3731 0.019607844 -244
14 475.8717 1013.0729 0.019607844 -277
15 467.07718 1067.4843 0.019607844 -293
16 455.20435 1195.9285 0.019607844 -310
17 451.4643 1244.9989 0.019607844 -343
18 449.5837 1295.4396 0.019607844 -359
19 449.5837 1312.3165 0.01764706 -376
20 449.5837 1312.3165 0.01764706 -381
