0 931.1378 670.6507 0.01764706 -147
1 911.8565 663.07983 0.01764706 -147
2 872.57556 657.2056 0.01764706 -177
3 838.2239 652.16034 0.01764706 -210
4 816.9247 650.4828 0.01764706 -226
5 789.47565 649.73254 0.01764706 -243
6 758.74194 648.6621 0.019607844 -260
7 729.4983 647.3392 0.019607844 -276
8 708.65234 645.6061 0.019607844 -293
9 686.5889 643.09503 0.019607844 -309
10 666.6722 640.6195 0.019607844 -326
11 653.43256 638.38715 0.019607844 -342
12 635.5843 636.6684 0.019607844 -359
13 623.03076 639.9282 0.019607844 -392
14 613.432 665.65326 0.019607844 -425
15 609.4357 723.6231 0.019607844 -442
16 586.457 1101.4263 0.019607844 -520
17 580.93256 1141.9063 0.019607844 -520
18 580.93256 1141.9063 0.019607844 -541
0 591.4524 1199.3752 0.021568628 -7
1 583.59534 1202.8921 0.021568628 -7
2 576.774 1206.2178 0.021568628 -39
3 566.2015 1210.879 0.021568628 -55
4 547.4621 1217.8315 0.019607844 -72
5 520.4063 1220.6282 0.019607844 -89
6 474.9742 1217.8701 0.019607844 -105
7 426.26047 1209.2269 0.019607844 -122
8 385.87408 1201.7797 0.019607844 -138
9 352.75467 1196.2391 0.019607844 -155
10 319.96252 1191.7627 0.019607844 -171
11 286.9812 1191.3795 0.019607844 -188
12 264.21994 1192.4885 0.021568628 -204
13 247.72618 1193.1613 0.021568628 -221
14 224.01 1205.8937 0.019607844 -237
15 212.57082 1219.2683 0.019607844 -270
16 198.91292 1274.404 0.019607844 -287
17 192.00499 1351.7266 0.019607844 -303
18 190.82332 1436.2958 0.019607844 -320
19 189.82423 1533.0015 0.019607844 -336
20 187.82608 1643.7395 0.019607844 -353
21 187.82608 1692.9065 0.01764706 -369
22 187.82608 1722.5868 0.01764706 -386
23 186.82701 1728.0999 0.01764706 -402
24 186.82701 1728.0999 0.01764706 -417
0 766.29047 444.76834 0.021568628 0
1 765.22864 444.76834 0.021568628 -10
2 758.70776 444.76834 0.019607844 -33
3 740.3089 447.94952 0.021568628 -50
4 710.61597 451.6374 0.021568628 -66
5 653.85077 456.50598 0.019607844 -83
6 556.48584 455.52277 0.021568628 -99
7 460.67728 444.77777 0.021568628 -132
8 397.65707 440.77042 0.021568628 -165
9 379.98102 440.77042 0.021568628 -198
10 369.11554 440.77042 0.021568628 -215
11 363.94534 440.77042 0.021568628 -231
12 353.60126 452.26425 0.019607844 -248
13 368.61514 595.42847 0.019607844 -281
14 387.78903 758.57495 0.019607844 -314
15 398.6309 923.70294 0.019607844 -331
16 398.6309 939.5106 0.019607844 -364
17 398.6309 961.4992 0.019607844 -368
0 811.24884 346.81937 0.021568628 0
1 800.82007 348.22504 0.021568628 0
2 778.9912 351.1983 0.019607844 -37
3 745.3158 356.66333 0.019607844 -53
4 688.94446 364.53867 0.019607844 -70
5 641.0875 370.02 0.019607844 -86
6 560.8267 372.60837 0.019607844 -103
7 481.46674 374.80478 0.019607844 -136
8 455.2394 374.80478 0.019607844 -169
9 436.78378 374.80478 0.019607844 -185
10 425.71915 374.80478 0.019607844 -202
11 418.45245 374.80478 0.021568628 -218
12 413.343 374.80478 0.021568628 -235
13 410.49982 376.9838 0.019607844 -251
14 405.12488 417.7824 0.019607844 -268
15 412.34283 498.4176 0.019607844 -300
16 429.19403 593.4163 0.019607844 -317
17 440.74185 701.0845 0.019607844 -334
18 445.41827 828.45715 0.019607844 -350
19 444.97012 877.51855 0.019607844 -367
20 443.38837 925.1268 0.019607844 -384
21 443.58926 931.9673 0.019607844 -417
22 443.58926 931.9673 0.019607844 -433
0 957.1138 835.5648 0.01764706 0
1 951.6036 835.5648 0.021568628 0
2 949.8254 835.5648 0.019607844 -34
3 898.8373 842.3824 0.019607844 -50
4 796.7622 846.5591 0.019607844 -83
5 747.8508 848.55804 0.021568628 -116
6 704.1174 848.55804 0.021568628 -133
7 662.6483 851.0936 0.021568628 -150
8 634.99475 852.707 0.021568628 -166
9 617.06696 852.55597 0.021568628 -183
10 605.1346 852.55597 0.021568628 -199
11 599.1469 852.55597 0.021568628 -216
12 591.5392 852.55597 0.021568628 -232
13 583.5266 861.4398 0.019607844 -265
14 570.28784 910.7056 0.019607844 -298
15 561.3658 985.8595 0.019607844 -315
16 554.36084 1165.6844 0.019607844 -331
17 547.8847 1255.368 0.019607844 -364
18 542.37756 1305.4547 0.019607844 -381
19 538.9658 1331.1936 0.019607844 -397
20 538.5014 1343.3003 0.019607844 -414
21 538.5014 1347.2982 0.019607844 -427
0 779.27844 375.80426 0.019607844 0
1 771.49036 375.80426 0.019607844 0
2 757.68005 375.80426 0.019607844 -31
3 732.0795 377.80322 0.019607844 -47
4 678.1696 381.49796 0.019607844 -64
5 628.01416 384.65515 0.019607844 -80
6 534.74426 383.61954 0.019607844 -97
7 474.06107 385.2993 0.019607844 -130
8 445.94788 388.99023 0.021568628 -146
9 425.99573 391.36157 0.021568628 -163
10 404.76794 393.24573 0.019607844 -179
11 396.17023 392.7954 0.019607844 -196
12 391.05533 392.7954 0.019607844 -212
13 387.7462 392.7954 0.019607844 -229
14 383.7915 394.50082 0.019607844 -246
15 387.55264 463.62088 0.019607844 -279
16 395.09296 540.5558 0.019607844 -312
17 403.30493 636.7232 0.019607844 -328
18 405.8882 852.31433 0.019607844 -345
19 398.71597 930.3767 0.019607844 -378
20 396.63275 943.50854 0.019607844 -411
21 396.63275 948.506 0.019607844 -424
0 788.27014 361.81155 0.019607844 0
1 768.8099 360.43546 0.019607844 0
2 711.79456 364.0933 0.019607844 -34
3 614.13855 370.4475 0.019607844 -67
4 564.7787 369.3898 0.019607844 -100
5 515.32544 365.53882 0.019607844 -117
6 473.8929 360.17114 0.019607844 -133
7 435.64407 357.2285 0.021568628 -150
8 413.04892 356.81415 0.019607844 -166
9 381.94598 355.81467 0.019607844 -183
10 374.8353 355.81467 0.019607844 -216
11 370.7674 355.81467 0.019607844 -232
12 366.6605 383.22525 0.019607844 -249
13 376.95325 506.93246 0.019607844 -282
14 391.30957 662.91406 0.019607844 -315
15 395.4157 755.1351 0.019607844 -332
16 393.44415 828.01685 0.019607844 -348
17 389.81796 882.0361 0.019607844 -365
18 388.4458 917.02356 0.019607844 -381
19 385.55502 938.3909 0.019607844 -398
20 384.64386 944.50806 0.019607844 -414
21 384.64386 948.506 0.019607844 -422
0 980.0925 801.5825 0.019607844 -28
1 973.7377 803.5417 0.019607844 -28
2 958.2108 806.9601 0.019607844 -42
3 932.71216 813.6671 0.019607844 -59
4 885.7365 822.977 0.019607844 -75
5 836.989 827.1705 0.019607844 -92
6 785.5095 828.14856 0.019607844 -108
7 734.73987 826.37714 0.019607844 -125
8 684.7492 824.59784 0.019607844 -141
9 624.4788 825.26025 0.019607844 -158
10 585.6903 825.57 0.019607844 -174
11 558.861 827.677 0.021568628 -191
12 540.3608 829.3819 0.019607844 -207
13 527.2681 831.5669 0.021568628 -224
14 519.3901 831.5669 0.019607844 -240
15 513.52454 831.5669 0.019607844 -257
16 510.52728 831.5669 0.019607844 -273
17 216.79926 1399.2711 0.019607844 -343
18 225.79095 1481.7283 0.01764706 -343
19 221.79463 1672.3098 0.01764706 -356
20 209.22205 1789.1278 0.01764706 -389
21 204.22414 1810.2306 0.01764706 -422
22 203.81128 1811.0566 0.01764706 -455
23 203.81128 1811.0566 0.01764706 -467
0 963.1082 806.5799 0.019607844 -6
1 960.5536 806.5799 0.019607844 -6
2 948.8181 808.75726 0.019607844 -23
3 929.2892 812.2187 0.019607844 -40
4 904.93555 817.92444 0.019607844 -56
5 865.9387 826.7678 0.019607844 -73
6 823.1857 832.87506 0.019607844 -89
7 779.05005 835.5648 0.019607844 -106
8 692.9305 833.63135 0.019607844 -122
9 636.1693 832.83655 0.019607844 -155
10 600.8309 832.56635 0.019607844 -172
11 574.6554 832.56635 0.019607844 -188
12 553.9579 832.56635 0.019607844 -205
13 526.79736 834.85095 0.019607844 -221
14 519.19305 836.6458 0.019607844 -254
15 504.3321 882.1548 0.019607844 -271
16 513.2938 1040.2516 0.019607844 -304
17 521.66437 1152.0509 0.019607844 -337
18 529.15027 1277.9585 0.019607844 -353
19 529.5097 1334.9187 0.019607844 -370
20 528.0696 1370.9076 0.019607844 -387
21 525.5134 1403.5018 0.019607844 -403
22 525.5134 1403.5018 0.019607844 -436
0 823.23773 435.773 0.021568628 -19
1 821.8301 435.773 0.021568628 -19
2 817.2869 435.773 0.019607844 -34
3 802.2834 437.0697 0.019607844 -51
4 770.008 440.02402 0.019607844 -67
5 706.22406 445.58023 0.019607844 -84
6 642.54675 445.0294 0.019607844 -101
7 587.36365 444.26572 0.019607844 -117
8 493.30698 441.8046 0.019607844 -134
9 443.14334 442.76938 0.019607844 -167
10 415.43616 443.24445 0.019607844 -183
11 395.79153 444.9357 0.019607844 -200
12 380.895 448.70438 0.019607844 -216
13 355.8637 472.77078 0.019607844 -233
14 347.87927 569.3287 0.019607844 -266
15 366.4083 699.6513 0.019607844 -299
16 395.1126 908.64856 0.019607844 -315
17 400.62204 988.8482 0.019607844 -348
18 401.6281 1075.4937 0.019607844 -365
19 401.6281 1091.4315 0.019607844 -398
20 401.6281 1094.4299 0.019607844 -413
0 791.26733 404.78915 0.019607844 -9
1 781.7765 404.48923 0.019607844 -9
2 738.5081 414.44485 0.019607844 -34
3 705.16504 421.82074 0.019607844 -67
4 633.866 427.53662 0.019607844 -84
5 629.41724 427.7772 0.019607844 -100
6 594.4496 423.77927 0.01764706 -101
7 428.60315 393.7949 0.019607844 -152
8 393.7882 389.25195 0.019607844 -152
9 359.3748 385.2113 0.019607844 -166
10 334.77356 384.79956 0.019607844 -183
11 317.5132 388.54996 0.019607844 -200
12 305.11804 395.2795 0.019607844 -216
13 296.83792 403.67697 0.019607844 -233
14 296.67636 447.9348 0.019607844 -249
15 312.7578 531.02545 0.019607844 -266
16 336.5111 624.57306 0.019607844 -282
17 381.3756 843.2213 0.019607844 -299
18 393.13763 939.32574 0.019607844 -332
19 397.8803 1048.0347 0.019607844 -348
20 397.63184 1096.9061 0.019607844 -365
21 397.63184 1096.9061 0.019607844 -381
0 625.4209 1231.3586 0.019607844 -9
1 623.89636 1231.3586 0.019607844 -9
2 618.371 1231.3586 0.019607844 -25
3 608.71387 1231.3586 0.019607844 -42
4 589.29614 1232.3582 0.019607844 -58
5 555.2224 1230.5696 0.019607844 -75
6 514.537 1226.3176 0.019607844 -91
7 474.96384 1220.8503 0.019607844 -108
8 406.94333 1214.2742 0.019607844 -124
9 344.23828 1215.9392 0.019607844 -157
10 323.56122 1217.7421 0.019607844 -190
11 306.68542 1220.622 0.019607844 -207
12 283.6508 1231.8276 0.019607844 -223
13 273.23685 1241.8634 0.019607844 -256
14 254.63419 1315.3228 0.019607844 -273
15 244.72374 1480.2412 0.01764706 -306
16 239.13289 1554.5841 0.01764706 -339
17 232.34035 1617.0752 0.019607844 -356
18 227.27063 1658.9415 0.01764706 -372
19 218.86902 1713.7848 0.01764706 -389
20 218.79741 1714.1072 0.01764706 -422
21 218.79741 1714.1072 0.01764706 -422
0 922.1462 839.5627 0.019607844 -10
1 917.37726 839.5627 0.019607844 -10
2 905.9535 839.5627 0.019607844 -36
3 885.16516 843.8963 0.019607844 -52
4 860.4567 849.50323 0.019607844 -69
5 816.08014 855.9234 0.019607844 -85
6 799.75946 858.05304 0.019607844 -102
7 553.64417 888.22925 0.019607844 -108
8 543.26184 889.98346 0.019607844 -234
9 535.8802 890.69196 0.019607844 -250
10 522.76904 897.2795 0.019607844 -267
11 513.42633 913.75336 0.019607844 -300
12 504.02298 943.9455 0.019607844 -316
13 498.0441 997.0983 0.019607844 -333
14 495.59198 1081.4874 0.019607844 -350
15 492.05127 1139.3104 0.019607844 -366
16 489.4568 1181.2848 0.019607844 -383
17 482.31717 1232.7753 0.019607844 -399
18 480.57806 1248.1655 0.019607844 -432
19 480.55505 1266.3405 0.019607844 -449
20 480.55505 1266.3405 0.019607844 -476
0 707.34503 1129.4117 0.019607844 -85
1 684.787 1131.9739 0.019607844 -85
2 616.16644 1137.5153 0.019607844 -98
3 562.21954 1141.3062 0.019607844 -131
4 517.6402 1143.4044 0.019607844 -148
5 477.8351 1144.9365 0.019607844 -164
6 441.1345 1145.4034 0.019607844 -181
7 405.73892 1145.4034 0.01764706 -197
8 368.50424 1148.1805 0.01764706 -214
9 339.14386 1153.5076 0.019607844 -230
10 316.22595 1160.6793 0.019607844 -247
11 281.58682 1187.5492 0.019607844 -263
12 256.7142 1250.1268 0.019607844 -296
13 243.4889 1325.921 0.01764706 -313
14 236.47974 1402.6201 0.01764706 -329
15 226.66173 1499.8883 0.01764706 -346
16 221.08943 1605.3401 0.019607844 -362
17 217.13692 1691.6268 0.01764706 -379
18 210.1816 1783.804 0.01764706 -396
19 206.80852 1804.0603 0.01764706 -429
20 206.80852 1804.0603 0.01764706 -449
0 709.3432 1168.3915 0.019607844 -80
1 692.2701 1169.3909 0.019607844 -80
2 594.3755 1164.7074 0.01764706 -90
3 502.58362 1169.0305 0.019607844 -123
4 458.3173 1172.57 0.019607844 -156
5 419.9522 1177.9092 0.019607844 -172
6 376.75586 1183.9398 0.019607844 -189
7 324.17264 1191.3008 0.019607844 -205
8 292.29492 1198.0715 0.019607844 -238
9 265.54373 1219.2175 0.019607844 -271
10 231.66824 1288.9877 0.019607844 -304
11 208.92012 1422.4868 0.019607844 -337
12 196.90645 1522.7146 0.019607844 -371
13 182.86456 1612.2789 0.019607844 -387
14 180.64363 1635.4176 0.019607844 -420
15 179.7597 1652.804 0.01764706 -437
16 179.7597 1652.804 0.01764706 -453
0 786.272 441.7699 0.019607844 -10
1 786.272 441.7699 0.019607844 -10
2 783.20306 441.7699 0.021568628 -26
3 776.9426 441.7699 0.019607844 -43
4 734.44934 446.22897 0.019607844 -60
5 656.2384 454.60938 0.019607844 -93
6 571.29834 460.72693 0.019607844 -126
7 509.17514 460.76 0.019607844 -159
8 464.5699 460.76 0.019607844 -175
9 412.70712 460.76 0.019607844 -192
10 379.13983 465.0714 0.019607844 -225
11 363.7355 477.33875 0.019607844 -258
12 354.33005 538.9242 0.019607844 -291
13 372.99237 754.73865 0.019607844 -324
14 383.97437 848.86194 0.019607844 -357
15 390.34903 920.2553 0.019607844 -373
16 389.05386 996.87494 0.019607844 -390
17 386.46222 1010.7331 0.019607844 -423
18 384.60138 1017.5975 0.019607844 -439
19 384.64386 1021.27905 0.019607844 -456
20 384.64386 1021.46796 0.019607844 -473
21 383.64478 1021.46796 0.01764706 -473
0 1017.0583 566.70483 0.019607844 -8
1 1012.2673 567.4635 0.019607844 -8
2 1005.06934 569.20355 0.019607844 -24
3 994.5085 573.225 0.019607844 -41
4 977.4095 576.81384 0.019607844 -57
5 934.3375 585.3108 0.019607844 -74
6 885.6662 588.69336 0.019607844 -90
7 830.4894 589.1309 0.019607844 -107
8 778.9123 588.69336 0.019607844 -124
9 734.49756 585.5421 0.019607844 -140
10 693.77783 584.7137 0.019607844 -157
11 647.97516 587.6939 0.019607844 -173
12 616.80884 589.14136 0.019607844 -190
13 599.01715 592.9508 0.019607844 -206
14 582.2481 598.4259 0.019607844 -223
15 566.42633 608.7322 0.019607844 -239
16 553.97736 624.939 0.019607844 -256
17 540.5581 737.9614 0.01764706 -272
18 551.8938 880.35126 0.019607844 -305
19 565.6464 992.08954 0.019607844 -322
20 572.1229 1082.6752 0.019607844 -338
21 574.4681 1217.5621 0.019607844 -355
22 570.4128 1280.9236 0.019607844 -388
23 568.47363 1291.3274 0.019607844 -421
24 568.47363 1294.3258 0.019607844 -438
0 1002.07214 855.5544 0.019607844 -19
1 999.31366 855.5544 0.019607844 -19
2 988.8796 857.754 0.019607844 -50
3 964.194 860.67346 0.019607844 -66
4 858.14557 867.1933 0.019607844 -83
5 764.1428 874.7866 0.019607844 -116
6 719.8741 881.44257 0.019607844 -149
7 674.0354 890.9503 0.019607844 -165
8 643.1444 898.24036 0.019607844 -182
9 620.8996 904.998 0.019607844 -199
10 603.4029 911.20483 0.019607844 -215
11 584.9683 923.06226 0.019607844 -232
12 568.8487 938.13586 0.019607844 -248
13 550.90283 967.3529 0.019607844 -265
14 534.41046 1015.8143 0.019607844 -281
15 523.27344 1109.0847 0.019607844 -298
16 519.265 1182.095 0.019607844 -314
17 517.0814 1256.3783 0.019607844 -331
18 515.3348 1320.2708 0.019607844 -347
19 513.43915 1375.6763 0.019607844 -364
20 511.58682 1431.8022 0.019607844 -380
21 509.71228 1462.4749 0.019607844 -397
22 509.52823 1484.6904 0.019607844 -413
23 509.52823 1487.2253 0.019607844 -430
24 510.52728 1496.2207 0.01764706 -432
0 679.371 1125.4138 0.019607844 0
1 679.371 1125.4138 0.021568628 -7
2 679.371 1125.4138 0.019607844 -32
3 673.8804 1126.5785 0.019607844 -44
4 657.4917 1130.1575 0.019607844 -65
5 633.32556 1134.754 0.019607844 -81
6 601.43317 1138.6716 0.019607844 -98
7 566.7157 1143.8945 0.019607844 -114
8 477.2111 1155.3599 0.019607844 -131
9 440.3055 1159.0902 0.019607844 -164
10 406.0543 1162.6799 0.019607844 -181
11 372.14905 1166.1659 0.019607844 -197
12 321.5883 1174.3376 0.019607844 -214
13 289.86868 1189.6708 0.021568628 -247
14 259.71268 1231.9972 0.019607844 -280
15 246.26468 1268.9333 0.019607844 -313
16 236.50688 1335.9003 0.019607844 -329
17 226.88359 1471.4543 0.019607844 -346
18 223.25987 1532.8031 0.019607844 -379
19 222.79372 1589.7765 0.019607844 -395
20 224.77327 1672.4591 0.01764706 -412
21 224.79185 1703.1129 0.01764706 -428
22 224.79185 1703.1129 0.01764706 -437
0 709.3432 1136.4081 0.019607844 -46
1 695.49384 1139.9382 0.019607844 -46
2 677.5173 1145.6366 0.019607844 -67
3 639.2277 1154.8346 0.019607844 -83
4 602.3373 1161.3185 0.019607844 -100
5 563.3327 1166.6394 0.019607844 -117
6 524.4924 1171.9381 0.019607844 -133
7 482.7224 1176.3652 0.019607844 -150
8 431.0195 1183.3566 0.019607844 -166
9 367.20374 1191.6864 0.019607844 -183
10 344.12228 1195.3038 0.019607844 -216
11 322.8833 1200.5068 0.019607844 -232
12 295.62332 1206.7391 0.019607844 -249
13 275.6469 1226.191 0.019607844 -282
14 263.25906 1254.3379 0.019607844 -315
15 254.54652 1305.7578 0.019607844 -331
16 253.76503 1383.562 0.01764706 -348
17 255.74934 1533.6631 0.019607844 -364
18 254.92015 1631.029 0.01764706 -381
19 253.0675 1719.0316 0.01764706 -397
20 250.18997 1783.5305 0.019607844 -414
21 248.76965 1818.0531 0.01764706 -430
22 248.76965 1818.0531 0.01764706 -442
0 994.0796 554.71106 0.01764706 -11
1 991.4019 554.71106 0.019607844 -11
2 988.06683 554.71106 0.019607844 -35
3 979.47675 558.5812 0.019607844 -68
4 959.70135 563.80884 0.019607844 -84
5 935.7522 571.98114 0.019607844 -101
6 902.9084 575.2749 0.019607844 -118
7 866.57825 578.68134 0.019607844 -134
8 812.5902 584.43335 0.019607844 -151
9 772.66077 586.7568 0.019607844 -167
10 705.1968 590.59796 0.019607844 -184
11 666.08136 593.4456 0.019607844 -217
12 617.4887 600.4751 0.019607844 -233
13 583.325 614.76404 0.019607844 -266
14 545.1152 693.53925 0.019607844 -299
15 535.0228 763.3173 0.019607844 -332
16 537.1361 848.7607 0.01764706 -349
17 545.53906 944.94934 0.019607844 -365
18 557.8005 1057.8446 0.019607844 -382
19 561.4801 1092.431 0.019607844 -398
20 563.4783 1122.4154 0.019607844 -407
0 937.13226 814.57574 0.019607844 -90
1 915.41003 818.6479 0.01764706 -90
2 836.8366 822.57153 0.01764706 -99
3 792.4903 821.3101 0.01764706 -132
4 752.36993 819.10034 0.019607844 -149
5 713.59576 818.57367 0.019607844 -165
6 679.6453 819.66766 0.019607844 -182
7 619.1116 829.1469 0.019607844 -198
8 586.3728 840.59375 0.019607844 -231
9 557.538 872.437 0.019607844 -264
10 544.80585 903.4457 0.019607844 -297
11 535.56 948.60406 0.019607844 -314
12 533.50604 1041.7603 0.019607844 -330
13 533.50604 1120.8998 0.019607844 -347
14 531.07806 1258.6808 0.019607844 -363
15 526.43335 1346.7244 0.019607844 -396
16 527.3349 1395.2122 0.019607844 -429
17 527.5116 1396.2727 0.019607844 -462
18 528.5106 1400.2706 0.01764706 -464
0 801.2581 382.80063 0.019607844 -59
1 779.2537 389.02646 0.019607844 -59
2 744.0227 399.3785 0.019607844 -72
3 685.1037 413.84058 0.019607844 -88
4 632.0559 423.83905 0.019607844 -104
5 584.8646 431.146 0.019607844 -121
6 539.6651 438.1854 0.019607844 -137
7 496.7432 443.06128 0.019607844 -154
8 453.3132 450.20007 0.019607844 -171
9 415.98056 455.13168 0.019607844 -187
10 389.0747 460.07336 0.019607844 -204
11 354.31912 471.46677 0.019607844 -220
12 333.38623 486.51273 0.019607844 -253
13 321.61972 539.45074 0.019607844 -286
14 336.23514 638.88934 0.019607844 -319
15 353.70697 737.00226 0.019607844 -336
16 386.38165 944.2184 0.019607844 -352
17 399.62997 1082.077 0.019607844 -385
18 399.62997 1136.7715 0.019607844 -418
19 399.62997 1136.7715 0.01764706 -451
0 969.10266 860.55176 0.019607844 -8
1 969.10266 860.55176 0.019607844 -8
2 962.6783 860.55176 0.019607844 -25
3 949.5323 863.4474 0.019607844 -42
4 927.526 867.1509 0.019607844 -58
5 886.8027 871.80994 0.019607844 -75
6 801.41156 880.60645 0.019607844 -91
7 754.8011 883.0401 0.019607844 -124
8 714.3606 888.05634 0.019607844 -140
9 676.98456 892.5933 0.019607844 -158
10 634.69666 899.7153 0.019607844 -174
11 607.4302 905.2444 0.019607844 -191
12 570.4168 913.7585 0.019607844 -207
13 552.61255 922.0201 0.019607844 -240
14 540.61536 930.75195 0.019607844 -257
15 515.6556 965.0146 0.019607844 -273
16 499.50027 1019.6177 0.019607844 -307
17 491.99326 1066.5273 0.019607844 -323
18 484.6532 1112.5336 0.019607844 -340
19 478.46967 1155.3586 0.019607844 -356
20 473.2608 1199.7831 0.019607844 -373
21 469.10413 1237.6627 0.019607844 -389
22 464.83313 1281.9606 0.019607844 -406
23 464.56985 1296.4657 0.019607844 -439
24 465.5689 1307.3191 0.019607844 -456
25 466.568 1311.317 0.019607844 -476
0 779.27844 397.79282 0.019607844 -18
1 762.02344 398.71133 0.019607844 -18
2 737.76715 400.4414 0.019607844 -43
3 705.4095 403.07678 0.019607844 -60
4 673.49115 409.53897 0.019607844 -77
5 633.76044 416.6902 0.019607844 -93
6 579.2053 425.08377 0.019607844 -110
7 536.6912 430.32043 0.019607844 -126
8 500.82422 433.9452 0.019607844 -143
9 469.30243 437.5089 0.019607844 -160
10 438.0772 440.16153 0.019607844 -176
11 392.7067 447.74335 0.019607844 -193
12 377.65033 453.26392 0.019607844 -226
13 350.75964 475.64905 0.019607844 -241
14 329.35632 565.31305 0.019607844 -276
15 331.5093 627.67883 0.019607844 -309
16 336.5775 699.47205 0.019607844 -325
17 348.03778 823.1946 0.019607844 -342
18 354.25418 883.2165 0.019607844 -359
19 356.74255 936.5327 0.019607844 -375
20 357.66882 974.50226 0.019607844 -392
21 356.91263 1002.56036 0.019607844 -408
22 356.66974 1020.1287 0.019607844 -425
23 356.66974 1027.4648 0.019607844 -442
24 356.66974 1029.4637 0.01764706 -453
0 948.12213 847.55853 0.019607844 -9
1 948.12213 847.55853 0.019607844 -9
2 948.12213 847.55853 0.019607844 -34
3 941.2057 848.78864 0.019607844 -51
4 927.72 850.6096 0.019607844 -67
5 889.7256 855.29956 0.019607844 -84
6 848.7129 857.241 0.019607844 -100
7 806.8067 859.0502 0.019607844 -117
8 764.68414 858.5528 0.019607844 -133
9 720.2575 858.4698 0.019607844 -150
10 667.1605 859.36127 0.019607844 -166
11 633.0629 861.1265 0.019607844 -183
12 604.122 861.5513 0.019607844 -199
13 581.3423 862.6626 0.019607844 -216
14 547.7068 866.14716 0.019607844 -232
15 536.41705 867.8957 0.019607844 -265
16 529.02637 869.668 0.019607844 -282
17 512.6217 885.6729 0.019607844 -298
18 500.00638 916.6452 0.019607844 -332
19 490.86697 965.23267 0.019607844 -348
20 487.17426 1029.0208 0.019607844 -365
21 482.99646 1174.1768 0.019607844 -381
22 475.62836 1245.8699 0.019607844 -414
23 473.27875 1266.1709 0.019607844 -447
24 472.56244 1278.3638 0.019607844 -464
25 472.56244 1278.3638 0.01764706 -480
0 935.13416 575.70013 0.021568628 -9
1 935.13416 575.70013 0.021568628 -9
2 935.13416 575.70013 0.019607844 -49
3 906.8772 583.83813 0.019607844 -65
4 877.7612 590.67676 0.019607844 -99
5 843.897 595.2501 0.019607844 -115
6 805.3763 599.8583 0.019607844 -132
7 759.225 602.53217 0.019607844 -148
8 719.7378 604.2651 0.019607844 -165
9 689.91986 607.36383 0.019607844 -181
10 666.95416 608.683 0.019607844 -198
11 644.1494 611.2893 0.019607844 -214
12 625.54944 614.7623 0.019607844 -231
13 611.8791 618.1961 0.019607844 -247
14 584.7653 642.9964 0.019607844 -264
15 572.0715 667.44995 0.019607844 -313
16 563.7 713.67426 0.019607844 -330
17 561.5159 790.61633 0.01764706 -346
18 560.70197 864.80963 0.019607844 -363
19 558.89246 926.3986 0.019607844 -379
20 555.3736 1009.7174 0.019607844 -396
21 550.6535 1056.9792 0.019607844 -429
22 550.4903 1070.3439 0.019607844 -462
23 550.4903 1077.4388 0.01764706 -478
24 550.4903 1081.4368 0.01764706 -490
0 955.11566 804.58093 0.01764706 -10
1 950.3958 805.2616 0.019607844 -10
2 915.446 812.2015 0.019607844 -42
3 885.34283 820.14703 0.019607844 -75
4 800.29236 841.01575 0.019607844 -92
5 721.12665 858.07825 0.019607844 -125
6 685.1952 864.1647 0.019607844 -158
7 641.1242 873.0752 0.019607844 -175
8 608.9811 878.61816 0.019607844 -191
9 584.05023 882.7415 0.019607844 -208
10 562.86694 886.307 0.019607844 -224
11 522.8534 895.63226 0.019607844 -241
12 498.29434 906.0962 0.019607844 -274
13 480.0927 925.69434 0.019607844 -307
14 449.1794 1023.42676 0.019607844 -323
15 444.35092 1092.9462 0.019607844 -356
16 442.5902 1197.6936 0.019607844 -373
17 442.3763 1265.8478 0.019607844 -389
18 442.5902 1319.6409 0.019607844 -406
19 442.5902 1351.2961 0.019607844 -422
20 442.5902 1371.2858 0.019607844 -434
0 665.3839 1175.3878 0.019607844 0
1 660.98016 1175.3878 0.019607844 0
2 651.8964 1175.3878 0.019607844 -29
3 620.4963 1178.3862 0.019607844 -45
4 549.148 1176.7351 0.019607844 -78
5 510.0278 1176.3873 0.019607844 -112
6 466.49545 1176.3873 0.019607844 -128
7 425.62503 1179.6566 0.019607844 -145
8 380.54025 1187.576 0.019607844 -161
9 343.49567 1197.9086 0.021568628 -178
10 314.18762 1207.0968 0.019607844 -194
11 290.1921 1217.0765 0.021568628 -211
12 265.44705 1234.8898 0.021568628 -227
13 220.57706 1298.1962 0.019607844 -244
14 199.8585 1350.3597 0.021568628 -277
15 187.14021 1401.1144 0.019607844 -293
16 171.77968 1516.3873 0.019607844 -310
17 168.28534 1561.4811 0.019607844 -343
18 164.97296 1612.1489 0.01764706 -359
19 163.8483 1630.1509 0.019607844 -376
20 163.8483 1630.1509 0.019607844 -381
